0.000	17.608
1.000	17.604
2.000	17.601
3.000	17.598
4.000	17.595
5.000	17.591
6.000	17.588
7.000	17.585
8.000	17.581
9.000	17.578
10.000	17.575
11.000	17.571
12.000	17.568
13.000	17.565
14.000	17.561
15.000	17.558
16.000	17.553
17.000	17.549
18.000	17.546
19.000	17.543
20.000	17.539
21.000	17.536
22.000	17.533
23.000	17.529
24.000	17.526
25.000	17.522
26.000	17.519
27.000	17.515
28.000	17.512
29.000	17.508
30.000	17.505
31.000	17.501
32.000	17.498
33.000	17.494
34.000	17.490
35.000	17.486
36.000	17.483
37.000	17.479
38.000	17.474
39.000	17.470
40.000	17.467
41.000	17.462
42.000	17.457
43.000	17.453
44.000	17.448
45.000	17.444
46.000	17.439
47.000	17.435
48.000	17.430
49.000	17.426
50.000	17.421
51.000	17.418
52.000	17.413
53.000	17.409
54.000	17.404
55.000	17.400
56.000	17.395
57.000	17.391
58.000	17.386
59.000	17.381
60.000	17.377
61.000	17.373
62.000	17.369
63.000	17.365
64.000	17.359
65.000	17.354
66.000	17.349
67.000	17.344
68.000	17.339
69.000	17.334
70.000	17.328
71.000	17.323
72.000	17.318
73.000	17.315
74.000	17.310
75.000	17.304
76.000	17.299
77.000	17.293
78.000	17.288
79.000	17.282
80.000	17.277
81.000	17.272
82.000	17.267
83.000	17.261
84.000	17.258
85.000	17.252
86.000	17.246
87.000	17.241
88.000	17.235
89.000	17.229
90.000	17.222
91.000	17.215
92.000	17.208
93.000	17.201
94.000	17.194
95.000	17.187
96.000	17.184
97.000	17.177
98.000	17.170
99.000	17.163
100.000	17.155
101.000	17.148
102.000	17.141
103.000	17.134
104.000	17.125
105.000	17.116
106.000	17.108
107.000	17.104
108.000	17.095
109.000	17.087
110.000	17.077
111.000	17.067
112.000	17.057
113.000	17.047
114.000	17.037
115.000	17.026
116.000	17.015
117.000	17.003
118.000	16.997
119.000	16.984
120.000	16.972
121.000	16.959
122.000	16.947
123.000	16.934
124.000	16.921
125.000	16.908
126.000	16.894
127.000	16.880
128.000	16.866
129.000	16.863
130.000	16.848
131.000	16.833
132.000	16.817
133.000	16.801
134.000	16.785
135.000	16.768
136.000	16.751
137.000	16.733
138.000	16.716
139.000	16.697
140.000	16.656
141.000	16.637
142.000	16.620
143.000	16.602
144.000	16.583
145.000	16.563
146.000	16.544
147.000	16.524
148.000	16.504
149.000	16.484
150.000	16.464
151.000	16.432
152.000	16.412
153.000	16.391
154.000	16.371
155.000	16.350
156.000	16.329
157.000	16.309
158.000	16.289
159.000	16.270
160.000	16.251
161.000	16.232
162.000	16.213
163.000	16.205
164.000	16.186
165.000	16.168
166.000	16.150
167.000	16.132
168.000	16.114
169.000	16.097
170.000	16.079
171.000	16.063
172.000	16.045
173.000	16.028
174.000	15.972
175.000	15.955
176.000	15.938
177.000	15.920
178.000	15.902
179.000	15.884
180.000	15.866
181.000	15.849
182.000	15.831
183.000	15.814
184.000	15.796
185.000	15.793
186.000	15.775
187.000	15.757
188.000	15.739
189.000	15.722
190.000	15.705
191.000	15.689
192.000	15.671
193.000	15.653
194.000	15.636
195.000	15.619
196.000	15.613
197.000	15.595
198.000	15.577
199.000	15.559
200.000	15.542
201.000	15.525
202.000	15.507
203.000	15.489
204.000	15.471
205.000	15.453
206.000	15.435
207.000	15.414
208.000	15.396
209.000	15.378
210.000	15.359
211.000	15.340
212.000	15.320
213.000	15.301
214.000	15.280
215.000	15.260
216.000	15.239
217.000	15.218
218.000	15.204
219.000	15.183
220.000	15.161
221.000	15.139
222.000	15.116
223.000	15.092
224.000	15.068
225.000	15.044
226.000	15.019
227.000	14.993
228.000	14.967
229.000	14.940
230.000	14.933
231.000	14.906
232.000	14.879
233.000	14.851
234.000	14.822
235.000	14.793
236.000	14.764
237.000	14.734
238.000	14.704
239.000	14.674
240.000	14.644
241.000	14.638
242.000	14.607
243.000	14.576
244.000	14.545
245.000	14.513
246.000	14.482
247.000	14.450
248.000	14.418
249.000	14.386
250.000	14.353
251.000	14.319
252.000	14.276
253.000	14.242
254.000	14.209
255.000	14.176
256.000	14.142
257.000	14.108
258.000	14.075
259.000	14.042
260.000	14.008
261.000	13.974
262.000	13.941
263.000	13.884
264.000	13.851
265.000	13.819
266.000	13.784
267.000	13.750
268.000	13.716
269.000	13.682
270.000	13.647
271.000	13.613
272.000	13.580
273.000	13.546
274.000	13.510
275.000	13.477
276.000	13.443
277.000	13.409
278.000	13.375
279.000	13.341
280.000	13.306
281.000	13.271
282.000	13.235
283.000	13.201
284.000	13.167
285.000	13.105
286.000	13.070
287.000	13.036
288.000	13.001
289.000	12.967
290.000	12.932
291.000	12.897
292.000	12.863
293.000	12.828
294.000	12.793
295.000	12.759
296.000	12.753
297.000	12.719
298.000	12.685
299.000	12.651
300.000	12.616
301.000	12.583
302.000	12.548
303.000	12.514
304.000	12.480
305.000	12.446
306.000	12.413
307.000	12.379
308.000	12.375
309.000	12.341
310.000	12.307
311.000	12.273
312.000	12.239
313.000	12.206
314.000	12.173
315.000	12.140
316.000	12.107
317.000	12.074
318.000	12.041
319.000	11.948
320.000	11.915
321.000	11.882
322.000	11.850
323.000	11.818
324.000	11.786
325.000	11.754
326.000	11.722
327.000	11.690
328.000	11.658
329.000	11.626
330.000	11.615
331.000	11.584
332.000	11.552
333.000	11.521
334.000	11.490
335.000	11.459
336.000	11.429
337.000	11.398
338.000	11.367
339.000	11.336
340.000	11.306
341.000	11.230
342.000	11.199
343.000	11.169
344.000	11.138
345.000	11.107
346.000	11.076
347.000	11.046
348.000	11.015
349.000	10.985
350.000	10.956
351.000	10.927
352.000	10.887
353.000	10.859
354.000	10.831
355.000	10.803
356.000	10.775
357.000	10.747
358.000	10.719
359.000	10.691
360.000	10.663
361.000	10.635
362.000	10.608
363.000	10.568
364.000	10.543
365.000	10.517
366.000	10.492
367.000	10.466
368.000	10.442
369.000	10.418
370.000	10.394
371.000	10.370
372.000	10.346
373.000	10.321
374.000	10.297
375.000	10.293
376.000	10.269
377.000	10.245
378.000	10.222
379.000	10.200
380.000	10.177
381.000	10.155
382.000	10.133
383.000	10.112
384.000	10.090
385.000	10.070
386.000	10.042
387.000	10.021
388.000	10.000
389.000	9.980
390.000	9.960
391.000	9.940
392.000	9.920
393.000	9.901
394.000	9.882
395.000	9.863
396.000	9.844
397.000	9.840
398.000	9.821
399.000	9.803
400.000	9.785
401.000	9.768
402.000	9.751
403.000	9.734
404.000	9.717
405.000	9.701
406.000	9.684
407.000	9.668
408.000	9.664
409.000	9.648
410.000	9.632
411.000	9.617
412.000	9.602
413.000	9.587
414.000	9.573
415.000	9.558
416.000	9.544
417.000	9.530
418.000	9.516
419.000	9.512
420.000	9.498
421.000	9.484
422.000	9.471
423.000	9.458
424.000	9.445
425.000	9.432
426.000	9.419
427.000	9.407
428.000	9.395
429.000	9.382
430.000	9.381
431.000	9.369
432.000	9.356
433.000	9.344
434.000	9.332
435.000	9.320
436.000	9.309
437.000	9.298
438.000	9.287
439.000	9.276
440.000	9.265
441.000	9.254
442.000	9.252
443.000	9.242
444.000	9.231
445.000	9.220
446.000	9.209
447.000	9.199
448.000	9.188
449.000	9.178
450.000	9.167
451.000	9.157
452.000	9.146
453.000	9.144
454.000	9.133
455.000	9.123
456.000	9.112
457.000	9.101
458.000	9.091
459.000	9.080
460.000	9.069
461.000	9.058
462.000	9.047
463.000	9.036
464.000	9.034
465.000	9.023
466.000	9.011
467.000	9.000
468.000	8.989
469.000	8.978
470.000	8.966
471.000	8.955
472.000	8.943
473.000	8.932
474.000	8.920
475.000	8.908
476.000	8.896
477.000	8.884
478.000	8.872
479.000	8.860
480.000	8.849
481.000	8.838
482.000	8.826
483.000	8.815
484.000	8.804
485.000	8.792
486.000	8.791
487.000	8.779
488.000	8.768
489.000	8.756
490.000	8.745
491.000	8.733
492.000	8.721
493.000	8.709
494.000	8.697
495.000	8.685
496.000	8.673
497.000	8.663
498.000	8.651
499.000	8.639
500.000	8.627
501.000	8.615
502.000	8.603
503.000	8.591
504.000	8.580
505.000	8.568
506.000	8.556
507.000	8.544
508.000	8.542
509.000	8.530
510.000	8.517
511.000	8.505
512.000	8.493
513.000	8.480
514.000	8.468
515.000	8.455
516.000	8.442
517.000	8.430
518.000	8.417
519.000	8.405
520.000	8.403
521.000	8.390
522.000	8.378
523.000	8.365
524.000	8.352
525.000	8.339
526.000	8.326
527.000	8.313
528.000	8.300
529.000	8.287
530.000	8.274
531.000	8.268
532.000	8.255
533.000	8.242
534.000	8.229
535.000	8.216
536.000	8.203
537.000	8.190
538.000	8.177
539.000	8.163
540.000	8.150
541.000	8.137
542.000	8.135
543.000	8.122
544.000	8.109
545.000	8.095
546.000	8.082
547.000	8.069
548.000	8.056
549.000	8.043
550.000	8.030
551.000	8.017
552.000	8.003
553.000	8.001
554.000	7.988
555.000	7.975
556.000	7.962
557.000	7.948
558.000	7.935
559.000	7.922
560.000	7.909
561.000	7.896
562.000	7.883
563.000	7.869
564.000	7.867
565.000	7.854
566.000	7.841
567.000	7.828
568.000	7.816
569.000	7.803
570.000	7.790
571.000	7.777
572.000	7.764
573.000	7.751
574.000	7.737
575.000	7.736
576.000	7.722
577.000	7.709
578.000	7.696
579.000	7.683
580.000	7.670
581.000	7.656
582.000	7.643
583.000	7.630
584.000	7.617
585.000	7.605
586.000	7.592
587.000	7.590
588.000	7.577
589.000	7.564
590.000	7.552
591.000	7.539
592.000	7.526
593.000	7.513
594.000	7.501
595.000	7.489
596.000	7.477
597.000	7.464
598.000	7.462
599.000	7.450
600.000	7.438
601.000	7.426
602.000	7.415
603.000	7.403
604.000	7.392
605.000	7.380
606.000	7.369
607.000	7.358
608.000	7.347
609.000	7.345
610.000	7.334
611.000	7.323
612.000	7.312
613.000	7.301
614.000	7.291
615.000	7.280
616.000	7.270
617.000	7.259
618.000	7.249
619.000	7.238
620.000	7.237
621.000	7.226
622.000	7.216
623.000	7.206
624.000	7.194
625.000	7.183
626.000	7.171
627.000	7.160
628.000	7.149
629.000	7.138
630.000	7.127
631.000	7.125
632.000	7.113
633.000	7.102
634.000	7.090
635.000	7.078
636.000	7.067
637.000	7.056
638.000	7.044
639.000	7.032
640.000	7.021
641.000	7.009
642.000	7.007
643.000	6.996
644.000	6.985
645.000	6.974
646.000	6.963
647.000	6.952
648.000	6.941
649.000	6.930
650.000	6.919
651.000	6.907
652.000	6.896
653.000	6.885
654.000	6.854
655.000	6.843
656.000	6.832
657.000	6.821
658.000	6.811
659.000	6.801
660.000	6.790
661.000	6.780
662.000	6.770
663.000	6.760
664.000	6.749
665.000	6.748
666.000	6.737
667.000	6.727
668.000	6.717
669.000	6.707
670.000	6.697
671.000	6.687
672.000	6.677
673.000	6.667
674.000	6.658
675.000	6.648
676.000	6.646
677.000	6.636
678.000	6.626
679.000	6.616
680.000	6.606
681.000	6.597
682.000	6.587
683.000	6.577
684.000	6.568
685.000	6.558
686.000	6.549
687.000	6.547
688.000	6.537
689.000	6.528
690.000	6.519
691.000	6.509
692.000	6.500
693.000	6.491
694.000	6.482
695.000	6.473
696.000	6.464
697.000	6.455
698.000	6.453
699.000	6.445
700.000	6.436
701.000	6.427
702.000	6.418
703.000	6.409
704.000	6.400
705.000	6.391
706.000	6.383
707.000	6.374
708.000	6.365
709.000	6.299
710.000	6.290
711.000	6.282
712.000	6.273
713.000	6.264
714.000	6.255
715.000	6.247
716.000	6.239
717.000	6.230
718.000	6.222
719.000	6.214
720.000	6.214
721.000	6.206
722.000	6.198
723.000	6.190
724.000	6.182
725.000	6.174
726.000	6.166
727.000	6.158
728.000	6.150
729.000	6.142
730.000	6.135
731.000	6.127
732.000	6.127
733.000	6.119
734.000	6.112
735.000	6.104
736.000	6.096
737.000	6.089
738.000	6.081
739.000	6.073
740.000	6.066
741.000	6.058
742.000	6.051
743.000	6.051
744.000	6.043
745.000	6.035
746.000	6.027
747.000	6.019
748.000	6.012
749.000	6.004
750.000	5.996
751.000	5.988
752.000	5.980
753.000	5.972
754.000	5.948
755.000	5.940
756.000	5.933
757.000	5.925
758.000	5.917
759.000	5.909
760.000	5.901
761.000	5.894
762.000	5.886
763.000	5.878
764.000	5.870
765.000	5.844
766.000	5.836
767.000	5.829
768.000	5.821
769.000	5.813
770.000	5.805
771.000	5.797
772.000	5.789
773.000	5.781
774.000	5.773
775.000	5.765
776.000	5.740
777.000	5.733
778.000	5.725
779.000	5.718
780.000	5.711
781.000	5.704
782.000	5.698
783.000	5.691
784.000	5.684
785.000	5.677
786.000	5.670
787.000	5.670
788.000	5.663
789.000	5.657
790.000	5.651
791.000	5.645
792.000	5.639
793.000	5.632
794.000	5.626
795.000	5.620
796.000	5.615
797.000	5.609
798.000	5.603
799.000	5.603
800.000	5.597
801.000	5.591
802.000	5.585
803.000	5.579
804.000	5.573
805.000	5.567
806.000	5.561
807.000	5.555
808.000	5.550
809.000	5.544
810.000	5.544
811.000	5.538
812.000	5.532
813.000	5.527
814.000	5.521
815.000	5.515
816.000	5.510
817.000	5.504
818.000	5.498
819.000	5.492
820.000	5.487
821.000	5.487
822.000	5.481
823.000	5.475
824.000	5.469
825.000	5.463
826.000	5.457
827.000	5.452
828.000	5.446
829.000	5.440
830.000	5.435
831.000	5.429
832.000	5.424
833.000	5.419
834.000	5.413
835.000	5.408
836.000	5.402
837.000	5.396
838.000	5.391
839.000	5.385
840.000	5.379
841.000	5.374
842.000	5.369
843.000	5.369
844.000	5.363
845.000	5.358
846.000	5.353
847.000	5.348
848.000	5.343
849.000	5.337
850.000	5.332
851.000	5.327
852.000	5.322
853.000	5.317
854.000	5.313
855.000	5.308
856.000	5.302
857.000	5.297
858.000	5.292
859.000	5.287
860.000	5.282
861.000	5.277
862.000	5.271
863.000	5.266
864.000	5.261
865.000	5.256
866.000	5.256
867.000	5.251
868.000	5.245
869.000	5.240
870.000	5.235
871.000	5.230
872.000	5.225
873.000	5.220
874.000	5.215
875.000	5.210
876.000	5.205
877.000	5.198
878.000	5.193
879.000	5.188
880.000	5.183
881.000	5.178
882.000	5.173
883.000	5.168
884.000	5.163
885.000	5.158
886.000	5.153
887.000	5.149
888.000	5.149
889.000	5.144
890.000	5.139
891.000	5.134
892.000	5.130
893.000	5.125
894.000	5.120
895.000	5.116
896.000	5.111
897.000	5.107
898.000	5.102
899.000	5.102
900.000	5.098
901.000	5.093
902.000	5.089
903.000	5.084
904.000	5.080
905.000	5.075
906.000	5.070
907.000	5.066
908.000	5.061
909.000	5.056
910.000	5.040
911.000	5.035
912.000	5.031
913.000	5.026
914.000	5.022
915.000	5.017
916.000	5.013
917.000	5.008
918.000	5.004
919.000	4.999
920.000	4.994
921.000	4.994
922.000	4.990
923.000	4.985
924.000	4.981
925.000	4.976
926.000	4.972
927.000	4.968
928.000	4.963
929.000	4.959
930.000	4.955
931.000	4.950
932.000	4.946
933.000	4.918
934.000	4.913
935.000	4.909
936.000	4.905
937.000	4.901
938.000	4.896
939.000	4.892
940.000	4.887
941.000	4.883
942.000	4.879
943.000	4.874
944.000	4.874
945.000	4.870
946.000	4.866
947.000	4.862
948.000	4.858
949.000	4.853
950.000	4.849
951.000	4.845
952.000	4.841
953.000	4.837
954.000	4.833
955.000	4.816
956.000	4.812
957.000	4.808
958.000	4.804
959.000	4.800
960.000	4.796
961.000	4.792
962.000	4.788
963.000	4.783
964.000	4.780
965.000	4.776
966.000	4.754
967.000	4.750
968.000	4.747
969.000	4.743
970.000	4.739
971.000	4.735
972.000	4.731
973.000	4.728
974.000	4.724
975.000	4.720
976.000	4.716
977.000	4.716
978.000	4.712
979.000	4.709
980.000	4.705
981.000	4.701
982.000	4.698
983.000	4.694
984.000	4.690
985.000	4.686
986.000	4.682
987.000	4.679
988.000	4.679
989.000	4.675
990.000	4.671
991.000	4.667
992.000	4.664
993.000	4.660
994.000	4.656
995.000	4.653
996.000	4.649
997.000	4.646
998.000	4.642
999.000	4.639
1000.000	4.635
1001.000	4.632
1002.000	4.628
1003.000	4.625
1004.000	4.621
1005.000	4.618
1006.000	4.615
1007.000	4.611
1008.000	4.608
1009.000	4.605
1010.000	4.601
1011.000	4.601
1012.000	4.598
1013.000	4.595
1014.000	4.591
1015.000	4.588
1016.000	4.585
1017.000	4.582
1018.000	4.578
1019.000	4.575
1020.000	4.571
1021.000	4.568
1022.000	4.568
1023.000	4.565
1024.000	4.561
1025.000	4.558
1026.000	4.554
1027.000	4.551
1028.000	4.548
1029.000	4.545
1030.000	4.542
1031.000	4.538
1032.000	4.535
1033.000	4.535
1034.000	4.532
1035.000	4.529
1036.000	4.525
1037.000	4.522
1038.000	4.519
1039.000	4.515
1040.000	4.512
1041.000	4.509
1042.000	4.506
1043.000	4.502
1044.000	4.502
1045.000	4.499
1046.000	4.496
1047.000	4.493
1048.000	4.490
1049.000	4.487
1050.000	4.484
1051.000	4.481
1052.000	4.478
1053.000	4.475
1054.000	4.472
1055.000	4.472
1056.000	4.469
1057.000	4.466
1058.000	4.463
1059.000	4.460
1060.000	4.457
1061.000	4.454
1062.000	4.451
1063.000	4.449
1064.000	4.446
1065.000	4.443
1066.000	4.443
1067.000	4.440
1068.000	4.437
1069.000	4.434
1070.000	4.431
1071.000	4.428
1072.000	4.425
1073.000	4.422
1074.000	4.418
1075.000	4.415
1076.000	4.412
1077.000	4.409
1078.000	4.409
1079.000	4.406
1080.000	4.403
1081.000	4.400
1082.000	4.397
1083.000	4.394
1084.000	4.391
1085.000	4.388
1086.000	4.385
1087.000	4.382
1088.000	4.379
1089.000	4.358
1090.000	4.355
1091.000	4.352
1092.000	4.349
1093.000	4.345
1094.000	4.342
1095.000	4.339
1096.000	4.336
1097.000	4.333
1098.000	4.330
1099.000	4.327
1100.000	4.326
1101.000	4.323
1102.000	4.320
1103.000	4.318
1104.000	4.315
1105.000	4.312
1106.000	4.309
1107.000	4.306
1108.000	4.303
1109.000	4.300
1110.000	4.297
1111.000	4.297
1112.000	4.294
1113.000	4.291
1114.000	4.288
1115.000	4.286
1116.000	4.283
1117.000	4.280
1118.000	4.277
1119.000	4.275
1120.000	4.272
1121.000	4.270
1122.000	4.216
1123.000	4.214
1124.000	4.211
1125.000	4.208
1126.000	4.205
1127.000	4.202
1128.000	4.199
1129.000	4.196
1130.000	4.193
1131.000	4.190
1132.000	4.187
1133.000	4.187
1134.000	4.185
1135.000	4.182
1136.000	4.179
1137.000	4.176
1138.000	4.173
1139.000	4.170
1140.000	4.168
1141.000	4.165
1142.000	4.162
1143.000	4.159
1144.000	4.156
1145.000	4.156
1146.000	4.153
1147.000	4.151
1148.000	4.148
1149.000	4.145
1150.000	4.142
1151.000	4.139
1152.000	4.137
1153.000	4.134
1154.000	4.131
1155.000	4.128
1156.000	4.128
1157.000	4.125
1158.000	4.122
1159.000	4.120
1160.000	4.117
1161.000	4.114
1162.000	4.112
1163.000	4.109
1164.000	4.106
1165.000	4.104
1166.000	4.101
1167.000	4.101
1168.000	4.098
1169.000	4.096
1170.000	4.093
1171.000	4.090
1172.000	4.087
1173.000	4.085
1174.000	4.082
1175.000	4.080
1176.000	4.077
1177.000	4.075
1178.000	4.075
1179.000	4.072
1180.000	4.070
1181.000	4.067
1182.000	4.065
1183.000	4.063
1184.000	4.060
1185.000	4.058
1186.000	4.055
1187.000	4.053
1188.000	4.051
1189.000	4.051
1190.000	4.048
1191.000	4.046
1192.000	4.043
1193.000	4.041
1194.000	4.039
1195.000	4.036
1196.000	4.033
1197.000	4.031
1198.000	4.028
1199.000	4.025
1200.000	4.025
1201.000	4.023
1202.000	4.020
1203.000	4.017
1204.000	4.015
1205.000	4.012
1206.000	4.010
1207.000	4.007
1208.000	4.004
1209.000	4.002
1210.000	3.999
1211.000	3.999
1212.000	3.997
1213.000	3.994
1214.000	3.992
1215.000	3.989
1216.000	3.987
1217.000	3.985
1218.000	3.982
1219.000	3.980
1220.000	3.978
1221.000	3.975
1222.000	3.973
1223.000	3.973
1224.000	3.970
1225.000	3.968
1226.000	3.965
1227.000	3.963
1228.000	3.960
1229.000	3.958
1230.000	3.955
1231.000	3.953
1232.000	3.951
1233.000	3.948
1234.000	3.948
1235.000	3.946
1236.000	3.943
1237.000	3.941
1238.000	3.938
1239.000	3.935
1240.000	3.933
1241.000	3.930
1242.000	3.928
1243.000	3.925
1244.000	3.922
1245.000	3.922
1246.000	3.920
1247.000	3.917
1248.000	3.915
1249.000	3.912
1250.000	3.910
1251.000	3.907
1252.000	3.905
1253.000	3.903
1254.000	3.900
1255.000	3.898
1256.000	3.898
1257.000	3.896
1258.000	3.893
1259.000	3.891
1260.000	3.889
1261.000	3.886
1262.000	3.884
1263.000	3.882
1264.000	3.879
1265.000	3.877
1266.000	3.874
1267.000	3.853
1268.000	3.851
1269.000	3.849
1270.000	3.846
1271.000	3.844
1272.000	3.841
1273.000	3.839
1274.000	3.837
1275.000	3.835
1276.000	3.833
1277.000	3.830
1278.000	3.830
1279.000	3.828
1280.000	3.826
1281.000	3.824
1282.000	3.822
1283.000	3.819
1284.000	3.817
1285.000	3.815
1286.000	3.813
1287.000	3.811
1288.000	3.808
1289.000	3.806
1290.000	3.806
1291.000	3.804
1292.000	3.802
1293.000	3.799
1294.000	3.797
1295.000	3.795
1296.000	3.793
1297.000	3.790
1298.000	3.788
1299.000	3.786
1300.000	3.784
1301.000	3.784
1302.000	3.781
1303.000	3.779
1304.000	3.777
1305.000	3.775
1306.000	3.773
1307.000	3.771
1308.000	3.769
1309.000	3.767
1310.000	3.765
1311.000	3.763
1312.000	3.763
1313.000	3.761
1314.000	3.759
1315.000	3.757
1316.000	3.755
1317.000	3.753
1318.000	3.751
1319.000	3.750
1320.000	3.748
1321.000	3.746
1322.000	3.744
1323.000	3.744
1324.000	3.743
1325.000	3.741
1326.000	3.739
1327.000	3.738
1328.000	3.736
1329.000	3.734
1330.000	3.732
1331.000	3.731
1332.000	3.729
1333.000	3.727
1334.000	3.727
1335.000	3.726
1336.000	3.724
1337.000	3.722
1338.000	3.721
1339.000	3.719
1340.000	3.718
1341.000	3.716
1342.000	3.715
1343.000	3.713
1344.000	3.712
1345.000	3.712
1346.000	3.710
1347.000	3.709
1348.000	3.707
1349.000	3.706
1350.000	3.704
1351.000	3.703
1352.000	3.701
1353.000	3.700
1354.000	3.698
1355.000	3.697
1356.000	3.695
1357.000	3.695
1358.000	3.694
1359.000	3.692
1360.000	3.691
1361.000	3.689
1362.000	3.688
1363.000	3.686
1364.000	3.685
1365.000	3.683
1366.000	3.682
1367.000	3.680
1368.000	3.680
1369.000	3.679
1370.000	3.678
1371.000	3.676
1372.000	3.675
1373.000	3.673
1374.000	3.672
1375.000	3.670
1376.000	3.669
1377.000	3.667
1378.000	3.666
1379.000	3.666
1380.000	3.665
1381.000	3.664
1382.000	3.663
1383.000	3.662
1384.000	3.660
1385.000	3.659
1386.000	3.658
1387.000	3.657
1388.000	3.656
1389.000	3.655
1390.000	3.655
1391.000	3.654
1392.000	3.653
1393.000	3.652
1394.000	3.651
1395.000	3.650
1396.000	3.649
1397.000	3.648
1398.000	3.647
1399.000	3.646
1400.000	3.645
1401.000	3.645
1402.000	3.644
1403.000	3.643
1404.000	3.642
1405.000	3.641
1406.000	3.640
1407.000	3.639
1408.000	3.638
1409.000	3.637
1410.000	3.636
1411.000	3.635
1412.000	3.635
1413.000	3.634
1414.000	3.634
1415.000	3.633
1416.000	3.632
1417.000	3.631
1418.000	3.630
1419.000	3.629
1420.000	3.628
1421.000	3.628
1422.000	3.627
1423.000	3.627
1424.000	3.626
1425.000	3.625
1426.000	3.624
1427.000	3.623
1428.000	3.622
1429.000	3.621
1430.000	3.620
1431.000	3.619
1432.000	3.617
1433.000	3.616
1434.000	3.615
1435.000	3.615
1436.000	3.613
1437.000	3.612
1438.000	3.611
1439.000	3.609
1440.000	3.608
1441.000	3.607
1442.000	3.605
1443.000	3.602
1444.000	3.600
1445.000	3.598
1446.000	3.598
1447.000	3.596
1448.000	3.594
1449.000	3.592
1450.000	3.589
1451.000	3.587
1452.000	3.585
1453.000	3.583
1454.000	3.581
1455.000	3.578
1456.000	3.576
1457.000	3.576
1458.000	3.574
1459.000	3.572
1460.000	3.570
1461.000	3.568
1462.000	3.565
1463.000	3.563
1464.000	3.562
1465.000	3.560
1466.000	3.558
1467.000	3.556
1468.000	3.556
1469.000	3.554
1470.000	3.552
1471.000	3.551
1472.000	3.549
1473.000	3.547
1474.000	3.545
1475.000	3.543
1476.000	3.541
1477.000	3.540
1478.000	3.538
1479.000	3.538
1480.000	3.536
1481.000	3.534
1482.000	3.532
1483.000	3.530
1484.000	3.529
1485.000	3.527
1486.000	3.525
1487.000	3.523
1488.000	3.521
1489.000	3.519
1490.000	3.519
1491.000	3.518
1492.000	3.516
1493.000	3.514
1494.000	3.512
1495.000	3.511
1496.000	3.509
1497.000	3.507
1498.000	3.505
1499.000	3.504
1500.000	3.502
1501.000	3.500
1502.000	3.500
1503.000	3.499
1504.000	3.497
1505.000	3.495
1506.000	3.493
1507.000	3.492
1508.000	3.490
1509.000	3.488
1510.000	3.487
1511.000	3.485
1512.000	3.484
1513.000	3.484
1514.000	3.482
1515.000	3.481
1516.000	3.479
1517.000	3.478
1518.000	3.476
1519.000	3.475
1520.000	3.473
1521.000	3.472
1522.000	3.470
1523.000	3.469
1524.000	3.469
1525.000	3.467
1526.000	3.466
1527.000	3.464
1528.000	3.463
1529.000	3.461
1530.000	3.460
1531.000	3.458
1532.000	3.457
1533.000	3.455
1534.000	3.454
1535.000	3.454
1536.000	3.452
1537.000	3.451
1538.000	3.449
1539.000	3.448
1540.000	3.446
1541.000	3.445
1542.000	3.443
1543.000	3.442
1544.000	3.441
1545.000	3.439
1546.000	3.439
1547.000	3.438
1548.000	3.437
1549.000	3.435
1550.000	3.434
1551.000	3.433
1552.000	3.431
1553.000	3.430
1554.000	3.429
1555.000	3.427
1556.000	3.426
1557.000	3.426
1558.000	3.425
1559.000	3.423
1560.000	3.422
1561.000	3.421
1562.000	3.419
1563.000	3.418
1564.000	3.417
1565.000	3.415
1566.000	3.414
1567.000	3.413
1568.000	3.411
1569.000	3.411
1570.000	3.410
1571.000	3.409
1572.000	3.407
1573.000	3.406
1574.000	3.405
1575.000	3.403
1576.000	3.402
1577.000	3.401
1578.000	3.400
1579.000	3.398
1580.000	3.398
1581.000	3.397
1582.000	3.396
1583.000	3.395
1584.000	3.393
1585.000	3.392
1586.000	3.391
1587.000	3.390
1588.000	3.388
1589.000	3.387
1590.000	3.386
1591.000	3.386
1592.000	3.385
1593.000	3.383
1594.000	3.382
1595.000	3.381
1596.000	3.380
1597.000	3.378
1598.000	3.377
1599.000	3.376
1600.000	3.375
1601.000	3.373
1602.000	3.373
1603.000	3.372
1604.000	3.371
1605.000	3.370
1606.000	3.368
1607.000	3.367
1608.000	3.366
1609.000	3.365
1610.000	3.363
1611.000	3.362
1612.000	3.361
1613.000	3.361
1614.000	3.360
1615.000	3.359
1616.000	3.357
1617.000	3.356
1618.000	3.355
1619.000	3.354
1620.000	3.352
1621.000	3.351
1622.000	3.350
1623.000	3.349
1624.000	3.349
1625.000	3.347
1626.000	3.346
1627.000	3.345
1628.000	3.344
1629.000	3.343
1630.000	3.341
1631.000	3.340
1632.000	3.339
1633.000	3.338
1634.000	3.336
1635.000	3.335
1636.000	3.335
1637.000	3.334
1638.000	3.332
1639.000	3.331
1640.000	3.329
1641.000	3.328
1642.000	3.326
1643.000	3.324
1644.000	3.322
1645.000	3.321
1646.000	3.319
1647.000	3.319
1648.000	3.317
1649.000	3.316
1650.000	3.314
1651.000	3.312
1652.000	3.311
1653.000	3.309
1654.000	3.307
1655.000	3.306
1656.000	3.304
1657.000	3.302
1658.000	3.302
1659.000	3.301
1660.000	3.299
1661.000	3.297
1662.000	3.296
1663.000	3.294
1664.000	3.292
1665.000	3.291
1666.000	3.289
1667.000	3.287
1668.000	3.285
1669.000	3.285
1670.000	3.284
1671.000	3.282
1672.000	3.280
1673.000	3.278
1674.000	3.276
1675.000	3.274
1676.000	3.273
1677.000	3.271
1678.000	3.269
1679.000	3.267
1680.000	3.267
1681.000	3.265
1682.000	3.263
1683.000	3.262
1684.000	3.260
1685.000	3.258
1686.000	3.256
1687.000	3.254
1688.000	3.253
1689.000	3.251
1690.000	3.249
1691.000	3.249
1692.000	3.247
1693.000	3.245
1694.000	3.243
1695.000	3.242
1696.000	3.240
1697.000	3.238
1698.000	3.236
1699.000	3.234
1700.000	3.232
1701.000	3.230
1702.000	3.230
1703.000	3.228
1704.000	3.226
1705.000	3.224
1706.000	3.222
1707.000	3.220
1708.000	3.218
1709.000	3.216
1710.000	3.214
1711.000	3.212
1712.000	3.210
1713.000	3.208
1714.000	3.208
1715.000	3.206
1716.000	3.204
1717.000	3.202
1718.000	3.200
1719.000	3.198
1720.000	3.196
1721.000	3.194
1722.000	3.192
1723.000	3.190
1724.000	3.188
1725.000	3.188
1726.000	3.186
1727.000	3.184
1728.000	3.181
1729.000	3.179
1730.000	3.177
1731.000	3.175
1732.000	3.173
1733.000	3.171
1734.000	3.169
1735.000	3.167
1736.000	3.167
1737.000	3.164
1738.000	3.162
1739.000	3.160
1740.000	3.158
1741.000	3.156
1742.000	3.154
1743.000	3.152
1744.000	3.150
1745.000	3.149
1746.000	3.147
1747.000	3.147
1748.000	3.145
1749.000	3.143
1750.000	3.142
1751.000	3.140
1752.000	3.138
1753.000	3.136
1754.000	3.135
1755.000	3.133
1756.000	3.132
1757.000	3.130
1758.000	3.130
1759.000	3.129
1760.000	3.128
1761.000	3.127
1762.000	3.126
1763.000	3.125
1764.000	3.124
1765.000	3.123
1766.000	3.122
1767.000	3.121
1768.000	3.120
1769.000	3.120
1770.000	3.119
1771.000	3.118
1772.000	3.117
1773.000	3.116
1774.000	3.115
1775.000	3.114
1776.000	3.113
1777.000	3.112
1778.000	3.111
1779.000	3.110
1780.000	3.109
1781.000	3.109
1782.000	3.108
1783.000	3.107
1784.000	3.106
1785.000	3.105
1786.000	3.104
1787.000	3.104
1788.000	3.103
1789.000	3.102
1790.000	3.101
1791.000	3.100
1792.000	3.100
1793.000	3.099
1794.000	3.098
1795.000	3.097
1796.000	3.096
1797.000	3.095
1798.000	3.094
1799.000	3.093
1800.000	3.092
1801.000	3.091
1802.000	3.090
1803.000	3.090
1804.000	3.089
1805.000	3.088
1806.000	3.087
1807.000	3.086
1808.000	3.085
1809.000	3.084
1810.000	3.083
1811.000	3.083
1812.000	3.082
1813.000	3.081
1814.000	3.081
1815.000	3.080
1816.000	3.079
1817.000	3.078
1818.000	3.077
1819.000	3.076
1820.000	3.075
1821.000	3.074
1822.000	3.073
1823.000	3.072
1824.000	3.071
1825.000	3.071
1826.000	3.070
1827.000	3.069
1828.000	3.068
1829.000	3.067
1830.000	3.066
1831.000	3.066
1832.000	3.065
1833.000	3.064
1834.000	3.063
1835.000	3.062
1836.000	3.062
1837.000	3.061
1838.000	3.060
1839.000	3.059
1840.000	3.058
1841.000	3.057
1842.000	3.056
1843.000	3.055
1844.000	3.054
1845.000	3.053
1846.000	3.052
1847.000	3.052
1848.000	3.052
1849.000	3.051
1850.000	3.050
1851.000	3.049
1852.000	3.048
1853.000	3.047
1854.000	3.046
1855.000	3.045
1856.000	3.044
1857.000	3.043
1858.000	3.042
1859.000	3.042
1860.000	3.041
1861.000	3.040
1862.000	3.039
1863.000	3.038
1864.000	3.037
1865.000	3.036
1866.000	3.035
1867.000	3.034
1868.000	3.033
1869.000	3.033
1870.000	3.033
1871.000	3.032
1872.000	3.031
1873.000	3.030
1874.000	3.029
1875.000	3.028
1876.000	3.027
1877.000	3.026
1878.000	3.025
1879.000	3.024
1880.000	3.023
1881.000	3.023
1882.000	3.022
1883.000	3.021
1884.000	3.020
1885.000	3.019
1886.000	3.018
1887.000	3.017
1888.000	3.016
1889.000	3.016
1890.000	3.015
1891.000	3.014
1892.000	3.014
1893.000	3.013
1894.000	3.012
1895.000	3.011
1896.000	3.010
1897.000	3.009
1898.000	3.008
1899.000	3.007
1900.000	3.006
1901.000	3.005
1902.000	3.004
1903.000	3.004
1904.000	3.003
1905.000	3.002
1906.000	3.002
1907.000	3.001
1908.000	3.000
1909.000	2.999
1910.000	2.998
1911.000	2.997
1912.000	2.996
1913.000	2.995
1914.000	2.995
1915.000	2.994
1916.000	2.993
1917.000	2.992
1918.000	2.991
1919.000	2.990
1920.000	2.989
1921.000	2.989
1922.000	2.988
1923.000	2.987
1924.000	2.986
1925.000	2.985
1926.000	2.985
1927.000	2.984
1928.000	2.983
1929.000	2.982
1930.000	2.981
1931.000	2.980
1932.000	2.979
1933.000	2.978
1934.000	2.977
1935.000	2.977
1936.000	2.976
1937.000	2.976
1938.000	2.975
1939.000	2.974
1940.000	2.973
1941.000	2.972
1942.000	2.971
1943.000	2.970
1944.000	2.969
1945.000	2.968
1946.000	2.967
1947.000	2.967
1948.000	2.967
1949.000	2.966
1950.000	2.965
1951.000	2.964
1952.000	2.963
1953.000	2.962
1954.000	2.961
1955.000	2.960
1956.000	2.959
1957.000	2.958
1958.000	2.957
1959.000	2.957
1960.000	2.957
1961.000	2.956
1962.000	2.955
1963.000	2.954
1964.000	2.953
1965.000	2.952
1966.000	2.951
1967.000	2.950
1968.000	2.949
1969.000	2.948
1970.000	2.948
1971.000	2.947
1972.000	2.947
1973.000	2.946
1974.000	2.945
1975.000	2.944
1976.000	2.943
1977.000	2.942
1978.000	2.941
1979.000	2.940
1980.000	2.939
1981.000	2.939
1982.000	2.938
1983.000	2.938
1984.000	2.937
1985.000	2.936
1986.000	2.935
1987.000	2.934
1988.000	2.933
1989.000	2.932
1990.000	2.931
1991.000	2.931
1992.000	2.930
1993.000	2.930
1994.000	2.929
1995.000	2.929
1996.000	2.928
1997.000	2.927
1998.000	2.927
1999.000	2.926
2000.000	2.926
2001.000	2.925
2002.000	2.925
2003.000	2.924
2004.000	2.924
2005.000	2.924
2006.000	2.923
2007.000	2.923
2008.000	2.923
2009.000	2.922
2010.000	2.922
2011.000	2.921
2012.000	2.921
2013.000	2.920
2014.000	2.920
2015.000	2.920
2016.000	2.919
2017.000	2.919
2018.000	2.918
2019.000	2.918
2020.000	2.917
2021.000	2.917
2022.000	2.916
2023.000	2.916
2024.000	2.915
2025.000	2.915
2026.000	2.915
2027.000	2.914
2028.000	2.914
2029.000	2.913
2030.000	2.913
2031.000	2.913
2032.000	2.912
2033.000	2.912
2034.000	2.912
2035.000	2.911
2036.000	2.911
2037.000	2.911
2038.000	2.910
2039.000	2.910
2040.000	2.910
2041.000	2.909
2042.000	2.909
2043.000	2.909
2044.000	2.908
2045.000	2.908
2046.000	2.908
2047.000	2.907
2048.000	2.907
2049.000	2.907
2050.000	2.907
2051.000	2.906
2052.000	2.906
2053.000	2.906
2054.000	2.905
2055.000	2.905
2056.000	2.905
2057.000	2.904
2058.000	2.904
2059.000	2.904
2060.000	2.904
2061.000	2.903
2062.000	2.903
2063.000	2.903
2064.000	2.902
2065.000	2.902
2066.000	2.902
2067.000	2.901
2068.000	2.901
2069.000	2.900
2070.000	2.900
2071.000	2.900
2072.000	2.900
2073.000	2.900
2074.000	2.900
2075.000	2.899
2076.000	2.899
2077.000	2.899
2078.000	2.899
2079.000	2.899
2080.000	2.898
2081.000	2.898
2082.000	2.898
2083.000	2.898
2084.000	2.898
2085.000	2.898
2086.000	2.898
2087.000	2.897
2088.000	2.897
2089.000	2.897
2090.000	2.897
2091.000	2.896
2092.000	2.896
2093.000	2.896
2094.000	2.896
2095.000	2.896
2096.000	2.896
2097.000	2.895
2098.000	2.895
2099.000	2.895
2100.000	2.895
2101.000	2.895
2102.000	2.895
2103.000	2.894
2104.000	2.894
2105.000	2.894
2106.000	2.894
2107.000	2.894
2108.000	2.894
2109.000	2.894
2110.000	2.894
2111.000	2.894
2112.000	2.893
2113.000	2.893
2114.000	2.893
2115.000	2.893
2116.000	2.893
2117.000	2.893
2118.000	2.893
2119.000	2.892
2120.000	2.892
2121.000	2.892
2122.000	2.892
2123.000	2.892
2124.000	2.892
2125.000	2.891
2126.000	2.891
2127.000	2.891
2128.000	2.891
2129.000	2.891
2130.000	2.891
2131.000	2.891
2132.000	2.890
2133.000	2.890
2134.000	2.890
2135.000	2.890
2136.000	2.890
2137.000	2.890
2138.000	2.890
2139.000	2.890
2140.000	2.889
2141.000	2.889
2142.000	2.889
2143.000	2.889
2144.000	2.889
2145.000	2.889
2146.000	2.888
2147.000	2.888
2148.000	2.888
2149.000	2.888
2150.000	2.888
2151.000	2.888
2152.000	2.888
2153.000	2.888
2154.000	2.887
2155.000	2.887
2156.000	2.887
2157.000	2.887
2158.000	2.887
2159.000	2.887
2160.000	2.887
2161.000	2.887
2162.000	2.886
2163.000	2.886
2164.000	2.886
2165.000	2.886
2166.000	2.886
2167.000	2.886
2168.000	2.885
2169.000	2.885
2170.000	2.885
2171.000	2.885
2172.000	2.885
2173.000	2.885
2174.000	2.885
2175.000	2.885
2176.000	2.884
2177.000	2.884
2178.000	2.884
2179.000	2.884
2180.000	2.884
2181.000	2.884
2182.000	2.884
2183.000	2.884
2184.000	2.883
2185.000	2.883
2186.000	2.883
2187.000	2.883
2188.000	2.883
2189.000	2.883
2190.000	2.882
2191.000	2.882
2192.000	2.882
2193.000	2.882
2194.000	2.882
2195.000	2.882
2196.000	2.882
2197.000	2.882
2198.000	2.881
2199.000	2.881
2200.000	2.881
2201.000	2.881
2202.000	2.881
2203.000	2.881
2204.000	2.881
2205.000	2.881
2206.000	2.880
2207.000	2.880
2208.000	2.880
2209.000	2.880
2210.000	2.880
2211.000	2.880
2212.000	2.879
2213.000	2.879
2214.000	2.879
2215.000	2.879
2216.000	2.879
2217.000	2.878
2218.000	2.878
2219.000	2.878
2220.000	2.878
2221.000	2.877
2222.000	2.877
2223.000	2.877
2224.000	2.877
2225.000	2.877
2226.000	2.876
2227.000	2.876
2228.000	2.876
2229.000	2.876
2230.000	2.876
2231.000	2.875
2232.000	2.875
2233.000	2.875
2234.000	2.875
2235.000	2.875
2236.000	2.874
2237.000	2.874
2238.000	2.874
2239.000	2.874
2240.000	2.874
2241.000	2.873
2242.000	2.873
2243.000	2.873
2244.000	2.873
2245.000	2.872
2246.000	2.872
2247.000	2.872
2248.000	2.872
2249.000	2.872
2250.000	2.872
2251.000	2.871
2252.000	2.871
2253.000	2.871
2254.000	2.871
2255.000	2.870
2256.000	2.870
2257.000	2.870
2258.000	2.869
2259.000	2.869
2260.000	2.869
2261.000	2.869
2262.000	2.868
2263.000	2.868
2264.000	2.868
2265.000	2.867
2266.000	2.867
2267.000	2.867
2268.000	2.867
2269.000	2.866
2270.000	2.866
2271.000	2.866
2272.000	2.866
2273.000	2.865
2274.000	2.865
2275.000	2.865
2276.000	2.864
2277.000	2.864
2278.000	2.864
2279.000	2.863
2280.000	2.863
2281.000	2.863
2282.000	2.862
2283.000	2.862
2284.000	2.862
2285.000	2.862
2286.000	2.862
2287.000	2.861
2288.000	2.861
2289.000	2.861
2290.000	2.860
2291.000	2.860
2292.000	2.860
2293.000	2.859
2294.000	2.859
2295.000	2.859
2296.000	2.859
2297.000	2.858
2298.000	2.858
2299.000	2.858
2300.000	2.858
2301.000	2.857
2302.000	2.857
2303.000	2.857
2304.000	2.856
2305.000	2.856
2306.000	2.856
2307.000	2.856
2308.000	2.855
2309.000	2.855
2310.000	2.855
2311.000	2.854
2312.000	2.854
2313.000	2.854
2314.000	2.854
2315.000	2.853
2316.000	2.853
2317.000	2.853
2318.000	2.853
2319.000	2.852
2320.000	2.852
2321.000	2.852
2322.000	2.851
2323.000	2.851
2324.000	2.851
2325.000	2.850
2326.000	2.850
2327.000	2.850
2328.000	2.850
2329.000	2.850
2330.000	2.849
2331.000	2.849
2332.000	2.849
2333.000	2.848
2334.000	2.848
2335.000	2.848
2336.000	2.847
2337.000	2.847
2338.000	2.847
2339.000	2.847
2340.000	2.846
2341.000	2.846
2342.000	2.846
2343.000	2.846
2344.000	2.845
2345.000	2.845
2346.000	2.845
2347.000	2.844
2348.000	2.844
2349.000	2.844
2350.000	2.844
2351.000	2.843
2352.000	2.843
2353.000	2.843
2354.000	2.842
2355.000	2.842
2356.000	2.842
2357.000	2.841
2358.000	2.841
2359.000	2.841
2360.000	2.841
2361.000	2.841
2362.000	2.840
2363.000	2.840
2364.000	2.840
2365.000	2.839
2366.000	2.839
2367.000	2.839
2368.000	2.838
2369.000	2.838
2370.000	2.838
2371.000	2.837
2372.000	2.837
2373.000	2.837
2374.000	2.837
2375.000	2.836
2376.000	2.836
2377.000	2.836
2378.000	2.836
2379.000	2.835
2380.000	2.835
2381.000	2.835
2382.000	2.834
2383.000	2.834
2384.000	2.834
2385.000	2.833
2386.000	2.833
2387.000	2.833
2388.000	2.832
2389.000	2.832
2390.000	2.832
2391.000	2.831
2392.000	2.831
2393.000	2.830
2394.000	2.830
2395.000	2.830
2396.000	2.830
2397.000	2.829
2398.000	2.829
2399.000	2.828
2400.000	2.828
2401.000	2.828
2402.000	2.827
2403.000	2.827
2404.000	2.827
2405.000	2.827
2406.000	2.826
2407.000	2.826
2408.000	2.825
2409.000	2.825
2410.000	2.824
2411.000	2.824
2412.000	2.824
2413.000	2.823
2414.000	2.823
2415.000	2.822
2416.000	2.822
2417.000	2.822
2418.000	2.821
2419.000	2.821
2420.000	2.821
2421.000	2.820
2422.000	2.820
2423.000	2.819
2424.000	2.819
2425.000	2.819
2426.000	2.818
2427.000	2.818
2428.000	2.818
2429.000	2.817
2430.000	2.817
2431.000	2.816
2432.000	2.816
2433.000	2.816
2434.000	2.815
2435.000	2.815
2436.000	2.814
2437.000	2.814
2438.000	2.813
2439.000	2.813
2440.000	2.813
2441.000	2.813
2442.000	2.812
2443.000	2.812
2444.000	2.811
2445.000	2.811
2446.000	2.811
2447.000	2.810
2448.000	2.810
2449.000	2.809
2450.000	2.809
2451.000	2.809
2452.000	2.808
2453.000	2.808
2454.000	2.808
2455.000	2.807
2456.000	2.807
2457.000	2.806
2458.000	2.806
2459.000	2.806
2460.000	2.805
2461.000	2.805
2462.000	2.805
2463.000	2.804
2464.000	2.804
2465.000	2.803
2466.000	2.803
2467.000	2.803
2468.000	2.802
2469.000	2.802
2470.000	2.801
2471.000	2.801
2472.000	2.801
2473.000	2.801
2474.000	2.800
2475.000	2.800
2476.000	2.799
2477.000	2.799
2478.000	2.799
2479.000	2.798
2480.000	2.798
2481.000	2.797
2482.000	2.797
2483.000	2.796
2484.000	2.796
2485.000	2.796
2486.000	2.795
2487.000	2.795
2488.000	2.794
2489.000	2.794
2490.000	2.794
2491.000	2.793
2492.000	2.793
2493.000	2.792
2494.000	2.792
2495.000	2.792
2496.000	2.791
2497.000	2.791
2498.000	2.790
2499.000	2.790
2500.000	2.790
2501.000	2.789
2502.000	2.789
2503.000	2.788
2504.000	2.788
2505.000	2.787
2506.000	2.787
2507.000	2.787
2508.000	2.787
2509.000	2.786
2510.000	2.786
2511.000	2.785
2512.000	2.785
2513.000	2.785
2514.000	2.784
2515.000	2.784
2516.000	2.784
2517.000	2.784
2518.000	2.783
2519.000	2.783
2520.000	2.782
2521.000	2.782
2522.000	2.782
2523.000	2.781
2524.000	2.781
2525.000	2.780
2526.000	2.780
2527.000	2.780
2528.000	2.780
2529.000	2.779
2530.000	2.779
2531.000	2.778
2532.000	2.778
2533.000	2.778
2534.000	2.777
2535.000	2.777
2536.000	2.777
2537.000	2.776
2538.000	2.776
2539.000	2.776
2540.000	2.775
2541.000	2.775
2542.000	2.775
2543.000	2.774
2544.000	2.774
2545.000	2.774
2546.000	2.773
2547.000	2.773
2548.000	2.773
2549.000	2.772
2550.000	2.772
2551.000	2.772
2552.000	2.771
2553.000	2.771
2554.000	2.771
2555.000	2.770
2556.000	2.770
2557.000	2.770
2558.000	2.769
2559.000	2.769
2560.000	2.769
2561.000	2.768
2562.000	2.768
2563.000	2.768
2564.000	2.768
2565.000	2.767
2566.000	2.767
2567.000	2.767
2568.000	2.766
2569.000	2.766
2570.000	2.766
2571.000	2.765
2572.000	2.765
2573.000	2.765
2574.000	2.765
2575.000	2.764
2576.000	2.764
2577.000	2.764
2578.000	2.763
2579.000	2.763
2580.000	2.763
2581.000	2.762
2582.000	2.762
2583.000	2.762
2584.000	2.762
2585.000	2.761
2586.000	2.761
2587.000	2.761
2588.000	2.760
2589.000	2.760
2590.000	2.760
2591.000	2.759
2592.000	2.759
2593.000	2.759
2594.000	2.758
2595.000	2.758
2596.000	2.758
2597.000	2.758
2598.000	2.757
2599.000	2.757
2600.000	2.757
2601.000	2.756
2602.000	2.756
2603.000	2.756
2604.000	2.755
2605.000	2.755
2606.000	2.755
2607.000	2.755
2608.000	2.754
2609.000	2.754
2610.000	2.754
2611.000	2.753
2612.000	2.753
2613.000	2.753
2614.000	2.752
2615.000	2.752
2616.000	2.752
2617.000	2.752
2618.000	2.751
2619.000	2.751
2620.000	2.751
2621.000	2.751
2622.000	2.750
2623.000	2.750
2624.000	2.750
2625.000	2.749
2626.000	2.749
2627.000	2.749
2628.000	2.748
2629.000	2.748
2630.000	2.748
2631.000	2.748
2632.000	2.747
2633.000	2.747
2634.000	2.747
2635.000	2.746
2636.000	2.746
2637.000	2.746
2638.000	2.745
2639.000	2.745
2640.000	2.745
2641.000	2.745
2642.000	2.744
2643.000	2.744
2644.000	2.744
2645.000	2.743
2646.000	2.743
2647.000	2.743
2648.000	2.742
2649.000	2.742
2650.000	2.742
2651.000	2.742
2652.000	2.741
2653.000	2.741
2654.000	2.741
2655.000	2.741
2656.000	2.740
2657.000	2.740
2658.000	2.740
2659.000	2.739
2660.000	2.739
2661.000	2.739
2662.000	2.739
2663.000	2.738
2664.000	2.738
2665.000	2.738
2666.000	2.737
2667.000	2.737
2668.000	2.737
2669.000	2.736
2670.000	2.736
2671.000	2.736
2672.000	2.735
2673.000	2.735
2674.000	2.735
2675.000	2.735
2676.000	2.734
2677.000	2.734
2678.000	2.734
2679.000	2.734
2680.000	2.733
2681.000	2.733
2682.000	2.733
2683.000	2.733
2684.000	2.733
2685.000	2.732
2686.000	2.732
2687.000	2.732
2688.000	2.732
2689.000	2.731
2690.000	2.731
2691.000	2.731
2692.000	2.731
2693.000	2.730
2694.000	2.730
2695.000	2.730
2696.000	2.730
2697.000	2.730
2698.000	2.729
2699.000	2.729
2700.000	2.729
2701.000	2.729
2702.000	2.728
2703.000	2.728
2704.000	2.728
2705.000	2.728
2706.000	2.727
2707.000	2.727
2708.000	2.727
2709.000	2.727
2710.000	2.727
2711.000	2.726
2712.000	2.726
2713.000	2.726
2714.000	2.726
2715.000	2.726
2716.000	2.725
2717.000	2.725
2718.000	2.725
2719.000	2.725
2720.000	2.725
2721.000	2.724
2722.000	2.724
2723.000	2.724
2724.000	2.724
2725.000	2.723
2726.000	2.723
2727.000	2.723
2728.000	2.723
2729.000	2.723
2730.000	2.722
2731.000	2.722
2732.000	2.722
2733.000	2.722
2734.000	2.722
2735.000	2.722
2736.000	2.722
2737.000	2.721
2738.000	2.721
2739.000	2.721
2740.000	2.721
2741.000	2.721
2742.000	2.721
2743.000	2.721
2744.000	2.721
2745.000	2.720
2746.000	2.720
2747.000	2.720
2748.000	2.720
2749.000	2.720
2750.000	2.720
2751.000	2.720
2752.000	2.719
2753.000	2.719
2754.000	2.719
2755.000	2.719
2756.000	2.719
2757.000	2.719
2758.000	2.719
2759.000	2.718
2760.000	2.718
2761.000	2.718
2762.000	2.718
2763.000	2.718
2764.000	2.718
2765.000	2.718
2766.000	2.717
2767.000	2.717
2768.000	2.717
2769.000	2.717
2770.000	2.717
2771.000	2.717
2772.000	2.716
2773.000	2.716
2774.000	2.716
2775.000	2.716
2776.000	2.716
2777.000	2.716
2778.000	2.716
2779.000	2.715
2780.000	2.715
2781.000	2.715
2782.000	2.715
2783.000	2.715
2784.000	2.715
2785.000	2.715
2786.000	2.714
2787.000	2.714
2788.000	2.714
2789.000	2.714
2790.000	2.714
2791.000	2.713
2792.000	2.713
2793.000	2.713
2794.000	2.713
2795.000	2.712
2796.000	2.712
2797.000	2.712
2798.000	2.712
2799.000	2.712
2800.000	2.712
2801.000	2.711
2802.000	2.711
2803.000	2.711
2804.000	2.711
2805.000	2.711
2806.000	2.710
2807.000	2.710
2808.000	2.710
2809.000	2.710
2810.000	2.710
2811.000	2.709
2812.000	2.709
2813.000	2.709
2814.000	2.709
2815.000	2.709
2816.000	2.708
2817.000	2.708
2818.000	2.708
2819.000	2.708
2820.000	2.708
2821.000	2.708
2822.000	2.707
2823.000	2.707
2824.000	2.707
2825.000	2.707
2826.000	2.706
2827.000	2.706
2828.000	2.706
2829.000	2.706
2830.000	2.706
2831.000	2.706
2832.000	2.705
2833.000	2.705
2834.000	2.705
2835.000	2.705
2836.000	2.705
2837.000	2.704
2838.000	2.704
2839.000	2.704
2840.000	2.704
2841.000	2.704
2842.000	2.704
2843.000	2.703
2844.000	2.703
2845.000	2.703
2846.000	2.703
2847.000	2.702
2848.000	2.702
2849.000	2.702
2850.000	2.702
2851.000	2.701
2852.000	2.701
2853.000	2.701
2854.000	2.701
2855.000	2.700
2856.000	2.700
2857.000	2.700
2858.000	2.700
2859.000	2.699
2860.000	2.699
2861.000	2.699
2862.000	2.699
2863.000	2.699
2864.000	2.698
2865.000	2.698
2866.000	2.698
2867.000	2.697
2868.000	2.697
2869.000	2.697
2870.000	2.697
2871.000	2.696
2872.000	2.696
2873.000	2.696
2874.000	2.696
2875.000	2.696
2876.000	2.695
2877.000	2.695
2878.000	2.695
2879.000	2.694
2880.000	2.694
2881.000	2.694
2882.000	2.694
2883.000	2.694
2884.000	2.693
2885.000	2.693
2886.000	2.693
2887.000	2.693
2888.000	2.693
2889.000	2.692
2890.000	2.692
2891.000	2.692
2892.000	2.692
2893.000	2.692
2894.000	2.691
2895.000	2.691
2896.000	2.691
2897.000	2.691
2898.000	2.691
2899.000	2.690
2900.000	2.690
2901.000	2.690
2902.000	2.690
2903.000	2.690
2904.000	2.689
2905.000	2.689
2906.000	2.689
2907.000	2.689
2908.000	2.689
2909.000	2.689
2910.000	2.688
2911.000	2.688
2912.000	2.688
2913.000	2.688
2914.000	2.688
2915.000	2.688
2916.000	2.687
2917.000	2.687
2918.000	2.687
2919.000	2.687
2920.000	2.687
2921.000	2.687
2922.000	2.687
2923.000	2.686
2924.000	2.686
2925.000	2.686
2926.000	2.686
2927.000	2.686
2928.000	2.685
2929.000	2.685
2930.000	2.685
2931.000	2.685
2932.000	2.685
2933.000	2.685
2934.000	2.684
2935.000	2.684
2936.000	2.684
2937.000	2.684
2938.000	2.683
2939.000	2.683
2940.000	2.683
2941.000	2.683
2942.000	2.683
2943.000	2.682
2944.000	2.682
2945.000	2.682
2946.000	2.682
2947.000	2.681
2948.000	2.681
2949.000	2.681
2950.000	2.681
2951.000	2.680
2952.000	2.680
2953.000	2.680
2954.000	2.680
2955.000	2.680
2956.000	2.679
2957.000	2.679
2958.000	2.679
2959.000	2.679
2960.000	2.679
2961.000	2.678
2962.000	2.678
2963.000	2.678
2964.000	2.678
2965.000	2.677
2966.000	2.677
2967.000	2.677
2968.000	2.677
2969.000	2.676
2970.000	2.676
2971.000	2.676
2972.000	2.675
2973.000	2.675
2974.000	2.675
2975.000	2.675
2976.000	2.674
2977.000	2.674
2978.000	2.674
2979.000	2.673
2980.000	2.673
2981.000	2.673
2982.000	2.673
2983.000	2.672
2984.000	2.672
2985.000	2.672
2986.000	2.672
2987.000	2.671
2988.000	2.671
2989.000	2.671
2990.000	2.670
2991.000	2.670
2992.000	2.670
2993.000	2.669
2994.000	2.669
2995.000	2.669
2996.000	2.668
2997.000	2.668
2998.000	2.668
2999.000	2.668
3000.000	2.667
3001.000	2.667
3002.000	2.667
3003.000	2.666
3004.000	2.666
3005.000	2.666
3006.000	2.665
3007.000	2.665
3008.000	2.665
3009.000	2.665
3010.000	2.665
3011.000	2.664
3012.000	2.664
3013.000	2.664
3014.000	2.663
3015.000	2.663
3016.000	2.663
3017.000	2.662
3018.000	2.662
3019.000	2.662
3020.000	2.662
3021.000	2.661
3022.000	2.661
3023.000	2.661
3024.000	2.661
3025.000	2.660
3026.000	2.660
3027.000	2.660
3028.000	2.659
3029.000	2.659
3030.000	2.659
3031.000	2.659
3032.000	2.658
3033.000	2.658
3034.000	2.658
3035.000	2.657
3036.000	2.657
3037.000	2.657
3038.000	2.657
3039.000	2.656
3040.000	2.656
3041.000	2.656
3042.000	2.656
3043.000	2.655
3044.000	2.655
3045.000	2.655
3046.000	2.654
3047.000	2.654
3048.000	2.654
3049.000	2.653
3050.000	2.653
3051.000	2.653
3052.000	2.653
3053.000	2.653
3054.000	2.652
3055.000	2.652
3056.000	2.652
3057.000	2.651
3058.000	2.651
3059.000	2.651
3060.000	2.650
3061.000	2.650
3062.000	2.650
3063.000	2.650
3064.000	2.650
3065.000	2.649
3066.000	2.649
3067.000	2.649
3068.000	2.648
3069.000	2.648
3070.000	2.648
3071.000	2.647
3072.000	2.647
3073.000	2.647
3074.000	2.646
3075.000	2.646
3076.000	2.646
3077.000	2.646
3078.000	2.646
3079.000	2.645
3080.000	2.645
3081.000	2.645
3082.000	2.644
3083.000	2.644
3084.000	2.644
3085.000	2.643
3086.000	2.643
3087.000	2.643
3088.000	2.643
3089.000	2.643
3090.000	2.642
3091.000	2.642
3092.000	2.642
3093.000	2.641
3094.000	2.641
3095.000	2.641
3096.000	2.640
3097.000	2.640
3098.000	2.640
3099.000	2.640
3100.000	2.640
3101.000	2.639
3102.000	2.639
3103.000	2.639
3104.000	2.638
3105.000	2.638
3106.000	2.638
3107.000	2.637
3108.000	2.637
3109.000	2.637
3110.000	2.637
3111.000	2.637
3112.000	2.636
3113.000	2.636
3114.000	2.636
3115.000	2.635
3116.000	2.635
3117.000	2.635
3118.000	2.634
3119.000	2.634
3120.000	2.634
3121.000	2.634
3122.000	2.634
3123.000	2.633
3124.000	2.633
3125.000	2.633
3126.000	2.632
3127.000	2.632
3128.000	2.632
3129.000	2.631
3130.000	2.631
3131.000	2.631
3132.000	2.631
3133.000	2.631
3134.000	2.630
3135.000	2.630
3136.000	2.630
3137.000	2.629
3138.000	2.629
3139.000	2.629
3140.000	2.628
3141.000	2.628
3142.000	2.628
3143.000	2.628
3144.000	2.628
3145.000	2.627
3146.000	2.627
3147.000	2.627
3148.000	2.626
3149.000	2.626
3150.000	2.626
3151.000	2.625
3152.000	2.625
3153.000	2.625
3154.000	2.625
3155.000	2.625
3156.000	2.624
3157.000	2.624
3158.000	2.624
3159.000	2.623
3160.000	2.623
3161.000	2.623
3162.000	2.622
3163.000	2.622
3164.000	2.622
3165.000	2.622
3166.000	2.622
3167.000	2.621
3168.000	2.621
3169.000	2.621
3170.000	2.620
3171.000	2.620
3172.000	2.620
3173.000	2.619
3174.000	2.619
3175.000	2.619
3176.000	2.619
3177.000	2.619
3178.000	2.618
3179.000	2.618
3180.000	2.618
3181.000	2.617
3182.000	2.617
3183.000	2.617
3184.000	2.617
3185.000	2.616
3186.000	2.616
3187.000	2.616
3188.000	2.616
3189.000	2.615
3190.000	2.615
3191.000	2.615
3192.000	2.614
3193.000	2.614
3194.000	2.614
3195.000	2.614
3196.000	2.613
3197.000	2.613
3198.000	2.613
3199.000	2.613
3200.000	2.612
3201.000	2.612
3202.000	2.612
3203.000	2.611
3204.000	2.611
3205.000	2.611
3206.000	2.611
3207.000	2.610
3208.000	2.610
3209.000	2.610
3210.000	2.610
3211.000	2.609
3212.000	2.609
3213.000	2.609
3214.000	2.609
3215.000	2.608
3216.000	2.608
3217.000	2.608
3218.000	2.607
3219.000	2.607
3220.000	2.607
3221.000	2.607
3222.000	2.606
3223.000	2.606
3224.000	2.606
3225.000	2.606
3226.000	2.605
3227.000	2.605
3228.000	2.605
3229.000	2.604
3230.000	2.604
3231.000	2.604
3232.000	2.604
3233.000	2.604
3234.000	2.603
3235.000	2.603
3236.000	2.603
3237.000	2.602
3238.000	2.602
3239.000	2.602
3240.000	2.602
3241.000	2.601
3242.000	2.601
3243.000	2.601
3244.000	2.601
3245.000	2.600
3246.000	2.600
3247.000	2.600
3248.000	2.599
3249.000	2.599
3250.000	2.599
3251.000	2.599
3252.000	2.598
3253.000	2.598
3254.000	2.598
3255.000	2.598
3256.000	2.597
3257.000	2.597
3258.000	2.597
3259.000	2.597
3260.000	2.596
3261.000	2.596
3262.000	2.596
3263.000	2.595
3264.000	2.595
3265.000	2.595
3266.000	2.595
3267.000	2.595
3268.000	2.594
3269.000	2.594
3270.000	2.594
3271.000	2.593
3272.000	2.593
3273.000	2.593
3274.000	2.593
3275.000	2.592
3276.000	2.592
3277.000	2.592
3278.000	2.592
3279.000	2.591
3280.000	2.591
3281.000	2.591
3282.000	2.590
3283.000	2.590
3284.000	2.590
3285.000	2.590
3286.000	2.589
3287.000	2.589
3288.000	2.589
3289.000	2.589
3290.000	2.588
3291.000	2.588
3292.000	2.588
3293.000	2.588
3294.000	2.587
3295.000	2.587
3296.000	2.587
3297.000	2.586
3298.000	2.586
3299.000	2.586
3300.000	2.586
3301.000	2.586
3302.000	2.585
3303.000	2.585
3304.000	2.585
3305.000	2.584
3306.000	2.584
3307.000	2.584
3308.000	2.584
3309.000	2.584
3310.000	2.583
3311.000	2.583
3312.000	2.583
3313.000	2.582
3314.000	2.582
3315.000	2.582
3316.000	2.582
3317.000	2.581
3318.000	2.581
3319.000	2.581
3320.000	2.581
3321.000	2.580
3322.000	2.580
3323.000	2.580
3324.000	2.580
3325.000	2.579
3326.000	2.579
3327.000	2.579
3328.000	2.578
3329.000	2.578
3330.000	2.578
3331.000	2.578
3332.000	2.578
3333.000	2.577
3334.000	2.577
3335.000	2.577
3336.000	2.577
3337.000	2.576
3338.000	2.576
3339.000	2.576
3340.000	2.575
3341.000	2.575
3342.000	2.575
3343.000	2.575
3344.000	2.575
3345.000	2.574
3346.000	2.574
3347.000	2.574
3348.000	2.574
3349.000	2.573
3350.000	2.573
3351.000	2.573
3352.000	2.573
3353.000	2.572
3354.000	2.572
3355.000	2.572
3356.000	2.572
3357.000	2.571
3358.000	2.571
3359.000	2.571
3360.000	2.571
3361.000	2.570
3362.000	2.570
3363.000	2.570
3364.000	2.570
3365.000	2.570
3366.000	2.569
3367.000	2.569
3368.000	2.569
3369.000	2.569
3370.000	2.568
3371.000	2.568
3372.000	2.568
3373.000	2.568
3374.000	2.567
3375.000	2.567
3376.000	2.567
3377.000	2.567
3378.000	2.567
3379.000	2.567
3380.000	2.566
3381.000	2.566
3382.000	2.566
3383.000	2.566
3384.000	2.565
3385.000	2.565
3386.000	2.565
3387.000	2.565
3388.000	2.565
3389.000	2.565
3390.000	2.564
3391.000	2.564
3392.000	2.564
3393.000	2.564
3394.000	2.563
3395.000	2.563
3396.000	2.563
3397.000	2.563
3398.000	2.563
3399.000	2.563
3400.000	2.562
3401.000	2.562
3402.000	2.562
3403.000	2.562
3404.000	2.561
3405.000	2.561
3406.000	2.561
3407.000	2.561
3408.000	2.561
3409.000	2.560
3410.000	2.560
3411.000	2.560
3412.000	2.560
3413.000	2.560
3414.000	2.559
3415.000	2.559
3416.000	2.559
3417.000	2.559
3418.000	2.559
3419.000	2.558
3420.000	2.558
3421.000	2.556
3422.000	2.556
3423.000	2.556
3424.000	2.555
3425.000	2.555
3426.000	2.555
3427.000	2.555
3428.000	2.555
3429.000	2.554
3430.000	2.554
3431.000	2.554
3432.000	2.554
3433.000	2.554
3434.000	2.553
3435.000	2.553
3436.000	2.553
3437.000	2.553
3438.000	2.553
3439.000	2.552
3440.000	2.552
3441.000	2.552
3442.000	2.552
3443.000	2.552
3444.000	2.552
3445.000	2.552
3446.000	2.551
3447.000	2.551
3448.000	2.551
3449.000	2.551
3450.000	2.551
3451.000	2.551
3452.000	2.550
3453.000	2.550
3454.000	2.550
3455.000	2.550
3456.000	2.550
3457.000	2.550
3458.000	2.550
3459.000	2.550
3460.000	2.549
3461.000	2.549
3462.000	2.549
3463.000	2.549
3464.000	2.549
3465.000	2.549
3466.000	2.549
3467.000	2.548
3468.000	2.548
3469.000	2.548
3470.000	2.548
3471.000	2.548
3472.000	2.548
3473.000	2.547
3474.000	2.547
3475.000	2.547
3476.000	2.547
3477.000	2.547
3478.000	2.547
3479.000	2.547
3480.000	2.547
3481.000	2.546
3482.000	2.546
3483.000	2.546
3484.000	2.546
3485.000	2.546
3486.000	2.546
3487.000	2.545
3488.000	2.545
3489.000	2.545
3490.000	2.545
3491.000	2.545
3492.000	2.545
3493.000	2.544
3494.000	2.544
3495.000	2.544
3496.000	2.544
3497.000	2.544
3498.000	2.543
3499.000	2.543
3500.000	2.543
3501.000	2.543
3502.000	2.543
3503.000	2.543
3504.000	2.542
3505.000	2.542
3506.000	2.542
3507.000	2.542
3508.000	2.542
3509.000	2.541
3510.000	2.541
3511.000	2.541
3512.000	2.541
3513.000	2.541
3514.000	2.540
3515.000	2.540
3516.000	2.540
3517.000	2.540
3518.000	2.540
3519.000	2.539
3520.000	2.539
3521.000	2.539
3522.000	2.539
3523.000	2.539
3524.000	2.539
3525.000	2.538
3526.000	2.538
3527.000	2.538
3528.000	2.538
3529.000	2.537
3530.000	2.537
3531.000	2.537
3532.000	2.537
3533.000	2.537
3534.000	2.536
3535.000	2.536
3536.000	2.536
3537.000	2.536
3538.000	2.535
3539.000	2.535
3540.000	2.535
3541.000	2.535
3542.000	2.534
3543.000	2.534
3544.000	2.534
3545.000	2.534
3546.000	2.534
3547.000	2.534
3548.000	2.533
3549.000	2.533
3550.000	2.533
3551.000	2.533
3552.000	2.532
3553.000	2.532
3554.000	2.532
3555.000	2.532
3556.000	2.532
3557.000	2.531
3558.000	2.531
3559.000	2.531
3560.000	2.531
3561.000	2.530
3562.000	2.530
3563.000	2.530
3564.000	2.530
3565.000	2.529
3566.000	2.529
3567.000	2.529
3568.000	2.529
3569.000	2.529
3570.000	2.529
3571.000	2.528
3572.000	2.528
3573.000	2.528
3574.000	2.528
3575.000	2.527
3576.000	2.527
3577.000	2.527
3578.000	2.527
3579.000	2.527
3580.000	2.526
3581.000	2.526
3582.000	2.526
3583.000	2.526
3584.000	2.526
3585.000	2.525
3586.000	2.525
3587.000	2.525
3588.000	2.525
3589.000	2.525
3590.000	2.525
3591.000	2.524
3592.000	2.524
3593.000	2.524
3594.000	2.524
3595.000	2.524
3596.000	2.523
3597.000	2.523
3598.000	2.523
3599.000	2.523
3600.000	2.523
3601.000	2.523
3602.000	2.522
3603.000	2.522
3604.000	2.522
3605.000	2.522
3606.000	2.522
3607.000	2.521
3608.000	2.521
3609.000	2.521
3610.000	2.521
3611.000	2.521
3612.000	2.521
3613.000	2.520
3614.000	2.520
3615.000	2.520
3616.000	2.520
3617.000	2.520
3618.000	2.519
3619.000	2.519
3620.000	2.519
3621.000	2.519
3622.000	2.519
3623.000	2.519
3624.000	2.519
3625.000	2.518
3626.000	2.518
3627.000	2.518
3628.000	2.518
3629.000	2.518
3630.000	2.518
3631.000	2.517
3632.000	2.517
3633.000	2.517
3634.000	2.517
3635.000	2.517
3636.000	2.517
3637.000	2.517
3638.000	2.516
3639.000	2.516
3640.000	2.516
3641.000	2.516
3642.000	2.516
3643.000	2.516
3644.000	2.516
3645.000	2.515
3646.000	2.515
3647.000	2.515
3648.000	2.515
3649.000	2.515
3650.000	2.515
3651.000	2.514
3652.000	2.514
3653.000	2.514
3654.000	2.514
3655.000	2.514
3656.000	2.514
3657.000	2.514
3658.000	2.513
3659.000	2.513
3660.000	2.513
3661.000	2.513
3662.000	2.513
3663.000	2.513
3664.000	2.512
3665.000	2.512
3666.000	2.512
3667.000	2.512
3668.000	2.512
3669.000	2.512
3670.000	2.511
3671.000	2.511
3672.000	2.511
3673.000	2.511
3674.000	2.511
3675.000	2.511
3676.000	2.510
3677.000	2.510
3678.000	2.510
3679.000	2.510
3680.000	2.510
3681.000	2.510
3682.000	2.510
3683.000	2.509
3684.000	2.509
3685.000	2.509
3686.000	2.509
3687.000	2.509
3688.000	2.509
3689.000	2.509
3690.000	2.508
3691.000	2.508
3692.000	2.508
3693.000	2.508
3694.000	2.508
3695.000	2.508
3696.000	2.507
3697.000	2.507
3698.000	2.507
3699.000	2.507
3700.000	2.507
3701.000	2.507
3702.000	2.506
3703.000	2.506
3704.000	2.506
3705.000	2.506
3706.000	2.506
3707.000	2.506
3708.000	2.505
3709.000	2.505
3710.000	2.505
3711.000	2.505
3712.000	2.505
3713.000	2.505
3714.000	2.504
3715.000	2.504
3716.000	2.504
3717.000	2.504
3718.000	2.504
3719.000	2.503
3720.000	2.503
3721.000	2.503
3722.000	2.503
3723.000	2.503
3724.000	2.503
3725.000	2.502
3726.000	2.502
3727.000	2.502
3728.000	2.502
3729.000	2.502
3730.000	2.502
3731.000	2.501
3732.000	2.501
3733.000	2.501
3734.000	2.501
3735.000	2.501
3736.000	2.501
3737.000	2.500
3738.000	2.500
3739.000	2.500
3740.000	2.500
3741.000	2.500
3742.000	2.499
3743.000	2.499
3744.000	2.499
3745.000	2.499
3746.000	2.499
3747.000	2.499
3748.000	2.499
3749.000	2.499
3750.000	2.499
3751.000	2.499
3752.000	2.499
3753.000	2.499
3754.000	2.499
3755.000	2.499
3756.000	2.499
3757.000	2.499
3758.000	2.499
3759.000	2.499
3760.000	2.499
3761.000	2.499
3762.000	2.499
3763.000	2.499
3764.000	2.499
3765.000	2.499
3766.000	2.499
3767.000	2.499
3768.000	2.499
3769.000	2.499
3770.000	2.499
3771.000	2.499
3772.000	2.499
3773.000	2.499
3774.000	2.499
3775.000	2.499
3776.000	2.499
3777.000	2.499
3778.000	2.499
3779.000	2.499
3780.000	2.499
3781.000	2.499
3782.000	2.499
3783.000	2.499
3784.000	2.499
3785.000	2.499
3786.000	2.499
3787.000	2.499
3788.000	2.499
3789.000	2.499
3790.000	2.499
3791.000	2.499
3792.000	2.499
3793.000	2.499
3794.000	2.499
3795.000	2.499
3796.000	2.499
3797.000	2.499
3798.000	2.499
3799.000	2.499
3800.000	2.499
3801.000	2.498
3802.000	2.498
3803.000	2.498
3804.000	2.498
3805.000	2.498
3806.000	2.498
3807.000	2.498
3808.000	2.498
3809.000	2.498
3810.000	2.498
3811.000	2.498
3812.000	2.498
3813.000	2.498
3814.000	2.475
3815.000	2.475
3816.000	2.475
3817.000	2.475
3818.000	2.475
3819.000	2.475
3820.000	2.475
3821.000	2.467
3822.000	2.467
3823.000	2.467
3824.000	2.467
3825.000	2.467
3826.000	2.467
3827.000	2.467
3828.000	2.467
3829.000	2.467
3830.000	2.467
3831.000	2.467
3832.000	2.467
3833.000	2.467
3834.000	2.467
3835.000	2.461
3836.000	2.461
3837.000	2.461
3838.000	2.461
3839.000	2.461
3840.000	2.461
3841.000	2.461
3842.000	2.461
3843.000	2.461
3844.000	2.461
3845.000	2.461
3846.000	2.461
3847.000	2.461
3848.000	2.461
3849.000	2.461
3850.000	2.461
3851.000	2.461
3852.000	2.461
3853.000	2.439
3854.000	2.439
3855.000	2.439
3856.000	2.439
3857.000	2.439
3858.000	2.439
3859.000	2.439
3860.000	2.438
3861.000	2.438
3862.000	2.438
3863.000	2.438
3864.000	2.438
3865.000	2.438
3866.000	2.438
3867.000	2.438
3868.000	2.438
3869.000	2.438
3870.000	2.438
3871.000	2.438
3872.000	2.408
3873.000	2.408
3874.000	2.408
3875.000	2.408
3876.000	2.408
3877.000	2.408
3878.000	2.408
3879.000	2.403
3880.000	2.403
3881.000	2.403
3882.000	2.403
3883.000	2.403
3884.000	2.403
3885.000	2.403
3886.000	2.403
3887.000	2.403
3888.000	2.403
3889.000	2.403
3890.000	2.403
3891.000	2.403
3892.000	2.403
3893.000	2.403
3894.000	2.403
3895.000	2.403
3896.000	2.403
3897.000	2.403
3898.000	2.403
3899.000	2.403
3900.000	2.403
3901.000	2.403
3902.000	2.403
3903.000	2.403
3904.000	2.392
3905.000	2.392
3906.000	2.392
3907.000	2.392
3908.000	2.392
3909.000	2.392
3910.000	2.392
3911.000	2.392
3912.000	2.392
3913.000	2.392
3914.000	2.392
3915.000	2.392
3916.000	2.392
3917.000	2.392
3918.000	2.392
3919.000	2.392
3920.000	2.392
3921.000	2.392
3922.000	2.392
3923.000	2.392
3924.000	2.392
3925.000	2.392
3926.000	2.392
3927.000	2.392
3928.000	2.392
3929.000	2.385
3930.000	2.385
3931.000	2.385
3932.000	2.385
3933.000	2.385
3934.000	2.385
3935.000	2.385
3936.000	2.385
3937.000	2.385
3938.000	2.385
3939.000	2.385
3940.000	2.385
3941.000	2.385
3942.000	2.385
3943.000	2.385
3944.000	2.385
3945.000	2.385
3946.000	2.385
3947.000	2.385
3948.000	2.385
3949.000	2.385
3950.000	2.385
3951.000	2.385
3952.000	2.385
3953.000	2.385
3954.000	2.385
3955.000	2.385
3956.000	2.385
3957.000	2.385
3958.000	2.385
3959.000	2.385
3960.000	2.385
3961.000	2.385
3962.000	2.385
3963.000	2.385
3964.000	2.385
3965.000	2.385
3966.000	2.385
3967.000	2.385
3968.000	2.385
3969.000	2.385
3970.000	2.385
3971.000	2.385
3972.000	2.385
3973.000	2.385
3974.000	2.385
3975.000	2.385
3976.000	2.385
3977.000	2.385
3978.000	2.385
3979.000	2.385
3980.000	2.385
3981.000	2.385
3982.000	2.385
3983.000	2.385
3984.000	2.385
3985.000	2.385
3986.000	2.385
3987.000	2.385
3988.000	2.385
3989.000	2.385
3990.000	2.385
3991.000	2.385
3992.000	2.385
3993.000	2.385
3994.000	2.385
3995.000	2.385
3996.000	2.385
3997.000	2.385
3998.000	2.385
3999.000	2.385
4000.000	2.385
4001.000	2.385
4002.000	2.385
4003.000	2.385
4004.000	2.385
4005.000	2.385
4006.000	2.385
4007.000	2.385
4008.000	2.385
4009.000	2.385
4010.000	2.385
4011.000	2.385
4012.000	2.385
4013.000	2.385
4014.000	2.385
4015.000	2.385
4016.000	2.385
4017.000	2.385
4018.000	2.385
4019.000	2.385
4020.000	2.385
4021.000	2.385
4022.000	2.385
4023.000	2.385
4024.000	2.385
4025.000	2.385
4026.000	2.385
4027.000	2.385
4028.000	2.385
4029.000	2.385
4030.000	2.385
4031.000	2.385
4032.000	2.385
4033.000	2.385
4034.000	2.385
4035.000	2.385
4036.000	2.374
4037.000	2.374
4038.000	2.374
4039.000	2.374
4040.000	2.374
4041.000	2.374
4042.000	2.374
4043.000	2.374
4044.000	2.374
4045.000	2.374
4046.000	2.374
4047.000	2.374
4048.000	2.368
4049.000	2.368
4050.000	2.368
4051.000	2.368
4052.000	2.368
4053.000	2.368
4054.000	2.368
4055.000	2.368
4056.000	2.368
4057.000	2.368
4058.000	2.368
4059.000	2.368
4060.000	2.368
4061.000	2.368
4062.000	2.368
4063.000	2.368
4064.000	2.368
4065.000	2.368
4066.000	2.368
4067.000	2.368
4068.000	2.368
4069.000	2.368
4070.000	2.368
4071.000	2.368
4072.000	2.368
4073.000	2.368
4074.000	2.368
4075.000	2.368
4076.000	2.368
4077.000	2.368
4078.000	2.368
4079.000	2.368
4080.000	2.368
4081.000	2.368
4082.000	2.368
4083.000	2.368
4084.000	2.368
4085.000	2.368
4086.000	2.368
4087.000	2.368
4088.000	2.368
4089.000	2.368
4090.000	2.368
4091.000	2.368
4092.000	2.368
4093.000	2.368
4094.000	2.368
4095.000	2.368
