0.000	35.326
1.000	35.325
2.000	35.325
3.000	35.325
4.000	35.325
5.000	35.325
6.000	35.325
7.000	35.324
8.000	35.324
9.000	35.324
10.000	35.324
11.000	35.324
12.000	35.323
13.000	35.323
14.000	35.323
15.000	35.323
16.000	35.323
17.000	35.323
18.000	35.322
19.000	35.322
20.000	35.322
21.000	35.322
22.000	35.322
23.000	35.322
24.000	35.321
25.000	35.321
26.000	35.321
27.000	35.321
28.000	35.321
29.000	35.321
30.000	35.320
31.000	35.320
32.000	35.320
33.000	35.320
34.000	35.320
35.000	35.319
36.000	35.319
37.000	35.319
38.000	35.319
39.000	35.319
40.000	35.319
41.000	35.318
42.000	35.318
43.000	35.318
44.000	35.318
45.000	35.318
46.000	35.318
47.000	35.317
48.000	35.317
49.000	35.317
50.000	35.317
51.000	35.317
52.000	35.317
53.000	35.316
54.000	35.316
55.000	35.316
56.000	35.316
57.000	35.316
58.000	35.316
59.000	35.315
60.000	35.315
61.000	35.315
62.000	35.315
63.000	35.315
64.000	35.314
65.000	35.314
66.000	35.314
67.000	35.314
68.000	35.314
69.000	35.314
70.000	35.313
71.000	35.313
72.000	35.313
73.000	35.313
74.000	35.313
75.000	35.313
76.000	35.312
77.000	35.312
78.000	35.312
79.000	35.312
80.000	35.312
81.000	35.312
82.000	35.311
83.000	35.311
84.000	35.311
85.000	35.311
86.000	35.311
87.000	35.310
88.000	35.310
89.000	35.310
90.000	35.310
91.000	35.310
92.000	35.310
93.000	35.309
94.000	35.309
95.000	35.309
96.000	35.309
97.000	35.309
98.000	35.309
99.000	35.308
100.000	35.308
101.000	35.308
102.000	35.308
103.000	35.308
104.000	35.308
105.000	35.307
106.000	35.307
107.000	35.307
108.000	35.307
109.000	35.307
110.000	35.306
111.000	35.306
112.000	35.306
113.000	35.306
114.000	35.306
115.000	35.306
116.000	35.305
117.000	35.305
118.000	35.305
119.000	35.305
120.000	35.305
121.000	35.305
122.000	35.304
123.000	35.304
124.000	35.304
125.000	35.304
126.000	35.304
127.000	35.304
128.000	35.303
129.000	35.303
130.000	35.303
131.000	35.303
132.000	35.303
133.000	35.302
134.000	35.302
135.000	35.302
136.000	35.302
137.000	35.302
138.000	35.302
139.000	35.301
140.000	35.301
141.000	35.301
142.000	35.301
143.000	35.301
144.000	35.301
145.000	35.300
146.000	35.300
147.000	35.300
148.000	35.300
149.000	35.300
150.000	35.300
151.000	35.299
152.000	35.299
153.000	35.299
154.000	35.299
155.000	35.299
156.000	35.299
157.000	35.298
158.000	35.298
159.000	35.298
160.000	35.298
161.000	35.298
162.000	35.297
163.000	35.297
164.000	35.297
165.000	35.297
166.000	35.297
167.000	35.297
168.000	35.296
169.000	35.296
170.000	35.296
171.000	35.296
172.000	35.296
173.000	35.296
174.000	35.295
175.000	35.295
176.000	35.295
177.000	35.295
178.000	35.295
179.000	35.295
180.000	35.294
181.000	35.294
182.000	35.294
183.000	35.294
184.000	35.294
185.000	35.293
186.000	35.293
187.000	35.293
188.000	35.293
189.000	35.293
190.000	35.293
191.000	35.292
192.000	35.292
193.000	35.292
194.000	35.292
195.000	35.292
196.000	35.292
197.000	35.291
198.000	35.291
199.000	35.291
200.000	35.291
201.000	35.291
202.000	35.291
203.000	35.290
204.000	35.290
205.000	35.290
206.000	35.290
207.000	35.290
208.000	35.289
209.000	35.289
210.000	35.289
211.000	35.289
212.000	35.289
213.000	35.289
214.000	35.288
215.000	35.288
216.000	35.288
217.000	35.288
218.000	35.288
219.000	35.288
220.000	35.287
221.000	35.287
222.000	35.287
223.000	35.287
224.000	35.287
225.000	35.287
226.000	35.286
227.000	35.286
228.000	35.286
229.000	35.286
230.000	35.286
231.000	35.286
232.000	35.285
233.000	35.285
234.000	35.285
235.000	35.285
236.000	35.285
237.000	35.284
238.000	35.284
239.000	35.284
240.000	35.284
241.000	35.284
242.000	35.284
243.000	35.283
244.000	35.283
245.000	35.283
246.000	35.283
247.000	35.283
248.000	35.283
249.000	35.282
250.000	35.282
251.000	35.282
252.000	35.282
253.000	35.282
254.000	35.282
255.000	35.281
256.000	35.281
257.000	35.281
258.000	35.281
259.000	35.281
260.000	35.280
261.000	35.280
262.000	35.280
263.000	35.280
264.000	35.280
265.000	35.280
266.000	35.279
267.000	35.279
268.000	35.279
269.000	35.279
270.000	35.279
271.000	35.279
272.000	35.278
273.000	35.278
274.000	35.278
275.000	35.278
276.000	35.278
277.000	35.278
278.000	35.277
279.000	35.277
280.000	35.277
281.000	35.277
282.000	35.277
283.000	35.276
284.000	35.276
285.000	35.276
286.000	35.276
287.000	35.276
288.000	35.276
289.000	35.275
290.000	35.275
291.000	35.275
292.000	35.275
293.000	35.275
294.000	35.275
295.000	35.274
296.000	35.274
297.000	35.274
298.000	35.274
299.000	35.274
300.000	35.274
301.000	35.273
302.000	35.273
303.000	35.273
304.000	35.273
305.000	35.273
306.000	35.272
307.000	35.272
308.000	35.272
309.000	35.272
310.000	35.272
311.000	35.272
312.000	35.271
313.000	35.271
314.000	35.271
315.000	35.271
316.000	35.271
317.000	35.271
318.000	35.270
319.000	35.270
320.000	35.270
321.000	35.270
322.000	35.270
323.000	35.270
324.000	35.269
325.000	35.269
326.000	35.269
327.000	35.269
328.000	35.269
329.000	35.269
330.000	35.268
331.000	35.268
332.000	35.268
333.000	35.268
334.000	35.268
335.000	35.267
336.000	35.267
337.000	35.267
338.000	35.267
339.000	35.267
340.000	35.267
341.000	35.266
342.000	35.266
343.000	35.266
344.000	35.266
345.000	35.266
346.000	35.266
347.000	35.265
348.000	35.265
349.000	35.265
350.000	35.265
351.000	35.265
352.000	35.265
353.000	35.264
354.000	35.264
355.000	35.264
356.000	35.264
357.000	35.264
358.000	35.263
359.000	35.263
360.000	35.263
361.000	35.263
362.000	35.263
363.000	35.263
364.000	35.262
365.000	35.262
366.000	35.262
367.000	35.262
368.000	35.262
369.000	35.262
370.000	35.261
371.000	35.261
372.000	35.261
373.000	35.261
374.000	35.261
375.000	35.261
376.000	35.260
377.000	35.260
378.000	35.260
379.000	35.260
380.000	35.260
381.000	35.259
382.000	35.259
383.000	35.259
384.000	35.259
385.000	35.259
386.000	35.259
387.000	35.258
388.000	35.258
389.000	35.258
390.000	35.258
391.000	35.258
392.000	35.258
393.000	35.257
394.000	35.257
395.000	35.257
396.000	35.257
397.000	35.257
398.000	35.257
399.000	35.256
400.000	35.256
401.000	35.256
402.000	35.256
403.000	35.256
404.000	35.256
405.000	35.255
406.000	35.255
407.000	35.255
408.000	35.255
409.000	35.255
410.000	35.254
411.000	35.254
412.000	35.254
413.000	35.254
414.000	35.254
415.000	35.254
416.000	35.253
417.000	35.253
418.000	35.253
419.000	35.253
420.000	35.253
421.000	35.253
422.000	35.252
423.000	35.252
424.000	35.252
425.000	35.252
426.000	35.252
427.000	35.252
428.000	35.251
429.000	35.251
430.000	35.251
431.000	35.251
432.000	35.251
433.000	35.250
434.000	35.250
435.000	35.250
436.000	35.250
437.000	35.250
438.000	35.250
439.000	35.249
440.000	35.249
441.000	35.249
442.000	35.249
443.000	35.249
444.000	35.249
445.000	35.248
446.000	35.248
447.000	35.248
448.000	35.248
449.000	35.248
450.000	35.248
451.000	35.247
452.000	35.247
453.000	35.247
454.000	35.247
455.000	35.247
456.000	35.246
457.000	35.246
458.000	35.246
459.000	35.246
460.000	35.246
461.000	35.246
462.000	35.245
463.000	35.245
464.000	35.245
465.000	35.245
466.000	35.245
467.000	35.245
468.000	35.244
469.000	35.244
470.000	35.244
471.000	35.244
472.000	35.244
473.000	35.244
474.000	35.243
475.000	35.243
476.000	35.243
477.000	35.243
478.000	35.243
479.000	35.242
480.000	35.242
481.000	35.242
482.000	35.242
483.000	35.242
484.000	35.242
485.000	35.241
486.000	35.241
487.000	35.241
488.000	35.241
489.000	35.241
490.000	35.241
491.000	35.240
492.000	35.240
493.000	35.240
494.000	35.240
495.000	35.240
496.000	35.240
497.000	35.239
498.000	35.239
499.000	35.239
500.000	35.239
501.000	35.239
502.000	35.239
503.000	35.238
504.000	35.238
505.000	35.238
506.000	35.238
507.000	35.238
508.000	35.237
509.000	35.237
510.000	35.237
511.000	35.237
512.000	35.237
513.000	35.237
514.000	35.236
515.000	35.236
516.000	35.236
517.000	35.236
518.000	35.236
519.000	35.236
520.000	35.235
521.000	35.235
522.000	35.235
523.000	35.235
524.000	35.235
525.000	35.235
526.000	35.234
527.000	35.234
528.000	35.234
529.000	35.234
530.000	35.234
531.000	35.233
532.000	35.233
533.000	35.233
534.000	35.233
535.000	35.233
536.000	35.233
537.000	35.232
538.000	35.232
539.000	35.232
540.000	35.232
541.000	35.232
542.000	35.232
543.000	35.231
544.000	35.231
545.000	35.231
546.000	35.231
547.000	35.231
548.000	35.231
549.000	35.230
550.000	35.230
551.000	35.230
552.000	35.230
553.000	35.230
554.000	35.229
555.000	35.229
556.000	35.229
557.000	35.229
558.000	35.229
559.000	35.229
560.000	35.228
561.000	35.228
562.000	35.228
563.000	35.228
564.000	35.228
565.000	35.228
566.000	35.227
567.000	35.227
568.000	35.227
569.000	35.227
570.000	35.227
571.000	35.227
572.000	35.226
573.000	35.226
574.000	35.226
575.000	35.226
576.000	35.226
577.000	35.225
578.000	35.225
579.000	35.225
580.000	35.225
581.000	35.225
582.000	35.225
583.000	35.224
584.000	35.224
585.000	35.224
586.000	35.224
587.000	35.224
588.000	35.224
589.000	35.223
590.000	35.223
591.000	35.223
592.000	35.223
593.000	35.223
594.000	35.223
595.000	35.222
596.000	35.222
597.000	35.222
598.000	35.222
599.000	35.222
600.000	35.222
601.000	35.221
602.000	35.221
603.000	35.221
604.000	35.221
605.000	35.221
606.000	35.220
607.000	35.220
608.000	35.220
609.000	35.220
610.000	35.220
611.000	35.220
612.000	35.219
613.000	35.219
614.000	35.219
615.000	35.219
616.000	35.219
617.000	35.219
618.000	35.218
619.000	35.218
620.000	35.218
621.000	35.218
622.000	35.218
623.000	35.218
624.000	35.217
625.000	35.217
626.000	35.217
627.000	35.217
628.000	35.217
629.000	35.216
630.000	35.216
631.000	35.216
632.000	35.216
633.000	35.216
634.000	35.216
635.000	35.215
636.000	35.215
637.000	35.215
638.000	35.215
639.000	35.215
640.000	35.215
641.000	35.214
642.000	35.214
643.000	35.214
644.000	35.214
645.000	35.214
646.000	35.214
647.000	35.213
648.000	35.213
649.000	35.213
650.000	35.213
651.000	35.213
652.000	35.212
653.000	35.212
654.000	35.212
655.000	35.212
656.000	35.212
657.000	35.212
658.000	35.211
659.000	35.211
660.000	35.211
661.000	35.211
662.000	35.211
663.000	35.211
664.000	35.210
665.000	35.210
666.000	35.210
667.000	35.210
668.000	35.210
669.000	35.210
670.000	35.209
671.000	35.209
672.000	35.209
673.000	35.209
674.000	35.209
675.000	35.209
676.000	35.208
677.000	35.208
678.000	35.208
679.000	35.208
680.000	35.208
681.000	35.207
682.000	35.207
683.000	35.207
684.000	35.207
685.000	35.207
686.000	35.207
687.000	35.206
688.000	35.206
689.000	35.206
690.000	35.206
691.000	35.206
692.000	35.206
693.000	35.205
694.000	35.205
695.000	35.205
696.000	35.205
697.000	35.205
698.000	35.205
699.000	35.204
700.000	35.204
701.000	35.204
702.000	35.204
703.000	35.204
704.000	35.203
705.000	35.203
706.000	35.203
707.000	35.203
708.000	35.203
709.000	35.203
710.000	35.202
711.000	35.202
712.000	35.202
713.000	35.202
714.000	35.202
715.000	35.202
716.000	35.201
717.000	35.201
718.000	35.201
719.000	35.201
720.000	35.201
721.000	35.201
722.000	35.200
723.000	35.200
724.000	35.200
725.000	35.200
726.000	35.200
727.000	35.199
728.000	35.199
729.000	35.199
730.000	35.199
731.000	35.199
732.000	35.199
733.000	35.198
734.000	35.198
735.000	35.198
736.000	35.198
737.000	35.198
738.000	35.198
739.000	35.197
740.000	35.197
741.000	35.197
742.000	35.197
743.000	35.197
744.000	35.197
745.000	35.196
746.000	35.196
747.000	35.196
748.000	35.196
749.000	35.196
750.000	35.195
751.000	35.195
752.000	35.195
753.000	35.195
754.000	35.195
755.000	35.195
756.000	35.194
757.000	35.194
758.000	35.194
759.000	35.194
760.000	35.194
761.000	35.194
762.000	35.193
763.000	35.193
764.000	35.193
765.000	35.193
766.000	35.193
767.000	35.193
768.000	35.192
769.000	35.192
770.000	35.192
771.000	35.192
772.000	35.192
773.000	35.192
774.000	35.191
775.000	35.191
776.000	35.191
777.000	35.191
778.000	35.191
779.000	35.190
780.000	35.190
781.000	35.190
782.000	35.190
783.000	35.190
784.000	35.190
785.000	35.189
786.000	35.189
787.000	35.189
788.000	35.189
789.000	35.189
790.000	35.189
791.000	35.188
792.000	35.188
793.000	35.188
794.000	35.188
795.000	35.188
796.000	35.188
797.000	35.187
798.000	35.187
799.000	35.187
800.000	35.187
801.000	35.187
802.000	35.186
803.000	35.186
804.000	35.186
805.000	35.186
806.000	35.186
807.000	35.186
808.000	35.185
809.000	35.185
810.000	35.185
811.000	35.185
812.000	35.185
813.000	35.185
814.000	35.184
815.000	35.184
816.000	35.184
817.000	35.184
818.000	35.184
819.000	35.184
820.000	35.183
821.000	35.183
822.000	35.183
823.000	35.183
824.000	35.183
825.000	35.182
826.000	35.182
827.000	35.182
828.000	35.182
829.000	35.182
830.000	35.182
831.000	35.181
832.000	35.181
833.000	35.181
834.000	35.181
835.000	35.181
836.000	35.181
837.000	35.180
838.000	35.180
839.000	35.180
840.000	35.180
841.000	35.180
842.000	35.180
843.000	35.179
844.000	35.179
845.000	35.179
846.000	35.179
847.000	35.179
848.000	35.179
849.000	35.178
850.000	35.178
851.000	35.178
852.000	35.178
853.000	35.178
854.000	35.177
855.000	35.177
856.000	35.177
857.000	35.177
858.000	35.177
859.000	35.177
860.000	35.176
861.000	35.176
862.000	35.176
863.000	35.176
864.000	35.176
865.000	35.176
866.000	35.175
867.000	35.175
868.000	35.175
869.000	35.175
870.000	35.175
871.000	35.175
872.000	35.174
873.000	35.174
874.000	35.174
875.000	35.174
876.000	35.174
877.000	35.173
878.000	35.173
879.000	35.173
880.000	35.173
881.000	35.173
882.000	35.173
883.000	35.172
884.000	35.172
885.000	35.172
886.000	35.172
887.000	35.172
888.000	35.172
889.000	35.171
890.000	35.171
891.000	35.171
892.000	35.171
893.000	35.171
894.000	35.171
895.000	35.170
896.000	35.170
897.000	35.170
898.000	35.170
899.000	35.170
900.000	35.169
901.000	35.169
902.000	35.169
903.000	35.169
904.000	35.169
905.000	35.169
906.000	35.168
907.000	35.168
908.000	35.168
909.000	35.168
910.000	35.168
911.000	35.168
912.000	35.167
913.000	35.167
914.000	35.167
915.000	35.167
916.000	35.167
917.000	35.167
918.000	35.166
919.000	35.166
920.000	35.166
921.000	35.166
922.000	35.166
923.000	35.165
924.000	35.165
925.000	35.165
926.000	35.165
927.000	35.165
928.000	35.165
929.000	35.164
930.000	35.164
931.000	35.164
932.000	35.164
933.000	35.164
934.000	35.164
935.000	35.163
936.000	35.163
937.000	35.163
938.000	35.163
939.000	35.163
940.000	35.163
941.000	35.162
942.000	35.162
943.000	35.162
944.000	35.162
945.000	35.162
946.000	35.162
947.000	35.161
948.000	35.161
949.000	35.161
950.000	35.161
951.000	35.161
952.000	35.160
953.000	35.160
954.000	35.160
955.000	35.160
956.000	35.160
957.000	35.160
958.000	35.159
959.000	35.159
960.000	35.159
961.000	35.159
962.000	35.159
963.000	35.159
964.000	35.158
965.000	35.158
966.000	35.158
967.000	35.158
968.000	35.158
969.000	35.158
970.000	35.157
971.000	35.157
972.000	35.157
973.000	35.157
974.000	35.157
975.000	35.156
976.000	35.156
977.000	35.156
978.000	35.156
979.000	35.156
980.000	35.156
981.000	35.155
982.000	35.155
983.000	35.155
984.000	35.155
985.000	35.155
986.000	35.155
987.000	35.154
988.000	35.154
989.000	35.154
990.000	35.154
991.000	35.154
992.000	35.154
993.000	35.153
994.000	35.153
995.000	35.153
996.000	35.153
997.000	35.153
998.000	35.152
999.000	35.152
1000.000	35.152
1001.000	35.152
1002.000	35.152
1003.000	35.152
1004.000	35.151
1005.000	35.151
1006.000	35.151
1007.000	35.151
1008.000	35.151
1009.000	35.151
1010.000	35.150
1011.000	35.150
1012.000	35.150
1013.000	35.150
1014.000	35.150
1015.000	35.150
1016.000	35.149
1017.000	35.149
1018.000	35.149
1019.000	35.149
1020.000	35.149
1021.000	35.148
1022.000	35.148
1023.000	35.148
1024.000	35.148
1025.000	35.148
1026.000	35.148
1027.000	35.147
1028.000	35.147
1029.000	35.147
1030.000	35.147
1031.000	35.147
1032.000	35.147
1033.000	35.146
1034.000	35.146
1035.000	35.146
1036.000	35.146
1037.000	35.146
1038.000	35.146
1039.000	35.145
1040.000	35.145
1041.000	35.145
1042.000	35.145
1043.000	35.145
1044.000	35.145
1045.000	35.144
1046.000	35.144
1047.000	35.144
1048.000	35.144
1049.000	35.144
1050.000	35.143
1051.000	35.143
1052.000	35.143
1053.000	35.143
1054.000	35.143
1055.000	35.143
1056.000	35.142
1057.000	35.142
1058.000	35.142
1059.000	35.142
1060.000	35.142
1061.000	35.142
1062.000	35.141
1063.000	35.141
1064.000	35.141
1065.000	35.141
1066.000	35.141
1067.000	35.141
1068.000	35.140
1069.000	35.140
1070.000	35.140
1071.000	35.140
1072.000	35.140
1073.000	35.139
1074.000	35.139
1075.000	35.139
1076.000	35.139
1077.000	35.139
1078.000	35.139
1079.000	35.138
1080.000	35.138
1081.000	35.138
1082.000	35.138
1083.000	35.138
1084.000	35.138
1085.000	35.137
1086.000	35.137
1087.000	35.137
1088.000	35.137
1089.000	35.137
1090.000	35.137
1091.000	35.136
1092.000	35.136
1093.000	35.136
1094.000	35.136
1095.000	35.136
1096.000	35.135
1097.000	35.135
1098.000	35.135
1099.000	35.135
1100.000	35.135
1101.000	35.135
1102.000	35.134
1103.000	35.134
1104.000	35.134
1105.000	35.134
1106.000	35.134
1107.000	35.134
1108.000	35.133
1109.000	35.133
1110.000	35.133
1111.000	35.133
1112.000	35.133
1113.000	35.133
1114.000	35.132
1115.000	35.132
1116.000	35.132
1117.000	35.132
1118.000	35.132
1119.000	35.132
1120.000	35.131
1121.000	35.131
1122.000	35.131
1123.000	35.131
1124.000	35.131
1125.000	35.130
1126.000	35.130
1127.000	35.130
1128.000	35.130
1129.000	35.130
1130.000	35.130
1131.000	35.129
1132.000	35.129
1133.000	35.129
1134.000	35.129
1135.000	35.129
1136.000	35.129
1137.000	35.128
1138.000	35.128
1139.000	35.128
1140.000	35.128
1141.000	35.128
1142.000	35.128
1143.000	35.127
1144.000	35.127
1145.000	35.127
1146.000	35.127
1147.000	35.127
1148.000	35.126
1149.000	35.126
1150.000	35.126
1151.000	35.126
1152.000	35.126
1153.000	35.126
1154.000	35.125
1155.000	35.125
1156.000	35.125
1157.000	35.125
1158.000	35.125
1159.000	35.125
1160.000	35.124
1161.000	35.124
1162.000	35.124
1163.000	35.124
1164.000	35.124
1165.000	35.124
1166.000	35.123
1167.000	35.123
1168.000	35.123
1169.000	35.123
1170.000	35.123
1171.000	35.122
1172.000	35.122
1173.000	35.122
1174.000	35.122
1175.000	35.122
1176.000	35.122
1177.000	35.121
1178.000	35.121
1179.000	35.121
1180.000	35.121
1181.000	35.121
1182.000	35.121
1183.000	35.120
1184.000	35.120
1185.000	35.120
1186.000	35.120
1187.000	35.120
1188.000	35.120
1189.000	35.119
1190.000	35.119
1191.000	35.119
1192.000	35.119
1193.000	35.119
1194.000	35.118
1195.000	35.118
1196.000	35.118
1197.000	35.118
1198.000	35.118
1199.000	35.118
1200.000	35.117
1201.000	35.117
1202.000	35.117
1203.000	35.117
1204.000	35.117
1205.000	35.117
1206.000	35.116
1207.000	35.116
1208.000	35.116
1209.000	35.116
1210.000	35.116
1211.000	35.116
1212.000	35.115
1213.000	35.115
1214.000	35.115
1215.000	35.115
1216.000	35.115
1217.000	35.115
1218.000	35.114
1219.000	35.114
1220.000	35.114
1221.000	35.114
1222.000	35.114
1223.000	35.113
1224.000	35.113
1225.000	35.113
1226.000	35.113
1227.000	35.113
1228.000	35.113
1229.000	35.112
1230.000	35.112
1231.000	35.112
1232.000	35.112
1233.000	35.112
1234.000	35.112
1235.000	35.111
1236.000	35.111
1237.000	35.111
1238.000	35.111
1239.000	35.111
1240.000	35.111
1241.000	35.110
1242.000	35.110
1243.000	35.110
1244.000	35.110
1245.000	35.110
1246.000	35.109
1247.000	35.109
1248.000	35.109
1249.000	35.109
1250.000	35.109
1251.000	35.109
1252.000	35.108
1253.000	35.108
1254.000	35.108
1255.000	35.108
1256.000	35.108
1257.000	35.108
1258.000	35.107
1259.000	35.107
1260.000	35.107
1261.000	35.107
1262.000	35.107
1263.000	35.107
1264.000	35.106
1265.000	35.106
1266.000	35.106
1267.000	35.106
1268.000	35.106
1269.000	35.105
1270.000	35.105
1271.000	35.105
1272.000	35.105
1273.000	35.105
1274.000	35.105
1275.000	35.104
1276.000	35.104
1277.000	35.104
1278.000	35.104
1279.000	35.104
1280.000	35.104
1281.000	35.103
1282.000	35.103
1283.000	35.103
1284.000	35.103
1285.000	35.103
1286.000	35.103
1287.000	35.102
1288.000	35.102
1289.000	35.102
1290.000	35.102
1291.000	35.102
1292.000	35.101
1293.000	35.101
1294.000	35.101
1295.000	35.101
1296.000	35.101
1297.000	35.101
1298.000	35.100
1299.000	35.100
1300.000	35.100
1301.000	35.100
1302.000	35.100
1303.000	35.100
1304.000	35.099
1305.000	35.099
1306.000	35.099
1307.000	35.099
1308.000	35.099
1309.000	35.099
1310.000	35.098
1311.000	35.098
1312.000	35.098
1313.000	35.098
1314.000	35.098
1315.000	35.098
1316.000	35.097
1317.000	35.097
1318.000	35.097
1319.000	35.097
1320.000	35.097
1321.000	35.096
1322.000	35.096
1323.000	35.096
1324.000	35.096
1325.000	35.096
1326.000	35.096
1327.000	35.095
1328.000	35.095
1329.000	35.095
1330.000	35.095
1331.000	35.095
1332.000	35.095
1333.000	35.094
1334.000	35.094
1335.000	35.094
1336.000	35.094
1337.000	35.094
1338.000	35.094
1339.000	35.093
1340.000	35.093
1341.000	35.093
1342.000	35.093
1343.000	35.093
1344.000	35.092
1345.000	35.092
1346.000	35.092
1347.000	35.092
1348.000	35.092
1349.000	35.092
1350.000	35.091
1351.000	35.091
1352.000	35.091
1353.000	35.091
1354.000	35.091
1355.000	35.091
1356.000	35.090
1357.000	35.090
1358.000	35.090
1359.000	35.090
1360.000	35.090
1361.000	35.090
1362.000	35.089
1363.000	35.089
1364.000	35.089
1365.000	35.089
1366.000	35.089
1367.000	35.088
1368.000	35.088
1369.000	35.088
1370.000	35.088
1371.000	35.088
1372.000	35.088
1373.000	35.087
1374.000	35.087
1375.000	35.087
1376.000	35.087
1377.000	35.087
1378.000	35.087
1379.000	35.086
1380.000	35.086
1381.000	35.086
1382.000	35.086
1383.000	35.086
1384.000	35.086
1385.000	35.085
1386.000	35.085
1387.000	35.085
1388.000	35.085
1389.000	35.085
1390.000	35.085
1391.000	35.084
1392.000	35.084
1393.000	35.084
1394.000	35.084
1395.000	35.084
1396.000	35.083
1397.000	35.083
1398.000	35.083
1399.000	35.083
1400.000	35.083
1401.000	35.083
1402.000	35.082
1403.000	35.082
1404.000	35.082
1405.000	35.082
1406.000	35.082
1407.000	35.082
1408.000	35.081
1409.000	35.081
1410.000	35.081
1411.000	35.081
1412.000	35.081
1413.000	35.081
1414.000	35.080
1415.000	35.080
1416.000	35.080
1417.000	35.080
1418.000	35.080
1419.000	35.079
1420.000	35.079
1421.000	35.079
1422.000	35.079
1423.000	35.079
1424.000	35.079
1425.000	35.078
1426.000	35.078
1427.000	35.078
1428.000	35.078
1429.000	35.078
1430.000	35.078
1431.000	35.077
1432.000	35.077
1433.000	35.077
1434.000	35.077
1435.000	35.077
1436.000	35.077
1437.000	35.076
1438.000	35.076
1439.000	35.076
1440.000	35.076
1441.000	35.076
1442.000	35.075
1443.000	35.075
1444.000	35.075
1445.000	35.075
1446.000	35.075
1447.000	35.075
1448.000	35.074
1449.000	35.074
1450.000	35.074
1451.000	35.074
1452.000	35.074
1453.000	35.074
1454.000	35.073
1455.000	35.073
1456.000	35.073
1457.000	35.073
1458.000	35.073
1459.000	35.073
1460.000	35.072
1461.000	35.072
1462.000	35.072
1463.000	35.072
1464.000	35.072
1465.000	35.071
1466.000	35.071
1467.000	35.071
1468.000	35.071
1469.000	35.071
1470.000	35.071
1471.000	35.070
1472.000	35.070
1473.000	35.070
1474.000	35.070
1475.000	35.070
1476.000	35.070
1477.000	35.069
1478.000	35.069
1479.000	35.069
1480.000	35.069
1481.000	35.069
1482.000	35.069
1483.000	35.068
1484.000	35.068
1485.000	35.068
1486.000	35.068
1487.000	35.068
1488.000	35.068
1489.000	35.067
1490.000	35.067
1491.000	35.067
1492.000	35.067
1493.000	35.067
1494.000	35.066
1495.000	35.066
1496.000	35.066
1497.000	35.066
1498.000	35.066
1499.000	35.066
1500.000	35.065
1501.000	35.065
1502.000	35.065
1503.000	35.065
1504.000	35.065
1505.000	35.065
1506.000	35.064
1507.000	35.064
1508.000	35.064
1509.000	35.064
1510.000	35.064
1511.000	35.064
1512.000	35.063
1513.000	35.063
1514.000	35.063
1515.000	35.063
1516.000	35.063
1517.000	35.062
1518.000	35.062
1519.000	35.062
1520.000	35.062
1521.000	35.062
1522.000	35.062
1523.000	35.061
1524.000	35.061
1525.000	35.061
1526.000	35.061
1527.000	35.061
1528.000	35.061
1529.000	35.060
1530.000	35.060
1531.000	35.060
1532.000	35.060
1533.000	35.060
1534.000	35.060
1535.000	35.059
1536.000	35.059
1537.000	35.059
1538.000	35.059
1539.000	35.059
1540.000	35.058
1541.000	35.058
1542.000	35.058
1543.000	35.058
1544.000	35.058
1545.000	35.058
1546.000	35.057
1547.000	35.057
1548.000	35.057
1549.000	35.057
1550.000	35.057
1551.000	35.057
1552.000	35.056
1553.000	35.056
1554.000	35.056
1555.000	35.056
1556.000	35.056
1557.000	35.056
1558.000	35.055
1559.000	35.055
1560.000	35.055
1561.000	35.055
1562.000	35.055
1563.000	35.055
1564.000	35.054
1565.000	35.054
1566.000	35.054
1567.000	35.054
1568.000	35.054
1569.000	35.053
1570.000	35.053
1571.000	35.053
1572.000	35.053
1573.000	35.053
1574.000	35.053
1575.000	35.052
1576.000	35.052
1577.000	35.052
1578.000	35.052
1579.000	35.052
1580.000	35.052
1581.000	35.051
1582.000	35.051
1583.000	35.051
1584.000	35.051
1585.000	35.051
1586.000	35.051
1587.000	35.050
1588.000	35.050
1589.000	35.050
1590.000	35.050
1591.000	35.050
1592.000	35.049
1593.000	35.049
1594.000	35.049
1595.000	35.049
1596.000	35.049
1597.000	35.049
1598.000	35.048
1599.000	35.048
1600.000	35.048
1601.000	35.048
1602.000	35.048
1603.000	35.048
1604.000	35.047
1605.000	35.047
1606.000	35.047
1607.000	35.047
1608.000	35.047
1609.000	35.047
1610.000	35.046
1611.000	35.046
1612.000	35.046
1613.000	35.046
1614.000	35.046
1615.000	35.045
1616.000	35.045
1617.000	35.045
1618.000	35.045
1619.000	35.045
1620.000	35.045
1621.000	35.044
1622.000	35.044
1623.000	35.044
1624.000	35.044
1625.000	35.044
1626.000	35.044
1627.000	35.043
1628.000	35.043
1629.000	35.043
1630.000	35.043
1631.000	35.043
1632.000	35.043
1633.000	35.042
1634.000	35.042
1635.000	35.042
1636.000	35.042
1637.000	35.042
1638.000	35.041
1639.000	35.041
1640.000	35.041
1641.000	35.041
1642.000	35.041
1643.000	35.041
1644.000	35.040
1645.000	35.040
1646.000	35.040
1647.000	35.040
1648.000	35.040
1649.000	35.040
1650.000	35.039
1651.000	35.039
1652.000	35.039
1653.000	35.039
1654.000	35.039
1655.000	35.039
1656.000	35.038
1657.000	35.038
1658.000	35.038
1659.000	35.038
1660.000	35.038
1661.000	35.038
1662.000	35.037
1663.000	35.037
1664.000	35.037
1665.000	35.037
1666.000	35.037
1667.000	35.036
1668.000	35.036
1669.000	35.036
1670.000	35.036
1671.000	35.036
1672.000	35.036
1673.000	35.035
1674.000	35.035
1675.000	35.035
1676.000	35.035
1677.000	35.035
1678.000	35.035
1679.000	35.034
1680.000	35.034
1681.000	35.034
1682.000	35.034
1683.000	35.034
1684.000	35.034
1685.000	35.033
1686.000	35.033
1687.000	35.033
1688.000	35.033
1689.000	35.033
1690.000	35.032
1691.000	35.032
1692.000	35.032
1693.000	35.032
1694.000	35.032
1695.000	35.032
1696.000	35.031
1697.000	35.031
1698.000	35.031
1699.000	35.031
1700.000	35.031
1701.000	35.031
1702.000	35.030
1703.000	35.030
1704.000	35.030
1705.000	35.030
1706.000	35.030
1707.000	35.030
1708.000	35.029
1709.000	35.029
1710.000	35.029
1711.000	35.029
1712.000	35.029
1713.000	35.028
1714.000	35.028
1715.000	35.028
1716.000	35.028
1717.000	35.028
1718.000	35.028
1719.000	35.027
1720.000	35.027
1721.000	35.027
1722.000	35.027
1723.000	35.027
1724.000	35.027
1725.000	35.026
1726.000	35.026
1727.000	35.026
1728.000	35.026
1729.000	35.026
1730.000	35.026
1731.000	35.025
1732.000	35.025
1733.000	35.025
1734.000	35.025
1735.000	35.025
1736.000	35.024
1737.000	35.024
1738.000	35.024
1739.000	35.024
1740.000	35.024
1741.000	35.024
1742.000	35.023
1743.000	35.023
1744.000	35.023
1745.000	35.023
1746.000	35.023
1747.000	35.023
1748.000	35.022
1749.000	35.022
1750.000	35.022
1751.000	35.022
1752.000	35.022
1753.000	35.022
1754.000	35.021
1755.000	35.021
1756.000	35.021
1757.000	35.021
1758.000	35.021
1759.000	35.021
1760.000	35.020
1761.000	35.020
1762.000	35.020
1763.000	35.020
1764.000	35.020
1765.000	35.019
1766.000	35.019
1767.000	35.019
1768.000	35.019
1769.000	35.019
1770.000	35.019
1771.000	35.018
1772.000	35.018
1773.000	35.018
1774.000	35.018
1775.000	35.018
1776.000	35.018
1777.000	35.017
1778.000	35.017
1779.000	35.017
1780.000	35.017
1781.000	35.017
1782.000	35.017
1783.000	35.016
1784.000	35.016
1785.000	35.016
1786.000	35.016
1787.000	35.016
1788.000	35.015
1789.000	35.015
1790.000	35.015
1791.000	35.015
1792.000	35.015
1793.000	35.015
1794.000	35.014
1795.000	35.014
1796.000	35.014
1797.000	35.014
1798.000	35.014
1799.000	35.014
1800.000	35.013
1801.000	35.013
1802.000	35.013
1803.000	35.013
1804.000	35.013
1805.000	35.013
1806.000	35.012
1807.000	35.012
1808.000	35.012
1809.000	35.012
1810.000	35.012
1811.000	35.011
1812.000	35.011
1813.000	35.011
1814.000	35.011
1815.000	35.011
1816.000	35.011
1817.000	35.010
1818.000	35.010
1819.000	35.010
1820.000	35.010
1821.000	35.010
1822.000	35.010
1823.000	35.009
1824.000	35.009
1825.000	35.009
1826.000	35.009
1827.000	35.009
1828.000	35.009
1829.000	35.008
1830.000	35.008
1831.000	35.008
1832.000	35.008
1833.000	35.008
1834.000	35.008
1835.000	35.007
1836.000	35.007
1837.000	35.007
1838.000	35.007
1839.000	35.007
1840.000	35.006
1841.000	35.006
1842.000	35.006
1843.000	35.006
1844.000	35.006
1845.000	35.006
1846.000	35.005
1847.000	35.005
1848.000	35.005
1849.000	35.005
1850.000	35.005
1851.000	35.005
1852.000	35.004
1853.000	35.004
1854.000	35.004
1855.000	35.004
1856.000	35.004
1857.000	35.004
1858.000	35.003
1859.000	35.003
1860.000	35.003
1861.000	35.003
1862.000	35.003
1863.000	35.002
1864.000	35.002
1865.000	35.002
1866.000	35.002
1867.000	35.002
1868.000	35.002
1869.000	35.001
1870.000	35.001
1871.000	35.001
1872.000	35.001
1873.000	35.001
1874.000	35.001
1875.000	35.000
1876.000	35.000
1877.000	35.000
1878.000	35.000
1879.000	35.000
1880.000	35.000
1881.000	34.999
1882.000	34.999
1883.000	34.999
1884.000	34.999
1885.000	34.999
1886.000	34.998
1887.000	34.998
1888.000	34.998
1889.000	34.998
1890.000	34.998
1891.000	34.998
1892.000	34.997
1893.000	34.997
1894.000	34.997
1895.000	34.997
1896.000	34.997
1897.000	34.997
1898.000	34.996
1899.000	34.996
1900.000	34.996
1901.000	34.996
1902.000	34.996
1903.000	34.996
1904.000	34.995
1905.000	34.995
1906.000	34.995
1907.000	34.995
1908.000	34.995
1909.000	34.994
1910.000	34.994
1911.000	34.994
1912.000	34.994
1913.000	34.994
1914.000	34.994
1915.000	34.993
1916.000	34.993
1917.000	34.993
1918.000	34.993
1919.000	34.993
1920.000	34.993
1921.000	34.992
1922.000	34.992
1923.000	34.992
1924.000	34.992
1925.000	34.992
1926.000	34.992
1927.000	34.991
1928.000	34.991
1929.000	34.991
1930.000	34.991
1931.000	34.991
1932.000	34.991
1933.000	34.990
1934.000	34.990
1935.000	34.990
1936.000	34.990
1937.000	34.990
1938.000	34.989
1939.000	34.989
1940.000	34.989
1941.000	34.989
1942.000	34.989
1943.000	34.989
1944.000	34.988
1945.000	34.988
1946.000	34.988
1947.000	34.988
1948.000	34.988
1949.000	34.988
1950.000	34.987
1951.000	34.987
1952.000	34.987
1953.000	34.987
1954.000	34.987
1955.000	34.987
1956.000	34.986
1957.000	34.986
1958.000	34.986
1959.000	34.986
1960.000	34.986
1961.000	34.985
1962.000	34.985
1963.000	34.985
1964.000	34.985
1965.000	34.985
1966.000	34.985
1967.000	34.984
1968.000	34.984
1969.000	34.984
1970.000	34.984
1971.000	34.984
1972.000	34.984
1973.000	34.983
1974.000	34.983
1975.000	34.983
1976.000	34.983
1977.000	34.983
1978.000	34.983
1979.000	34.982
1980.000	34.982
1981.000	34.982
1982.000	34.982
1983.000	34.982
1984.000	34.981
1985.000	34.981
1986.000	34.981
1987.000	34.981
1988.000	34.981
1989.000	34.981
1990.000	34.980
1991.000	34.980
1992.000	34.980
1993.000	34.980
1994.000	34.980
1995.000	34.980
1996.000	34.979
1997.000	34.979
1998.000	34.979
1999.000	34.979
2000.000	34.979
2001.000	34.979
2002.000	34.978
2003.000	34.978
2004.000	34.978
2005.000	34.978
2006.000	34.978
2007.000	34.977
2008.000	34.977
2009.000	34.977
2010.000	34.977
2011.000	34.977
2012.000	34.977
2013.000	34.976
2014.000	34.976
2015.000	34.976
2016.000	34.976
2017.000	34.976
2018.000	34.976
2019.000	34.975
2020.000	34.975
2021.000	34.975
2022.000	34.975
2023.000	34.975
2024.000	34.975
2025.000	34.974
2026.000	34.974
2027.000	34.974
2028.000	34.974
2029.000	34.974
2030.000	34.974
2031.000	34.973
2032.000	34.973
2033.000	34.973
2034.000	34.973
2035.000	34.973
2036.000	34.972
2037.000	34.972
2038.000	34.972
2039.000	34.972
2040.000	34.972
2041.000	34.972
2042.000	34.971
2043.000	34.971
2044.000	34.971
2045.000	34.971
2046.000	34.971
2047.000	34.971
2048.000	34.970
2049.000	34.970
2050.000	34.970
2051.000	34.970
2052.000	34.970
2053.000	34.970
2054.000	34.969
2055.000	34.969
2056.000	34.969
2057.000	34.969
2058.000	34.969
2059.000	34.968
2060.000	34.968
2061.000	34.968
2062.000	34.968
2063.000	34.968
2064.000	34.968
2065.000	34.967
2066.000	34.967
2067.000	34.967
2068.000	34.967
2069.000	34.967
2070.000	34.967
2071.000	34.966
2072.000	34.966
2073.000	34.966
2074.000	34.966
2075.000	34.966
2076.000	34.966
2077.000	34.965
2078.000	34.965
2079.000	34.965
2080.000	34.965
2081.000	34.965
2082.000	34.964
2083.000	34.964
2084.000	34.964
2085.000	34.964
2086.000	34.964
2087.000	34.964
2088.000	34.963
2089.000	34.963
2090.000	34.963
2091.000	34.963
2092.000	34.963
2093.000	34.963
2094.000	34.962
2095.000	34.962
2096.000	34.962
2097.000	34.962
2098.000	34.962
2099.000	34.962
2100.000	34.961
2101.000	34.961
2102.000	34.961
2103.000	34.961
2104.000	34.961
2105.000	34.961
2106.000	34.960
2107.000	34.960
2108.000	34.960
2109.000	34.960
2110.000	34.960
2111.000	34.959
2112.000	34.959
2113.000	34.959
2114.000	34.959
2115.000	34.959
2116.000	34.959
2117.000	34.958
2118.000	34.958
2119.000	34.958
2120.000	34.958
2121.000	34.958
2122.000	34.958
2123.000	34.957
2124.000	34.957
2125.000	34.957
2126.000	34.957
2127.000	34.957
2128.000	34.957
2129.000	34.956
2130.000	34.956
2131.000	34.956
2132.000	34.956
2133.000	34.956
2134.000	34.955
2135.000	34.955
2136.000	34.955
2137.000	34.955
2138.000	34.955
2139.000	34.955
2140.000	34.954
2141.000	34.954
2142.000	34.954
2143.000	34.954
2144.000	34.954
2145.000	34.954
2146.000	34.953
2147.000	34.953
2148.000	34.953
2149.000	34.953
2150.000	34.953
2151.000	34.953
2152.000	34.952
2153.000	34.952
2154.000	34.952
2155.000	34.952
2156.000	34.952
2157.000	34.951
2158.000	34.951
2159.000	34.951
2160.000	34.951
2161.000	34.951
2162.000	34.951
2163.000	34.950
2164.000	34.950
2165.000	34.950
2166.000	34.950
2167.000	34.950
2168.000	34.950
2169.000	34.949
2170.000	34.949
2171.000	34.949
2172.000	34.949
2173.000	34.949
2174.000	34.949
2175.000	34.948
2176.000	34.948
2177.000	34.948
2178.000	34.948
2179.000	34.948
2180.000	34.947
2181.000	34.947
2182.000	34.947
2183.000	34.947
2184.000	34.947
2185.000	34.947
2186.000	34.946
2187.000	34.946
2188.000	34.946
2189.000	34.946
2190.000	34.946
2191.000	34.946
2192.000	34.945
2193.000	34.945
2194.000	34.945
2195.000	34.945
2196.000	34.945
2197.000	34.945
2198.000	34.944
2199.000	34.944
2200.000	34.944
2201.000	34.944
2202.000	34.944
2203.000	34.944
2204.000	34.943
2205.000	34.943
2206.000	34.943
2207.000	34.943
2208.000	34.943
2209.000	34.942
2210.000	34.942
2211.000	34.942
2212.000	34.942
2213.000	34.942
2214.000	34.942
2215.000	34.941
2216.000	34.941
2217.000	34.941
2218.000	34.941
2219.000	34.941
2220.000	34.941
2221.000	34.940
2222.000	34.940
2223.000	34.940
2224.000	34.940
2225.000	34.940
2226.000	34.940
2227.000	34.939
2228.000	34.939
2229.000	34.939
2230.000	34.939
2231.000	34.939
2232.000	34.938
2233.000	34.938
2234.000	34.938
2235.000	34.938
2236.000	34.938
2237.000	34.938
2238.000	34.937
2239.000	34.937
2240.000	34.937
2241.000	34.937
2242.000	34.937
2243.000	34.937
2244.000	34.936
2245.000	34.936
2246.000	34.936
2247.000	34.936
2248.000	34.936
2249.000	34.936
2250.000	34.935
2251.000	34.935
2252.000	34.935
2253.000	34.935
2254.000	34.935
2255.000	34.934
2256.000	34.934
2257.000	34.934
2258.000	34.934
2259.000	34.934
2260.000	34.934
2261.000	34.933
2262.000	34.933
2263.000	34.933
2264.000	34.933
2265.000	34.933
2266.000	34.933
2267.000	34.932
2268.000	34.932
2269.000	34.932
2270.000	34.932
2271.000	34.932
2272.000	34.932
2273.000	34.931
2274.000	34.931
2275.000	34.931
2276.000	34.931
2277.000	34.931
2278.000	34.931
2279.000	34.930
2280.000	34.930
2281.000	34.930
2282.000	34.930
2283.000	34.930
2284.000	34.929
2285.000	34.929
2286.000	34.929
2287.000	34.929
2288.000	34.929
2289.000	34.929
2290.000	34.928
2291.000	34.928
2292.000	34.928
2293.000	34.928
2294.000	34.928
2295.000	34.928
2296.000	34.927
2297.000	34.927
2298.000	34.927
2299.000	34.927
2300.000	34.927
2301.000	34.927
2302.000	34.926
2303.000	34.926
2304.000	34.926
2305.000	34.926
2306.000	34.926
2307.000	34.925
2308.000	34.925
2309.000	34.925
2310.000	34.925
2311.000	34.925
2312.000	34.925
2313.000	34.924
2314.000	34.924
2315.000	34.924
2316.000	34.924
2317.000	34.924
2318.000	34.924
2319.000	34.923
2320.000	34.923
2321.000	34.923
2322.000	34.923
2323.000	34.923
2324.000	34.923
2325.000	34.922
2326.000	34.922
2327.000	34.922
2328.000	34.922
2329.000	34.922
2330.000	34.921
2331.000	34.921
2332.000	34.921
2333.000	34.921
2334.000	34.921
2335.000	34.921
2336.000	34.920
2337.000	34.920
2338.000	34.920
2339.000	34.920
2340.000	34.920
2341.000	34.920
2342.000	34.919
2343.000	34.919
2344.000	34.919
2345.000	34.919
2346.000	34.919
2347.000	34.919
2348.000	34.918
2349.000	34.918
2350.000	34.918
2351.000	34.918
2352.000	34.918
2353.000	34.917
2354.000	34.917
2355.000	34.917
2356.000	34.917
2357.000	34.917
2358.000	34.917
2359.000	34.916
2360.000	34.916
2361.000	34.916
2362.000	34.916
2363.000	34.916
2364.000	34.916
2365.000	34.915
2366.000	34.915
2367.000	34.915
2368.000	34.915
2369.000	34.915
2370.000	34.915
2371.000	34.914
2372.000	34.914
2373.000	34.914
2374.000	34.914
2375.000	34.914
2376.000	34.914
2377.000	34.913
2378.000	34.913
2379.000	34.913
2380.000	34.913
2381.000	34.913
2382.000	34.912
2383.000	34.912
2384.000	34.912
2385.000	34.912
2386.000	34.912
2387.000	34.912
2388.000	34.911
2389.000	34.911
2390.000	34.911
2391.000	34.911
2392.000	34.911
2393.000	34.911
2394.000	34.910
2395.000	34.910
2396.000	34.910
2397.000	34.910
2398.000	34.910
2399.000	34.910
2400.000	34.909
2401.000	34.909
2402.000	34.909
2403.000	34.909
2404.000	34.909
2405.000	34.908
2406.000	34.908
2407.000	34.908
2408.000	34.908
2409.000	34.908
2410.000	34.908
2411.000	34.907
2412.000	34.907
2413.000	34.907
2414.000	34.907
2415.000	34.907
2416.000	34.907
2417.000	34.906
2418.000	34.906
2419.000	34.906
2420.000	34.906
2421.000	34.906
2422.000	34.906
2423.000	34.905
2424.000	34.905
2425.000	34.905
2426.000	34.905
2427.000	34.905
2428.000	34.904
2429.000	34.904
2430.000	34.904
2431.000	34.904
2432.000	34.904
2433.000	34.904
2434.000	34.903
2435.000	34.903
2436.000	34.903
2437.000	34.903
2438.000	34.903
2439.000	34.903
2440.000	34.902
2441.000	34.902
2442.000	34.902
2443.000	34.902
2444.000	34.902
2445.000	34.902
2446.000	34.901
2447.000	34.901
2448.000	34.901
2449.000	34.901
2450.000	34.901
2451.000	34.900
2452.000	34.900
2453.000	34.900
2454.000	34.900
2455.000	34.900
2456.000	34.900
2457.000	34.899
2458.000	34.899
2459.000	34.899
2460.000	34.899
2461.000	34.899
2462.000	34.899
2463.000	34.898
2464.000	34.898
2465.000	34.898
2466.000	34.898
2467.000	34.898
2468.000	34.898
2469.000	34.897
2470.000	34.897
2471.000	34.897
2472.000	34.897
2473.000	34.897
2474.000	34.897
2475.000	34.896
2476.000	34.896
2477.000	34.896
2478.000	34.896
2479.000	34.896
2480.000	34.895
2481.000	34.895
2482.000	34.895
2483.000	34.895
2484.000	34.895
2485.000	34.895
2486.000	34.894
2487.000	34.894
2488.000	34.894
2489.000	34.894
2490.000	34.894
2491.000	34.894
2492.000	34.893
2493.000	34.893
2494.000	34.893
2495.000	34.893
2496.000	34.893
2497.000	34.893
2498.000	34.892
2499.000	34.892
2500.000	34.892
2501.000	34.892
2502.000	34.892
2503.000	34.891
2504.000	34.891
2505.000	34.891
2506.000	34.891
2507.000	34.891
2508.000	34.891
2509.000	34.890
2510.000	34.890
2511.000	34.890
2512.000	34.890
2513.000	34.890
2514.000	34.890
2515.000	34.889
2516.000	34.889
2517.000	34.889
2518.000	34.889
2519.000	34.889
2520.000	34.889
2521.000	34.888
2522.000	34.888
2523.000	34.888
2524.000	34.888
2525.000	34.888
2526.000	34.887
2527.000	34.887
2528.000	34.887
2529.000	34.887
2530.000	34.887
2531.000	34.887
2532.000	34.886
2533.000	34.886
2534.000	34.886
2535.000	34.886
2536.000	34.886
2537.000	34.886
2538.000	34.885
2539.000	34.885
2540.000	34.885
2541.000	34.885
2542.000	34.885
2543.000	34.885
2544.000	34.884
2545.000	34.884
2546.000	34.884
2547.000	34.884
2548.000	34.884
2549.000	34.884
2550.000	34.883
2551.000	34.883
2552.000	34.883
2553.000	34.883
2554.000	34.883
2555.000	34.882
2556.000	34.882
2557.000	34.882
2558.000	34.882
2559.000	34.882
2560.000	34.882
2561.000	34.881
2562.000	34.881
2563.000	34.881
2564.000	34.881
2565.000	34.881
2566.000	34.881
2567.000	34.880
2568.000	34.880
2569.000	34.880
2570.000	34.880
2571.000	34.880
2572.000	34.880
2573.000	34.879
2574.000	34.879
2575.000	34.879
2576.000	34.879
2577.000	34.879
2578.000	34.878
2579.000	34.878
2580.000	34.878
2581.000	34.878
2582.000	34.878
2583.000	34.878
2584.000	34.877
2585.000	34.877
2586.000	34.877
2587.000	34.877
2588.000	34.877
2589.000	34.877
2590.000	34.876
2591.000	34.876
2592.000	34.876
2593.000	34.876
2594.000	34.876
2595.000	34.876
2596.000	34.875
2597.000	34.875
2598.000	34.875
2599.000	34.875
2600.000	34.875
2601.000	34.874
2602.000	34.874
2603.000	34.874
2604.000	34.874
2605.000	34.874
2606.000	34.874
2607.000	34.873
2608.000	34.873
2609.000	34.873
2610.000	34.873
2611.000	34.873
2612.000	34.873
2613.000	34.872
2614.000	34.872
2615.000	34.872
2616.000	34.872
2617.000	34.872
2618.000	34.872
2619.000	34.871
2620.000	34.871
2621.000	34.871
2622.000	34.871
2623.000	34.871
2624.000	34.870
2625.000	34.870
2626.000	34.870
2627.000	34.870
2628.000	34.870
2629.000	34.870
2630.000	34.869
2631.000	34.869
2632.000	34.869
2633.000	34.869
2634.000	34.869
2635.000	34.869
2636.000	34.868
2637.000	34.868
2638.000	34.868
2639.000	34.868
2640.000	34.868
2641.000	34.868
2642.000	34.867
2643.000	34.867
2644.000	34.867
2645.000	34.867
2646.000	34.867
2647.000	34.867
2648.000	34.866
2649.000	34.866
2650.000	34.866
2651.000	34.866
2652.000	34.866
2653.000	34.865
2654.000	34.865
2655.000	34.865
2656.000	34.865
2657.000	34.865
2658.000	34.865
2659.000	34.864
2660.000	34.864
2661.000	34.864
2662.000	34.864
2663.000	34.864
2664.000	34.864
2665.000	34.863
2666.000	34.863
2667.000	34.863
2668.000	34.863
2669.000	34.863
2670.000	34.863
2671.000	34.862
2672.000	34.862
2673.000	34.862
2674.000	34.862
2675.000	34.862
2676.000	34.861
2677.000	34.861
2678.000	34.861
2679.000	34.861
2680.000	34.861
2681.000	34.861
2682.000	34.860
2683.000	34.860
2684.000	34.860
2685.000	34.860
2686.000	34.860
2687.000	34.860
2688.000	34.859
2689.000	34.859
2690.000	34.859
2691.000	34.859
2692.000	34.859
2693.000	34.859
2694.000	34.858
2695.000	34.858
2696.000	34.858
2697.000	34.858
2698.000	34.858
2699.000	34.857
2700.000	34.857
2701.000	34.857
2702.000	34.857
2703.000	34.857
2704.000	34.857
2705.000	34.856
2706.000	34.856
2707.000	34.856
2708.000	34.856
2709.000	34.856
2710.000	34.856
2711.000	34.855
2712.000	34.855
2713.000	34.855
2714.000	34.855
2715.000	34.855
2716.000	34.855
2717.000	34.854
2718.000	34.854
2719.000	34.854
2720.000	34.854
2721.000	34.854
2722.000	34.853
2723.000	34.853
2724.000	34.853
2725.000	34.853
2726.000	34.853
2727.000	34.853
2728.000	34.852
2729.000	34.852
2730.000	34.852
2731.000	34.852
2732.000	34.852
2733.000	34.852
2734.000	34.851
2735.000	34.851
2736.000	34.851
2737.000	34.851
2738.000	34.851
2739.000	34.851
2740.000	34.850
2741.000	34.850
2742.000	34.850
2743.000	34.850
2744.000	34.850
2745.000	34.850
2746.000	34.849
2747.000	34.849
2748.000	34.849
2749.000	34.849
2750.000	34.849
2751.000	34.848
2752.000	34.848
2753.000	34.848
2754.000	34.848
2755.000	34.848
2756.000	34.848
2757.000	34.847
2758.000	34.847
2759.000	34.847
2760.000	34.847
2761.000	34.847
2762.000	34.847
2763.000	34.846
2764.000	34.846
2765.000	34.846
2766.000	34.846
2767.000	34.846
2768.000	34.846
2769.000	34.845
2770.000	34.845
2771.000	34.845
2772.000	34.845
2773.000	34.845
2774.000	34.844
2775.000	34.844
2776.000	34.844
2777.000	34.844
2778.000	34.844
2779.000	34.844
2780.000	34.843
2781.000	34.843
2782.000	34.843
2783.000	34.843
2784.000	34.843
2785.000	34.843
2786.000	34.842
2787.000	34.842
2788.000	34.842
2789.000	34.842
2790.000	34.842
2791.000	34.842
2792.000	34.841
2793.000	34.841
2794.000	34.841
2795.000	34.841
2796.000	34.841
2797.000	34.840
2798.000	34.840
2799.000	34.840
2800.000	34.840
2801.000	34.840
2802.000	34.840
2803.000	34.839
2804.000	34.839
2805.000	34.839
2806.000	34.839
2807.000	34.839
2808.000	34.839
2809.000	34.838
2810.000	34.838
2811.000	34.838
2812.000	34.838
2813.000	34.838
2814.000	34.838
2815.000	34.837
2816.000	34.837
2817.000	34.837
2818.000	34.837
2819.000	34.837
2820.000	34.837
2821.000	34.836
2822.000	34.836
2823.000	34.836
2824.000	34.836
2825.000	34.836
2826.000	34.835
2827.000	34.835
2828.000	34.835
2829.000	34.835
2830.000	34.835
2831.000	34.835
2832.000	34.834
2833.000	34.834
2834.000	34.834
2835.000	34.834
2836.000	34.834
2837.000	34.834
2838.000	34.833
2839.000	34.833
2840.000	34.833
2841.000	34.833
2842.000	34.833
2843.000	34.833
2844.000	34.832
2845.000	34.832
2846.000	34.832
2847.000	34.832
2848.000	34.832
2849.000	34.831
2850.000	34.831
2851.000	34.831
2852.000	34.831
2853.000	34.831
2854.000	34.831
2855.000	34.830
2856.000	34.830
2857.000	34.830
2858.000	34.830
2859.000	34.830
2860.000	34.830
2861.000	34.829
2862.000	34.829
2863.000	34.829
2864.000	34.829
2865.000	34.829
2866.000	34.829
2867.000	34.828
2868.000	34.828
2869.000	34.828
2870.000	34.828
2871.000	34.828
2872.000	34.827
2873.000	34.827
2874.000	34.827
2875.000	34.827
2876.000	34.827
2877.000	34.827
2878.000	34.826
2879.000	34.826
2880.000	34.826
2881.000	34.826
2882.000	34.826
2883.000	34.826
2884.000	34.825
2885.000	34.825
2886.000	34.825
2887.000	34.825
2888.000	34.825
2889.000	34.825
2890.000	34.824
2891.000	34.824
2892.000	34.824
2893.000	34.824
2894.000	34.824
2895.000	34.823
2896.000	34.823
2897.000	34.823
2898.000	34.823
2899.000	34.823
2900.000	34.823
2901.000	34.822
2902.000	34.822
2903.000	34.822
2904.000	34.822
2905.000	34.822
2906.000	34.822
2907.000	34.821
2908.000	34.821
2909.000	34.821
2910.000	34.821
2911.000	34.821
2912.000	34.821
2913.000	34.820
2914.000	34.820
2915.000	34.820
2916.000	34.820
2917.000	34.820
2918.000	34.820
2919.000	34.819
2920.000	34.819
2921.000	34.819
2922.000	34.819
2923.000	34.819
2924.000	34.818
2925.000	34.818
2926.000	34.818
2927.000	34.818
2928.000	34.818
2929.000	34.818
2930.000	34.817
2931.000	34.817
2932.000	34.817
2933.000	34.817
2934.000	34.817
2935.000	34.817
2936.000	34.816
2937.000	34.816
2938.000	34.816
2939.000	34.816
2940.000	34.816
2941.000	34.816
2942.000	34.815
2943.000	34.815
2944.000	34.815
2945.000	34.815
2946.000	34.815
2947.000	34.814
2948.000	34.814
2949.000	34.814
2950.000	34.814
2951.000	34.814
2952.000	34.814
2953.000	34.813
2954.000	34.813
2955.000	34.813
2956.000	34.813
2957.000	34.813
2958.000	34.813
2959.000	34.812
2960.000	34.812
2961.000	34.812
2962.000	34.812
2963.000	34.812
2964.000	34.812
2965.000	34.811
2966.000	34.811
2967.000	34.811
2968.000	34.811
2969.000	34.811
2970.000	34.810
2971.000	34.810
2972.000	34.810
2973.000	34.810
2974.000	34.810
2975.000	34.810
2976.000	34.809
2977.000	34.809
2978.000	34.809
2979.000	34.809
2980.000	34.809
2981.000	34.809
2982.000	34.808
2983.000	34.808
2984.000	34.808
2985.000	34.808
2986.000	34.808
2987.000	34.808
2988.000	34.807
2989.000	34.807
2990.000	34.807
2991.000	34.807
2992.000	34.807
2993.000	34.807
2994.000	34.806
2995.000	34.806
2996.000	34.806
2997.000	34.806
2998.000	34.806
2999.000	34.805
3000.000	34.805
3001.000	34.805
3002.000	34.805
3003.000	34.805
3004.000	34.805
3005.000	34.804
3006.000	34.804
3007.000	34.804
3008.000	34.804
3009.000	34.804
3010.000	34.804
3011.000	34.803
3012.000	34.803
3013.000	34.803
3014.000	34.803
3015.000	34.803
3016.000	34.803
3017.000	34.802
3018.000	34.802
3019.000	34.802
3020.000	34.802
3021.000	34.802
3022.000	34.801
3023.000	34.801
3024.000	34.801
3025.000	34.801
3026.000	34.801
3027.000	34.801
3028.000	34.800
3029.000	34.800
3030.000	34.800
3031.000	34.800
3032.000	34.800
3033.000	34.800
3034.000	34.799
3035.000	34.799
3036.000	34.799
3037.000	34.799
3038.000	34.799
3039.000	34.799
3040.000	34.798
3041.000	34.798
3042.000	34.798
3043.000	34.798
3044.000	34.798
3045.000	34.797
3046.000	34.797
3047.000	34.797
3048.000	34.797
3049.000	34.797
3050.000	34.797
3051.000	34.796
3052.000	34.796
3053.000	34.796
3054.000	34.796
3055.000	34.796
3056.000	34.796
3057.000	34.795
3058.000	34.795
3059.000	34.795
3060.000	34.795
3061.000	34.795
3062.000	34.795
3063.000	34.794
3064.000	34.794
3065.000	34.794
3066.000	34.794
3067.000	34.794
3068.000	34.793
3069.000	34.793
3070.000	34.793
3071.000	34.793
3072.000	34.793
3073.000	34.793
3074.000	34.792
3075.000	34.792
3076.000	34.792
3077.000	34.792
3078.000	34.792
3079.000	34.792
3080.000	34.791
3081.000	34.791
3082.000	34.791
3083.000	34.791
3084.000	34.791
3085.000	34.791
3086.000	34.790
3087.000	34.790
3088.000	34.790
3089.000	34.790
3090.000	34.790
3091.000	34.790
3092.000	34.789
3093.000	34.789
3094.000	34.789
3095.000	34.789
3096.000	34.789
3097.000	34.788
3098.000	34.788
3099.000	34.788
3100.000	34.788
3101.000	34.788
3102.000	34.788
3103.000	34.787
3104.000	34.787
3105.000	34.787
3106.000	34.787
3107.000	34.787
3108.000	34.787
3109.000	34.786
3110.000	34.786
3111.000	34.786
3112.000	34.786
3113.000	34.786
3114.000	34.786
3115.000	34.785
3116.000	34.785
3117.000	34.785
3118.000	34.785
3119.000	34.785
3120.000	34.784
3121.000	34.784
3122.000	34.784
3123.000	34.784
3124.000	34.784
3125.000	34.784
3126.000	34.783
3127.000	34.783
3128.000	34.783
3129.000	34.783
3130.000	34.783
3131.000	34.783
3132.000	34.782
3133.000	34.782
3134.000	34.782
3135.000	34.782
3136.000	34.782
3137.000	34.782
3138.000	34.781
3139.000	34.781
3140.000	34.781
3141.000	34.781
3142.000	34.781
3143.000	34.780
3144.000	34.780
3145.000	34.780
3146.000	34.780
3147.000	34.780
3148.000	34.780
3149.000	34.779
3150.000	34.779
3151.000	34.779
3152.000	34.779
3153.000	34.779
3154.000	34.779
3155.000	34.778
3156.000	34.778
3157.000	34.778
3158.000	34.778
3159.000	34.778
3160.000	34.778
3161.000	34.777
3162.000	34.777
3163.000	34.777
3164.000	34.777
3165.000	34.777
3166.000	34.776
3167.000	34.776
3168.000	34.776
3169.000	34.776
3170.000	34.776
3171.000	34.776
3172.000	34.775
3173.000	34.775
3174.000	34.775
3175.000	34.775
3176.000	34.775
3177.000	34.775
3178.000	34.774
3179.000	34.774
3180.000	34.774
3181.000	34.774
3182.000	34.774
3183.000	34.774
3184.000	34.773
3185.000	34.773
3186.000	34.773
3187.000	34.773
3188.000	34.773
3189.000	34.773
3190.000	34.772
3191.000	34.772
3192.000	34.772
3193.000	34.772
3194.000	34.772
3195.000	34.771
3196.000	34.771
3197.000	34.771
3198.000	34.771
3199.000	34.771
3200.000	34.771
3201.000	34.770
3202.000	34.770
3203.000	34.770
3204.000	34.770
3205.000	34.770
3206.000	34.770
3207.000	34.769
3208.000	34.769
3209.000	34.769
3210.000	34.769
3211.000	34.769
3212.000	34.769
3213.000	34.768
3214.000	34.768
3215.000	34.768
3216.000	34.768
3217.000	34.768
3218.000	34.767
3219.000	34.767
3220.000	34.767
3221.000	34.767
3222.000	34.767
3223.000	34.767
3224.000	34.766
3225.000	34.766
3226.000	34.766
3227.000	34.766
3228.000	34.766
3229.000	34.766
3230.000	34.765
3231.000	34.765
3232.000	34.765
3233.000	34.765
3234.000	34.765
3235.000	34.765
3236.000	34.764
3237.000	34.764
3238.000	34.764
3239.000	34.764
3240.000	34.764
3241.000	34.763
3242.000	34.763
3243.000	34.763
3244.000	34.763
3245.000	34.763
3246.000	34.763
3247.000	34.762
3248.000	34.762
3249.000	34.762
3250.000	34.762
3251.000	34.762
3252.000	34.762
3253.000	34.761
3254.000	34.761
3255.000	34.761
3256.000	34.761
3257.000	34.761
3258.000	34.761
3259.000	34.760
3260.000	34.760
3261.000	34.760
3262.000	34.760
3263.000	34.760
3264.000	34.760
3265.000	34.759
3266.000	34.759
3267.000	34.759
3268.000	34.759
3269.000	34.759
3270.000	34.758
3271.000	34.758
3272.000	34.758
3273.000	34.758
3274.000	34.758
3275.000	34.758
3276.000	34.757
3277.000	34.757
3278.000	34.757
3279.000	34.757
3280.000	34.757
3281.000	34.757
3282.000	34.756
3283.000	34.756
3284.000	34.756
3285.000	34.756
3286.000	34.756
3287.000	34.756
3288.000	34.755
3289.000	34.755
3290.000	34.755
3291.000	34.755
3292.000	34.755
3293.000	34.754
3294.000	34.754
3295.000	34.754
3296.000	34.754
3297.000	34.754
3298.000	34.754
3299.000	34.753
3300.000	34.753
3301.000	34.753
3302.000	34.753
3303.000	34.753
3304.000	34.753
3305.000	34.752
3306.000	34.752
3307.000	34.752
3308.000	34.752
3309.000	34.752
3310.000	34.752
3311.000	34.751
3312.000	34.751
3313.000	34.751
3314.000	34.751
3315.000	34.751
3316.000	34.750
3317.000	34.750
3318.000	34.750
3319.000	34.750
3320.000	34.750
3321.000	34.750
3322.000	34.749
3323.000	34.749
3324.000	34.749
3325.000	34.749
3326.000	34.749
3327.000	34.749
3328.000	34.748
3329.000	34.748
3330.000	34.748
3331.000	34.748
3332.000	34.748
3333.000	34.748
3334.000	34.747
3335.000	34.747
3336.000	34.747
3337.000	34.747
3338.000	34.747
3339.000	34.746
3340.000	34.746
3341.000	34.746
3342.000	34.746
3343.000	34.746
3344.000	34.746
3345.000	34.745
3346.000	34.745
3347.000	34.745
3348.000	34.745
3349.000	34.745
3350.000	34.745
3351.000	34.744
3352.000	34.744
3353.000	34.744
3354.000	34.744
3355.000	34.744
3356.000	34.744
3357.000	34.743
3358.000	34.743
3359.000	34.743
3360.000	34.743
3361.000	34.743
3362.000	34.743
3363.000	34.742
3364.000	34.742
3365.000	34.742
3366.000	34.742
3367.000	34.742
3368.000	34.741
3369.000	34.741
3370.000	34.741
3371.000	34.741
3372.000	34.741
3373.000	34.741
3374.000	34.740
3375.000	34.740
3376.000	34.740
3377.000	34.740
3378.000	34.740
3379.000	34.740
3380.000	34.739
3381.000	34.739
3382.000	34.739
3383.000	34.739
3384.000	34.739
3385.000	34.739
3386.000	34.738
3387.000	34.738
3388.000	34.738
3389.000	34.738
3390.000	34.738
3391.000	34.737
3392.000	34.737
3393.000	34.737
3394.000	34.737
3395.000	34.737
3396.000	34.737
3397.000	34.736
3398.000	34.736
3399.000	34.736
3400.000	34.736
3401.000	34.736
3402.000	34.736
3403.000	34.735
3404.000	34.735
3405.000	34.735
3406.000	34.735
3407.000	34.735
3408.000	34.735
3409.000	34.734
3410.000	34.734
3411.000	34.734
3412.000	34.734
3413.000	34.734
3414.000	34.733
3415.000	34.733
3416.000	34.733
3417.000	34.733
3418.000	34.733
3419.000	34.733
3420.000	34.732
3421.000	34.732
3422.000	34.732
3423.000	34.732
3424.000	34.732
3425.000	34.732
3426.000	34.731
3427.000	34.731
3428.000	34.731
3429.000	34.731
3430.000	34.731
3431.000	34.731
3432.000	34.730
3433.000	34.730
3434.000	34.730
3435.000	34.730
3436.000	34.730
3437.000	34.729
3438.000	34.729
3439.000	34.729
3440.000	34.729
3441.000	34.729
3442.000	34.729
3443.000	34.728
3444.000	34.728
3445.000	34.728
3446.000	34.728
3447.000	34.728
3448.000	34.728
3449.000	34.727
3450.000	34.727
3451.000	34.727
3452.000	34.727
3453.000	34.727
3454.000	34.727
3455.000	34.726
3456.000	34.726
3457.000	34.726
3458.000	34.726
3459.000	34.726
3460.000	34.726
3461.000	34.725
3462.000	34.725
3463.000	34.725
3464.000	34.725
3465.000	34.725
3466.000	34.724
3467.000	34.724
3468.000	34.724
3469.000	34.724
3470.000	34.724
3471.000	34.724
3472.000	34.723
3473.000	34.723
3474.000	34.723
3475.000	34.723
3476.000	34.723
3477.000	34.723
3478.000	34.722
3479.000	34.722
3480.000	34.722
3481.000	34.722
3482.000	34.722
3483.000	34.722
3484.000	34.721
3485.000	34.721
3486.000	34.721
3487.000	34.721
3488.000	34.721
3489.000	34.720
3490.000	34.720
3491.000	34.720
3492.000	34.720
3493.000	34.720
3494.000	34.720
3495.000	34.719
3496.000	34.719
3497.000	34.719
3498.000	34.719
3499.000	34.719
3500.000	34.719
3501.000	34.718
3502.000	34.718
3503.000	34.718
3504.000	34.718
3505.000	34.718
3506.000	34.718
3507.000	34.717
3508.000	34.717
3509.000	34.717
3510.000	34.717
3511.000	34.717
3512.000	34.716
3513.000	34.716
3514.000	34.716
3515.000	34.716
3516.000	34.716
3517.000	34.716
3518.000	34.715
3519.000	34.715
3520.000	34.715
3521.000	34.715
3522.000	34.715
3523.000	34.715
3524.000	34.714
3525.000	34.714
3526.000	34.714
3527.000	34.714
3528.000	34.714
3529.000	34.714
3530.000	34.713
3531.000	34.713
3532.000	34.713
3533.000	34.713
3534.000	34.713
3535.000	34.713
3536.000	34.712
3537.000	34.712
3538.000	34.712
3539.000	34.712
3540.000	34.712
3541.000	34.711
3542.000	34.711
3543.000	34.711
3544.000	34.711
3545.000	34.711
3546.000	34.711
3547.000	34.710
3548.000	34.710
3549.000	34.710
3550.000	34.710
3551.000	34.710
3552.000	34.710
3553.000	34.709
3554.000	34.709
3555.000	34.709
3556.000	34.709
3557.000	34.709
3558.000	34.709
3559.000	34.708
3560.000	34.708
3561.000	34.708
3562.000	34.708
3563.000	34.708
3564.000	34.707
3565.000	34.707
3566.000	34.707
3567.000	34.707
3568.000	34.707
3569.000	34.707
3570.000	34.706
3571.000	34.706
3572.000	34.706
3573.000	34.706
3574.000	34.706
3575.000	34.706
3576.000	34.705
3577.000	34.705
3578.000	34.705
3579.000	34.705
3580.000	34.705
3581.000	34.705
3582.000	34.704
3583.000	34.704
3584.000	34.704
3585.000	34.704
3586.000	34.704
3587.000	34.703
3588.000	34.703
3589.000	34.703
3590.000	34.703
3591.000	34.703
3592.000	34.703
3593.000	34.702
3594.000	34.702
3595.000	34.702
3596.000	34.702
3597.000	34.702
3598.000	34.702
3599.000	34.701
3600.000	34.701
3601.000	34.701
3602.000	34.701
3603.000	34.701
3604.000	34.701
3605.000	34.700
3606.000	34.700
3607.000	34.700
3608.000	34.700
3609.000	34.700
3610.000	34.699
3611.000	34.699
3612.000	34.699
3613.000	34.699
3614.000	34.699
3615.000	34.699
3616.000	34.698
3617.000	34.698
3618.000	34.698
3619.000	34.698
3620.000	34.698
3621.000	34.698
3622.000	34.697
3623.000	34.697
3624.000	34.697
3625.000	34.697
3626.000	34.697
3627.000	34.697
3628.000	34.696
3629.000	34.696
3630.000	34.696
3631.000	34.696
3632.000	34.696
3633.000	34.696
3634.000	34.695
3635.000	34.695
3636.000	34.695
3637.000	34.695
3638.000	34.695
3639.000	34.694
3640.000	34.694
3641.000	34.694
3642.000	34.694
3643.000	34.694
3644.000	34.694
3645.000	34.693
3646.000	34.693
3647.000	34.693
3648.000	34.693
3649.000	34.693
3650.000	34.693
3651.000	34.692
3652.000	34.692
3653.000	34.692
3654.000	34.692
3655.000	34.692
3656.000	34.692
3657.000	34.691
3658.000	34.691
3659.000	34.691
3660.000	34.691
3661.000	34.691
3662.000	34.690
3663.000	34.690
3664.000	34.690
3665.000	34.690
3666.000	34.690
3667.000	34.690
3668.000	34.689
3669.000	34.689
3670.000	34.689
3671.000	34.689
3672.000	34.689
3673.000	34.689
3674.000	34.688
3675.000	34.688
3676.000	34.688
3677.000	34.688
3678.000	34.688
3679.000	34.688
3680.000	34.687
3681.000	34.687
3682.000	34.687
3683.000	34.687
3684.000	34.687
3685.000	34.686
3686.000	34.686
3687.000	34.686
3688.000	34.686
3689.000	34.686
3690.000	34.686
3691.000	34.685
3692.000	34.685
3693.000	34.685
3694.000	34.685
3695.000	34.685
3696.000	34.685
3697.000	34.684
3698.000	34.684
3699.000	34.684
3700.000	34.684
3701.000	34.684
3702.000	34.684
3703.000	34.683
3704.000	34.683
3705.000	34.683
3706.000	34.683
3707.000	34.683
3708.000	34.682
3709.000	34.682
3710.000	34.682
3711.000	34.682
3712.000	34.682
3713.000	34.682
3714.000	34.681
3715.000	34.681
3716.000	34.681
3717.000	34.681
3718.000	34.681
3719.000	34.680
3720.000	34.680
3721.000	34.680
3722.000	34.680
3723.000	34.680
3724.000	34.679
3725.000	34.679
3726.000	34.679
3727.000	34.679
3728.000	34.679
3729.000	34.678
3730.000	34.678
3731.000	34.678
3732.000	34.678
3733.000	34.678
3734.000	34.677
3735.000	34.677
3736.000	34.677
3737.000	34.677
3738.000	34.676
3739.000	34.676
3740.000	34.676
3741.000	34.676
3742.000	34.676
3743.000	34.675
3744.000	34.675
3745.000	34.675
3746.000	34.675
3747.000	34.675
3748.000	34.674
3749.000	34.674
3750.000	34.674
3751.000	34.674
3752.000	34.674
3753.000	34.674
3754.000	34.673
3755.000	34.673
3756.000	34.673
3757.000	34.673
3758.000	34.673
3759.000	34.673
3760.000	34.672
3761.000	34.672
3762.000	34.672
3763.000	34.672
3764.000	34.672
3765.000	34.672
3766.000	34.671
3767.000	34.671
3768.000	34.671
3769.000	34.671
3770.000	34.671
3771.000	34.670
3772.000	34.670
3773.000	34.670
3774.000	34.670
3775.000	34.670
3776.000	34.670
3777.000	34.669
3778.000	34.669
3779.000	34.669
3780.000	34.669
3781.000	34.669
3782.000	34.669
3783.000	34.668
3784.000	34.668
3785.000	34.668
3786.000	34.668
3787.000	34.668
3788.000	34.668
3789.000	34.667
3790.000	34.667
3791.000	34.667
3792.000	34.667
3793.000	34.667
3794.000	34.666
3795.000	34.666
3796.000	34.666
3797.000	34.666
3798.000	34.666
3799.000	34.666
3800.000	34.665
3801.000	34.665
3802.000	34.665
3803.000	34.665
3804.000	34.665
3805.000	34.665
3806.000	34.664
3807.000	34.664
3808.000	34.664
3809.000	34.664
3810.000	34.664
3811.000	34.664
3812.000	34.663
3813.000	34.663
3814.000	34.663
3815.000	34.663
3816.000	34.663
3817.000	34.663
3818.000	34.662
3819.000	34.662
3820.000	34.662
3821.000	34.662
3822.000	34.662
3823.000	34.661
3824.000	34.661
3825.000	34.661
3826.000	34.661
3827.000	34.661
3828.000	34.661
3829.000	34.660
3830.000	34.660
3831.000	34.660
3832.000	34.660
3833.000	34.660
3834.000	34.660
3835.000	34.659
3836.000	34.659
3837.000	34.659
3838.000	34.659
3839.000	34.659
3840.000	34.659
3841.000	34.658
3842.000	34.658
3843.000	34.658
3844.000	34.658
3845.000	34.658
3846.000	34.657
3847.000	34.657
3848.000	34.657
3849.000	34.657
3850.000	34.657
3851.000	34.657
3852.000	34.656
3853.000	34.656
3854.000	34.656
3855.000	34.656
3856.000	34.656
3857.000	34.656
3858.000	34.655
3859.000	34.655
3860.000	34.655
3861.000	34.655
3862.000	34.655
3863.000	34.655
3864.000	34.654
3865.000	34.654
3866.000	34.654
3867.000	34.654
3868.000	34.654
3869.000	34.653
3870.000	34.653
3871.000	34.653
3872.000	34.653
3873.000	34.653
3874.000	34.653
3875.000	34.652
3876.000	34.652
3877.000	34.652
3878.000	34.652
3879.000	34.652
3880.000	34.652
3881.000	34.651
3882.000	34.651
3883.000	34.651
3884.000	34.651
3885.000	34.651
3886.000	34.651
3887.000	34.650
3888.000	34.650
3889.000	34.650
3890.000	34.650
3891.000	34.650
3892.000	34.650
3893.000	34.649
3894.000	34.649
3895.000	34.649
3896.000	34.649
3897.000	34.649
3898.000	34.648
3899.000	34.648
3900.000	34.648
3901.000	34.648
3902.000	34.648
3903.000	34.648
3904.000	34.647
3905.000	34.647
3906.000	34.647
3907.000	34.647
3908.000	34.647
3909.000	34.647
3910.000	34.646
3911.000	34.646
3912.000	34.646
3913.000	34.646
3914.000	34.646
3915.000	34.646
3916.000	34.645
3917.000	34.645
3918.000	34.645
3919.000	34.645
3920.000	34.645
3921.000	34.644
3922.000	34.644
3923.000	34.644
3924.000	34.644
3925.000	34.644
3926.000	34.644
3927.000	34.643
3928.000	34.643
3929.000	34.643
3930.000	34.643
3931.000	34.643
3932.000	34.643
3933.000	34.642
3934.000	34.642
3935.000	34.642
3936.000	34.642
3937.000	34.642
3938.000	34.642
3939.000	34.641
3940.000	34.641
3941.000	34.641
3942.000	34.641
3943.000	34.641
3944.000	34.640
3945.000	34.640
3946.000	34.640
3947.000	34.640
3948.000	34.640
3949.000	34.640
3950.000	34.639
3951.000	34.639
3952.000	34.639
3953.000	34.639
3954.000	34.639
3955.000	34.639
3956.000	34.638
3957.000	34.638
3958.000	34.638
3959.000	34.638
3960.000	34.638
3961.000	34.638
3962.000	34.637
3963.000	34.637
3964.000	34.637
3965.000	34.637
3966.000	34.637
3967.000	34.636
3968.000	34.636
3969.000	34.636
3970.000	34.636
3971.000	34.636
3972.000	34.636
3973.000	34.635
3974.000	34.635
3975.000	34.635
3976.000	34.635
3977.000	34.635
3978.000	34.635
3979.000	34.634
3980.000	34.634
3981.000	34.634
3982.000	34.634
3983.000	34.634
3984.000	34.634
3985.000	34.633
3986.000	34.633
3987.000	34.633
3988.000	34.633
3989.000	34.633
3990.000	34.633
3991.000	34.632
3992.000	34.632
3993.000	34.632
3994.000	34.632
3995.000	34.632
3996.000	34.631
3997.000	34.631
3998.000	34.631
3999.000	34.631
4000.000	34.631
4001.000	34.631
4002.000	34.630
4003.000	34.630
4004.000	34.630
4005.000	34.630
4006.000	34.630
4007.000	34.630
4008.000	34.629
4009.000	34.629
4010.000	34.629
4011.000	34.629
4012.000	34.629
4013.000	34.629
4014.000	34.628
4015.000	34.628
4016.000	34.628
4017.000	34.628
4018.000	34.628
4019.000	34.627
4020.000	34.627
4021.000	34.627
4022.000	34.627
4023.000	34.627
4024.000	34.627
4025.000	34.626
4026.000	34.626
4027.000	34.626
4028.000	34.626
4029.000	34.626
4030.000	34.626
4031.000	34.625
4032.000	34.625
4033.000	34.625
4034.000	34.625
4035.000	34.625
4036.000	34.625
4037.000	34.624
4038.000	34.624
4039.000	34.624
4040.000	34.624
4041.000	34.624
4042.000	34.623
4043.000	34.623
4044.000	34.623
4045.000	34.623
4046.000	34.623
4047.000	34.623
4048.000	34.622
4049.000	34.622
4050.000	34.622
4051.000	34.622
4052.000	34.622
4053.000	34.622
4054.000	34.609
4055.000	34.609
4056.000	34.609
4057.000	34.609
4058.000	34.609
4059.000	34.608
4060.000	34.608
4061.000	34.608
4062.000	34.608
4063.000	34.608
4064.000	34.608
4065.000	34.607
4066.000	34.607
4067.000	34.607
4068.000	34.607
4069.000	34.607
4070.000	34.607
4071.000	34.606
4072.000	34.606
4073.000	34.606
4074.000	34.606
4075.000	34.606
4076.000	34.606
4077.000	34.605
4078.000	34.578
4079.000	34.578
4080.000	34.578
4081.000	34.578
4082.000	34.577
4083.000	34.577
4084.000	34.577
4085.000	34.577
4086.000	34.577
4087.000	34.577
4088.000	34.576
4089.000	34.576
4090.000	34.576
4091.000	34.576
4092.000	34.576
4093.000	34.576
4094.000	34.556
4095.000	0.000
