0.000	35.804
1.000	35.804
2.000	35.804
3.000	35.804
4.000	35.803
5.000	35.803
6.000	35.803
7.000	35.803
8.000	35.803
9.000	35.802
10.000	35.802
11.000	35.802
12.000	35.802
13.000	35.802
14.000	35.801
15.000	35.801
16.000	35.801
17.000	35.801
18.000	35.801
19.000	35.800
20.000	35.800
21.000	35.800
22.000	35.800
23.000	35.800
24.000	35.799
25.000	35.799
26.000	35.799
27.000	35.799
28.000	35.799
29.000	35.798
30.000	35.798
31.000	35.798
32.000	35.798
33.000	35.798
34.000	35.797
35.000	35.797
36.000	35.797
37.000	35.797
38.000	35.797
39.000	35.796
40.000	35.796
41.000	35.796
42.000	35.796
43.000	35.795
44.000	35.795
45.000	35.795
46.000	35.795
47.000	35.795
48.000	35.794
49.000	35.794
50.000	35.794
51.000	35.794
52.000	35.794
53.000	35.793
54.000	35.793
55.000	35.793
56.000	35.793
57.000	35.793
58.000	35.792
59.000	35.792
60.000	35.792
61.000	35.792
62.000	35.792
63.000	35.791
64.000	35.791
65.000	35.791
66.000	35.791
67.000	35.791
68.000	35.790
69.000	35.790
70.000	35.790
71.000	35.790
72.000	35.790
73.000	35.789
74.000	35.789
75.000	35.789
76.000	35.789
77.000	35.789
78.000	35.788
79.000	35.788
80.000	35.788
81.000	35.788
82.000	35.788
83.000	35.787
84.000	35.787
85.000	35.787
86.000	35.787
87.000	35.786
88.000	35.786
89.000	35.786
90.000	35.786
91.000	35.786
92.000	35.785
93.000	35.785
94.000	35.785
95.000	35.785
96.000	35.785
97.000	35.784
98.000	35.784
99.000	35.784
100.000	35.784
101.000	35.784
102.000	35.783
103.000	35.783
104.000	35.783
105.000	35.783
106.000	35.783
107.000	35.782
108.000	35.782
109.000	35.782
110.000	35.782
111.000	35.782
112.000	35.781
113.000	35.781
114.000	35.781
115.000	35.781
116.000	35.781
117.000	35.780
118.000	35.780
119.000	35.780
120.000	35.780
121.000	35.780
122.000	35.779
123.000	35.779
124.000	35.779
125.000	35.779
126.000	35.779
127.000	35.778
128.000	35.778
129.000	35.778
130.000	35.778
131.000	35.777
132.000	35.777
133.000	35.777
134.000	35.777
135.000	35.777
136.000	35.776
137.000	35.776
138.000	35.776
139.000	35.776
140.000	35.776
141.000	35.775
142.000	35.775
143.000	35.775
144.000	35.775
145.000	35.775
146.000	35.774
147.000	35.774
148.000	35.774
149.000	35.774
150.000	35.774
151.000	35.773
152.000	35.773
153.000	35.773
154.000	35.773
155.000	35.773
156.000	35.772
157.000	35.772
158.000	35.772
159.000	35.772
160.000	35.772
161.000	35.771
162.000	35.771
163.000	35.771
164.000	35.771
165.000	35.771
166.000	35.770
167.000	35.770
168.000	35.770
169.000	35.770
170.000	35.770
171.000	35.769
172.000	35.769
173.000	35.769
174.000	35.769
175.000	35.768
176.000	35.768
177.000	35.768
178.000	35.768
179.000	35.768
180.000	35.767
181.000	35.767
182.000	35.767
183.000	35.767
184.000	35.767
185.000	35.766
186.000	35.766
187.000	35.766
188.000	35.766
189.000	35.766
190.000	35.765
191.000	35.765
192.000	35.765
193.000	35.765
194.000	35.765
195.000	35.764
196.000	35.764
197.000	35.764
198.000	35.764
199.000	35.764
200.000	35.763
201.000	35.763
202.000	35.763
203.000	35.763
204.000	35.763
205.000	35.762
206.000	35.762
207.000	35.762
208.000	35.762
209.000	35.762
210.000	35.761
211.000	35.761
212.000	35.761
213.000	35.761
214.000	35.761
215.000	35.760
216.000	35.760
217.000	35.760
218.000	35.760
219.000	35.759
220.000	35.759
221.000	35.759
222.000	35.759
223.000	35.759
224.000	35.758
225.000	35.758
226.000	35.758
227.000	35.758
228.000	35.758
229.000	35.757
230.000	35.757
231.000	35.757
232.000	35.757
233.000	35.757
234.000	35.756
235.000	35.756
236.000	35.756
237.000	35.756
238.000	35.756
239.000	35.755
240.000	35.755
241.000	35.755
242.000	35.755
243.000	35.755
244.000	35.754
245.000	35.754
246.000	35.754
247.000	35.754
248.000	35.754
249.000	35.753
250.000	35.753
251.000	35.753
252.000	35.753
253.000	35.753
254.000	35.752
255.000	35.752
256.000	35.752
257.000	35.752
258.000	35.752
259.000	35.751
260.000	35.751
261.000	35.751
262.000	35.751
263.000	35.750
264.000	35.750
265.000	35.750
266.000	35.750
267.000	35.750
268.000	35.749
269.000	35.749
270.000	35.749
271.000	35.749
272.000	35.749
273.000	35.748
274.000	35.748
275.000	35.748
276.000	35.748
277.000	35.748
278.000	35.747
279.000	35.747
280.000	35.747
281.000	35.747
282.000	35.747
283.000	35.746
284.000	35.746
285.000	35.746
286.000	35.746
287.000	35.746
288.000	35.745
289.000	35.745
290.000	35.745
291.000	35.745
292.000	35.745
293.000	35.744
294.000	35.744
295.000	35.744
296.000	35.744
297.000	35.744
298.000	35.743
299.000	35.743
300.000	35.743
301.000	35.743
302.000	35.743
303.000	35.742
304.000	35.742
305.000	35.742
306.000	35.742
307.000	35.742
308.000	35.741
309.000	35.741
310.000	35.741
311.000	35.741
312.000	35.740
313.000	35.740
314.000	35.740
315.000	35.740
316.000	35.740
317.000	35.739
318.000	35.739
319.000	35.739
320.000	35.739
321.000	35.739
322.000	35.738
323.000	35.738
324.000	35.738
325.000	35.738
326.000	35.738
327.000	35.737
328.000	35.737
329.000	35.737
330.000	35.737
331.000	35.737
332.000	35.736
333.000	35.736
334.000	35.736
335.000	35.736
336.000	35.736
337.000	35.735
338.000	35.735
339.000	35.735
340.000	35.735
341.000	35.735
342.000	35.734
343.000	35.734
344.000	35.734
345.000	35.734
346.000	35.734
347.000	35.733
348.000	35.733
349.000	35.733
350.000	35.733
351.000	35.733
352.000	35.732
353.000	35.732
354.000	35.732
355.000	35.732
356.000	35.731
357.000	35.731
358.000	35.731
359.000	35.731
360.000	35.731
361.000	35.730
362.000	35.730
363.000	35.730
364.000	35.730
365.000	35.730
366.000	35.729
367.000	35.729
368.000	35.729
369.000	35.729
370.000	35.729
371.000	35.728
372.000	35.728
373.000	35.728
374.000	35.728
375.000	35.728
376.000	35.727
377.000	35.727
378.000	35.727
379.000	35.727
380.000	35.727
381.000	35.726
382.000	35.726
383.000	35.726
384.000	35.726
385.000	35.726
386.000	35.725
387.000	35.725
388.000	35.725
389.000	35.725
390.000	35.725
391.000	35.724
392.000	35.724
393.000	35.724
394.000	35.724
395.000	35.724
396.000	35.723
397.000	35.723
398.000	35.723
399.000	35.723
400.000	35.722
401.000	35.722
402.000	35.722
403.000	35.722
404.000	35.722
405.000	35.721
406.000	35.721
407.000	35.721
408.000	35.721
409.000	35.721
410.000	35.720
411.000	35.720
412.000	35.720
413.000	35.720
414.000	35.720
415.000	35.719
416.000	35.719
417.000	35.719
418.000	35.719
419.000	35.719
420.000	35.718
421.000	35.718
422.000	35.718
423.000	35.718
424.000	35.718
425.000	35.717
426.000	35.717
427.000	35.717
428.000	35.717
429.000	35.717
430.000	35.716
431.000	35.716
432.000	35.716
433.000	35.716
434.000	35.716
435.000	35.715
436.000	35.715
437.000	35.715
438.000	35.715
439.000	35.715
440.000	35.714
441.000	35.714
442.000	35.714
443.000	35.714
444.000	35.713
445.000	35.713
446.000	35.713
447.000	35.713
448.000	35.713
449.000	35.712
450.000	35.712
451.000	35.712
452.000	35.712
453.000	35.712
454.000	35.711
455.000	35.711
456.000	35.711
457.000	35.711
458.000	35.711
459.000	35.710
460.000	35.710
461.000	35.710
462.000	35.710
463.000	35.710
464.000	35.709
465.000	35.709
466.000	35.709
467.000	35.709
468.000	35.709
469.000	35.708
470.000	35.708
471.000	35.708
472.000	35.708
473.000	35.708
474.000	35.707
475.000	35.707
476.000	35.707
477.000	35.707
478.000	35.707
479.000	35.706
480.000	35.706
481.000	35.706
482.000	35.706
483.000	35.706
484.000	35.705
485.000	35.705
486.000	35.705
487.000	35.705
488.000	35.704
489.000	35.704
490.000	35.704
491.000	35.704
492.000	35.704
493.000	35.703
494.000	35.703
495.000	35.703
496.000	35.703
497.000	35.703
498.000	35.702
499.000	35.702
500.000	35.702
501.000	35.702
502.000	35.702
503.000	35.701
504.000	35.701
505.000	35.701
506.000	35.701
507.000	35.701
508.000	35.700
509.000	35.700
510.000	35.700
511.000	35.700
512.000	35.700
513.000	35.699
514.000	35.699
515.000	35.699
516.000	35.699
517.000	35.699
518.000	35.698
519.000	35.698
520.000	35.698
521.000	35.698
522.000	35.698
523.000	35.697
524.000	35.697
525.000	35.697
526.000	35.697
527.000	35.697
528.000	35.696
529.000	35.696
530.000	35.696
531.000	35.696
532.000	35.695
533.000	35.695
534.000	35.695
535.000	35.695
536.000	35.695
537.000	35.694
538.000	35.694
539.000	35.694
540.000	35.694
541.000	35.694
542.000	35.693
543.000	35.693
544.000	35.693
545.000	35.693
546.000	35.693
547.000	35.692
548.000	35.692
549.000	35.692
550.000	35.692
551.000	35.692
552.000	35.691
553.000	35.691
554.000	35.691
555.000	35.691
556.000	35.691
557.000	35.690
558.000	35.690
559.000	35.690
560.000	35.690
561.000	35.690
562.000	35.689
563.000	35.689
564.000	35.689
565.000	35.689
566.000	35.689
567.000	35.688
568.000	35.688
569.000	35.688
570.000	35.688
571.000	35.688
572.000	35.687
573.000	35.687
574.000	35.687
575.000	35.687
576.000	35.686
577.000	35.686
578.000	35.686
579.000	35.686
580.000	35.686
581.000	35.685
582.000	35.685
583.000	35.685
584.000	35.685
585.000	35.685
586.000	35.684
587.000	35.684
588.000	35.684
589.000	35.684
590.000	35.684
591.000	35.683
592.000	35.683
593.000	35.683
594.000	35.683
595.000	35.683
596.000	35.682
597.000	35.682
598.000	35.682
599.000	35.682
600.000	35.682
601.000	35.681
602.000	35.681
603.000	35.681
604.000	35.681
605.000	35.681
606.000	35.680
607.000	35.680
608.000	35.680
609.000	35.680
610.000	35.680
611.000	35.679
612.000	35.679
613.000	35.679
614.000	35.679
615.000	35.679
616.000	35.678
617.000	35.678
618.000	35.678
619.000	35.678
620.000	35.678
621.000	35.677
622.000	35.677
623.000	35.677
624.000	35.677
625.000	35.676
626.000	35.676
627.000	35.676
628.000	35.676
629.000	35.676
630.000	35.675
631.000	35.675
632.000	35.675
633.000	35.675
634.000	35.675
635.000	35.674
636.000	35.674
637.000	35.674
638.000	35.674
639.000	35.674
640.000	35.673
641.000	35.673
642.000	35.673
643.000	35.673
644.000	35.673
645.000	35.672
646.000	35.672
647.000	35.672
648.000	35.672
649.000	35.672
650.000	35.671
651.000	35.671
652.000	35.671
653.000	35.671
654.000	35.671
655.000	35.670
656.000	35.670
657.000	35.670
658.000	35.670
659.000	35.670
660.000	35.669
661.000	35.669
662.000	35.669
663.000	35.669
664.000	35.669
665.000	35.668
666.000	35.668
667.000	35.668
668.000	35.668
669.000	35.667
670.000	35.667
671.000	35.667
672.000	35.667
673.000	35.667
674.000	35.666
675.000	35.666
676.000	35.666
677.000	35.666
678.000	35.666
679.000	35.665
680.000	35.665
681.000	35.665
682.000	35.665
683.000	35.665
684.000	35.664
685.000	35.664
686.000	35.664
687.000	35.664
688.000	35.664
689.000	35.663
690.000	35.663
691.000	35.663
692.000	35.663
693.000	35.663
694.000	35.662
695.000	35.662
696.000	35.662
697.000	35.662
698.000	35.662
699.000	35.661
700.000	35.661
701.000	35.661
702.000	35.661
703.000	35.661
704.000	35.660
705.000	35.660
706.000	35.660
707.000	35.660
708.000	35.660
709.000	35.659
710.000	35.659
711.000	35.659
712.000	35.659
713.000	35.658
714.000	35.658
715.000	35.658
716.000	35.658
717.000	35.658
718.000	35.657
719.000	35.657
720.000	35.657
721.000	35.657
722.000	35.657
723.000	35.656
724.000	35.656
725.000	35.656
726.000	35.656
727.000	35.656
728.000	35.655
729.000	35.655
730.000	35.655
731.000	35.655
732.000	35.655
733.000	35.654
734.000	35.654
735.000	35.654
736.000	35.654
737.000	35.654
738.000	35.653
739.000	35.653
740.000	35.653
741.000	35.653
742.000	35.653
743.000	35.652
744.000	35.652
745.000	35.652
746.000	35.652
747.000	35.652
748.000	35.651
749.000	35.651
750.000	35.651
751.000	35.651
752.000	35.651
753.000	35.650
754.000	35.650
755.000	35.650
756.000	35.650
757.000	35.649
758.000	35.649
759.000	35.649
760.000	35.649
761.000	35.649
762.000	35.648
763.000	35.648
764.000	35.648
765.000	35.648
766.000	35.648
767.000	35.647
768.000	35.647
769.000	35.647
770.000	35.647
771.000	35.647
772.000	35.646
773.000	35.646
774.000	35.646
775.000	35.646
776.000	35.646
777.000	35.645
778.000	35.645
779.000	35.645
780.000	35.645
781.000	35.645
782.000	35.644
783.000	35.644
784.000	35.644
785.000	35.644
786.000	35.644
787.000	35.643
788.000	35.643
789.000	35.643
790.000	35.643
791.000	35.643
792.000	35.642
793.000	35.642
794.000	35.642
795.000	35.642
796.000	35.642
797.000	35.641
798.000	35.641
799.000	35.641
800.000	35.641
801.000	35.640
802.000	35.640
803.000	35.640
804.000	35.640
805.000	35.640
806.000	35.639
807.000	35.639
808.000	35.639
809.000	35.639
810.000	35.639
811.000	35.638
812.000	35.638
813.000	35.638
814.000	35.638
815.000	35.638
816.000	35.637
817.000	35.637
818.000	35.637
819.000	35.637
820.000	35.637
821.000	35.636
822.000	35.636
823.000	35.636
824.000	35.636
825.000	35.636
826.000	35.635
827.000	35.635
828.000	35.635
829.000	35.635
830.000	35.635
831.000	35.634
832.000	35.634
833.000	35.634
834.000	35.634
835.000	35.634
836.000	35.633
837.000	35.633
838.000	35.633
839.000	35.633
840.000	35.633
841.000	35.632
842.000	35.632
843.000	35.632
844.000	35.632
845.000	35.631
846.000	35.631
847.000	35.631
848.000	35.631
849.000	35.631
850.000	35.630
851.000	35.630
852.000	35.630
853.000	35.630
854.000	35.630
855.000	35.629
856.000	35.629
857.000	35.629
858.000	35.629
859.000	35.629
860.000	35.628
861.000	35.628
862.000	35.628
863.000	35.628
864.000	35.628
865.000	35.627
866.000	35.627
867.000	35.627
868.000	35.627
869.000	35.627
870.000	35.626
871.000	35.626
872.000	35.626
873.000	35.626
874.000	35.626
875.000	35.625
876.000	35.625
877.000	35.625
878.000	35.625
879.000	35.625
880.000	35.624
881.000	35.624
882.000	35.624
883.000	35.624
884.000	35.624
885.000	35.623
886.000	35.623
887.000	35.623
888.000	35.623
889.000	35.622
890.000	35.622
891.000	35.622
892.000	35.622
893.000	35.622
894.000	35.621
895.000	35.621
896.000	35.621
897.000	35.621
898.000	35.621
899.000	35.620
900.000	35.620
901.000	35.620
902.000	35.620
903.000	35.620
904.000	35.619
905.000	35.619
906.000	35.619
907.000	35.619
908.000	35.619
909.000	35.618
910.000	35.618
911.000	35.618
912.000	35.618
913.000	35.618
914.000	35.617
915.000	35.617
916.000	35.617
917.000	35.617
918.000	35.617
919.000	35.616
920.000	35.616
921.000	35.616
922.000	35.616
923.000	35.616
924.000	35.615
925.000	35.615
926.000	35.615
927.000	35.615
928.000	35.615
929.000	35.614
930.000	35.614
931.000	35.614
932.000	35.614
933.000	35.614
934.000	35.613
935.000	35.613
936.000	35.613
937.000	35.613
938.000	35.612
939.000	35.612
940.000	35.612
941.000	35.612
942.000	35.612
943.000	35.611
944.000	35.611
945.000	35.611
946.000	35.611
947.000	35.611
948.000	35.610
949.000	35.610
950.000	35.610
951.000	35.610
952.000	35.610
953.000	35.609
954.000	35.609
955.000	35.609
956.000	35.609
957.000	35.609
958.000	35.608
959.000	35.608
960.000	35.608
961.000	35.608
962.000	35.608
963.000	35.607
964.000	35.607
965.000	35.607
966.000	35.607
967.000	35.607
968.000	35.606
969.000	35.606
970.000	35.606
971.000	35.606
972.000	35.606
973.000	35.605
974.000	35.605
975.000	35.605
976.000	35.605
977.000	35.605
978.000	35.604
979.000	35.604
980.000	35.604
981.000	35.604
982.000	35.603
983.000	35.603
984.000	35.603
985.000	35.603
986.000	35.603
987.000	35.602
988.000	35.602
989.000	35.602
990.000	35.602
991.000	35.602
992.000	35.601
993.000	35.601
994.000	35.601
995.000	35.601
996.000	35.601
997.000	35.600
998.000	35.600
999.000	35.600
1000.000	35.600
1001.000	35.600
1002.000	35.599
1003.000	35.599
1004.000	35.599
1005.000	35.599
1006.000	35.599
1007.000	35.598
1008.000	35.598
1009.000	35.598
1010.000	35.598
1011.000	35.598
1012.000	35.597
1013.000	35.597
1014.000	35.597
1015.000	35.597
1016.000	35.597
1017.000	35.596
1018.000	35.596
1019.000	35.596
1020.000	35.596
1021.000	35.596
1022.000	35.595
1023.000	35.595
1024.000	35.595
1025.000	35.595
1026.000	35.594
1027.000	35.594
1028.000	35.594
1029.000	35.594
1030.000	35.594
1031.000	35.593
1032.000	35.593
1033.000	35.593
1034.000	35.593
1035.000	35.593
1036.000	35.592
1037.000	35.592
1038.000	35.592
1039.000	35.592
1040.000	35.592
1041.000	35.591
1042.000	35.591
1043.000	35.591
1044.000	35.591
1045.000	35.591
1046.000	35.590
1047.000	35.590
1048.000	35.590
1049.000	35.590
1050.000	35.590
1051.000	35.589
1052.000	35.589
1053.000	35.589
1054.000	35.589
1055.000	35.589
1056.000	35.588
1057.000	35.588
1058.000	35.588
1059.000	35.588
1060.000	35.588
1061.000	35.587
1062.000	35.587
1063.000	35.587
1064.000	35.587
1065.000	35.587
1066.000	35.586
1067.000	35.586
1068.000	35.586
1069.000	35.586
1070.000	35.585
1071.000	35.585
1072.000	35.585
1073.000	35.585
1074.000	35.585
1075.000	35.584
1076.000	35.584
1077.000	35.584
1078.000	35.584
1079.000	35.584
1080.000	35.583
1081.000	35.583
1082.000	35.583
1083.000	35.583
1084.000	35.583
1085.000	35.582
1086.000	35.582
1087.000	35.582
1088.000	35.582
1089.000	35.582
1090.000	35.581
1091.000	35.581
1092.000	35.581
1093.000	35.581
1094.000	35.581
1095.000	35.580
1096.000	35.580
1097.000	35.580
1098.000	35.580
1099.000	35.580
1100.000	35.579
1101.000	35.579
1102.000	35.579
1103.000	35.579
1104.000	35.579
1105.000	35.578
1106.000	35.578
1107.000	35.578
1108.000	35.578
1109.000	35.578
1110.000	35.577
1111.000	35.577
1112.000	35.577
1113.000	35.577
1114.000	35.576
1115.000	35.576
1116.000	35.576
1117.000	35.576
1118.000	35.576
1119.000	35.575
1120.000	35.575
1121.000	35.575
1122.000	35.575
1123.000	35.575
1124.000	35.574
1125.000	35.574
1126.000	35.574
1127.000	35.574
1128.000	35.574
1129.000	35.573
1130.000	35.573
1131.000	35.573
1132.000	35.573
1133.000	35.573
1134.000	35.572
1135.000	35.572
1136.000	35.572
1137.000	35.572
1138.000	35.572
1139.000	35.571
1140.000	35.571
1141.000	35.571
1142.000	35.571
1143.000	35.571
1144.000	35.570
1145.000	35.570
1146.000	35.570
1147.000	35.570
1148.000	35.570
1149.000	35.569
1150.000	35.569
1151.000	35.569
1152.000	35.569
1153.000	35.569
1154.000	35.568
1155.000	35.568
1156.000	35.568
1157.000	35.568
1158.000	35.567
1159.000	35.567
1160.000	35.567
1161.000	35.567
1162.000	35.567
1163.000	35.566
1164.000	35.566
1165.000	35.566
1166.000	35.566
1167.000	35.566
1168.000	35.565
1169.000	35.565
1170.000	35.565
1171.000	35.565
1172.000	35.565
1173.000	35.564
1174.000	35.564
1175.000	35.564
1176.000	35.564
1177.000	35.564
1178.000	35.563
1179.000	35.563
1180.000	35.563
1181.000	35.563
1182.000	35.563
1183.000	35.562
1184.000	35.562
1185.000	35.562
1186.000	35.562
1187.000	35.562
1188.000	35.561
1189.000	35.561
1190.000	35.561
1191.000	35.561
1192.000	35.561
1193.000	35.560
1194.000	35.560
1195.000	35.560
1196.000	35.560
1197.000	35.560
1198.000	35.559
1199.000	35.559
1200.000	35.559
1201.000	35.559
1202.000	35.558
1203.000	35.558
1204.000	35.558
1205.000	35.558
1206.000	35.558
1207.000	35.557
1208.000	35.557
1209.000	35.557
1210.000	35.557
1211.000	35.557
1212.000	35.556
1213.000	35.556
1214.000	35.556
1215.000	35.556
1216.000	35.556
1217.000	35.555
1218.000	35.555
1219.000	35.555
1220.000	35.555
1221.000	35.555
1222.000	35.554
1223.000	35.554
1224.000	35.554
1225.000	35.554
1226.000	35.554
1227.000	35.553
1228.000	35.553
1229.000	35.553
1230.000	35.553
1231.000	35.553
1232.000	35.552
1233.000	35.552
1234.000	35.552
1235.000	35.552
1236.000	35.552
1237.000	35.551
1238.000	35.551
1239.000	35.551
1240.000	35.551
1241.000	35.551
1242.000	35.550
1243.000	35.550
1244.000	35.550
1245.000	35.550
1246.000	35.549
1247.000	35.549
1248.000	35.549
1249.000	35.549
1250.000	35.549
1251.000	35.548
1252.000	35.548
1253.000	35.548
1254.000	35.548
1255.000	35.548
1256.000	35.547
1257.000	35.547
1258.000	35.547
1259.000	35.547
1260.000	35.547
1261.000	35.546
1262.000	35.546
1263.000	35.546
1264.000	35.546
1265.000	35.546
1266.000	35.545
1267.000	35.545
1268.000	35.545
1269.000	35.545
1270.000	35.545
1271.000	35.544
1272.000	35.544
1273.000	35.544
1274.000	35.544
1275.000	35.544
1276.000	35.543
1277.000	35.543
1278.000	35.543
1279.000	35.543
1280.000	35.543
1281.000	35.542
1282.000	35.542
1283.000	35.542
1284.000	35.542
1285.000	35.542
1286.000	35.541
1287.000	35.541
1288.000	35.541
1289.000	35.541
1290.000	35.541
1291.000	35.540
1292.000	35.540
1293.000	35.540
1294.000	35.540
1295.000	35.539
1296.000	35.539
1297.000	35.539
1298.000	35.539
1299.000	35.539
1300.000	35.538
1301.000	35.538
1302.000	35.538
1303.000	35.538
1304.000	35.538
1305.000	35.537
1306.000	35.537
1307.000	35.537
1308.000	35.537
1309.000	35.537
1310.000	35.536
1311.000	35.536
1312.000	35.536
1313.000	35.536
1314.000	35.536
1315.000	35.535
1316.000	35.535
1317.000	35.535
1318.000	35.535
1319.000	35.535
1320.000	35.534
1321.000	35.534
1322.000	35.534
1323.000	35.534
1324.000	35.534
1325.000	35.533
1326.000	35.533
1327.000	35.533
1328.000	35.533
1329.000	35.533
1330.000	35.532
1331.000	35.532
1332.000	35.532
1333.000	35.532
1334.000	35.532
1335.000	35.531
1336.000	35.531
1337.000	35.531
1338.000	35.531
1339.000	35.530
1340.000	35.530
1341.000	35.530
1342.000	35.530
1343.000	35.530
1344.000	35.529
1345.000	35.529
1346.000	35.529
1347.000	35.529
1348.000	35.529
1349.000	35.528
1350.000	35.528
1351.000	35.528
1352.000	35.528
1353.000	35.528
1354.000	35.527
1355.000	35.527
1356.000	35.527
1357.000	35.527
1358.000	35.527
1359.000	35.526
1360.000	35.526
1361.000	35.526
1362.000	35.526
1363.000	35.526
1364.000	35.525
1365.000	35.525
1366.000	35.525
1367.000	35.525
1368.000	35.525
1369.000	35.524
1370.000	35.524
1371.000	35.524
1372.000	35.524
1373.000	35.524
1374.000	35.523
1375.000	35.523
1376.000	35.523
1377.000	35.523
1378.000	35.523
1379.000	35.522
1380.000	35.522
1381.000	35.522
1382.000	35.522
1383.000	35.521
1384.000	35.521
1385.000	35.521
1386.000	35.521
1387.000	35.521
1388.000	35.520
1389.000	35.520
1390.000	35.520
1391.000	35.520
1392.000	35.520
1393.000	35.519
1394.000	35.519
1395.000	35.519
1396.000	35.519
1397.000	35.519
1398.000	35.518
1399.000	35.518
1400.000	35.518
1401.000	35.518
1402.000	35.518
1403.000	35.517
1404.000	35.517
1405.000	35.517
1406.000	35.517
1407.000	35.517
1408.000	35.516
1409.000	35.516
1410.000	35.516
1411.000	35.516
1412.000	35.516
1413.000	35.515
1414.000	35.515
1415.000	35.515
1416.000	35.515
1417.000	35.515
1418.000	35.514
1419.000	35.514
1420.000	35.514
1421.000	35.514
1422.000	35.514
1423.000	35.513
1424.000	35.513
1425.000	35.513
1426.000	35.513
1427.000	35.512
1428.000	35.512
1429.000	35.512
1430.000	35.512
1431.000	35.512
1432.000	35.511
1433.000	35.511
1434.000	35.511
1435.000	35.511
1436.000	35.511
1437.000	35.510
1438.000	35.510
1439.000	35.510
1440.000	35.510
1441.000	35.510
1442.000	35.509
1443.000	35.509
1444.000	35.509
1445.000	35.509
1446.000	35.509
1447.000	35.508
1448.000	35.508
1449.000	35.508
1450.000	35.508
1451.000	35.508
1452.000	35.507
1453.000	35.507
1454.000	35.507
1455.000	35.507
1456.000	35.507
1457.000	35.506
1458.000	35.506
1459.000	35.506
1460.000	35.506
1461.000	35.506
1462.000	35.505
1463.000	35.505
1464.000	35.505
1465.000	35.505
1466.000	35.505
1467.000	35.504
1468.000	35.504
1469.000	35.504
1470.000	35.504
1471.000	35.503
1472.000	35.503
1473.000	35.503
1474.000	35.503
1475.000	35.503
1476.000	35.502
1477.000	35.502
1478.000	35.502
1479.000	35.502
1480.000	35.502
1481.000	35.501
1482.000	35.501
1483.000	35.501
1484.000	35.501
1485.000	35.501
1486.000	35.500
1487.000	35.500
1488.000	35.500
1489.000	35.500
1490.000	35.500
1491.000	35.499
1492.000	35.499
1493.000	35.499
1494.000	35.499
1495.000	35.499
1496.000	35.498
1497.000	35.498
1498.000	35.498
1499.000	35.498
1500.000	35.498
1501.000	35.497
1502.000	35.497
1503.000	35.497
1504.000	35.497
1505.000	35.497
1506.000	35.496
1507.000	35.496
1508.000	35.496
1509.000	35.496
1510.000	35.496
1511.000	35.495
1512.000	35.495
1513.000	35.495
1514.000	35.495
1515.000	35.494
1516.000	35.494
1517.000	35.494
1518.000	35.494
1519.000	35.494
1520.000	35.493
1521.000	35.493
1522.000	35.493
1523.000	35.493
1524.000	35.493
1525.000	35.492
1526.000	35.492
1527.000	35.492
1528.000	35.492
1529.000	35.492
1530.000	35.491
1531.000	35.491
1532.000	35.491
1533.000	35.491
1534.000	35.491
1535.000	35.490
1536.000	35.490
1537.000	35.490
1538.000	35.490
1539.000	35.490
1540.000	35.489
1541.000	35.489
1542.000	35.489
1543.000	35.489
1544.000	35.489
1545.000	35.488
1546.000	35.488
1547.000	35.488
1548.000	35.488
1549.000	35.488
1550.000	35.487
1551.000	35.487
1552.000	35.487
1553.000	35.487
1554.000	35.487
1555.000	35.486
1556.000	35.486
1557.000	35.486
1558.000	35.486
1559.000	35.485
1560.000	35.485
1561.000	35.485
1562.000	35.485
1563.000	35.485
1564.000	35.484
1565.000	35.484
1566.000	35.484
1567.000	35.484
1568.000	35.484
1569.000	35.483
1570.000	35.483
1571.000	35.483
1572.000	35.483
1573.000	35.483
1574.000	35.482
1575.000	35.482
1576.000	35.482
1577.000	35.482
1578.000	35.482
1579.000	35.481
1580.000	35.481
1581.000	35.481
1582.000	35.481
1583.000	35.481
1584.000	35.480
1585.000	35.480
1586.000	35.480
1587.000	35.480
1588.000	35.480
1589.000	35.479
1590.000	35.479
1591.000	35.479
1592.000	35.479
1593.000	35.479
1594.000	35.478
1595.000	35.478
1596.000	35.478
1597.000	35.478
1598.000	35.478
1599.000	35.477
1600.000	35.477
1601.000	35.477
1602.000	35.477
1603.000	35.477
1604.000	35.476
1605.000	35.476
1606.000	35.476
1607.000	35.476
1608.000	35.475
1609.000	35.475
1610.000	35.475
1611.000	35.475
1612.000	35.475
1613.000	35.474
1614.000	35.474
1615.000	35.474
1616.000	35.474
1617.000	35.474
1618.000	35.473
1619.000	35.473
1620.000	35.473
1621.000	35.473
1622.000	35.473
1623.000	35.472
1624.000	35.472
1625.000	35.472
1626.000	35.472
1627.000	35.472
1628.000	35.471
1629.000	35.471
1630.000	35.471
1631.000	35.471
1632.000	35.471
1633.000	35.470
1634.000	35.470
1635.000	35.470
1636.000	35.470
1637.000	35.470
1638.000	35.469
1639.000	35.469
1640.000	35.469
1641.000	35.469
1642.000	35.469
1643.000	35.468
1644.000	35.468
1645.000	35.468
1646.000	35.468
1647.000	35.468
1648.000	35.467
1649.000	35.467
1650.000	35.467
1651.000	35.467
1652.000	35.466
1653.000	35.466
1654.000	35.466
1655.000	35.466
1656.000	35.466
1657.000	35.465
1658.000	35.465
1659.000	35.465
1660.000	35.465
1661.000	35.465
1662.000	35.464
1663.000	35.464
1664.000	35.464
1665.000	35.464
1666.000	35.464
1667.000	35.463
1668.000	35.463
1669.000	35.463
1670.000	35.463
1671.000	35.463
1672.000	35.462
1673.000	35.462
1674.000	35.462
1675.000	35.462
1676.000	35.462
1677.000	35.461
1678.000	35.461
1679.000	35.461
1680.000	35.461
1681.000	35.461
1682.000	35.460
1683.000	35.460
1684.000	35.460
1685.000	35.460
1686.000	35.460
1687.000	35.459
1688.000	35.459
1689.000	35.459
1690.000	35.459
1691.000	35.459
1692.000	35.458
1693.000	35.458
1694.000	35.458
1695.000	35.458
1696.000	35.457
1697.000	35.457
1698.000	35.457
1699.000	35.457
1700.000	35.457
1701.000	35.456
1702.000	35.456
1703.000	35.456
1704.000	35.456
1705.000	35.456
1706.000	35.455
1707.000	35.455
1708.000	35.455
1709.000	35.455
1710.000	35.455
1711.000	35.454
1712.000	35.454
1713.000	35.454
1714.000	35.454
1715.000	35.454
1716.000	35.453
1717.000	35.453
1718.000	35.453
1719.000	35.453
1720.000	35.453
1721.000	35.452
1722.000	35.452
1723.000	35.452
1724.000	35.452
1725.000	35.452
1726.000	35.451
1727.000	35.451
1728.000	35.451
1729.000	35.451
1730.000	35.451
1731.000	35.450
1732.000	35.450
1733.000	35.450
1734.000	35.450
1735.000	35.450
1736.000	35.449
1737.000	35.449
1738.000	35.449
1739.000	35.449
1740.000	35.448
1741.000	35.448
1742.000	35.448
1743.000	35.448
1744.000	35.448
1745.000	35.447
1746.000	35.447
1747.000	35.447
1748.000	35.447
1749.000	35.447
1750.000	35.446
1751.000	35.446
1752.000	35.446
1753.000	35.446
1754.000	35.446
1755.000	35.445
1756.000	35.445
1757.000	35.445
1758.000	35.445
1759.000	35.445
1760.000	35.444
1761.000	35.444
1762.000	35.444
1763.000	35.444
1764.000	35.444
1765.000	35.443
1766.000	35.443
1767.000	35.443
1768.000	35.443
1769.000	35.443
1770.000	35.442
1771.000	35.442
1772.000	35.442
1773.000	35.442
1774.000	35.442
1775.000	35.441
1776.000	35.441
1777.000	35.441
1778.000	35.441
1779.000	35.441
1780.000	35.440
1781.000	35.440
1782.000	35.440
1783.000	35.440
1784.000	35.439
1785.000	35.439
1786.000	35.439
1787.000	35.439
1788.000	35.439
1789.000	35.438
1790.000	35.438
1791.000	35.438
1792.000	35.438
1793.000	35.438
1794.000	35.437
1795.000	35.437
1796.000	35.437
1797.000	35.437
1798.000	35.437
1799.000	35.436
1800.000	35.436
1801.000	35.436
1802.000	35.436
1803.000	35.436
1804.000	35.435
1805.000	35.435
1806.000	35.435
1807.000	35.435
1808.000	35.435
1809.000	35.434
1810.000	35.434
1811.000	35.434
1812.000	35.434
1813.000	35.434
1814.000	35.433
1815.000	35.433
1816.000	35.433
1817.000	35.433
1818.000	35.433
1819.000	35.432
1820.000	35.432
1821.000	35.432
1822.000	35.432
1823.000	35.432
1824.000	35.431
1825.000	35.431
1826.000	35.431
1827.000	35.431
1828.000	35.430
1829.000	35.430
1830.000	35.430
1831.000	35.430
1832.000	35.430
1833.000	35.429
1834.000	35.429
1835.000	35.429
1836.000	35.429
1837.000	35.429
1838.000	35.428
1839.000	35.428
1840.000	35.428
1841.000	35.428
1842.000	35.428
1843.000	35.427
1844.000	35.427
1845.000	35.427
1846.000	35.427
1847.000	35.427
1848.000	35.426
1849.000	35.426
1850.000	35.426
1851.000	35.426
1852.000	35.426
1853.000	35.425
1854.000	35.425
1855.000	35.425
1856.000	35.425
1857.000	35.425
1858.000	35.424
1859.000	35.424
1860.000	35.424
1861.000	35.424
1862.000	35.424
1863.000	35.423
1864.000	35.423
1865.000	35.423
1866.000	35.423
1867.000	35.423
1868.000	35.422
1869.000	35.422
1870.000	35.422
1871.000	35.422
1872.000	35.421
1873.000	35.421
1874.000	35.421
1875.000	35.421
1876.000	35.421
1877.000	35.420
1878.000	35.420
1879.000	35.420
1880.000	35.420
1881.000	35.420
1882.000	35.419
1883.000	35.419
1884.000	35.419
1885.000	35.419
1886.000	35.419
1887.000	35.418
1888.000	35.418
1889.000	35.418
1890.000	35.418
1891.000	35.418
1892.000	35.417
1893.000	35.417
1894.000	35.417
1895.000	35.417
1896.000	35.417
1897.000	35.416
1898.000	35.416
1899.000	35.416
1900.000	35.416
1901.000	35.416
1902.000	35.415
1903.000	35.415
1904.000	35.415
1905.000	35.415
1906.000	35.415
1907.000	35.414
1908.000	35.414
1909.000	35.414
1910.000	35.414
1911.000	35.414
1912.000	35.413
1913.000	35.413
1914.000	35.413
1915.000	35.413
1916.000	35.413
1917.000	35.412
1918.000	35.412
1919.000	35.412
1920.000	35.412
1921.000	35.411
1922.000	35.411
1923.000	35.411
1924.000	35.411
1925.000	35.411
1926.000	35.410
1927.000	35.410
1928.000	35.410
1929.000	35.410
1930.000	35.410
1931.000	35.409
1932.000	35.409
1933.000	35.409
1934.000	35.409
1935.000	35.409
1936.000	35.408
1937.000	35.408
1938.000	35.408
1939.000	35.408
1940.000	35.408
1941.000	35.407
1942.000	35.407
1943.000	35.407
1944.000	35.407
1945.000	35.407
1946.000	35.406
1947.000	35.406
1948.000	35.406
1949.000	35.406
1950.000	35.406
1951.000	35.405
1952.000	35.405
1953.000	35.405
1954.000	35.405
1955.000	35.405
1956.000	35.404
1957.000	35.404
1958.000	35.404
1959.000	35.404
1960.000	35.404
1961.000	35.403
1962.000	35.403
1963.000	35.403
1964.000	35.403
1965.000	35.402
1966.000	35.402
1967.000	35.402
1968.000	35.402
1969.000	35.402
1970.000	35.401
1971.000	35.401
1972.000	35.401
1973.000	35.401
1974.000	35.401
1975.000	35.400
1976.000	35.400
1977.000	35.400
1978.000	35.400
1979.000	35.400
1980.000	35.399
1981.000	35.399
1982.000	35.399
1983.000	35.399
1984.000	35.399
1985.000	35.398
1986.000	35.398
1987.000	35.398
1988.000	35.398
1989.000	35.398
1990.000	35.397
1991.000	35.397
1992.000	35.397
1993.000	35.397
1994.000	35.397
1995.000	35.396
1996.000	35.396
1997.000	35.396
1998.000	35.396
1999.000	35.396
2000.000	35.395
2001.000	35.395
2002.000	35.395
2003.000	35.395
2004.000	35.395
2005.000	35.394
2006.000	35.394
2007.000	35.394
2008.000	35.394
2009.000	35.393
2010.000	35.393
2011.000	35.393
2012.000	35.393
2013.000	35.393
2014.000	35.392
2015.000	35.392
2016.000	35.392
2017.000	35.392
2018.000	35.392
2019.000	35.391
2020.000	35.391
2021.000	35.391
2022.000	35.391
2023.000	35.391
2024.000	35.390
2025.000	35.390
2026.000	35.390
2027.000	35.390
2028.000	35.390
2029.000	35.389
2030.000	35.389
2031.000	35.389
2032.000	35.389
2033.000	35.389
2034.000	35.388
2035.000	35.388
2036.000	35.388
2037.000	35.388
2038.000	35.388
2039.000	35.387
2040.000	35.387
2041.000	35.387
2042.000	35.387
2043.000	35.387
2044.000	35.386
2045.000	35.386
2046.000	35.386
2047.000	35.386
2048.000	35.386
2049.000	35.385
2050.000	35.385
2051.000	35.385
2052.000	35.385
2053.000	35.384
2054.000	35.384
2055.000	35.384
2056.000	35.384
2057.000	35.384
2058.000	35.383
2059.000	35.383
2060.000	35.383
2061.000	35.383
2062.000	35.383
2063.000	35.382
2064.000	35.382
2065.000	35.382
2066.000	35.382
2067.000	35.382
2068.000	35.381
2069.000	35.381
2070.000	35.381
2071.000	35.381
2072.000	35.381
2073.000	35.380
2074.000	35.380
2075.000	35.380
2076.000	35.380
2077.000	35.380
2078.000	35.379
2079.000	35.379
2080.000	35.379
2081.000	35.379
2082.000	35.379
2083.000	35.378
2084.000	35.378
2085.000	35.378
2086.000	35.378
2087.000	35.378
2088.000	35.377
2089.000	35.377
2090.000	35.377
2091.000	35.377
2092.000	35.377
2093.000	35.376
2094.000	35.376
2095.000	35.376
2096.000	35.376
2097.000	35.375
2098.000	35.375
2099.000	35.375
2100.000	35.375
2101.000	35.375
2102.000	35.374
2103.000	35.374
2104.000	35.374
2105.000	35.374
2106.000	35.374
2107.000	35.373
2108.000	35.373
2109.000	35.373
2110.000	35.373
2111.000	35.373
2112.000	35.372
2113.000	35.372
2114.000	35.372
2115.000	35.372
2116.000	35.372
2117.000	35.371
2118.000	35.371
2119.000	35.371
2120.000	35.371
2121.000	35.371
2122.000	35.370
2123.000	35.370
2124.000	35.370
2125.000	35.370
2126.000	35.370
2127.000	35.369
2128.000	35.369
2129.000	35.369
2130.000	35.369
2131.000	35.369
2132.000	35.368
2133.000	35.368
2134.000	35.368
2135.000	35.368
2136.000	35.368
2137.000	35.367
2138.000	35.367
2139.000	35.367
2140.000	35.367
2141.000	35.366
2142.000	35.366
2143.000	35.366
2144.000	35.366
2145.000	35.366
2146.000	35.365
2147.000	35.365
2148.000	35.365
2149.000	35.365
2150.000	35.365
2151.000	35.364
2152.000	35.364
2153.000	35.364
2154.000	35.364
2155.000	35.364
2156.000	35.363
2157.000	35.363
2158.000	35.363
2159.000	35.363
2160.000	35.363
2161.000	35.362
2162.000	35.362
2163.000	35.362
2164.000	35.362
2165.000	35.362
2166.000	35.361
2167.000	35.361
2168.000	35.361
2169.000	35.361
2170.000	35.361
2171.000	35.360
2172.000	35.360
2173.000	35.360
2174.000	35.360
2175.000	35.360
2176.000	35.359
2177.000	35.359
2178.000	35.359
2179.000	35.359
2180.000	35.359
2181.000	35.358
2182.000	35.358
2183.000	35.358
2184.000	35.358
2185.000	35.357
2186.000	35.357
2187.000	35.357
2188.000	35.357
2189.000	35.357
2190.000	35.356
2191.000	35.356
2192.000	35.356
2193.000	35.356
2194.000	35.356
2195.000	35.355
2196.000	35.355
2197.000	35.355
2198.000	35.355
2199.000	35.355
2200.000	35.354
2201.000	35.354
2202.000	35.354
2203.000	35.354
2204.000	35.354
2205.000	35.353
2206.000	35.353
2207.000	35.353
2208.000	35.353
2209.000	35.353
2210.000	35.352
2211.000	35.352
2212.000	35.352
2213.000	35.352
2214.000	35.352
2215.000	35.351
2216.000	35.351
2217.000	35.351
2218.000	35.351
2219.000	35.351
2220.000	35.350
2221.000	35.350
2222.000	35.350
2223.000	35.350
2224.000	35.350
2225.000	35.349
2226.000	35.349
2227.000	35.349
2228.000	35.349
2229.000	35.348
2230.000	35.348
2231.000	35.348
2232.000	35.348
2233.000	35.348
2234.000	35.347
2235.000	35.347
2236.000	35.347
2237.000	35.347
2238.000	35.347
2239.000	35.346
2240.000	35.346
2241.000	35.346
2242.000	35.346
2243.000	35.346
2244.000	35.345
2245.000	35.345
2246.000	35.345
2247.000	35.345
2248.000	35.345
2249.000	35.344
2250.000	35.344
2251.000	35.344
2252.000	35.344
2253.000	35.344
2254.000	35.343
2255.000	35.343
2256.000	35.343
2257.000	35.343
2258.000	35.343
2259.000	35.342
2260.000	35.342
2261.000	35.342
2262.000	35.342
2263.000	35.342
2264.000	35.341
2265.000	35.341
2266.000	35.341
2267.000	35.341
2268.000	35.341
2269.000	35.340
2270.000	35.340
2271.000	35.340
2272.000	35.340
2273.000	35.340
2274.000	35.339
2275.000	35.339
2276.000	35.339
2277.000	35.339
2278.000	35.338
2279.000	35.338
2280.000	35.338
2281.000	35.338
2282.000	35.338
2283.000	35.337
2284.000	35.337
2285.000	35.337
2286.000	35.337
2287.000	35.337
2288.000	35.336
2289.000	35.336
2290.000	35.336
2291.000	35.336
2292.000	35.336
2293.000	35.335
2294.000	35.335
2295.000	35.335
2296.000	35.335
2297.000	35.335
2298.000	35.334
2299.000	35.334
2300.000	35.334
2301.000	35.334
2302.000	35.334
2303.000	35.333
2304.000	35.333
2305.000	35.333
2306.000	35.333
2307.000	35.333
2308.000	35.332
2309.000	35.332
2310.000	35.332
2311.000	35.332
2312.000	35.332
2313.000	35.331
2314.000	35.331
2315.000	35.331
2316.000	35.331
2317.000	35.331
2318.000	35.330
2319.000	35.330
2320.000	35.330
2321.000	35.330
2322.000	35.329
2323.000	35.329
2324.000	35.329
2325.000	35.329
2326.000	35.329
2327.000	35.328
2328.000	35.328
2329.000	35.328
2330.000	35.328
2331.000	35.328
2332.000	35.327
2333.000	35.327
2334.000	35.327
2335.000	35.327
2336.000	35.327
2337.000	35.326
2338.000	35.326
2339.000	35.326
2340.000	35.326
2341.000	35.326
2342.000	35.325
2343.000	35.325
2344.000	35.325
2345.000	35.325
2346.000	35.325
2347.000	35.324
2348.000	35.324
2349.000	35.324
2350.000	35.324
2351.000	35.324
2352.000	35.323
2353.000	35.323
2354.000	35.323
2355.000	35.323
2356.000	35.323
2357.000	35.322
2358.000	35.322
2359.000	35.322
2360.000	35.322
2361.000	35.322
2362.000	35.321
2363.000	35.321
2364.000	35.321
2365.000	35.321
2366.000	35.320
2367.000	35.320
2368.000	35.320
2369.000	35.320
2370.000	35.320
2371.000	35.319
2372.000	35.319
2373.000	35.319
2374.000	35.319
2375.000	35.319
2376.000	35.318
2377.000	35.318
2378.000	35.318
2379.000	35.318
2380.000	35.318
2381.000	35.317
2382.000	35.317
2383.000	35.317
2384.000	35.317
2385.000	35.317
2386.000	35.316
2387.000	35.316
2388.000	35.316
2389.000	35.316
2390.000	35.316
2391.000	35.315
2392.000	35.315
2393.000	35.315
2394.000	35.315
2395.000	35.315
2396.000	35.314
2397.000	35.314
2398.000	35.314
2399.000	35.314
2400.000	35.314
2401.000	35.313
2402.000	35.313
2403.000	35.313
2404.000	35.313
2405.000	35.313
2406.000	35.312
2407.000	35.312
2408.000	35.312
2409.000	35.312
2410.000	35.311
2411.000	35.311
2412.000	35.311
2413.000	35.311
2414.000	35.311
2415.000	35.310
2416.000	35.310
2417.000	35.310
2418.000	35.310
2419.000	35.310
2420.000	35.309
2421.000	35.309
2422.000	35.309
2423.000	35.309
2424.000	35.309
2425.000	35.308
2426.000	35.308
2427.000	35.308
2428.000	35.308
2429.000	35.308
2430.000	35.307
2431.000	35.307
2432.000	35.307
2433.000	35.307
2434.000	35.307
2435.000	35.306
2436.000	35.306
2437.000	35.306
2438.000	35.306
2439.000	35.306
2440.000	35.305
2441.000	35.305
2442.000	35.305
2443.000	35.305
2444.000	35.305
2445.000	35.304
2446.000	35.304
2447.000	35.304
2448.000	35.304
2449.000	35.304
2450.000	35.303
2451.000	35.303
2452.000	35.303
2453.000	35.303
2454.000	35.302
2455.000	35.302
2456.000	35.302
2457.000	35.302
2458.000	35.302
2459.000	35.301
2460.000	35.301
2461.000	35.301
2462.000	35.301
2463.000	35.301
2464.000	35.300
2465.000	35.300
2466.000	35.300
2467.000	35.300
2468.000	35.300
2469.000	35.299
2470.000	35.299
2471.000	35.299
2472.000	35.299
2473.000	35.299
2474.000	35.298
2475.000	35.298
2476.000	35.298
2477.000	35.298
2478.000	35.298
2479.000	35.297
2480.000	35.297
2481.000	35.297
2482.000	35.297
2483.000	35.297
2484.000	35.296
2485.000	35.296
2486.000	35.296
2487.000	35.296
2488.000	35.296
2489.000	35.295
2490.000	35.295
2491.000	35.295
2492.000	35.295
2493.000	35.295
2494.000	35.294
2495.000	35.294
2496.000	35.294
2497.000	35.294
2498.000	35.293
2499.000	35.293
2500.000	35.293
2501.000	35.293
2502.000	35.293
2503.000	35.292
2504.000	35.292
2505.000	35.292
2506.000	35.292
2507.000	35.292
2508.000	35.291
2509.000	35.291
2510.000	35.291
2511.000	35.291
2512.000	35.291
2513.000	35.290
2514.000	35.290
2515.000	35.290
2516.000	35.290
2517.000	35.290
2518.000	35.289
2519.000	35.289
2520.000	35.289
2521.000	35.289
2522.000	35.289
2523.000	35.288
2524.000	35.288
2525.000	35.288
2526.000	35.288
2527.000	35.288
2528.000	35.287
2529.000	35.287
2530.000	35.287
2531.000	35.287
2532.000	35.287
2533.000	35.286
2534.000	35.286
2535.000	35.286
2536.000	35.286
2537.000	35.286
2538.000	35.285
2539.000	35.285
2540.000	35.285
2541.000	35.285
2542.000	35.284
2543.000	35.284
2544.000	35.284
2545.000	35.284
2546.000	35.284
2547.000	35.283
2548.000	35.283
2549.000	35.283
2550.000	35.283
2551.000	35.283
2552.000	35.282
2553.000	35.282
2554.000	35.282
2555.000	35.282
2556.000	35.282
2557.000	35.281
2558.000	35.281
2559.000	35.281
2560.000	35.281
2561.000	35.281
2562.000	35.280
2563.000	35.280
2564.000	35.280
2565.000	35.280
2566.000	35.280
2567.000	35.279
2568.000	35.279
2569.000	35.279
2570.000	35.279
2571.000	35.279
2572.000	35.278
2573.000	35.278
2574.000	35.278
2575.000	35.278
2576.000	35.278
2577.000	35.277
2578.000	35.277
2579.000	35.277
2580.000	35.277
2581.000	35.277
2582.000	35.276
2583.000	35.276
2584.000	35.276
2585.000	35.276
2586.000	35.276
2587.000	35.275
2588.000	35.275
2589.000	35.275
2590.000	35.275
2591.000	35.274
2592.000	35.274
2593.000	35.274
2594.000	35.274
2595.000	35.274
2596.000	35.273
2597.000	35.273
2598.000	35.273
2599.000	35.273
2600.000	35.273
2601.000	35.272
2602.000	35.272
2603.000	35.272
2604.000	35.272
2605.000	35.272
2606.000	35.271
2607.000	35.271
2608.000	35.271
2609.000	35.271
2610.000	35.271
2611.000	35.270
2612.000	35.270
2613.000	35.270
2614.000	35.270
2615.000	35.270
2616.000	35.269
2617.000	35.269
2618.000	35.269
2619.000	35.269
2620.000	35.269
2621.000	35.268
2622.000	35.268
2623.000	35.268
2624.000	35.268
2625.000	35.268
2626.000	35.267
2627.000	35.267
2628.000	35.267
2629.000	35.267
2630.000	35.267
2631.000	35.266
2632.000	35.266
2633.000	35.266
2634.000	35.266
2635.000	35.265
2636.000	35.265
2637.000	35.265
2638.000	35.265
2639.000	35.265
2640.000	35.264
2641.000	35.264
2642.000	35.264
2643.000	35.264
2644.000	35.264
2645.000	35.263
2646.000	35.263
2647.000	35.263
2648.000	35.263
2649.000	35.263
2650.000	35.262
2651.000	35.262
2652.000	35.262
2653.000	35.262
2654.000	35.262
2655.000	35.261
2656.000	35.261
2657.000	35.261
2658.000	35.261
2659.000	35.261
2660.000	35.260
2661.000	35.260
2662.000	35.260
2663.000	35.260
2664.000	35.260
2665.000	35.259
2666.000	35.259
2667.000	35.259
2668.000	35.259
2669.000	35.259
2670.000	35.258
2671.000	35.258
2672.000	35.258
2673.000	35.258
2674.000	35.258
2675.000	35.257
2676.000	35.257
2677.000	35.257
2678.000	35.257
2679.000	35.256
2680.000	35.256
2681.000	35.256
2682.000	35.256
2683.000	35.256
2684.000	35.255
2685.000	35.255
2686.000	35.255
2687.000	35.255
2688.000	35.255
2689.000	35.254
2690.000	35.254
2691.000	35.254
2692.000	35.254
2693.000	35.254
2694.000	35.253
2695.000	35.253
2696.000	35.253
2697.000	35.253
2698.000	35.253
2699.000	35.252
2700.000	35.252
2701.000	35.252
2702.000	35.252
2703.000	35.252
2704.000	35.251
2705.000	35.251
2706.000	35.251
2707.000	35.251
2708.000	35.251
2709.000	35.250
2710.000	35.250
2711.000	35.250
2712.000	35.250
2713.000	35.250
2714.000	35.249
2715.000	35.249
2716.000	35.249
2717.000	35.249
2718.000	35.249
2719.000	35.248
2720.000	35.248
2721.000	35.248
2722.000	35.248
2723.000	35.247
2724.000	35.247
2725.000	35.247
2726.000	35.247
2727.000	35.247
2728.000	35.246
2729.000	35.246
2730.000	35.246
2731.000	35.246
2732.000	35.246
2733.000	35.245
2734.000	35.245
2735.000	35.245
2736.000	35.245
2737.000	35.245
2738.000	35.244
2739.000	35.244
2740.000	35.244
2741.000	35.244
2742.000	35.244
2743.000	35.243
2744.000	35.243
2745.000	35.243
2746.000	35.243
2747.000	35.243
2748.000	35.242
2749.000	35.242
2750.000	35.242
2751.000	35.242
2752.000	35.242
2753.000	35.241
2754.000	35.241
2755.000	35.241
2756.000	35.241
2757.000	35.241
2758.000	35.240
2759.000	35.240
2760.000	35.240
2761.000	35.240
2762.000	35.240
2763.000	35.239
2764.000	35.239
2765.000	35.239
2766.000	35.239
2767.000	35.238
2768.000	35.238
2769.000	35.238
2770.000	35.238
2771.000	35.238
2772.000	35.237
2773.000	35.237
2774.000	35.237
2775.000	35.237
2776.000	35.237
2777.000	35.236
2778.000	35.236
2779.000	35.236
2780.000	35.236
2781.000	35.236
2782.000	35.235
2783.000	35.235
2784.000	35.235
2785.000	35.235
2786.000	35.235
2787.000	35.234
2788.000	35.234
2789.000	35.234
2790.000	35.234
2791.000	35.234
2792.000	35.233
2793.000	35.233
2794.000	35.233
2795.000	35.233
2796.000	35.233
2797.000	35.232
2798.000	35.232
2799.000	35.232
2800.000	35.232
2801.000	35.232
2802.000	35.231
2803.000	35.231
2804.000	35.231
2805.000	35.231
2806.000	35.231
2807.000	35.230
2808.000	35.230
2809.000	35.230
2810.000	35.230
2811.000	35.229
2812.000	35.229
2813.000	35.229
2814.000	35.229
2815.000	35.229
2816.000	35.228
2817.000	35.228
2818.000	35.228
2819.000	35.228
2820.000	35.228
2821.000	35.227
2822.000	35.227
2823.000	35.227
2824.000	35.227
2825.000	35.227
2826.000	35.226
2827.000	35.226
2828.000	35.226
2829.000	35.226
2830.000	35.226
2831.000	35.225
2832.000	35.225
2833.000	35.225
2834.000	35.225
2835.000	35.225
2836.000	35.224
2837.000	35.224
2838.000	35.224
2839.000	35.224
2840.000	35.224
2841.000	35.223
2842.000	35.223
2843.000	35.223
2844.000	35.223
2845.000	35.223
2846.000	35.222
2847.000	35.222
2848.000	35.222
2849.000	35.222
2850.000	35.222
2851.000	35.221
2852.000	35.221
2853.000	35.221
2854.000	35.221
2855.000	35.220
2856.000	35.220
2857.000	35.220
2858.000	35.220
2859.000	35.220
2860.000	35.219
2861.000	35.219
2862.000	35.219
2863.000	35.219
2864.000	35.219
2865.000	35.218
2866.000	35.218
2867.000	35.218
2868.000	35.218
2869.000	35.218
2870.000	35.217
2871.000	35.217
2872.000	35.217
2873.000	35.217
2874.000	35.217
2875.000	35.216
2876.000	35.216
2877.000	35.216
2878.000	35.216
2879.000	35.216
2880.000	35.215
2881.000	35.215
2882.000	35.215
2883.000	35.215
2884.000	35.215
2885.000	35.214
2886.000	35.214
2887.000	35.214
2888.000	35.214
2889.000	35.214
2890.000	35.213
2891.000	35.213
2892.000	35.213
2893.000	35.213
2894.000	35.213
2895.000	35.212
2896.000	35.212
2897.000	35.212
2898.000	35.212
2899.000	35.212
2900.000	35.211
2901.000	35.211
2902.000	35.211
2903.000	35.211
2904.000	35.210
2905.000	35.210
2906.000	35.210
2907.000	35.210
2908.000	35.210
2909.000	35.209
2910.000	35.209
2911.000	35.209
2912.000	35.209
2913.000	35.209
2914.000	35.208
2915.000	35.208
2916.000	35.208
2917.000	35.208
2918.000	35.208
2919.000	35.207
2920.000	35.207
2921.000	35.207
2922.000	35.207
2923.000	35.207
2924.000	35.206
2925.000	35.206
2926.000	35.206
2927.000	35.206
2928.000	35.206
2929.000	35.205
2930.000	35.205
2931.000	35.205
2932.000	35.205
2933.000	35.205
2934.000	35.204
2935.000	35.204
2936.000	35.204
2937.000	35.204
2938.000	35.204
2939.000	35.203
2940.000	35.203
2941.000	35.203
2942.000	35.203
2943.000	35.203
2944.000	35.202
2945.000	35.202
2946.000	35.202
2947.000	35.202
2948.000	35.201
2949.000	35.201
2950.000	35.201
2951.000	35.201
2952.000	35.201
2953.000	35.200
2954.000	35.200
2955.000	35.200
2956.000	35.200
2957.000	35.200
2958.000	35.199
2959.000	35.199
2960.000	35.199
2961.000	35.199
2962.000	35.199
2963.000	35.198
2964.000	35.198
2965.000	35.198
2966.000	35.198
2967.000	35.198
2968.000	35.197
2969.000	35.197
2970.000	35.197
2971.000	35.197
2972.000	35.197
2973.000	35.196
2974.000	35.196
2975.000	35.196
2976.000	35.196
2977.000	35.196
2978.000	35.195
2979.000	35.195
2980.000	35.195
2981.000	35.195
2982.000	35.195
2983.000	35.194
2984.000	35.194
2985.000	35.194
2986.000	35.194
2987.000	35.194
2988.000	35.193
2989.000	35.193
2990.000	35.193
2991.000	35.193
2992.000	35.192
2993.000	35.192
2994.000	35.192
2995.000	35.192
2996.000	35.192
2997.000	35.191
2998.000	35.191
2999.000	35.191
3000.000	35.191
3001.000	35.191
3002.000	35.190
3003.000	35.190
3004.000	35.190
3005.000	35.190
3006.000	35.190
3007.000	35.189
3008.000	35.189
3009.000	35.189
3010.000	35.189
3011.000	35.189
3012.000	35.188
3013.000	35.188
3014.000	35.188
3015.000	35.188
3016.000	35.188
3017.000	35.187
3018.000	35.187
3019.000	35.187
3020.000	35.187
3021.000	35.187
3022.000	35.186
3023.000	35.186
3024.000	35.186
3025.000	35.186
3026.000	35.186
3027.000	35.185
3028.000	35.185
3029.000	35.185
3030.000	35.185
3031.000	35.185
3032.000	35.184
3033.000	35.184
3034.000	35.184
3035.000	35.184
3036.000	35.183
3037.000	35.183
3038.000	35.183
3039.000	35.183
3040.000	35.183
3041.000	35.182
3042.000	35.182
3043.000	35.182
3044.000	35.182
3045.000	35.182
3046.000	35.181
3047.000	35.181
3048.000	35.181
3049.000	35.181
3050.000	35.181
3051.000	35.180
3052.000	35.180
3053.000	35.180
3054.000	35.180
3055.000	35.180
3056.000	35.179
3057.000	35.179
3058.000	35.179
3059.000	35.179
3060.000	35.179
3061.000	35.178
3062.000	35.178
3063.000	35.178
3064.000	35.178
3065.000	35.178
3066.000	35.177
3067.000	35.177
3068.000	35.177
3069.000	35.177
3070.000	35.177
3071.000	35.176
3072.000	35.176
3073.000	35.176
3074.000	35.176
3075.000	35.176
3076.000	35.175
3077.000	35.175
3078.000	35.175
3079.000	35.175
3080.000	35.174
3081.000	35.174
3082.000	35.174
3083.000	35.174
3084.000	35.174
3085.000	35.173
3086.000	35.173
3087.000	35.173
3088.000	35.173
3089.000	35.173
3090.000	35.172
3091.000	35.172
3092.000	35.172
3093.000	35.172
3094.000	35.172
3095.000	35.171
3096.000	35.171
3097.000	35.171
3098.000	35.171
3099.000	35.171
3100.000	35.170
3101.000	35.170
3102.000	35.170
3103.000	35.170
3104.000	35.170
3105.000	35.169
3106.000	35.169
3107.000	35.169
3108.000	35.169
3109.000	35.169
3110.000	35.168
3111.000	35.168
3112.000	35.168
3113.000	35.168
3114.000	35.168
3115.000	35.167
3116.000	35.167
3117.000	35.167
3118.000	35.167
3119.000	35.167
3120.000	35.166
3121.000	35.166
3122.000	35.166
3123.000	35.166
3124.000	35.165
3125.000	35.165
3126.000	35.165
3127.000	35.165
3128.000	35.165
3129.000	35.164
3130.000	35.164
3131.000	35.164
3132.000	35.164
3133.000	35.164
3134.000	35.163
3135.000	35.163
3136.000	35.163
3137.000	35.163
3138.000	35.163
3139.000	35.162
3140.000	35.162
3141.000	35.162
3142.000	35.162
3143.000	35.162
3144.000	35.161
3145.000	35.161
3146.000	35.161
3147.000	35.161
3148.000	35.161
3149.000	35.160
3150.000	35.160
3151.000	35.160
3152.000	35.160
3153.000	35.160
3154.000	35.159
3155.000	35.159
3156.000	35.159
3157.000	35.159
3158.000	35.159
3159.000	35.158
3160.000	35.158
3161.000	35.158
3162.000	35.158
3163.000	35.158
3164.000	35.157
3165.000	35.157
3166.000	35.157
3167.000	35.157
3168.000	35.156
3169.000	35.156
3170.000	35.156
3171.000	35.156
3172.000	35.156
3173.000	35.155
3174.000	35.155
3175.000	35.155
3176.000	35.155
3177.000	35.155
3178.000	35.154
3179.000	35.154
3180.000	35.154
3181.000	35.154
3182.000	35.154
3183.000	35.153
3184.000	35.153
3185.000	35.153
3186.000	35.153
3187.000	35.153
3188.000	35.152
3189.000	35.152
3190.000	35.152
3191.000	35.152
3192.000	35.152
3193.000	35.151
3194.000	35.151
3195.000	35.151
3196.000	35.151
3197.000	35.151
3198.000	35.150
3199.000	35.150
3200.000	35.150
3201.000	35.150
3202.000	35.150
3203.000	35.149
3204.000	35.149
3205.000	35.149
3206.000	35.149
3207.000	35.149
3208.000	35.148
3209.000	35.148
3210.000	35.148
3211.000	35.148
3212.000	35.147
3213.000	35.147
3214.000	35.147
3215.000	35.147
3216.000	35.147
3217.000	35.146
3218.000	35.146
3219.000	35.146
3220.000	35.146
3221.000	35.146
3222.000	35.145
3223.000	35.145
3224.000	35.145
3225.000	35.145
3226.000	35.145
3227.000	35.144
3228.000	35.144
3229.000	35.144
3230.000	35.144
3231.000	35.144
3232.000	35.143
3233.000	35.143
3234.000	35.143
3235.000	35.143
3236.000	35.143
3237.000	35.142
3238.000	35.142
3239.000	35.142
3240.000	35.142
3241.000	35.142
3242.000	35.141
3243.000	35.141
3244.000	35.141
3245.000	35.141
3246.000	35.141
3247.000	35.140
3248.000	35.140
3249.000	35.140
3250.000	35.140
3251.000	35.140
3252.000	35.139
3253.000	35.139
3254.000	35.139
3255.000	35.139
3256.000	35.139
3257.000	35.138
3258.000	35.138
3259.000	35.138
3260.000	35.138
3261.000	35.137
3262.000	35.137
3263.000	35.137
3264.000	35.137
3265.000	35.137
3266.000	35.136
3267.000	35.136
3268.000	35.136
3269.000	35.136
3270.000	35.136
3271.000	35.135
3272.000	35.135
3273.000	35.135
3274.000	35.135
3275.000	35.135
3276.000	35.134
3277.000	35.134
3278.000	35.134
3279.000	35.134
3280.000	35.134
3281.000	35.133
3282.000	35.133
3283.000	35.133
3284.000	35.133
3285.000	35.133
3286.000	35.132
3287.000	35.132
3288.000	35.132
3289.000	35.132
3290.000	35.132
3291.000	35.131
3292.000	35.131
3293.000	35.131
3294.000	35.131
3295.000	35.131
3296.000	35.130
3297.000	35.130
3298.000	35.130
3299.000	35.130
3300.000	35.130
3301.000	35.129
3302.000	35.129
3303.000	35.129
3304.000	35.129
3305.000	35.128
3306.000	35.128
3307.000	35.128
3308.000	35.128
3309.000	35.128
3310.000	35.127
3311.000	35.127
3312.000	35.127
3313.000	35.127
3314.000	35.127
3315.000	35.126
3316.000	35.126
3317.000	35.126
3318.000	35.126
3319.000	35.126
3320.000	35.125
3321.000	35.125
3322.000	35.125
3323.000	35.125
3324.000	35.125
3325.000	35.124
3326.000	35.124
3327.000	35.124
3328.000	35.124
3329.000	35.124
3330.000	35.123
3331.000	35.123
3332.000	35.123
3333.000	35.123
3334.000	35.123
3335.000	35.122
3336.000	35.122
3337.000	35.122
3338.000	35.122
3339.000	35.122
3340.000	35.121
3341.000	35.121
3342.000	35.121
3343.000	35.121
3344.000	35.121
3345.000	35.120
3346.000	35.120
3347.000	35.120
3348.000	35.120
3349.000	35.119
3350.000	35.119
3351.000	35.119
3352.000	35.119
3353.000	35.119
3354.000	35.118
3355.000	35.118
3356.000	35.118
3357.000	35.118
3358.000	35.118
3359.000	35.117
3360.000	35.117
3361.000	35.117
3362.000	35.117
3363.000	35.117
3364.000	35.116
3365.000	35.116
3366.000	35.116
3367.000	35.116
3368.000	35.116
3369.000	35.115
3370.000	35.115
3371.000	35.115
3372.000	35.115
3373.000	35.115
3374.000	35.114
3375.000	35.114
3376.000	35.114
3377.000	35.114
3378.000	35.114
3379.000	35.113
3380.000	35.113
3381.000	35.113
3382.000	35.113
3383.000	35.113
3384.000	35.112
3385.000	35.112
3386.000	35.112
3387.000	35.112
3388.000	35.112
3389.000	35.111
3390.000	35.111
3391.000	35.111
3392.000	35.111
3393.000	35.110
3394.000	35.110
3395.000	35.110
3396.000	35.110
3397.000	35.110
3398.000	35.109
3399.000	35.109
3400.000	35.109
3401.000	35.109
3402.000	35.109
3403.000	35.108
3404.000	35.108
3405.000	35.108
3406.000	35.108
3407.000	35.108
3408.000	35.107
3409.000	35.107
3410.000	35.107
3411.000	35.107
3412.000	35.107
3413.000	35.106
3414.000	35.106
3415.000	35.106
3416.000	35.106
3417.000	35.106
3418.000	35.105
3419.000	35.105
3420.000	35.105
3421.000	35.105
3422.000	35.105
3423.000	35.104
3424.000	35.104
3425.000	35.104
3426.000	35.104
3427.000	35.104
3428.000	35.103
3429.000	35.103
3430.000	35.103
3431.000	35.103
3432.000	35.103
3433.000	35.102
3434.000	35.102
3435.000	35.102
3436.000	35.102
3437.000	35.101
3438.000	35.101
3439.000	35.101
3440.000	35.101
3441.000	35.101
3442.000	35.100
3443.000	35.100
3444.000	35.100
3445.000	35.100
3446.000	35.100
3447.000	35.099
3448.000	35.099
3449.000	35.099
3450.000	35.099
3451.000	35.099
3452.000	35.098
3453.000	35.098
3454.000	35.098
3455.000	35.098
3456.000	35.098
3457.000	35.097
3458.000	35.097
3459.000	35.097
3460.000	35.097
3461.000	35.097
3462.000	35.096
3463.000	35.096
3464.000	35.096
3465.000	35.096
3466.000	35.096
3467.000	35.095
3468.000	35.095
3469.000	35.095
3470.000	35.094
3471.000	35.094
3472.000	35.094
3473.000	35.094
3474.000	35.093
3475.000	35.093
3476.000	35.093
3477.000	35.093
3478.000	35.092
3479.000	35.092
3480.000	35.092
3481.000	35.091
3482.000	35.091
3483.000	35.091
3484.000	35.090
3485.000	35.090
3486.000	35.090
3487.000	35.089
3488.000	35.089
3489.000	35.089
3490.000	35.088
3491.000	35.088
3492.000	35.088
3493.000	35.087
3494.000	35.087
3495.000	35.087
3496.000	35.086
3497.000	35.086
3498.000	35.086
3499.000	35.085
3500.000	35.085
3501.000	35.085
3502.000	35.084
3503.000	35.084
3504.000	35.083
3505.000	35.082
3506.000	35.082
3507.000	35.081
3508.000	35.081
3509.000	35.081
3510.000	35.080
3511.000	35.080
3512.000	35.079
3513.000	35.079
3514.000	35.078
3515.000	35.077
3516.000	35.077
3517.000	35.076
3518.000	35.076
3519.000	35.075
3520.000	35.075
3521.000	35.074
3522.000	35.074
3523.000	35.073
3524.000	35.073
3525.000	35.072
3526.000	35.072
3527.000	35.071
3528.000	35.070
3529.000	35.070
3530.000	35.069
3531.000	35.068
3532.000	35.068
3533.000	35.067
3534.000	35.067
3535.000	35.066
3536.000	35.065
3537.000	35.065
3538.000	35.064
3539.000	35.063
3540.000	35.063
3541.000	35.062
3542.000	35.061
3543.000	35.061
3544.000	35.061
3545.000	35.060
3546.000	35.059
3547.000	35.059
3548.000	35.058
3549.000	35.057
3550.000	35.057
3551.000	35.056
3552.000	35.055
3553.000	35.055
3554.000	35.054
3555.000	35.054
3556.000	35.053
3557.000	35.052
3558.000	35.052
3559.000	35.051
3560.000	35.050
3561.000	35.050
3562.000	35.049
3563.000	35.048
3564.000	35.048
3565.000	35.047
3566.000	35.047
3567.000	35.046
3568.000	35.046
3569.000	35.045
3570.000	35.044
3571.000	35.044
3572.000	35.043
3573.000	35.042
3574.000	35.042
3575.000	35.041
3576.000	35.041
3577.000	35.040
3578.000	35.039
3579.000	35.039
3580.000	35.038
3581.000	35.037
3582.000	35.037
3583.000	35.036
3584.000	35.035
3585.000	35.035
3586.000	35.034
3587.000	35.034
3588.000	35.033
3589.000	35.033
3590.000	35.032
3591.000	35.031
3592.000	35.031
3593.000	35.030
3594.000	35.029
3595.000	35.029
3596.000	35.028
3597.000	35.027
3598.000	35.027
3599.000	35.026
3600.000	35.026
3601.000	35.025
3602.000	35.024
3603.000	35.024
3604.000	35.023
3605.000	35.022
3606.000	35.022
3607.000	35.021
3608.000	35.020
3609.000	35.020
3610.000	35.020
3611.000	35.019
3612.000	35.018
3613.000	35.018
3614.000	35.017
3615.000	35.016
3616.000	35.016
3617.000	35.015
3618.000	35.014
3619.000	35.014
3620.000	35.013
3621.000	35.013
3622.000	35.012
3623.000	35.012
3624.000	35.011
3625.000	35.010
3626.000	35.010
3627.000	35.009
3628.000	35.008
3629.000	35.008
3630.000	35.007
3631.000	35.006
3632.000	35.006
3633.000	35.005
3634.000	35.005
3635.000	35.004
3636.000	35.003
3637.000	35.003
3638.000	35.002
3639.000	35.002
3640.000	35.001
3641.000	35.000
3642.000	35.000
3643.000	34.999
3644.000	34.999
3645.000	34.998
3646.000	34.997
3647.000	34.997
3648.000	34.996
3649.000	34.995
3650.000	34.995
3651.000	34.994
3652.000	34.993
3653.000	34.993
3654.000	34.993
3655.000	34.992
3656.000	34.991
3657.000	34.991
3658.000	34.990
3659.000	34.989
3660.000	34.989
3661.000	34.988
3662.000	34.987
3663.000	34.987
3664.000	34.986
3665.000	34.986
3666.000	34.985
3667.000	34.985
3668.000	34.984
3669.000	34.983
3670.000	34.983
3671.000	34.982
3672.000	34.981
3673.000	34.981
3674.000	34.980
3675.000	34.979
3676.000	34.979
3677.000	34.979
3678.000	34.978
3679.000	34.977
3680.000	34.977
3681.000	34.976
3682.000	34.975
3683.000	34.975
3684.000	34.974
3685.000	34.973
3686.000	34.973
3687.000	34.972
3688.000	34.972
3689.000	34.971
3690.000	34.970
3691.000	34.970
3692.000	34.969
3693.000	34.968
3694.000	34.968
3695.000	34.967
3696.000	34.966
3697.000	34.966
3698.000	34.965
3699.000	34.965
3700.000	34.964
3701.000	34.963
3702.000	34.963
3703.000	34.962
3704.000	34.961
3705.000	34.961
3706.000	34.960
3707.000	34.959
3708.000	34.959
3709.000	34.958
3710.000	34.958
3711.000	34.957
3712.000	34.956
3713.000	34.956
3714.000	34.955
3715.000	34.954
3716.000	34.954
3717.000	34.953
3718.000	34.952
3719.000	34.952
3720.000	34.951
3721.000	34.951
3722.000	34.950
3723.000	34.949
3724.000	34.949
3725.000	34.948
3726.000	34.947
3727.000	34.947
3728.000	34.946
3729.000	34.945
3730.000	34.945
3731.000	34.944
3732.000	34.944
3733.000	34.943
3734.000	34.942
3735.000	34.941
3736.000	34.941
3737.000	34.940
3738.000	34.939
3739.000	34.939
3740.000	34.938
3741.000	34.937
3742.000	34.936
3743.000	34.936
3744.000	34.935
3745.000	34.935
3746.000	34.935
3747.000	34.935
3748.000	34.935
3749.000	34.934
3750.000	34.934
3751.000	34.934
3752.000	34.934
3753.000	34.934
3754.000	34.933
3755.000	34.933
3756.000	34.933
3757.000	34.933
3758.000	34.933
3759.000	34.932
3760.000	34.932
3761.000	34.932
3762.000	34.932
3763.000	34.932
3764.000	34.931
3765.000	34.931
3766.000	34.931
3767.000	34.931
3768.000	34.931
3769.000	34.930
3770.000	34.930
3771.000	34.930
3772.000	34.930
3773.000	34.929
3774.000	34.929
3775.000	34.929
3776.000	34.929
3777.000	34.929
3778.000	34.928
3779.000	34.928
3780.000	34.928
3781.000	34.928
3782.000	34.928
3783.000	34.927
3784.000	34.927
3785.000	34.927
3786.000	34.927
3787.000	34.927
3788.000	34.926
3789.000	34.926
3790.000	34.926
3791.000	34.876
3792.000	34.876
3793.000	34.875
3794.000	34.875
3795.000	34.875
3796.000	34.875
3797.000	34.874
3798.000	34.874
3799.000	34.874
3800.000	34.874
3801.000	34.874
3802.000	34.873
3803.000	34.873
3804.000	34.873
3805.000	34.873
3806.000	34.873
3807.000	34.872
3808.000	34.830
3809.000	34.830
3810.000	34.830
3811.000	34.830
3812.000	34.829
3813.000	34.829
3814.000	34.814
3815.000	34.814
3816.000	34.814
3817.000	34.813
3818.000	34.813
3819.000	34.813
3820.000	34.813
3821.000	34.813
3822.000	34.812
3823.000	34.812
3824.000	34.812
3825.000	34.812
3826.000	34.812
3827.000	34.811
3828.000	34.811
3829.000	34.737
3830.000	34.736
3831.000	34.732
3832.000	34.706
3833.000	34.706
3834.000	34.706
3835.000	34.705
3836.000	34.705
3837.000	34.705
3838.000	34.687
3839.000	34.687
3840.000	34.687
3841.000	34.686
3842.000	34.686
3843.000	34.686
3844.000	34.686
3845.000	34.686
3846.000	34.685
3847.000	34.685
3848.000	34.685
3849.000	34.685
3850.000	34.685
3851.000	34.684
3852.000	34.684
3853.000	34.684
3854.000	34.684
3855.000	34.683
3856.000	34.619
3857.000	34.608
3858.000	34.606
3859.000	34.605
3860.000	34.605
3861.000	34.605
3862.000	34.605
3863.000	34.605
3864.000	34.604
3865.000	34.604
3866.000	34.604
3867.000	34.604
3868.000	34.604
3869.000	34.603
3870.000	34.603
3871.000	34.603
3872.000	34.603
3873.000	34.603
3874.000	34.602
3875.000	34.602
3876.000	34.602
3877.000	34.602
3878.000	34.601
3879.000	34.601
3880.000	34.601
3881.000	34.601
3882.000	34.601
3883.000	34.600
3884.000	34.600
3885.000	34.600
3886.000	34.600
3887.000	34.600
3888.000	34.599
3889.000	34.599
3890.000	34.599
3891.000	34.599
3892.000	34.599
3893.000	34.598
3894.000	34.598
3895.000	34.598
3896.000	34.598
3897.000	34.598
3898.000	34.597
3899.000	34.597
3900.000	34.597
3901.000	34.597
3902.000	34.597
3903.000	34.596
3904.000	34.596
3905.000	34.596
3906.000	34.596
3907.000	34.596
3908.000	34.595
3909.000	34.595
3910.000	34.595
3911.000	34.595
3912.000	34.595
3913.000	34.594
3914.000	34.594
3915.000	34.594
3916.000	34.594
3917.000	34.594
3918.000	34.593
3919.000	34.593
3920.000	34.593
3921.000	34.593
3922.000	34.593
3923.000	34.592
3924.000	34.592
3925.000	34.592
3926.000	34.592
3927.000	34.591
3928.000	34.591
3929.000	34.591
3930.000	34.591
3931.000	34.591
3932.000	34.590
3933.000	34.590
3934.000	34.590
3935.000	34.590
3936.000	34.590
3937.000	34.589
3938.000	34.589
3939.000	34.589
3940.000	34.589
3941.000	34.589
3942.000	34.588
3943.000	34.588
3944.000	34.588
3945.000	34.588
3946.000	34.588
3947.000	34.587
3948.000	34.587
3949.000	34.587
3950.000	34.587
3951.000	34.587
3952.000	34.586
3953.000	34.586
3954.000	34.586
3955.000	34.586
3956.000	34.586
3957.000	34.585
3958.000	34.585
3959.000	34.585
3960.000	34.585
3961.000	34.585
3962.000	34.584
3963.000	34.584
3964.000	34.584
3965.000	34.584
3966.000	34.584
3967.000	34.583
3968.000	34.583
3969.000	34.583
3970.000	34.583
3971.000	34.582
3972.000	34.582
3973.000	34.582
3974.000	34.582
3975.000	34.582
3976.000	34.581
3977.000	34.581
3978.000	34.581
3979.000	34.581
3980.000	34.581
3981.000	34.580
3982.000	34.580
3983.000	34.580
3984.000	34.580
3985.000	34.580
3986.000	34.579
3987.000	34.579
3988.000	34.579
3989.000	34.579
3990.000	34.579
3991.000	34.578
3992.000	34.578
3993.000	34.578
3994.000	34.578
3995.000	34.578
3996.000	34.577
3997.000	34.577
3998.000	34.577
3999.000	34.577
4000.000	34.577
4001.000	34.576
4002.000	34.576
4003.000	34.576
4004.000	34.576
4005.000	34.576
4006.000	34.575
4007.000	34.575
4008.000	34.575
4009.000	34.575
4010.000	34.575
4011.000	34.574
4012.000	34.574
4013.000	34.574
4014.000	34.574
4015.000	34.573
4016.000	34.573
4017.000	34.573
4018.000	34.573
4019.000	34.573
4020.000	34.572
4021.000	34.572
4022.000	34.572
4023.000	34.572
4024.000	34.572
4025.000	34.571
4026.000	34.571
4027.000	34.571
4028.000	34.571
4029.000	34.571
4030.000	34.570
4031.000	34.570
4032.000	34.547
4033.000	34.547
4034.000	34.547
4035.000	34.547
4036.000	34.546
4037.000	34.546
4038.000	34.546
4039.000	34.546
4040.000	34.546
4041.000	34.545
4042.000	34.545
4043.000	34.545
4044.000	34.545
4045.000	34.545
4046.000	34.544
4047.000	34.544
4048.000	34.544
4049.000	34.544
4050.000	34.544
4051.000	34.543
4052.000	34.543
4053.000	34.543
4054.000	34.543
4055.000	34.543
4056.000	34.542
4057.000	34.542
4058.000	34.542
4059.000	34.542
4060.000	34.542
4061.000	34.541
4062.000	34.541
4063.000	34.541
4064.000	34.541
4065.000	34.540
4066.000	34.540
4067.000	34.540
4068.000	34.540
4069.000	34.540
4070.000	34.539
4071.000	34.539
4072.000	34.539
4073.000	34.539
4074.000	34.539
4075.000	34.503
4076.000	34.503
4077.000	34.503
4078.000	34.503
4079.000	34.502
4080.000	34.502
4081.000	34.502
4082.000	34.502
4083.000	34.502
4084.000	34.501
4085.000	34.501
4086.000	34.501
4087.000	34.501
4088.000	34.500
4089.000	34.500
4090.000	34.500
4091.000	34.500
4092.000	34.500
4093.000	34.484
4094.000	34.454
4095.000	0.000
