0.000	17.545
1.000	17.545
2.000	17.449
3.000	17.449
4.000	17.449
5.000	17.449
6.000	17.449
7.000	17.449
8.000	17.449
9.000	17.449
10.000	17.449
11.000	17.449
12.000	17.449
13.000	17.449
14.000	17.449
15.000	17.449
16.000	17.449
17.000	17.446
18.000	17.446
19.000	17.443
20.000	17.442
21.000	17.442
22.000	17.442
23.000	17.441
24.000	17.441
25.000	17.440
26.000	17.440
27.000	17.440
28.000	17.439
29.000	17.439
30.000	17.437
31.000	17.436
32.000	17.435
33.000	17.434
34.000	17.433
35.000	17.431
36.000	17.430
37.000	17.429
38.000	17.428
39.000	17.427
40.000	17.427
41.000	17.426
42.000	17.424
43.000	17.423
44.000	17.421
45.000	17.420
46.000	17.418
47.000	17.417
48.000	17.416
49.000	17.415
50.000	17.414
51.000	17.414
52.000	17.412
53.000	17.411
54.000	17.409
55.000	17.408
56.000	17.407
57.000	17.405
58.000	17.404
59.000	17.403
60.000	17.401
61.000	17.400
62.000	17.400
63.000	17.399
64.000	17.397
65.000	17.396
66.000	17.394
67.000	17.392
68.000	17.391
69.000	17.389
70.000	17.388
71.000	17.386
72.000	17.385
73.000	17.385
74.000	17.383
75.000	17.382
76.000	17.380
77.000	17.378
78.000	17.376
79.000	17.374
80.000	17.372
81.000	17.370
82.000	17.367
83.000	17.365
84.000	17.343
85.000	17.340
86.000	17.338
87.000	17.336
88.000	17.333
89.000	17.331
90.000	17.329
91.000	17.326
92.000	17.323
93.000	17.320
94.000	17.316
95.000	17.313
96.000	17.313
97.000	17.310
98.000	17.306
99.000	17.303
100.000	17.299
101.000	17.296
102.000	17.292
103.000	17.288
104.000	17.284
105.000	17.279
106.000	17.275
107.000	17.275
108.000	17.270
109.000	17.266
110.000	17.261
111.000	17.257
112.000	17.252
113.000	17.247
114.000	17.241
115.000	17.235
116.000	17.229
117.000	17.223
118.000	17.219
119.000	17.213
120.000	17.208
121.000	17.201
122.000	17.195
123.000	17.188
124.000	17.182
125.000	17.175
126.000	17.167
127.000	17.159
128.000	17.151
129.000	17.138
130.000	17.130
131.000	17.122
132.000	17.114
133.000	17.105
134.000	17.095
135.000	17.085
136.000	17.075
137.000	17.065
138.000	17.055
139.000	17.043
140.000	17.008
141.000	16.997
142.000	16.984
143.000	16.973
144.000	16.960
145.000	16.947
146.000	16.934
147.000	16.921
148.000	16.907
149.000	16.892
150.000	16.877
151.000	16.877
152.000	16.861
153.000	16.845
154.000	16.829
155.000	16.813
156.000	16.795
157.000	16.776
158.000	16.758
159.000	16.739
160.000	16.720
161.000	16.701
162.000	16.681
163.000	16.677
164.000	16.657
165.000	16.637
166.000	16.613
167.000	16.589
168.000	16.566
169.000	16.543
170.000	16.520
171.000	16.499
172.000	16.477
173.000	16.455
174.000	16.455
175.000	16.433
176.000	16.411
177.000	16.384
178.000	16.357
179.000	16.330
180.000	16.302
181.000	16.272
182.000	16.243
183.000	16.213
184.000	16.183
185.000	16.110
186.000	16.079
187.000	16.048
188.000	16.016
189.000	15.983
190.000	15.950
191.000	15.916
192.000	15.883
193.000	15.850
194.000	15.816
195.000	15.781
196.000	15.781
197.000	15.747
198.000	15.712
199.000	15.676
200.000	15.640
201.000	15.604
202.000	15.568
203.000	15.532
204.000	15.495
205.000	15.459
206.000	15.422
207.000	15.116
208.000	15.079
209.000	15.042
210.000	15.004
211.000	14.966
212.000	14.929
213.000	14.891
214.000	14.854
215.000	14.816
216.000	14.777
217.000	14.739
218.000	14.739
219.000	14.701
220.000	14.663
221.000	14.627
222.000	14.589
223.000	14.551
224.000	14.512
225.000	14.474
226.000	14.436
227.000	14.398
228.000	14.359
229.000	14.320
230.000	14.266
231.000	14.228
232.000	14.192
233.000	14.156
234.000	14.120
235.000	14.083
236.000	14.047
237.000	14.010
238.000	13.972
239.000	13.933
240.000	13.893
241.000	13.849
242.000	13.809
243.000	13.768
244.000	13.729
245.000	13.693
246.000	13.658
247.000	13.624
248.000	13.590
249.000	13.558
250.000	13.526
251.000	13.492
252.000	13.457
253.000	13.424
254.000	13.391
255.000	13.359
256.000	13.327
257.000	13.293
258.000	13.260
259.000	13.228
260.000	13.196
261.000	13.165
262.000	13.133
263.000	13.069
264.000	13.037
265.000	13.006
266.000	12.974
267.000	12.943
268.000	12.912
269.000	12.882
270.000	12.850
271.000	12.819
272.000	12.789
273.000	12.759
274.000	12.691
275.000	12.660
276.000	12.631
277.000	12.602
278.000	12.573
279.000	12.544
280.000	12.516
281.000	12.487
282.000	12.459
283.000	12.431
284.000	12.405
285.000	12.345
286.000	12.317
287.000	12.290
288.000	12.263
289.000	12.236
290.000	12.209
291.000	12.182
292.000	12.156
293.000	12.130
294.000	12.103
295.000	12.077
296.000	12.061
297.000	12.035
298.000	12.010
299.000	11.985
300.000	11.960
301.000	11.935
302.000	11.911
303.000	11.885
304.000	11.861
305.000	11.837
306.000	11.813
307.000	11.789
308.000	11.718
309.000	11.694
310.000	11.670
311.000	11.646
312.000	11.622
313.000	11.599
314.000	11.575
315.000	11.551
316.000	11.527
317.000	11.504
318.000	11.482
319.000	11.455
320.000	11.433
321.000	11.411
322.000	11.390
323.000	11.369
324.000	11.347
325.000	11.325
326.000	11.303
327.000	11.280
328.000	11.258
329.000	11.235
330.000	11.200
331.000	11.177
332.000	11.155
333.000	11.132
334.000	11.110
335.000	11.089
336.000	11.067
337.000	11.045
338.000	11.022
339.000	11.001
340.000	10.981
341.000	10.948
342.000	10.928
343.000	10.907
344.000	10.887
345.000	10.866
346.000	10.846
347.000	10.825
348.000	10.805
349.000	10.786
350.000	10.767
351.000	10.747
352.000	10.731
353.000	10.712
354.000	10.692
355.000	10.672
356.000	10.652
357.000	10.633
358.000	10.614
359.000	10.595
360.000	10.576
361.000	10.557
362.000	10.537
363.000	10.499
364.000	10.479
365.000	10.460
366.000	10.440
367.000	10.421
368.000	10.401
369.000	10.382
370.000	10.363
371.000	10.343
372.000	10.322
373.000	10.301
374.000	10.281
375.000	10.260
376.000	10.240
377.000	10.221
378.000	10.200
379.000	10.179
380.000	10.158
381.000	10.137
382.000	10.115
383.000	10.095
384.000	10.074
385.000	10.053
386.000	10.017
387.000	9.996
388.000	9.976
389.000	9.956
390.000	9.937
391.000	9.918
392.000	9.899
393.000	9.880
394.000	9.862
395.000	9.844
396.000	9.825
397.000	9.825
398.000	9.807
399.000	9.787
400.000	9.768
401.000	9.746
402.000	9.726
403.000	9.705
404.000	9.684
405.000	9.664
406.000	9.643
407.000	9.621
408.000	9.534
409.000	9.513
410.000	9.492
411.000	9.471
412.000	9.449
413.000	9.427
414.000	9.406
415.000	9.385
416.000	9.363
417.000	9.342
418.000	9.321
419.000	9.266
420.000	9.245
421.000	9.223
422.000	9.201
423.000	9.180
424.000	9.158
425.000	9.136
426.000	9.113
427.000	9.092
428.000	9.070
429.000	9.048
430.000	9.048
431.000	9.025
432.000	9.003
433.000	8.981
434.000	8.959
435.000	8.937
436.000	8.914
437.000	8.892
438.000	8.870
439.000	8.848
440.000	8.826
441.000	8.803
442.000	8.803
443.000	8.781
444.000	8.759
445.000	8.737
446.000	8.715
447.000	8.693
448.000	8.671
449.000	8.648
450.000	8.626
451.000	8.604
452.000	8.582
453.000	8.580
454.000	8.557
455.000	8.535
456.000	8.513
457.000	8.491
458.000	8.469
459.000	8.447
460.000	8.425
461.000	8.403
462.000	8.381
463.000	8.359
464.000	8.334
465.000	8.311
466.000	8.290
467.000	8.269
468.000	8.248
469.000	8.226
470.000	8.204
471.000	8.183
472.000	8.162
473.000	8.141
474.000	8.119
475.000	8.117
476.000	8.096
477.000	8.075
478.000	8.055
479.000	8.034
480.000	8.013
481.000	7.993
482.000	7.972
483.000	7.951
484.000	7.930
485.000	7.911
486.000	7.905
487.000	7.886
488.000	7.867
489.000	7.848
490.000	7.828
491.000	7.809
492.000	7.790
493.000	7.770
494.000	7.751
495.000	7.731
496.000	7.711
497.000	7.689
498.000	7.669
499.000	7.649
500.000	7.629
501.000	7.609
502.000	7.588
503.000	7.568
504.000	7.548
505.000	7.527
506.000	7.506
507.000	7.485
508.000	7.452
509.000	7.431
510.000	7.412
511.000	7.392
512.000	7.373
513.000	7.355
514.000	7.337
515.000	7.320
516.000	7.302
517.000	7.284
518.000	7.266
519.000	7.249
520.000	7.220
521.000	7.203
522.000	7.186
523.000	7.169
524.000	7.152
525.000	7.135
526.000	7.118
527.000	7.101
528.000	7.084
529.000	7.067
530.000	7.051
531.000	7.022
532.000	7.006
533.000	6.989
534.000	6.972
535.000	6.956
536.000	6.941
537.000	6.925
538.000	6.910
539.000	6.894
540.000	6.879
541.000	6.864
542.000	6.846
543.000	6.831
544.000	6.816
545.000	6.801
546.000	6.787
547.000	6.773
548.000	6.758
549.000	6.744
550.000	6.731
551.000	6.717
552.000	6.703
553.000	6.673
554.000	6.659
555.000	6.646
556.000	6.633
557.000	6.620
558.000	6.608
559.000	6.595
560.000	6.583
561.000	6.571
562.000	6.559
563.000	6.546
564.000	6.522
565.000	6.510
566.000	6.498
567.000	6.485
568.000	6.473
569.000	6.462
570.000	6.450
571.000	6.439
572.000	6.427
573.000	6.416
574.000	6.405
575.000	6.378
576.000	6.367
577.000	6.356
578.000	6.345
579.000	6.335
580.000	6.324
581.000	6.314
582.000	6.304
583.000	6.294
584.000	6.283
585.000	6.273
586.000	6.263
587.000	6.239
588.000	6.229
589.000	6.219
590.000	6.209
591.000	6.200
592.000	6.191
593.000	6.181
594.000	6.172
595.000	6.163
596.000	6.154
597.000	6.145
598.000	6.144
599.000	6.135
600.000	6.126
601.000	6.118
602.000	6.109
603.000	6.100
604.000	6.092
605.000	6.084
606.000	6.076
607.000	6.068
608.000	6.059
609.000	6.058
610.000	6.049
611.000	6.041
612.000	6.033
613.000	6.026
614.000	6.018
615.000	6.010
616.000	6.002
617.000	5.995
618.000	5.988
619.000	5.981
620.000	5.979
621.000	5.972
622.000	5.965
623.000	5.958
624.000	5.951
625.000	5.944
626.000	5.937
627.000	5.930
628.000	5.923
629.000	5.917
630.000	5.910
631.000	5.908
632.000	5.902
633.000	5.895
634.000	5.889
635.000	5.883
636.000	5.876
637.000	5.870
638.000	5.863
639.000	5.857
640.000	5.851
641.000	5.844
642.000	5.842
643.000	5.836
644.000	5.830
645.000	5.824
646.000	5.818
647.000	5.812
648.000	5.806
649.000	5.800
650.000	5.794
651.000	5.788
652.000	5.782
653.000	5.776
654.000	5.776
655.000	5.770
656.000	5.764
657.000	5.759
658.000	5.753
659.000	5.747
660.000	5.741
661.000	5.735
662.000	5.730
663.000	5.724
664.000	5.719
665.000	5.719
666.000	5.713
667.000	5.708
668.000	5.702
669.000	5.697
670.000	5.691
671.000	5.686
672.000	5.681
673.000	5.675
674.000	5.670
675.000	5.665
676.000	5.616
677.000	5.611
678.000	5.606
679.000	5.601
680.000	5.596
681.000	5.591
682.000	5.586
683.000	5.582
684.000	5.577
685.000	5.572
686.000	5.567
687.000	5.567
688.000	5.562
689.000	5.557
690.000	5.552
691.000	5.547
692.000	5.542
693.000	5.537
694.000	5.532
695.000	5.527
696.000	5.522
697.000	5.517
698.000	5.516
699.000	5.511
700.000	5.506
701.000	5.501
702.000	5.496
703.000	5.491
704.000	5.485
705.000	5.480
706.000	5.475
707.000	5.470
708.000	5.465
709.000	5.465
710.000	5.460
711.000	5.455
712.000	5.451
713.000	5.446
714.000	5.440
715.000	5.435
716.000	5.430
717.000	5.425
718.000	5.421
719.000	5.416
720.000	5.415
721.000	5.411
722.000	5.406
723.000	5.401
724.000	5.396
725.000	5.391
726.000	5.386
727.000	5.381
728.000	5.376
729.000	5.371
730.000	5.367
731.000	5.362
732.000	5.294
733.000	5.289
734.000	5.284
735.000	5.279
736.000	5.275
737.000	5.270
738.000	5.265
739.000	5.260
740.000	5.255
741.000	5.250
742.000	5.245
743.000	5.245
744.000	5.240
745.000	5.235
746.000	5.230
747.000	5.225
748.000	5.220
749.000	5.215
750.000	5.210
751.000	5.205
752.000	5.201
753.000	5.196
754.000	5.196
755.000	5.191
756.000	5.186
757.000	5.181
758.000	5.177
759.000	5.172
760.000	5.167
761.000	5.162
762.000	5.158
763.000	5.153
764.000	5.149
765.000	5.131
766.000	5.126
767.000	5.122
768.000	5.117
769.000	5.112
770.000	5.108
771.000	5.103
772.000	5.098
773.000	5.094
774.000	5.089
775.000	5.084
776.000	5.069
777.000	5.064
778.000	5.059
779.000	5.054
780.000	5.050
781.000	5.045
782.000	5.041
783.000	5.036
784.000	5.032
785.000	5.027
786.000	5.023
787.000	5.022
788.000	5.018
789.000	5.013
790.000	5.009
791.000	5.004
792.000	4.999
793.000	4.995
794.000	4.991
795.000	4.987
796.000	4.982
797.000	4.978
798.000	4.974
799.000	4.974
800.000	4.970
801.000	4.965
802.000	4.961
803.000	4.957
804.000	4.953
805.000	4.949
806.000	4.944
807.000	4.940
808.000	4.936
809.000	4.932
810.000	4.932
811.000	4.928
812.000	4.924
813.000	4.920
814.000	4.916
815.000	4.911
816.000	4.907
817.000	4.903
818.000	4.899
819.000	4.895
820.000	4.891
821.000	4.891
822.000	4.887
823.000	4.883
824.000	4.879
825.000	4.876
826.000	4.872
827.000	4.868
828.000	4.864
829.000	4.861
830.000	4.857
831.000	4.853
832.000	4.853
833.000	4.850
834.000	4.846
835.000	4.842
836.000	4.839
837.000	4.835
838.000	4.832
839.000	4.828
840.000	4.824
841.000	4.821
842.000	4.817
843.000	4.817
844.000	4.813
845.000	4.810
846.000	4.806
847.000	4.802
848.000	4.798
849.000	4.795
850.000	4.791
851.000	4.788
852.000	4.784
853.000	4.780
854.000	4.735
855.000	4.732
856.000	4.728
857.000	4.724
858.000	4.721
859.000	4.717
860.000	4.714
861.000	4.711
862.000	4.707
863.000	4.704
864.000	4.700
865.000	4.697
866.000	4.697
867.000	4.693
868.000	4.690
869.000	4.686
870.000	4.683
871.000	4.680
872.000	4.676
873.000	4.673
874.000	4.669
875.000	4.666
876.000	4.663
877.000	4.662
878.000	4.659
879.000	4.656
880.000	4.653
881.000	4.649
882.000	4.646
883.000	4.643
884.000	4.640
885.000	4.637
886.000	4.634
887.000	4.630
888.000	4.630
889.000	4.627
890.000	4.624
891.000	4.621
892.000	4.618
893.000	4.615
894.000	4.612
895.000	4.609
896.000	4.606
897.000	4.603
898.000	4.600
899.000	4.600
900.000	4.597
901.000	4.594
902.000	4.591
903.000	4.588
904.000	4.585
905.000	4.582
906.000	4.579
907.000	4.576
908.000	4.573
909.000	4.570
910.000	4.570
911.000	4.567
912.000	4.564
913.000	4.561
914.000	4.558
915.000	4.556
916.000	4.553
917.000	4.550
918.000	4.547
919.000	4.544
920.000	4.542
921.000	4.528
922.000	4.525
923.000	4.522
924.000	4.520
925.000	4.517
926.000	4.514
927.000	4.511
928.000	4.509
929.000	4.506
930.000	4.503
931.000	4.500
932.000	4.498
933.000	4.497
934.000	4.495
935.000	4.492
936.000	4.489
937.000	4.487
938.000	4.484
939.000	4.481
940.000	4.479
941.000	4.476
942.000	4.474
943.000	4.471
944.000	4.443
945.000	4.441
946.000	4.438
947.000	4.435
948.000	4.433
949.000	4.430
950.000	4.427
951.000	4.425
952.000	4.422
953.000	4.419
954.000	4.416
955.000	4.416
956.000	4.413
957.000	4.411
958.000	4.408
959.000	4.406
960.000	4.403
961.000	4.401
962.000	4.398
963.000	4.396
964.000	4.393
965.000	4.391
966.000	4.390
967.000	4.388
968.000	4.385
969.000	4.383
970.000	4.380
971.000	4.377
972.000	4.375
973.000	4.372
974.000	4.370
975.000	4.367
976.000	4.365
977.000	4.364
978.000	4.361
979.000	4.359
980.000	4.356
981.000	4.353
982.000	4.351
983.000	4.348
984.000	4.345
985.000	4.343
986.000	4.340
987.000	4.338
988.000	4.337
989.000	4.335
990.000	4.332
991.000	4.330
992.000	4.327
993.000	4.325
994.000	4.322
995.000	4.320
996.000	4.317
997.000	4.315
998.000	4.312
999.000	4.312
1000.000	4.309
1001.000	4.307
1002.000	4.305
1003.000	4.302
1004.000	4.300
1005.000	4.297
1006.000	4.295
1007.000	4.293
1008.000	4.290
1009.000	4.288
1010.000	4.286
1011.000	4.279
1012.000	4.277
1013.000	4.274
1014.000	4.272
1015.000	4.270
1016.000	4.267
1017.000	4.265
1018.000	4.263
1019.000	4.260
1020.000	4.258
1021.000	4.256
1022.000	4.245
1023.000	4.243
1024.000	4.241
1025.000	4.238
1026.000	4.236
1027.000	4.234
1028.000	4.231
1029.000	4.229
1030.000	4.227
1031.000	4.224
1032.000	4.222
1033.000	4.222
1034.000	4.220
1035.000	4.217
1036.000	4.215
1037.000	4.212
1038.000	4.210
1039.000	4.208
1040.000	4.205
1041.000	4.203
1042.000	4.201
1043.000	4.198
1044.000	4.171
1045.000	4.169
1046.000	4.167
1047.000	4.164
1048.000	4.162
1049.000	4.160
1050.000	4.158
1051.000	4.156
1052.000	4.153
1053.000	4.151
1054.000	4.149
1055.000	4.146
1056.000	4.144
1057.000	4.142
1058.000	4.140
1059.000	4.137
1060.000	4.135
1061.000	4.133
1062.000	4.131
1063.000	4.129
1064.000	4.127
1065.000	4.124
1066.000	4.099
1067.000	4.097
1068.000	4.095
1069.000	4.092
1070.000	4.090
1071.000	4.088
1072.000	4.086
1073.000	4.084
1074.000	4.082
1075.000	4.079
1076.000	4.077
1077.000	4.075
1078.000	4.075
1079.000	4.073
1080.000	4.071
1081.000	4.068
1082.000	4.066
1083.000	4.064
1084.000	4.062
1085.000	4.060
1086.000	4.058
1087.000	4.056
1088.000	4.053
1089.000	4.053
1090.000	4.051
1091.000	4.049
1092.000	4.047
1093.000	4.045
1094.000	4.043
1095.000	4.041
1096.000	4.039
1097.000	4.037
1098.000	4.035
1099.000	4.033
1100.000	4.032
1101.000	4.030
1102.000	4.028
1103.000	4.026
1104.000	4.024
1105.000	4.022
1106.000	4.020
1107.000	4.018
1108.000	4.016
1109.000	4.014
1110.000	4.012
1111.000	3.996
1112.000	3.994
1113.000	3.992
1114.000	3.990
1115.000	3.988
1116.000	3.986
1117.000	3.984
1118.000	3.982
1119.000	3.980
1120.000	3.978
1121.000	3.976
1122.000	3.963
1123.000	3.961
1124.000	3.959
1125.000	3.957
1126.000	3.955
1127.000	3.953
1128.000	3.951
1129.000	3.949
1130.000	3.947
1131.000	3.945
1132.000	3.943
1133.000	3.943
1134.000	3.941
1135.000	3.939
1136.000	3.937
1137.000	3.935
1138.000	3.934
1139.000	3.932
1140.000	3.930
1141.000	3.928
1142.000	3.926
1143.000	3.924
1144.000	3.923
1145.000	3.922
1146.000	3.921
1147.000	3.919
1148.000	3.917
1149.000	3.915
1150.000	3.913
1151.000	3.912
1152.000	3.910
1153.000	3.908
1154.000	3.906
1155.000	3.904
1156.000	3.904
1157.000	3.902
1158.000	3.900
1159.000	3.898
1160.000	3.896
1161.000	3.894
1162.000	3.892
1163.000	3.890
1164.000	3.888
1165.000	3.886
1166.000	3.885
1167.000	3.884
1168.000	3.882
1169.000	3.881
1170.000	3.879
1171.000	3.877
1172.000	3.875
1173.000	3.873
1174.000	3.871
1175.000	3.870
1176.000	3.868
1177.000	3.866
1178.000	3.858
1179.000	3.856
1180.000	3.854
1181.000	3.852
1182.000	3.850
1183.000	3.849
1184.000	3.847
1185.000	3.845
1186.000	3.843
1187.000	3.841
1188.000	3.839
1189.000	3.839
1190.000	3.838
1191.000	3.836
1192.000	3.834
1193.000	3.832
1194.000	3.831
1195.000	3.829
1196.000	3.827
1197.000	3.825
1198.000	3.823
1199.000	3.821
1200.000	3.821
1201.000	3.819
1202.000	3.818
1203.000	3.816
1204.000	3.814
1205.000	3.812
1206.000	3.811
1207.000	3.809
1208.000	3.807
1209.000	3.805
1210.000	3.803
1211.000	3.803
1212.000	3.802
1213.000	3.800
1214.000	3.798
1215.000	3.796
1216.000	3.795
1217.000	3.793
1218.000	3.791
1219.000	3.789
1220.000	3.788
1221.000	3.786
1222.000	3.784
1223.000	3.784
1224.000	3.783
1225.000	3.781
1226.000	3.779
1227.000	3.778
1228.000	3.776
1229.000	3.774
1230.000	3.773
1231.000	3.771
1232.000	3.769
1233.000	3.768
1234.000	3.767
1235.000	3.766
1236.000	3.764
1237.000	3.762
1238.000	3.761
1239.000	3.759
1240.000	3.758
1241.000	3.756
1242.000	3.755
1243.000	3.753
1244.000	3.752
1245.000	3.751
1246.000	3.750
1247.000	3.748
1248.000	3.747
1249.000	3.745
1250.000	3.744
1251.000	3.742
1252.000	3.741
1253.000	3.739
1254.000	3.738
1255.000	3.736
1256.000	3.736
1257.000	3.734
1258.000	3.733
1259.000	3.731
1260.000	3.730
1261.000	3.728
1262.000	3.727
1263.000	3.725
1264.000	3.724
1265.000	3.722
1266.000	3.721
1267.000	3.721
1268.000	3.719
1269.000	3.718
1270.000	3.716
1271.000	3.715
1272.000	3.713
1273.000	3.712
1274.000	3.710
1275.000	3.709
1276.000	3.708
1277.000	3.706
1278.000	3.706
1279.000	3.705
1280.000	3.703
1281.000	3.702
1282.000	3.700
1283.000	3.699
1284.000	3.698
1285.000	3.696
1286.000	3.695
1287.000	3.693
1288.000	3.692
1289.000	3.690
1290.000	3.690
1291.000	3.689
1292.000	3.687
1293.000	3.686
1294.000	3.684
1295.000	3.683
1296.000	3.681
1297.000	3.680
1298.000	3.679
1299.000	3.677
1300.000	3.676
1301.000	3.676
1302.000	3.674
1303.000	3.673
1304.000	3.672
1305.000	3.670
1306.000	3.669
1307.000	3.668
1308.000	3.666
1309.000	3.665
1310.000	3.664
1311.000	3.662
1312.000	3.662
1313.000	3.661
1314.000	3.660
1315.000	3.658
1316.000	3.657
1317.000	3.656
1318.000	3.655
1319.000	3.653
1320.000	3.652
1321.000	3.651
1322.000	3.650
1323.000	3.650
1324.000	3.648
1325.000	3.647
1326.000	3.646
1327.000	3.645
1328.000	3.644
1329.000	3.642
1330.000	3.641
1331.000	3.640
1332.000	3.639
1333.000	3.638
1334.000	3.637
1335.000	3.636
1336.000	3.635
1337.000	3.634
1338.000	3.633
1339.000	3.632
1340.000	3.630
1341.000	3.629
1342.000	3.628
1343.000	3.627
1344.000	3.626
1345.000	3.625
1346.000	3.624
1347.000	3.623
1348.000	3.622
1349.000	3.620
1350.000	3.619
1351.000	3.618
1352.000	3.617
1353.000	3.615
1354.000	3.614
1355.000	3.613
1356.000	3.611
1357.000	3.611
1358.000	3.610
1359.000	3.608
1360.000	3.607
1361.000	3.606
1362.000	3.605
1363.000	3.603
1364.000	3.602
1365.000	3.601
1366.000	3.600
1367.000	3.598
1368.000	3.598
1369.000	3.597
1370.000	3.596
1371.000	3.594
1372.000	3.593
1373.000	3.592
1374.000	3.591
1375.000	3.589
1376.000	3.588
1377.000	3.587
1378.000	3.585
1379.000	3.585
1380.000	3.584
1381.000	3.583
1382.000	3.582
1383.000	3.580
1384.000	3.579
1385.000	3.578
1386.000	3.576
1387.000	3.575
1388.000	3.574
1389.000	3.573
1390.000	3.572
1391.000	3.571
1392.000	3.570
1393.000	3.568
1394.000	3.567
1395.000	3.565
1396.000	3.564
1397.000	3.563
1398.000	3.561
1399.000	3.560
1400.000	3.558
1401.000	3.558
1402.000	3.557
1403.000	3.555
1404.000	3.554
1405.000	3.553
1406.000	3.551
1407.000	3.550
1408.000	3.548
1409.000	3.547
1410.000	3.545
1411.000	3.544
1412.000	3.541
1413.000	3.539
1414.000	3.538
1415.000	3.536
1416.000	3.535
1417.000	3.533
1418.000	3.532
1419.000	3.530
1420.000	3.529
1421.000	3.527
1422.000	3.526
1423.000	3.526
1424.000	3.524
1425.000	3.523
1426.000	3.521
1427.000	3.520
1428.000	3.518
1429.000	3.517
1430.000	3.516
1431.000	3.514
1432.000	3.513
1433.000	3.511
1434.000	3.510
1435.000	3.510
1436.000	3.508
1437.000	3.507
1438.000	3.505
1439.000	3.504
1440.000	3.502
1441.000	3.501
1442.000	3.499
1443.000	3.498
1444.000	3.496
1445.000	3.495
1446.000	3.489
1447.000	3.487
1448.000	3.486
1449.000	3.484
1450.000	3.483
1451.000	3.481
1452.000	3.480
1453.000	3.478
1454.000	3.476
1455.000	3.475
1456.000	3.473
1457.000	3.473
1458.000	3.472
1459.000	3.470
1460.000	3.469
1461.000	3.467
1462.000	3.466
1463.000	3.464
1464.000	3.463
1465.000	3.461
1466.000	3.460
1467.000	3.458
1468.000	3.458
1469.000	3.457
1470.000	3.455
1471.000	3.454
1472.000	3.453
1473.000	3.451
1474.000	3.450
1475.000	3.449
1476.000	3.447
1477.000	3.446
1478.000	3.444
1479.000	3.444
1480.000	3.443
1481.000	3.441
1482.000	3.440
1483.000	3.439
1484.000	3.437
1485.000	3.436
1486.000	3.434
1487.000	3.433
1488.000	3.432
1489.000	3.430
1490.000	3.430
1491.000	3.429
1492.000	3.427
1493.000	3.426
1494.000	3.425
1495.000	3.423
1496.000	3.422
1497.000	3.420
1498.000	3.419
1499.000	3.418
1500.000	3.416
1501.000	3.415
1502.000	3.415
1503.000	3.413
1504.000	3.412
1505.000	3.411
1506.000	3.409
1507.000	3.408
1508.000	3.406
1509.000	3.405
1510.000	3.404
1511.000	3.402
1512.000	3.401
1513.000	3.401
1514.000	3.399
1515.000	3.398
1516.000	3.397
1517.000	3.395
1518.000	3.394
1519.000	3.392
1520.000	3.391
1521.000	3.390
1522.000	3.388
1523.000	3.387
1524.000	3.387
1525.000	3.385
1526.000	3.384
1527.000	3.383
1528.000	3.381
1529.000	3.380
1530.000	3.378
1531.000	3.377
1532.000	3.376
1533.000	3.374
1534.000	3.373
1535.000	3.373
1536.000	3.371
1537.000	3.370
1538.000	3.369
1539.000	3.367
1540.000	3.366
1541.000	3.365
1542.000	3.363
1543.000	3.362
1544.000	3.361
1545.000	3.359
1546.000	3.359
1547.000	3.358
1548.000	3.357
1549.000	3.355
1550.000	3.354
1551.000	3.353
1552.000	3.351
1553.000	3.350
1554.000	3.349
1555.000	3.348
1556.000	3.346
1557.000	3.346
1558.000	3.345
1559.000	3.343
1560.000	3.342
1561.000	3.341
1562.000	3.340
1563.000	3.338
1564.000	3.337
1565.000	3.336
1566.000	3.335
1567.000	3.333
1568.000	3.332
1569.000	3.299
1570.000	3.298
1571.000	3.296
1572.000	3.295
1573.000	3.294
1574.000	3.293
1575.000	3.292
1576.000	3.291
1577.000	3.289
1578.000	3.288
1579.000	3.287
1580.000	3.287
1581.000	3.286
1582.000	3.284
1583.000	3.283
1584.000	3.282
1585.000	3.280
1586.000	3.279
1587.000	3.277
1588.000	3.276
1589.000	3.274
1590.000	3.273
1591.000	3.273
1592.000	3.271
1593.000	3.270
1594.000	3.268
1595.000	3.267
1596.000	3.265
1597.000	3.264
1598.000	3.262
1599.000	3.261
1600.000	3.259
1601.000	3.258
1602.000	3.258
1603.000	3.256
1604.000	3.255
1605.000	3.253
1606.000	3.252
1607.000	3.250
1608.000	3.249
1609.000	3.247
1610.000	3.246
1611.000	3.244
1612.000	3.243
1613.000	3.242
1614.000	3.241
1615.000	3.239
1616.000	3.238
1617.000	3.236
1618.000	3.235
1619.000	3.233
1620.000	3.232
1621.000	3.230
1622.000	3.229
1623.000	3.227
1624.000	3.196
1625.000	3.195
1626.000	3.193
1627.000	3.192
1628.000	3.190
1629.000	3.189
1630.000	3.187
1631.000	3.186
1632.000	3.184
1633.000	3.183
1634.000	3.181
1635.000	3.180
1636.000	3.180
1637.000	3.178
1638.000	3.177
1639.000	3.175
1640.000	3.174
1641.000	3.172
1642.000	3.171
1643.000	3.169
1644.000	3.168
1645.000	3.167
1646.000	3.165
1647.000	3.165
1648.000	3.164
1649.000	3.162
1650.000	3.161
1651.000	3.159
1652.000	3.158
1653.000	3.157
1654.000	3.155
1655.000	3.154
1656.000	3.153
1657.000	3.151
1658.000	3.151
1659.000	3.150
1660.000	3.149
1661.000	3.147
1662.000	3.146
1663.000	3.145
1664.000	3.143
1665.000	3.142
1666.000	3.141
1667.000	3.140
1668.000	3.138
1669.000	3.138
1670.000	3.137
1671.000	3.136
1672.000	3.135
1673.000	3.133
1674.000	3.132
1675.000	3.131
1676.000	3.130
1677.000	3.128
1678.000	3.127
1679.000	3.126
1680.000	3.126
1681.000	3.124
1682.000	3.123
1683.000	3.122
1684.000	3.121
1685.000	3.119
1686.000	3.118
1687.000	3.117
1688.000	3.116
1689.000	3.115
1690.000	3.113
1691.000	3.113
1692.000	3.112
1693.000	3.111
1694.000	3.109
1695.000	3.108
1696.000	3.107
1697.000	3.106
1698.000	3.105
1699.000	3.104
1700.000	3.103
1701.000	3.102
1702.000	3.101
1703.000	3.100
1704.000	3.099
1705.000	3.098
1706.000	3.097
1707.000	3.096
1708.000	3.095
1709.000	3.094
1710.000	3.093
1711.000	3.092
1712.000	3.091
1713.000	3.089
1714.000	3.089
1715.000	3.088
1716.000	3.087
1717.000	3.086
1718.000	3.085
1719.000	3.084
1720.000	3.083
1721.000	3.082
1722.000	3.081
1723.000	3.080
1724.000	3.079
1725.000	3.079
1726.000	3.078
1727.000	3.077
1728.000	3.076
1729.000	3.076
1730.000	3.075
1731.000	3.074
1732.000	3.073
1733.000	3.072
1734.000	3.071
1735.000	3.070
1736.000	3.070
1737.000	3.069
1738.000	3.068
1739.000	3.067
1740.000	3.067
1741.000	3.066
1742.000	3.065
1743.000	3.064
1744.000	3.063
1745.000	3.063
1746.000	3.062
1747.000	3.062
1748.000	3.061
1749.000	3.060
1750.000	3.059
1751.000	3.058
1752.000	3.058
1753.000	3.057
1754.000	3.056
1755.000	3.055
1756.000	3.055
1757.000	3.054
1758.000	3.054
1759.000	3.053
1760.000	3.052
1761.000	3.052
1762.000	3.051
1763.000	3.050
1764.000	3.050
1765.000	3.049
1766.000	3.048
1767.000	3.048
1768.000	3.047
1769.000	3.047
1770.000	3.046
1771.000	3.046
1772.000	3.045
1773.000	3.044
1774.000	3.044
1775.000	3.043
1776.000	3.042
1777.000	3.042
1778.000	3.041
1779.000	3.040
1780.000	3.040
1781.000	3.040
1782.000	3.039
1783.000	3.038
1784.000	3.038
1785.000	3.037
1786.000	3.036
1787.000	3.036
1788.000	3.035
1789.000	3.034
1790.000	3.034
1791.000	3.033
1792.000	3.033
1793.000	3.032
1794.000	3.032
1795.000	3.031
1796.000	3.030
1797.000	3.030
1798.000	3.029
1799.000	3.029
1800.000	3.028
1801.000	3.027
1802.000	3.027
1803.000	3.027
1804.000	3.026
1805.000	3.026
1806.000	3.025
1807.000	3.024
1808.000	3.024
1809.000	3.023
1810.000	3.023
1811.000	3.022
1812.000	3.022
1813.000	3.021
1814.000	3.021
1815.000	3.020
1816.000	3.020
1817.000	3.019
1818.000	3.019
1819.000	3.018
1820.000	3.018
1821.000	3.017
1822.000	3.017
1823.000	3.016
1824.000	3.016
1825.000	3.015
1826.000	3.015
1827.000	3.014
1828.000	3.014
1829.000	3.013
1830.000	3.012
1831.000	3.012
1832.000	3.011
1833.000	3.010
1834.000	3.010
1835.000	3.009
1836.000	3.009
1837.000	3.008
1838.000	3.008
1839.000	3.007
1840.000	3.006
1841.000	3.006
1842.000	3.005
1843.000	3.004
1844.000	3.003
1845.000	3.003
1846.000	3.002
1847.000	3.001
1848.000	3.001
1849.000	3.000
1850.000	2.999
1851.000	2.999
1852.000	2.998
1853.000	2.997
1854.000	2.996
1855.000	2.996
1856.000	2.995
1857.000	2.994
1858.000	2.993
1859.000	2.993
1860.000	2.992
1861.000	2.992
1862.000	2.991
1863.000	2.990
1864.000	2.989
1865.000	2.988
1866.000	2.988
1867.000	2.987
1868.000	2.986
1869.000	2.985
1870.000	2.985
1871.000	2.984
1872.000	2.984
1873.000	2.983
1874.000	2.982
1875.000	2.981
1876.000	2.981
1877.000	2.980
1878.000	2.979
1879.000	2.978
1880.000	2.977
1881.000	2.977
1882.000	2.976
1883.000	2.976
1884.000	2.975
1885.000	2.974
1886.000	2.973
1887.000	2.972
1888.000	2.972
1889.000	2.971
1890.000	2.970
1891.000	2.969
1892.000	2.969
1893.000	2.968
1894.000	2.968
1895.000	2.967
1896.000	2.966
1897.000	2.965
1898.000	2.964
1899.000	2.964
1900.000	2.963
1901.000	2.962
1902.000	2.961
1903.000	2.961
1904.000	2.960
1905.000	2.959
1906.000	2.959
1907.000	2.958
1908.000	2.957
1909.000	2.956
1910.000	2.956
1911.000	2.955
1912.000	2.954
1913.000	2.953
1914.000	2.953
1915.000	2.952
1916.000	2.951
1917.000	2.951
1918.000	2.950
1919.000	2.949
1920.000	2.948
1921.000	2.948
1922.000	2.947
1923.000	2.946
1924.000	2.945
1925.000	2.944
1926.000	2.944
1927.000	2.943
1928.000	2.943
1929.000	2.942
1930.000	2.942
1931.000	2.941
1932.000	2.941
1933.000	2.940
1934.000	2.940
1935.000	2.939
1936.000	2.939
1937.000	2.938
1938.000	2.938
1939.000	2.937
1940.000	2.937
1941.000	2.936
1942.000	2.936
1943.000	2.935
1944.000	2.934
1945.000	2.933
1946.000	2.931
1947.000	2.930
1948.000	2.930
1949.000	2.928
1950.000	2.927
1951.000	2.925
1952.000	2.924
1953.000	2.922
1954.000	2.921
1955.000	2.919
1956.000	2.918
1957.000	2.916
1958.000	2.915
1959.000	2.914
1960.000	2.913
1961.000	2.911
1962.000	2.910
1963.000	2.908
1964.000	2.907
1965.000	2.905
1966.000	2.904
1967.000	2.902
1968.000	2.901
1969.000	2.899
1970.000	2.899
1971.000	2.898
1972.000	2.896
1973.000	2.895
1974.000	2.893
1975.000	2.892
1976.000	2.890
1977.000	2.889
1978.000	2.887
1979.000	2.886
1980.000	2.884
1981.000	2.884
1982.000	2.883
1983.000	2.881
1984.000	2.880
1985.000	2.878
1986.000	2.877
1987.000	2.875
1988.000	2.874
1989.000	2.872
1990.000	2.871
1991.000	2.869
1992.000	2.868
1993.000	2.868
1994.000	2.866
1995.000	2.865
1996.000	2.863
1997.000	2.862
1998.000	2.860
1999.000	2.859
2000.000	2.857
2001.000	2.856
2002.000	2.855
2003.000	2.853
2004.000	2.853
2005.000	2.851
2006.000	2.850
2007.000	2.848
2008.000	2.847
2009.000	2.846
2010.000	2.844
2011.000	2.843
2012.000	2.841
2013.000	2.840
2014.000	2.838
2015.000	2.838
2016.000	2.837
2017.000	2.835
2018.000	2.834
2019.000	2.832
2020.000	2.831
2021.000	2.829
2022.000	2.828
2023.000	2.826
2024.000	2.825
2025.000	2.823
2026.000	2.823
2027.000	2.822
2028.000	2.820
2029.000	2.819
2030.000	2.817
2031.000	2.816
2032.000	2.815
2033.000	2.813
2034.000	2.812
2035.000	2.810
2036.000	2.809
2037.000	2.809
2038.000	2.807
2039.000	2.806
2040.000	2.804
2041.000	2.803
2042.000	2.801
2043.000	2.800
2044.000	2.798
2045.000	2.797
2046.000	2.796
2047.000	2.794
2048.000	2.794
2049.000	2.793
2050.000	2.791
2051.000	2.790
2052.000	2.788
2053.000	2.787
2054.000	2.785
2055.000	2.784
2056.000	2.782
2057.000	2.781
2058.000	2.780
2059.000	2.778
2060.000	2.778
2061.000	2.777
2062.000	2.775
2063.000	2.774
2064.000	2.772
2065.000	2.771
2066.000	2.769
2067.000	2.768
2068.000	2.766
2069.000	2.765
2070.000	2.764
2071.000	2.763
2072.000	2.762
2073.000	2.761
2074.000	2.759
2075.000	2.758
2076.000	2.756
2077.000	2.755
2078.000	2.753
2079.000	2.752
2080.000	2.751
2081.000	2.749
2082.000	2.749
2083.000	2.748
2084.000	2.746
2085.000	2.745
2086.000	2.743
2087.000	2.742
2088.000	2.740
2089.000	2.739
2090.000	2.738
2091.000	2.736
2092.000	2.735
2093.000	2.735
2094.000	2.733
2095.000	2.732
2096.000	2.730
2097.000	2.729
2098.000	2.728
2099.000	2.726
2100.000	2.725
2101.000	2.723
2102.000	2.722
2103.000	2.720
2104.000	2.720
2105.000	2.719
2106.000	2.717
2107.000	2.716
2108.000	2.715
2109.000	2.713
2110.000	2.712
2111.000	2.710
2112.000	2.709
2113.000	2.708
2114.000	2.706
2115.000	2.706
2116.000	2.705
2117.000	2.703
2118.000	2.702
2119.000	2.700
2120.000	2.699
2121.000	2.698
2122.000	2.696
2123.000	2.695
2124.000	2.693
2125.000	2.692
2126.000	2.670
2127.000	2.669
2128.000	2.667
2129.000	2.666
2130.000	2.664
2131.000	2.663
2132.000	2.662
2133.000	2.660
2134.000	2.659
2135.000	2.657
2136.000	2.656
2137.000	2.655
2138.000	2.654
2139.000	2.653
2140.000	2.651
2141.000	2.650
2142.000	2.648
2143.000	2.646
2144.000	2.645
2145.000	2.643
2146.000	2.641
2147.000	2.640
2148.000	2.638
2149.000	2.638
2150.000	2.636
2151.000	2.634
2152.000	2.633
2153.000	2.631
2154.000	2.629
2155.000	2.627
2156.000	2.626
2157.000	2.624
2158.000	2.622
2159.000	2.620
2160.000	2.620
2161.000	2.618
2162.000	2.616
2163.000	2.615
2164.000	2.613
2165.000	2.611
2166.000	2.609
2167.000	2.608
2168.000	2.606
2169.000	2.604
2170.000	2.602
2171.000	2.602
2172.000	2.600
2173.000	2.598
2174.000	2.597
2175.000	2.595
2176.000	2.593
2177.000	2.591
2178.000	2.590
2179.000	2.588
2180.000	2.586
2181.000	2.584
2182.000	2.584
2183.000	2.582
2184.000	2.581
2185.000	2.579
2186.000	2.577
2187.000	2.575
2188.000	2.574
2189.000	2.572
2190.000	2.570
2191.000	2.568
2192.000	2.567
2193.000	2.566
2194.000	2.565
2195.000	2.563
2196.000	2.561
2197.000	2.560
2198.000	2.558
2199.000	2.556
2200.000	2.554
2201.000	2.553
2202.000	2.551
2203.000	2.549
2204.000	2.547
2205.000	2.547
2206.000	2.545
2207.000	2.544
2208.000	2.542
2209.000	2.540
2210.000	2.539
2211.000	2.537
2212.000	2.535
2213.000	2.533
2214.000	2.532
2215.000	2.530
2216.000	2.530
2217.000	2.528
2218.000	2.526
2219.000	2.525
2220.000	2.523
2221.000	2.522
2222.000	2.520
2223.000	2.518
2224.000	2.517
2225.000	2.515
2226.000	2.513
2227.000	2.513
2228.000	2.512
2229.000	2.510
2230.000	2.508
2231.000	2.507
2232.000	2.505
2233.000	2.504
2234.000	2.502
2235.000	2.500
2236.000	2.499
2237.000	2.497
2238.000	2.497
2239.000	2.496
2240.000	2.494
2241.000	2.492
2242.000	2.490
2243.000	2.488
2244.000	2.486
2245.000	2.485
2246.000	2.483
2247.000	2.481
2248.000	2.479
2249.000	2.479
2250.000	2.477
2251.000	2.475
2252.000	2.473
2253.000	2.471
2254.000	2.469
2255.000	2.468
2256.000	2.466
2257.000	2.464
2258.000	2.462
2259.000	2.460
2260.000	2.460
2261.000	2.458
2262.000	2.456
2263.000	2.454
2264.000	2.452
2265.000	2.450
2266.000	2.448
2267.000	2.447
2268.000	2.445
2269.000	2.443
2270.000	2.441
2271.000	2.439
2272.000	2.438
2273.000	2.436
2274.000	2.434
2275.000	2.432
2276.000	2.431
2277.000	2.429
2278.000	2.427
2279.000	2.425
2280.000	2.423
2281.000	2.421
2282.000	2.419
2283.000	2.419
2284.000	2.417
2285.000	2.415
2286.000	2.413
2287.000	2.411
2288.000	2.409
2289.000	2.407
2290.000	2.405
2291.000	2.403
2292.000	2.401
2293.000	2.399
2294.000	2.399
2295.000	2.397
2296.000	2.395
2297.000	2.393
2298.000	2.391
2299.000	2.389
2300.000	2.387
2301.000	2.385
2302.000	2.383
2303.000	2.381
2304.000	2.380
2305.000	2.379
2306.000	2.377
2307.000	2.375
2308.000	2.374
2309.000	2.372
2310.000	2.370
2311.000	2.368
2312.000	2.366
2313.000	2.364
2314.000	2.362
2315.000	2.360
2316.000	2.360
2317.000	2.358
2318.000	2.356
2319.000	2.354
2320.000	2.352
2321.000	2.350
2322.000	2.348
2323.000	2.346
2324.000	2.344
2325.000	2.343
2326.000	2.341
2327.000	2.340
2328.000	2.338
2329.000	2.337
2330.000	2.335
2331.000	2.333
2332.000	2.331
2333.000	2.329
2334.000	2.327
2335.000	2.325
2336.000	2.323
2337.000	2.321
2338.000	2.319
2339.000	2.319
2340.000	2.317
2341.000	2.315
2342.000	2.313
2343.000	2.311
2344.000	2.309
2345.000	2.307
2346.000	2.306
2347.000	2.304
2348.000	2.302
2349.000	2.300
2350.000	2.300
2351.000	2.298
2352.000	2.296
2353.000	2.294
2354.000	2.292
2355.000	2.290
2356.000	2.289
2357.000	2.287
2358.000	2.285
2359.000	2.283
2360.000	2.281
2361.000	2.250
2362.000	2.249
2363.000	2.247
2364.000	2.246
2365.000	2.245
2366.000	2.244
2367.000	2.243
2368.000	2.242
2369.000	2.241
2370.000	2.240
2371.000	2.239
2372.000	2.239
2373.000	2.238
2374.000	2.237
2375.000	2.236
2376.000	2.235
2377.000	2.234
2378.000	2.233
2379.000	2.232
2380.000	2.231
2381.000	2.230
2382.000	2.229
2383.000	2.229
2384.000	2.227
2385.000	2.226
2386.000	2.225
2387.000	2.224
2388.000	2.223
2389.000	2.222
2390.000	2.221
2391.000	2.220
2392.000	2.219
2393.000	2.218
2394.000	2.218
2395.000	2.217
2396.000	2.216
2397.000	2.215
2398.000	2.214
2399.000	2.213
2400.000	2.212
2401.000	2.211
2402.000	2.210
2403.000	2.209
2404.000	2.208
2405.000	2.208
2406.000	2.207
2407.000	2.206
2408.000	2.205
2409.000	2.204
2410.000	2.203
2411.000	2.202
2412.000	2.201
2413.000	2.200
2414.000	2.198
2415.000	2.197
2416.000	2.196
2417.000	2.196
2418.000	2.195
2419.000	2.194
2420.000	2.193
2421.000	2.192
2422.000	2.191
2423.000	2.190
2424.000	2.189
2425.000	2.188
2426.000	2.187
2427.000	2.186
2428.000	2.186
2429.000	2.185
2430.000	2.184
2431.000	2.183
2432.000	2.182
2433.000	2.181
2434.000	2.180
2435.000	2.179
2436.000	2.178
2437.000	2.177
2438.000	2.176
2439.000	2.176
2440.000	2.175
2441.000	2.174
2442.000	2.173
2443.000	2.172
2444.000	2.171
2445.000	2.170
2446.000	2.169
2447.000	2.168
2448.000	2.167
2449.000	2.166
2450.000	2.166
2451.000	2.165
2452.000	2.164
2453.000	2.163
2454.000	2.162
2455.000	2.161
2456.000	2.160
2457.000	2.159
2458.000	2.158
2459.000	2.157
2460.000	2.156
2461.000	2.156
2462.000	2.155
2463.000	2.154
2464.000	2.153
2465.000	2.152
2466.000	2.151
2467.000	2.150
2468.000	2.149
2469.000	2.148
2470.000	2.147
2471.000	2.146
2472.000	2.146
2473.000	2.145
2474.000	2.144
2475.000	2.143
2476.000	2.142
2477.000	2.142
2478.000	2.141
2479.000	2.140
2480.000	2.139
2481.000	2.138
2482.000	2.137
2483.000	2.136
2484.000	2.136
2485.000	2.135
2486.000	2.134
2487.000	2.133
2488.000	2.132
2489.000	2.131
2490.000	2.130
2491.000	2.129
2492.000	2.128
2493.000	2.127
2494.000	2.126
2495.000	2.125
2496.000	2.124
2497.000	2.123
2498.000	2.122
2499.000	2.121
2500.000	2.120
2501.000	2.119
2502.000	2.118
2503.000	2.117
2504.000	2.116
2505.000	2.115
2506.000	2.115
2507.000	2.114
2508.000	2.113
2509.000	2.112
2510.000	2.111
2511.000	2.110
2512.000	2.109
2513.000	2.108
2514.000	2.107
2515.000	2.106
2516.000	2.105
2517.000	2.105
2518.000	2.104
2519.000	2.103
2520.000	2.102
2521.000	2.101
2522.000	2.100
2523.000	2.099
2524.000	2.098
2525.000	2.097
2526.000	2.096
2527.000	2.095
2528.000	2.095
2529.000	2.093
2530.000	2.092
2531.000	2.091
2532.000	2.090
2533.000	2.089
2534.000	2.088
2535.000	2.087
2536.000	2.086
2537.000	2.085
2538.000	2.084
2539.000	2.084
2540.000	2.083
2541.000	2.081
2542.000	2.080
2543.000	2.079
2544.000	2.078
2545.000	2.077
2546.000	2.076
2547.000	2.075
2548.000	2.074
2549.000	2.073
2550.000	2.071
2551.000	2.071
2552.000	2.070
2553.000	2.069
2554.000	2.068
2555.000	2.067
2556.000	2.066
2557.000	2.065
2558.000	2.064
2559.000	2.063
2560.000	2.062
2561.000	2.061
2562.000	2.061
2563.000	2.059
2564.000	2.058
2565.000	2.057
2566.000	2.056
2567.000	2.055
2568.000	2.054
2569.000	2.053
2570.000	2.052
2571.000	2.051
2572.000	2.050
2573.000	2.050
2574.000	2.049
2575.000	2.047
2576.000	2.046
2577.000	2.045
2578.000	2.044
2579.000	2.043
2580.000	2.042
2581.000	2.041
2582.000	2.040
2583.000	2.039
2584.000	2.039
2585.000	2.038
2586.000	2.037
2587.000	2.036
2588.000	2.034
2589.000	2.033
2590.000	2.032
2591.000	2.031
2592.000	2.030
2593.000	2.029
2594.000	2.029
2595.000	2.029
2596.000	2.028
2597.000	2.027
2598.000	2.026
2599.000	2.025
2600.000	2.024
2601.000	2.023
2602.000	2.023
2603.000	2.022
2604.000	2.021
2605.000	2.020
2606.000	2.020
2607.000	2.019
2608.000	2.019
2609.000	2.018
2610.000	2.017
2611.000	2.016
2612.000	2.016
2613.000	2.015
2614.000	2.014
2615.000	2.014
2616.000	2.013
2617.000	2.013
2618.000	2.012
2619.000	2.011
2620.000	2.011
2621.000	2.010
2622.000	2.009
2623.000	2.008
2624.000	2.008
2625.000	2.007
2626.000	2.006
2627.000	2.005
2628.000	2.005
2629.000	2.005
2630.000	2.004
2631.000	2.003
2632.000	2.002
2633.000	2.002
2634.000	2.001
2635.000	2.000
2636.000	1.999
2637.000	1.998
2638.000	1.998
2639.000	1.997
2640.000	1.997
2641.000	1.996
2642.000	1.995
2643.000	1.994
2644.000	1.994
2645.000	1.993
2646.000	1.992
2647.000	1.991
2648.000	1.990
2649.000	1.990
2650.000	1.989
2651.000	1.989
2652.000	1.988
2653.000	1.987
2654.000	1.986
2655.000	1.986
2656.000	1.985
2657.000	1.984
2658.000	1.983
2659.000	1.982
2660.000	1.982
2661.000	1.981
2662.000	1.981
2663.000	1.980
2664.000	1.979
2665.000	1.978
2666.000	1.978
2667.000	1.977
2668.000	1.976
2669.000	1.975
2670.000	1.974
2671.000	1.974
2672.000	1.973
2673.000	1.973
2674.000	1.972
2675.000	1.971
2676.000	1.970
2677.000	1.970
2678.000	1.969
2679.000	1.968
2680.000	1.967
2681.000	1.966
2682.000	1.966
2683.000	1.965
2684.000	1.965
2685.000	1.964
2686.000	1.963
2687.000	1.962
2688.000	1.962
2689.000	1.961
2690.000	1.960
2691.000	1.959
2692.000	1.958
2693.000	1.958
2694.000	1.957
2695.000	1.956
2696.000	1.956
2697.000	1.955
2698.000	1.954
2699.000	1.954
2700.000	1.953
2701.000	1.952
2702.000	1.951
2703.000	1.951
2704.000	1.950
2705.000	1.949
2706.000	1.948
2707.000	1.948
2708.000	1.947
2709.000	1.947
2710.000	1.946
2711.000	1.945
2712.000	1.944
2713.000	1.944
2714.000	1.943
2715.000	1.943
2716.000	1.942
2717.000	1.942
2718.000	1.942
2719.000	1.941
2720.000	1.941
2721.000	1.940
2722.000	1.940
2723.000	1.939
2724.000	1.939
2725.000	1.939
2726.000	1.938
2727.000	1.938
2728.000	1.937
2729.000	1.937
2730.000	1.937
2731.000	1.936
2732.000	1.936
2733.000	1.935
2734.000	1.935
2735.000	1.935
2736.000	1.934
2737.000	1.934
2738.000	1.933
2739.000	1.933
2740.000	1.933
2741.000	1.932
2742.000	1.932
2743.000	1.931
2744.000	1.931
2745.000	1.931
2746.000	1.930
2747.000	1.930
2748.000	1.930
2749.000	1.929
2750.000	1.929
2751.000	1.929
2752.000	1.929
2753.000	1.928
2754.000	1.928
2755.000	1.928
2756.000	1.927
2757.000	1.927
2758.000	1.927
2759.000	1.926
2760.000	1.926
2761.000	1.926
2762.000	1.925
2763.000	1.925
2764.000	1.925
2765.000	1.925
2766.000	1.924
2767.000	1.924
2768.000	1.924
2769.000	1.923
2770.000	1.923
2771.000	1.923
2772.000	1.923
2773.000	1.922
2774.000	1.922
2775.000	1.922
2776.000	1.922
2777.000	1.921
2778.000	1.921
2779.000	1.921
2780.000	1.920
2781.000	1.920
2782.000	1.920
2783.000	1.919
2784.000	1.919
2785.000	1.919
2786.000	1.919
2787.000	1.918
2788.000	1.918
2789.000	1.918
2790.000	1.917
2791.000	1.917
2792.000	1.917
2793.000	1.916
2794.000	1.916
2795.000	1.916
2796.000	1.916
2797.000	1.916
2798.000	1.915
2799.000	1.915
2800.000	1.915
2801.000	1.914
2802.000	1.914
2803.000	1.914
2804.000	1.913
2805.000	1.913
2806.000	1.913
2807.000	1.913
2808.000	1.912
2809.000	1.912
2810.000	1.912
2811.000	1.911
2812.000	1.911
2813.000	1.911
2814.000	1.911
2815.000	1.910
2816.000	1.910
2817.000	1.910
2818.000	1.910
2819.000	1.909
2820.000	1.909
2821.000	1.909
2822.000	1.909
2823.000	1.908
2824.000	1.908
2825.000	1.908
2826.000	1.907
2827.000	1.907
2828.000	1.907
2829.000	1.907
2830.000	1.907
2831.000	1.906
2832.000	1.906
2833.000	1.906
2834.000	1.905
2835.000	1.905
2836.000	1.905
2837.000	1.905
2838.000	1.904
2839.000	1.904
2840.000	1.904
2841.000	1.904
2842.000	1.903
2843.000	1.903
2844.000	1.903
2845.000	1.903
2846.000	1.902
2847.000	1.902
2848.000	1.902
2849.000	1.901
2850.000	1.901
2851.000	1.901
2852.000	1.901
2853.000	1.901
2854.000	1.900
2855.000	1.900
2856.000	1.900
2857.000	1.900
2858.000	1.899
2859.000	1.899
2860.000	1.899
2861.000	1.899
2862.000	1.898
2863.000	1.898
2864.000	1.898
2865.000	1.898
2866.000	1.898
2867.000	1.897
2868.000	1.897
2869.000	1.897
2870.000	1.897
2871.000	1.896
2872.000	1.896
2873.000	1.896
2874.000	1.896
2875.000	1.896
2876.000	1.895
2877.000	1.895
2878.000	1.895
2879.000	1.895
2880.000	1.894
2881.000	1.894
2882.000	1.894
2883.000	1.894
2884.000	1.893
2885.000	1.893
2886.000	1.893
2887.000	1.893
2888.000	1.893
2889.000	1.892
2890.000	1.892
2891.000	1.892
2892.000	1.892
2893.000	1.891
2894.000	1.891
2895.000	1.891
2896.000	1.891
2897.000	1.891
2898.000	1.890
2899.000	1.890
2900.000	1.890
2901.000	1.890
2902.000	1.889
2903.000	1.889
2904.000	1.889
2905.000	1.889
2906.000	1.888
2907.000	1.888
2908.000	1.888
2909.000	1.888
2910.000	1.888
2911.000	1.887
2912.000	1.887
2913.000	1.887
2914.000	1.887
2915.000	1.886
2916.000	1.886
2917.000	1.886
2918.000	1.886
2919.000	1.886
2920.000	1.885
2921.000	1.885
2922.000	1.885
2923.000	1.885
2924.000	1.884
2925.000	1.884
2926.000	1.884
2927.000	1.884
2928.000	1.883
2929.000	1.883
2930.000	1.883
2931.000	1.883
2932.000	1.883
2933.000	1.882
2934.000	1.882
2935.000	1.882
2936.000	1.882
2937.000	1.881
2938.000	1.881
2939.000	1.881
2940.000	1.881
2941.000	1.881
2942.000	1.880
2943.000	1.880
2944.000	1.880
2945.000	1.880
2946.000	1.880
2947.000	1.879
2948.000	1.879
2949.000	1.879
2950.000	1.879
2951.000	1.878
2952.000	1.878
2953.000	1.878
2954.000	1.878
2955.000	1.878
2956.000	1.877
2957.000	1.877
2958.000	1.877
2959.000	1.877
2960.000	1.876
2961.000	1.876
2962.000	1.876
2963.000	1.876
2964.000	1.876
2965.000	1.875
2966.000	1.875
2967.000	1.875
2968.000	1.875
2969.000	1.874
2970.000	1.874
2971.000	1.874
2972.000	1.874
2973.000	1.873
2974.000	1.873
2975.000	1.873
2976.000	1.873
2977.000	1.873
2978.000	1.872
2979.000	1.872
2980.000	1.872
2981.000	1.872
2982.000	1.871
2983.000	1.871
2984.000	1.871
2985.000	1.870
2986.000	1.870
2987.000	1.870
2988.000	1.870
2989.000	1.870
2990.000	1.869
2991.000	1.869
2992.000	1.869
2993.000	1.868
2994.000	1.868
2995.000	1.868
2996.000	1.867
2997.000	1.867
2998.000	1.867
2999.000	1.867
3000.000	1.866
3001.000	1.866
3002.000	1.866
3003.000	1.865
3004.000	1.865
3005.000	1.865
3006.000	1.864
3007.000	1.864
3008.000	1.864
3009.000	1.863
3010.000	1.863
3011.000	1.863
3012.000	1.862
3013.000	1.862
3014.000	1.862
3015.000	1.861
3016.000	1.861
3017.000	1.861
3018.000	1.860
3019.000	1.860
3020.000	1.860
3021.000	1.860
3022.000	1.859
3023.000	1.859
3024.000	1.859
3025.000	1.858
3026.000	1.858
3027.000	1.857
3028.000	1.857
3029.000	1.857
3030.000	1.857
3031.000	1.856
3032.000	1.856
3033.000	1.856
3034.000	1.855
3035.000	1.855
3036.000	1.855
3037.000	1.854
3038.000	1.854
3039.000	1.854
3040.000	1.853
3041.000	1.853
3042.000	1.853
3043.000	1.853
3044.000	1.852
3045.000	1.852
3046.000	1.852
3047.000	1.851
3048.000	1.851
3049.000	1.851
3050.000	1.851
3051.000	1.850
3052.000	1.850
3053.000	1.850
3054.000	1.850
3055.000	1.850
3056.000	1.849
3057.000	1.849
3058.000	1.849
3059.000	1.849
3060.000	1.849
3061.000	1.848
3062.000	1.848
3063.000	1.848
3064.000	1.848
3065.000	1.848
3066.000	1.847
3067.000	1.847
3068.000	1.847
3069.000	1.847
3070.000	1.846
3071.000	1.846
3072.000	1.846
3073.000	1.846
3074.000	1.846
3075.000	1.846
3076.000	1.845
3077.000	1.845
3078.000	1.845
3079.000	1.845
3080.000	1.845
3081.000	1.844
3082.000	1.844
3083.000	1.844
3084.000	1.844
3085.000	1.844
3086.000	1.844
3087.000	1.843
3088.000	1.843
3089.000	1.843
3090.000	1.843
3091.000	1.843
3092.000	1.842
3093.000	1.842
3094.000	1.842
3095.000	1.842
3096.000	1.842
3097.000	1.842
3098.000	1.841
3099.000	1.841
3100.000	1.841
3101.000	1.841
3102.000	1.840
3103.000	1.840
3104.000	1.840
3105.000	1.840
3106.000	1.840
3107.000	1.839
3108.000	1.839
3109.000	1.839
3110.000	1.839
3111.000	1.839
3112.000	1.839
3113.000	1.838
3114.000	1.838
3115.000	1.838
3116.000	1.838
3117.000	1.838
3118.000	1.837
3119.000	1.837
3120.000	1.837
3121.000	1.837
3122.000	1.837
3123.000	1.837
3124.000	1.836
3125.000	1.836
3126.000	1.836
3127.000	1.836
3128.000	1.836
3129.000	1.835
3130.000	1.835
3131.000	1.835
3132.000	1.835
3133.000	1.835
3134.000	1.835
3135.000	1.834
3136.000	1.834
3137.000	1.834
3138.000	1.834
3139.000	1.834
3140.000	1.833
3141.000	1.833
3142.000	1.833
3143.000	1.833
3144.000	1.833
3145.000	1.833
3146.000	1.832
3147.000	1.832
3148.000	1.832
3149.000	1.832
3150.000	1.832
3151.000	1.831
3152.000	1.831
3153.000	1.831
3154.000	1.831
3155.000	1.831
3156.000	1.831
3157.000	1.830
3158.000	1.830
3159.000	1.830
3160.000	1.830
3161.000	1.830
3162.000	1.829
3163.000	1.829
3164.000	1.829
3165.000	1.829
3166.000	1.829
3167.000	1.829
3168.000	1.828
3169.000	1.828
3170.000	1.828
3171.000	1.828
3172.000	1.828
3173.000	1.827
3174.000	1.827
3175.000	1.827
3176.000	1.827
3177.000	1.827
3178.000	1.827
3179.000	1.827
3180.000	1.826
3181.000	1.826
3182.000	1.826
3183.000	1.826
3184.000	1.826
3185.000	1.826
3186.000	1.825
3187.000	1.825
3188.000	1.825
3189.000	1.825
3190.000	1.825
3191.000	1.825
3192.000	1.825
3193.000	1.825
3194.000	1.824
3195.000	1.824
3196.000	1.824
3197.000	1.824
3198.000	1.824
3199.000	1.824
3200.000	1.823
3201.000	1.823
3202.000	1.823
3203.000	1.823
3204.000	1.823
3205.000	1.823
3206.000	1.822
3207.000	1.822
3208.000	1.822
3209.000	1.822
3210.000	1.822
3211.000	1.821
3212.000	1.821
3213.000	1.821
3214.000	1.821
3215.000	1.821
3216.000	1.820
3217.000	1.820
3218.000	1.820
3219.000	1.820
3220.000	1.820
3221.000	1.820
3222.000	1.819
3223.000	1.819
3224.000	1.819
3225.000	1.819
3226.000	1.819
3227.000	1.818
3228.000	1.818
3229.000	1.818
3230.000	1.818
3231.000	1.818
3232.000	1.818
3233.000	1.817
3234.000	1.817
3235.000	1.817
3236.000	1.817
3237.000	1.817
3238.000	1.816
3239.000	1.816
3240.000	1.816
3241.000	1.816
3242.000	1.816
3243.000	1.816
3244.000	1.815
3245.000	1.815
3246.000	1.815
3247.000	1.815
3248.000	1.815
3249.000	1.814
3250.000	1.814
3251.000	1.814
3252.000	1.814
3253.000	1.814
3254.000	1.814
3255.000	1.813
3256.000	1.813
3257.000	1.813
3258.000	1.813
3259.000	1.813
3260.000	1.812
3261.000	1.812
3262.000	1.812
3263.000	1.812
3264.000	1.812
3265.000	1.802
3266.000	1.802
3267.000	1.802
3268.000	1.802
3269.000	1.801
3270.000	1.801
3271.000	1.801
3272.000	1.801
3273.000	1.801
3274.000	1.800
3275.000	1.800
3276.000	1.800
3277.000	1.800
3278.000	1.800
3279.000	1.800
3280.000	1.799
3281.000	1.799
3282.000	1.799
3283.000	1.799
3284.000	1.798
3285.000	1.798
3286.000	1.798
3287.000	1.798
3288.000	1.798
3289.000	1.798
3290.000	1.797
3291.000	1.797
3292.000	1.797
3293.000	1.797
3294.000	1.796
3295.000	1.796
3296.000	1.796
3297.000	1.796
3298.000	1.796
3299.000	1.795
3300.000	1.795
3301.000	1.795
3302.000	1.795
3303.000	1.794
3304.000	1.794
3305.000	1.794
3306.000	1.794
3307.000	1.794
3308.000	1.793
3309.000	1.793
3310.000	1.793
3311.000	1.793
3312.000	1.793
3313.000	1.792
3314.000	1.792
3315.000	1.792
3316.000	1.792
3317.000	1.791
3318.000	1.791
3319.000	1.791
3320.000	1.791
3321.000	1.791
3322.000	1.790
3323.000	1.790
3324.000	1.790
3325.000	1.790
3326.000	1.790
3327.000	1.789
3328.000	1.789
3329.000	1.789
3330.000	1.789
3331.000	1.788
3332.000	1.788
3333.000	1.788
3334.000	1.788
3335.000	1.788
3336.000	1.787
3337.000	1.787
3338.000	1.787
3339.000	1.787
3340.000	1.786
3341.000	1.786
3342.000	1.786
3343.000	1.786
3344.000	1.786
3345.000	1.786
3346.000	1.785
3347.000	1.785
3348.000	1.785
3349.000	1.785
3350.000	1.784
3351.000	1.784
3352.000	1.784
3353.000	1.784
3354.000	1.784
3355.000	1.783
3356.000	1.783
3357.000	1.783
3358.000	1.783
3359.000	1.783
3360.000	1.782
3361.000	1.782
3362.000	1.782
3363.000	1.782
3364.000	1.781
3365.000	1.781
3366.000	1.781
3367.000	1.781
3368.000	1.781
3369.000	1.780
3370.000	1.780
3371.000	1.780
3372.000	1.780
3373.000	1.780
3374.000	1.779
3375.000	1.779
3376.000	1.779
3377.000	1.779
3378.000	1.779
3379.000	1.778
3380.000	1.778
3381.000	1.778
3382.000	1.778
3383.000	1.777
3384.000	1.777
3385.000	1.777
3386.000	1.777
3387.000	1.777
3388.000	1.777
3389.000	1.776
3390.000	1.776
3391.000	1.776
3392.000	1.776
3393.000	1.775
3394.000	1.775
3395.000	1.775
3396.000	1.775
3397.000	1.774
3398.000	1.774
3399.000	1.774
3400.000	1.774
3401.000	1.774
3402.000	1.774
3403.000	1.773
3404.000	1.773
3405.000	1.773
3406.000	1.773
3407.000	1.772
3408.000	1.772
3409.000	1.772
3410.000	1.772
3411.000	1.772
3412.000	1.771
3413.000	1.771
3414.000	1.771
3415.000	1.771
3416.000	1.771
3417.000	1.770
3418.000	1.770
3419.000	1.770
3420.000	1.770
3421.000	1.770
3422.000	1.769
3423.000	1.769
3424.000	1.769
3425.000	1.769
3426.000	1.768
3427.000	1.768
3428.000	1.768
3429.000	1.768
3430.000	1.768
3431.000	1.767
3432.000	1.767
3433.000	1.767
3434.000	1.767
3435.000	1.767
3436.000	1.766
3437.000	1.766
3438.000	1.766
3439.000	1.766
3440.000	1.766
3441.000	1.765
3442.000	1.765
3443.000	1.765
3444.000	1.765
3445.000	1.765
3446.000	1.764
3447.000	1.764
3448.000	1.764
3449.000	1.764
3450.000	1.763
3451.000	1.763
3452.000	1.763
3453.000	1.763
3454.000	1.763
3455.000	1.763
3456.000	1.762
3457.000	1.762
3458.000	1.762
3459.000	1.762
3460.000	1.761
3461.000	1.761
3462.000	1.761
3463.000	1.761
3464.000	1.761
3465.000	1.760
3466.000	1.760
3467.000	1.760
3468.000	1.760
3469.000	1.760
3470.000	1.759
3471.000	1.759
3472.000	1.759
3473.000	1.759
3474.000	1.759
3475.000	1.758
3476.000	1.758
3477.000	1.758
3478.000	1.758
3479.000	1.758
3480.000	1.757
3481.000	1.757
3482.000	1.757
3483.000	1.757
3484.000	1.757
3485.000	1.756
3486.000	1.756
3487.000	1.756
3488.000	1.756
3489.000	1.756
3490.000	1.755
3491.000	1.755
3492.000	1.755
3493.000	1.755
3494.000	1.754
3495.000	1.754
3496.000	1.754
3497.000	1.754
3498.000	1.754
3499.000	1.754
3500.000	1.753
3501.000	1.753
3502.000	1.753
3503.000	1.753
3504.000	1.752
3505.000	1.752
3506.000	1.752
3507.000	1.752
3508.000	1.752
3509.000	1.751
3510.000	1.751
3511.000	1.751
3512.000	1.751
3513.000	1.751
3514.000	1.750
3515.000	1.750
3516.000	1.750
3517.000	1.750
3518.000	1.750
3519.000	1.749
3520.000	1.749
3521.000	1.749
3522.000	1.749
3523.000	1.749
3524.000	1.748
3525.000	1.748
3526.000	1.748
3527.000	1.748
3528.000	1.748
3529.000	1.747
3530.000	1.747
3531.000	1.747
3532.000	1.747
3533.000	1.747
3534.000	1.746
3535.000	1.746
3536.000	1.746
3537.000	1.746
3538.000	1.746
3539.000	1.745
3540.000	1.745
3541.000	1.745
3542.000	1.745
3543.000	1.744
3544.000	1.744
3545.000	1.744
3546.000	1.744
3547.000	1.744
3548.000	1.744
3549.000	1.743
3550.000	1.743
3551.000	1.743
3552.000	1.743
3553.000	1.743
3554.000	1.742
3555.000	1.742
3556.000	1.742
3557.000	1.742
3558.000	1.742
3559.000	1.741
3560.000	1.741
3561.000	1.741
3562.000	1.741
3563.000	1.741
3564.000	1.740
3565.000	1.740
3566.000	1.740
3567.000	1.740
3568.000	1.740
3569.000	1.739
3570.000	1.739
3571.000	1.739
3572.000	1.739
3573.000	1.739
3574.000	1.738
3575.000	1.738
3576.000	1.738
3577.000	1.738
3578.000	1.738
3579.000	1.737
3580.000	1.737
3581.000	1.737
3582.000	1.736
3583.000	1.736
3584.000	1.736
3585.000	1.735
3586.000	1.735
3587.000	1.735
3588.000	1.735
3589.000	1.734
3590.000	1.734
3591.000	1.734
3592.000	1.733
3593.000	1.733
3594.000	1.733
3595.000	1.733
3596.000	1.732
3597.000	1.732
3598.000	1.732
3599.000	1.732
3600.000	1.731
3601.000	1.731
3602.000	1.731
3603.000	1.730
3604.000	1.730
3605.000	1.730
3606.000	1.730
3607.000	1.729
3608.000	1.729
3609.000	1.729
3610.000	1.729
3611.000	1.729
3612.000	1.728
3613.000	1.728
3614.000	1.728
3615.000	1.727
3616.000	1.727
3617.000	1.727
3618.000	1.726
3619.000	1.726
3620.000	1.726
3621.000	1.726
3622.000	1.726
3623.000	1.725
3624.000	1.725
3625.000	1.725
3626.000	1.725
3627.000	1.724
3628.000	1.724
3629.000	1.724
3630.000	1.724
3631.000	1.723
3632.000	1.723
3633.000	1.723
3634.000	1.723
3635.000	1.723
3636.000	1.722
3637.000	1.722
3638.000	1.722
3639.000	1.721
3640.000	1.721
3641.000	1.721
3642.000	1.721
3643.000	1.720
3644.000	1.720
3645.000	1.720
3646.000	1.720
3647.000	1.720
3648.000	1.719
3649.000	1.719
3650.000	1.719
3651.000	1.719
3652.000	1.718
3653.000	1.718
3654.000	1.718
3655.000	1.718
3656.000	1.718
3657.000	1.717
3658.000	1.717
3659.000	1.717
3660.000	1.716
3661.000	1.716
3662.000	1.716
3663.000	1.716
3664.000	1.715
3665.000	1.715
3666.000	1.715
3667.000	1.715
3668.000	1.715
3669.000	1.714
3670.000	1.714
3671.000	1.714
3672.000	1.714
3673.000	1.713
3674.000	1.713
3675.000	1.713
3676.000	1.713
3677.000	1.712
3678.000	1.712
3679.000	1.712
3680.000	1.712
3681.000	1.712
3682.000	1.711
3683.000	1.711
3684.000	1.711
3685.000	1.710
3686.000	1.710
3687.000	1.710
3688.000	1.710
3689.000	1.710
3690.000	1.709
3691.000	1.709
3692.000	1.709
3693.000	1.709
3694.000	1.708
3695.000	1.708
3696.000	1.708
3697.000	1.708
3698.000	1.707
3699.000	1.707
3700.000	1.707
3701.000	1.707
3702.000	1.707
3703.000	1.706
3704.000	1.706
3705.000	1.706
3706.000	1.706
3707.000	1.705
3708.000	1.705
3709.000	1.705
3710.000	1.705
3711.000	1.705
3712.000	1.704
3713.000	1.704
3714.000	1.704
3715.000	1.704
3716.000	1.703
3717.000	1.703
3718.000	1.703
3719.000	1.703
3720.000	1.702
3721.000	1.702
3722.000	1.702
3723.000	1.702
3724.000	1.701
3725.000	1.701
3726.000	1.701
3727.000	1.701
3728.000	1.700
3729.000	1.700
3730.000	1.700
3731.000	1.699
3732.000	1.699
3733.000	1.699
3734.000	1.699
3735.000	1.699
3736.000	1.698
3737.000	1.698
3738.000	1.698
3739.000	1.697
3740.000	1.697
3741.000	1.697
3742.000	1.696
3743.000	1.696
3744.000	1.696
3745.000	1.696
3746.000	1.696
3747.000	1.696
3748.000	1.696
3749.000	1.696
3750.000	1.696
3751.000	1.696
3752.000	1.696
3753.000	1.696
3754.000	1.696
3755.000	1.696
3756.000	1.696
3757.000	1.696
3758.000	1.696
3759.000	1.696
3760.000	1.696
3761.000	1.696
3762.000	1.696
3763.000	1.696
3764.000	1.696
3765.000	1.696
3766.000	1.696
3767.000	1.696
3768.000	1.696
3769.000	1.696
3770.000	1.696
3771.000	1.696
3772.000	1.696
3773.000	1.696
3774.000	1.696
3775.000	1.696
3776.000	1.696
3777.000	1.696
3778.000	1.696
3779.000	1.696
3780.000	1.696
3781.000	1.696
3782.000	1.696
3783.000	1.696
3784.000	1.696
3785.000	1.696
3786.000	1.696
3787.000	1.696
3788.000	1.696
3789.000	1.696
3790.000	1.696
3791.000	1.696
3792.000	1.696
3793.000	1.696
3794.000	1.696
3795.000	1.696
3796.000	1.696
3797.000	1.696
3798.000	1.696
3799.000	1.696
3800.000	1.696
3801.000	1.696
3802.000	1.696
3803.000	1.696
3804.000	1.696
3805.000	1.696
3806.000	1.696
3807.000	1.696
3808.000	1.696
3809.000	1.696
3810.000	1.696
3811.000	1.696
3812.000	1.696
3813.000	1.696
3814.000	1.696
3815.000	1.696
3816.000	1.696
3817.000	1.696
3818.000	1.696
3819.000	1.696
3820.000	1.696
3821.000	1.696
3822.000	1.696
3823.000	1.696
3824.000	1.696
3825.000	1.696
3826.000	1.696
3827.000	1.696
3828.000	1.696
3829.000	1.696
3830.000	1.696
3831.000	1.696
3832.000	1.696
3833.000	1.696
3834.000	1.696
3835.000	1.696
3836.000	1.696
3837.000	1.696
3838.000	1.696
3839.000	1.696
3840.000	1.696
3841.000	1.696
3842.000	1.696
3843.000	1.696
3844.000	1.696
3845.000	1.696
3846.000	1.696
3847.000	1.696
3848.000	1.696
3849.000	1.696
3850.000	1.696
3851.000	1.696
3852.000	1.696
3853.000	1.696
3854.000	1.696
3855.000	1.696
3856.000	1.696
3857.000	1.696
3858.000	1.696
3859.000	1.696
3860.000	1.696
3861.000	1.696
3862.000	1.696
3863.000	1.696
3864.000	1.696
3865.000	1.696
3866.000	1.696
3867.000	1.696
3868.000	1.696
3869.000	1.696
3870.000	1.696
3871.000	1.696
3872.000	1.696
3873.000	1.696
3874.000	1.696
3875.000	1.696
3876.000	1.696
3877.000	1.696
3878.000	1.696
3879.000	1.696
3880.000	1.696
3881.000	1.696
3882.000	1.696
3883.000	1.696
3884.000	1.696
3885.000	1.696
3886.000	1.696
3887.000	1.696
3888.000	1.696
3889.000	1.696
3890.000	1.696
3891.000	1.696
3892.000	1.696
3893.000	1.696
3894.000	1.696
3895.000	1.696
3896.000	1.696
3897.000	1.696
3898.000	1.696
3899.000	1.696
3900.000	1.696
3901.000	1.696
3902.000	1.696
3903.000	1.696
3904.000	1.696
3905.000	1.696
3906.000	1.696
3907.000	1.696
3908.000	1.696
3909.000	1.696
3910.000	1.696
3911.000	1.696
3912.000	1.630
3913.000	1.630
3914.000	1.630
3915.000	1.630
3916.000	1.630
3917.000	1.630
3918.000	1.630
3919.000	1.630
3920.000	1.630
3921.000	1.630
3922.000	1.630
3923.000	1.630
3924.000	1.630
3925.000	1.630
3926.000	1.630
3927.000	1.630
3928.000	1.630
3929.000	1.630
3930.000	1.630
3931.000	1.630
3932.000	1.630
3933.000	1.630
3934.000	1.630
3935.000	1.630
3936.000	1.630
3937.000	1.630
3938.000	1.630
3939.000	1.630
3940.000	1.619
3941.000	1.619
3942.000	1.619
3943.000	1.619
3944.000	1.619
3945.000	1.619
3946.000	1.619
3947.000	1.619
3948.000	1.619
3949.000	1.612
3950.000	1.612
3951.000	1.612
3952.000	1.608
3953.000	1.601
3954.000	1.601
3955.000	1.601
3956.000	1.601
3957.000	1.601
3958.000	1.601
3959.000	1.601
3960.000	1.601
3961.000	1.601
3962.000	1.601
3963.000	1.601
3964.000	1.601
3965.000	1.601
3966.000	1.601
3967.000	1.601
3968.000	1.601
3969.000	1.601
3970.000	1.601
3971.000	1.601
3972.000	1.601
3973.000	1.601
3974.000	1.601
3975.000	1.601
3976.000	1.595
3977.000	1.595
3978.000	1.595
3979.000	1.595
3980.000	1.595
3981.000	1.595
3982.000	1.595
3983.000	1.595
3984.000	1.595
3985.000	1.595
3986.000	1.595
3987.000	1.595
3988.000	1.595
3989.000	1.595
3990.000	1.595
3991.000	1.595
3992.000	1.595
3993.000	1.595
3994.000	1.595
3995.000	1.595
3996.000	1.595
3997.000	1.595
3998.000	1.595
3999.000	1.595
4000.000	1.595
4001.000	1.595
4002.000	1.595
4003.000	1.595
4004.000	1.595
4005.000	1.595
4006.000	1.595
4007.000	1.595
4008.000	1.595
4009.000	1.595
4010.000	1.595
4011.000	1.595
4012.000	1.595
4013.000	1.595
4014.000	1.595
4015.000	1.595
4016.000	1.595
4017.000	1.595
4018.000	1.595
4019.000	1.595
4020.000	1.595
4021.000	1.595
4022.000	1.595
4023.000	1.595
4024.000	1.595
4025.000	1.595
4026.000	1.595
4027.000	1.595
4028.000	1.595
4029.000	1.595
4030.000	1.595
4031.000	1.595
4032.000	1.595
4033.000	1.595
4034.000	1.595
4035.000	1.595
4036.000	1.595
4037.000	1.595
4038.000	1.595
4039.000	1.595
4040.000	1.595
4041.000	1.595
4042.000	1.595
4043.000	1.595
4044.000	1.595
4045.000	1.595
4046.000	1.595
4047.000	1.595
4048.000	1.595
4049.000	1.595
4050.000	1.595
4051.000	1.595
4052.000	1.595
4053.000	1.595
4054.000	1.595
4055.000	1.595
4056.000	1.595
4057.000	1.595
4058.000	1.595
4059.000	1.595
4060.000	1.595
4061.000	1.595
4062.000	1.595
4063.000	1.595
4064.000	1.595
4065.000	1.595
4066.000	1.595
4067.000	1.595
4068.000	1.595
4069.000	1.595
4070.000	1.571
4071.000	1.571
4072.000	1.571
4073.000	1.571
4074.000	1.571
4075.000	1.571
4076.000	1.571
4077.000	1.571
4078.000	1.571
4079.000	1.571
4080.000	1.571
4081.000	1.571
4082.000	1.567
4083.000	1.567
4084.000	1.546
4085.000	1.546
4086.000	1.546
4087.000	1.546
4088.000	1.536
4089.000	1.536
4090.000	1.536
4091.000	1.536
4092.000	1.536
4093.000	1.536
4094.000	1.536
4095.000	1.536
