0.000	20.545
1.000	20.479
2.000	20.252
3.000	19.526
4.000	19.395
5.000	19.360
6.000	19.326
7.000	19.292
8.000	19.258
9.000	19.224
10.000	19.189
11.000	19.155
12.000	19.029
13.000	18.964
14.000	18.850
15.000	18.850
16.000	18.845
17.000	18.790
18.000	18.786
19.000	18.733
20.000	18.686
21.000	18.662
22.000	18.642
23.000	18.622
24.000	18.604
25.000	18.586
26.000	18.570
27.000	18.554
28.000	18.539
29.000	18.535
30.000	18.521
31.000	18.511
32.000	18.502
33.000	18.497
34.000	18.491
35.000	18.486
36.000	18.481
37.000	18.476
38.000	18.472
39.000	18.467
40.000	18.462
41.000	18.458
42.000	18.453
43.000	18.448
44.000	18.444
45.000	18.439
46.000	18.434
47.000	18.430
48.000	18.425
49.000	18.421
50.000	18.417
51.000	18.412
52.000	18.407
53.000	18.402
54.000	18.396
55.000	18.391
56.000	18.386
57.000	18.380
58.000	18.375
59.000	18.370
60.000	18.365
61.000	18.359
62.000	18.355
63.000	18.350
64.000	18.344
65.000	18.339
66.000	18.332
67.000	18.326
68.000	18.319
69.000	18.313
70.000	18.306
71.000	18.300
72.000	18.293
73.000	18.289
74.000	18.282
75.000	18.276
76.000	18.267
77.000	18.259
78.000	18.250
79.000	18.242
80.000	18.233
81.000	18.225
82.000	18.216
83.000	18.207
84.000	18.203
85.000	18.194
86.000	18.185
87.000	18.176
88.000	18.167
89.000	18.158
90.000	18.149
91.000	18.140
92.000	18.131
93.000	18.121
94.000	18.112
95.000	18.103
96.000	18.011
97.000	18.002
98.000	17.993
99.000	17.984
100.000	17.975
101.000	17.966
102.000	17.956
103.000	17.947
104.000	17.937
105.000	17.924
106.000	17.912
107.000	17.908
108.000	17.895
109.000	17.883
110.000	17.871
111.000	17.860
112.000	17.849
113.000	17.837
114.000	17.824
115.000	17.811
116.000	17.798
117.000	17.785
118.000	17.780
119.000	17.767
120.000	17.752
121.000	17.738
122.000	17.723
123.000	17.711
124.000	17.696
125.000	17.680
126.000	17.664
127.000	17.647
128.000	17.629
129.000	17.550
130.000	17.532
131.000	17.514
132.000	17.496
133.000	17.476
134.000	17.456
135.000	17.435
136.000	17.414
137.000	17.393
138.000	17.371
139.000	17.347
140.000	17.343
141.000	17.319
142.000	17.296
143.000	17.271
144.000	17.248
145.000	17.224
146.000	17.198
147.000	17.172
148.000	17.145
149.000	17.117
150.000	17.089
151.000	17.043
152.000	17.013
153.000	16.982
154.000	16.951
155.000	16.919
156.000	16.887
157.000	16.854
158.000	16.823
159.000	16.793
160.000	16.763
161.000	16.731
162.000	16.700
163.000	16.676
164.000	16.644
165.000	16.613
166.000	16.581
167.000	16.550
168.000	16.517
169.000	16.485
170.000	16.453
171.000	16.421
172.000	16.389
173.000	16.357
174.000	16.328
175.000	16.296
176.000	16.264
177.000	16.233
178.000	16.199
179.000	16.166
180.000	16.132
181.000	16.098
182.000	16.067
183.000	16.036
184.000	16.004
185.000	15.971
186.000	15.940
187.000	15.910
188.000	15.880
189.000	15.851
190.000	15.821
191.000	15.793
192.000	15.765
193.000	15.735
194.000	15.706
195.000	15.676
196.000	15.672
197.000	15.642
198.000	15.613
199.000	15.584
200.000	15.556
201.000	15.529
202.000	15.501
203.000	15.475
204.000	15.448
205.000	15.420
206.000	15.392
207.000	15.389
208.000	15.363
209.000	15.337
210.000	15.310
211.000	15.284
212.000	15.258
213.000	15.233
214.000	15.209
215.000	15.184
216.000	15.161
217.000	15.138
218.000	15.135
219.000	15.112
220.000	15.089
221.000	15.066
222.000	15.042
223.000	15.019
224.000	14.994
225.000	14.969
226.000	14.946
227.000	14.922
228.000	14.898
229.000	14.874
230.000	14.871
231.000	14.847
232.000	14.821
233.000	14.796
234.000	14.772
235.000	14.747
236.000	14.722
237.000	14.697
238.000	14.671
239.000	14.644
240.000	14.618
241.000	14.615
242.000	14.589
243.000	14.562
244.000	14.536
245.000	14.509
246.000	14.483
247.000	14.458
248.000	14.431
249.000	14.405
250.000	14.378
251.000	14.352
252.000	14.349
253.000	14.323
254.000	14.296
255.000	14.267
256.000	14.239
257.000	14.211
258.000	14.182
259.000	14.154
260.000	14.125
261.000	14.095
262.000	14.064
263.000	13.978
264.000	13.949
265.000	13.921
266.000	13.891
267.000	13.861
268.000	13.831
269.000	13.802
270.000	13.773
271.000	13.741
272.000	13.710
273.000	13.678
274.000	13.641
275.000	13.610
276.000	13.579
277.000	13.547
278.000	13.516
279.000	13.487
280.000	13.459
281.000	13.430
282.000	13.401
283.000	13.371
284.000	13.342
285.000	13.340
286.000	13.306
287.000	13.274
288.000	13.242
289.000	13.209
290.000	13.176
291.000	13.142
292.000	13.109
293.000	13.076
294.000	13.042
295.000	13.008
296.000	13.006
297.000	12.972
298.000	12.939
299.000	12.904
300.000	12.870
301.000	12.836
302.000	12.802
303.000	12.768
304.000	12.734
305.000	12.699
306.000	12.665
307.000	12.632
308.000	12.629
309.000	12.595
310.000	12.561
311.000	12.527
312.000	12.492
313.000	12.458
314.000	12.425
315.000	12.390
316.000	12.358
317.000	12.325
318.000	12.291
319.000	12.288
320.000	12.254
321.000	12.221
322.000	12.187
323.000	12.153
324.000	12.119
325.000	12.086
326.000	12.052
327.000	12.019
328.000	11.984
329.000	11.951
330.000	11.879
331.000	11.846
332.000	11.813
333.000	11.780
334.000	11.746
335.000	11.712
336.000	11.680
337.000	11.648
338.000	11.614
339.000	11.581
340.000	11.547
341.000	11.540
342.000	11.507
343.000	11.472
344.000	11.438
345.000	11.405
346.000	11.371
347.000	11.338
348.000	11.306
349.000	11.273
350.000	11.241
351.000	11.208
352.000	11.134
353.000	11.103
354.000	11.071
355.000	11.040
356.000	11.008
357.000	10.979
358.000	10.950
359.000	10.921
360.000	10.891
361.000	10.863
362.000	10.834
363.000	10.834
364.000	10.805
365.000	10.776
366.000	10.747
367.000	10.719
368.000	10.691
369.000	10.662
370.000	10.634
371.000	10.605
372.000	10.576
373.000	10.547
374.000	10.519
375.000	10.519
376.000	10.491
377.000	10.464
378.000	10.436
379.000	10.410
380.000	10.384
381.000	10.358
382.000	10.333
383.000	10.308
384.000	10.284
385.000	10.260
386.000	10.260
387.000	10.234
388.000	10.208
389.000	10.184
390.000	10.160
391.000	10.136
392.000	10.113
393.000	10.089
394.000	10.065
395.000	10.042
396.000	10.018
397.000	10.018
398.000	9.994
399.000	9.970
400.000	9.946
401.000	9.922
402.000	9.899
403.000	9.876
404.000	9.853
405.000	9.831
406.000	9.809
407.000	9.787
408.000	9.787
409.000	9.765
410.000	9.743
411.000	9.721
412.000	9.698
413.000	9.676
414.000	9.655
415.000	9.633
416.000	9.612
417.000	9.591
418.000	9.571
419.000	9.571
420.000	9.551
421.000	9.531
422.000	9.511
423.000	9.492
424.000	9.473
425.000	9.453
426.000	9.436
427.000	9.418
428.000	9.400
429.000	9.382
430.000	9.382
431.000	9.365
432.000	9.348
433.000	9.331
434.000	9.313
435.000	9.296
436.000	9.278
437.000	9.262
438.000	9.245
439.000	9.229
440.000	9.213
441.000	9.197
442.000	9.197
443.000	9.182
444.000	9.167
445.000	9.152
446.000	9.137
447.000	9.123
448.000	9.108
449.000	9.094
450.000	9.079
451.000	9.064
452.000	9.050
453.000	9.050
454.000	9.035
455.000	9.022
456.000	9.008
457.000	8.994
458.000	8.980
459.000	8.966
460.000	8.952
461.000	8.938
462.000	8.923
463.000	8.909
464.000	8.897
465.000	8.883
466.000	8.868
467.000	8.853
468.000	8.838
469.000	8.823
470.000	8.807
471.000	8.792
472.000	8.776
473.000	8.760
474.000	8.745
475.000	8.734
476.000	8.718
477.000	8.704
478.000	8.689
479.000	8.675
480.000	8.661
481.000	8.649
482.000	8.636
483.000	8.624
484.000	8.611
485.000	8.599
486.000	8.599
487.000	8.586
488.000	8.574
489.000	8.561
490.000	8.548
491.000	8.534
492.000	8.520
493.000	8.506
494.000	8.492
495.000	8.480
496.000	8.467
497.000	8.467
498.000	8.455
499.000	8.441
500.000	8.428
501.000	8.415
502.000	8.402
503.000	8.389
504.000	8.376
505.000	8.364
506.000	8.351
507.000	8.339
508.000	8.339
509.000	8.327
510.000	8.315
511.000	8.304
512.000	8.292
513.000	8.280
514.000	8.269
515.000	8.257
516.000	8.245
517.000	8.233
518.000	8.221
519.000	8.210
520.000	8.210
521.000	8.198
522.000	8.186
523.000	8.175
524.000	8.163
525.000	8.152
526.000	8.141
527.000	8.130
528.000	8.119
529.000	8.107
530.000	8.096
531.000	8.096
532.000	8.085
533.000	8.073
534.000	8.061
535.000	8.050
536.000	8.038
537.000	8.026
538.000	8.014
539.000	8.002
540.000	7.990
541.000	7.978
542.000	7.978
543.000	7.966
544.000	7.953
545.000	7.941
546.000	7.929
547.000	7.917
548.000	7.904
549.000	7.892
550.000	7.881
551.000	7.869
552.000	7.857
553.000	7.845
554.000	7.833
555.000	7.822
556.000	7.811
557.000	7.800
558.000	7.788
559.000	7.776
560.000	7.765
561.000	7.753
562.000	7.741
563.000	7.728
564.000	7.727
565.000	7.715
566.000	7.703
567.000	7.691
568.000	7.679
569.000	7.667
570.000	7.655
571.000	7.644
572.000	7.633
573.000	7.622
574.000	7.610
575.000	7.610
576.000	7.599
577.000	7.587
578.000	7.576
579.000	7.564
580.000	7.553
581.000	7.542
582.000	7.530
583.000	7.518
584.000	7.507
585.000	7.495
586.000	7.484
587.000	7.484
588.000	7.473
589.000	7.462
590.000	7.451
591.000	7.441
592.000	7.430
593.000	7.420
594.000	7.409
595.000	7.399
596.000	7.389
597.000	7.379
598.000	7.340
599.000	7.330
600.000	7.320
601.000	7.310
602.000	7.300
603.000	7.290
604.000	7.280
605.000	7.270
606.000	7.261
607.000	7.251
608.000	7.241
609.000	7.227
610.000	7.218
611.000	7.208
612.000	7.198
613.000	7.188
614.000	7.177
615.000	7.167
616.000	7.157
617.000	7.145
618.000	7.134
619.000	7.123
620.000	7.123
621.000	7.112
622.000	7.101
623.000	7.091
624.000	7.080
625.000	7.070
626.000	7.059
627.000	7.049
628.000	7.038
629.000	7.029
630.000	7.019
631.000	7.019
632.000	7.009
633.000	6.999
634.000	6.989
635.000	6.980
636.000	6.970
637.000	6.960
638.000	6.951
639.000	6.942
640.000	6.933
641.000	6.924
642.000	6.924
643.000	6.914
644.000	6.904
645.000	6.895
646.000	6.886
647.000	6.877
648.000	6.867
649.000	6.858
650.000	6.849
651.000	6.838
652.000	6.828
653.000	6.818
654.000	6.818
655.000	6.808
656.000	6.798
657.000	6.788
658.000	6.778
659.000	6.768
660.000	6.758
661.000	6.747
662.000	6.737
663.000	6.727
664.000	6.717
665.000	6.717
666.000	6.707
667.000	6.697
668.000	6.687
669.000	6.678
670.000	6.669
671.000	6.659
672.000	6.650
673.000	6.641
674.000	6.631
675.000	6.622
676.000	6.622
677.000	6.612
678.000	6.603
679.000	6.593
680.000	6.584
681.000	6.575
682.000	6.566
683.000	6.557
684.000	6.548
685.000	6.539
686.000	6.530
687.000	6.530
688.000	6.521
689.000	6.511
690.000	6.501
691.000	6.492
692.000	6.482
693.000	6.472
694.000	6.463
695.000	6.453
696.000	6.444
697.000	6.434
698.000	6.434
699.000	6.425
700.000	6.415
701.000	6.407
702.000	6.398
703.000	6.389
704.000	6.381
705.000	6.373
706.000	6.364
707.000	6.356
708.000	6.348
709.000	6.348
710.000	6.339
711.000	6.331
712.000	6.322
713.000	6.314
714.000	6.305
715.000	6.296
716.000	6.287
717.000	6.279
718.000	6.270
719.000	6.260
720.000	6.260
721.000	6.251
722.000	6.243
723.000	6.234
724.000	6.225
725.000	6.216
726.000	6.207
727.000	6.198
728.000	6.189
729.000	6.180
730.000	6.171
731.000	6.162
732.000	6.082
733.000	6.073
734.000	6.064
735.000	6.055
736.000	6.046
737.000	6.037
738.000	6.028
739.000	6.019
740.000	6.010
741.000	6.001
742.000	5.992
743.000	5.992
744.000	5.982
745.000	5.973
746.000	5.964
747.000	5.955
748.000	5.945
749.000	5.936
750.000	5.926
751.000	5.917
752.000	5.909
753.000	5.900
754.000	5.900
755.000	5.891
756.000	5.882
757.000	5.873
758.000	5.863
759.000	5.854
760.000	5.844
761.000	5.835
762.000	5.826
763.000	5.816
764.000	5.807
765.000	5.807
766.000	5.798
767.000	5.789
768.000	5.780
769.000	5.771
770.000	5.762
771.000	5.755
772.000	5.747
773.000	5.739
774.000	5.731
775.000	5.723
776.000	5.723
777.000	5.715
778.000	5.708
779.000	5.700
780.000	5.692
781.000	5.684
782.000	5.676
783.000	5.668
784.000	5.660
785.000	5.651
786.000	5.643
787.000	5.643
788.000	5.635
789.000	5.627
790.000	5.619
791.000	5.611
792.000	5.602
793.000	5.594
794.000	5.586
795.000	5.578
796.000	5.570
797.000	5.562
798.000	5.554
799.000	5.554
800.000	5.546
801.000	5.539
802.000	5.531
803.000	5.524
804.000	5.516
805.000	5.509
806.000	5.502
807.000	5.494
808.000	5.487
809.000	5.480
810.000	5.480
811.000	5.473
812.000	5.466
813.000	5.460
814.000	5.454
815.000	5.447
816.000	5.440
817.000	5.434
818.000	5.427
819.000	5.421
820.000	5.414
821.000	5.414
822.000	5.408
823.000	5.401
824.000	5.395
825.000	5.388
826.000	5.382
827.000	5.376
828.000	5.369
829.000	5.363
830.000	5.357
831.000	5.350
832.000	5.342
833.000	5.336
834.000	5.329
835.000	5.323
836.000	5.317
837.000	5.310
838.000	5.304
839.000	5.298
840.000	5.292
841.000	5.286
842.000	5.280
843.000	5.280
844.000	5.275
845.000	5.269
846.000	5.262
847.000	5.256
848.000	5.250
849.000	5.244
850.000	5.238
851.000	5.232
852.000	5.225
853.000	5.219
854.000	5.180
855.000	5.174
856.000	5.167
857.000	5.161
858.000	5.155
859.000	5.150
860.000	5.144
861.000	5.138
862.000	5.132
863.000	5.126
864.000	5.121
865.000	5.115
866.000	5.061
867.000	5.055
868.000	5.049
869.000	5.044
870.000	5.038
871.000	5.032
872.000	5.026
873.000	5.021
874.000	5.015
875.000	5.009
876.000	5.003
877.000	5.003
878.000	4.998
879.000	4.992
880.000	4.986
881.000	4.980
882.000	4.975
883.000	4.969
884.000	4.963
885.000	4.957
886.000	4.952
887.000	4.946
888.000	4.946
889.000	4.941
890.000	4.935
891.000	4.929
892.000	4.924
893.000	4.919
894.000	4.914
895.000	4.908
896.000	4.903
897.000	4.898
898.000	4.892
899.000	4.892
900.000	4.887
901.000	4.882
902.000	4.876
903.000	4.871
904.000	4.866
905.000	4.861
906.000	4.856
907.000	4.851
908.000	4.846
909.000	4.841
910.000	4.835
911.000	4.830
912.000	4.826
913.000	4.821
914.000	4.816
915.000	4.811
916.000	4.806
917.000	4.801
918.000	4.796
919.000	4.791
920.000	4.787
921.000	4.787
922.000	4.782
923.000	4.777
924.000	4.772
925.000	4.767
926.000	4.762
927.000	4.757
928.000	4.752
929.000	4.747
930.000	4.742
931.000	4.738
932.000	4.733
933.000	4.733
934.000	4.728
935.000	4.723
936.000	4.718
937.000	4.714
938.000	4.709
939.000	4.704
940.000	4.700
941.000	4.695
942.000	4.691
943.000	4.686
944.000	4.686
945.000	4.682
946.000	4.677
947.000	4.672
948.000	4.668
949.000	4.663
950.000	4.658
951.000	4.653
952.000	4.648
953.000	4.644
954.000	4.639
955.000	4.639
956.000	4.635
957.000	4.630
958.000	4.626
959.000	4.622
960.000	4.617
961.000	4.613
962.000	4.608
963.000	4.604
964.000	4.599
965.000	4.595
966.000	4.590
967.000	4.586
968.000	4.581
969.000	4.577
970.000	4.573
971.000	4.569
972.000	4.564
973.000	4.560
974.000	4.556
975.000	4.552
976.000	4.548
977.000	4.543
978.000	4.539
979.000	4.535
980.000	4.531
981.000	4.527
982.000	4.522
983.000	4.518
984.000	4.514
985.000	4.510
986.000	4.506
987.000	4.501
988.000	4.501
989.000	4.497
990.000	4.493
991.000	4.488
992.000	4.484
993.000	4.480
994.000	4.475
995.000	4.471
996.000	4.467
997.000	4.462
998.000	4.458
999.000	4.458
1000.000	4.454
1001.000	4.450
1002.000	4.445
1003.000	4.441
1004.000	4.437
1005.000	4.432
1006.000	4.428
1007.000	4.424
1008.000	4.420
1009.000	4.416
1010.000	4.412
1011.000	4.412
1012.000	4.409
1013.000	4.405
1014.000	4.401
1015.000	4.397
1016.000	4.393
1017.000	4.390
1018.000	4.386
1019.000	4.383
1020.000	4.380
1021.000	4.376
1022.000	4.376
1023.000	4.372
1024.000	4.368
1025.000	4.365
1026.000	4.361
1027.000	4.357
1028.000	4.353
1029.000	4.349
1030.000	4.346
1031.000	4.342
1032.000	4.338
1033.000	4.338
1034.000	4.334
1035.000	4.330
1036.000	4.327
1037.000	4.323
1038.000	4.319
1039.000	4.316
1040.000	4.312
1041.000	4.308
1042.000	4.305
1043.000	4.301
1044.000	4.301
1045.000	4.298
1046.000	4.295
1047.000	4.291
1048.000	4.288
1049.000	4.284
1050.000	4.281
1051.000	4.278
1052.000	4.275
1053.000	4.272
1054.000	4.269
1055.000	4.269
1056.000	4.266
1057.000	4.263
1058.000	4.260
1059.000	4.257
1060.000	4.254
1061.000	4.251
1062.000	4.248
1063.000	4.245
1064.000	4.242
1065.000	4.240
1066.000	4.240
1067.000	4.237
1068.000	4.234
1069.000	4.231
1070.000	4.228
1071.000	4.225
1072.000	4.222
1073.000	4.219
1074.000	4.216
1075.000	4.214
1076.000	4.211
1077.000	4.208
1078.000	4.208
1079.000	4.205
1080.000	4.202
1081.000	4.199
1082.000	4.196
1083.000	4.194
1084.000	4.191
1085.000	4.188
1086.000	4.185
1087.000	4.182
1088.000	4.180
1089.000	4.180
1090.000	4.177
1091.000	4.175
1092.000	4.172
1093.000	4.169
1094.000	4.167
1095.000	4.164
1096.000	4.162
1097.000	4.159
1098.000	4.157
1099.000	4.154
1100.000	4.154
1101.000	4.152
1102.000	4.149
1103.000	4.147
1104.000	4.145
1105.000	4.142
1106.000	4.140
1107.000	4.138
1108.000	4.136
1109.000	4.133
1110.000	4.131
1111.000	4.131
1112.000	4.129
1113.000	4.127
1114.000	4.124
1115.000	4.122
1116.000	4.120
1117.000	4.118
1118.000	4.115
1119.000	4.113
1120.000	4.111
1121.000	4.109
1122.000	4.109
1123.000	4.107
1124.000	4.105
1125.000	4.102
1126.000	4.100
1127.000	4.099
1128.000	4.097
1129.000	4.095
1130.000	4.093
1131.000	4.091
1132.000	4.089
1133.000	4.089
1134.000	4.087
1135.000	4.085
1136.000	4.083
1137.000	4.081
1138.000	4.080
1139.000	4.078
1140.000	4.076
1141.000	4.075
1142.000	4.073
1143.000	4.071
1144.000	4.070
1145.000	4.070
1146.000	4.068
1147.000	4.066
1148.000	4.065
1149.000	4.063
1150.000	4.061
1151.000	4.060
1152.000	4.058
1153.000	4.057
1154.000	4.055
1155.000	4.054
1156.000	4.054
1157.000	4.052
1158.000	4.050
1159.000	4.049
1160.000	4.047
1161.000	4.046
1162.000	4.044
1163.000	4.043
1164.000	4.042
1165.000	4.041
1166.000	4.039
1167.000	4.039
1168.000	4.038
1169.000	4.037
1170.000	4.036
1171.000	4.035
1172.000	4.034
1173.000	4.033
1174.000	4.032
1175.000	4.031
1176.000	4.029
1177.000	4.028
1178.000	4.028
1179.000	4.027
1180.000	4.026
1181.000	4.025
1182.000	4.024
1183.000	4.023
1184.000	4.022
1185.000	4.021
1186.000	4.020
1187.000	4.020
1188.000	4.019
1189.000	4.019
1190.000	4.018
1191.000	4.017
1192.000	4.016
1193.000	4.015
1194.000	4.014
1195.000	4.013
1196.000	4.013
1197.000	4.012
1198.000	4.011
1199.000	4.010
1200.000	4.010
1201.000	4.009
1202.000	4.008
1203.000	4.007
1204.000	4.007
1205.000	4.006
1206.000	4.005
1207.000	4.004
1208.000	4.003
1209.000	4.003
1210.000	4.002
1211.000	4.002
1212.000	4.001
1213.000	4.000
1214.000	4.000
1215.000	3.999
1216.000	3.998
1217.000	3.998
1218.000	3.997
1219.000	3.996
1220.000	3.996
1221.000	3.995
1222.000	3.994
1223.000	3.994
1224.000	3.994
1225.000	3.993
1226.000	3.993
1227.000	3.992
1228.000	3.991
1229.000	3.991
1230.000	3.990
1231.000	3.989
1232.000	3.989
1233.000	3.988
1234.000	3.988
1235.000	3.987
1236.000	3.987
1237.000	3.986
1238.000	3.985
1239.000	3.985
1240.000	3.984
1241.000	3.983
1242.000	3.982
1243.000	3.981
1244.000	3.980
1245.000	3.980
1246.000	3.979
1247.000	3.978
1248.000	3.977
1249.000	3.976
1250.000	3.975
1251.000	3.974
1252.000	3.973
1253.000	3.972
1254.000	3.972
1255.000	3.971
1256.000	3.971
1257.000	3.970
1258.000	3.969
1259.000	3.969
1260.000	3.968
1261.000	3.967
1262.000	3.967
1263.000	3.966
1264.000	3.966
1265.000	3.965
1266.000	3.965
1267.000	3.965
1268.000	3.964
1269.000	3.963
1270.000	3.963
1271.000	3.962
1272.000	3.962
1273.000	3.961
1274.000	3.960
1275.000	3.960
1276.000	3.959
1277.000	3.959
1278.000	3.959
1279.000	3.958
1280.000	3.958
1281.000	3.957
1282.000	3.957
1283.000	3.956
1284.000	3.955
1285.000	3.955
1286.000	3.954
1287.000	3.954
1288.000	3.953
1289.000	3.953
1290.000	3.953
1291.000	3.952
1292.000	3.952
1293.000	3.951
1294.000	3.950
1295.000	3.950
1296.000	3.949
1297.000	3.949
1298.000	3.948
1299.000	3.948
1300.000	3.947
1301.000	3.947
1302.000	3.947
1303.000	3.946
1304.000	3.946
1305.000	3.945
1306.000	3.944
1307.000	3.944
1308.000	3.943
1309.000	3.943
1310.000	3.942
1311.000	3.942
1312.000	3.942
1313.000	3.941
1314.000	3.941
1315.000	3.940
1316.000	3.940
1317.000	3.939
1318.000	3.939
1319.000	3.939
1320.000	3.939
1321.000	3.938
1322.000	3.938
1323.000	3.938
1324.000	3.938
1325.000	3.937
1326.000	3.937
1327.000	3.937
1328.000	3.936
1329.000	3.936
1330.000	3.935
1331.000	3.935
1332.000	3.934
1333.000	3.933
1334.000	3.933
1335.000	3.932
1336.000	3.932
1337.000	3.931
1338.000	3.929
1339.000	3.926
1340.000	3.924
1341.000	3.921
1342.000	3.919
1343.000	3.916
1344.000	3.914
1345.000	3.914
1346.000	3.911
1347.000	3.909
1348.000	3.906
1349.000	3.904
1350.000	3.901
1351.000	3.898
1352.000	3.896
1353.000	3.893
1354.000	3.891
1355.000	3.888
1356.000	3.886
1357.000	3.886
1358.000	3.883
1359.000	3.881
1360.000	3.878
1361.000	3.876
1362.000	3.873
1363.000	3.871
1364.000	3.868
1365.000	3.866
1366.000	3.863
1367.000	3.861
1368.000	3.861
1369.000	3.858
1370.000	3.856
1371.000	3.853
1372.000	3.851
1373.000	3.848
1374.000	3.846
1375.000	3.843
1376.000	3.841
1377.000	3.839
1378.000	3.836
1379.000	3.836
1380.000	3.834
1381.000	3.831
1382.000	3.829
1383.000	3.826
1384.000	3.824
1385.000	3.821
1386.000	3.819
1387.000	3.816
1388.000	3.814
1389.000	3.811
1390.000	3.811
1391.000	3.809
1392.000	3.806
1393.000	3.804
1394.000	3.802
1395.000	3.799
1396.000	3.797
1397.000	3.794
1398.000	3.792
1399.000	3.789
1400.000	3.787
1401.000	3.787
1402.000	3.784
1403.000	3.782
1404.000	3.780
1405.000	3.777
1406.000	3.775
1407.000	3.772
1408.000	3.770
1409.000	3.767
1410.000	3.765
1411.000	3.763
1412.000	3.763
1413.000	3.760
1414.000	3.758
1415.000	3.755
1416.000	3.753
1417.000	3.750
1418.000	3.748
1419.000	3.746
1420.000	3.743
1421.000	3.741
1422.000	3.738
1423.000	3.738
1424.000	3.736
1425.000	3.734
1426.000	3.731
1427.000	3.729
1428.000	3.726
1429.000	3.724
1430.000	3.722
1431.000	3.719
1432.000	3.717
1433.000	3.714
1434.000	3.712
1435.000	3.712
1436.000	3.710
1437.000	3.707
1438.000	3.705
1439.000	3.703
1440.000	3.700
1441.000	3.698
1442.000	3.695
1443.000	3.693
1444.000	3.691
1445.000	3.688
1446.000	3.688
1447.000	3.686
1448.000	3.684
1449.000	3.681
1450.000	3.679
1451.000	3.676
1452.000	3.674
1453.000	3.672
1454.000	3.669
1455.000	3.667
1456.000	3.665
1457.000	3.665
1458.000	3.662
1459.000	3.660
1460.000	3.658
1461.000	3.655
1462.000	3.653
1463.000	3.651
1464.000	3.648
1465.000	3.646
1466.000	3.643
1467.000	3.641
1468.000	3.641
1469.000	3.639
1470.000	3.636
1471.000	3.634
1472.000	3.632
1473.000	3.629
1474.000	3.627
1475.000	3.625
1476.000	3.622
1477.000	3.620
1478.000	3.618
1479.000	3.618
1480.000	3.615
1481.000	3.613
1482.000	3.611
1483.000	3.609
1484.000	3.606
1485.000	3.604
1486.000	3.602
1487.000	3.599
1488.000	3.597
1489.000	3.595
1490.000	3.595
1491.000	3.592
1492.000	3.590
1493.000	3.588
1494.000	3.585
1495.000	3.583
1496.000	3.581
1497.000	3.579
1498.000	3.576
1499.000	3.574
1500.000	3.572
1501.000	3.569
1502.000	3.569
1503.000	3.567
1504.000	3.565
1505.000	3.562
1506.000	3.560
1507.000	3.558
1508.000	3.556
1509.000	3.553
1510.000	3.551
1511.000	3.549
1512.000	3.547
1513.000	3.547
1514.000	3.544
1515.000	3.542
1516.000	3.540
1517.000	3.538
1518.000	3.536
1519.000	3.534
1520.000	3.532
1521.000	3.530
1522.000	3.528
1523.000	3.526
1524.000	3.526
1525.000	3.524
1526.000	3.522
1527.000	3.520
1528.000	3.518
1529.000	3.516
1530.000	3.514
1531.000	3.512
1532.000	3.510
1533.000	3.508
1534.000	3.506
1535.000	3.506
1536.000	3.504
1537.000	3.502
1538.000	3.500
1539.000	3.498
1540.000	3.496
1541.000	3.494
1542.000	3.492
1543.000	3.490
1544.000	3.488
1545.000	3.486
1546.000	3.486
1547.000	3.484
1548.000	3.482
1549.000	3.480
1550.000	3.478
1551.000	3.476
1552.000	3.474
1553.000	3.472
1554.000	3.470
1555.000	3.468
1556.000	3.466
1557.000	3.466
1558.000	3.464
1559.000	3.463
1560.000	3.461
1561.000	3.459
1562.000	3.457
1563.000	3.455
1564.000	3.453
1565.000	3.451
1566.000	3.449
1567.000	3.447
1568.000	3.445
1569.000	3.445
1570.000	3.443
1571.000	3.441
1572.000	3.439
1573.000	3.437
1574.000	3.435
1575.000	3.433
1576.000	3.431
1577.000	3.429
1578.000	3.428
1579.000	3.426
1580.000	3.426
1581.000	3.424
1582.000	3.422
1583.000	3.420
1584.000	3.418
1585.000	3.416
1586.000	3.414
1587.000	3.412
1588.000	3.410
1589.000	3.408
1590.000	3.406
1591.000	3.406
1592.000	3.404
1593.000	3.403
1594.000	3.401
1595.000	3.399
1596.000	3.397
1597.000	3.395
1598.000	3.393
1599.000	3.391
1600.000	3.389
1601.000	3.387
1602.000	3.387
1603.000	3.385
1604.000	3.383
1605.000	3.382
1606.000	3.380
1607.000	3.378
1608.000	3.376
1609.000	3.374
1610.000	3.372
1611.000	3.370
1612.000	3.368
1613.000	3.368
1614.000	3.366
1615.000	3.364
1616.000	3.363
1617.000	3.361
1618.000	3.359
1619.000	3.357
1620.000	3.355
1621.000	3.353
1622.000	3.351
1623.000	3.349
1624.000	3.349
1625.000	3.348
1626.000	3.346
1627.000	3.345
1628.000	3.343
1629.000	3.342
1630.000	3.340
1631.000	3.339
1632.000	3.337
1633.000	3.336
1634.000	3.335
1635.000	3.335
1636.000	3.335
1637.000	3.335
1638.000	3.335
1639.000	3.334
1640.000	3.334
1641.000	3.334
1642.000	3.333
1643.000	3.333
1644.000	3.333
1645.000	3.333
1646.000	3.332
1647.000	3.332
1648.000	3.332
1649.000	3.332
1650.000	3.332
1651.000	3.331
1652.000	3.331
1653.000	3.331
1654.000	3.330
1655.000	3.330
1656.000	3.330
1657.000	3.330
1658.000	3.330
1659.000	3.329
1660.000	3.329
1661.000	3.329
1662.000	3.329
1663.000	3.328
1664.000	3.328
1665.000	3.328
1666.000	3.328
1667.000	3.327
1668.000	3.327
1669.000	3.327
1670.000	3.327
1671.000	3.326
1672.000	3.326
1673.000	3.326
1674.000	3.325
1675.000	3.325
1676.000	3.324
1677.000	3.324
1678.000	3.323
1679.000	3.323
1680.000	3.323
1681.000	3.322
1682.000	3.322
1683.000	3.321
1684.000	3.321
1685.000	3.320
1686.000	3.320
1687.000	3.319
1688.000	3.319
1689.000	3.318
1690.000	3.318
1691.000	3.318
1692.000	3.317
1693.000	3.317
1694.000	3.316
1695.000	3.316
1696.000	3.315
1697.000	3.314
1698.000	3.313
1699.000	3.313
1700.000	3.312
1701.000	3.311
1702.000	3.311
1703.000	3.310
1704.000	3.310
1705.000	3.309
1706.000	3.308
1707.000	3.307
1708.000	3.306
1709.000	3.306
1710.000	3.305
1711.000	3.304
1712.000	3.303
1713.000	3.302
1714.000	3.302
1715.000	3.301
1716.000	3.301
1717.000	3.300
1718.000	3.299
1719.000	3.298
1720.000	3.297
1721.000	3.297
1722.000	3.296
1723.000	3.295
1724.000	3.294
1725.000	3.294
1726.000	3.293
1727.000	3.293
1728.000	3.292
1729.000	3.291
1730.000	3.290
1731.000	3.290
1732.000	3.289
1733.000	3.288
1734.000	3.287
1735.000	3.286
1736.000	3.286
1737.000	3.286
1738.000	3.285
1739.000	3.284
1740.000	3.283
1741.000	3.282
1742.000	3.282
1743.000	3.281
1744.000	3.280
1745.000	3.279
1746.000	3.278
1747.000	3.278
1748.000	3.278
1749.000	3.277
1750.000	3.276
1751.000	3.275
1752.000	3.274
1753.000	3.274
1754.000	3.273
1755.000	3.272
1756.000	3.271
1757.000	3.271
1758.000	3.271
1759.000	3.270
1760.000	3.269
1761.000	3.268
1762.000	3.267
1763.000	3.267
1764.000	3.266
1765.000	3.265
1766.000	3.264
1767.000	3.263
1768.000	3.262
1769.000	3.262
1770.000	3.261
1771.000	3.259
1772.000	3.258
1773.000	3.257
1774.000	3.255
1775.000	3.254
1776.000	3.253
1777.000	3.252
1778.000	3.250
1779.000	3.249
1780.000	3.248
1781.000	3.248
1782.000	3.246
1783.000	3.245
1784.000	3.244
1785.000	3.242
1786.000	3.241
1787.000	3.240
1788.000	3.238
1789.000	3.237
1790.000	3.235
1791.000	3.234
1792.000	3.234
1793.000	3.233
1794.000	3.231
1795.000	3.230
1796.000	3.228
1797.000	3.227
1798.000	3.226
1799.000	3.224
1800.000	3.223
1801.000	3.222
1802.000	3.220
1803.000	3.220
1804.000	3.219
1805.000	3.217
1806.000	3.216
1807.000	3.215
1808.000	3.213
1809.000	3.212
1810.000	3.211
1811.000	3.209
1812.000	3.208
1813.000	3.207
1814.000	3.207
1815.000	3.205
1816.000	3.204
1817.000	3.202
1818.000	3.201
1819.000	3.200
1820.000	3.198
1821.000	3.197
1822.000	3.196
1823.000	3.194
1824.000	3.193
1825.000	3.193
1826.000	3.192
1827.000	3.190
1828.000	3.189
1829.000	3.188
1830.000	3.186
1831.000	3.185
1832.000	3.183
1833.000	3.182
1834.000	3.181
1835.000	3.179
1836.000	3.179
1837.000	3.178
1838.000	3.177
1839.000	3.175
1840.000	3.174
1841.000	3.173
1842.000	3.171
1843.000	3.170
1844.000	3.169
1845.000	3.167
1846.000	3.166
1847.000	3.165
1848.000	3.165
1849.000	3.163
1850.000	3.162
1851.000	3.161
1852.000	3.159
1853.000	3.158
1854.000	3.157
1855.000	3.155
1856.000	3.154
1857.000	3.153
1858.000	3.151
1859.000	3.151
1860.000	3.150
1861.000	3.149
1862.000	3.147
1863.000	3.146
1864.000	3.144
1865.000	3.143
1866.000	3.142
1867.000	3.140
1868.000	3.139
1869.000	3.138
1870.000	3.138
1871.000	3.136
1872.000	3.135
1873.000	3.133
1874.000	3.132
1875.000	3.131
1876.000	3.129
1877.000	3.128
1878.000	3.127
1879.000	3.125
1880.000	3.124
1881.000	3.124
1882.000	3.122
1883.000	3.121
1884.000	3.119
1885.000	3.118
1886.000	3.117
1887.000	3.115
1888.000	3.114
1889.000	3.113
1890.000	3.111
1891.000	3.110
1892.000	3.110
1893.000	3.108
1894.000	3.107
1895.000	3.105
1896.000	3.104
1897.000	3.103
1898.000	3.101
1899.000	3.100
1900.000	3.098
1901.000	3.097
1902.000	3.095
1903.000	3.095
1904.000	3.094
1905.000	3.093
1906.000	3.091
1907.000	3.090
1908.000	3.088
1909.000	3.087
1910.000	3.085
1911.000	3.084
1912.000	3.083
1913.000	3.081
1914.000	3.081
1915.000	3.080
1916.000	3.078
1917.000	3.077
1918.000	3.075
1919.000	3.074
1920.000	3.073
1921.000	3.071
1922.000	3.070
1923.000	3.068
1924.000	3.067
1925.000	3.065
1926.000	3.065
1927.000	3.064
1928.000	3.063
1929.000	3.061
1930.000	3.060
1931.000	3.058
1932.000	3.057
1933.000	3.055
1934.000	3.054
1935.000	3.053
1936.000	3.051
1937.000	3.051
1938.000	3.050
1939.000	3.048
1940.000	3.047
1941.000	3.046
1942.000	3.044
1943.000	3.043
1944.000	3.041
1945.000	3.040
1946.000	3.038
1947.000	3.036
1948.000	3.036
1949.000	3.035
1950.000	3.033
1951.000	3.032
1952.000	3.030
1953.000	3.028
1954.000	3.027
1955.000	3.025
1956.000	3.024
1957.000	3.022
1958.000	3.020
1959.000	3.020
1960.000	3.019
1961.000	3.017
1962.000	3.016
1963.000	3.014
1964.000	3.013
1965.000	3.011
1966.000	3.009
1967.000	3.008
1968.000	3.006
1969.000	3.005
1970.000	3.005
1971.000	3.003
1972.000	3.001
1973.000	3.000
1974.000	2.998
1975.000	2.997
1976.000	2.995
1977.000	2.994
1978.000	2.992
1979.000	2.990
1980.000	2.989
1981.000	2.989
1982.000	2.987
1983.000	2.986
1984.000	2.984
1985.000	2.982
1986.000	2.981
1987.000	2.980
1988.000	2.978
1989.000	2.977
1990.000	2.976
1991.000	2.974
1992.000	2.973
1993.000	2.973
1994.000	2.972
1995.000	2.970
1996.000	2.969
1997.000	2.968
1998.000	2.966
1999.000	2.965
2000.000	2.963
2001.000	2.962
2002.000	2.961
2003.000	2.959
2004.000	2.959
2005.000	2.958
2006.000	2.957
2007.000	2.955
2008.000	2.954
2009.000	2.953
2010.000	2.951
2011.000	2.950
2012.000	2.949
2013.000	2.947
2014.000	2.946
2015.000	2.946
2016.000	2.945
2017.000	2.944
2018.000	2.942
2019.000	2.941
2020.000	2.940
2021.000	2.938
2022.000	2.937
2023.000	2.936
2024.000	2.934
2025.000	2.933
2026.000	2.933
2027.000	2.932
2028.000	2.930
2029.000	2.929
2030.000	2.928
2031.000	2.926
2032.000	2.925
2033.000	2.924
2034.000	2.922
2035.000	2.921
2036.000	2.920
2037.000	2.920
2038.000	2.919
2039.000	2.918
2040.000	2.917
2041.000	2.916
2042.000	2.914
2043.000	2.913
2044.000	2.912
2045.000	2.910
2046.000	2.909
2047.000	2.908
2048.000	2.908
2049.000	2.907
2050.000	2.905
2051.000	2.904
2052.000	2.903
2053.000	2.901
2054.000	2.900
2055.000	2.899
2056.000	2.898
2057.000	2.896
2058.000	2.895
2059.000	2.894
2060.000	2.894
2061.000	2.893
2062.000	2.891
2063.000	2.890
2064.000	2.889
2065.000	2.888
2066.000	2.887
2067.000	2.886
2068.000	2.885
2069.000	2.884
2070.000	2.883
2071.000	2.883
2072.000	2.882
2073.000	2.881
2074.000	2.880
2075.000	2.879
2076.000	2.878
2077.000	2.877
2078.000	2.876
2079.000	2.875
2080.000	2.874
2081.000	2.873
2082.000	2.873
2083.000	2.872
2084.000	2.871
2085.000	2.870
2086.000	2.869
2087.000	2.868
2088.000	2.867
2089.000	2.866
2090.000	2.865
2091.000	2.864
2092.000	2.863
2093.000	2.863
2094.000	2.862
2095.000	2.861
2096.000	2.860
2097.000	2.859
2098.000	2.858
2099.000	2.857
2100.000	2.856
2101.000	2.855
2102.000	2.854
2103.000	2.853
2104.000	2.853
2105.000	2.852
2106.000	2.851
2107.000	2.850
2108.000	2.849
2109.000	2.848
2110.000	2.847
2111.000	2.846
2112.000	2.845
2113.000	2.844
2114.000	2.843
2115.000	2.843
2116.000	2.842
2117.000	2.841
2118.000	2.840
2119.000	2.839
2120.000	2.838
2121.000	2.837
2122.000	2.836
2123.000	2.835
2124.000	2.834
2125.000	2.833
2126.000	2.833
2127.000	2.832
2128.000	2.831
2129.000	2.830
2130.000	2.829
2131.000	2.828
2132.000	2.827
2133.000	2.826
2134.000	2.825
2135.000	2.824
2136.000	2.823
2137.000	2.822
2138.000	2.822
2139.000	2.821
2140.000	2.820
2141.000	2.819
2142.000	2.818
2143.000	2.817
2144.000	2.816
2145.000	2.815
2146.000	2.814
2147.000	2.814
2148.000	2.813
2149.000	2.813
2150.000	2.813
2151.000	2.812
2152.000	2.811
2153.000	2.811
2154.000	2.810
2155.000	2.810
2156.000	2.809
2157.000	2.808
2158.000	2.808
2159.000	2.807
2160.000	2.807
2161.000	2.807
2162.000	2.806
2163.000	2.806
2164.000	2.805
2165.000	2.805
2166.000	2.804
2167.000	2.804
2168.000	2.803
2169.000	2.803
2170.000	2.802
2171.000	2.802
2172.000	2.802
2173.000	2.801
2174.000	2.801
2175.000	2.800
2176.000	2.800
2177.000	2.799
2178.000	2.799
2179.000	2.798
2180.000	2.798
2181.000	2.798
2182.000	2.798
2183.000	2.797
2184.000	2.796
2185.000	2.796
2186.000	2.795
2187.000	2.795
2188.000	2.794
2189.000	2.794
2190.000	2.793
2191.000	2.792
2192.000	2.792
2193.000	2.792
2194.000	2.791
2195.000	2.791
2196.000	2.790
2197.000	2.790
2198.000	2.789
2199.000	2.789
2200.000	2.788
2201.000	2.787
2202.000	2.787
2203.000	2.786
2204.000	2.786
2205.000	2.786
2206.000	2.785
2207.000	2.785
2208.000	2.784
2209.000	2.784
2210.000	2.783
2211.000	2.782
2212.000	2.782
2213.000	2.781
2214.000	2.781
2215.000	2.780
2216.000	2.780
2217.000	2.780
2218.000	2.779
2219.000	2.779
2220.000	2.778
2221.000	2.778
2222.000	2.777
2223.000	2.776
2224.000	2.776
2225.000	2.775
2226.000	2.775
2227.000	2.775
2228.000	2.774
2229.000	2.774
2230.000	2.773
2231.000	2.773
2232.000	2.772
2233.000	2.771
2234.000	2.771
2235.000	2.770
2236.000	2.770
2237.000	2.769
2238.000	2.769
2239.000	2.769
2240.000	2.768
2241.000	2.768
2242.000	2.767
2243.000	2.767
2244.000	2.766
2245.000	2.765
2246.000	2.765
2247.000	2.764
2248.000	2.764
2249.000	2.764
2250.000	2.763
2251.000	2.763
2252.000	2.762
2253.000	2.762
2254.000	2.761
2255.000	2.761
2256.000	2.760
2257.000	2.759
2258.000	2.759
2259.000	2.758
2260.000	2.758
2261.000	2.758
2262.000	2.757
2263.000	2.757
2264.000	2.756
2265.000	2.756
2266.000	2.755
2267.000	2.755
2268.000	2.754
2269.000	2.754
2270.000	2.753
2271.000	2.753
2272.000	2.753
2273.000	2.752
2274.000	2.752
2275.000	2.751
2276.000	2.751
2277.000	2.750
2278.000	2.750
2279.000	2.749
2280.000	2.749
2281.000	2.749
2282.000	2.748
2283.000	2.748
2284.000	2.748
2285.000	2.747
2286.000	2.747
2287.000	2.746
2288.000	2.746
2289.000	2.745
2290.000	2.745
2291.000	2.744
2292.000	2.744
2293.000	2.743
2294.000	2.743
2295.000	2.743
2296.000	2.742
2297.000	2.742
2298.000	2.742
2299.000	2.741
2300.000	2.741
2301.000	2.740
2302.000	2.740
2303.000	2.739
2304.000	2.739
2305.000	2.739
2306.000	2.739
2307.000	2.738
2308.000	2.738
2309.000	2.737
2310.000	2.737
2311.000	2.736
2312.000	2.736
2313.000	2.736
2314.000	2.735
2315.000	2.735
2316.000	2.735
2317.000	2.734
2318.000	2.734
2319.000	2.733
2320.000	2.733
2321.000	2.733
2322.000	2.732
2323.000	2.732
2324.000	2.731
2325.000	2.731
2326.000	2.731
2327.000	2.731
2328.000	2.730
2329.000	2.730
2330.000	2.729
2331.000	2.729
2332.000	2.728
2333.000	2.728
2334.000	2.728
2335.000	2.727
2336.000	2.727
2337.000	2.726
2338.000	2.726
2339.000	2.726
2340.000	2.726
2341.000	2.725
2342.000	2.725
2343.000	2.724
2344.000	2.724
2345.000	2.723
2346.000	2.723
2347.000	2.723
2348.000	2.722
2349.000	2.722
2350.000	2.722
2351.000	2.721
2352.000	2.721
2353.000	2.721
2354.000	2.720
2355.000	2.720
2356.000	2.719
2357.000	2.719
2358.000	2.719
2359.000	2.718
2360.000	2.718
2361.000	2.718
2362.000	2.718
2363.000	2.717
2364.000	2.717
2365.000	2.717
2366.000	2.717
2367.000	2.716
2368.000	2.716
2369.000	2.716
2370.000	2.716
2371.000	2.715
2372.000	2.715
2373.000	2.715
2374.000	2.715
2375.000	2.715
2376.000	2.714
2377.000	2.714
2378.000	2.714
2379.000	2.714
2380.000	2.713
2381.000	2.713
2382.000	2.713
2383.000	2.713
2384.000	2.713
2385.000	2.712
2386.000	2.712
2387.000	2.712
2388.000	2.712
2389.000	2.711
2390.000	2.711
2391.000	2.711
2392.000	2.711
2393.000	2.710
2394.000	2.710
2395.000	2.710
2396.000	2.710
2397.000	2.710
2398.000	2.709
2399.000	2.709
2400.000	2.709
2401.000	2.709
2402.000	2.708
2403.000	2.708
2404.000	2.708
2405.000	2.708
2406.000	2.708
2407.000	2.707
2408.000	2.707
2409.000	2.707
2410.000	2.707
2411.000	2.706
2412.000	2.706
2413.000	2.706
2414.000	2.706
2415.000	2.706
2416.000	2.705
2417.000	2.705
2418.000	2.705
2419.000	2.705
2420.000	2.705
2421.000	2.704
2422.000	2.704
2423.000	2.704
2424.000	2.704
2425.000	2.703
2426.000	2.703
2427.000	2.703
2428.000	2.703
2429.000	2.703
2430.000	2.702
2431.000	2.702
2432.000	2.702
2433.000	2.702
2434.000	2.701
2435.000	2.701
2436.000	2.701
2437.000	2.701
2438.000	2.700
2439.000	2.700
2440.000	2.700
2441.000	2.700
2442.000	2.700
2443.000	2.699
2444.000	2.699
2445.000	2.698
2446.000	2.698
2447.000	2.698
2448.000	2.697
2449.000	2.697
2450.000	2.697
2451.000	2.697
2452.000	2.696
2453.000	2.696
2454.000	2.695
2455.000	2.695
2456.000	2.695
2457.000	2.694
2458.000	2.694
2459.000	2.694
2460.000	2.693
2461.000	2.693
2462.000	2.693
2463.000	2.693
2464.000	2.692
2465.000	2.692
2466.000	2.691
2467.000	2.691
2468.000	2.691
2469.000	2.690
2470.000	2.690
2471.000	2.690
2472.000	2.690
2473.000	2.689
2474.000	2.689
2475.000	2.688
2476.000	2.688
2477.000	2.688
2478.000	2.688
2479.000	2.687
2480.000	2.687
2481.000	2.687
2482.000	2.687
2483.000	2.687
2484.000	2.687
2485.000	2.686
2486.000	2.686
2487.000	2.686
2488.000	2.686
2489.000	2.685
2490.000	2.685
2491.000	2.685
2492.000	2.685
2493.000	2.684
2494.000	2.684
2495.000	2.684
2496.000	2.684
2497.000	2.684
2498.000	2.684
2499.000	2.683
2500.000	2.683
2501.000	2.683
2502.000	2.683
2503.000	2.682
2504.000	2.682
2505.000	2.682
2506.000	2.682
2507.000	2.682
2508.000	2.682
2509.000	2.681
2510.000	2.681
2511.000	2.681
2512.000	2.681
2513.000	2.680
2514.000	2.680
2515.000	2.680
2516.000	2.680
2517.000	2.680
2518.000	2.680
2519.000	2.679
2520.000	2.679
2521.000	2.679
2522.000	2.679
2523.000	2.678
2524.000	2.678
2525.000	2.678
2526.000	2.678
2527.000	2.677
2528.000	2.677
2529.000	2.677
2530.000	2.677
2531.000	2.676
2532.000	2.676
2533.000	2.676
2534.000	2.675
2535.000	2.675
2536.000	2.675
2537.000	2.674
2538.000	2.674
2539.000	2.674
2540.000	2.674
2541.000	2.673
2542.000	2.673
2543.000	2.673
2544.000	2.672
2545.000	2.672
2546.000	2.672
2547.000	2.672
2548.000	2.671
2549.000	2.671
2550.000	2.671
2551.000	2.671
2552.000	2.670
2553.000	2.670
2554.000	2.670
2555.000	2.669
2556.000	2.669
2557.000	2.669
2558.000	2.668
2559.000	2.668
2560.000	2.668
2561.000	2.667
2562.000	2.667
2563.000	2.667
2564.000	2.667
2565.000	2.666
2566.000	2.666
2567.000	2.666
2568.000	2.666
2569.000	2.665
2570.000	2.665
2571.000	2.665
2572.000	2.664
2573.000	2.664
2574.000	2.664
2575.000	2.664
2576.000	2.663
2577.000	2.663
2578.000	2.663
2579.000	2.663
2580.000	2.662
2581.000	2.662
2582.000	2.662
2583.000	2.661
2584.000	2.661
2585.000	2.661
2586.000	2.661
2587.000	2.660
2588.000	2.660
2589.000	2.660
2590.000	2.659
2591.000	2.659
2592.000	2.659
2593.000	2.659
2594.000	2.658
2595.000	2.658
2596.000	2.658
2597.000	2.658
2598.000	2.657
2599.000	2.657
2600.000	2.657
2601.000	2.656
2602.000	2.656
2603.000	2.656
2604.000	2.656
2605.000	2.655
2606.000	2.655
2607.000	2.655
2608.000	2.655
2609.000	2.654
2610.000	2.654
2611.000	2.654
2612.000	2.653
2613.000	2.653
2614.000	2.653
2615.000	2.653
2616.000	2.652
2617.000	2.652
2618.000	2.652
2619.000	2.652
2620.000	2.651
2621.000	2.651
2622.000	2.651
2623.000	2.650
2624.000	2.650
2625.000	2.650
2626.000	2.649
2627.000	2.649
2628.000	2.649
2629.000	2.649
2630.000	2.648
2631.000	2.648
2632.000	2.648
2633.000	2.647
2634.000	2.647
2635.000	2.647
2636.000	2.646
2637.000	2.646
2638.000	2.646
2639.000	2.645
2640.000	2.645
2641.000	2.645
2642.000	2.645
2643.000	2.644
2644.000	2.644
2645.000	2.644
2646.000	2.643
2647.000	2.643
2648.000	2.643
2649.000	2.643
2650.000	2.642
2651.000	2.642
2652.000	2.642
2653.000	2.642
2654.000	2.642
2655.000	2.641
2656.000	2.641
2657.000	2.641
2658.000	2.641
2659.000	2.640
2660.000	2.640
2661.000	2.640
2662.000	2.640
2663.000	2.640
2664.000	2.639
2665.000	2.639
2666.000	2.639
2667.000	2.638
2668.000	2.638
2669.000	2.638
2670.000	2.637
2671.000	2.637
2672.000	2.637
2673.000	2.637
2674.000	2.636
2675.000	2.636
2676.000	2.636
2677.000	2.635
2678.000	2.635
2679.000	2.635
2680.000	2.634
2681.000	2.634
2682.000	2.633
2683.000	2.633
2684.000	2.633
2685.000	2.633
2686.000	2.632
2687.000	2.632
2688.000	2.632
2689.000	2.631
2690.000	2.631
2691.000	2.631
2692.000	2.630
2693.000	2.630
2694.000	2.630
2695.000	2.629
2696.000	2.629
2697.000	2.629
2698.000	2.628
2699.000	2.628
2700.000	2.628
2701.000	2.627
2702.000	2.627
2703.000	2.627
2704.000	2.626
2705.000	2.626
2706.000	2.626
2707.000	2.626
2708.000	2.625
2709.000	2.625
2710.000	2.625
2711.000	2.624
2712.000	2.624
2713.000	2.624
2714.000	2.623
2715.000	2.623
2716.000	2.622
2717.000	2.622
2718.000	2.622
2719.000	2.622
2720.000	2.621
2721.000	2.621
2722.000	2.621
2723.000	2.620
2724.000	2.620
2725.000	2.620
2726.000	2.619
2727.000	2.619
2728.000	2.619
2729.000	2.619
2730.000	2.618
2731.000	2.618
2732.000	2.618
2733.000	2.617
2734.000	2.617
2735.000	2.617
2736.000	2.616
2737.000	2.616
2738.000	2.615
2739.000	2.615
2740.000	2.615
2741.000	2.615
2742.000	2.614
2743.000	2.614
2744.000	2.614
2745.000	2.613
2746.000	2.613
2747.000	2.613
2748.000	2.612
2749.000	2.612
2750.000	2.612
2751.000	2.612
2752.000	2.611
2753.000	2.611
2754.000	2.611
2755.000	2.610
2756.000	2.610
2757.000	2.610
2758.000	2.609
2759.000	2.609
2760.000	2.609
2761.000	2.608
2762.000	2.608
2763.000	2.608
2764.000	2.607
2765.000	2.607
2766.000	2.607
2767.000	2.606
2768.000	2.606
2769.000	2.606
2770.000	2.605
2771.000	2.605
2772.000	2.605
2773.000	2.604
2774.000	2.604
2775.000	2.604
2776.000	2.604
2777.000	2.603
2778.000	2.603
2779.000	2.603
2780.000	2.602
2781.000	2.602
2782.000	2.602
2783.000	2.601
2784.000	2.601
2785.000	2.601
2786.000	2.601
2787.000	2.600
2788.000	2.600
2789.000	2.600
2790.000	2.599
2791.000	2.599
2792.000	2.599
2793.000	2.598
2794.000	2.598
2795.000	2.597
2796.000	2.597
2797.000	2.597
2798.000	2.597
2799.000	2.596
2800.000	2.596
2801.000	2.596
2802.000	2.595
2803.000	2.595
2804.000	2.595
2805.000	2.594
2806.000	2.594
2807.000	2.594
2808.000	2.594
2809.000	2.593
2810.000	2.593
2811.000	2.593
2812.000	2.592
2813.000	2.592
2814.000	2.592
2815.000	2.591
2816.000	2.591
2817.000	2.591
2818.000	2.591
2819.000	2.590
2820.000	2.590
2821.000	2.590
2822.000	2.589
2823.000	2.589
2824.000	2.589
2825.000	2.588
2826.000	2.588
2827.000	2.588
2828.000	2.587
2829.000	2.587
2830.000	2.587
2831.000	2.587
2832.000	2.586
2833.000	2.586
2834.000	2.586
2835.000	2.585
2836.000	2.585
2837.000	2.585
2838.000	2.584
2839.000	2.584
2840.000	2.584
2841.000	2.584
2842.000	2.583
2843.000	2.583
2844.000	2.583
2845.000	2.582
2846.000	2.582
2847.000	2.581
2848.000	2.581
2849.000	2.581
2850.000	2.580
2851.000	2.580
2852.000	2.580
2853.000	2.580
2854.000	2.579
2855.000	2.579
2856.000	2.579
2857.000	2.578
2858.000	2.578
2859.000	2.578
2860.000	2.577
2861.000	2.577
2862.000	2.577
2863.000	2.577
2864.000	2.576
2865.000	2.576
2866.000	2.576
2867.000	2.575
2868.000	2.575
2869.000	2.575
2870.000	2.574
2871.000	2.574
2872.000	2.574
2873.000	2.573
2874.000	2.573
2875.000	2.573
2876.000	2.573
2877.000	2.572
2878.000	2.572
2879.000	2.572
2880.000	2.571
2881.000	2.571
2882.000	2.571
2883.000	2.570
2884.000	2.570
2885.000	2.570
2886.000	2.570
2887.000	2.569
2888.000	2.569
2889.000	2.569
2890.000	2.568
2891.000	2.568
2892.000	2.568
2893.000	2.567
2894.000	2.567
2895.000	2.567
2896.000	2.567
2897.000	2.566
2898.000	2.566
2899.000	2.566
2900.000	2.565
2901.000	2.565
2902.000	2.565
2903.000	2.564
2904.000	2.564
2905.000	2.564
2906.000	2.563
2907.000	2.563
2908.000	2.563
2909.000	2.563
2910.000	2.562
2911.000	2.562
2912.000	2.562
2913.000	2.561
2914.000	2.561
2915.000	2.561
2916.000	2.561
2917.000	2.560
2918.000	2.560
2919.000	2.560
2920.000	2.560
2921.000	2.559
2922.000	2.559
2923.000	2.559
2924.000	2.558
2925.000	2.558
2926.000	2.558
2927.000	2.557
2928.000	2.557
2929.000	2.557
2930.000	2.557
2931.000	2.556
2932.000	2.556
2933.000	2.556
2934.000	2.555
2935.000	2.555
2936.000	2.555
2937.000	2.554
2938.000	2.554
2939.000	2.554
2940.000	2.553
2941.000	2.553
2942.000	2.553
2943.000	2.553
2944.000	2.552
2945.000	2.552
2946.000	2.552
2947.000	2.551
2948.000	2.551
2949.000	2.551
2950.000	2.550
2951.000	2.550
2952.000	2.550
2953.000	2.550
2954.000	2.549
2955.000	2.549
2956.000	2.549
2957.000	2.549
2958.000	2.548
2959.000	2.548
2960.000	2.548
2961.000	2.548
2962.000	2.548
2963.000	2.548
2964.000	2.547
2965.000	2.547
2966.000	2.547
2967.000	2.547
2968.000	2.546
2969.000	2.546
2970.000	2.546
2971.000	2.546
2972.000	2.546
2973.000	2.545
2974.000	2.545
2975.000	2.545
2976.000	2.545
2977.000	2.545
2978.000	2.544
2979.000	2.544
2980.000	2.544
2981.000	2.544
2982.000	2.544
2983.000	2.543
2984.000	2.543
2985.000	2.543
2986.000	2.543
2987.000	2.543
2988.000	2.542
2989.000	2.542
2990.000	2.542
2991.000	2.542
2992.000	2.542
2993.000	2.541
2994.000	2.541
2995.000	2.541
2996.000	2.541
2997.000	2.541
2998.000	2.540
2999.000	2.540
3000.000	2.540
3001.000	2.540
3002.000	2.540
3003.000	2.539
3004.000	2.539
3005.000	2.539
3006.000	2.539
3007.000	2.538
3008.000	2.538
3009.000	2.538
3010.000	2.538
3011.000	2.538
3012.000	2.538
3013.000	2.537
3014.000	2.537
3015.000	2.537
3016.000	2.537
3017.000	2.536
3018.000	2.536
3019.000	2.536
3020.000	2.536
3021.000	2.536
3022.000	2.536
3023.000	2.535
3024.000	2.535
3025.000	2.535
3026.000	2.535
3027.000	2.534
3028.000	2.534
3029.000	2.534
3030.000	2.534
3031.000	2.534
3032.000	2.534
3033.000	2.533
3034.000	2.533
3035.000	2.533
3036.000	2.533
3037.000	2.532
3038.000	2.532
3039.000	2.532
3040.000	2.532
3041.000	2.532
3042.000	2.532
3043.000	2.531
3044.000	2.531
3045.000	2.531
3046.000	2.531
3047.000	2.531
3048.000	2.530
3049.000	2.530
3050.000	2.530
3051.000	2.530
3052.000	2.529
3053.000	2.529
3054.000	2.529
3055.000	2.529
3056.000	2.529
3057.000	2.529
3058.000	2.529
3059.000	2.528
3060.000	2.528
3061.000	2.528
3062.000	2.528
3063.000	2.528
3064.000	2.528
3065.000	2.528
3066.000	2.528
3067.000	2.527
3068.000	2.527
3069.000	2.527
3070.000	2.527
3071.000	2.527
3072.000	2.527
3073.000	2.526
3074.000	2.526
3075.000	2.526
3076.000	2.526
3077.000	2.526
3078.000	2.526
3079.000	2.526
3080.000	2.525
3081.000	2.525
3082.000	2.525
3083.000	2.525
3084.000	2.525
3085.000	2.525
3086.000	2.525
3087.000	2.525
3088.000	2.524
3089.000	2.524
3090.000	2.524
3091.000	2.524
3092.000	2.524
3093.000	2.524
3094.000	2.523
3095.000	2.523
3096.000	2.523
3097.000	2.523
3098.000	2.523
3099.000	2.523
3100.000	2.523
3101.000	2.523
3102.000	2.522
3103.000	2.522
3104.000	2.522
3105.000	2.522
3106.000	2.522
3107.000	2.522
3108.000	2.522
3109.000	2.521
3110.000	2.521
3111.000	2.521
3112.000	2.521
3113.000	2.521
3114.000	2.521
3115.000	2.521
3116.000	2.520
3117.000	2.520
3118.000	2.520
3119.000	2.520
3120.000	2.520
3121.000	2.520
3122.000	2.520
3123.000	2.519
3124.000	2.519
3125.000	2.519
3126.000	2.519
3127.000	2.519
3128.000	2.519
3129.000	2.519
3130.000	2.518
3131.000	2.518
3132.000	2.518
3133.000	2.518
3134.000	2.518
3135.000	2.518
3136.000	2.518
3137.000	2.517
3138.000	2.517
3139.000	2.517
3140.000	2.517
3141.000	2.517
3142.000	2.517
3143.000	2.517
3144.000	2.517
3145.000	2.516
3146.000	2.516
3147.000	2.516
3148.000	2.516
3149.000	2.516
3150.000	2.516
3151.000	2.515
3152.000	2.515
3153.000	2.515
3154.000	2.515
3155.000	2.515
3156.000	2.515
3157.000	2.515
3158.000	2.515
3159.000	2.514
3160.000	2.514
3161.000	2.514
3162.000	2.514
3163.000	2.514
3164.000	2.514
3165.000	2.513
3166.000	2.513
3167.000	2.513
3168.000	2.513
3169.000	2.513
3170.000	2.513
3171.000	2.512
3172.000	2.512
3173.000	2.512
3174.000	2.512
3175.000	2.512
3176.000	2.512
3177.000	2.512
3178.000	2.512
3179.000	2.511
3180.000	2.511
3181.000	2.511
3182.000	2.511
3183.000	2.511
3184.000	2.511
3185.000	2.511
3186.000	2.510
3187.000	2.510
3188.000	2.510
3189.000	2.510
3190.000	2.510
3191.000	2.510
3192.000	2.510
3193.000	2.510
3194.000	2.509
3195.000	2.509
3196.000	2.509
3197.000	2.509
3198.000	2.509
3199.000	2.509
3200.000	2.509
3201.000	2.508
3202.000	2.508
3203.000	2.508
3204.000	2.508
3205.000	2.508
3206.000	2.508
3207.000	2.508
3208.000	2.507
3209.000	2.507
3210.000	2.507
3211.000	2.507
3212.000	2.507
3213.000	2.507
3214.000	2.507
3215.000	2.506
3216.000	2.506
3217.000	2.506
3218.000	2.506
3219.000	2.506
3220.000	2.506
3221.000	2.506
3222.000	2.505
3223.000	2.505
3224.000	2.505
3225.000	2.505
3226.000	2.505
3227.000	2.505
3228.000	2.505
3229.000	2.505
3230.000	2.505
3231.000	2.505
3232.000	2.505
3233.000	2.505
3234.000	2.504
3235.000	2.504
3236.000	2.504
3237.000	2.504
3238.000	2.504
3239.000	2.504
3240.000	2.504
3241.000	2.504
3242.000	2.504
3243.000	2.504
3244.000	2.504
3245.000	2.504
3246.000	2.504
3247.000	2.504
3248.000	2.503
3249.000	2.503
3250.000	2.503
3251.000	2.503
3252.000	2.503
3253.000	2.503
3254.000	2.503
3255.000	2.503
3256.000	2.503
3257.000	2.503
3258.000	2.503
3259.000	2.503
3260.000	2.503
3261.000	2.503
3262.000	2.502
3263.000	2.502
3264.000	2.502
3265.000	2.502
3266.000	2.502
3267.000	2.502
3268.000	2.502
3269.000	2.502
3270.000	2.502
3271.000	2.502
3272.000	2.502
3273.000	2.502
3274.000	2.502
3275.000	2.502
3276.000	2.502
3277.000	2.501
3278.000	2.501
3279.000	2.501
3280.000	2.501
3281.000	2.501
3282.000	2.501
3283.000	2.501
3284.000	2.501
3285.000	2.501
3286.000	2.501
3287.000	2.501
3288.000	2.501
3289.000	2.501
3290.000	2.501
3291.000	2.501
3292.000	2.500
3293.000	2.500
3294.000	2.500
3295.000	2.500
3296.000	2.500
3297.000	2.500
3298.000	2.500
3299.000	2.500
3300.000	2.500
3301.000	2.500
3302.000	2.500
3303.000	2.500
3304.000	2.500
3305.000	2.500
3306.000	2.499
3307.000	2.499
3308.000	2.499
3309.000	2.499
3310.000	2.499
3311.000	2.499
3312.000	2.499
3313.000	2.499
3314.000	2.499
3315.000	2.499
3316.000	2.499
3317.000	2.499
3318.000	2.499
3319.000	2.499
3320.000	2.499
3321.000	2.499
3322.000	2.498
3323.000	2.498
3324.000	2.498
3325.000	2.498
3326.000	2.498
3327.000	2.498
3328.000	2.498
3329.000	2.498
3330.000	2.498
3331.000	2.498
3332.000	2.498
3333.000	2.498
3334.000	2.498
3335.000	2.498
3336.000	2.497
3337.000	2.497
3338.000	2.497
3339.000	2.497
3340.000	2.497
3341.000	2.497
3342.000	2.497
3343.000	2.497
3344.000	2.497
3345.000	2.497
3346.000	2.497
3347.000	2.497
3348.000	2.496
3349.000	2.496
3350.000	2.496
3351.000	2.496
3352.000	2.496
3353.000	2.496
3354.000	2.496
3355.000	2.496
3356.000	2.496
3357.000	2.495
3358.000	2.495
3359.000	2.495
3360.000	2.495
3361.000	2.495
3362.000	2.495
3363.000	2.495
3364.000	2.495
3365.000	2.495
3366.000	2.494
3367.000	2.494
3368.000	2.494
3369.000	2.494
3370.000	2.494
3371.000	2.494
3372.000	2.494
3373.000	2.493
3374.000	2.493
3375.000	2.493
3376.000	2.493
3377.000	2.493
3378.000	2.493
3379.000	2.493
3380.000	2.493
3381.000	2.493
3382.000	2.492
3383.000	2.492
3384.000	2.492
3385.000	2.492
3386.000	2.492
3387.000	2.492
3388.000	2.492
3389.000	2.492
3390.000	2.492
3391.000	2.491
3392.000	2.491
3393.000	2.491
3394.000	2.491
3395.000	2.491
3396.000	2.491
3397.000	2.491
3398.000	2.491
3399.000	2.491
3400.000	2.490
3401.000	2.490
3402.000	2.490
3403.000	2.490
3404.000	2.490
3405.000	2.490
3406.000	2.490
3407.000	2.489
3408.000	2.489
3409.000	2.489
3410.000	2.489
3411.000	2.489
3412.000	2.489
3413.000	2.489
3414.000	2.489
3415.000	2.489
3416.000	2.488
3417.000	2.488
3418.000	2.488
3419.000	2.488
3420.000	2.488
3421.000	2.488
3422.000	2.488
3423.000	2.488
3424.000	2.488
3425.000	2.487
3426.000	2.487
3427.000	2.487
3428.000	2.487
3429.000	2.487
3430.000	2.487
3431.000	2.487
3432.000	2.487
3433.000	2.487
3434.000	2.486
3435.000	2.486
3436.000	2.486
3437.000	2.486
3438.000	2.486
3439.000	2.486
3440.000	2.486
3441.000	2.486
3442.000	2.485
3443.000	2.485
3444.000	2.485
3445.000	2.485
3446.000	2.485
3447.000	2.485
3448.000	2.485
3449.000	2.485
3450.000	2.485
3451.000	2.484
3452.000	2.484
3453.000	2.484
3454.000	2.484
3455.000	2.484
3456.000	2.484
3457.000	2.484
3458.000	2.484
3459.000	2.483
3460.000	2.483
3461.000	2.483
3462.000	2.483
3463.000	2.483
3464.000	2.483
3465.000	2.483
3466.000	2.483
3467.000	2.483
3468.000	2.482
3469.000	2.482
3470.000	2.482
3471.000	2.482
3472.000	2.482
3473.000	2.482
3474.000	2.482
3475.000	2.482
3476.000	2.481
3477.000	2.481
3478.000	2.481
3479.000	2.481
3480.000	2.481
3481.000	2.481
3482.000	2.481
3483.000	2.481
3484.000	2.481
3485.000	2.480
3486.000	2.480
3487.000	2.480
3488.000	2.480
3489.000	2.480
3490.000	2.480
3491.000	2.480
3492.000	2.480
3493.000	2.480
3494.000	2.479
3495.000	2.479
3496.000	2.479
3497.000	2.479
3498.000	2.479
3499.000	2.479
3500.000	2.479
3501.000	2.479
3502.000	2.479
3503.000	2.478
3504.000	2.478
3505.000	2.478
3506.000	2.478
3507.000	2.478
3508.000	2.478
3509.000	2.478
3510.000	2.478
3511.000	2.478
3512.000	2.477
3513.000	2.477
3514.000	2.477
3515.000	2.477
3516.000	2.477
3517.000	2.477
3518.000	2.477
3519.000	2.477
3520.000	2.476
3521.000	2.476
3522.000	2.476
3523.000	2.476
3524.000	2.476
3525.000	2.476
3526.000	2.476
3527.000	2.476
3528.000	2.476
3529.000	2.475
3530.000	2.475
3531.000	2.475
3532.000	2.475
3533.000	2.475
3534.000	2.475
3535.000	2.475
3536.000	2.475
3537.000	2.475
3538.000	2.474
3539.000	2.474
3540.000	2.474
3541.000	2.474
3542.000	2.474
3543.000	2.474
3544.000	2.474
3545.000	2.474
3546.000	2.474
3547.000	2.473
3548.000	2.473
3549.000	2.473
3550.000	2.473
3551.000	2.473
3552.000	2.473
3553.000	2.473
3554.000	2.473
3555.000	2.473
3556.000	2.472
3557.000	2.472
3558.000	2.472
3559.000	2.472
3560.000	2.472
3561.000	2.472
3562.000	2.472
3563.000	2.471
3564.000	2.471
3565.000	2.471
3566.000	2.471
3567.000	2.471
3568.000	2.471
3569.000	2.471
3570.000	2.471
3571.000	2.471
3572.000	2.470
3573.000	2.470
3574.000	2.470
3575.000	2.470
3576.000	2.470
3577.000	2.470
3578.000	2.470
3579.000	2.470
3580.000	2.469
3581.000	2.469
3582.000	2.469
3583.000	2.469
3584.000	2.469
3585.000	2.469
3586.000	2.469
3587.000	2.469
3588.000	2.469
3589.000	2.468
3590.000	2.468
3591.000	2.468
3592.000	2.468
3593.000	2.468
3594.000	2.468
3595.000	2.468
3596.000	2.468
3597.000	2.467
3598.000	2.467
3599.000	2.467
3600.000	2.467
3601.000	2.467
3602.000	2.467
3603.000	2.467
3604.000	2.467
3605.000	2.466
3606.000	2.466
3607.000	2.466
3608.000	2.466
3609.000	2.466
3610.000	2.466
3611.000	2.466
3612.000	2.466
3613.000	2.465
3614.000	2.465
3615.000	2.465
3616.000	2.465
3617.000	2.465
3618.000	2.465
3619.000	2.464
3620.000	2.464
3621.000	2.464
3622.000	2.464
3623.000	2.464
3624.000	2.464
3625.000	2.464
3626.000	2.464
3627.000	2.463
3628.000	2.463
3629.000	2.463
3630.000	2.463
3631.000	2.463
3632.000	2.462
3633.000	2.462
3634.000	2.462
3635.000	2.462
3636.000	2.462
3637.000	2.462
3638.000	2.461
3639.000	2.461
3640.000	2.461
3641.000	2.461
3642.000	2.460
3643.000	2.460
3644.000	2.460
3645.000	2.460
3646.000	2.460
3647.000	2.460
3648.000	2.459
3649.000	2.459
3650.000	2.459
3651.000	2.459
3652.000	2.459
3653.000	2.458
3654.000	2.458
3655.000	2.458
3656.000	2.458
3657.000	2.458
3658.000	2.457
3659.000	2.457
3660.000	2.457
3661.000	2.457
3662.000	2.457
3663.000	2.456
3664.000	2.456
3665.000	2.456
3666.000	2.456
3667.000	2.456
3668.000	2.455
3669.000	2.455
3670.000	2.455
3671.000	2.455
3672.000	2.455
3673.000	2.454
3674.000	2.454
3675.000	2.454
3676.000	2.454
3677.000	2.454
3678.000	2.454
3679.000	2.453
3680.000	2.453
3681.000	2.453
3682.000	2.453
3683.000	2.452
3684.000	2.452
3685.000	2.452
3686.000	2.452
3687.000	2.452
3688.000	2.451
3689.000	2.451
3690.000	2.451
3691.000	2.451
3692.000	2.451
3693.000	2.450
3694.000	2.450
3695.000	2.450
3696.000	2.450
3697.000	2.450
3698.000	2.449
3699.000	2.449
3700.000	2.449
3701.000	2.449
3702.000	2.449
3703.000	2.449
3704.000	2.448
3705.000	2.448
3706.000	2.448
3707.000	2.448
3708.000	2.448
3709.000	2.447
3710.000	2.447
3711.000	2.447
3712.000	2.447
3713.000	2.447
3714.000	2.447
3715.000	2.446
3716.000	2.446
3717.000	2.446
3718.000	2.446
3719.000	2.446
3720.000	2.445
3721.000	2.445
3722.000	2.445
3723.000	2.445
3724.000	2.445
3725.000	2.445
3726.000	2.444
3727.000	2.444
3728.000	2.444
3729.000	2.444
3730.000	2.444
3731.000	2.443
3732.000	2.443
3733.000	2.443
3734.000	2.443
3735.000	2.443
3736.000	2.442
3737.000	2.442
3738.000	2.442
3739.000	2.442
3740.000	2.442
3741.000	2.441
3742.000	2.441
3743.000	2.441
3744.000	2.441
3745.000	2.441
3746.000	2.441
3747.000	2.441
3748.000	2.441
3749.000	2.441
3750.000	2.441
3751.000	2.441
3752.000	2.441
3753.000	2.441
3754.000	2.441
3755.000	2.441
3756.000	2.441
3757.000	2.441
3758.000	2.441
3759.000	2.441
3760.000	2.441
3761.000	2.441
3762.000	2.441
3763.000	2.441
3764.000	2.441
3765.000	2.441
3766.000	2.441
3767.000	2.441
3768.000	2.441
3769.000	2.441
3770.000	2.441
3771.000	2.441
3772.000	2.441
3773.000	2.441
3774.000	2.441
3775.000	2.441
3776.000	2.441
3777.000	2.441
3778.000	2.441
3779.000	2.441
3780.000	2.441
3781.000	2.441
3782.000	2.441
3783.000	2.441
3784.000	2.441
3785.000	2.441
3786.000	2.441
3787.000	2.441
3788.000	2.441
3789.000	2.441
3790.000	2.441
3791.000	2.441
3792.000	2.441
3793.000	2.441
3794.000	2.441
3795.000	2.441
3796.000	2.441
3797.000	2.441
3798.000	2.441
3799.000	2.441
3800.000	2.441
3801.000	2.441
3802.000	2.441
3803.000	2.441
3804.000	2.441
3805.000	2.441
3806.000	2.441
3807.000	2.441
3808.000	2.441
3809.000	2.441
3810.000	2.441
3811.000	2.441
3812.000	2.441
3813.000	2.441
3814.000	2.441
3815.000	2.441
3816.000	2.441
3817.000	2.441
3818.000	2.441
3819.000	2.441
3820.000	2.441
3821.000	2.441
3822.000	2.441
3823.000	2.441
3824.000	2.441
3825.000	2.441
3826.000	2.441
3827.000	2.441
3828.000	2.441
3829.000	2.441
3830.000	2.441
3831.000	2.441
3832.000	2.441
3833.000	2.441
3834.000	2.441
3835.000	2.441
3836.000	2.441
3837.000	2.441
3838.000	2.441
3839.000	2.441
3840.000	2.441
3841.000	2.441
3842.000	2.441
3843.000	2.441
3844.000	2.441
3845.000	2.441
3846.000	2.441
3847.000	2.441
3848.000	2.441
3849.000	2.441
3850.000	2.441
3851.000	2.441
3852.000	2.441
3853.000	2.441
3854.000	2.441
3855.000	2.441
3856.000	2.441
3857.000	2.441
3858.000	2.441
3859.000	2.441
3860.000	2.441
3861.000	2.441
3862.000	2.441
3863.000	2.441
3864.000	2.441
3865.000	2.441
3866.000	2.441
3867.000	2.441
3868.000	2.441
3869.000	2.441
3870.000	2.441
3871.000	2.441
3872.000	2.435
3873.000	2.435
3874.000	2.435
3875.000	2.435
3876.000	2.435
3877.000	2.435
3878.000	2.435
3879.000	2.435
3880.000	2.435
3881.000	2.435
3882.000	2.435
3883.000	2.435
3884.000	2.435
3885.000	2.435
3886.000	2.435
3887.000	2.435
3888.000	2.435
3889.000	2.435
3890.000	2.435
3891.000	2.435
3892.000	2.435
3893.000	2.435
3894.000	2.435
3895.000	2.435
3896.000	2.435
3897.000	2.435
3898.000	2.435
3899.000	2.435
3900.000	2.435
3901.000	2.435
3902.000	2.435
3903.000	2.435
3904.000	2.435
3905.000	2.435
3906.000	2.435
3907.000	2.435
3908.000	2.435
3909.000	2.435
3910.000	2.435
3911.000	2.435
3912.000	2.435
3913.000	2.435
3914.000	2.435
3915.000	2.435
3916.000	2.435
3917.000	2.435
3918.000	2.435
3919.000	2.435
3920.000	2.435
3921.000	2.435
3922.000	2.435
3923.000	2.435
3924.000	2.435
3925.000	2.435
3926.000	2.435
3927.000	2.435
3928.000	2.435
3929.000	2.435
3930.000	2.435
3931.000	2.435
3932.000	2.435
3933.000	2.435
3934.000	2.435
3935.000	2.435
3936.000	2.416
3937.000	2.416
3938.000	2.416
3939.000	2.416
3940.000	2.416
3941.000	2.416
3942.000	2.416
3943.000	2.416
3944.000	2.416
3945.000	2.416
3946.000	2.416
3947.000	2.416
3948.000	2.416
3949.000	2.416
3950.000	2.416
3951.000	2.416
3952.000	2.416
3953.000	2.416
3954.000	2.416
3955.000	2.416
3956.000	2.416
3957.000	2.416
3958.000	2.416
3959.000	2.416
3960.000	2.416
3961.000	2.416
3962.000	2.416
3963.000	2.416
3964.000	2.416
3965.000	2.416
3966.000	2.416
3967.000	2.416
3968.000	2.416
3969.000	2.368
3970.000	2.368
3971.000	2.368
3972.000	2.368
3973.000	2.368
3974.000	2.368
3975.000	2.368
3976.000	2.368
3977.000	2.368
3978.000	2.368
3979.000	2.368
3980.000	2.368
3981.000	2.368
3982.000	2.368
3983.000	2.368
3984.000	2.368
3985.000	2.368
3986.000	2.368
3987.000	2.368
3988.000	2.368
3989.000	2.368
3990.000	2.368
3991.000	2.368
3992.000	2.368
3993.000	2.368
3994.000	2.368
3995.000	2.368
3996.000	2.368
3997.000	2.368
3998.000	2.368
3999.000	2.368
4000.000	2.368
4001.000	2.368
4002.000	2.368
4003.000	2.368
4004.000	2.368
4005.000	2.368
4006.000	2.368
4007.000	2.368
4008.000	2.368
4009.000	2.368
4010.000	2.368
4011.000	2.368
4012.000	2.368
4013.000	2.368
4014.000	2.368
4015.000	2.368
4016.000	2.368
4017.000	2.368
4018.000	2.368
4019.000	2.368
4020.000	2.368
4021.000	2.368
4022.000	2.368
4023.000	2.368
4024.000	2.368
4025.000	2.368
4026.000	2.368
4027.000	2.368
4028.000	2.368
4029.000	2.368
4030.000	2.368
4031.000	2.368
4032.000	2.368
4033.000	2.368
4034.000	2.368
4035.000	2.368
4036.000	2.368
4037.000	2.368
4038.000	2.368
4039.000	2.368
4040.000	2.368
4041.000	2.368
4042.000	2.368
4043.000	2.368
4044.000	2.368
4045.000	2.368
4046.000	2.368
4047.000	2.368
4048.000	2.368
4049.000	2.368
4050.000	2.368
4051.000	2.368
4052.000	2.368
4053.000	2.368
4054.000	2.368
4055.000	2.368
4056.000	2.368
4057.000	2.368
4058.000	2.368
4059.000	2.368
4060.000	2.368
4061.000	2.368
4062.000	2.368
4063.000	2.368
4064.000	2.362
4065.000	2.362
4066.000	2.362
4067.000	2.362
4068.000	2.362
4069.000	2.362
4070.000	2.356
4071.000	2.356
4072.000	2.356
4073.000	2.356
4074.000	2.356
4075.000	2.356
4076.000	2.356
4077.000	2.356
4078.000	2.356
4079.000	2.356
4080.000	2.356
4081.000	2.356
4082.000	2.356
4083.000	2.356
4084.000	2.356
4085.000	2.356
4086.000	2.356
4087.000	2.356
4088.000	2.356
4089.000	2.341
4090.000	2.312
4091.000	2.312
4092.000	2.312
4093.000	2.312
4094.000	2.312
4095.000	2.312
