0.000	17.755
1.000	17.754
2.000	17.752
3.000	17.751
4.000	17.749
5.000	17.747
6.000	17.746
7.000	17.744
8.000	17.743
9.000	17.741
10.000	17.740
11.000	17.738
12.000	17.737
13.000	17.735
14.000	17.734
15.000	17.732
16.000	17.730
17.000	17.729
18.000	17.727
19.000	17.726
20.000	17.724
21.000	17.722
22.000	17.721
23.000	17.719
24.000	17.717
25.000	17.716
26.000	17.714
27.000	17.713
28.000	17.711
29.000	17.709
30.000	17.708
31.000	17.706
32.000	17.705
33.000	17.703
34.000	17.701
35.000	17.700
36.000	17.698
37.000	17.696
38.000	17.695
39.000	17.693
40.000	17.692
41.000	17.690
42.000	17.688
43.000	17.687
44.000	17.685
45.000	17.683
46.000	17.682
47.000	17.680
48.000	17.679
49.000	17.677
50.000	17.675
51.000	17.674
52.000	17.672
53.000	17.671
54.000	17.669
55.000	17.668
56.000	17.666
57.000	17.665
58.000	17.663
59.000	17.661
60.000	17.660
61.000	17.658
62.000	17.657
63.000	17.655
64.000	17.653
65.000	17.651
66.000	17.648
67.000	17.646
68.000	17.644
69.000	17.642
70.000	17.639
71.000	17.637
72.000	17.635
73.000	17.633
74.000	17.631
75.000	17.628
76.000	17.625
77.000	17.622
78.000	17.619
79.000	17.616
80.000	17.613
81.000	17.610
82.000	17.607
83.000	17.604
84.000	17.603
85.000	17.600
86.000	17.597
87.000	17.594
88.000	17.590
89.000	17.586
90.000	17.582
91.000	17.579
92.000	17.575
93.000	17.570
94.000	17.565
95.000	17.560
96.000	17.559
97.000	17.554
98.000	17.549
99.000	17.544
100.000	17.539
101.000	17.534
102.000	17.529
103.000	17.523
104.000	17.518
105.000	17.512
106.000	17.506
107.000	17.504
108.000	17.498
109.000	17.493
110.000	17.486
111.000	17.480
112.000	17.473
113.000	17.466
114.000	17.460
115.000	17.452
116.000	17.445
117.000	17.438
118.000	17.437
119.000	17.428
120.000	17.420
121.000	17.412
122.000	17.404
123.000	17.396
124.000	17.387
125.000	17.378
126.000	17.369
127.000	17.360
128.000	17.350
129.000	17.346
130.000	17.336
131.000	17.326
132.000	17.314
133.000	17.303
134.000	17.291
135.000	17.278
136.000	17.265
137.000	17.253
138.000	17.239
139.000	17.226
140.000	17.224
141.000	17.211
142.000	17.196
143.000	17.182
144.000	17.167
145.000	17.153
146.000	17.138
147.000	17.122
148.000	17.105
149.000	17.088
150.000	17.070
151.000	17.068
152.000	17.050
153.000	17.031
154.000	17.011
155.000	16.991
156.000	16.971
157.000	16.950
158.000	16.929
159.000	16.907
160.000	16.885
161.000	16.863
162.000	16.840
163.000	16.825
164.000	16.801
165.000	16.777
166.000	16.752
167.000	16.726
168.000	16.701
169.000	16.675
170.000	16.650
171.000	16.625
172.000	16.600
173.000	16.576
174.000	16.519
175.000	16.491
176.000	16.463
177.000	16.435
178.000	16.408
179.000	16.379
180.000	16.351
181.000	16.322
182.000	16.293
183.000	16.263
184.000	16.234
185.000	16.213
186.000	16.184
187.000	16.154
188.000	16.123
189.000	16.092
190.000	16.060
191.000	16.028
192.000	15.996
193.000	15.963
194.000	15.930
195.000	15.895
196.000	15.894
197.000	15.859
198.000	15.825
199.000	15.791
200.000	15.757
201.000	15.721
202.000	15.686
203.000	15.650
204.000	15.614
205.000	15.578
206.000	15.541
207.000	15.541
208.000	15.504
209.000	15.467
210.000	15.431
211.000	15.394
212.000	15.358
213.000	15.322
214.000	15.286
215.000	15.250
216.000	15.213
217.000	15.177
218.000	15.039
219.000	15.003
220.000	14.966
221.000	14.930
222.000	14.894
223.000	14.857
224.000	14.820
225.000	14.783
226.000	14.746
227.000	14.709
228.000	14.673
229.000	14.638
230.000	14.625
231.000	14.590
232.000	14.556
233.000	14.520
234.000	14.485
235.000	14.449
236.000	14.413
237.000	14.376
238.000	14.340
239.000	14.304
240.000	14.267
241.000	14.266
242.000	14.232
243.000	14.198
244.000	14.164
245.000	14.130
246.000	14.096
247.000	14.062
248.000	14.028
249.000	13.994
250.000	13.961
251.000	13.928
252.000	13.886
253.000	13.854
254.000	13.819
255.000	13.784
256.000	13.750
257.000	13.718
258.000	13.685
259.000	13.653
260.000	13.622
261.000	13.592
262.000	13.560
263.000	13.539
264.000	13.508
265.000	13.477
266.000	13.446
267.000	13.415
268.000	13.385
269.000	13.353
270.000	13.322
271.000	13.291
272.000	13.260
273.000	13.230
274.000	13.230
275.000	13.200
276.000	13.170
277.000	13.141
278.000	13.111
279.000	13.082
280.000	13.053
281.000	13.025
282.000	12.996
283.000	12.968
284.000	12.940
285.000	12.904
286.000	12.876
287.000	12.849
288.000	12.821
289.000	12.793
290.000	12.766
291.000	12.738
292.000	12.711
293.000	12.685
294.000	12.659
295.000	12.632
296.000	12.632
297.000	12.606
298.000	12.581
299.000	12.555
300.000	12.530
301.000	12.504
302.000	12.479
303.000	12.454
304.000	12.429
305.000	12.404
306.000	12.380
307.000	12.355
308.000	12.352
309.000	12.327
310.000	12.303
311.000	12.278
312.000	12.254
313.000	12.230
314.000	12.205
315.000	12.182
316.000	12.158
317.000	12.134
318.000	12.109
319.000	12.093
320.000	12.068
321.000	12.044
322.000	12.021
323.000	11.997
324.000	11.973
325.000	11.949
326.000	11.924
327.000	11.900
328.000	11.876
329.000	11.852
330.000	11.806
331.000	11.782
332.000	11.758
333.000	11.734
334.000	11.710
335.000	11.685
336.000	11.662
337.000	11.640
338.000	11.616
339.000	11.593
340.000	11.569
341.000	11.566
342.000	11.542
343.000	11.517
344.000	11.493
345.000	11.469
346.000	11.444
347.000	11.420
348.000	11.397
349.000	11.373
350.000	11.349
351.000	11.325
352.000	11.288
353.000	11.265
354.000	11.242
355.000	11.219
356.000	11.197
357.000	11.174
358.000	11.150
359.000	11.127
360.000	11.104
361.000	11.082
362.000	11.059
363.000	11.056
364.000	11.033
365.000	11.010
366.000	10.987
367.000	10.964
368.000	10.941
369.000	10.918
370.000	10.895
371.000	10.872
372.000	10.850
373.000	10.828
374.000	10.805
375.000	10.802
376.000	10.779
377.000	10.756
378.000	10.734
379.000	10.711
380.000	10.690
381.000	10.668
382.000	10.646
383.000	10.625
384.000	10.603
385.000	10.579
386.000	10.540
387.000	10.517
388.000	10.493
389.000	10.470
390.000	10.447
391.000	10.425
392.000	10.402
393.000	10.380
394.000	10.357
395.000	10.333
396.000	10.310
397.000	10.279
398.000	10.256
399.000	10.233
400.000	10.209
401.000	10.187
402.000	10.164
403.000	10.140
404.000	10.117
405.000	10.095
406.000	10.072
407.000	10.049
408.000	10.016
409.000	9.993
410.000	9.970
411.000	9.946
412.000	9.923
413.000	9.900
414.000	9.877
415.000	9.853
416.000	9.830
417.000	9.807
418.000	9.784
419.000	9.747
420.000	9.724
421.000	9.701
422.000	9.677
423.000	9.654
424.000	9.631
425.000	9.608
426.000	9.584
427.000	9.561
428.000	9.538
429.000	9.515
430.000	9.512
431.000	9.489
432.000	9.466
433.000	9.442
434.000	9.419
435.000	9.396
436.000	9.373
437.000	9.350
438.000	9.327
439.000	9.305
440.000	9.283
441.000	9.260
442.000	9.195
443.000	9.173
444.000	9.151
445.000	9.129
446.000	9.107
447.000	9.085
448.000	9.063
449.000	9.041
450.000	9.019
451.000	8.997
452.000	8.976
453.000	8.951
454.000	8.929
455.000	8.908
456.000	8.887
457.000	8.865
458.000	8.844
459.000	8.823
460.000	8.802
461.000	8.782
462.000	8.761
463.000	8.740
464.000	8.710
465.000	8.690
466.000	8.669
467.000	8.648
468.000	8.627
469.000	8.607
470.000	8.587
471.000	8.566
472.000	8.546
473.000	8.526
474.000	8.506
475.000	8.470
476.000	8.449
477.000	8.429
478.000	8.409
479.000	8.389
480.000	8.369
481.000	8.350
482.000	8.330
483.000	8.311
484.000	8.291
485.000	8.271
486.000	8.270
487.000	8.250
488.000	8.230
489.000	8.211
490.000	8.191
491.000	8.170
492.000	8.150
493.000	8.130
494.000	8.112
495.000	8.094
496.000	8.076
497.000	8.043
498.000	8.024
499.000	8.006
500.000	7.987
501.000	7.969
502.000	7.951
503.000	7.933
504.000	7.915
505.000	7.898
506.000	7.880
507.000	7.863
508.000	7.862
509.000	7.844
510.000	7.828
511.000	7.811
512.000	7.794
513.000	7.777
514.000	7.760
515.000	7.744
516.000	7.727
517.000	7.710
518.000	7.693
519.000	7.677
520.000	7.675
521.000	7.659
522.000	7.643
523.000	7.627
524.000	7.612
525.000	7.596
526.000	7.581
527.000	7.565
528.000	7.550
529.000	7.535
530.000	7.519
531.000	7.518
532.000	7.503
533.000	7.488
534.000	7.474
535.000	7.459
536.000	7.444
537.000	7.430
538.000	7.416
539.000	7.401
540.000	7.387
541.000	7.373
542.000	7.338
543.000	7.324
544.000	7.311
545.000	7.297
546.000	7.284
547.000	7.271
548.000	7.258
549.000	7.245
550.000	7.233
551.000	7.220
552.000	7.208
553.000	7.206
554.000	7.194
555.000	7.182
556.000	7.170
557.000	7.158
558.000	7.146
559.000	7.134
560.000	7.122
561.000	7.110
562.000	7.099
563.000	7.088
564.000	7.087
565.000	7.075
566.000	7.064
567.000	7.054
568.000	7.043
569.000	7.033
570.000	7.022
571.000	7.012
572.000	7.002
573.000	6.992
574.000	6.982
575.000	6.981
576.000	6.970
577.000	6.960
578.000	6.950
579.000	6.939
580.000	6.929
581.000	6.919
582.000	6.910
583.000	6.900
584.000	6.890
585.000	6.880
586.000	6.871
587.000	6.848
588.000	6.839
589.000	6.830
590.000	6.821
591.000	6.811
592.000	6.802
593.000	6.793
594.000	6.785
595.000	6.775
596.000	6.767
597.000	6.758
598.000	6.756
599.000	6.748
600.000	6.739
601.000	6.731
602.000	6.722
603.000	6.713
604.000	6.705
605.000	6.697
606.000	6.689
607.000	6.681
608.000	6.673
609.000	6.671
610.000	6.663
611.000	6.655
612.000	6.647
613.000	6.640
614.000	6.632
615.000	6.625
616.000	6.617
617.000	6.610
618.000	6.603
619.000	6.596
620.000	6.561
621.000	6.554
622.000	6.547
623.000	6.540
624.000	6.532
625.000	6.525
626.000	6.519
627.000	6.512
628.000	6.505
629.000	6.499
630.000	6.492
631.000	6.491
632.000	6.484
633.000	6.477
634.000	6.470
635.000	6.463
636.000	6.457
637.000	6.450
638.000	6.444
639.000	6.437
640.000	6.431
641.000	6.425
642.000	6.387
643.000	6.380
644.000	6.374
645.000	6.368
646.000	6.362
647.000	6.356
648.000	6.350
649.000	6.344
650.000	6.338
651.000	6.331
652.000	6.326
653.000	6.320
654.000	6.320
655.000	6.314
656.000	6.309
657.000	6.303
658.000	6.297
659.000	6.292
660.000	6.286
661.000	6.280
662.000	6.275
663.000	6.270
664.000	6.264
665.000	6.264
666.000	6.259
667.000	6.254
668.000	6.249
669.000	6.243
670.000	6.238
671.000	6.233
672.000	6.228
673.000	6.223
674.000	6.218
675.000	6.213
676.000	6.213
677.000	6.208
678.000	6.203
679.000	6.198
680.000	6.193
681.000	6.188
682.000	6.182
683.000	6.177
684.000	6.172
685.000	6.167
686.000	6.162
687.000	6.162
688.000	6.157
689.000	6.152
690.000	6.147
691.000	6.142
692.000	6.137
693.000	6.132
694.000	6.126
695.000	6.121
696.000	6.116
697.000	6.111
698.000	6.101
699.000	6.096
700.000	6.091
701.000	6.086
702.000	6.081
703.000	6.076
704.000	6.071
705.000	6.066
706.000	6.061
707.000	6.056
708.000	6.051
709.000	6.051
710.000	6.046
711.000	6.040
712.000	6.035
713.000	6.030
714.000	6.025
715.000	6.019
716.000	6.014
717.000	6.008
718.000	6.003
719.000	5.997
720.000	5.997
721.000	5.992
722.000	5.987
723.000	5.982
724.000	5.977
725.000	5.972
726.000	5.968
727.000	5.963
728.000	5.958
729.000	5.953
730.000	5.948
731.000	5.943
732.000	5.896
733.000	5.891
734.000	5.886
735.000	5.881
736.000	5.876
737.000	5.871
738.000	5.867
739.000	5.863
740.000	5.858
741.000	5.854
742.000	5.849
743.000	5.849
744.000	5.845
745.000	5.840
746.000	5.836
747.000	5.832
748.000	5.827
749.000	5.823
750.000	5.818
751.000	5.814
752.000	5.810
753.000	5.805
754.000	5.805
755.000	5.801
756.000	5.797
757.000	5.792
758.000	5.788
759.000	5.783
760.000	5.779
761.000	5.774
762.000	5.770
763.000	5.766
764.000	5.761
765.000	5.761
766.000	5.757
767.000	5.753
768.000	5.749
769.000	5.744
770.000	5.740
771.000	5.736
772.000	5.731
773.000	5.727
774.000	5.723
775.000	5.718
776.000	5.718
777.000	5.714
778.000	5.710
779.000	5.705
780.000	5.701
781.000	5.697
782.000	5.692
783.000	5.688
784.000	5.684
785.000	5.680
786.000	5.676
787.000	5.676
788.000	5.671
789.000	5.667
790.000	5.663
791.000	5.659
792.000	5.655
793.000	5.651
794.000	5.647
795.000	5.643
796.000	5.640
797.000	5.636
798.000	5.632
799.000	5.631
800.000	5.627
801.000	5.623
802.000	5.620
803.000	5.616
804.000	5.612
805.000	5.608
806.000	5.604
807.000	5.600
808.000	5.596
809.000	5.592
810.000	5.584
811.000	5.581
812.000	5.577
813.000	5.573
814.000	5.569
815.000	5.565
816.000	5.561
817.000	5.557
818.000	5.553
819.000	5.549
820.000	5.545
821.000	5.545
822.000	5.541
823.000	5.537
824.000	5.533
825.000	5.530
826.000	5.526
827.000	5.522
828.000	5.518
829.000	5.514
830.000	5.510
831.000	5.506
832.000	5.506
833.000	5.502
834.000	5.498
835.000	5.495
836.000	5.491
837.000	5.487
838.000	5.483
839.000	5.480
840.000	5.476
841.000	5.472
842.000	5.469
843.000	5.469
844.000	5.465
845.000	5.462
846.000	5.458
847.000	5.454
848.000	5.451
849.000	5.447
850.000	5.444
851.000	5.440
852.000	5.437
853.000	5.433
854.000	5.433
855.000	5.429
856.000	5.426
857.000	5.422
858.000	5.419
859.000	5.415
860.000	5.412
861.000	5.408
862.000	5.405
863.000	5.401
864.000	5.398
865.000	5.394
866.000	5.394
867.000	5.390
868.000	5.387
869.000	5.383
870.000	5.380
871.000	5.376
872.000	5.373
873.000	5.369
874.000	5.366
875.000	5.363
876.000	5.359
877.000	5.359
878.000	5.356
879.000	5.352
880.000	5.349
881.000	5.346
882.000	5.342
883.000	5.339
884.000	5.336
885.000	5.332
886.000	5.329
887.000	5.326
888.000	5.326
889.000	5.322
890.000	5.319
891.000	5.316
892.000	5.313
893.000	5.309
894.000	5.306
895.000	5.303
896.000	5.300
897.000	5.296
898.000	5.293
899.000	5.275
900.000	5.271
901.000	5.268
902.000	5.265
903.000	5.261
904.000	5.258
905.000	5.255
906.000	5.252
907.000	5.248
908.000	5.245
909.000	5.242
910.000	5.242
911.000	5.238
912.000	5.235
913.000	5.232
914.000	5.229
915.000	5.226
916.000	5.223
917.000	5.219
918.000	5.216
919.000	5.213
920.000	5.210
921.000	5.210
922.000	5.207
923.000	5.204
924.000	5.200
925.000	5.197
926.000	5.194
927.000	5.191
928.000	5.188
929.000	5.185
930.000	5.182
931.000	5.179
932.000	5.176
933.000	5.176
934.000	5.173
935.000	5.169
936.000	5.166
937.000	5.163
938.000	5.160
939.000	5.157
940.000	5.154
941.000	5.151
942.000	5.148
943.000	5.145
944.000	5.145
945.000	5.142
946.000	5.138
947.000	5.135
948.000	5.132
949.000	5.129
950.000	5.126
951.000	5.123
952.000	5.120
953.000	5.117
954.000	5.115
955.000	5.093
956.000	5.090
957.000	5.087
958.000	5.084
959.000	5.081
960.000	5.078
961.000	5.075
962.000	5.072
963.000	5.069
964.000	5.066
965.000	5.063
966.000	5.058
967.000	5.055
968.000	5.052
969.000	5.049
970.000	5.046
971.000	5.043
972.000	5.041
973.000	5.038
974.000	5.035
975.000	5.032
976.000	5.029
977.000	5.029
978.000	5.026
979.000	5.023
980.000	5.020
981.000	5.017
982.000	5.014
983.000	5.011
984.000	5.008
985.000	5.005
986.000	5.002
987.000	4.999
988.000	4.990
989.000	4.987
990.000	4.984
991.000	4.981
992.000	4.978
993.000	4.975
994.000	4.972
995.000	4.969
996.000	4.966
997.000	4.963
998.000	4.960
999.000	4.960
1000.000	4.957
1001.000	4.954
1002.000	4.951
1003.000	4.948
1004.000	4.945
1005.000	4.942
1006.000	4.939
1007.000	4.936
1008.000	4.933
1009.000	4.930
1010.000	4.927
1011.000	4.910
1012.000	4.907
1013.000	4.904
1014.000	4.901
1015.000	4.898
1016.000	4.895
1017.000	4.892
1018.000	4.889
1019.000	4.887
1020.000	4.884
1021.000	4.881
1022.000	4.881
1023.000	4.878
1024.000	4.875
1025.000	4.873
1026.000	4.870
1027.000	4.867
1028.000	4.864
1029.000	4.861
1030.000	4.859
1031.000	4.856
1032.000	4.853
1033.000	4.853
1034.000	4.850
1035.000	4.847
1036.000	4.845
1037.000	4.842
1038.000	4.839
1039.000	4.836
1040.000	4.833
1041.000	4.830
1042.000	4.828
1043.000	4.825
1044.000	4.825
1045.000	4.822
1046.000	4.819
1047.000	4.816
1048.000	4.814
1049.000	4.811
1050.000	4.808
1051.000	4.805
1052.000	4.803
1053.000	4.800
1054.000	4.797
1055.000	4.797
1056.000	4.795
1057.000	4.792
1058.000	4.789
1059.000	4.786
1060.000	4.784
1061.000	4.781
1062.000	4.778
1063.000	4.776
1064.000	4.773
1065.000	4.770
1066.000	4.770
1067.000	4.768
1068.000	4.765
1069.000	4.762
1070.000	4.760
1071.000	4.757
1072.000	4.754
1073.000	4.752
1074.000	4.749
1075.000	4.747
1076.000	4.744
1077.000	4.742
1078.000	4.741
1079.000	4.739
1080.000	4.736
1081.000	4.734
1082.000	4.731
1083.000	4.729
1084.000	4.726
1085.000	4.724
1086.000	4.721
1087.000	4.719
1088.000	4.717
1089.000	4.716
1090.000	4.714
1091.000	4.712
1092.000	4.709
1093.000	4.707
1094.000	4.704
1095.000	4.702
1096.000	4.700
1097.000	4.697
1098.000	4.695
1099.000	4.693
1100.000	4.690
1101.000	4.688
1102.000	4.685
1103.000	4.683
1104.000	4.680
1105.000	4.678
1106.000	4.676
1107.000	4.673
1108.000	4.671
1109.000	4.668
1110.000	4.666
1111.000	4.655
1112.000	4.653
1113.000	4.651
1114.000	4.649
1115.000	4.646
1116.000	4.644
1117.000	4.642
1118.000	4.639
1119.000	4.637
1120.000	4.635
1121.000	4.632
1122.000	4.632
1123.000	4.630
1124.000	4.628
1125.000	4.625
1126.000	4.623
1127.000	4.621
1128.000	4.619
1129.000	4.616
1130.000	4.614
1131.000	4.612
1132.000	4.610
1133.000	4.609
1134.000	4.607
1135.000	4.605
1136.000	4.603
1137.000	4.600
1138.000	4.598
1139.000	4.596
1140.000	4.594
1141.000	4.591
1142.000	4.589
1143.000	4.587
1144.000	4.585
1145.000	4.584
1146.000	4.582
1147.000	4.580
1148.000	4.577
1149.000	4.575
1150.000	4.573
1151.000	4.571
1152.000	4.568
1153.000	4.566
1154.000	4.564
1155.000	4.562
1156.000	4.562
1157.000	4.559
1158.000	4.557
1159.000	4.555
1160.000	4.553
1161.000	4.551
1162.000	4.548
1163.000	4.546
1164.000	4.544
1165.000	4.542
1166.000	4.540
1167.000	4.540
1168.000	4.538
1169.000	4.536
1170.000	4.533
1171.000	4.531
1172.000	4.529
1173.000	4.526
1174.000	4.524
1175.000	4.522
1176.000	4.519
1177.000	4.517
1178.000	4.516
1179.000	4.514
1180.000	4.512
1181.000	4.510
1182.000	4.507
1183.000	4.505
1184.000	4.503
1185.000	4.501
1186.000	4.498
1187.000	4.496
1188.000	4.494
1189.000	4.494
1190.000	4.492
1191.000	4.489
1192.000	4.487
1193.000	4.485
1194.000	4.483
1195.000	4.481
1196.000	4.478
1197.000	4.476
1198.000	4.474
1199.000	4.472
1200.000	4.472
1201.000	4.469
1202.000	4.467
1203.000	4.465
1204.000	4.462
1205.000	4.460
1206.000	4.458
1207.000	4.456
1208.000	4.454
1209.000	4.452
1210.000	4.449
1211.000	4.449
1212.000	4.447
1213.000	4.445
1214.000	4.443
1215.000	4.440
1216.000	4.438
1217.000	4.436
1218.000	4.434
1219.000	4.432
1220.000	4.430
1221.000	4.427
1222.000	4.425
1223.000	4.425
1224.000	4.423
1225.000	4.421
1226.000	4.419
1227.000	4.417
1228.000	4.414
1229.000	4.412
1230.000	4.410
1231.000	4.408
1232.000	4.406
1233.000	4.404
1234.000	4.404
1235.000	4.402
1236.000	4.400
1237.000	4.398
1238.000	4.396
1239.000	4.394
1240.000	4.392
1241.000	4.390
1242.000	4.388
1243.000	4.386
1244.000	4.384
1245.000	4.384
1246.000	4.382
1247.000	4.380
1248.000	4.378
1249.000	4.376
1250.000	4.374
1251.000	4.372
1252.000	4.370
1253.000	4.368
1254.000	4.366
1255.000	4.364
1256.000	4.364
1257.000	4.362
1258.000	4.360
1259.000	4.358
1260.000	4.356
1261.000	4.354
1262.000	4.352
1263.000	4.351
1264.000	4.349
1265.000	4.347
1266.000	4.345
1267.000	4.345
1268.000	4.343
1269.000	4.341
1270.000	4.339
1271.000	4.337
1272.000	4.335
1273.000	4.333
1274.000	4.332
1275.000	4.330
1276.000	4.328
1277.000	4.326
1278.000	4.326
1279.000	4.324
1280.000	4.322
1281.000	4.321
1282.000	4.319
1283.000	4.317
1284.000	4.316
1285.000	4.314
1286.000	4.312
1287.000	4.310
1288.000	4.309
1289.000	4.307
1290.000	4.307
1291.000	4.305
1292.000	4.303
1293.000	4.302
1294.000	4.300
1295.000	4.298
1296.000	4.296
1297.000	4.295
1298.000	4.293
1299.000	4.291
1300.000	4.289
1301.000	4.289
1302.000	4.288
1303.000	4.286
1304.000	4.284
1305.000	4.283
1306.000	4.281
1307.000	4.280
1308.000	4.278
1309.000	4.277
1310.000	4.275
1311.000	4.274
1312.000	4.273
1313.000	4.272
1314.000	4.270
1315.000	4.268
1316.000	4.266
1317.000	4.265
1318.000	4.263
1319.000	4.261
1320.000	4.259
1321.000	4.257
1322.000	4.256
1323.000	4.256
1324.000	4.254
1325.000	4.252
1326.000	4.250
1327.000	4.248
1328.000	4.246
1329.000	4.245
1330.000	4.243
1331.000	4.241
1332.000	4.239
1333.000	4.237
1334.000	4.237
1335.000	4.235
1336.000	4.234
1337.000	4.232
1338.000	4.230
1339.000	4.228
1340.000	4.227
1341.000	4.225
1342.000	4.223
1343.000	4.221
1344.000	4.220
1345.000	4.219
1346.000	4.218
1347.000	4.216
1348.000	4.214
1349.000	4.213
1350.000	4.211
1351.000	4.209
1352.000	4.207
1353.000	4.206
1354.000	4.204
1355.000	4.203
1356.000	4.201
1357.000	4.201
1358.000	4.199
1359.000	4.197
1360.000	4.196
1361.000	4.194
1362.000	4.192
1363.000	4.190
1364.000	4.189
1365.000	4.187
1366.000	4.185
1367.000	4.183
1368.000	4.183
1369.000	4.181
1370.000	4.180
1371.000	4.178
1372.000	4.176
1373.000	4.175
1374.000	4.173
1375.000	4.171
1376.000	4.169
1377.000	4.168
1378.000	4.166
1379.000	4.166
1380.000	4.164
1381.000	4.162
1382.000	4.160
1383.000	4.158
1384.000	4.156
1385.000	4.155
1386.000	4.153
1387.000	4.151
1388.000	4.149
1389.000	4.147
1390.000	4.147
1391.000	4.146
1392.000	4.144
1393.000	4.142
1394.000	4.140
1395.000	4.138
1396.000	4.137
1397.000	4.135
1398.000	4.133
1399.000	4.131
1400.000	4.130
1401.000	4.129
1402.000	4.128
1403.000	4.126
1404.000	4.124
1405.000	4.123
1406.000	4.121
1407.000	4.119
1408.000	4.118
1409.000	4.116
1410.000	4.114
1411.000	4.113
1412.000	4.112
1413.000	4.111
1414.000	4.109
1415.000	4.107
1416.000	4.105
1417.000	4.104
1418.000	4.102
1419.000	4.100
1420.000	4.098
1421.000	4.096
1422.000	4.095
1423.000	4.095
1424.000	4.093
1425.000	4.091
1426.000	4.089
1427.000	4.087
1428.000	4.086
1429.000	4.084
1430.000	4.082
1431.000	4.080
1432.000	4.079
1433.000	4.077
1434.000	4.075
1435.000	4.075
1436.000	4.073
1437.000	4.072
1438.000	4.070
1439.000	4.068
1440.000	4.066
1441.000	4.065
1442.000	4.063
1443.000	4.061
1444.000	4.060
1445.000	4.058
1446.000	4.058
1447.000	4.056
1448.000	4.055
1449.000	4.053
1450.000	4.052
1451.000	4.050
1452.000	4.048
1453.000	4.047
1454.000	4.045
1455.000	4.044
1456.000	4.042
1457.000	4.042
1458.000	4.040
1459.000	4.039
1460.000	4.037
1461.000	4.036
1462.000	4.034
1463.000	4.033
1464.000	4.031
1465.000	4.029
1466.000	4.028
1467.000	4.026
1468.000	4.026
1469.000	4.025
1470.000	4.023
1471.000	4.022
1472.000	4.020
1473.000	4.019
1474.000	4.018
1475.000	4.016
1476.000	4.015
1477.000	4.013
1478.000	4.012
1479.000	4.012
1480.000	4.010
1481.000	4.009
1482.000	4.008
1483.000	4.006
1484.000	4.005
1485.000	4.004
1486.000	4.002
1487.000	4.001
1488.000	4.000
1489.000	3.998
1490.000	3.998
1491.000	3.997
1492.000	3.995
1493.000	3.994
1494.000	3.993
1495.000	3.991
1496.000	3.990
1497.000	3.989
1498.000	3.987
1499.000	3.986
1500.000	3.985
1501.000	3.983
1502.000	3.983
1503.000	3.982
1504.000	3.981
1505.000	3.979
1506.000	3.978
1507.000	3.977
1508.000	3.976
1509.000	3.974
1510.000	3.973
1511.000	3.972
1512.000	3.971
1513.000	3.971
1514.000	3.969
1515.000	3.968
1516.000	3.967
1517.000	3.966
1518.000	3.964
1519.000	3.963
1520.000	3.962
1521.000	3.961
1522.000	3.960
1523.000	3.958
1524.000	3.958
1525.000	3.957
1526.000	3.956
1527.000	3.955
1528.000	3.954
1529.000	3.953
1530.000	3.951
1531.000	3.950
1532.000	3.949
1533.000	3.948
1534.000	3.947
1535.000	3.947
1536.000	3.945
1537.000	3.944
1538.000	3.943
1539.000	3.942
1540.000	3.941
1541.000	3.940
1542.000	3.939
1543.000	3.937
1544.000	3.936
1545.000	3.935
1546.000	3.935
1547.000	3.934
1548.000	3.933
1549.000	3.931
1550.000	3.930
1551.000	3.929
1552.000	3.928
1553.000	3.927
1554.000	3.926
1555.000	3.925
1556.000	3.924
1557.000	3.923
1558.000	3.922
1559.000	3.921
1560.000	3.920
1561.000	3.919
1562.000	3.918
1563.000	3.917
1564.000	3.916
1565.000	3.915
1566.000	3.913
1567.000	3.912
1568.000	3.911
1569.000	3.911
1570.000	3.910
1571.000	3.909
1572.000	3.908
1573.000	3.907
1574.000	3.906
1575.000	3.905
1576.000	3.903
1577.000	3.902
1578.000	3.901
1579.000	3.900
1580.000	3.900
1581.000	3.899
1582.000	3.898
1583.000	3.897
1584.000	3.896
1585.000	3.895
1586.000	3.894
1587.000	3.893
1588.000	3.892
1589.000	3.891
1590.000	3.890
1591.000	3.890
1592.000	3.889
1593.000	3.888
1594.000	3.887
1595.000	3.885
1596.000	3.884
1597.000	3.883
1598.000	3.881
1599.000	3.880
1600.000	3.879
1601.000	3.878
1602.000	3.877
1603.000	3.876
1604.000	3.875
1605.000	3.874
1606.000	3.873
1607.000	3.872
1608.000	3.871
1609.000	3.870
1610.000	3.868
1611.000	3.867
1612.000	3.866
1613.000	3.866
1614.000	3.865
1615.000	3.864
1616.000	3.863
1617.000	3.862
1618.000	3.861
1619.000	3.860
1620.000	3.859
1621.000	3.858
1622.000	3.857
1623.000	3.856
1624.000	3.856
1625.000	3.855
1626.000	3.854
1627.000	3.853
1628.000	3.852
1629.000	3.851
1630.000	3.850
1631.000	3.849
1632.000	3.848
1633.000	3.847
1634.000	3.846
1635.000	3.845
1636.000	3.845
1637.000	3.844
1638.000	3.843
1639.000	3.842
1640.000	3.841
1641.000	3.840
1642.000	3.839
1643.000	3.838
1644.000	3.837
1645.000	3.836
1646.000	3.835
1647.000	3.834
1648.000	3.833
1649.000	3.832
1650.000	3.831
1651.000	3.830
1652.000	3.829
1653.000	3.828
1654.000	3.827
1655.000	3.826
1656.000	3.826
1657.000	3.825
1658.000	3.824
1659.000	3.824
1660.000	3.823
1661.000	3.822
1662.000	3.821
1663.000	3.820
1664.000	3.819
1665.000	3.819
1666.000	3.818
1667.000	3.817
1668.000	3.816
1669.000	3.816
1670.000	3.815
1671.000	3.814
1672.000	3.813
1673.000	3.813
1674.000	3.812
1675.000	3.811
1676.000	3.810
1677.000	3.810
1678.000	3.809
1679.000	3.808
1680.000	3.808
1681.000	3.807
1682.000	3.806
1683.000	3.806
1684.000	3.805
1685.000	3.804
1686.000	3.804
1687.000	3.803
1688.000	3.802
1689.000	3.801
1690.000	3.801
1691.000	3.801
1692.000	3.800
1693.000	3.799
1694.000	3.799
1695.000	3.798
1696.000	3.797
1697.000	3.797
1698.000	3.796
1699.000	3.795
1700.000	3.795
1701.000	3.794
1702.000	3.794
1703.000	3.793
1704.000	3.793
1705.000	3.792
1706.000	3.791
1707.000	3.791
1708.000	3.790
1709.000	3.789
1710.000	3.789
1711.000	3.788
1712.000	3.788
1713.000	3.787
1714.000	3.787
1715.000	3.786
1716.000	3.786
1717.000	3.785
1718.000	3.784
1719.000	3.784
1720.000	3.783
1721.000	3.783
1722.000	3.782
1723.000	3.782
1724.000	3.781
1725.000	3.781
1726.000	3.780
1727.000	3.780
1728.000	3.779
1729.000	3.779
1730.000	3.778
1731.000	3.778
1732.000	3.778
1733.000	3.777
1734.000	3.777
1735.000	3.776
1736.000	3.776
1737.000	3.775
1738.000	3.775
1739.000	3.774
1740.000	3.774
1741.000	3.774
1742.000	3.773
1743.000	3.773
1744.000	3.772
1745.000	3.772
1746.000	3.771
1747.000	3.771
1748.000	3.771
1749.000	3.770
1750.000	3.770
1751.000	3.769
1752.000	3.769
1753.000	3.769
1754.000	3.768
1755.000	3.768
1756.000	3.768
1757.000	3.767
1758.000	3.767
1759.000	3.767
1760.000	3.766
1761.000	3.766
1762.000	3.766
1763.000	3.765
1764.000	3.765
1765.000	3.765
1766.000	3.764
1767.000	3.764
1768.000	3.763
1769.000	3.763
1770.000	3.763
1771.000	3.763
1772.000	3.762
1773.000	3.762
1774.000	3.761
1775.000	3.761
1776.000	3.761
1777.000	3.760
1778.000	3.760
1779.000	3.760
1780.000	3.759
1781.000	3.759
1782.000	3.759
1783.000	3.758
1784.000	3.758
1785.000	3.758
1786.000	3.757
1787.000	3.757
1788.000	3.757
1789.000	3.756
1790.000	3.756
1791.000	3.755
1792.000	3.755
1793.000	3.755
1794.000	3.755
1795.000	3.754
1796.000	3.754
1797.000	3.753
1798.000	3.753
1799.000	3.753
1800.000	3.752
1801.000	3.752
1802.000	3.752
1803.000	3.752
1804.000	3.751
1805.000	3.751
1806.000	3.750
1807.000	3.750
1808.000	3.750
1809.000	3.749
1810.000	3.749
1811.000	3.749
1812.000	3.748
1813.000	3.748
1814.000	3.748
1815.000	3.747
1816.000	3.747
1817.000	3.747
1818.000	3.746
1819.000	3.746
1820.000	3.745
1821.000	3.745
1822.000	3.744
1823.000	3.743
1824.000	3.741
1825.000	3.741
1826.000	3.740
1827.000	3.738
1828.000	3.737
1829.000	3.735
1830.000	3.734
1831.000	3.732
1832.000	3.731
1833.000	3.729
1834.000	3.728
1835.000	3.726
1836.000	3.726
1837.000	3.724
1838.000	3.723
1839.000	3.721
1840.000	3.720
1841.000	3.718
1842.000	3.717
1843.000	3.715
1844.000	3.714
1845.000	3.712
1846.000	3.711
1847.000	3.710
1848.000	3.709
1849.000	3.708
1850.000	3.706
1851.000	3.705
1852.000	3.703
1853.000	3.702
1854.000	3.700
1855.000	3.699
1856.000	3.697
1857.000	3.696
1858.000	3.695
1859.000	3.694
1860.000	3.693
1861.000	3.691
1862.000	3.690
1863.000	3.688
1864.000	3.687
1865.000	3.686
1866.000	3.684
1867.000	3.683
1868.000	3.681
1869.000	3.680
1870.000	3.680
1871.000	3.678
1872.000	3.677
1873.000	3.675
1874.000	3.674
1875.000	3.672
1876.000	3.671
1877.000	3.669
1878.000	3.668
1879.000	3.666
1880.000	3.665
1881.000	3.665
1882.000	3.663
1883.000	3.662
1884.000	3.660
1885.000	3.659
1886.000	3.657
1887.000	3.656
1888.000	3.654
1889.000	3.653
1890.000	3.652
1891.000	3.650
1892.000	3.650
1893.000	3.648
1894.000	3.647
1895.000	3.646
1896.000	3.644
1897.000	3.643
1898.000	3.641
1899.000	3.640
1900.000	3.638
1901.000	3.637
1902.000	3.635
1903.000	3.635
1904.000	3.634
1905.000	3.632
1906.000	3.631
1907.000	3.629
1908.000	3.628
1909.000	3.627
1910.000	3.625
1911.000	3.624
1912.000	3.622
1913.000	3.621
1914.000	3.621
1915.000	3.619
1916.000	3.618
1917.000	3.616
1918.000	3.615
1919.000	3.613
1920.000	3.612
1921.000	3.611
1922.000	3.609
1923.000	3.608
1924.000	3.606
1925.000	3.605
1926.000	3.605
1927.000	3.603
1928.000	3.602
1929.000	3.600
1930.000	3.599
1931.000	3.598
1932.000	3.596
1933.000	3.595
1934.000	3.593
1935.000	3.592
1936.000	3.590
1937.000	3.590
1938.000	3.589
1939.000	3.588
1940.000	3.586
1941.000	3.585
1942.000	3.584
1943.000	3.583
1944.000	3.581
1945.000	3.580
1946.000	3.579
1947.000	3.578
1948.000	3.578
1949.000	3.576
1950.000	3.575
1951.000	3.574
1952.000	3.573
1953.000	3.572
1954.000	3.570
1955.000	3.569
1956.000	3.568
1957.000	3.567
1958.000	3.566
1959.000	3.566
1960.000	3.564
1961.000	3.563
1962.000	3.562
1963.000	3.561
1964.000	3.560
1965.000	3.558
1966.000	3.557
1967.000	3.556
1968.000	3.555
1969.000	3.554
1970.000	3.554
1971.000	3.552
1972.000	3.551
1973.000	3.550
1974.000	3.549
1975.000	3.548
1976.000	3.546
1977.000	3.545
1978.000	3.544
1979.000	3.543
1980.000	3.542
1981.000	3.542
1982.000	3.540
1983.000	3.539
1984.000	3.538
1985.000	3.537
1986.000	3.536
1987.000	3.534
1988.000	3.533
1989.000	3.532
1990.000	3.531
1991.000	3.530
1992.000	3.529
1993.000	3.528
1994.000	3.527
1995.000	3.526
1996.000	3.525
1997.000	3.524
1998.000	3.523
1999.000	3.521
2000.000	3.520
2001.000	3.519
2002.000	3.518
2003.000	3.517
2004.000	3.517
2005.000	3.515
2006.000	3.514
2007.000	3.513
2008.000	3.512
2009.000	3.511
2010.000	3.510
2011.000	3.508
2012.000	3.507
2013.000	3.506
2014.000	3.505
2015.000	3.505
2016.000	3.504
2017.000	3.503
2018.000	3.501
2019.000	3.500
2020.000	3.499
2021.000	3.498
2022.000	3.497
2023.000	3.496
2024.000	3.494
2025.000	3.493
2026.000	3.493
2027.000	3.492
2028.000	3.491
2029.000	3.490
2030.000	3.488
2031.000	3.487
2032.000	3.486
2033.000	3.485
2034.000	3.484
2035.000	3.483
2036.000	3.482
2037.000	3.481
2038.000	3.480
2039.000	3.479
2040.000	3.478
2041.000	3.477
2042.000	3.476
2043.000	3.474
2044.000	3.473
2045.000	3.472
2046.000	3.471
2047.000	3.470
2048.000	3.470
2049.000	3.469
2050.000	3.467
2051.000	3.466
2052.000	3.465
2053.000	3.464
2054.000	3.463
2055.000	3.462
2056.000	3.461
2057.000	3.459
2058.000	3.458
2059.000	3.457
2060.000	3.457
2061.000	3.456
2062.000	3.455
2063.000	3.454
2064.000	3.452
2065.000	3.451
2066.000	3.450
2067.000	3.449
2068.000	3.447
2069.000	3.446
2070.000	3.444
2071.000	3.444
2072.000	3.443
2073.000	3.441
2074.000	3.439
2075.000	3.438
2076.000	3.436
2077.000	3.435
2078.000	3.433
2079.000	3.431
2080.000	3.430
2081.000	3.428
2082.000	3.428
2083.000	3.426
2084.000	3.425
2085.000	3.423
2086.000	3.422
2087.000	3.420
2088.000	3.419
2089.000	3.417
2090.000	3.415
2091.000	3.414
2092.000	3.412
2093.000	3.412
2094.000	3.411
2095.000	3.409
2096.000	3.407
2097.000	3.406
2098.000	3.404
2099.000	3.403
2100.000	3.401
2101.000	3.399
2102.000	3.398
2103.000	3.396
2104.000	3.396
2105.000	3.395
2106.000	3.393
2107.000	3.392
2108.000	3.390
2109.000	3.388
2110.000	3.387
2111.000	3.385
2112.000	3.384
2113.000	3.382
2114.000	3.381
2115.000	3.380
2116.000	3.379
2117.000	3.377
2118.000	3.376
2119.000	3.374
2120.000	3.373
2121.000	3.371
2122.000	3.370
2123.000	3.368
2124.000	3.367
2125.000	3.365
2126.000	3.365
2127.000	3.363
2128.000	3.362
2129.000	3.360
2130.000	3.359
2131.000	3.357
2132.000	3.356
2133.000	3.354
2134.000	3.352
2135.000	3.351
2136.000	3.349
2137.000	3.348
2138.000	3.348
2139.000	3.346
2140.000	3.345
2141.000	3.343
2142.000	3.342
2143.000	3.340
2144.000	3.338
2145.000	3.337
2146.000	3.335
2147.000	3.333
2148.000	3.331
2149.000	3.331
2150.000	3.330
2151.000	3.328
2152.000	3.326
2153.000	3.324
2154.000	3.323
2155.000	3.321
2156.000	3.319
2157.000	3.318
2158.000	3.316
2159.000	3.314
2160.000	3.314
2161.000	3.312
2162.000	3.311
2163.000	3.309
2164.000	3.307
2165.000	3.305
2166.000	3.304
2167.000	3.302
2168.000	3.300
2169.000	3.299
2170.000	3.297
2171.000	3.297
2172.000	3.295
2173.000	3.293
2174.000	3.291
2175.000	3.289
2176.000	3.288
2177.000	3.286
2178.000	3.284
2179.000	3.282
2180.000	3.280
2181.000	3.279
2182.000	3.278
2183.000	3.277
2184.000	3.275
2185.000	3.273
2186.000	3.271
2187.000	3.269
2188.000	3.268
2189.000	3.266
2190.000	3.264
2191.000	3.262
2192.000	3.260
2193.000	3.260
2194.000	3.259
2195.000	3.257
2196.000	3.255
2197.000	3.253
2198.000	3.251
2199.000	3.250
2200.000	3.248
2201.000	3.246
2202.000	3.244
2203.000	3.242
2204.000	3.241
2205.000	3.241
2206.000	3.239
2207.000	3.237
2208.000	3.235
2209.000	3.234
2210.000	3.232
2211.000	3.230
2212.000	3.229
2213.000	3.227
2214.000	3.226
2215.000	3.225
2216.000	3.225
2217.000	3.224
2218.000	3.223
2219.000	3.222
2220.000	3.221
2221.000	3.221
2222.000	3.220
2223.000	3.219
2224.000	3.218
2225.000	3.217
2226.000	3.216
2227.000	3.216
2228.000	3.215
2229.000	3.214
2230.000	3.213
2231.000	3.212
2232.000	3.211
2233.000	3.210
2234.000	3.209
2235.000	3.208
2236.000	3.208
2237.000	3.207
2238.000	3.207
2239.000	3.206
2240.000	3.205
2241.000	3.204
2242.000	3.203
2243.000	3.202
2244.000	3.201
2245.000	3.200
2246.000	3.199
2247.000	3.198
2248.000	3.197
2249.000	3.197
2250.000	3.196
2251.000	3.195
2252.000	3.194
2253.000	3.193
2254.000	3.192
2255.000	3.191
2256.000	3.190
2257.000	3.189
2258.000	3.188
2259.000	3.187
2260.000	3.187
2261.000	3.186
2262.000	3.185
2263.000	3.185
2264.000	3.184
2265.000	3.183
2266.000	3.182
2267.000	3.181
2268.000	3.180
2269.000	3.179
2270.000	3.178
2271.000	3.177
2272.000	3.177
2273.000	3.175
2274.000	3.174
2275.000	3.173
2276.000	3.172
2277.000	3.171
2278.000	3.170
2279.000	3.169
2280.000	3.168
2281.000	3.167
2282.000	3.166
2283.000	3.166
2284.000	3.165
2285.000	3.164
2286.000	3.163
2287.000	3.162
2288.000	3.160
2289.000	3.159
2290.000	3.158
2291.000	3.157
2292.000	3.156
2293.000	3.155
2294.000	3.155
2295.000	3.154
2296.000	3.152
2297.000	3.151
2298.000	3.150
2299.000	3.149
2300.000	3.148
2301.000	3.147
2302.000	3.146
2303.000	3.144
2304.000	3.143
2305.000	3.143
2306.000	3.142
2307.000	3.141
2308.000	3.140
2309.000	3.139
2310.000	3.138
2311.000	3.137
2312.000	3.135
2313.000	3.134
2314.000	3.133
2315.000	3.132
2316.000	3.132
2317.000	3.131
2318.000	3.130
2319.000	3.129
2320.000	3.128
2321.000	3.126
2322.000	3.125
2323.000	3.124
2324.000	3.123
2325.000	3.122
2326.000	3.121
2327.000	3.121
2328.000	3.119
2329.000	3.118
2330.000	3.117
2331.000	3.116
2332.000	3.115
2333.000	3.114
2334.000	3.112
2335.000	3.111
2336.000	3.110
2337.000	3.109
2338.000	3.108
2339.000	3.108
2340.000	3.106
2341.000	3.105
2342.000	3.104
2343.000	3.103
2344.000	3.102
2345.000	3.100
2346.000	3.099
2347.000	3.098
2348.000	3.097
2349.000	3.096
2350.000	3.011
2351.000	3.010
2352.000	3.008
2353.000	3.007
2354.000	3.006
2355.000	3.005
2356.000	3.004
2357.000	3.002
2358.000	3.001
2359.000	3.000
2360.000	2.999
2361.000	2.999
2362.000	2.998
2363.000	2.996
2364.000	2.995
2365.000	2.994
2366.000	2.993
2367.000	2.992
2368.000	2.990
2369.000	2.989
2370.000	2.988
2371.000	2.987
2372.000	2.987
2373.000	2.986
2374.000	2.984
2375.000	2.983
2376.000	2.982
2377.000	2.981
2378.000	2.980
2379.000	2.979
2380.000	2.977
2381.000	2.976
2382.000	2.975
2383.000	2.975
2384.000	2.974
2385.000	2.973
2386.000	2.971
2387.000	2.970
2388.000	2.969
2389.000	2.968
2390.000	2.967
2391.000	2.966
2392.000	2.964
2393.000	2.963
2394.000	2.963
2395.000	2.962
2396.000	2.961
2397.000	2.960
2398.000	2.959
2399.000	2.957
2400.000	2.956
2401.000	2.955
2402.000	2.954
2403.000	2.953
2404.000	2.952
2405.000	2.952
2406.000	2.950
2407.000	2.949
2408.000	2.948
2409.000	2.947
2410.000	2.946
2411.000	2.945
2412.000	2.943
2413.000	2.942
2414.000	2.941
2415.000	2.940
2416.000	2.939
2417.000	2.939
2418.000	2.938
2419.000	2.936
2420.000	2.935
2421.000	2.934
2422.000	2.933
2423.000	2.932
2424.000	2.931
2425.000	2.930
2426.000	2.928
2427.000	2.927
2428.000	2.927
2429.000	2.926
2430.000	2.925
2431.000	2.924
2432.000	2.922
2433.000	2.921
2434.000	2.920
2435.000	2.919
2436.000	2.918
2437.000	2.916
2438.000	2.915
2439.000	2.915
2440.000	2.914
2441.000	2.913
2442.000	2.912
2443.000	2.910
2444.000	2.909
2445.000	2.908
2446.000	2.907
2447.000	2.905
2448.000	2.904
2449.000	2.903
2450.000	2.903
2451.000	2.902
2452.000	2.900
2453.000	2.899
2454.000	2.898
2455.000	2.897
2456.000	2.895
2457.000	2.894
2458.000	2.893
2459.000	2.892
2460.000	2.890
2461.000	2.890
2462.000	2.889
2463.000	2.888
2464.000	2.887
2465.000	2.886
2466.000	2.884
2467.000	2.883
2468.000	2.882
2469.000	2.881
2470.000	2.879
2471.000	2.878
2472.000	2.878
2473.000	2.877
2474.000	2.876
2475.000	2.874
2476.000	2.873
2477.000	2.872
2478.000	2.871
2479.000	2.869
2480.000	2.868
2481.000	2.867
2482.000	2.866
2483.000	2.865
2484.000	2.865
2485.000	2.863
2486.000	2.862
2487.000	2.861
2488.000	2.860
2489.000	2.858
2490.000	2.857
2491.000	2.856
2492.000	2.855
2493.000	2.854
2494.000	2.852
2495.000	2.852
2496.000	2.851
2497.000	2.850
2498.000	2.849
2499.000	2.847
2500.000	2.846
2501.000	2.845
2502.000	2.844
2503.000	2.843
2504.000	2.841
2505.000	2.840
2506.000	2.840
2507.000	2.839
2508.000	2.838
2509.000	2.837
2510.000	2.837
2511.000	2.836
2512.000	2.835
2513.000	2.834
2514.000	2.833
2515.000	2.832
2516.000	2.832
2517.000	2.832
2518.000	2.831
2519.000	2.830
2520.000	2.829
2521.000	2.828
2522.000	2.827
2523.000	2.827
2524.000	2.826
2525.000	2.825
2526.000	2.824
2527.000	2.823
2528.000	2.823
2529.000	2.823
2530.000	2.822
2531.000	2.821
2532.000	2.820
2533.000	2.819
2534.000	2.818
2535.000	2.817
2536.000	2.817
2537.000	2.816
2538.000	2.815
2539.000	2.815
2540.000	2.814
2541.000	2.813
2542.000	2.812
2543.000	2.811
2544.000	2.811
2545.000	2.810
2546.000	2.809
2547.000	2.808
2548.000	2.807
2549.000	2.806
2550.000	2.805
2551.000	2.805
2552.000	2.804
2553.000	2.803
2554.000	2.803
2555.000	2.802
2556.000	2.801
2557.000	2.800
2558.000	2.799
2559.000	2.798
2560.000	2.797
2561.000	2.796
2562.000	2.796
2563.000	2.795
2564.000	2.795
2565.000	2.794
2566.000	2.793
2567.000	2.792
2568.000	2.791
2569.000	2.790
2570.000	2.789
2571.000	2.788
2572.000	2.787
2573.000	2.787
2574.000	2.786
2575.000	2.785
2576.000	2.784
2577.000	2.783
2578.000	2.782
2579.000	2.781
2580.000	2.780
2581.000	2.779
2582.000	2.778
2583.000	2.777
2584.000	2.777
2585.000	2.776
2586.000	2.775
2587.000	2.774
2588.000	2.773
2589.000	2.772
2590.000	2.771
2591.000	2.770
2592.000	2.769
2593.000	2.768
2594.000	2.767
2595.000	2.767
2596.000	2.765
2597.000	2.764
2598.000	2.763
2599.000	2.762
2600.000	2.761
2601.000	2.761
2602.000	2.760
2603.000	2.759
2604.000	2.758
2605.000	2.757
2606.000	2.757
2607.000	2.756
2608.000	2.755
2609.000	2.754
2610.000	2.753
2611.000	2.752
2612.000	2.751
2613.000	2.750
2614.000	2.750
2615.000	2.749
2616.000	2.748
2617.000	2.748
2618.000	2.747
2619.000	2.746
2620.000	2.745
2621.000	2.744
2622.000	2.743
2623.000	2.742
2624.000	2.741
2625.000	2.739
2626.000	2.738
2627.000	2.737
2628.000	2.736
2629.000	2.736
2630.000	2.735
2631.000	2.734
2632.000	2.733
2633.000	2.733
2634.000	2.732
2635.000	2.731
2636.000	2.730
2637.000	2.729
2638.000	2.728
2639.000	2.727
2640.000	2.727
2641.000	2.726
2642.000	2.725
2643.000	2.724
2644.000	2.723
2645.000	2.722
2646.000	2.721
2647.000	2.721
2648.000	2.720
2649.000	2.719
2650.000	2.718
2651.000	2.718
2652.000	2.717
2653.000	2.716
2654.000	2.715
2655.000	2.714
2656.000	2.713
2657.000	2.712
2658.000	2.711
2659.000	2.710
2660.000	2.709
2661.000	2.709
2662.000	2.709
2663.000	2.708
2664.000	2.707
2665.000	2.706
2666.000	2.705
2667.000	2.704
2668.000	2.703
2669.000	2.702
2670.000	2.701
2671.000	2.700
2672.000	2.699
2673.000	2.699
2674.000	2.698
2675.000	2.697
2676.000	2.696
2677.000	2.696
2678.000	2.695
2679.000	2.694
2680.000	2.693
2681.000	2.692
2682.000	2.691
2683.000	2.690
2684.000	2.690
2685.000	2.689
2686.000	2.688
2687.000	2.687
2688.000	2.686
2689.000	2.685
2690.000	2.684
2691.000	2.683
2692.000	2.682
2693.000	2.682
2694.000	2.681
2695.000	2.680
2696.000	2.680
2697.000	2.679
2698.000	2.678
2699.000	2.677
2700.000	2.676
2701.000	2.675
2702.000	2.674
2703.000	2.674
2704.000	2.673
2705.000	2.672
2706.000	2.671
2707.000	2.671
2708.000	2.670
2709.000	2.669
2710.000	2.668
2711.000	2.667
2712.000	2.666
2713.000	2.665
2714.000	2.665
2715.000	2.664
2716.000	2.663
2717.000	2.662
2718.000	2.662
2719.000	2.661
2720.000	2.660
2721.000	2.659
2722.000	2.658
2723.000	2.658
2724.000	2.657
2725.000	2.656
2726.000	2.655
2727.000	2.654
2728.000	2.653
2729.000	2.653
2730.000	2.652
2731.000	2.651
2732.000	2.651
2733.000	2.650
2734.000	2.649
2735.000	2.648
2736.000	2.647
2737.000	2.646
2738.000	2.645
2739.000	2.644
2740.000	2.644
2741.000	2.644
2742.000	2.643
2743.000	2.642
2744.000	2.641
2745.000	2.640
2746.000	2.639
2747.000	2.638
2748.000	2.638
2749.000	2.637
2750.000	2.636
2751.000	2.636
2752.000	2.635
2753.000	2.635
2754.000	2.634
2755.000	2.633
2756.000	2.632
2757.000	2.631
2758.000	2.631
2759.000	2.630
2760.000	2.629
2761.000	2.628
2762.000	2.628
2763.000	2.628
2764.000	2.627
2765.000	2.626
2766.000	2.625
2767.000	2.625
2768.000	2.624
2769.000	2.623
2770.000	2.623
2771.000	2.622
2772.000	2.621
2773.000	2.621
2774.000	2.621
2775.000	2.620
2776.000	2.619
2777.000	2.619
2778.000	2.618
2779.000	2.617
2780.000	2.616
2781.000	2.616
2782.000	2.615
2783.000	2.614
2784.000	2.614
2785.000	2.614
2786.000	2.613
2787.000	2.612
2788.000	2.612
2789.000	2.611
2790.000	2.610
2791.000	2.610
2792.000	2.609
2793.000	2.608
2794.000	2.608
2795.000	2.607
2796.000	2.607
2797.000	2.606
2798.000	2.606
2799.000	2.605
2800.000	2.604
2801.000	2.604
2802.000	2.603
2803.000	2.602
2804.000	2.602
2805.000	2.601
2806.000	2.600
2807.000	2.600
2808.000	2.600
2809.000	2.599
2810.000	2.598
2811.000	2.598
2812.000	2.597
2813.000	2.596
2814.000	2.596
2815.000	2.595
2816.000	2.594
2817.000	2.594
2818.000	2.594
2819.000	2.593
2820.000	2.592
2821.000	2.592
2822.000	2.591
2823.000	2.590
2824.000	2.590
2825.000	2.589
2826.000	2.589
2827.000	2.588
2828.000	2.587
2829.000	2.587
2830.000	2.587
2831.000	2.586
2832.000	2.586
2833.000	2.585
2834.000	2.585
2835.000	2.584
2836.000	2.583
2837.000	2.583
2838.000	2.582
2839.000	2.582
2840.000	2.581
2841.000	2.581
2842.000	2.580
2843.000	2.580
2844.000	2.579
2845.000	2.579
2846.000	2.578
2847.000	2.578
2848.000	2.577
2849.000	2.576
2850.000	2.576
2851.000	2.575
2852.000	2.575
2853.000	2.575
2854.000	2.574
2855.000	2.573
2856.000	2.573
2857.000	2.572
2858.000	2.572
2859.000	2.571
2860.000	2.571
2861.000	2.570
2862.000	2.569
2863.000	2.569
2864.000	2.569
2865.000	2.568
2866.000	2.568
2867.000	2.567
2868.000	2.567
2869.000	2.566
2870.000	2.565
2871.000	2.565
2872.000	2.564
2873.000	2.564
2874.000	2.564
2875.000	2.563
2876.000	2.563
2877.000	2.562
2878.000	2.561
2879.000	2.561
2880.000	2.560
2881.000	2.560
2882.000	2.559
2883.000	2.559
2884.000	2.558
2885.000	2.558
2886.000	2.557
2887.000	2.557
2888.000	2.556
2889.000	2.556
2890.000	2.555
2891.000	2.555
2892.000	2.554
2893.000	2.553
2894.000	2.553
2895.000	2.552
2896.000	2.552
2897.000	2.552
2898.000	2.551
2899.000	2.551
2900.000	2.550
2901.000	2.549
2902.000	2.549
2903.000	2.548
2904.000	2.548
2905.000	2.547
2906.000	2.547
2907.000	2.546
2908.000	2.546
2909.000	2.545
2910.000	2.545
2911.000	2.544
2912.000	2.544
2913.000	2.543
2914.000	2.543
2915.000	2.542
2916.000	2.541
2917.000	2.541
2918.000	2.540
2919.000	2.540
2920.000	2.540
2921.000	2.539
2922.000	2.539
2923.000	2.538
2924.000	2.537
2925.000	2.537
2926.000	2.536
2927.000	2.536
2928.000	2.535
2929.000	2.535
2930.000	2.535
2931.000	2.534
2932.000	2.534
2933.000	2.533
2934.000	2.532
2935.000	2.532
2936.000	2.531
2937.000	2.531
2938.000	2.530
2939.000	2.530
2940.000	2.529
2941.000	2.529
2942.000	2.529
2943.000	2.528
2944.000	2.528
2945.000	2.527
2946.000	2.527
2947.000	2.526
2948.000	2.526
2949.000	2.525
2950.000	2.525
2951.000	2.524
2952.000	2.524
2953.000	2.524
2954.000	2.523
2955.000	2.523
2956.000	2.522
2957.000	2.522
2958.000	2.521
2959.000	2.521
2960.000	2.520
2961.000	2.520
2962.000	2.519
2963.000	2.519
2964.000	2.519
2965.000	2.518
2966.000	2.518
2967.000	2.517
2968.000	2.517
2969.000	2.516
2970.000	2.516
2971.000	2.515
2972.000	2.515
2973.000	2.515
2974.000	2.514
2975.000	2.514
2976.000	2.514
2977.000	2.513
2978.000	2.513
2979.000	2.512
2980.000	2.512
2981.000	2.511
2982.000	2.511
2983.000	2.510
2984.000	2.510
2985.000	2.509
2986.000	2.509
2987.000	2.509
2988.000	2.508
2989.000	2.508
2990.000	2.507
2991.000	2.507
2992.000	2.506
2993.000	2.506
2994.000	2.505
2995.000	2.505
2996.000	2.504
2997.000	2.504
2998.000	2.504
2999.000	2.503
3000.000	2.503
3001.000	2.502
3002.000	2.502
3003.000	2.501
3004.000	2.501
3005.000	2.500
3006.000	2.500
3007.000	2.499
3008.000	2.499
3009.000	2.499
3010.000	2.498
3011.000	2.498
3012.000	2.497
3013.000	2.497
3014.000	2.496
3015.000	2.496
3016.000	2.495
3017.000	2.495
3018.000	2.494
3019.000	2.494
3020.000	2.494
3021.000	2.493
3022.000	2.493
3023.000	2.492
3024.000	2.492
3025.000	2.491
3026.000	2.491
3027.000	2.490
3028.000	2.490
3029.000	2.489
3030.000	2.489
3031.000	2.489
3032.000	2.488
3033.000	2.487
3034.000	2.487
3035.000	2.486
3036.000	2.486
3037.000	2.485
3038.000	2.485
3039.000	2.484
3040.000	2.484
3041.000	2.483
3042.000	2.483
3043.000	2.483
3044.000	2.482
3045.000	2.482
3046.000	2.481
3047.000	2.481
3048.000	2.480
3049.000	2.480
3050.000	2.479
3051.000	2.479
3052.000	2.478
3053.000	2.478
3054.000	2.478
3055.000	2.477
3056.000	2.477
3057.000	2.476
3058.000	2.475
3059.000	2.475
3060.000	2.474
3061.000	2.474
3062.000	2.473
3063.000	2.473
3064.000	2.473
3065.000	2.472
3066.000	2.472
3067.000	2.471
3068.000	2.471
3069.000	2.470
3070.000	2.470
3071.000	2.469
3072.000	2.469
3073.000	2.468
3074.000	2.468
3075.000	2.468
3076.000	2.467
3077.000	2.467
3078.000	2.466
3079.000	2.465
3080.000	2.465
3081.000	2.464
3082.000	2.464
3083.000	2.463
3084.000	2.463
3085.000	2.462
3086.000	2.462
3087.000	2.462
3088.000	2.461
3089.000	2.461
3090.000	2.460
3091.000	2.460
3092.000	2.459
3093.000	2.459
3094.000	2.458
3095.000	2.458
3096.000	2.457
3097.000	2.457
3098.000	2.457
3099.000	2.456
3100.000	2.456
3101.000	2.455
3102.000	2.455
3103.000	2.454
3104.000	2.454
3105.000	2.453
3106.000	2.453
3107.000	2.453
3108.000	2.453
3109.000	2.452
3110.000	2.452
3111.000	2.451
3112.000	2.451
3113.000	2.450
3114.000	2.450
3115.000	2.449
3116.000	2.449
3117.000	2.449
3118.000	2.448
3119.000	2.448
3120.000	2.448
3121.000	2.447
3122.000	2.447
3123.000	2.446
3124.000	2.446
3125.000	2.445
3126.000	2.445
3127.000	2.445
3128.000	2.444
3129.000	2.444
3130.000	2.444
3131.000	2.444
3132.000	2.443
3133.000	2.443
3134.000	2.443
3135.000	2.442
3136.000	2.442
3137.000	2.442
3138.000	2.441
3139.000	2.441
3140.000	2.441
3141.000	2.440
3142.000	2.440
3143.000	2.440
3144.000	2.440
3145.000	2.439
3146.000	2.439
3147.000	2.439
3148.000	2.438
3149.000	2.438
3150.000	2.438
3151.000	2.437
3152.000	2.437
3153.000	2.437
3154.000	2.437
3155.000	2.436
3156.000	2.436
3157.000	2.436
3158.000	2.435
3159.000	2.435
3160.000	2.435
3161.000	2.434
3162.000	2.434
3163.000	2.434
3164.000	2.434
3165.000	2.434
3166.000	2.433
3167.000	2.433
3168.000	2.433
3169.000	2.432
3170.000	2.432
3171.000	2.432
3172.000	2.432
3173.000	2.431
3174.000	2.431
3175.000	2.431
3176.000	2.431
3177.000	2.431
3178.000	2.430
3179.000	2.430
3180.000	2.430
3181.000	2.430
3182.000	2.429
3183.000	2.429
3184.000	2.429
3185.000	2.429
3186.000	2.428
3187.000	2.428
3188.000	2.428
3189.000	2.428
3190.000	2.428
3191.000	2.427
3192.000	2.427
3193.000	2.427
3194.000	2.427
3195.000	2.426
3196.000	2.426
3197.000	2.426
3198.000	2.426
3199.000	2.425
3200.000	2.425
3201.000	2.425
3202.000	2.425
3203.000	2.424
3204.000	2.424
3205.000	2.424
3206.000	2.424
3207.000	2.423
3208.000	2.423
3209.000	2.423
3210.000	2.423
3211.000	2.423
3212.000	2.422
3213.000	2.422
3214.000	2.422
3215.000	2.422
3216.000	2.421
3217.000	2.421
3218.000	2.421
3219.000	2.421
3220.000	2.421
3221.000	2.420
3222.000	2.420
3223.000	2.420
3224.000	2.419
3225.000	2.419
3226.000	2.419
3227.000	2.418
3228.000	2.418
3229.000	2.418
3230.000	2.417
3231.000	2.417
3232.000	2.417
3233.000	2.417
3234.000	2.416
3235.000	2.416
3236.000	2.416
3237.000	2.415
3238.000	2.415
3239.000	2.415
3240.000	2.414
3241.000	2.414
3242.000	2.414
3243.000	2.414
3244.000	2.413
3245.000	2.413
3246.000	2.413
3247.000	2.412
3248.000	2.412
3249.000	2.412
3250.000	2.412
3251.000	2.411
3252.000	2.411
3253.000	2.411
3254.000	2.411
3255.000	2.410
3256.000	2.410
3257.000	2.410
3258.000	2.409
3259.000	2.409
3260.000	2.409
3261.000	2.409
3262.000	2.408
3263.000	2.408
3264.000	2.408
3265.000	2.408
3266.000	2.407
3267.000	2.407
3268.000	2.407
3269.000	2.407
3270.000	2.406
3271.000	2.406
3272.000	2.406
3273.000	2.406
3274.000	2.405
3275.000	2.405
3276.000	2.405
3277.000	2.405
3278.000	2.404
3279.000	2.404
3280.000	2.404
3281.000	2.404
3282.000	2.403
3283.000	2.403
3284.000	2.403
3285.000	2.403
3286.000	2.402
3287.000	2.402
3288.000	2.402
3289.000	2.402
3290.000	2.402
3291.000	2.401
3292.000	2.401
3293.000	2.401
3294.000	2.401
3295.000	2.400
3296.000	2.400
3297.000	2.400
3298.000	2.400
3299.000	2.400
3300.000	2.399
3301.000	2.399
3302.000	2.399
3303.000	2.398
3304.000	2.398
3305.000	2.398
3306.000	2.398
3307.000	2.397
3308.000	2.397
3309.000	2.397
3310.000	2.397
3311.000	2.396
3312.000	2.396
3313.000	2.396
3314.000	2.395
3315.000	2.395
3316.000	2.395
3317.000	2.395
3318.000	2.394
3319.000	2.394
3320.000	2.394
3321.000	2.394
3322.000	2.393
3323.000	2.393
3324.000	2.393
3325.000	2.393
3326.000	2.392
3327.000	2.392
3328.000	2.392
3329.000	2.391
3330.000	2.391
3331.000	2.391
3332.000	2.391
3333.000	2.390
3334.000	2.390
3335.000	2.390
3336.000	2.390
3337.000	2.389
3338.000	2.389
3339.000	2.389
3340.000	2.388
3341.000	2.388
3342.000	2.388
3343.000	2.388
3344.000	2.387
3345.000	2.387
3346.000	2.387
3347.000	2.386
3348.000	2.386
3349.000	2.386
3350.000	2.385
3351.000	2.385
3352.000	2.385
3353.000	2.384
3354.000	2.384
3355.000	2.384
3356.000	2.384
3357.000	2.383
3358.000	2.383
3359.000	2.383
3360.000	2.382
3361.000	2.382
3362.000	2.382
3363.000	2.382
3364.000	2.381
3365.000	2.381
3366.000	2.381
3367.000	2.381
3368.000	2.380
3369.000	2.380
3370.000	2.380
3371.000	2.379
3372.000	2.379
3373.000	2.379
3374.000	2.378
3375.000	2.378
3376.000	2.378
3377.000	2.378
3378.000	2.377
3379.000	2.377
3380.000	2.377
3381.000	2.376
3382.000	2.376
3383.000	2.376
3384.000	2.375
3385.000	2.375
3386.000	2.375
3387.000	2.375
3388.000	2.374
3389.000	2.374
3390.000	2.374
3391.000	2.374
3392.000	2.373
3393.000	2.373
3394.000	2.373
3395.000	2.372
3396.000	2.372
3397.000	2.372
3398.000	2.371
3399.000	2.371
3400.000	2.371
3401.000	2.371
3402.000	2.370
3403.000	2.370
3404.000	2.370
3405.000	2.369
3406.000	2.369
3407.000	2.369
3408.000	2.368
3409.000	2.368
3410.000	2.368
3411.000	2.368
3412.000	2.367
3413.000	2.367
3414.000	2.367
3415.000	2.367
3416.000	2.366
3417.000	2.366
3418.000	2.366
3419.000	2.365
3420.000	2.365
3421.000	2.365
3422.000	2.365
3423.000	2.364
3424.000	2.364
3425.000	2.364
3426.000	2.363
3427.000	2.363
3428.000	2.363
3429.000	2.362
3430.000	2.362
3431.000	2.362
3432.000	2.362
3433.000	2.361
3434.000	2.361
3435.000	2.361
3436.000	2.360
3437.000	2.360
3438.000	2.360
3439.000	2.360
3440.000	2.359
3441.000	2.359
3442.000	2.359
3443.000	2.359
3444.000	2.358
3445.000	2.358
3446.000	2.358
3447.000	2.357
3448.000	2.357
3449.000	2.357
3450.000	2.356
3451.000	2.356
3452.000	2.356
3453.000	2.355
3454.000	2.355
3455.000	2.355
3456.000	2.355
3457.000	2.355
3458.000	2.354
3459.000	2.354
3460.000	2.354
3461.000	2.353
3462.000	2.353
3463.000	2.353
3464.000	2.352
3465.000	2.352
3466.000	2.352
3467.000	2.352
3468.000	2.351
3469.000	2.351
3470.000	2.351
3471.000	2.350
3472.000	2.350
3473.000	2.350
3474.000	2.350
3475.000	2.349
3476.000	2.349
3477.000	2.349
3478.000	2.349
3479.000	2.348
3480.000	2.348
3481.000	2.348
3482.000	2.347
3483.000	2.347
3484.000	2.347
3485.000	2.346
3486.000	2.346
3487.000	2.346
3488.000	2.346
3489.000	2.345
3490.000	2.345
3491.000	2.345
3492.000	2.345
3493.000	2.344
3494.000	2.344
3495.000	2.344
3496.000	2.343
3497.000	2.343
3498.000	2.343
3499.000	2.343
3500.000	2.342
3501.000	2.342
3502.000	2.342
3503.000	2.341
3504.000	2.341
3505.000	2.341
3506.000	2.341
3507.000	2.340
3508.000	2.340
3509.000	2.340
3510.000	2.340
3511.000	2.339
3512.000	2.339
3513.000	2.339
3514.000	2.338
3515.000	2.338
3516.000	2.338
3517.000	2.337
3518.000	2.337
3519.000	2.337
3520.000	2.337
3521.000	2.337
3522.000	2.336
3523.000	2.336
3524.000	2.336
3525.000	2.335
3526.000	2.335
3527.000	2.335
3528.000	2.334
3529.000	2.334
3530.000	2.334
3531.000	2.333
3532.000	2.333
3533.000	2.333
3534.000	2.333
3535.000	2.333
3536.000	2.332
3537.000	2.332
3538.000	2.332
3539.000	2.331
3540.000	2.331
3541.000	2.331
3542.000	2.330
3543.000	2.330
3544.000	2.330
3545.000	2.330
3546.000	2.329
3547.000	2.329
3548.000	2.329
3549.000	2.329
3550.000	2.328
3551.000	2.328
3552.000	2.328
3553.000	2.327
3554.000	2.327
3555.000	2.327
3556.000	2.327
3557.000	2.326
3558.000	2.326
3559.000	2.326
3560.000	2.325
3561.000	2.325
3562.000	2.325
3563.000	2.325
3564.000	2.324
3565.000	2.324
3566.000	2.324
3567.000	2.324
3568.000	2.323
3569.000	2.323
3570.000	2.323
3571.000	2.322
3572.000	2.322
3573.000	2.322
3574.000	2.322
3575.000	2.321
3576.000	2.321
3577.000	2.321
3578.000	2.321
3579.000	2.320
3580.000	2.320
3581.000	2.320
3582.000	2.319
3583.000	2.319
3584.000	2.319
3585.000	2.318
3586.000	2.318
3587.000	2.318
3588.000	2.318
3589.000	2.318
3590.000	2.317
3591.000	2.317
3592.000	2.317
3593.000	2.316
3594.000	2.316
3595.000	2.316
3596.000	2.315
3597.000	2.315
3598.000	2.315
3599.000	2.315
3600.000	2.315
3601.000	2.314
3602.000	2.314
3603.000	2.314
3604.000	2.314
3605.000	2.313
3606.000	2.313
3607.000	2.313
3608.000	2.313
3609.000	2.312
3610.000	2.312
3611.000	2.312
3612.000	2.312
3613.000	2.311
3614.000	2.311
3615.000	2.311
3616.000	2.311
3617.000	2.310
3618.000	2.310
3619.000	2.310
3620.000	2.310
3621.000	2.309
3622.000	2.309
3623.000	2.309
3624.000	2.309
3625.000	2.309
3626.000	2.308
3627.000	2.308
3628.000	2.308
3629.000	2.307
3630.000	2.307
3631.000	2.307
3632.000	2.307
3633.000	2.307
3634.000	2.306
3635.000	2.306
3636.000	2.306
3637.000	2.306
3638.000	2.305
3639.000	2.305
3640.000	2.305
3641.000	2.305
3642.000	2.304
3643.000	2.304
3644.000	2.304
3645.000	2.304
3646.000	2.304
3647.000	2.303
3648.000	2.303
3649.000	2.303
3650.000	2.303
3651.000	2.302
3652.000	2.302
3653.000	2.302
3654.000	2.301
3655.000	2.301
3656.000	2.301
3657.000	2.301
3658.000	2.301
3659.000	2.300
3660.000	2.300
3661.000	2.300
3662.000	2.299
3663.000	2.299
3664.000	2.299
3665.000	2.299
3666.000	2.299
3667.000	2.298
3668.000	2.298
3669.000	2.298
3670.000	2.298
3671.000	2.297
3672.000	2.297
3673.000	2.297
3674.000	2.296
3675.000	2.296
3676.000	2.296
3677.000	2.296
3678.000	2.296
3679.000	2.295
3680.000	2.295
3681.000	2.295
3682.000	2.295
3683.000	2.294
3684.000	2.294
3685.000	2.294
3686.000	2.294
3687.000	2.293
3688.000	2.293
3689.000	2.293
3690.000	2.293
3691.000	2.292
3692.000	2.292
3693.000	2.292
3694.000	2.292
3695.000	2.291
3696.000	2.291
3697.000	2.291
3698.000	2.290
3699.000	2.290
3700.000	2.290
3701.000	2.290
3702.000	2.290
3703.000	2.289
3704.000	2.289
3705.000	2.289
3706.000	2.289
3707.000	2.288
3708.000	2.288
3709.000	2.288
3710.000	2.288
3711.000	2.288
3712.000	2.287
3713.000	2.287
3714.000	2.287
3715.000	2.287
3716.000	2.286
3717.000	2.286
3718.000	2.286
3719.000	2.286
3720.000	2.285
3721.000	2.285
3722.000	2.285
3723.000	2.285
3724.000	2.285
3725.000	2.284
3726.000	2.284
3727.000	2.284
3728.000	2.284
3729.000	2.283
3730.000	2.283
3731.000	2.283
3732.000	2.282
3733.000	2.282
3734.000	2.282
3735.000	2.282
3736.000	2.282
3737.000	2.281
3738.000	2.281
3739.000	2.281
3740.000	2.280
3741.000	2.280
3742.000	2.280
3743.000	2.280
3744.000	2.280
3745.000	2.279
3746.000	2.279
3747.000	2.279
3748.000	2.279
3749.000	2.279
3750.000	2.279
3751.000	2.279
3752.000	2.279
3753.000	2.279
3754.000	2.279
3755.000	2.279
3756.000	2.279
3757.000	2.279
3758.000	2.279
3759.000	2.279
3760.000	2.279
3761.000	2.279
3762.000	2.279
3763.000	2.279
3764.000	2.279
3765.000	2.279
3766.000	2.279
3767.000	2.279
3768.000	2.279
3769.000	2.279
3770.000	2.279
3771.000	2.279
3772.000	2.279
3773.000	2.279
3774.000	2.279
3775.000	2.279
3776.000	2.279
3777.000	2.279
3778.000	2.279
3779.000	2.279
3780.000	2.279
3781.000	2.279
3782.000	2.279
3783.000	2.279
3784.000	2.279
3785.000	2.279
3786.000	2.279
3787.000	2.279
3788.000	2.279
3789.000	2.279
3790.000	2.279
3791.000	2.279
3792.000	2.279
3793.000	2.279
3794.000	2.279
3795.000	2.279
3796.000	2.279
3797.000	2.279
3798.000	2.279
3799.000	2.279
3800.000	2.279
3801.000	2.279
3802.000	2.279
3803.000	2.279
3804.000	2.279
3805.000	2.279
3806.000	2.279
3807.000	2.279
3808.000	2.279
3809.000	2.279
3810.000	2.279
3811.000	2.279
3812.000	2.279
3813.000	2.279
3814.000	2.279
3815.000	2.279
3816.000	2.279
3817.000	2.279
3818.000	2.279
3819.000	2.279
3820.000	2.279
3821.000	2.279
3822.000	2.279
3823.000	2.279
3824.000	2.279
3825.000	2.279
3826.000	2.279
3827.000	2.279
3828.000	2.279
3829.000	2.279
3830.000	2.279
3831.000	2.279
3832.000	2.279
3833.000	2.279
3834.000	2.279
3835.000	2.279
3836.000	2.279
3837.000	2.279
3838.000	2.279
3839.000	2.279
3840.000	2.279
3841.000	2.279
3842.000	2.279
3843.000	2.279
3844.000	2.279
3845.000	2.279
3846.000	2.279
3847.000	2.279
3848.000	2.279
3849.000	2.279
3850.000	2.279
3851.000	2.279
3852.000	2.279
3853.000	2.279
3854.000	2.279
3855.000	2.279
3856.000	2.279
3857.000	2.279
3858.000	2.279
3859.000	2.279
3860.000	2.279
3861.000	2.279
3862.000	2.279
3863.000	2.279
3864.000	2.279
3865.000	2.279
3866.000	2.279
3867.000	2.279
3868.000	2.279
3869.000	2.279
3870.000	2.279
3871.000	2.279
3872.000	2.279
3873.000	2.279
3874.000	2.279
3875.000	2.279
3876.000	2.279
3877.000	2.279
3878.000	2.279
3879.000	2.279
3880.000	2.279
3881.000	2.279
3882.000	2.279
3883.000	2.279
3884.000	2.279
3885.000	2.279
3886.000	2.279
3887.000	2.279
3888.000	2.279
3889.000	2.279
3890.000	2.279
3891.000	2.279
3892.000	2.279
3893.000	2.279
3894.000	2.279
3895.000	2.279
3896.000	2.279
3897.000	2.279
3898.000	2.279
3899.000	2.279
3900.000	2.279
3901.000	2.279
3902.000	2.279
3903.000	2.279
3904.000	2.279
3905.000	2.279
3906.000	2.279
3907.000	2.279
3908.000	2.279
3909.000	2.279
3910.000	2.279
3911.000	2.279
3912.000	2.279
3913.000	2.279
3914.000	2.279
3915.000	2.279
3916.000	2.279
3917.000	2.279
3918.000	2.279
3919.000	2.279
3920.000	2.279
3921.000	2.279
3922.000	2.279
3923.000	2.279
3924.000	2.279
3925.000	2.279
3926.000	2.279
3927.000	2.279
3928.000	2.279
3929.000	2.279
3930.000	2.279
3931.000	2.279
3932.000	2.279
3933.000	2.279
3934.000	2.279
3935.000	2.279
3936.000	2.279
3937.000	2.279
3938.000	2.279
3939.000	2.279
3940.000	2.279
3941.000	2.279
3942.000	2.279
3943.000	2.279
3944.000	2.279
3945.000	2.279
3946.000	2.279
3947.000	2.279
3948.000	2.279
3949.000	2.279
3950.000	2.279
3951.000	2.279
3952.000	2.279
3953.000	2.279
3954.000	2.279
3955.000	2.279
3956.000	2.279
3957.000	2.279
3958.000	2.279
3959.000	2.279
3960.000	2.279
3961.000	2.279
3962.000	2.279
3963.000	2.279
3964.000	2.279
3965.000	2.279
3966.000	2.279
3967.000	2.279
3968.000	2.279
3969.000	2.279
3970.000	2.279
3971.000	2.279
3972.000	2.279
3973.000	2.279
3974.000	2.279
3975.000	2.279
3976.000	2.279
3977.000	2.279
3978.000	2.279
3979.000	2.279
3980.000	2.279
3981.000	2.279
3982.000	2.279
3983.000	2.262
3984.000	2.262
3985.000	2.262
3986.000	2.262
3987.000	2.262
3988.000	2.262
3989.000	2.262
3990.000	2.262
3991.000	2.257
3992.000	2.257
3993.000	2.257
3994.000	2.257
3995.000	2.257
3996.000	2.257
3997.000	2.257
3998.000	2.257
3999.000	2.257
4000.000	2.257
4001.000	2.257
4002.000	2.257
4003.000	2.257
4004.000	2.257
4005.000	2.257
4006.000	2.257
4007.000	2.257
4008.000	2.257
4009.000	2.257
4010.000	2.257
4011.000	2.257
4012.000	2.257
4013.000	2.257
4014.000	2.257
4015.000	2.257
4016.000	2.257
4017.000	2.257
4018.000	2.257
4019.000	2.257
4020.000	2.257
4021.000	2.257
4022.000	2.257
4023.000	2.257
4024.000	2.257
4025.000	2.257
4026.000	2.257
4027.000	2.257
4028.000	2.257
4029.000	2.257
4030.000	2.257
4031.000	2.257
4032.000	2.257
4033.000	2.232
4034.000	2.232
4035.000	2.232
4036.000	2.232
4037.000	2.232
4038.000	2.232
4039.000	2.232
4040.000	2.232
4041.000	2.232
4042.000	2.232
4043.000	2.232
4044.000	2.232
4045.000	2.232
4046.000	2.232
4047.000	2.232
4048.000	2.232
4049.000	2.232
4050.000	2.232
4051.000	2.232
4052.000	2.232
4053.000	2.232
4054.000	2.232
4055.000	2.232
4056.000	2.232
4057.000	2.228
4058.000	2.228
4059.000	2.228
4060.000	2.228
4061.000	2.228
4062.000	2.228
4063.000	2.228
4064.000	2.228
4065.000	2.228
4066.000	2.228
4067.000	2.228
4068.000	2.228
4069.000	2.228
4070.000	2.228
4071.000	2.228
4072.000	2.228
4073.000	2.228
4074.000	2.228
4075.000	2.228
4076.000	2.228
4077.000	2.228
4078.000	2.228
4079.000	2.210
4080.000	2.202
4081.000	2.202
4082.000	2.202
4083.000	2.202
4084.000	2.202
4085.000	2.202
4086.000	2.199
4087.000	2.199
4088.000	2.199
4089.000	2.199
4090.000	2.195
4091.000	2.195
4092.000	2.195
4093.000	2.195
4094.000	2.137
4095.000	2.133
