0.000	17.470
1.000	17.470
2.000	17.395
3.000	17.395
4.000	17.395
5.000	17.395
6.000	17.395
7.000	17.395
8.000	17.395
9.000	17.395
10.000	17.395
11.000	17.395
12.000	17.395
13.000	17.395
14.000	17.395
15.000	17.395
16.000	17.395
17.000	17.391
18.000	17.391
19.000	17.388
20.000	17.387
21.000	17.386
22.000	17.385
23.000	17.384
24.000	17.383
25.000	17.381
26.000	17.380
27.000	17.378
28.000	17.377
29.000	17.377
30.000	17.375
31.000	17.373
32.000	17.372
33.000	17.370
34.000	17.369
35.000	17.367
36.000	17.365
37.000	17.364
38.000	17.362
39.000	17.361
40.000	17.351
41.000	17.350
42.000	17.348
43.000	17.347
44.000	17.345
45.000	17.344
46.000	17.341
47.000	17.339
48.000	17.337
49.000	17.335
50.000	17.333
51.000	17.333
52.000	17.332
53.000	17.331
54.000	17.330
55.000	17.328
56.000	17.327
57.000	17.326
58.000	17.324
59.000	17.323
60.000	17.322
61.000	17.320
62.000	17.320
63.000	17.318
64.000	17.316
65.000	17.314
66.000	17.312
67.000	17.310
68.000	17.308
69.000	17.306
70.000	17.303
71.000	17.301
72.000	17.298
73.000	17.298
74.000	17.296
75.000	17.292
76.000	17.289
77.000	17.286
78.000	17.282
79.000	17.278
80.000	17.273
81.000	17.269
82.000	17.265
83.000	17.260
84.000	17.260
85.000	17.256
86.000	17.251
87.000	17.246
88.000	17.242
89.000	17.238
90.000	17.233
91.000	17.229
92.000	17.225
93.000	17.220
94.000	17.214
95.000	17.208
96.000	17.208
97.000	17.202
98.000	17.196
99.000	17.189
100.000	17.182
101.000	17.176
102.000	17.169
103.000	17.162
104.000	17.154
105.000	17.146
106.000	17.139
107.000	17.133
108.000	17.125
109.000	17.117
110.000	17.109
111.000	17.101
112.000	17.093
113.000	17.085
114.000	17.077
115.000	17.068
116.000	17.059
117.000	17.049
118.000	17.014
119.000	17.004
120.000	16.994
121.000	16.984
122.000	16.974
123.000	16.963
124.000	16.952
125.000	16.940
126.000	16.929
127.000	16.918
128.000	16.905
129.000	16.905
130.000	16.892
131.000	16.878
132.000	16.864
133.000	16.851
134.000	16.836
135.000	16.821
136.000	16.804
137.000	16.788
138.000	16.772
139.000	16.755
140.000	16.699
141.000	16.682
142.000	16.664
143.000	16.647
144.000	16.631
145.000	16.610
146.000	16.589
147.000	16.569
148.000	16.545
149.000	16.522
150.000	16.500
151.000	16.499
152.000	16.477
153.000	16.454
154.000	16.432
155.000	16.410
156.000	16.388
157.000	16.367
158.000	16.346
159.000	16.325
160.000	16.304
161.000	16.282
162.000	16.259
163.000	16.259
164.000	16.235
165.000	16.211
166.000	16.186
167.000	16.162
168.000	16.135
169.000	16.107
170.000	16.078
171.000	16.051
172.000	16.023
173.000	15.996
174.000	15.985
175.000	15.958
176.000	15.930
177.000	15.901
178.000	15.873
179.000	15.845
180.000	15.818
181.000	15.790
182.000	15.762
183.000	15.733
184.000	15.704
185.000	15.704
186.000	15.676
187.000	15.649
188.000	15.621
189.000	15.594
190.000	15.566
191.000	15.538
192.000	15.510
193.000	15.483
194.000	15.456
195.000	15.429
196.000	15.429
197.000	15.402
198.000	15.374
199.000	15.347
200.000	15.319
201.000	15.291
202.000	15.263
203.000	15.235
204.000	15.206
205.000	15.177
206.000	15.152
207.000	15.097
208.000	15.071
209.000	15.045
210.000	15.022
211.000	14.998
212.000	14.973
213.000	14.948
214.000	14.922
215.000	14.896
216.000	14.870
217.000	14.844
218.000	14.806
219.000	14.779
220.000	14.751
221.000	14.723
222.000	14.695
223.000	14.666
224.000	14.637
225.000	14.607
226.000	14.579
227.000	14.552
228.000	14.524
229.000	14.497
230.000	14.471
231.000	14.443
232.000	14.416
233.000	14.387
234.000	14.361
235.000	14.335
236.000	14.309
237.000	14.283
238.000	14.256
239.000	14.230
240.000	14.203
241.000	14.203
242.000	14.177
243.000	14.150
244.000	14.123
245.000	14.097
246.000	14.070
247.000	14.042
248.000	14.014
249.000	13.986
250.000	13.959
251.000	13.931
252.000	13.891
253.000	13.864
254.000	13.837
255.000	13.811
256.000	13.784
257.000	13.758
258.000	13.732
259.000	13.704
260.000	13.677
261.000	13.651
262.000	13.625
263.000	13.608
264.000	13.582
265.000	13.554
266.000	13.527
267.000	13.500
268.000	13.473
269.000	13.445
270.000	13.418
271.000	13.390
272.000	13.362
273.000	13.334
274.000	13.334
275.000	13.306
276.000	13.278
277.000	13.250
278.000	13.222
279.000	13.194
280.000	13.165
281.000	13.136
282.000	13.107
283.000	13.078
284.000	13.049
285.000	13.049
286.000	13.020
287.000	12.991
288.000	12.962
289.000	12.933
290.000	12.904
291.000	12.875
292.000	12.846
293.000	12.816
294.000	12.787
295.000	12.758
296.000	12.571
297.000	12.542
298.000	12.512
299.000	12.483
300.000	12.454
301.000	12.425
302.000	12.395
303.000	12.366
304.000	12.337
305.000	12.308
306.000	12.278
307.000	12.249
308.000	12.237
309.000	12.208
310.000	12.179
311.000	12.149
312.000	12.120
313.000	12.090
314.000	12.062
315.000	12.033
316.000	12.003
317.000	11.974
318.000	11.944
319.000	11.867
320.000	11.838
321.000	11.809
322.000	11.779
323.000	11.750
324.000	11.720
325.000	11.691
326.000	11.662
327.000	11.633
328.000	11.604
329.000	11.574
330.000	11.509
331.000	11.480
332.000	11.451
333.000	11.421
334.000	11.392
335.000	11.363
336.000	11.333
337.000	11.303
338.000	11.273
339.000	11.243
340.000	11.212
341.000	11.196
342.000	11.165
343.000	11.135
344.000	11.106
345.000	11.076
346.000	11.046
347.000	11.016
348.000	10.985
349.000	10.955
350.000	10.926
351.000	10.895
352.000	10.821
353.000	10.791
354.000	10.761
355.000	10.733
356.000	10.705
357.000	10.677
358.000	10.649
359.000	10.622
360.000	10.595
361.000	10.568
362.000	10.542
363.000	10.539
364.000	10.513
365.000	10.487
366.000	10.461
367.000	10.436
368.000	10.412
369.000	10.388
370.000	10.363
371.000	10.338
372.000	10.313
373.000	10.288
374.000	10.263
375.000	10.214
376.000	10.189
377.000	10.165
378.000	10.141
379.000	10.116
380.000	10.092
381.000	10.069
382.000	10.046
383.000	10.023
384.000	10.000
385.000	9.976
386.000	9.943
387.000	9.920
388.000	9.898
389.000	9.875
390.000	9.853
391.000	9.831
392.000	9.809
393.000	9.787
394.000	9.767
395.000	9.745
396.000	9.723
397.000	9.673
398.000	9.651
399.000	9.629
400.000	9.609
401.000	9.588
402.000	9.568
403.000	9.547
404.000	9.527
405.000	9.507
406.000	9.487
407.000	9.468
408.000	9.466
409.000	9.445
410.000	9.425
411.000	9.405
412.000	9.386
413.000	9.367
414.000	9.348
415.000	9.329
416.000	9.310
417.000	9.291
418.000	9.273
419.000	9.273
420.000	9.254
421.000	9.236
422.000	9.218
423.000	9.200
424.000	9.181
425.000	9.163
426.000	9.146
427.000	9.129
428.000	9.112
429.000	9.095
430.000	9.082
431.000	9.065
432.000	9.049
433.000	9.032
434.000	9.016
435.000	9.000
436.000	8.984
437.000	8.968
438.000	8.953
439.000	8.937
440.000	8.921
441.000	8.906
442.000	8.904
443.000	8.889
444.000	8.874
445.000	8.858
446.000	8.843
447.000	8.829
448.000	8.814
449.000	8.799
450.000	8.785
451.000	8.771
452.000	8.757
453.000	8.728
454.000	8.714
455.000	8.700
456.000	8.687
457.000	8.673
458.000	8.659
459.000	8.645
460.000	8.631
461.000	8.617
462.000	8.603
463.000	8.589
464.000	8.587
465.000	8.572
466.000	8.558
467.000	8.544
468.000	8.529
469.000	8.515
470.000	8.500
471.000	8.485
472.000	8.471
473.000	8.456
474.000	8.441
475.000	8.400
476.000	8.386
477.000	8.372
478.000	8.358
479.000	8.345
480.000	8.332
481.000	8.318
482.000	8.305
483.000	8.291
484.000	8.278
485.000	8.265
486.000	8.239
487.000	8.226
488.000	8.213
489.000	8.199
490.000	8.186
491.000	8.173
492.000	8.160
493.000	8.146
494.000	8.133
495.000	8.120
496.000	8.107
497.000	8.088
498.000	8.075
499.000	8.062
500.000	8.048
501.000	8.035
502.000	8.022
503.000	8.009
504.000	7.995
505.000	7.982
506.000	7.969
507.000	7.956
508.000	7.954
509.000	7.941
510.000	7.929
511.000	7.916
512.000	7.903
513.000	7.890
514.000	7.877
515.000	7.864
516.000	7.851
517.000	7.839
518.000	7.826
519.000	7.813
520.000	7.811
521.000	7.798
522.000	7.786
523.000	7.773
524.000	7.761
525.000	7.749
526.000	7.737
527.000	7.724
528.000	7.712
529.000	7.700
530.000	7.688
531.000	7.679
532.000	7.667
533.000	7.655
534.000	7.644
535.000	7.632
536.000	7.620
537.000	7.608
538.000	7.596
539.000	7.584
540.000	7.573
541.000	7.561
542.000	7.549
543.000	7.537
544.000	7.525
545.000	7.514
546.000	7.502
547.000	7.491
548.000	7.479
549.000	7.468
550.000	7.456
551.000	7.445
552.000	7.434
553.000	7.429
554.000	7.418
555.000	7.406
556.000	7.395
557.000	7.383
558.000	7.372
559.000	7.360
560.000	7.349
561.000	7.338
562.000	7.326
563.000	7.315
564.000	7.313
565.000	7.302
566.000	7.291
567.000	7.280
568.000	7.269
569.000	7.257
570.000	7.246
571.000	7.235
572.000	7.224
573.000	7.214
574.000	7.203
575.000	7.187
576.000	7.176
577.000	7.165
578.000	7.154
579.000	7.143
580.000	7.132
581.000	7.121
582.000	7.110
583.000	7.100
584.000	7.089
585.000	7.078
586.000	7.068
587.000	7.031
588.000	7.021
589.000	7.010
590.000	6.999
591.000	6.989
592.000	6.978
593.000	6.968
594.000	6.958
595.000	6.947
596.000	6.937
597.000	6.927
598.000	6.924
599.000	6.913
600.000	6.903
601.000	6.893
602.000	6.883
603.000	6.873
604.000	6.863
605.000	6.853
606.000	6.843
607.000	6.833
608.000	6.823
609.000	6.817
610.000	6.807
611.000	6.797
612.000	6.788
613.000	6.778
614.000	6.769
615.000	6.760
616.000	6.750
617.000	6.741
618.000	6.732
619.000	6.723
620.000	6.721
621.000	6.711
622.000	6.703
623.000	6.694
624.000	6.685
625.000	6.676
626.000	6.668
627.000	6.659
628.000	6.650
629.000	6.641
630.000	6.633
631.000	6.631
632.000	6.622
633.000	6.614
634.000	6.605
635.000	6.597
636.000	6.589
637.000	6.581
638.000	6.573
639.000	6.565
640.000	6.557
641.000	6.549
642.000	6.547
643.000	6.540
644.000	6.532
645.000	6.524
646.000	6.517
647.000	6.509
648.000	6.502
649.000	6.495
650.000	6.488
651.000	6.481
652.000	6.474
653.000	6.467
654.000	6.465
655.000	6.458
656.000	6.452
657.000	6.445
658.000	6.438
659.000	6.431
660.000	6.424
661.000	6.417
662.000	6.410
663.000	6.403
664.000	6.397
665.000	6.395
666.000	6.388
667.000	6.381
668.000	6.375
669.000	6.369
670.000	6.362
671.000	6.356
672.000	6.350
673.000	6.343
674.000	6.337
675.000	6.330
676.000	6.328
677.000	6.321
678.000	6.315
679.000	6.308
680.000	6.301
681.000	6.295
682.000	6.288
683.000	6.282
684.000	6.276
685.000	6.269
686.000	6.263
687.000	6.261
688.000	6.255
689.000	6.249
690.000	6.243
691.000	6.236
692.000	6.230
693.000	6.224
694.000	6.217
695.000	6.211
696.000	6.205
697.000	6.199
698.000	6.197
699.000	6.191
700.000	6.185
701.000	6.179
702.000	6.173
703.000	6.168
704.000	6.162
705.000	6.156
706.000	6.151
707.000	6.145
708.000	6.139
709.000	6.120
710.000	6.115
711.000	6.109
712.000	6.104
713.000	6.098
714.000	6.092
715.000	6.087
716.000	6.082
717.000	6.076
718.000	6.071
719.000	6.065
720.000	6.061
721.000	6.056
722.000	6.050
723.000	6.045
724.000	6.040
725.000	6.034
726.000	6.029
727.000	6.024
728.000	6.019
729.000	6.014
730.000	6.009
731.000	6.003
732.000	6.003
733.000	5.998
734.000	5.992
735.000	5.987
736.000	5.982
737.000	5.977
738.000	5.972
739.000	5.967
740.000	5.962
741.000	5.957
742.000	5.952
743.000	5.952
744.000	5.947
745.000	5.942
746.000	5.937
747.000	5.932
748.000	5.927
749.000	5.922
750.000	5.917
751.000	5.912
752.000	5.907
753.000	5.903
754.000	5.902
755.000	5.898
756.000	5.893
757.000	5.888
758.000	5.884
759.000	5.879
760.000	5.874
761.000	5.870
762.000	5.865
763.000	5.860
764.000	5.855
765.000	5.803
766.000	5.798
767.000	5.794
768.000	5.789
769.000	5.784
770.000	5.779
771.000	5.774
772.000	5.769
773.000	5.764
774.000	5.759
775.000	5.754
776.000	5.754
777.000	5.749
778.000	5.744
779.000	5.739
780.000	5.734
781.000	5.729
782.000	5.724
783.000	5.719
784.000	5.715
785.000	5.710
786.000	5.705
787.000	5.700
788.000	5.695
789.000	5.690
790.000	5.685
791.000	5.681
792.000	5.676
793.000	5.671
794.000	5.666
795.000	5.661
796.000	5.656
797.000	5.652
798.000	5.647
799.000	5.647
800.000	5.642
801.000	5.637
802.000	5.632
803.000	5.627
804.000	5.622
805.000	5.617
806.000	5.612
807.000	5.607
808.000	5.602
809.000	5.597
810.000	5.597
811.000	5.592
812.000	5.587
813.000	5.582
814.000	5.576
815.000	5.571
816.000	5.566
817.000	5.561
818.000	5.556
819.000	5.551
820.000	5.546
821.000	5.546
822.000	5.541
823.000	5.536
824.000	5.531
825.000	5.526
826.000	5.521
827.000	5.516
828.000	5.511
829.000	5.506
830.000	5.501
831.000	5.496
832.000	5.496
833.000	5.491
834.000	5.486
835.000	5.481
836.000	5.476
837.000	5.471
838.000	5.466
839.000	5.462
840.000	5.457
841.000	5.452
842.000	5.447
843.000	5.447
844.000	5.443
845.000	5.438
846.000	5.433
847.000	5.429
848.000	5.424
849.000	5.420
850.000	5.415
851.000	5.410
852.000	5.405
853.000	5.400
854.000	5.400
855.000	5.395
856.000	5.390
857.000	5.385
858.000	5.381
859.000	5.376
860.000	5.371
861.000	5.367
862.000	5.362
863.000	5.358
864.000	5.353
865.000	5.348
866.000	5.348
867.000	5.344
868.000	5.339
869.000	5.334
870.000	5.330
871.000	5.325
872.000	5.321
873.000	5.316
874.000	5.311
875.000	5.307
876.000	5.302
877.000	5.302
878.000	5.297
879.000	5.292
880.000	5.288
881.000	5.283
882.000	5.279
883.000	5.274
884.000	5.270
885.000	5.266
886.000	5.261
887.000	5.257
888.000	5.257
889.000	5.252
890.000	5.248
891.000	5.243
892.000	5.239
893.000	5.234
894.000	5.230
895.000	5.225
896.000	5.221
897.000	5.217
898.000	5.212
899.000	5.181
900.000	5.177
901.000	5.173
902.000	5.168
903.000	5.164
904.000	5.159
905.000	5.155
906.000	5.151
907.000	5.146
908.000	5.142
909.000	5.138
910.000	5.122
911.000	5.118
912.000	5.113
913.000	5.109
914.000	5.105
915.000	5.100
916.000	5.096
917.000	5.092
918.000	5.087
919.000	5.083
920.000	5.079
921.000	5.070
922.000	5.066
923.000	5.062
924.000	5.057
925.000	5.053
926.000	5.048
927.000	5.044
928.000	5.040
929.000	5.036
930.000	5.031
931.000	5.027
932.000	5.023
933.000	5.022
934.000	5.018
935.000	5.014
936.000	5.010
937.000	5.005
938.000	5.001
939.000	4.997
940.000	4.993
941.000	4.988
942.000	4.984
943.000	4.980
944.000	4.975
945.000	4.971
946.000	4.967
947.000	4.963
948.000	4.959
949.000	4.955
950.000	4.951
951.000	4.947
952.000	4.942
953.000	4.938
954.000	4.934
955.000	4.933
956.000	4.929
957.000	4.925
958.000	4.920
959.000	4.916
960.000	4.912
961.000	4.908
962.000	4.904
963.000	4.900
964.000	4.896
965.000	4.891
966.000	4.891
967.000	4.887
968.000	4.883
969.000	4.879
970.000	4.874
971.000	4.870
972.000	4.866
973.000	4.862
974.000	4.858
975.000	4.854
976.000	4.850
977.000	4.850
978.000	4.845
979.000	4.841
980.000	4.837
981.000	4.833
982.000	4.828
983.000	4.824
984.000	4.820
985.000	4.816
986.000	4.812
987.000	4.807
988.000	4.807
989.000	4.803
990.000	4.799
991.000	4.795
992.000	4.791
993.000	4.787
994.000	4.783
995.000	4.779
996.000	4.775
997.000	4.771
998.000	4.767
999.000	4.766
1000.000	4.762
1001.000	4.758
1002.000	4.754
1003.000	4.750
1004.000	4.746
1005.000	4.742
1006.000	4.738
1007.000	4.734
1008.000	4.730
1009.000	4.726
1010.000	4.722
1011.000	4.722
1012.000	4.718
1013.000	4.714
1014.000	4.710
1015.000	4.706
1016.000	4.702
1017.000	4.699
1018.000	4.695
1019.000	4.691
1020.000	4.687
1021.000	4.683
1022.000	4.683
1023.000	4.679
1024.000	4.675
1025.000	4.671
1026.000	4.667
1027.000	4.663
1028.000	4.659
1029.000	4.655
1030.000	4.651
1031.000	4.647
1032.000	4.644
1033.000	4.644
1034.000	4.640
1035.000	4.636
1036.000	4.632
1037.000	4.629
1038.000	4.625
1039.000	4.621
1040.000	4.618
1041.000	4.614
1042.000	4.610
1043.000	4.607
1044.000	4.606
1045.000	4.603
1046.000	4.599
1047.000	4.595
1048.000	4.591
1049.000	4.587
1050.000	4.584
1051.000	4.580
1052.000	4.576
1053.000	4.573
1054.000	4.569
1055.000	4.567
1056.000	4.563
1057.000	4.559
1058.000	4.556
1059.000	4.552
1060.000	4.549
1061.000	4.545
1062.000	4.542
1063.000	4.539
1064.000	4.535
1065.000	4.532
1066.000	4.531
1067.000	4.528
1068.000	4.525
1069.000	4.521
1070.000	4.518
1071.000	4.514
1072.000	4.511
1073.000	4.508
1074.000	4.505
1075.000	4.501
1076.000	4.498
1077.000	4.495
1078.000	4.445
1079.000	4.441
1080.000	4.438
1081.000	4.435
1082.000	4.432
1083.000	4.429
1084.000	4.425
1085.000	4.422
1086.000	4.419
1087.000	4.416
1088.000	4.413
1089.000	4.412
1090.000	4.409
1091.000	4.406
1092.000	4.402
1093.000	4.399
1094.000	4.396
1095.000	4.393
1096.000	4.389
1097.000	4.386
1098.000	4.383
1099.000	4.379
1100.000	4.379
1101.000	4.376
1102.000	4.373
1103.000	4.370
1104.000	4.367
1105.000	4.363
1106.000	4.360
1107.000	4.357
1108.000	4.354
1109.000	4.351
1110.000	4.348
1111.000	4.338
1112.000	4.335
1113.000	4.332
1114.000	4.328
1115.000	4.325
1116.000	4.322
1117.000	4.319
1118.000	4.316
1119.000	4.312
1120.000	4.309
1121.000	4.306
1122.000	4.306
1123.000	4.303
1124.000	4.300
1125.000	4.296
1126.000	4.293
1127.000	4.290
1128.000	4.287
1129.000	4.284
1130.000	4.281
1131.000	4.278
1132.000	4.275
1133.000	4.275
1134.000	4.272
1135.000	4.269
1136.000	4.266
1137.000	4.263
1138.000	4.260
1139.000	4.257
1140.000	4.254
1141.000	4.251
1142.000	4.248
1143.000	4.245
1144.000	4.242
1145.000	4.242
1146.000	4.239
1147.000	4.237
1148.000	4.234
1149.000	4.231
1150.000	4.228
1151.000	4.225
1152.000	4.222
1153.000	4.219
1154.000	4.217
1155.000	4.214
1156.000	4.190
1157.000	4.187
1158.000	4.184
1159.000	4.182
1160.000	4.179
1161.000	4.176
1162.000	4.174
1163.000	4.171
1164.000	4.168
1165.000	4.166
1166.000	4.163
1167.000	4.163
1168.000	4.160
1169.000	4.158
1170.000	4.155
1171.000	4.152
1172.000	4.150
1173.000	4.147
1174.000	4.145
1175.000	4.143
1176.000	4.140
1177.000	4.138
1178.000	4.138
1179.000	4.135
1180.000	4.133
1181.000	4.130
1182.000	4.128
1183.000	4.125
1184.000	4.123
1185.000	4.120
1186.000	4.118
1187.000	4.116
1188.000	4.113
1189.000	4.113
1190.000	4.111
1191.000	4.108
1192.000	4.106
1193.000	4.104
1194.000	4.101
1195.000	4.099
1196.000	4.096
1197.000	4.094
1198.000	4.092
1199.000	4.089
1200.000	4.056
1201.000	4.053
1202.000	4.051
1203.000	4.049
1204.000	4.047
1205.000	4.045
1206.000	4.043
1207.000	4.040
1208.000	4.038
1209.000	4.036
1210.000	4.034
1211.000	4.034
1212.000	4.032
1213.000	4.030
1214.000	4.028
1215.000	4.026
1216.000	4.024
1217.000	4.022
1218.000	4.020
1219.000	4.018
1220.000	4.016
1221.000	4.014
1222.000	4.011
1223.000	3.980
1224.000	3.978
1225.000	3.976
1226.000	3.974
1227.000	3.972
1228.000	3.970
1229.000	3.968
1230.000	3.966
1231.000	3.964
1232.000	3.961
1233.000	3.959
1234.000	3.959
1235.000	3.957
1236.000	3.955
1237.000	3.953
1238.000	3.950
1239.000	3.948
1240.000	3.946
1241.000	3.944
1242.000	3.942
1243.000	3.940
1244.000	3.938
1245.000	3.905
1246.000	3.903
1247.000	3.901
1248.000	3.899
1249.000	3.897
1250.000	3.895
1251.000	3.892
1252.000	3.890
1253.000	3.888
1254.000	3.886
1255.000	3.884
1256.000	3.884
1257.000	3.882
1258.000	3.880
1259.000	3.878
1260.000	3.876
1261.000	3.874
1262.000	3.872
1263.000	3.870
1264.000	3.868
1265.000	3.866
1266.000	3.865
1267.000	3.864
1268.000	3.862
1269.000	3.860
1270.000	3.859
1271.000	3.857
1272.000	3.855
1273.000	3.853
1274.000	3.851
1275.000	3.849
1276.000	3.847
1277.000	3.845
1278.000	3.845
1279.000	3.843
1280.000	3.841
1281.000	3.839
1282.000	3.838
1283.000	3.836
1284.000	3.834
1285.000	3.832
1286.000	3.830
1287.000	3.828
1288.000	3.826
1289.000	3.824
1290.000	3.824
1291.000	3.822
1292.000	3.820
1293.000	3.818
1294.000	3.816
1295.000	3.815
1296.000	3.813
1297.000	3.811
1298.000	3.809
1299.000	3.807
1300.000	3.805
1301.000	3.805
1302.000	3.803
1303.000	3.801
1304.000	3.799
1305.000	3.797
1306.000	3.795
1307.000	3.793
1308.000	3.791
1309.000	3.789
1310.000	3.787
1311.000	3.785
1312.000	3.785
1313.000	3.783
1314.000	3.781
1315.000	3.779
1316.000	3.777
1317.000	3.775
1318.000	3.773
1319.000	3.771
1320.000	3.769
1321.000	3.767
1322.000	3.765
1323.000	3.765
1324.000	3.763
1325.000	3.761
1326.000	3.759
1327.000	3.757
1328.000	3.755
1329.000	3.754
1330.000	3.752
1331.000	3.750
1332.000	3.748
1333.000	3.746
1334.000	3.746
1335.000	3.744
1336.000	3.742
1337.000	3.740
1338.000	3.738
1339.000	3.737
1340.000	3.735
1341.000	3.733
1342.000	3.731
1343.000	3.730
1344.000	3.728
1345.000	3.728
1346.000	3.726
1347.000	3.724
1348.000	3.723
1349.000	3.721
1350.000	3.719
1351.000	3.717
1352.000	3.715
1353.000	3.713
1354.000	3.712
1355.000	3.710
1356.000	3.708
1357.000	3.708
1358.000	3.706
1359.000	3.704
1360.000	3.702
1361.000	3.701
1362.000	3.699
1363.000	3.697
1364.000	3.695
1365.000	3.694
1366.000	3.692
1367.000	3.690
1368.000	3.690
1369.000	3.688
1370.000	3.687
1371.000	3.685
1372.000	3.683
1373.000	3.682
1374.000	3.680
1375.000	3.679
1376.000	3.677
1377.000	3.675
1378.000	3.674
1379.000	3.674
1380.000	3.672
1381.000	3.670
1382.000	3.669
1383.000	3.667
1384.000	3.666
1385.000	3.664
1386.000	3.663
1387.000	3.661
1388.000	3.660
1389.000	3.658
1390.000	3.658
1391.000	3.657
1392.000	3.655
1393.000	3.654
1394.000	3.652
1395.000	3.651
1396.000	3.649
1397.000	3.648
1398.000	3.646
1399.000	3.645
1400.000	3.643
1401.000	3.643
1402.000	3.642
1403.000	3.640
1404.000	3.639
1405.000	3.637
1406.000	3.636
1407.000	3.634
1408.000	3.633
1409.000	3.632
1410.000	3.630
1411.000	3.629
1412.000	3.629
1413.000	3.627
1414.000	3.626
1415.000	3.624
1416.000	3.623
1417.000	3.622
1418.000	3.620
1419.000	3.619
1420.000	3.617
1421.000	3.616
1422.000	3.615
1423.000	3.614
1424.000	3.613
1425.000	3.612
1426.000	3.610
1427.000	3.609
1428.000	3.607
1429.000	3.606
1430.000	3.605
1431.000	3.603
1432.000	3.602
1433.000	3.601
1434.000	3.599
1435.000	3.599
1436.000	3.598
1437.000	3.596
1438.000	3.595
1439.000	3.593
1440.000	3.592
1441.000	3.591
1442.000	3.589
1443.000	3.588
1444.000	3.587
1445.000	3.585
1446.000	3.585
1447.000	3.584
1448.000	3.582
1449.000	3.581
1450.000	3.580
1451.000	3.579
1452.000	3.577
1453.000	3.576
1454.000	3.575
1455.000	3.574
1456.000	3.572
1457.000	3.572
1458.000	3.571
1459.000	3.570
1460.000	3.569
1461.000	3.567
1462.000	3.566
1463.000	3.565
1464.000	3.564
1465.000	3.562
1466.000	3.561
1467.000	3.560
1468.000	3.560
1469.000	3.559
1470.000	3.557
1471.000	3.556
1472.000	3.555
1473.000	3.554
1474.000	3.552
1475.000	3.551
1476.000	3.550
1477.000	3.549
1478.000	3.548
1479.000	3.547
1480.000	3.546
1481.000	3.545
1482.000	3.544
1483.000	3.543
1484.000	3.541
1485.000	3.540
1486.000	3.539
1487.000	3.538
1488.000	3.537
1489.000	3.536
1490.000	3.535
1491.000	3.534
1492.000	3.533
1493.000	3.532
1494.000	3.531
1495.000	3.530
1496.000	3.529
1497.000	3.528
1498.000	3.527
1499.000	3.526
1500.000	3.525
1501.000	3.523
1502.000	3.523
1503.000	3.522
1504.000	3.521
1505.000	3.520
1506.000	3.519
1507.000	3.519
1508.000	3.518
1509.000	3.517
1510.000	3.516
1511.000	3.515
1512.000	3.514
1513.000	3.514
1514.000	3.513
1515.000	3.512
1516.000	3.512
1517.000	3.511
1518.000	3.510
1519.000	3.509
1520.000	3.508
1521.000	3.508
1522.000	3.507
1523.000	3.506
1524.000	3.506
1525.000	3.505
1526.000	3.504
1527.000	3.504
1528.000	3.503
1529.000	3.502
1530.000	3.501
1531.000	3.501
1532.000	3.500
1533.000	3.499
1534.000	3.498
1535.000	3.498
1536.000	3.498
1537.000	3.497
1538.000	3.496
1539.000	3.495
1540.000	3.495
1541.000	3.494
1542.000	3.493
1543.000	3.492
1544.000	3.492
1545.000	3.491
1546.000	3.491
1547.000	3.490
1548.000	3.489
1549.000	3.489
1550.000	3.488
1551.000	3.487
1552.000	3.486
1553.000	3.486
1554.000	3.485
1555.000	3.484
1556.000	3.484
1557.000	3.483
1558.000	3.483
1559.000	3.482
1560.000	3.481
1561.000	3.481
1562.000	3.480
1563.000	3.479
1564.000	3.478
1565.000	3.478
1566.000	3.477
1567.000	3.476
1568.000	3.476
1569.000	3.475
1570.000	3.475
1571.000	3.474
1572.000	3.474
1573.000	3.473
1574.000	3.473
1575.000	3.472
1576.000	3.472
1577.000	3.471
1578.000	3.471
1579.000	3.470
1580.000	3.470
1581.000	3.469
1582.000	3.469
1583.000	3.468
1584.000	3.468
1585.000	3.467
1586.000	3.467
1587.000	3.466
1588.000	3.466
1589.000	3.466
1590.000	3.465
1591.000	3.465
1592.000	3.464
1593.000	3.464
1594.000	3.464
1595.000	3.463
1596.000	3.463
1597.000	3.462
1598.000	3.462
1599.000	3.461
1600.000	3.461
1601.000	3.461
1602.000	3.460
1603.000	3.460
1604.000	3.460
1605.000	3.459
1606.000	3.459
1607.000	3.458
1608.000	3.458
1609.000	3.458
1610.000	3.457
1611.000	3.457
1612.000	3.456
1613.000	3.456
1614.000	3.455
1615.000	3.455
1616.000	3.454
1617.000	3.453
1618.000	3.451
1619.000	3.449
1620.000	3.447
1621.000	3.446
1622.000	3.444
1623.000	3.442
1624.000	3.442
1625.000	3.440
1626.000	3.439
1627.000	3.437
1628.000	3.435
1629.000	3.433
1630.000	3.432
1631.000	3.430
1632.000	3.428
1633.000	3.427
1634.000	3.425
1635.000	3.423
1636.000	3.423
1637.000	3.421
1638.000	3.420
1639.000	3.418
1640.000	3.416
1641.000	3.414
1642.000	3.413
1643.000	3.411
1644.000	3.409
1645.000	3.408
1646.000	3.406
1647.000	3.406
1648.000	3.404
1649.000	3.403
1650.000	3.401
1651.000	3.399
1652.000	3.398
1653.000	3.396
1654.000	3.395
1655.000	3.393
1656.000	3.392
1657.000	3.390
1658.000	3.390
1659.000	3.388
1660.000	3.387
1661.000	3.385
1662.000	3.384
1663.000	3.382
1664.000	3.381
1665.000	3.379
1666.000	3.377
1667.000	3.376
1668.000	3.374
1669.000	3.374
1670.000	3.373
1671.000	3.371
1672.000	3.369
1673.000	3.368
1674.000	3.366
1675.000	3.365
1676.000	3.363
1677.000	3.362
1678.000	3.360
1679.000	3.359
1680.000	3.358
1681.000	3.357
1682.000	3.355
1683.000	3.354
1684.000	3.352
1685.000	3.351
1686.000	3.349
1687.000	3.348
1688.000	3.346
1689.000	3.345
1690.000	3.343
1691.000	3.343
1692.000	3.341
1693.000	3.340
1694.000	3.338
1695.000	3.337
1696.000	3.335
1697.000	3.334
1698.000	3.332
1699.000	3.331
1700.000	3.329
1701.000	3.328
1702.000	3.327
1703.000	3.326
1704.000	3.324
1705.000	3.323
1706.000	3.321
1707.000	3.320
1708.000	3.318
1709.000	3.317
1710.000	3.315
1711.000	3.314
1712.000	3.312
1713.000	3.311
1714.000	3.311
1715.000	3.309
1716.000	3.308
1717.000	3.306
1718.000	3.305
1719.000	3.303
1720.000	3.302
1721.000	3.300
1722.000	3.299
1723.000	3.297
1724.000	3.296
1725.000	3.295
1726.000	3.294
1727.000	3.292
1728.000	3.291
1729.000	3.289
1730.000	3.288
1731.000	3.286
1732.000	3.285
1733.000	3.283
1734.000	3.282
1735.000	3.280
1736.000	3.280
1737.000	3.279
1738.000	3.277
1739.000	3.276
1740.000	3.274
1741.000	3.273
1742.000	3.271
1743.000	3.270
1744.000	3.268
1745.000	3.267
1746.000	3.265
1747.000	3.265
1748.000	3.264
1749.000	3.262
1750.000	3.261
1751.000	3.259
1752.000	3.258
1753.000	3.256
1754.000	3.255
1755.000	3.253
1756.000	3.252
1757.000	3.250
1758.000	3.250
1759.000	3.248
1760.000	3.247
1761.000	3.246
1762.000	3.244
1763.000	3.243
1764.000	3.241
1765.000	3.240
1766.000	3.238
1767.000	3.237
1768.000	3.235
1769.000	3.150
1770.000	3.149
1771.000	3.147
1772.000	3.146
1773.000	3.145
1774.000	3.143
1775.000	3.142
1776.000	3.140
1777.000	3.139
1778.000	3.137
1779.000	3.136
1780.000	3.134
1781.000	3.134
1782.000	3.133
1783.000	3.131
1784.000	3.130
1785.000	3.128
1786.000	3.127
1787.000	3.125
1788.000	3.124
1789.000	3.122
1790.000	3.121
1791.000	3.119
1792.000	3.119
1793.000	3.118
1794.000	3.116
1795.000	3.115
1796.000	3.113
1797.000	3.112
1798.000	3.110
1799.000	3.109
1800.000	3.108
1801.000	3.106
1802.000	3.105
1803.000	3.104
1804.000	3.103
1805.000	3.102
1806.000	3.100
1807.000	3.099
1808.000	3.097
1809.000	3.096
1810.000	3.094
1811.000	3.093
1812.000	3.091
1813.000	3.090
1814.000	3.090
1815.000	3.088
1816.000	3.087
1817.000	3.085
1818.000	3.084
1819.000	3.083
1820.000	3.081
1821.000	3.080
1822.000	3.078
1823.000	3.077
1824.000	3.075
1825.000	3.075
1826.000	3.074
1827.000	3.072
1828.000	3.071
1829.000	3.069
1830.000	3.068
1831.000	3.067
1832.000	3.065
1833.000	3.064
1834.000	3.062
1835.000	3.061
1836.000	3.061
1837.000	3.059
1838.000	3.058
1839.000	3.056
1840.000	3.055
1841.000	3.054
1842.000	3.052
1843.000	3.051
1844.000	3.049
1845.000	3.048
1846.000	3.046
1847.000	3.045
1848.000	3.045
1849.000	3.043
1850.000	3.042
1851.000	3.040
1852.000	3.039
1853.000	3.038
1854.000	3.036
1855.000	3.035
1856.000	3.033
1857.000	3.032
1858.000	3.031
1859.000	3.030
1860.000	3.029
1861.000	3.028
1862.000	3.026
1863.000	3.025
1864.000	3.023
1865.000	3.022
1866.000	3.020
1867.000	3.019
1868.000	3.018
1869.000	3.016
1870.000	3.016
1871.000	3.015
1872.000	3.013
1873.000	3.012
1874.000	3.010
1875.000	3.009
1876.000	3.008
1877.000	3.006
1878.000	3.005
1879.000	3.003
1880.000	3.002
1881.000	3.002
1882.000	3.000
1883.000	2.999
1884.000	2.998
1885.000	2.996
1886.000	2.995
1887.000	2.993
1888.000	2.992
1889.000	2.991
1890.000	2.989
1891.000	2.988
1892.000	2.988
1893.000	2.986
1894.000	2.985
1895.000	2.983
1896.000	2.982
1897.000	2.981
1898.000	2.979
1899.000	2.978
1900.000	2.976
1901.000	2.975
1902.000	2.974
1903.000	2.973
1904.000	2.972
1905.000	2.971
1906.000	2.969
1907.000	2.968
1908.000	2.966
1909.000	2.965
1910.000	2.964
1911.000	2.962
1912.000	2.961
1913.000	2.960
1914.000	2.959
1915.000	2.958
1916.000	2.957
1917.000	2.955
1918.000	2.954
1919.000	2.952
1920.000	2.951
1921.000	2.950
1922.000	2.948
1923.000	2.947
1924.000	2.945
1925.000	2.944
1926.000	2.944
1927.000	2.943
1928.000	2.941
1929.000	2.940
1930.000	2.938
1931.000	2.937
1932.000	2.936
1933.000	2.934
1934.000	2.933
1935.000	2.932
1936.000	2.930
1937.000	2.930
1938.000	2.929
1939.000	2.927
1940.000	2.926
1941.000	2.924
1942.000	2.923
1943.000	2.922
1944.000	2.920
1945.000	2.919
1946.000	2.918
1947.000	2.916
1948.000	2.916
1949.000	2.915
1950.000	2.913
1951.000	2.912
1952.000	2.911
1953.000	2.909
1954.000	2.908
1955.000	2.907
1956.000	2.905
1957.000	2.904
1958.000	2.902
1959.000	2.902
1960.000	2.901
1961.000	2.900
1962.000	2.899
1963.000	2.897
1964.000	2.896
1965.000	2.895
1966.000	2.894
1967.000	2.893
1968.000	2.893
1969.000	2.892
1970.000	2.892
1971.000	2.892
1972.000	2.892
1973.000	2.891
1974.000	2.891
1975.000	2.891
1976.000	2.891
1977.000	2.891
1978.000	2.890
1979.000	2.890
1980.000	2.890
1981.000	2.890
1982.000	2.890
1983.000	2.889
1984.000	2.889
1985.000	2.889
1986.000	2.889
1987.000	2.888
1988.000	2.888
1989.000	2.888
1990.000	2.888
1991.000	2.888
1992.000	2.887
1993.000	2.887
1994.000	2.887
1995.000	2.887
1996.000	2.887
1997.000	2.886
1998.000	2.886
1999.000	2.886
2000.000	2.886
2001.000	2.885
2002.000	2.885
2003.000	2.885
2004.000	2.885
2005.000	2.885
2006.000	2.884
2007.000	2.884
2008.000	2.884
2009.000	2.884
2010.000	2.884
2011.000	2.883
2012.000	2.883
2013.000	2.883
2014.000	2.883
2015.000	2.882
2016.000	2.882
2017.000	2.882
2018.000	2.882
2019.000	2.882
2020.000	2.881
2021.000	2.881
2022.000	2.881
2023.000	2.881
2024.000	2.881
2025.000	2.880
2026.000	2.880
2027.000	2.880
2028.000	2.880
2029.000	2.879
2030.000	2.879
2031.000	2.879
2032.000	2.879
2033.000	2.879
2034.000	2.878
2035.000	2.878
2036.000	2.877
2037.000	2.877
2038.000	2.876
2039.000	2.876
2040.000	2.875
2041.000	2.875
2042.000	2.874
2043.000	2.874
2044.000	2.873
2045.000	2.873
2046.000	2.872
2047.000	2.872
2048.000	2.871
2049.000	2.871
2050.000	2.870
2051.000	2.869
2052.000	2.868
2053.000	2.867
2054.000	2.866
2055.000	2.865
2056.000	2.864
2057.000	2.863
2058.000	2.862
2059.000	2.861
2060.000	2.861
2061.000	2.860
2062.000	2.859
2063.000	2.858
2064.000	2.857
2065.000	2.856
2066.000	2.855
2067.000	2.854
2068.000	2.853
2069.000	2.852
2070.000	2.851
2071.000	2.850
2072.000	2.849
2073.000	2.848
2074.000	2.847
2075.000	2.846
2076.000	2.845
2077.000	2.844
2078.000	2.843
2079.000	2.842
2080.000	2.841
2081.000	2.840
2082.000	2.840
2083.000	2.839
2084.000	2.838
2085.000	2.837
2086.000	2.836
2087.000	2.835
2088.000	2.834
2089.000	2.833
2090.000	2.832
2091.000	2.831
2092.000	2.830
2093.000	2.830
2094.000	2.829
2095.000	2.828
2096.000	2.827
2097.000	2.826
2098.000	2.825
2099.000	2.824
2100.000	2.823
2101.000	2.822
2102.000	2.821
2103.000	2.820
2104.000	2.819
2105.000	2.818
2106.000	2.817
2107.000	2.816
2108.000	2.815
2109.000	2.814
2110.000	2.813
2111.000	2.812
2112.000	2.812
2113.000	2.811
2114.000	2.810
2115.000	2.809
2116.000	2.808
2117.000	2.807
2118.000	2.806
2119.000	2.805
2120.000	2.804
2121.000	2.803
2122.000	2.802
2123.000	2.801
2124.000	2.801
2125.000	2.800
2126.000	2.799
2127.000	2.798
2128.000	2.797
2129.000	2.796
2130.000	2.795
2131.000	2.794
2132.000	2.794
2133.000	2.793
2134.000	2.792
2135.000	2.791
2136.000	2.790
2137.000	2.789
2138.000	2.788
2139.000	2.788
2140.000	2.787
2141.000	2.786
2142.000	2.785
2143.000	2.784
2144.000	2.783
2145.000	2.782
2146.000	2.781
2147.000	2.780
2148.000	2.779
2149.000	2.778
2150.000	2.778
2151.000	2.777
2152.000	2.776
2153.000	2.775
2154.000	2.774
2155.000	2.773
2156.000	2.772
2157.000	2.771
2158.000	2.770
2159.000	2.769
2160.000	2.769
2161.000	2.768
2162.000	2.767
2163.000	2.766
2164.000	2.765
2165.000	2.764
2166.000	2.763
2167.000	2.762
2168.000	2.761
2169.000	2.760
2170.000	2.759
2171.000	2.759
2172.000	2.758
2173.000	2.757
2174.000	2.756
2175.000	2.755
2176.000	2.754
2177.000	2.753
2178.000	2.752
2179.000	2.751
2180.000	2.750
2181.000	2.749
2182.000	2.749
2183.000	2.748
2184.000	2.747
2185.000	2.746
2186.000	2.745
2187.000	2.744
2188.000	2.743
2189.000	2.742
2190.000	2.741
2191.000	2.741
2192.000	2.740
2193.000	2.739
2194.000	2.738
2195.000	2.738
2196.000	2.737
2197.000	2.736
2198.000	2.735
2199.000	2.734
2200.000	2.733
2201.000	2.732
2202.000	2.731
2203.000	2.730
2204.000	2.729
2205.000	2.729
2206.000	2.728
2207.000	2.727
2208.000	2.726
2209.000	2.725
2210.000	2.724
2211.000	2.723
2212.000	2.722
2213.000	2.722
2214.000	2.721
2215.000	2.720
2216.000	2.719
2217.000	2.719
2218.000	2.718
2219.000	2.717
2220.000	2.716
2221.000	2.715
2222.000	2.714
2223.000	2.713
2224.000	2.712
2225.000	2.711
2226.000	2.710
2227.000	2.710
2228.000	2.709
2229.000	2.708
2230.000	2.707
2231.000	2.707
2232.000	2.706
2233.000	2.705
2234.000	2.704
2235.000	2.703
2236.000	2.702
2237.000	2.701
2238.000	2.701
2239.000	2.700
2240.000	2.699
2241.000	2.698
2242.000	2.697
2243.000	2.697
2244.000	2.696
2245.000	2.695
2246.000	2.694
2247.000	2.693
2248.000	2.692
2249.000	2.692
2250.000	2.691
2251.000	2.690
2252.000	2.689
2253.000	2.689
2254.000	2.688
2255.000	2.687
2256.000	2.686
2257.000	2.685
2258.000	2.684
2259.000	2.683
2260.000	2.683
2261.000	2.682
2262.000	2.682
2263.000	2.681
2264.000	2.680
2265.000	2.679
2266.000	2.678
2267.000	2.677
2268.000	2.676
2269.000	2.675
2270.000	2.675
2271.000	2.674
2272.000	2.674
2273.000	2.673
2274.000	2.672
2275.000	2.671
2276.000	2.670
2277.000	2.669
2278.000	2.668
2279.000	2.668
2280.000	2.667
2281.000	2.666
2282.000	2.665
2283.000	2.665
2284.000	2.664
2285.000	2.663
2286.000	2.662
2287.000	2.662
2288.000	2.661
2289.000	2.660
2290.000	2.659
2291.000	2.658
2292.000	2.657
2293.000	2.656
2294.000	2.656
2295.000	2.656
2296.000	2.655
2297.000	2.654
2298.000	2.653
2299.000	2.652
2300.000	2.651
2301.000	2.650
2302.000	2.650
2303.000	2.649
2304.000	2.648
2305.000	2.648
2306.000	2.647
2307.000	2.646
2308.000	2.645
2309.000	2.645
2310.000	2.644
2311.000	2.643
2312.000	2.642
2313.000	2.641
2314.000	2.640
2315.000	2.639
2316.000	2.639
2317.000	2.639
2318.000	2.638
2319.000	2.637
2320.000	2.636
2321.000	2.635
2322.000	2.634
2323.000	2.634
2324.000	2.633
2325.000	2.632
2326.000	2.631
2327.000	2.631
2328.000	2.630
2329.000	2.629
2330.000	2.629
2331.000	2.628
2332.000	2.627
2333.000	2.626
2334.000	2.625
2335.000	2.625
2336.000	2.624
2337.000	2.623
2338.000	2.622
2339.000	2.622
2340.000	2.621
2341.000	2.620
2342.000	2.620
2343.000	2.619
2344.000	2.618
2345.000	2.617
2346.000	2.616
2347.000	2.615
2348.000	2.614
2349.000	2.614
2350.000	2.614
2351.000	2.613
2352.000	2.612
2353.000	2.611
2354.000	2.610
2355.000	2.609
2356.000	2.608
2357.000	2.607
2358.000	2.606
2359.000	2.605
2360.000	2.604
2361.000	2.604
2362.000	2.603
2363.000	2.602
2364.000	2.601
2365.000	2.600
2366.000	2.600
2367.000	2.599
2368.000	2.598
2369.000	2.597
2370.000	2.596
2371.000	2.595
2372.000	2.595
2373.000	2.594
2374.000	2.593
2375.000	2.592
2376.000	2.591
2377.000	2.590
2378.000	2.589
2379.000	2.588
2380.000	2.588
2381.000	2.587
2382.000	2.586
2383.000	2.586
2384.000	2.585
2385.000	2.584
2386.000	2.583
2387.000	2.582
2388.000	2.581
2389.000	2.580
2390.000	2.579
2391.000	2.578
2392.000	2.578
2393.000	2.577
2394.000	2.577
2395.000	2.576
2396.000	2.575
2397.000	2.574
2398.000	2.573
2399.000	2.572
2400.000	2.571
2401.000	2.570
2402.000	2.569
2403.000	2.568
2404.000	2.568
2405.000	2.568
2406.000	2.567
2407.000	2.566
2408.000	2.565
2409.000	2.564
2410.000	2.563
2411.000	2.562
2412.000	2.561
2413.000	2.560
2414.000	2.560
2415.000	2.559
2416.000	2.558
2417.000	2.558
2418.000	2.557
2419.000	2.556
2420.000	2.555
2421.000	2.554
2422.000	2.553
2423.000	2.552
2424.000	2.552
2425.000	2.551
2426.000	2.550
2427.000	2.549
2428.000	2.549
2429.000	2.548
2430.000	2.547
2431.000	2.546
2432.000	2.545
2433.000	2.545
2434.000	2.544
2435.000	2.543
2436.000	2.542
2437.000	2.541
2438.000	2.540
2439.000	2.540
2440.000	2.539
2441.000	2.538
2442.000	2.537
2443.000	2.536
2444.000	2.535
2445.000	2.534
2446.000	2.533
2447.000	2.532
2448.000	2.531
2449.000	2.530
2450.000	2.530
2451.000	2.529
2452.000	2.528
2453.000	2.527
2454.000	2.526
2455.000	2.525
2456.000	2.523
2457.000	2.522
2458.000	2.521
2459.000	2.520
2460.000	2.519
2461.000	2.519
2462.000	2.518
2463.000	2.517
2464.000	2.516
2465.000	2.515
2466.000	2.514
2467.000	2.513
2468.000	2.512
2469.000	2.512
2470.000	2.511
2471.000	2.510
2472.000	2.510
2473.000	2.509
2474.000	2.509
2475.000	2.508
2476.000	2.507
2477.000	2.506
2478.000	2.505
2479.000	2.505
2480.000	2.504
2481.000	2.503
2482.000	2.502
2483.000	2.501
2484.000	2.501
2485.000	2.501
2486.000	2.500
2487.000	2.500
2488.000	2.499
2489.000	2.499
2490.000	2.499
2491.000	2.498
2492.000	2.498
2493.000	2.498
2494.000	2.497
2495.000	2.497
2496.000	2.497
2497.000	2.497
2498.000	2.496
2499.000	2.496
2500.000	2.496
2501.000	2.495
2502.000	2.495
2503.000	2.495
2504.000	2.494
2505.000	2.494
2506.000	2.494
2507.000	2.494
2508.000	2.493
2509.000	2.493
2510.000	2.492
2511.000	2.492
2512.000	2.492
2513.000	2.491
2514.000	2.491
2515.000	2.490
2516.000	2.490
2517.000	2.490
2518.000	2.489
2519.000	2.489
2520.000	2.489
2521.000	2.488
2522.000	2.488
2523.000	2.487
2524.000	2.487
2525.000	2.487
2526.000	2.486
2527.000	2.486
2528.000	2.486
2529.000	2.485
2530.000	2.485
2531.000	2.485
2532.000	2.484
2533.000	2.484
2534.000	2.483
2535.000	2.483
2536.000	2.483
2537.000	2.482
2538.000	2.482
2539.000	2.482
2540.000	2.481
2541.000	2.481
2542.000	2.481
2543.000	2.480
2544.000	2.480
2545.000	2.479
2546.000	2.479
2547.000	2.478
2548.000	2.478
2549.000	2.478
2550.000	2.477
2551.000	2.477
2552.000	2.477
2553.000	2.476
2554.000	2.476
2555.000	2.475
2556.000	2.475
2557.000	2.474
2558.000	2.474
2559.000	2.473
2560.000	2.473
2561.000	2.472
2562.000	2.472
2563.000	2.472
2564.000	2.471
2565.000	2.471
2566.000	2.470
2567.000	2.470
2568.000	2.469
2569.000	2.469
2570.000	2.468
2571.000	2.468
2572.000	2.467
2573.000	2.467
2574.000	2.467
2575.000	2.467
2576.000	2.466
2577.000	2.466
2578.000	2.465
2579.000	2.465
2580.000	2.464
2581.000	2.464
2582.000	2.463
2583.000	2.463
2584.000	2.463
2585.000	2.462
2586.000	2.462
2587.000	2.461
2588.000	2.461
2589.000	2.460
2590.000	2.460
2591.000	2.459
2592.000	2.459
2593.000	2.458
2594.000	2.458
2595.000	2.458
2596.000	2.457
2597.000	2.457
2598.000	2.456
2599.000	2.455
2600.000	2.455
2601.000	2.454
2602.000	2.454
2603.000	2.453
2604.000	2.453
2605.000	2.452
2606.000	2.452
2607.000	2.452
2608.000	2.451
2609.000	2.451
2610.000	2.450
2611.000	2.449
2612.000	2.449
2613.000	2.448
2614.000	2.448
2615.000	2.447
2616.000	2.447
2617.000	2.447
2618.000	2.446
2619.000	2.446
2620.000	2.445
2621.000	2.444
2622.000	2.444
2623.000	2.443
2624.000	2.443
2625.000	2.442
2626.000	2.442
2627.000	2.441
2628.000	2.441
2629.000	2.441
2630.000	2.440
2631.000	2.439
2632.000	2.439
2633.000	2.438
2634.000	2.438
2635.000	2.437
2636.000	2.437
2637.000	2.436
2638.000	2.436
2639.000	2.435
2640.000	2.435
2641.000	2.435
2642.000	2.434
2643.000	2.433
2644.000	2.433
2645.000	2.432
2646.000	2.432
2647.000	2.431
2648.000	2.431
2649.000	2.430
2650.000	2.430
2651.000	2.430
2652.000	2.429
2653.000	2.428
2654.000	2.428
2655.000	2.427
2656.000	2.427
2657.000	2.426
2658.000	2.426
2659.000	2.425
2660.000	2.425
2661.000	2.424
2662.000	2.424
2663.000	2.424
2664.000	2.423
2665.000	2.422
2666.000	2.422
2667.000	2.421
2668.000	2.421
2669.000	2.420
2670.000	2.420
2671.000	2.419
2672.000	2.419
2673.000	2.419
2674.000	2.418
2675.000	2.418
2676.000	2.417
2677.000	2.416
2678.000	2.416
2679.000	2.415
2680.000	2.415
2681.000	2.414
2682.000	2.414
2683.000	2.413
2684.000	2.413
2685.000	2.412
2686.000	2.412
2687.000	2.411
2688.000	2.411
2689.000	2.410
2690.000	2.410
2691.000	2.409
2692.000	2.409
2693.000	2.408
2694.000	2.407
2695.000	2.407
2696.000	2.407
2697.000	2.406
2698.000	2.405
2699.000	2.405
2700.000	2.404
2701.000	2.404
2702.000	2.403
2703.000	2.402
2704.000	2.402
2705.000	2.401
2706.000	2.400
2707.000	2.400
2708.000	2.400
2709.000	2.399
2710.000	2.399
2711.000	2.398
2712.000	2.397
2713.000	2.397
2714.000	2.396
2715.000	2.396
2716.000	2.395
2717.000	2.394
2718.000	2.394
2719.000	2.394
2720.000	2.393
2721.000	2.392
2722.000	2.392
2723.000	2.391
2724.000	2.391
2725.000	2.390
2726.000	2.389
2727.000	2.389
2728.000	2.388
2729.000	2.388
2730.000	2.388
2731.000	2.387
2732.000	2.386
2733.000	2.386
2734.000	2.385
2735.000	2.385
2736.000	2.384
2737.000	2.383
2738.000	2.383
2739.000	2.382
2740.000	2.382
2741.000	2.381
2742.000	2.381
2743.000	2.380
2744.000	2.380
2745.000	2.379
2746.000	2.378
2747.000	2.378
2748.000	2.377
2749.000	2.377
2750.000	2.376
2751.000	2.376
2752.000	2.375
2753.000	2.375
2754.000	2.374
2755.000	2.374
2756.000	2.373
2757.000	2.372
2758.000	2.372
2759.000	2.371
2760.000	2.370
2761.000	2.370
2762.000	2.369
2763.000	2.369
2764.000	2.369
2765.000	2.368
2766.000	2.367
2767.000	2.367
2768.000	2.366
2769.000	2.366
2770.000	2.365
2771.000	2.364
2772.000	2.364
2773.000	2.363
2774.000	2.363
2775.000	2.363
2776.000	2.362
2777.000	2.361
2778.000	2.361
2779.000	2.360
2780.000	2.360
2781.000	2.359
2782.000	2.358
2783.000	2.358
2784.000	2.357
2785.000	2.357
2786.000	2.357
2787.000	2.356
2788.000	2.355
2789.000	2.355
2790.000	2.354
2791.000	2.354
2792.000	2.353
2793.000	2.352
2794.000	2.352
2795.000	2.351
2796.000	2.351
2797.000	2.351
2798.000	2.350
2799.000	2.349
2800.000	2.349
2801.000	2.348
2802.000	2.348
2803.000	2.347
2804.000	2.346
2805.000	2.346
2806.000	2.345
2807.000	2.345
2808.000	2.345
2809.000	2.344
2810.000	2.343
2811.000	2.343
2812.000	2.342
2813.000	2.342
2814.000	2.341
2815.000	2.340
2816.000	2.340
2817.000	2.339
2818.000	2.339
2819.000	2.339
2820.000	2.338
2821.000	2.337
2822.000	2.337
2823.000	2.336
2824.000	2.336
2825.000	2.335
2826.000	2.335
2827.000	2.334
2828.000	2.333
2829.000	2.333
2830.000	2.333
2831.000	2.332
2832.000	2.332
2833.000	2.331
2834.000	2.330
2835.000	2.330
2836.000	2.329
2837.000	2.329
2838.000	2.328
2839.000	2.327
2840.000	2.327
2841.000	2.327
2842.000	2.326
2843.000	2.326
2844.000	2.325
2845.000	2.325
2846.000	2.324
2847.000	2.324
2848.000	2.323
2849.000	2.323
2850.000	2.322
2851.000	2.322
2852.000	2.322
2853.000	2.321
2854.000	2.321
2855.000	2.320
2856.000	2.320
2857.000	2.320
2858.000	2.319
2859.000	2.319
2860.000	2.318
2861.000	2.318
2862.000	2.317
2863.000	2.317
2864.000	2.317
2865.000	2.316
2866.000	2.316
2867.000	2.315
2868.000	2.315
2869.000	2.314
2870.000	2.314
2871.000	2.313
2872.000	2.313
2873.000	2.312
2874.000	2.312
2875.000	2.312
2876.000	2.311
2877.000	2.311
2878.000	2.310
2879.000	2.310
2880.000	2.310
2881.000	2.309
2882.000	2.309
2883.000	2.308
2884.000	2.308
2885.000	2.308
2886.000	2.307
2887.000	2.307
2888.000	2.306
2889.000	2.306
2890.000	2.305
2891.000	2.305
2892.000	2.304
2893.000	2.304
2894.000	2.303
2895.000	2.303
2896.000	2.303
2897.000	2.302
2898.000	2.302
2899.000	2.301
2900.000	2.301
2901.000	2.301
2902.000	2.300
2903.000	2.299
2904.000	2.299
2905.000	2.298
2906.000	2.298
2907.000	2.297
2908.000	2.297
2909.000	2.297
2910.000	2.296
2911.000	2.296
2912.000	2.295
2913.000	2.295
2914.000	2.294
2915.000	2.294
2916.000	2.293
2917.000	2.293
2918.000	2.292
2919.000	2.292
2920.000	2.292
2921.000	2.291
2922.000	2.290
2923.000	2.290
2924.000	2.289
2925.000	2.289
2926.000	2.288
2927.000	2.288
2928.000	2.287
2929.000	2.287
2930.000	2.287
2931.000	2.286
2932.000	2.286
2933.000	2.285
2934.000	2.285
2935.000	2.284
2936.000	2.284
2937.000	2.283
2938.000	2.283
2939.000	2.282
2940.000	2.282
2941.000	2.282
2942.000	2.281
2943.000	2.280
2944.000	2.280
2945.000	2.279
2946.000	2.279
2947.000	2.278
2948.000	2.278
2949.000	2.278
2950.000	2.277
2951.000	2.277
2952.000	2.277
2953.000	2.276
2954.000	2.276
2955.000	2.275
2956.000	2.275
2957.000	2.275
2958.000	2.274
2959.000	2.274
2960.000	2.273
2961.000	2.273
2962.000	2.273
2963.000	2.273
2964.000	2.272
2965.000	2.272
2966.000	2.271
2967.000	2.271
2968.000	2.271
2969.000	2.270
2970.000	2.270
2971.000	2.270
2972.000	2.269
2973.000	2.269
2974.000	2.269
2975.000	2.269
2976.000	2.268
2977.000	2.268
2978.000	2.267
2979.000	2.267
2980.000	2.267
2981.000	2.266
2982.000	2.266
2983.000	2.266
2984.000	2.265
2985.000	2.265
2986.000	2.265
2987.000	2.265
2988.000	2.264
2989.000	2.264
2990.000	2.263
2991.000	2.263
2992.000	2.263
2993.000	2.262
2994.000	2.262
2995.000	2.262
2996.000	2.261
2997.000	2.261
2998.000	2.261
2999.000	2.261
3000.000	2.260
3001.000	2.260
3002.000	2.259
3003.000	2.259
3004.000	2.259
3005.000	2.258
3006.000	2.258
3007.000	2.258
3008.000	2.258
3009.000	2.257
3010.000	2.257
3011.000	2.257
3012.000	2.256
3013.000	2.256
3014.000	2.255
3015.000	2.255
3016.000	2.255
3017.000	2.254
3018.000	2.254
3019.000	2.254
3020.000	2.254
3021.000	2.253
3022.000	2.253
3023.000	2.253
3024.000	2.252
3025.000	2.252
3026.000	2.251
3027.000	2.251
3028.000	2.251
3029.000	2.250
3030.000	2.250
3031.000	2.250
3032.000	2.250
3033.000	2.249
3034.000	2.249
3035.000	2.249
3036.000	2.248
3037.000	2.248
3038.000	2.248
3039.000	2.247
3040.000	2.247
3041.000	2.247
3042.000	2.247
3043.000	2.246
3044.000	2.246
3045.000	2.246
3046.000	2.245
3047.000	2.245
3048.000	2.245
3049.000	2.244
3050.000	2.244
3051.000	2.244
3052.000	2.244
3053.000	2.244
3054.000	2.243
3055.000	2.243
3056.000	2.243
3057.000	2.242
3058.000	2.242
3059.000	2.242
3060.000	2.241
3061.000	2.241
3062.000	2.241
3063.000	2.240
3064.000	2.240
3065.000	2.240
3066.000	2.240
3067.000	2.239
3068.000	2.239
3069.000	2.239
3070.000	2.238
3071.000	2.238
3072.000	2.238
3073.000	2.238
3074.000	2.237
3075.000	2.237
3076.000	2.237
3077.000	2.237
3078.000	2.236
3079.000	2.236
3080.000	2.236
3081.000	2.235
3082.000	2.235
3083.000	2.235
3084.000	2.235
3085.000	2.234
3086.000	2.234
3087.000	2.234
3088.000	2.234
3089.000	2.233
3090.000	2.233
3091.000	2.233
3092.000	2.233
3093.000	2.232
3094.000	2.232
3095.000	2.232
3096.000	2.232
3097.000	2.232
3098.000	2.231
3099.000	2.231
3100.000	2.231
3101.000	2.231
3102.000	2.230
3103.000	2.230
3104.000	2.230
3105.000	2.230
3106.000	2.229
3107.000	2.229
3108.000	2.229
3109.000	2.229
3110.000	2.229
3111.000	2.229
3112.000	2.228
3113.000	2.228
3114.000	2.228
3115.000	2.228
3116.000	2.227
3117.000	2.227
3118.000	2.227
3119.000	2.227
3120.000	2.227
3121.000	2.226
3122.000	2.226
3123.000	2.226
3124.000	2.226
3125.000	2.225
3126.000	2.225
3127.000	2.225
3128.000	2.225
3129.000	2.224
3130.000	2.224
3131.000	2.224
3132.000	2.224
3133.000	2.224
3134.000	2.223
3135.000	2.223
3136.000	2.223
3137.000	2.223
3138.000	2.223
3139.000	2.223
3140.000	2.222
3141.000	2.222
3142.000	2.222
3143.000	2.222
3144.000	2.222
3145.000	2.222
3146.000	2.222
3147.000	2.221
3148.000	2.221
3149.000	2.221
3150.000	2.221
3151.000	2.221
3152.000	2.221
3153.000	2.221
3154.000	2.220
3155.000	2.220
3156.000	2.220
3157.000	2.220
3158.000	2.220
3159.000	2.220
3160.000	2.219
3161.000	2.219
3162.000	2.219
3163.000	2.219
3164.000	2.219
3165.000	2.219
3166.000	2.219
3167.000	2.218
3168.000	2.218
3169.000	2.218
3170.000	2.218
3171.000	2.218
3172.000	2.217
3173.000	2.217
3174.000	2.217
3175.000	2.217
3176.000	2.217
3177.000	2.217
3178.000	2.217
3179.000	2.216
3180.000	2.216
3181.000	2.216
3182.000	2.216
3183.000	2.216
3184.000	2.215
3185.000	2.215
3186.000	2.215
3187.000	2.215
3188.000	2.215
3189.000	2.214
3190.000	2.214
3191.000	2.214
3192.000	2.214
3193.000	2.213
3194.000	2.213
3195.000	2.213
3196.000	2.213
3197.000	2.212
3198.000	2.212
3199.000	2.212
3200.000	2.212
3201.000	2.212
3202.000	2.211
3203.000	2.211
3204.000	2.211
3205.000	2.211
3206.000	2.210
3207.000	2.210
3208.000	2.210
3209.000	2.210
3210.000	2.210
3211.000	2.209
3212.000	2.209
3213.000	2.209
3214.000	2.208
3215.000	2.208
3216.000	2.208
3217.000	2.208
3218.000	2.207
3219.000	2.207
3220.000	2.207
3221.000	2.207
3222.000	2.207
3223.000	2.206
3224.000	2.206
3225.000	2.206
3226.000	2.206
3227.000	2.205
3228.000	2.205
3229.000	2.205
3230.000	2.205
3231.000	2.205
3232.000	2.204
3233.000	2.204
3234.000	2.204
3235.000	2.204
3236.000	2.203
3237.000	2.203
3238.000	2.203
3239.000	2.203
3240.000	2.202
3241.000	2.202
3242.000	2.202
3243.000	2.202
3244.000	2.202
3245.000	2.201
3246.000	2.201
3247.000	2.201
3248.000	2.201
3249.000	2.200
3250.000	2.200
3251.000	2.200
3252.000	2.200
3253.000	2.199
3254.000	2.199
3255.000	2.199
3256.000	2.199
3257.000	2.199
3258.000	2.199
3259.000	2.198
3260.000	2.198
3261.000	2.198
3262.000	2.198
3263.000	2.198
3264.000	2.198
3265.000	2.198
3266.000	2.197
3267.000	2.197
3268.000	2.197
3269.000	2.197
3270.000	2.197
3271.000	2.196
3272.000	2.196
3273.000	2.196
3274.000	2.196
3275.000	2.196
3276.000	2.196
3277.000	2.195
3278.000	2.195
3279.000	2.195
3280.000	2.195
3281.000	2.195
3282.000	2.194
3283.000	2.194
3284.000	2.194
3285.000	2.194
3286.000	2.194
3287.000	2.194
3288.000	2.194
3289.000	2.193
3290.000	2.193
3291.000	2.193
3292.000	2.193
3293.000	2.193
3294.000	2.192
3295.000	2.192
3296.000	2.192
3297.000	2.192
3298.000	2.192
3299.000	2.192
3300.000	2.191
3301.000	2.191
3302.000	2.191
3303.000	2.191
3304.000	2.191
3305.000	2.191
3306.000	2.190
3307.000	2.190
3308.000	2.190
3309.000	2.190
3310.000	2.190
3311.000	2.190
3312.000	2.189
3313.000	2.189
3314.000	2.189
3315.000	2.189
3316.000	2.189
3317.000	2.189
3318.000	2.188
3319.000	2.188
3320.000	2.188
3321.000	2.188
3322.000	2.188
3323.000	2.188
3324.000	2.187
3325.000	2.187
3326.000	2.187
3327.000	2.187
3328.000	2.187
3329.000	2.186
3330.000	2.186
3331.000	2.186
3332.000	2.186
3333.000	2.186
3334.000	2.186
3335.000	2.186
3336.000	2.185
3337.000	2.185
3338.000	2.185
3339.000	2.185
3340.000	2.185
3341.000	2.184
3342.000	2.184
3343.000	2.184
3344.000	2.184
3345.000	2.184
3346.000	2.184
3347.000	2.184
3348.000	2.183
3349.000	2.183
3350.000	2.183
3351.000	2.183
3352.000	2.183
3353.000	2.182
3354.000	2.182
3355.000	2.182
3356.000	2.182
3357.000	2.182
3358.000	2.182
3359.000	2.181
3360.000	2.181
3361.000	2.181
3362.000	2.181
3363.000	2.181
3364.000	2.181
3365.000	2.181
3366.000	2.180
3367.000	2.180
3368.000	2.180
3369.000	2.180
3370.000	2.180
3371.000	2.179
3372.000	2.179
3373.000	2.179
3374.000	2.179
3375.000	2.179
3376.000	2.179
3377.000	2.179
3378.000	2.178
3379.000	2.178
3380.000	2.178
3381.000	2.178
3382.000	2.178
3383.000	2.177
3384.000	2.177
3385.000	2.177
3386.000	2.177
3387.000	2.177
3388.000	2.177
3389.000	2.177
3390.000	2.176
3391.000	2.176
3392.000	2.176
3393.000	2.176
3394.000	2.176
3395.000	2.175
3396.000	2.175
3397.000	2.175
3398.000	2.175
3399.000	2.175
3400.000	2.175
3401.000	2.175
3402.000	2.174
3403.000	2.174
3404.000	2.174
3405.000	2.174
3406.000	2.174
3407.000	2.173
3408.000	2.173
3409.000	2.173
3410.000	2.173
3411.000	2.173
3412.000	2.173
3413.000	2.173
3414.000	2.172
3415.000	2.172
3416.000	2.172
3417.000	2.172
3418.000	2.172
3419.000	2.171
3420.000	2.171
3421.000	2.171
3422.000	2.171
3423.000	2.171
3424.000	2.171
3425.000	2.171
3426.000	2.170
3427.000	2.170
3428.000	2.170
3429.000	2.170
3430.000	2.170
3431.000	2.169
3432.000	2.169
3433.000	2.169
3434.000	2.169
3435.000	2.169
3436.000	2.169
3437.000	2.169
3438.000	2.168
3439.000	2.168
3440.000	2.168
3441.000	2.168
3442.000	2.168
3443.000	2.168
3444.000	2.168
3445.000	2.167
3446.000	2.167
3447.000	2.167
3448.000	2.167
3449.000	2.167
3450.000	2.166
3451.000	2.166
3452.000	2.166
3453.000	2.166
3454.000	2.166
3455.000	2.166
3456.000	2.166
3457.000	2.165
3458.000	2.165
3459.000	2.165
3460.000	2.165
3461.000	2.165
3462.000	2.164
3463.000	2.164
3464.000	2.164
3465.000	2.164
3466.000	2.164
3467.000	2.164
3468.000	2.164
3469.000	2.163
3470.000	2.163
3471.000	2.163
3472.000	2.163
3473.000	2.163
3474.000	2.163
3475.000	2.162
3476.000	2.162
3477.000	2.162
3478.000	2.162
3479.000	2.162
3480.000	2.162
3481.000	2.161
3482.000	2.161
3483.000	2.161
3484.000	2.161
3485.000	2.161
3486.000	2.161
3487.000	2.160
3488.000	2.160
3489.000	2.160
3490.000	2.160
3491.000	2.160
3492.000	2.160
3493.000	2.159
3494.000	2.159
3495.000	2.159
3496.000	2.159
3497.000	2.159
3498.000	2.159
3499.000	2.159
3500.000	2.158
3501.000	2.158
3502.000	2.158
3503.000	2.158
3504.000	2.158
3505.000	2.158
3506.000	2.157
3507.000	2.157
3508.000	2.157
3509.000	2.157
3510.000	2.157
3511.000	2.157
3512.000	2.157
3513.000	2.157
3514.000	2.157
3515.000	2.156
3516.000	2.156
3517.000	2.156
3518.000	2.156
3519.000	2.156
3520.000	2.156
3521.000	2.156
3522.000	2.156
3523.000	2.156
3524.000	2.155
3525.000	2.155
3526.000	2.155
3527.000	2.155
3528.000	2.155
3529.000	2.155
3530.000	2.155
3531.000	2.155
3532.000	2.155
3533.000	2.154
3534.000	2.154
3535.000	2.154
3536.000	2.154
3537.000	2.154
3538.000	2.154
3539.000	2.154
3540.000	2.153
3541.000	2.153
3542.000	2.153
3543.000	2.153
3544.000	2.153
3545.000	2.153
3546.000	2.153
3547.000	2.153
3548.000	2.153
3549.000	2.152
3550.000	2.152
3551.000	2.152
3552.000	2.152
3553.000	2.152
3554.000	2.152
3555.000	2.152
3556.000	2.152
3557.000	2.152
3558.000	2.151
3559.000	2.151
3560.000	2.151
3561.000	2.151
3562.000	2.151
3563.000	2.151
3564.000	2.151
3565.000	2.151
3566.000	2.151
3567.000	2.150
3568.000	2.150
3569.000	2.150
3570.000	2.150
3571.000	2.150
3572.000	2.150
3573.000	2.150
3574.000	2.150
3575.000	2.149
3576.000	2.149
3577.000	2.149
3578.000	2.149
3579.000	2.149
3580.000	2.149
3581.000	2.149
3582.000	2.149
3583.000	2.149
3584.000	2.148
3585.000	2.148
3586.000	2.148
3587.000	2.148
3588.000	2.148
3589.000	2.148
3590.000	2.148
3591.000	2.148
3592.000	2.148
3593.000	2.148
3594.000	2.147
3595.000	2.147
3596.000	2.147
3597.000	2.147
3598.000	2.147
3599.000	2.147
3600.000	2.147
3601.000	2.147
3602.000	2.147
3603.000	2.146
3604.000	2.146
3605.000	2.146
3606.000	2.146
3607.000	2.146
3608.000	2.146
3609.000	2.146
3610.000	2.146
3611.000	2.146
3612.000	2.145
3613.000	2.145
3614.000	2.145
3615.000	2.145
3616.000	2.145
3617.000	2.145
3618.000	2.145
3619.000	2.145
3620.000	2.145
3621.000	2.144
3622.000	2.144
3623.000	2.144
3624.000	2.144
3625.000	2.144
3626.000	2.144
3627.000	2.144
3628.000	2.144
3629.000	2.144
3630.000	2.144
3631.000	2.143
3632.000	2.143
3633.000	2.143
3634.000	2.143
3635.000	2.143
3636.000	2.143
3637.000	2.143
3638.000	2.143
3639.000	2.143
3640.000	2.142
3641.000	2.142
3642.000	2.142
3643.000	2.142
3644.000	2.142
3645.000	2.142
3646.000	2.142
3647.000	2.142
3648.000	2.141
3649.000	2.141
3650.000	2.141
3651.000	2.141
3652.000	2.141
3653.000	2.141
3654.000	2.141
3655.000	2.141
3656.000	2.141
3657.000	2.140
3658.000	2.140
3659.000	2.140
3660.000	2.140
3661.000	2.140
3662.000	2.140
3663.000	2.140
3664.000	2.139
3665.000	2.139
3666.000	2.139
3667.000	2.139
3668.000	2.139
3669.000	2.139
3670.000	2.139
3671.000	2.139
3672.000	2.138
3673.000	2.138
3674.000	2.138
3675.000	2.138
3676.000	2.138
3677.000	2.138
3678.000	2.138
3679.000	2.138
3680.000	2.137
3681.000	2.137
3682.000	2.137
3683.000	2.137
3684.000	2.137
3685.000	2.137
3686.000	2.137
3687.000	2.137
3688.000	2.136
3689.000	2.136
3690.000	2.136
3691.000	2.136
3692.000	2.136
3693.000	2.136
3694.000	2.136
3695.000	2.136
3696.000	2.136
3697.000	2.135
3698.000	2.135
3699.000	2.135
3700.000	2.135
3701.000	2.135
3702.000	2.135
3703.000	2.135
3704.000	2.135
3705.000	2.134
3706.000	2.134
3707.000	2.134
3708.000	2.134
3709.000	2.134
3710.000	2.134
3711.000	2.134
3712.000	2.134
3713.000	2.134
3714.000	2.133
3715.000	2.133
3716.000	2.133
3717.000	2.133
3718.000	2.133
3719.000	2.133
3720.000	2.133
3721.000	2.133
3722.000	2.133
3723.000	2.132
3724.000	2.132
3725.000	2.132
3726.000	2.132
3727.000	2.132
3728.000	2.132
3729.000	2.131
3730.000	2.131
3731.000	2.131
3732.000	2.131
3733.000	2.131
3734.000	2.130
3735.000	2.130
3736.000	2.130
3737.000	2.130
3738.000	2.129
3739.000	2.129
3740.000	2.129
3741.000	2.128
3742.000	2.128
3743.000	2.128
3744.000	2.128
3745.000	2.127
3746.000	2.127
3747.000	2.127
3748.000	2.127
3749.000	2.127
3750.000	2.127
3751.000	2.127
3752.000	2.127
3753.000	2.127
3754.000	2.127
3755.000	2.127
3756.000	2.127
3757.000	2.127
3758.000	2.127
3759.000	2.127
3760.000	2.127
3761.000	2.127
3762.000	2.127
3763.000	2.127
3764.000	2.127
3765.000	2.127
3766.000	2.127
3767.000	2.127
3768.000	2.127
3769.000	2.127
3770.000	2.127
3771.000	2.127
3772.000	2.127
3773.000	2.127
3774.000	2.127
3775.000	2.127
3776.000	2.127
3777.000	2.127
3778.000	2.127
3779.000	2.127
3780.000	2.127
3781.000	2.127
3782.000	2.127
3783.000	2.127
3784.000	2.127
3785.000	2.127
3786.000	2.127
3787.000	2.127
3788.000	2.127
3789.000	2.127
3790.000	2.127
3791.000	2.127
3792.000	2.127
3793.000	2.127
3794.000	2.127
3795.000	2.127
3796.000	2.127
3797.000	2.127
3798.000	2.127
3799.000	2.127
3800.000	2.127
3801.000	2.127
3802.000	2.127
3803.000	2.127
3804.000	2.127
3805.000	2.127
3806.000	2.127
3807.000	2.127
3808.000	2.127
3809.000	2.127
3810.000	2.127
3811.000	2.127
3812.000	2.127
3813.000	2.127
3814.000	2.127
3815.000	2.127
3816.000	2.127
3817.000	2.127
3818.000	2.127
3819.000	2.127
3820.000	2.127
3821.000	2.127
3822.000	2.127
3823.000	2.127
3824.000	2.127
3825.000	2.127
3826.000	2.127
3827.000	2.127
3828.000	2.127
3829.000	2.127
3830.000	2.127
3831.000	2.127
3832.000	2.127
3833.000	2.127
3834.000	2.127
3835.000	2.127
3836.000	2.127
3837.000	2.127
3838.000	2.127
3839.000	2.127
3840.000	2.127
3841.000	2.127
3842.000	2.127
3843.000	2.127
3844.000	2.127
3845.000	2.127
3846.000	2.127
3847.000	2.127
3848.000	2.127
3849.000	2.127
3850.000	2.127
3851.000	2.127
3852.000	2.127
3853.000	2.127
3854.000	2.127
3855.000	2.127
3856.000	2.127
3857.000	2.127
3858.000	2.127
3859.000	2.127
3860.000	2.127
3861.000	2.127
3862.000	2.127
3863.000	2.127
3864.000	2.127
3865.000	2.127
3866.000	2.127
3867.000	2.127
3868.000	2.127
3869.000	2.127
3870.000	2.127
3871.000	2.127
3872.000	2.127
3873.000	2.127
3874.000	2.127
3875.000	2.127
3876.000	2.127
3877.000	2.127
3878.000	2.127
3879.000	2.127
3880.000	2.127
3881.000	2.127
3882.000	2.127
3883.000	2.127
3884.000	2.127
3885.000	2.127
3886.000	2.127
3887.000	2.127
3888.000	2.127
3889.000	2.127
3890.000	2.127
3891.000	2.127
3892.000	2.127
3893.000	2.127
3894.000	2.127
3895.000	2.127
3896.000	2.127
3897.000	2.127
3898.000	2.127
3899.000	2.127
3900.000	2.127
3901.000	2.127
3902.000	2.127
3903.000	2.127
3904.000	2.127
3905.000	2.127
3906.000	2.127
3907.000	2.127
3908.000	2.127
3909.000	2.127
3910.000	2.127
3911.000	2.127
3912.000	2.127
3913.000	2.127
3914.000	2.127
3915.000	2.127
3916.000	2.127
3917.000	2.127
3918.000	2.127
3919.000	2.127
3920.000	2.127
3921.000	2.127
3922.000	2.127
3923.000	2.127
3924.000	2.127
3925.000	2.127
3926.000	2.127
3927.000	2.127
3928.000	2.127
3929.000	2.127
3930.000	2.127
3931.000	2.127
3932.000	2.127
3933.000	2.127
3934.000	2.127
3935.000	2.127
3936.000	2.127
3937.000	2.127
3938.000	2.127
3939.000	2.127
3940.000	2.127
3941.000	2.127
3942.000	2.127
3943.000	2.127
3944.000	2.127
3945.000	2.127
3946.000	2.127
3947.000	2.127
3948.000	2.127
3949.000	2.127
3950.000	2.127
3951.000	2.127
3952.000	2.127
3953.000	2.127
3954.000	2.127
3955.000	2.127
3956.000	2.127
3957.000	2.127
3958.000	2.127
3959.000	2.127
3960.000	2.127
3961.000	2.127
3962.000	2.127
3963.000	2.127
3964.000	2.127
3965.000	2.127
3966.000	2.127
3967.000	2.127
3968.000	2.127
3969.000	2.127
3970.000	2.127
3971.000	2.127
3972.000	2.127
3973.000	2.127
3974.000	2.127
3975.000	2.127
3976.000	2.127
3977.000	2.127
3978.000	2.127
3979.000	2.127
3980.000	2.127
3981.000	2.127
3982.000	2.127
3983.000	2.109
3984.000	2.101
3985.000	2.101
3986.000	2.101
3987.000	2.101
3988.000	2.101
3989.000	2.101
3990.000	2.101
3991.000	2.101
3992.000	2.101
3993.000	2.101
3994.000	2.101
3995.000	2.101
3996.000	2.101
3997.000	2.101
3998.000	2.101
3999.000	2.101
4000.000	2.101
4001.000	2.101
4002.000	2.101
4003.000	2.101
4004.000	2.101
4005.000	2.101
4006.000	2.101
4007.000	2.101
4008.000	2.101
4009.000	2.101
4010.000	2.101
4011.000	2.101
4012.000	2.101
4013.000	2.101
4014.000	2.101
4015.000	2.101
4016.000	2.101
4017.000	2.101
4018.000	2.101
4019.000	2.101
4020.000	2.101
4021.000	2.101
4022.000	2.101
4023.000	2.101
4024.000	2.101
4025.000	2.101
4026.000	2.101
4027.000	2.101
4028.000	2.101
4029.000	2.101
4030.000	2.101
4031.000	2.101
4032.000	2.101
4033.000	2.101
4034.000	2.101
4035.000	2.101
4036.000	2.101
4037.000	2.101
4038.000	2.101
4039.000	2.101
4040.000	2.101
4041.000	2.101
4042.000	2.101
4043.000	2.101
4044.000	2.101
4045.000	2.101
4046.000	2.101
4047.000	2.101
4048.000	2.101
4049.000	2.101
4050.000	2.101
4051.000	2.101
4052.000	2.101
4053.000	2.101
4054.000	2.101
4055.000	2.101
4056.000	2.101
4057.000	2.101
4058.000	2.101
4059.000	2.101
4060.000	2.101
4061.000	2.101
4062.000	2.101
4063.000	2.101
4064.000	2.101
4065.000	2.101
4066.000	2.101
4067.000	2.101
4068.000	2.101
4069.000	2.101
4070.000	2.101
4071.000	2.101
4072.000	2.101
4073.000	2.101
4074.000	2.101
4075.000	2.038
4076.000	2.038
4077.000	2.038
4078.000	2.038
4079.000	2.028
4080.000	2.028
4081.000	2.028
4082.000	2.001
4083.000	2.001
4084.000	2.001
4085.000	2.001
4086.000	2.001
4087.000	1.990
4088.000	1.990
4089.000	1.990
4090.000	1.990
4091.000	1.990
4092.000	1.967
4093.000	1.967
4094.000	1.942
4095.000	1.942
