0.000	20.643
1.000	20.331
2.000	20.244
3.000	19.466
4.000	19.337
5.000	19.185
6.000	19.097
7.000	18.995
8.000	18.850
9.000	18.850
10.000	18.846
11.000	18.843
12.000	18.791
13.000	18.788
14.000	18.784
15.000	18.781
16.000	18.777
17.000	18.718
18.000	18.700
19.000	18.650
20.000	18.603
21.000	18.580
22.000	18.560
23.000	18.545
24.000	18.532
25.000	18.521
26.000	18.515
27.000	18.509
28.000	18.503
29.000	18.500
30.000	18.494
31.000	18.489
32.000	18.485
33.000	18.480
34.000	18.475
35.000	18.471
36.000	18.466
37.000	18.462
38.000	18.458
39.000	18.454
40.000	18.450
41.000	18.446
42.000	18.442
43.000	18.437
44.000	18.431
45.000	18.426
46.000	18.421
47.000	18.416
48.000	18.410
49.000	18.405
50.000	18.400
51.000	18.396
52.000	18.391
53.000	18.386
54.000	18.381
55.000	18.375
56.000	18.370
57.000	18.365
58.000	18.360
59.000	18.356
60.000	18.351
61.000	18.346
62.000	18.334
63.000	18.328
64.000	18.323
65.000	18.317
66.000	18.311
67.000	18.305
68.000	18.299
69.000	18.294
70.000	18.288
71.000	18.281
72.000	18.275
73.000	18.272
74.000	18.265
75.000	18.259
76.000	18.253
77.000	18.247
78.000	18.240
79.000	18.233
80.000	18.226
81.000	18.218
82.000	18.211
83.000	18.203
84.000	18.199
85.000	18.191
86.000	18.184
87.000	18.176
88.000	18.168
89.000	18.160
90.000	18.151
91.000	18.143
92.000	18.134
93.000	18.125
94.000	18.116
95.000	18.108
96.000	18.104
97.000	18.095
98.000	18.085
99.000	18.075
100.000	18.066
101.000	18.056
102.000	18.046
103.000	18.036
104.000	18.027
105.000	18.017
106.000	18.007
107.000	18.004
108.000	17.995
109.000	17.986
110.000	17.978
111.000	17.968
112.000	17.959
113.000	17.948
114.000	17.938
115.000	17.927
116.000	17.917
117.000	17.906
118.000	17.903
119.000	17.892
120.000	17.880
121.000	17.868
122.000	17.856
123.000	17.844
124.000	17.832
125.000	17.819
126.000	17.806
127.000	17.792
128.000	17.778
129.000	17.774
130.000	17.759
131.000	17.743
132.000	17.728
133.000	17.713
134.000	17.698
135.000	17.682
136.000	17.666
137.000	17.649
138.000	17.632
139.000	17.615
140.000	17.612
141.000	17.594
142.000	17.577
143.000	17.558
144.000	17.540
145.000	17.520
146.000	17.499
147.000	17.477
148.000	17.455
149.000	17.434
150.000	17.411
151.000	17.353
152.000	17.328
153.000	17.304
154.000	17.280
155.000	17.254
156.000	17.229
157.000	17.203
158.000	17.174
159.000	17.143
160.000	17.113
161.000	17.082
162.000	17.052
163.000	16.988
164.000	16.958
165.000	16.928
166.000	16.898
167.000	16.868
168.000	16.839
169.000	16.809
170.000	16.778
171.000	16.743
172.000	16.708
173.000	16.674
174.000	16.634
175.000	16.600
176.000	16.564
177.000	16.528
178.000	16.490
179.000	16.450
180.000	16.410
181.000	16.369
182.000	16.328
183.000	16.288
184.000	16.248
185.000	16.244
186.000	16.205
187.000	16.165
188.000	16.127
189.000	16.088
190.000	16.047
191.000	16.007
192.000	15.966
193.000	15.926
194.000	15.885
195.000	15.844
196.000	15.833
197.000	15.792
198.000	15.752
199.000	15.711
200.000	15.669
201.000	15.628
202.000	15.587
203.000	15.546
204.000	15.506
205.000	15.464
206.000	15.424
207.000	15.371
208.000	15.332
209.000	15.293
210.000	15.253
211.000	15.213
212.000	15.174
213.000	15.134
214.000	15.096
215.000	15.058
216.000	15.020
217.000	14.983
218.000	14.983
219.000	14.945
220.000	14.908
221.000	14.871
222.000	14.836
223.000	14.802
224.000	14.767
225.000	14.733
226.000	14.698
227.000	14.663
228.000	14.628
229.000	14.592
230.000	14.551
231.000	14.515
232.000	14.480
233.000	14.445
234.000	14.410
235.000	14.374
236.000	14.340
237.000	14.306
238.000	14.275
239.000	14.244
240.000	14.211
241.000	14.176
242.000	14.143
243.000	14.112
244.000	14.081
245.000	14.051
246.000	14.023
247.000	13.996
248.000	13.968
249.000	13.942
250.000	13.916
251.000	13.889
252.000	13.889
253.000	13.864
254.000	13.838
255.000	13.811
256.000	13.784
257.000	13.757
258.000	13.728
259.000	13.699
260.000	13.674
261.000	13.646
262.000	13.617
263.000	13.617
264.000	13.590
265.000	13.563
266.000	13.536
267.000	13.510
268.000	13.483
269.000	13.457
270.000	13.431
271.000	13.406
272.000	13.380
273.000	13.355
274.000	13.314
275.000	13.289
276.000	13.263
277.000	13.238
278.000	13.215
279.000	13.192
280.000	13.169
281.000	13.145
282.000	13.122
283.000	13.098
284.000	13.074
285.000	13.074
286.000	13.049
287.000	13.025
288.000	13.001
289.000	12.975
290.000	12.950
291.000	12.925
292.000	12.900
293.000	12.875
294.000	12.851
295.000	12.825
296.000	12.818
297.000	12.792
298.000	12.766
299.000	12.740
300.000	12.714
301.000	12.689
302.000	12.663
303.000	12.636
304.000	12.610
305.000	12.584
306.000	12.557
307.000	12.531
308.000	12.531
309.000	12.504
310.000	12.478
311.000	12.451
312.000	12.424
313.000	12.397
314.000	12.371
315.000	12.344
316.000	12.316
317.000	12.289
318.000	12.262
319.000	12.262
320.000	12.234
321.000	12.208
322.000	12.180
323.000	12.153
324.000	12.126
325.000	12.098
326.000	12.071
327.000	12.043
328.000	12.015
329.000	11.988
330.000	11.950
331.000	11.923
332.000	11.896
333.000	11.867
334.000	11.838
335.000	11.809
336.000	11.780
337.000	11.751
338.000	11.723
339.000	11.695
340.000	11.666
341.000	11.665
342.000	11.636
343.000	11.608
344.000	11.580
345.000	11.552
346.000	11.525
347.000	11.498
348.000	11.471
349.000	11.444
350.000	11.417
351.000	11.390
352.000	11.372
353.000	11.345
354.000	11.316
355.000	11.287
356.000	11.258
357.000	11.229
358.000	11.201
359.000	11.173
360.000	11.145
361.000	11.117
362.000	11.089
363.000	11.086
364.000	11.058
365.000	11.029
366.000	11.001
367.000	10.973
368.000	10.945
369.000	10.917
370.000	10.889
371.000	10.861
372.000	10.836
373.000	10.807
374.000	10.779
375.000	10.721
376.000	10.694
377.000	10.666
378.000	10.640
379.000	10.613
380.000	10.587
381.000	10.559
382.000	10.531
383.000	10.502
384.000	10.474
385.000	10.446
386.000	10.446
387.000	10.419
388.000	10.391
389.000	10.364
390.000	10.336
391.000	10.307
392.000	10.279
393.000	10.251
394.000	10.223
395.000	10.196
396.000	10.168
397.000	10.168
398.000	10.140
399.000	10.113
400.000	10.087
401.000	10.060
402.000	10.033
403.000	10.007
404.000	9.980
405.000	9.953
406.000	9.927
407.000	9.900
408.000	9.892
409.000	9.865
410.000	9.838
411.000	9.812
412.000	9.786
413.000	9.760
414.000	9.733
415.000	9.707
416.000	9.681
417.000	9.655
418.000	9.630
419.000	9.630
420.000	9.605
421.000	9.579
422.000	9.554
423.000	9.528
424.000	9.503
425.000	9.478
426.000	9.453
427.000	9.428
428.000	9.404
429.000	9.380
430.000	9.347
431.000	9.323
432.000	9.299
433.000	9.275
434.000	9.252
435.000	9.229
436.000	9.206
437.000	9.184
438.000	9.161
439.000	9.139
440.000	9.117
441.000	9.095
442.000	9.093
443.000	9.071
444.000	9.048
445.000	9.026
446.000	9.004
447.000	8.983
448.000	8.961
449.000	8.940
450.000	8.919
451.000	8.898
452.000	8.878
453.000	8.875
454.000	8.854
455.000	8.833
456.000	8.814
457.000	8.794
458.000	8.775
459.000	8.756
460.000	8.737
461.000	8.718
462.000	8.699
463.000	8.680
464.000	8.604
465.000	8.585
466.000	8.567
467.000	8.548
468.000	8.529
469.000	8.510
470.000	8.490
471.000	8.471
472.000	8.452
473.000	8.433
474.000	8.414
475.000	8.412
476.000	8.392
477.000	8.373
478.000	8.353
479.000	8.334
480.000	8.317
481.000	8.300
482.000	8.283
483.000	8.265
484.000	8.248
485.000	8.231
486.000	8.228
487.000	8.211
488.000	8.193
489.000	8.178
490.000	8.163
491.000	8.147
492.000	8.132
493.000	8.117
494.000	8.101
495.000	8.086
496.000	8.071
497.000	8.023
498.000	8.008
499.000	7.994
500.000	7.980
501.000	7.966
502.000	7.953
503.000	7.939
504.000	7.925
505.000	7.911
506.000	7.897
507.000	7.883
508.000	7.848
509.000	7.834
510.000	7.821
511.000	7.807
512.000	7.793
513.000	7.780
514.000	7.766
515.000	7.753
516.000	7.739
517.000	7.726
518.000	7.714
519.000	7.701
520.000	7.699
521.000	7.686
522.000	7.674
523.000	7.662
524.000	7.651
525.000	7.639
526.000	7.627
527.000	7.616
528.000	7.604
529.000	7.593
530.000	7.582
531.000	7.579
532.000	7.568
533.000	7.557
534.000	7.546
535.000	7.535
536.000	7.525
537.000	7.515
538.000	7.504
539.000	7.494
540.000	7.484
541.000	7.474
542.000	7.472
543.000	7.462
544.000	7.452
545.000	7.442
546.000	7.431
547.000	7.421
548.000	7.412
549.000	7.402
550.000	7.392
551.000	7.383
552.000	7.373
553.000	7.306
554.000	7.296
555.000	7.287
556.000	7.277
557.000	7.268
558.000	7.259
559.000	7.250
560.000	7.241
561.000	7.232
562.000	7.223
563.000	7.214
564.000	7.211
565.000	7.203
566.000	7.194
567.000	7.185
568.000	7.176
569.000	7.167
570.000	7.158
571.000	7.149
572.000	7.140
573.000	7.130
574.000	7.121
575.000	7.119
576.000	7.110
577.000	7.101
578.000	7.092
579.000	7.084
580.000	7.075
581.000	7.067
582.000	7.058
583.000	7.049
584.000	7.041
585.000	7.032
586.000	7.023
587.000	7.004
588.000	6.996
589.000	6.986
590.000	6.977
591.000	6.968
592.000	6.960
593.000	6.951
594.000	6.942
595.000	6.934
596.000	6.925
597.000	6.917
598.000	6.914
599.000	6.906
600.000	6.897
601.000	6.889
602.000	6.881
603.000	6.873
604.000	6.865
605.000	6.856
606.000	6.848
607.000	6.840
608.000	6.832
609.000	6.830
610.000	6.822
611.000	6.814
612.000	6.807
613.000	6.799
614.000	6.791
615.000	6.784
616.000	6.776
617.000	6.769
618.000	6.761
619.000	6.754
620.000	6.751
621.000	6.744
622.000	6.737
623.000	6.729
624.000	6.722
625.000	6.715
626.000	6.708
627.000	6.701
628.000	6.694
629.000	6.688
630.000	6.681
631.000	6.678
632.000	6.672
633.000	6.666
634.000	6.659
635.000	6.653
636.000	6.647
637.000	6.641
638.000	6.635
639.000	6.629
640.000	6.624
641.000	6.618
642.000	6.615
643.000	6.610
644.000	6.604
645.000	6.598
646.000	6.592
647.000	6.587
648.000	6.582
649.000	6.576
650.000	6.571
651.000	6.565
652.000	6.559
653.000	6.554
654.000	6.551
655.000	6.545
656.000	6.540
657.000	6.534
658.000	6.528
659.000	6.523
660.000	6.517
661.000	6.511
662.000	6.506
663.000	6.500
664.000	6.495
665.000	6.479
666.000	6.473
667.000	6.468
668.000	6.462
669.000	6.456
670.000	6.450
671.000	6.444
672.000	6.438
673.000	6.433
674.000	6.427
675.000	6.421
676.000	6.418
677.000	6.413
678.000	6.407
679.000	6.401
680.000	6.395
681.000	6.389
682.000	6.384
683.000	6.378
684.000	6.372
685.000	6.367
686.000	6.361
687.000	6.359
688.000	6.353
689.000	6.348
690.000	6.342
691.000	6.337
692.000	6.332
693.000	6.327
694.000	6.322
695.000	6.317
696.000	6.312
697.000	6.306
698.000	6.304
699.000	6.298
700.000	6.293
701.000	6.288
702.000	6.282
703.000	6.277
704.000	6.271
705.000	6.266
706.000	6.261
707.000	6.256
708.000	6.251
709.000	6.250
710.000	6.245
711.000	6.240
712.000	6.235
713.000	6.230
714.000	6.225
715.000	6.220
716.000	6.215
717.000	6.211
718.000	6.206
719.000	6.202
720.000	6.201
721.000	6.197
722.000	6.192
723.000	6.187
724.000	6.183
725.000	6.178
726.000	6.174
727.000	6.169
728.000	6.164
729.000	6.159
730.000	6.155
731.000	6.150
732.000	6.150
733.000	6.145
734.000	6.141
735.000	6.136
736.000	6.132
737.000	6.128
738.000	6.124
739.000	6.120
740.000	6.116
741.000	6.111
742.000	6.107
743.000	6.107
744.000	6.103
745.000	6.099
746.000	6.095
747.000	6.091
748.000	6.087
749.000	6.083
750.000	6.080
751.000	6.076
752.000	6.072
753.000	6.068
754.000	6.068
755.000	6.064
756.000	6.060
757.000	6.057
758.000	6.053
759.000	6.049
760.000	6.046
761.000	6.042
762.000	6.038
763.000	6.035
764.000	6.031
765.000	6.031
766.000	6.027
767.000	6.023
768.000	6.019
769.000	6.015
770.000	6.011
771.000	6.008
772.000	6.004
773.000	6.000
774.000	5.996
775.000	5.992
776.000	5.991
777.000	5.987
778.000	5.983
779.000	5.979
780.000	5.975
781.000	5.971
782.000	5.967
783.000	5.963
784.000	5.959
785.000	5.955
786.000	5.951
787.000	5.950
788.000	5.946
789.000	5.942
790.000	5.938
791.000	5.934
792.000	5.929
793.000	5.925
794.000	5.921
795.000	5.917
796.000	5.913
797.000	5.908
798.000	5.904
799.000	5.903
800.000	5.899
801.000	5.894
802.000	5.890
803.000	5.886
804.000	5.881
805.000	5.877
806.000	5.873
807.000	5.869
808.000	5.864
809.000	5.859
810.000	5.859
811.000	5.854
812.000	5.850
813.000	5.846
814.000	5.841
815.000	5.837
816.000	5.832
817.000	5.828
818.000	5.823
819.000	5.819
820.000	5.815
821.000	5.814
822.000	5.810
823.000	5.806
824.000	5.801
825.000	5.797
826.000	5.792
827.000	5.788
828.000	5.784
829.000	5.780
830.000	5.775
831.000	5.771
832.000	5.771
833.000	5.767
834.000	5.763
835.000	5.759
836.000	5.755
837.000	5.751
838.000	5.747
839.000	5.743
840.000	5.739
841.000	5.735
842.000	5.731
843.000	5.730
844.000	5.726
845.000	5.722
846.000	5.717
847.000	5.713
848.000	5.709
849.000	5.704
850.000	5.700
851.000	5.696
852.000	5.691
853.000	5.687
854.000	5.686
855.000	5.682
856.000	5.677
857.000	5.673
858.000	5.668
859.000	5.664
860.000	5.659
861.000	5.654
862.000	5.650
863.000	5.645
864.000	5.641
865.000	5.637
866.000	5.599
867.000	5.595
868.000	5.591
869.000	5.586
870.000	5.582
871.000	5.578
872.000	5.573
873.000	5.569
874.000	5.565
875.000	5.561
876.000	5.556
877.000	5.556
878.000	5.552
879.000	5.548
880.000	5.543
881.000	5.539
882.000	5.535
883.000	5.531
884.000	5.526
885.000	5.522
886.000	5.518
887.000	5.513
888.000	5.513
889.000	5.509
890.000	5.504
891.000	5.500
892.000	5.496
893.000	5.492
894.000	5.487
895.000	5.483
896.000	5.479
897.000	5.475
898.000	5.470
899.000	5.470
900.000	5.466
901.000	5.461
902.000	5.457
903.000	5.453
904.000	5.449
905.000	5.446
906.000	5.442
907.000	5.438
908.000	5.434
909.000	5.430
910.000	5.430
911.000	5.426
912.000	5.422
913.000	5.419
914.000	5.415
915.000	5.411
916.000	5.407
917.000	5.403
918.000	5.399
919.000	5.395
920.000	5.391
921.000	5.391
922.000	5.387
923.000	5.383
924.000	5.379
925.000	5.375
926.000	5.371
927.000	5.366
928.000	5.362
929.000	5.358
930.000	5.354
931.000	5.350
932.000	5.346
933.000	5.342
934.000	5.338
935.000	5.334
936.000	5.329
937.000	5.325
938.000	5.320
939.000	5.315
940.000	5.311
941.000	5.306
942.000	5.302
943.000	5.297
944.000	5.275
945.000	5.270
946.000	5.266
947.000	5.261
948.000	5.256
949.000	5.252
950.000	5.248
951.000	5.243
952.000	5.239
953.000	5.234
954.000	5.230
955.000	5.229
956.000	5.225
957.000	5.220
958.000	5.215
959.000	5.211
960.000	5.206
961.000	5.202
962.000	5.197
963.000	5.192
964.000	5.188
965.000	5.183
966.000	5.183
967.000	5.178
968.000	5.173
969.000	5.168
970.000	5.164
971.000	5.159
972.000	5.154
973.000	5.149
974.000	5.145
975.000	5.140
976.000	5.135
977.000	5.135
978.000	5.130
979.000	5.125
980.000	5.120
981.000	5.115
982.000	5.111
983.000	5.106
984.000	5.101
985.000	5.096
986.000	5.092
987.000	5.087
988.000	5.087
989.000	5.082
990.000	5.078
991.000	5.073
992.000	5.069
993.000	5.064
994.000	5.060
995.000	5.055
996.000	5.051
997.000	5.046
998.000	5.042
999.000	5.041
1000.000	5.037
1001.000	5.033
1002.000	5.029
1003.000	5.025
1004.000	5.021
1005.000	5.017
1006.000	5.013
1007.000	5.009
1008.000	5.005
1009.000	5.001
1010.000	4.997
1011.000	4.982
1012.000	4.978
1013.000	4.974
1014.000	4.970
1015.000	4.966
1016.000	4.963
1017.000	4.959
1018.000	4.955
1019.000	4.951
1020.000	4.947
1021.000	4.942
1022.000	4.942
1023.000	4.938
1024.000	4.934
1025.000	4.929
1026.000	4.925
1027.000	4.921
1028.000	4.917
1029.000	4.913
1030.000	4.908
1031.000	4.904
1032.000	4.900
1033.000	4.887
1034.000	4.883
1035.000	4.879
1036.000	4.875
1037.000	4.871
1038.000	4.866
1039.000	4.863
1040.000	4.859
1041.000	4.855
1042.000	4.851
1043.000	4.848
1044.000	4.847
1045.000	4.843
1046.000	4.840
1047.000	4.836
1048.000	4.832
1049.000	4.829
1050.000	4.825
1051.000	4.821
1052.000	4.818
1053.000	4.814
1054.000	4.811
1055.000	4.810
1056.000	4.807
1057.000	4.803
1058.000	4.800
1059.000	4.796
1060.000	4.793
1061.000	4.790
1062.000	4.786
1063.000	4.783
1064.000	4.780
1065.000	4.776
1066.000	4.747
1067.000	4.743
1068.000	4.740
1069.000	4.737
1070.000	4.733
1071.000	4.730
1072.000	4.726
1073.000	4.723
1074.000	4.720
1075.000	4.716
1076.000	4.713
1077.000	4.709
1078.000	4.691
1079.000	4.688
1080.000	4.685
1081.000	4.681
1082.000	4.678
1083.000	4.674
1084.000	4.671
1085.000	4.668
1086.000	4.664
1087.000	4.661
1088.000	4.657
1089.000	4.657
1090.000	4.654
1091.000	4.650
1092.000	4.647
1093.000	4.644
1094.000	4.640
1095.000	4.637
1096.000	4.634
1097.000	4.631
1098.000	4.627
1099.000	4.624
1100.000	4.624
1101.000	4.620
1102.000	4.617
1103.000	4.614
1104.000	4.610
1105.000	4.607
1106.000	4.604
1107.000	4.600
1108.000	4.597
1109.000	4.593
1110.000	4.590
1111.000	4.590
1112.000	4.586
1113.000	4.583
1114.000	4.579
1115.000	4.575
1116.000	4.572
1117.000	4.568
1118.000	4.564
1119.000	4.561
1120.000	4.557
1121.000	4.553
1122.000	4.553
1123.000	4.549
1124.000	4.545
1125.000	4.541
1126.000	4.538
1127.000	4.534
1128.000	4.530
1129.000	4.527
1130.000	4.523
1131.000	4.520
1132.000	4.516
1133.000	4.516
1134.000	4.512
1135.000	4.509
1136.000	4.505
1137.000	4.501
1138.000	4.498
1139.000	4.495
1140.000	4.491
1141.000	4.488
1142.000	4.485
1143.000	4.481
1144.000	4.478
1145.000	4.478
1146.000	4.474
1147.000	4.471
1148.000	4.467
1149.000	4.463
1150.000	4.460
1151.000	4.456
1152.000	4.453
1153.000	4.450
1154.000	4.446
1155.000	4.443
1156.000	4.442
1157.000	4.439
1158.000	4.436
1159.000	4.433
1160.000	4.429
1161.000	4.426
1162.000	4.423
1163.000	4.420
1164.000	4.416
1165.000	4.413
1166.000	4.410
1167.000	4.409
1168.000	4.406
1169.000	4.403
1170.000	4.399
1171.000	4.396
1172.000	4.393
1173.000	4.390
1174.000	4.387
1175.000	4.384
1176.000	4.381
1177.000	4.378
1178.000	4.378
1179.000	4.375
1180.000	4.372
1181.000	4.369
1182.000	4.366
1183.000	4.363
1184.000	4.360
1185.000	4.357
1186.000	4.354
1187.000	4.350
1188.000	4.348
1189.000	4.347
1190.000	4.344
1191.000	4.341
1192.000	4.339
1193.000	4.336
1194.000	4.333
1195.000	4.330
1196.000	4.327
1197.000	4.325
1198.000	4.322
1199.000	4.319
1200.000	4.319
1201.000	4.316
1202.000	4.314
1203.000	4.311
1204.000	4.308
1205.000	4.306
1206.000	4.303
1207.000	4.300
1208.000	4.298
1209.000	4.295
1210.000	4.293
1211.000	4.292
1212.000	4.289
1213.000	4.287
1214.000	4.284
1215.000	4.281
1216.000	4.279
1217.000	4.276
1218.000	4.273
1219.000	4.271
1220.000	4.268
1221.000	4.265
1222.000	4.263
1223.000	4.262
1224.000	4.260
1225.000	4.257
1226.000	4.254
1227.000	4.252
1228.000	4.249
1229.000	4.247
1230.000	4.244
1231.000	4.241
1232.000	4.239
1233.000	4.236
1234.000	4.236
1235.000	4.233
1236.000	4.230
1237.000	4.228
1238.000	4.225
1239.000	4.222
1240.000	4.219
1241.000	4.217
1242.000	4.214
1243.000	4.211
1244.000	4.209
1245.000	4.208
1246.000	4.206
1247.000	4.203
1248.000	4.200
1249.000	4.197
1250.000	4.195
1251.000	4.192
1252.000	4.189
1253.000	4.187
1254.000	4.184
1255.000	4.182
1256.000	4.182
1257.000	4.179
1258.000	4.177
1259.000	4.174
1260.000	4.172
1261.000	4.169
1262.000	4.167
1263.000	4.165
1264.000	4.162
1265.000	4.160
1266.000	4.158
1267.000	4.157
1268.000	4.155
1269.000	4.152
1270.000	4.150
1271.000	4.147
1272.000	4.145
1273.000	4.143
1274.000	4.140
1275.000	4.138
1276.000	4.135
1277.000	4.133
1278.000	4.121
1279.000	4.118
1280.000	4.116
1281.000	4.113
1282.000	4.111
1283.000	4.108
1284.000	4.106
1285.000	4.103
1286.000	4.101
1287.000	4.098
1288.000	4.096
1289.000	4.093
1290.000	4.093
1291.000	4.090
1292.000	4.088
1293.000	4.085
1294.000	4.083
1295.000	4.080
1296.000	4.078
1297.000	4.075
1298.000	4.073
1299.000	4.070
1300.000	4.068
1301.000	4.040
1302.000	4.037
1303.000	4.035
1304.000	4.032
1305.000	4.030
1306.000	4.027
1307.000	4.025
1308.000	4.022
1309.000	4.020
1310.000	4.017
1311.000	4.015
1312.000	4.015
1313.000	4.012
1314.000	4.010
1315.000	4.007
1316.000	4.005
1317.000	4.003
1318.000	4.001
1319.000	3.998
1320.000	3.996
1321.000	3.994
1322.000	3.991
1323.000	3.988
1324.000	3.985
1325.000	3.983
1326.000	3.981
1327.000	3.979
1328.000	3.976
1329.000	3.974
1330.000	3.972
1331.000	3.970
1332.000	3.968
1333.000	3.966
1334.000	3.947
1335.000	3.944
1336.000	3.942
1337.000	3.940
1338.000	3.938
1339.000	3.936
1340.000	3.934
1341.000	3.932
1342.000	3.930
1343.000	3.928
1344.000	3.926
1345.000	3.925
1346.000	3.923
1347.000	3.921
1348.000	3.919
1349.000	3.917
1350.000	3.915
1351.000	3.913
1352.000	3.911
1353.000	3.909
1354.000	3.907
1355.000	3.905
1356.000	3.903
1357.000	3.903
1358.000	3.901
1359.000	3.899
1360.000	3.897
1361.000	3.895
1362.000	3.893
1363.000	3.891
1364.000	3.889
1365.000	3.887
1366.000	3.886
1367.000	3.884
1368.000	3.884
1369.000	3.882
1370.000	3.880
1371.000	3.879
1372.000	3.877
1373.000	3.875
1374.000	3.873
1375.000	3.871
1376.000	3.869
1377.000	3.867
1378.000	3.865
1379.000	3.865
1380.000	3.863
1381.000	3.861
1382.000	3.859
1383.000	3.857
1384.000	3.855
1385.000	3.853
1386.000	3.851
1387.000	3.849
1388.000	3.847
1389.000	3.845
1390.000	3.844
1391.000	3.842
1392.000	3.839
1393.000	3.836
1394.000	3.832
1395.000	3.829
1396.000	3.826
1397.000	3.823
1398.000	3.820
1399.000	3.816
1400.000	3.813
1401.000	3.813
1402.000	3.809
1403.000	3.806
1404.000	3.803
1405.000	3.800
1406.000	3.797
1407.000	3.794
1408.000	3.791
1409.000	3.788
1410.000	3.785
1411.000	3.783
1412.000	3.782
1413.000	3.779
1414.000	3.776
1415.000	3.773
1416.000	3.770
1417.000	3.768
1418.000	3.765
1419.000	3.762
1420.000	3.759
1421.000	3.756
1422.000	3.753
1423.000	3.753
1424.000	3.750
1425.000	3.747
1426.000	3.744
1427.000	3.742
1428.000	3.739
1429.000	3.736
1430.000	3.733
1431.000	3.730
1432.000	3.727
1433.000	3.725
1434.000	3.722
1435.000	3.721
1436.000	3.719
1437.000	3.716
1438.000	3.713
1439.000	3.710
1440.000	3.707
1441.000	3.704
1442.000	3.702
1443.000	3.699
1444.000	3.696
1445.000	3.693
1446.000	3.693
1447.000	3.690
1448.000	3.688
1449.000	3.685
1450.000	3.682
1451.000	3.680
1452.000	3.677
1453.000	3.675
1454.000	3.672
1455.000	3.670
1456.000	3.667
1457.000	3.667
1458.000	3.664
1459.000	3.662
1460.000	3.659
1461.000	3.657
1462.000	3.654
1463.000	3.652
1464.000	3.649
1465.000	3.647
1466.000	3.644
1467.000	3.642
1468.000	3.641
1469.000	3.639
1470.000	3.636
1471.000	3.634
1472.000	3.631
1473.000	3.629
1474.000	3.626
1475.000	3.624
1476.000	3.621
1477.000	3.619
1478.000	3.616
1479.000	3.616
1480.000	3.613
1481.000	3.611
1482.000	3.608
1483.000	3.606
1484.000	3.603
1485.000	3.601
1486.000	3.599
1487.000	3.596
1488.000	3.594
1489.000	3.591
1490.000	3.591
1491.000	3.588
1492.000	3.586
1493.000	3.584
1494.000	3.581
1495.000	3.579
1496.000	3.576
1497.000	3.574
1498.000	3.572
1499.000	3.569
1500.000	3.567
1501.000	3.564
1502.000	3.564
1503.000	3.561
1504.000	3.559
1505.000	3.557
1506.000	3.554
1507.000	3.552
1508.000	3.550
1509.000	3.547
1510.000	3.545
1511.000	3.543
1512.000	3.540
1513.000	3.540
1514.000	3.537
1515.000	3.535
1516.000	3.533
1517.000	3.531
1518.000	3.528
1519.000	3.526
1520.000	3.524
1521.000	3.521
1522.000	3.519
1523.000	3.517
1524.000	3.516
1525.000	3.514
1526.000	3.512
1527.000	3.509
1528.000	3.507
1529.000	3.505
1530.000	3.503
1531.000	3.500
1532.000	3.498
1533.000	3.496
1534.000	3.493
1535.000	3.493
1536.000	3.491
1537.000	3.489
1538.000	3.486
1539.000	3.484
1540.000	3.482
1541.000	3.480
1542.000	3.478
1543.000	3.476
1544.000	3.474
1545.000	3.471
1546.000	3.471
1547.000	3.469
1548.000	3.467
1549.000	3.465
1550.000	3.463
1551.000	3.461
1552.000	3.458
1553.000	3.456
1554.000	3.454
1555.000	3.452
1556.000	3.450
1557.000	3.450
1558.000	3.448
1559.000	3.446
1560.000	3.443
1561.000	3.441
1562.000	3.440
1563.000	3.438
1564.000	3.436
1565.000	3.434
1566.000	3.432
1567.000	3.430
1568.000	3.428
1569.000	3.427
1570.000	3.425
1571.000	3.423
1572.000	3.421
1573.000	3.419
1574.000	3.417
1575.000	3.416
1576.000	3.414
1577.000	3.412
1578.000	3.410
1579.000	3.408
1580.000	3.407
1581.000	3.405
1582.000	3.403
1583.000	3.401
1584.000	3.399
1585.000	3.397
1586.000	3.396
1587.000	3.394
1588.000	3.392
1589.000	3.390
1590.000	3.388
1591.000	3.387
1592.000	3.385
1593.000	3.383
1594.000	3.381
1595.000	3.380
1596.000	3.378
1597.000	3.376
1598.000	3.374
1599.000	3.372
1600.000	3.370
1601.000	3.368
1602.000	3.367
1603.000	3.366
1604.000	3.364
1605.000	3.361
1606.000	3.359
1607.000	3.357
1608.000	3.355
1609.000	3.353
1610.000	3.350
1611.000	3.348
1612.000	3.346
1613.000	3.345
1614.000	3.343
1615.000	3.341
1616.000	3.339
1617.000	3.337
1618.000	3.334
1619.000	3.332
1620.000	3.329
1621.000	3.327
1622.000	3.324
1623.000	3.321
1624.000	3.321
1625.000	3.318
1626.000	3.316
1627.000	3.313
1628.000	3.310
1629.000	3.308
1630.000	3.305
1631.000	3.302
1632.000	3.300
1633.000	3.297
1634.000	3.294
1635.000	3.291
1636.000	3.290
1637.000	3.287
1638.000	3.284
1639.000	3.281
1640.000	3.278
1641.000	3.275
1642.000	3.272
1643.000	3.269
1644.000	3.266
1645.000	3.263
1646.000	3.260
1647.000	3.260
1648.000	3.257
1649.000	3.254
1650.000	3.251
1651.000	3.248
1652.000	3.245
1653.000	3.242
1654.000	3.239
1655.000	3.236
1656.000	3.233
1657.000	3.229
1658.000	3.229
1659.000	3.226
1660.000	3.223
1661.000	3.220
1662.000	3.217
1663.000	3.214
1664.000	3.211
1665.000	3.208
1666.000	3.205
1667.000	3.202
1668.000	3.199
1669.000	3.198
1670.000	3.195
1671.000	3.192
1672.000	3.189
1673.000	3.186
1674.000	3.183
1675.000	3.180
1676.000	3.178
1677.000	3.175
1678.000	3.172
1679.000	3.169
1680.000	3.169
1681.000	3.166
1682.000	3.163
1683.000	3.160
1684.000	3.157
1685.000	3.154
1686.000	3.152
1687.000	3.149
1688.000	3.146
1689.000	3.143
1690.000	3.140
1691.000	3.140
1692.000	3.137
1693.000	3.134
1694.000	3.131
1695.000	3.129
1696.000	3.126
1697.000	3.124
1698.000	3.122
1699.000	3.120
1700.000	3.118
1701.000	3.117
1702.000	3.116
1703.000	3.115
1704.000	3.113
1705.000	3.111
1706.000	3.110
1707.000	3.108
1708.000	3.106
1709.000	3.104
1710.000	3.102
1711.000	3.101
1712.000	3.099
1713.000	3.097
1714.000	3.097
1715.000	3.095
1716.000	3.093
1717.000	3.092
1718.000	3.090
1719.000	3.088
1720.000	3.086
1721.000	3.085
1722.000	3.083
1723.000	3.081
1724.000	3.079
1725.000	3.079
1726.000	3.077
1727.000	3.076
1728.000	3.074
1729.000	3.072
1730.000	3.070
1731.000	3.069
1732.000	3.067
1733.000	3.065
1734.000	3.063
1735.000	3.062
1736.000	3.061
1737.000	3.060
1738.000	3.058
1739.000	3.056
1740.000	3.054
1741.000	3.053
1742.000	3.051
1743.000	3.049
1744.000	3.047
1745.000	3.046
1746.000	3.044
1747.000	3.044
1748.000	3.042
1749.000	3.040
1750.000	3.038
1751.000	3.037
1752.000	3.035
1753.000	3.033
1754.000	3.032
1755.000	3.030
1756.000	3.028
1757.000	3.027
1758.000	3.026
1759.000	3.024
1760.000	3.023
1761.000	3.021
1762.000	3.019
1763.000	3.018
1764.000	3.016
1765.000	3.014
1766.000	3.013
1767.000	3.011
1768.000	3.009
1769.000	3.009
1770.000	3.008
1771.000	3.006
1772.000	3.004
1773.000	3.003
1774.000	3.001
1775.000	2.999
1776.000	2.998
1777.000	2.996
1778.000	2.994
1779.000	2.993
1780.000	2.991
1781.000	2.991
1782.000	2.989
1783.000	2.988
1784.000	2.986
1785.000	2.984
1786.000	2.983
1787.000	2.981
1788.000	2.980
1789.000	2.978
1790.000	2.976
1791.000	2.975
1792.000	2.947
1793.000	2.945
1794.000	2.944
1795.000	2.942
1796.000	2.940
1797.000	2.939
1798.000	2.937
1799.000	2.936
1800.000	2.934
1801.000	2.932
1802.000	2.931
1803.000	2.931
1804.000	2.929
1805.000	2.928
1806.000	2.926
1807.000	2.924
1808.000	2.923
1809.000	2.921
1810.000	2.920
1811.000	2.918
1812.000	2.917
1813.000	2.915
1814.000	2.915
1815.000	2.913
1816.000	2.912
1817.000	2.910
1818.000	2.908
1819.000	2.907
1820.000	2.905
1821.000	2.903
1822.000	2.902
1823.000	2.900
1824.000	2.898
1825.000	2.898
1826.000	2.896
1827.000	2.894
1828.000	2.893
1829.000	2.891
1830.000	2.889
1831.000	2.887
1832.000	2.886
1833.000	2.884
1834.000	2.882
1835.000	2.880
1836.000	2.880
1837.000	2.879
1838.000	2.877
1839.000	2.875
1840.000	2.873
1841.000	2.872
1842.000	2.870
1843.000	2.868
1844.000	2.866
1845.000	2.865
1846.000	2.863
1847.000	2.861
1848.000	2.861
1849.000	2.859
1850.000	2.858
1851.000	2.856
1852.000	2.854
1853.000	2.852
1854.000	2.851
1855.000	2.849
1856.000	2.847
1857.000	2.846
1858.000	2.844
1859.000	2.844
1860.000	2.842
1861.000	2.840
1862.000	2.838
1863.000	2.837
1864.000	2.835
1865.000	2.833
1866.000	2.831
1867.000	2.830
1868.000	2.828
1869.000	2.826
1870.000	2.826
1871.000	2.824
1872.000	2.823
1873.000	2.821
1874.000	2.819
1875.000	2.817
1876.000	2.816
1877.000	2.814
1878.000	2.812
1879.000	2.810
1880.000	2.808
1881.000	2.808
1882.000	2.806
1883.000	2.805
1884.000	2.803
1885.000	2.801
1886.000	2.799
1887.000	2.797
1888.000	2.795
1889.000	2.793
1890.000	2.791
1891.000	2.789
1892.000	2.789
1893.000	2.788
1894.000	2.786
1895.000	2.784
1896.000	2.782
1897.000	2.780
1898.000	2.778
1899.000	2.776
1900.000	2.774
1901.000	2.773
1902.000	2.771
1903.000	2.771
1904.000	2.769
1905.000	2.767
1906.000	2.765
1907.000	2.763
1908.000	2.761
1909.000	2.759
1910.000	2.757
1911.000	2.755
1912.000	2.753
1913.000	2.751
1914.000	2.751
1915.000	2.750
1916.000	2.748
1917.000	2.746
1918.000	2.744
1919.000	2.742
1920.000	2.740
1921.000	2.738
1922.000	2.736
1923.000	2.734
1924.000	2.732
1925.000	2.731
1926.000	2.731
1927.000	2.729
1928.000	2.727
1929.000	2.725
1930.000	2.723
1931.000	2.721
1932.000	2.719
1933.000	2.717
1934.000	2.716
1935.000	2.714
1936.000	2.712
1937.000	2.712
1938.000	2.710
1939.000	2.708
1940.000	2.706
1941.000	2.704
1942.000	2.702
1943.000	2.701
1944.000	2.699
1945.000	2.697
1946.000	2.695
1947.000	2.693
1948.000	2.693
1949.000	2.691
1950.000	2.690
1951.000	2.688
1952.000	2.686
1953.000	2.684
1954.000	2.683
1955.000	2.681
1956.000	2.679
1957.000	2.678
1958.000	2.676
1959.000	2.676
1960.000	2.675
1961.000	2.673
1962.000	2.672
1963.000	2.670
1964.000	2.668
1965.000	2.667
1966.000	2.665
1967.000	2.664
1968.000	2.662
1969.000	2.660
1970.000	2.660
1971.000	2.659
1972.000	2.658
1973.000	2.657
1974.000	2.655
1975.000	2.654
1976.000	2.653
1977.000	2.651
1978.000	2.650
1979.000	2.649
1980.000	2.648
1981.000	2.648
1982.000	2.646
1983.000	2.645
1984.000	2.644
1985.000	2.643
1986.000	2.642
1987.000	2.641
1988.000	2.639
1989.000	2.638
1990.000	2.638
1991.000	2.637
1992.000	2.636
1993.000	2.636
1994.000	2.635
1995.000	2.634
1996.000	2.633
1997.000	2.632
1998.000	2.631
1999.000	2.630
2000.000	2.629
2001.000	2.628
2002.000	2.627
2003.000	2.627
2004.000	2.627
2005.000	2.626
2006.000	2.625
2007.000	2.624
2008.000	2.623
2009.000	2.622
2010.000	2.621
2011.000	2.620
2012.000	2.620
2013.000	2.619
2014.000	2.618
2015.000	2.618
2016.000	2.617
2017.000	2.616
2018.000	2.615
2019.000	2.614
2020.000	2.614
2021.000	2.613
2022.000	2.612
2023.000	2.611
2024.000	2.610
2025.000	2.609
2026.000	2.609
2027.000	2.608
2028.000	2.607
2029.000	2.607
2030.000	2.606
2031.000	2.605
2032.000	2.604
2033.000	2.603
2034.000	2.602
2035.000	2.601
2036.000	2.601
2037.000	2.601
2038.000	2.600
2039.000	2.599
2040.000	2.598
2041.000	2.597
2042.000	2.597
2043.000	2.596
2044.000	2.595
2045.000	2.594
2046.000	2.593
2047.000	2.592
2048.000	2.592
2049.000	2.591
2050.000	2.591
2051.000	2.590
2052.000	2.589
2053.000	2.588
2054.000	2.587
2055.000	2.586
2056.000	2.585
2057.000	2.584
2058.000	2.584
2059.000	2.583
2060.000	2.583
2061.000	2.582
2062.000	2.581
2063.000	2.580
2064.000	2.579
2065.000	2.578
2066.000	2.578
2067.000	2.577
2068.000	2.576
2069.000	2.575
2070.000	2.574
2071.000	2.574
2072.000	2.573
2073.000	2.572
2074.000	2.571
2075.000	2.571
2076.000	2.570
2077.000	2.569
2078.000	2.568
2079.000	2.567
2080.000	2.567
2081.000	2.566
2082.000	2.566
2083.000	2.565
2084.000	2.564
2085.000	2.563
2086.000	2.563
2087.000	2.562
2088.000	2.561
2089.000	2.560
2090.000	2.559
2091.000	2.559
2092.000	2.558
2093.000	2.558
2094.000	2.557
2095.000	2.556
2096.000	2.555
2097.000	2.555
2098.000	2.554
2099.000	2.553
2100.000	2.552
2101.000	2.551
2102.000	2.551
2103.000	2.550
2104.000	2.550
2105.000	2.549
2106.000	2.548
2107.000	2.548
2108.000	2.547
2109.000	2.546
2110.000	2.545
2111.000	2.545
2112.000	2.544
2113.000	2.543
2114.000	2.542
2115.000	2.542
2116.000	2.542
2117.000	2.541
2118.000	2.540
2119.000	2.539
2120.000	2.538
2121.000	2.538
2122.000	2.537
2123.000	2.536
2124.000	2.535
2125.000	2.535
2126.000	2.535
2127.000	2.534
2128.000	2.533
2129.000	2.532
2130.000	2.532
2131.000	2.531
2132.000	2.530
2133.000	2.529
2134.000	2.529
2135.000	2.528
2136.000	2.527
2137.000	2.526
2138.000	2.526
2139.000	2.526
2140.000	2.525
2141.000	2.524
2142.000	2.523
2143.000	2.522
2144.000	2.522
2145.000	2.521
2146.000	2.520
2147.000	2.519
2148.000	2.519
2149.000	2.519
2150.000	2.518
2151.000	2.517
2152.000	2.516
2153.000	2.515
2154.000	2.514
2155.000	2.513
2156.000	2.513
2157.000	2.512
2158.000	2.511
2159.000	2.510
2160.000	2.510
2161.000	2.509
2162.000	2.508
2163.000	2.507
2164.000	2.506
2165.000	2.506
2166.000	2.505
2167.000	2.504
2168.000	2.503
2169.000	2.502
2170.000	2.501
2171.000	2.501
2172.000	2.500
2173.000	2.499
2174.000	2.499
2175.000	2.498
2176.000	2.497
2177.000	2.496
2178.000	2.495
2179.000	2.494
2180.000	2.493
2181.000	2.492
2182.000	2.492
2183.000	2.492
2184.000	2.491
2185.000	2.490
2186.000	2.489
2187.000	2.488
2188.000	2.487
2189.000	2.486
2190.000	2.485
2191.000	2.485
2192.000	2.484
2193.000	2.484
2194.000	2.483
2195.000	2.482
2196.000	2.481
2197.000	2.480
2198.000	2.479
2199.000	2.479
2200.000	2.478
2201.000	2.477
2202.000	2.476
2203.000	2.475
2204.000	2.474
2205.000	2.474
2206.000	2.473
2207.000	2.472
2208.000	2.471
2209.000	2.471
2210.000	2.470
2211.000	2.469
2212.000	2.468
2213.000	2.468
2214.000	2.467
2215.000	2.466
2216.000	2.466
2217.000	2.465
2218.000	2.465
2219.000	2.464
2220.000	2.463
2221.000	2.463
2222.000	2.462
2223.000	2.461
2224.000	2.460
2225.000	2.460
2226.000	2.459
2227.000	2.459
2228.000	2.458
2229.000	2.457
2230.000	2.457
2231.000	2.456
2232.000	2.455
2233.000	2.455
2234.000	2.454
2235.000	2.453
2236.000	2.452
2237.000	2.452
2238.000	2.452
2239.000	2.451
2240.000	2.450
2241.000	2.450
2242.000	2.449
2243.000	2.448
2244.000	2.447
2245.000	2.447
2246.000	2.446
2247.000	2.445
2248.000	2.445
2249.000	2.445
2250.000	2.444
2251.000	2.443
2252.000	2.442
2253.000	2.442
2254.000	2.441
2255.000	2.440
2256.000	2.440
2257.000	2.439
2258.000	2.438
2259.000	2.438
2260.000	2.438
2261.000	2.437
2262.000	2.436
2263.000	2.436
2264.000	2.435
2265.000	2.434
2266.000	2.434
2267.000	2.433
2268.000	2.432
2269.000	2.431
2270.000	2.431
2271.000	2.430
2272.000	2.430
2273.000	2.429
2274.000	2.429
2275.000	2.428
2276.000	2.427
2277.000	2.427
2278.000	2.426
2279.000	2.425
2280.000	2.424
2281.000	2.424
2282.000	2.423
2283.000	2.423
2284.000	2.423
2285.000	2.422
2286.000	2.421
2287.000	2.421
2288.000	2.420
2289.000	2.420
2290.000	2.419
2291.000	2.419
2292.000	2.418
2293.000	2.417
2294.000	2.417
2295.000	2.417
2296.000	2.416
2297.000	2.416
2298.000	2.415
2299.000	2.415
2300.000	2.414
2301.000	2.413
2302.000	2.413
2303.000	2.412
2304.000	2.412
2305.000	2.412
2306.000	2.411
2307.000	2.411
2308.000	2.410
2309.000	2.410
2310.000	2.409
2311.000	2.408
2312.000	2.408
2313.000	2.407
2314.000	2.407
2315.000	2.406
2316.000	2.406
2317.000	2.406
2318.000	2.405
2319.000	2.405
2320.000	2.404
2321.000	2.404
2322.000	2.403
2323.000	2.403
2324.000	2.402
2325.000	2.402
2326.000	2.401
2327.000	2.401
2328.000	2.401
2329.000	2.400
2330.000	2.400
2331.000	2.399
2332.000	2.399
2333.000	2.398
2334.000	2.398
2335.000	2.397
2336.000	2.397
2337.000	2.396
2338.000	2.396
2339.000	2.396
2340.000	2.395
2341.000	2.395
2342.000	2.394
2343.000	2.394
2344.000	2.394
2345.000	2.393
2346.000	2.393
2347.000	2.392
2348.000	2.392
2349.000	2.391
2350.000	2.391
2351.000	2.391
2352.000	2.390
2353.000	2.390
2354.000	2.389
2355.000	2.389
2356.000	2.388
2357.000	2.388
2358.000	2.387
2359.000	2.387
2360.000	2.386
2361.000	2.386
2362.000	2.386
2363.000	2.385
2364.000	2.385
2365.000	2.384
2366.000	2.384
2367.000	2.383
2368.000	2.383
2369.000	2.382
2370.000	2.382
2371.000	2.381
2372.000	2.381
2373.000	2.381
2374.000	2.380
2375.000	2.380
2376.000	2.379
2377.000	2.379
2378.000	2.378
2379.000	2.378
2380.000	2.377
2381.000	2.377
2382.000	2.376
2383.000	2.376
2384.000	2.376
2385.000	2.375
2386.000	2.375
2387.000	2.374
2388.000	2.374
2389.000	2.373
2390.000	2.372
2391.000	2.372
2392.000	2.371
2393.000	2.371
2394.000	2.371
2395.000	2.370
2396.000	2.370
2397.000	2.369
2398.000	2.369
2399.000	2.368
2400.000	2.368
2401.000	2.367
2402.000	2.367
2403.000	2.366
2404.000	2.366
2405.000	2.366
2406.000	2.365
2407.000	2.365
2408.000	2.364
2409.000	2.364
2410.000	2.363
2411.000	2.363
2412.000	2.362
2413.000	2.362
2414.000	2.361
2415.000	2.361
2416.000	2.360
2417.000	2.360
2418.000	2.360
2419.000	2.359
2420.000	2.359
2421.000	2.358
2422.000	2.358
2423.000	2.357
2424.000	2.357
2425.000	2.356
2426.000	2.356
2427.000	2.355
2428.000	2.355
2429.000	2.355
2430.000	2.354
2431.000	2.354
2432.000	2.353
2433.000	2.353
2434.000	2.352
2435.000	2.352
2436.000	2.351
2437.000	2.351
2438.000	2.350
2439.000	2.350
2440.000	2.350
2441.000	2.349
2442.000	2.349
2443.000	2.348
2444.000	2.348
2445.000	2.347
2446.000	2.347
2447.000	2.346
2448.000	2.346
2449.000	2.345
2450.000	2.345
2451.000	2.345
2452.000	2.344
2453.000	2.344
2454.000	2.343
2455.000	2.343
2456.000	2.342
2457.000	2.342
2458.000	2.341
2459.000	2.341
2460.000	2.340
2461.000	2.340
2462.000	2.340
2463.000	2.339
2464.000	2.339
2465.000	2.338
2466.000	2.338
2467.000	2.337
2468.000	2.337
2469.000	2.336
2470.000	2.336
2471.000	2.335
2472.000	2.335
2473.000	2.335
2474.000	2.334
2475.000	2.334
2476.000	2.333
2477.000	2.333
2478.000	2.332
2479.000	2.332
2480.000	2.332
2481.000	2.331
2482.000	2.331
2483.000	2.330
2484.000	2.330
2485.000	2.330
2486.000	2.329
2487.000	2.329
2488.000	2.328
2489.000	2.328
2490.000	2.327
2491.000	2.327
2492.000	2.326
2493.000	2.326
2494.000	2.325
2495.000	2.325
2496.000	2.325
2497.000	2.324
2498.000	2.324
2499.000	2.323
2500.000	2.323
2501.000	2.322
2502.000	2.322
2503.000	2.321
2504.000	2.321
2505.000	2.320
2506.000	2.320
2507.000	2.320
2508.000	2.319
2509.000	2.319
2510.000	2.318
2511.000	2.318
2512.000	2.317
2513.000	2.317
2514.000	2.316
2515.000	2.316
2516.000	2.315
2517.000	2.315
2518.000	2.315
2519.000	2.314
2520.000	2.314
2521.000	2.313
2522.000	2.313
2523.000	2.312
2524.000	2.312
2525.000	2.311
2526.000	2.311
2527.000	2.310
2528.000	2.310
2529.000	2.310
2530.000	2.309
2531.000	2.309
2532.000	2.308
2533.000	2.308
2534.000	2.307
2535.000	2.307
2536.000	2.306
2537.000	2.306
2538.000	2.305
2539.000	2.305
2540.000	2.304
2541.000	2.304
2542.000	2.303
2543.000	2.303
2544.000	2.302
2545.000	2.302
2546.000	2.301
2547.000	2.301
2548.000	2.300
2549.000	2.300
2550.000	2.299
2551.000	2.299
2552.000	2.299
2553.000	2.298
2554.000	2.298
2555.000	2.297
2556.000	2.297
2557.000	2.296
2558.000	2.296
2559.000	2.295
2560.000	2.295
2561.000	2.294
2562.000	2.294
2563.000	2.294
2564.000	2.293
2565.000	2.293
2566.000	2.292
2567.000	2.292
2568.000	2.291
2569.000	2.291
2570.000	2.290
2571.000	2.290
2572.000	2.289
2573.000	2.289
2574.000	2.289
2575.000	2.288
2576.000	2.288
2577.000	2.287
2578.000	2.287
2579.000	2.286
2580.000	2.286
2581.000	2.285
2582.000	2.285
2583.000	2.284
2584.000	2.284
2585.000	2.284
2586.000	2.283
2587.000	2.283
2588.000	2.282
2589.000	2.282
2590.000	2.281
2591.000	2.281
2592.000	2.280
2593.000	2.280
2594.000	2.279
2595.000	2.279
2596.000	2.279
2597.000	2.278
2598.000	2.278
2599.000	2.277
2600.000	2.277
2601.000	2.276
2602.000	2.276
2603.000	2.275
2604.000	2.275
2605.000	2.275
2606.000	2.275
2607.000	2.274
2608.000	2.274
2609.000	2.273
2610.000	2.273
2611.000	2.272
2612.000	2.272
2613.000	2.272
2614.000	2.271
2615.000	2.271
2616.000	2.271
2617.000	2.271
2618.000	2.270
2619.000	2.270
2620.000	2.269
2621.000	2.269
2622.000	2.269
2623.000	2.268
2624.000	2.268
2625.000	2.267
2626.000	2.267
2627.000	2.267
2628.000	2.266
2629.000	2.263
2630.000	2.262
2631.000	2.262
2632.000	2.262
2633.000	2.261
2634.000	2.261
2635.000	2.261
2636.000	2.260
2637.000	2.260
2638.000	2.259
2639.000	2.259
2640.000	2.259
2641.000	2.259
2642.000	2.258
2643.000	2.258
2644.000	2.258
2645.000	2.257
2646.000	2.257
2647.000	2.256
2648.000	2.256
2649.000	2.256
2650.000	2.255
2651.000	2.255
2652.000	2.255
2653.000	2.254
2654.000	2.254
2655.000	2.254
2656.000	2.253
2657.000	2.253
2658.000	2.253
2659.000	2.252
2660.000	2.252
2661.000	2.251
2662.000	2.251
2663.000	2.251
2664.000	2.251
2665.000	2.250
2666.000	2.250
2667.000	2.250
2668.000	2.249
2669.000	2.249
2670.000	2.249
2671.000	2.248
2672.000	2.248
2673.000	2.248
2674.000	2.248
2675.000	2.247
2676.000	2.247
2677.000	2.247
2678.000	2.246
2679.000	2.246
2680.000	2.246
2681.000	2.245
2682.000	2.245
2683.000	2.245
2684.000	2.245
2685.000	2.244
2686.000	2.244
2687.000	2.244
2688.000	2.243
2689.000	2.243
2690.000	2.243
2691.000	2.242
2692.000	2.242
2693.000	2.242
2694.000	2.241
2695.000	2.241
2696.000	2.241
2697.000	2.241
2698.000	2.240
2699.000	2.240
2700.000	2.240
2701.000	2.239
2702.000	2.239
2703.000	2.239
2704.000	2.238
2705.000	2.238
2706.000	2.238
2707.000	2.238
2708.000	2.237
2709.000	2.237
2710.000	2.237
2711.000	2.236
2712.000	2.236
2713.000	2.236
2714.000	2.235
2715.000	2.235
2716.000	2.235
2717.000	2.234
2718.000	2.234
2719.000	2.234
2720.000	2.234
2721.000	2.233
2722.000	2.233
2723.000	2.233
2724.000	2.232
2725.000	2.232
2726.000	2.232
2727.000	2.231
2728.000	2.231
2729.000	2.231
2730.000	2.231
2731.000	2.230
2732.000	2.230
2733.000	2.230
2734.000	2.229
2735.000	2.229
2736.000	2.229
2737.000	2.229
2738.000	2.228
2739.000	2.228
2740.000	2.228
2741.000	2.228
2742.000	2.227
2743.000	2.227
2744.000	2.227
2745.000	2.226
2746.000	2.226
2747.000	2.226
2748.000	2.226
2749.000	2.225
2750.000	2.225
2751.000	2.225
2752.000	2.225
2753.000	2.224
2754.000	2.224
2755.000	2.224
2756.000	2.224
2757.000	2.223
2758.000	2.223
2759.000	2.223
2760.000	2.223
2761.000	2.222
2762.000	2.222
2763.000	2.222
2764.000	2.222
2765.000	2.221
2766.000	2.221
2767.000	2.221
2768.000	2.221
2769.000	2.220
2770.000	2.220
2771.000	2.220
2772.000	2.220
2773.000	2.219
2774.000	2.219
2775.000	2.219
2776.000	2.219
2777.000	2.218
2778.000	2.218
2779.000	2.218
2780.000	2.218
2781.000	2.217
2782.000	2.217
2783.000	2.217
2784.000	2.217
2785.000	2.217
2786.000	2.216
2787.000	2.216
2788.000	2.216
2789.000	2.216
2790.000	2.215
2791.000	2.215
2792.000	2.215
2793.000	2.215
2794.000	2.214
2795.000	2.214
2796.000	2.214
2797.000	2.214
2798.000	2.213
2799.000	2.213
2800.000	2.213
2801.000	2.213
2802.000	2.212
2803.000	2.212
2804.000	2.212
2805.000	2.212
2806.000	2.211
2807.000	2.211
2808.000	2.211
2809.000	2.211
2810.000	2.210
2811.000	2.210
2812.000	2.210
2813.000	2.210
2814.000	2.209
2815.000	2.209
2816.000	2.209
2817.000	2.208
2818.000	2.208
2819.000	2.208
2820.000	2.208
2821.000	2.208
2822.000	2.207
2823.000	2.207
2824.000	2.207
2825.000	2.206
2826.000	2.206
2827.000	2.206
2828.000	2.206
2829.000	2.206
2830.000	2.205
2831.000	2.205
2832.000	2.205
2833.000	2.204
2834.000	2.204
2835.000	2.204
2836.000	2.203
2837.000	2.203
2838.000	2.203
2839.000	2.202
2840.000	2.202
2841.000	2.202
2842.000	2.201
2843.000	2.201
2844.000	2.201
2845.000	2.200
2846.000	2.200
2847.000	2.200
2848.000	2.199
2849.000	2.199
2850.000	2.198
2851.000	2.198
2852.000	2.198
2853.000	2.198
2854.000	2.197
2855.000	2.197
2856.000	2.197
2857.000	2.196
2858.000	2.196
2859.000	2.195
2860.000	2.195
2861.000	2.195
2862.000	2.194
2863.000	2.194
2864.000	2.194
2865.000	2.193
2866.000	2.193
2867.000	2.193
2868.000	2.192
2869.000	2.192
2870.000	2.191
2871.000	2.191
2872.000	2.190
2873.000	2.190
2874.000	2.190
2875.000	2.189
2876.000	2.189
2877.000	2.189
2878.000	2.188
2879.000	2.188
2880.000	2.187
2881.000	2.187
2882.000	2.186
2883.000	2.186
2884.000	2.185
2885.000	2.185
2886.000	2.185
2887.000	2.185
2888.000	2.184
2889.000	2.184
2890.000	2.183
2891.000	2.183
2892.000	2.182
2893.000	2.182
2894.000	2.182
2895.000	2.181
2896.000	2.181
2897.000	2.181
2898.000	2.180
2899.000	2.180
2900.000	2.179
2901.000	2.179
2902.000	2.178
2903.000	2.178
2904.000	2.178
2905.000	2.177
2906.000	2.177
2907.000	2.176
2908.000	2.176
2909.000	2.176
2910.000	2.175
2911.000	2.175
2912.000	2.174
2913.000	2.174
2914.000	2.174
2915.000	2.173
2916.000	2.173
2917.000	2.172
2918.000	2.172
2919.000	2.172
2920.000	2.171
2921.000	2.171
2922.000	2.170
2923.000	2.170
2924.000	2.170
2925.000	2.169
2926.000	2.169
2927.000	2.168
2928.000	2.168
2929.000	2.167
2930.000	2.167
2931.000	2.167
2932.000	2.166
2933.000	2.166
2934.000	2.165
2935.000	2.165
2936.000	2.165
2937.000	2.164
2938.000	2.164
2939.000	2.163
2940.000	2.163
2941.000	2.163
2942.000	2.162
2943.000	2.162
2944.000	2.161
2945.000	2.161
2946.000	2.161
2947.000	2.160
2948.000	2.160
2949.000	2.159
2950.000	2.159
2951.000	2.158
2952.000	2.158
2953.000	2.158
2954.000	2.157
2955.000	2.157
2956.000	2.156
2957.000	2.156
2958.000	2.155
2959.000	2.155
2960.000	2.155
2961.000	2.154
2962.000	2.154
2963.000	2.154
2964.000	2.153
2965.000	2.153
2966.000	2.152
2967.000	2.152
2968.000	2.151
2969.000	2.151
2970.000	2.150
2971.000	2.150
2972.000	2.149
2973.000	2.149
2974.000	2.148
2975.000	2.148
2976.000	2.148
2977.000	2.147
2978.000	2.147
2979.000	2.146
2980.000	2.146
2981.000	2.145
2982.000	2.145
2983.000	2.145
2984.000	2.144
2985.000	2.144
2986.000	2.144
2987.000	2.143
2988.000	2.143
2989.000	2.142
2990.000	2.142
2991.000	2.141
2992.000	2.141
2993.000	2.140
2994.000	2.140
2995.000	2.139
2996.000	2.139
2997.000	2.139
2998.000	2.138
2999.000	2.138
3000.000	2.137
3001.000	2.137
3002.000	2.137
3003.000	2.136
3004.000	2.136
3005.000	2.135
3006.000	2.135
3007.000	2.135
3008.000	2.135
3009.000	2.134
3010.000	2.134
3011.000	2.133
3012.000	2.133
3013.000	2.133
3014.000	2.132
3015.000	2.132
3016.000	2.132
3017.000	2.131
3018.000	2.131
3019.000	2.131
3020.000	2.130
3021.000	2.130
3022.000	2.130
3023.000	2.129
3024.000	2.129
3025.000	2.128
3026.000	2.128
3027.000	2.128
3028.000	2.127
3029.000	2.127
3030.000	2.127
3031.000	2.126
3032.000	2.126
3033.000	2.126
3034.000	2.125
3035.000	2.125
3036.000	2.124
3037.000	2.124
3038.000	2.124
3039.000	2.123
3040.000	2.123
3041.000	2.122
3042.000	2.122
3043.000	2.122
3044.000	2.122
3045.000	2.121
3046.000	2.121
3047.000	2.120
3048.000	2.120
3049.000	2.120
3050.000	2.119
3051.000	2.119
3052.000	2.119
3053.000	2.119
3054.000	2.118
3055.000	2.118
3056.000	2.117
3057.000	2.117
3058.000	2.117
3059.000	2.116
3060.000	2.116
3061.000	2.115
3062.000	2.115
3063.000	2.115
3064.000	2.115
3065.000	2.114
3066.000	2.114
3067.000	2.114
3068.000	2.113
3069.000	2.113
3070.000	2.112
3071.000	2.112
3072.000	2.112
3073.000	2.111
3074.000	2.111
3075.000	2.111
3076.000	2.111
3077.000	2.110
3078.000	2.110
3079.000	2.109
3080.000	2.109
3081.000	2.109
3082.000	2.108
3083.000	2.108
3084.000	2.108
3085.000	2.107
3086.000	2.107
3087.000	2.107
3088.000	2.106
3089.000	2.106
3090.000	2.106
3091.000	2.105
3092.000	2.105
3093.000	2.105
3094.000	2.104
3095.000	2.104
3096.000	2.103
3097.000	2.080
3098.000	2.080
3099.000	2.079
3100.000	2.079
3101.000	2.079
3102.000	2.078
3103.000	2.078
3104.000	2.078
3105.000	2.077
3106.000	2.077
3107.000	2.076
3108.000	2.076
3109.000	2.076
3110.000	2.076
3111.000	2.075
3112.000	2.075
3113.000	2.075
3114.000	2.074
3115.000	2.074
3116.000	2.073
3117.000	2.073
3118.000	2.073
3119.000	2.072
3120.000	2.072
3121.000	2.072
3122.000	2.072
3123.000	2.071
3124.000	2.071
3125.000	2.070
3126.000	2.070
3127.000	2.070
3128.000	2.069
3129.000	2.069
3130.000	2.069
3131.000	2.052
3132.000	2.052
3133.000	2.051
3134.000	2.051
3135.000	2.050
3136.000	2.050
3137.000	2.050
3138.000	2.049
3139.000	2.049
3140.000	2.048
3141.000	2.048
3142.000	2.048
3143.000	2.047
3144.000	2.047
3145.000	2.047
3146.000	2.046
3147.000	2.046
3148.000	2.045
3149.000	2.045
3150.000	2.044
3151.000	2.044
3152.000	2.044
3153.000	2.044
3154.000	2.043
3155.000	2.043
3156.000	2.042
3157.000	2.042
3158.000	2.041
3159.000	2.041
3160.000	2.041
3161.000	2.040
3162.000	2.040
3163.000	2.039
3164.000	2.039
3165.000	2.039
3166.000	2.038
3167.000	2.038
3168.000	2.038
3169.000	2.037
3170.000	2.037
3171.000	2.036
3172.000	2.036
3173.000	2.035
3174.000	2.035
3175.000	2.019
3176.000	2.019
3177.000	2.018
3178.000	2.018
3179.000	2.017
3180.000	2.017
3181.000	2.016
3182.000	2.016
3183.000	2.016
3184.000	2.015
3185.000	2.015
3186.000	2.014
3187.000	2.014
3188.000	2.014
3189.000	2.013
3190.000	2.013
3191.000	2.013
3192.000	2.012
3193.000	2.012
3194.000	2.011
3195.000	2.011
3196.000	2.010
3197.000	2.010
3198.000	2.010
3199.000	2.010
3200.000	2.009
3201.000	2.009
3202.000	2.008
3203.000	2.008
3204.000	2.008
3205.000	2.007
3206.000	2.007
3207.000	2.006
3208.000	2.006
3209.000	2.006
3210.000	2.005
3211.000	2.005
3212.000	2.005
3213.000	2.004
3214.000	2.004
3215.000	2.003
3216.000	2.003
3217.000	2.002
3218.000	2.002
3219.000	2.002
3220.000	2.002
3221.000	2.001
3222.000	2.001
3223.000	2.000
3224.000	2.000
3225.000	2.000
3226.000	1.999
3227.000	1.999
3228.000	1.998
3229.000	1.998
3230.000	1.997
3231.000	1.997
3232.000	1.997
3233.000	1.997
3234.000	1.996
3235.000	1.996
3236.000	1.995
3237.000	1.995
3238.000	1.995
3239.000	1.994
3240.000	1.994
3241.000	1.993
3242.000	1.993
3243.000	1.993
3244.000	1.992
3245.000	1.992
3246.000	1.992
3247.000	1.991
3248.000	1.991
3249.000	1.990
3250.000	1.990
3251.000	1.990
3252.000	1.989
3253.000	1.989
3254.000	1.989
3255.000	1.988
3256.000	1.988
3257.000	1.987
3258.000	1.987
3259.000	1.987
3260.000	1.986
3261.000	1.986
3262.000	1.985
3263.000	1.985
3264.000	1.985
3265.000	1.985
3266.000	1.984
3267.000	1.984
3268.000	1.983
3269.000	1.983
3270.000	1.983
3271.000	1.982
3272.000	1.982
3273.000	1.981
3274.000	1.981
3275.000	1.980
3276.000	1.980
3277.000	1.980
3278.000	1.980
3279.000	1.979
3280.000	1.979
3281.000	1.978
3282.000	1.978
3283.000	1.978
3284.000	1.977
3285.000	1.977
3286.000	1.976
3287.000	1.976
3288.000	1.976
3289.000	1.976
3290.000	1.975
3291.000	1.975
3292.000	1.974
3293.000	1.974
3294.000	1.973
3295.000	1.973
3296.000	1.972
3297.000	1.972
3298.000	1.972
3299.000	1.972
3300.000	1.971
3301.000	1.971
3302.000	1.970
3303.000	1.970
3304.000	1.969
3305.000	1.969
3306.000	1.969
3307.000	1.968
3308.000	1.968
3309.000	1.968
3310.000	1.967
3311.000	1.967
3312.000	1.966
3313.000	1.966
3314.000	1.965
3315.000	1.965
3316.000	1.965
3317.000	1.964
3318.000	1.964
3319.000	1.963
3320.000	1.963
3321.000	1.963
3322.000	1.962
3323.000	1.962
3324.000	1.961
3325.000	1.961
3326.000	1.961
3327.000	1.960
3328.000	1.960
3329.000	1.959
3330.000	1.959
3331.000	1.958
3332.000	1.958
3333.000	1.958
3334.000	1.957
3335.000	1.957
3336.000	1.957
3337.000	1.956
3338.000	1.956
3339.000	1.955
3340.000	1.955
3341.000	1.954
3342.000	1.954
3343.000	1.954
3344.000	1.954
3345.000	1.953
3346.000	1.953
3347.000	1.952
3348.000	1.952
3349.000	1.951
3350.000	1.951
3351.000	1.950
3352.000	1.950
3353.000	1.950
3354.000	1.950
3355.000	1.949
3356.000	1.949
3357.000	1.948
3358.000	1.948
3359.000	1.947
3360.000	1.947
3361.000	1.947
3362.000	1.946
3363.000	1.946
3364.000	1.945
3365.000	1.945
3366.000	1.945
3367.000	1.944
3368.000	1.944
3369.000	1.943
3370.000	1.943
3371.000	1.943
3372.000	1.942
3373.000	1.942
3374.000	1.941
3375.000	1.941
3376.000	1.941
3377.000	1.940
3378.000	1.940
3379.000	1.940
3380.000	1.939
3381.000	1.939
3382.000	1.938
3383.000	1.938
3384.000	1.937
3385.000	1.937
3386.000	1.937
3387.000	1.937
3388.000	1.936
3389.000	1.936
3390.000	1.935
3391.000	1.935
3392.000	1.934
3393.000	1.934
3394.000	1.934
3395.000	1.933
3396.000	1.933
3397.000	1.932
3398.000	1.932
3399.000	1.932
3400.000	1.932
3401.000	1.931
3402.000	1.931
3403.000	1.930
3404.000	1.930
3405.000	1.930
3406.000	1.929
3407.000	1.929
3408.000	1.928
3409.000	1.928
3410.000	1.928
3411.000	1.927
3412.000	1.927
3413.000	1.927
3414.000	1.926
3415.000	1.926
3416.000	1.925
3417.000	1.925
3418.000	1.925
3419.000	1.924
3420.000	1.924
3421.000	1.924
3422.000	1.923
3423.000	1.923
3424.000	1.923
3425.000	1.922
3426.000	1.922
3427.000	1.922
3428.000	1.921
3429.000	1.921
3430.000	1.921
3431.000	1.920
3432.000	1.920
3433.000	1.920
3434.000	1.920
3435.000	1.919
3436.000	1.919
3437.000	1.919
3438.000	1.918
3439.000	1.918
3440.000	1.918
3441.000	1.917
3442.000	1.917
3443.000	1.917
3444.000	1.917
3445.000	1.916
3446.000	1.916
3447.000	1.916
3448.000	1.915
3449.000	1.915
3450.000	1.915
3451.000	1.914
3452.000	1.914
3453.000	1.914
3454.000	1.914
3455.000	1.913
3456.000	1.913
3457.000	1.913
3458.000	1.912
3459.000	1.912
3460.000	1.912
3461.000	1.911
3462.000	1.911
3463.000	1.911
3464.000	1.910
3465.000	1.910
3466.000	1.910
3467.000	1.910
3468.000	1.909
3469.000	1.909
3470.000	1.909
3471.000	1.908
3472.000	1.908
3473.000	1.908
3474.000	1.907
3475.000	1.907
3476.000	1.907
3477.000	1.907
3478.000	1.906
3479.000	1.906
3480.000	1.906
3481.000	1.906
3482.000	1.905
3483.000	1.905
3484.000	1.905
3485.000	1.904
3486.000	1.904
3487.000	1.904
3488.000	1.904
3489.000	1.903
3490.000	1.903
3491.000	1.903
3492.000	1.903
3493.000	1.902
3494.000	1.902
3495.000	1.902
3496.000	1.902
3497.000	1.901
3498.000	1.901
3499.000	1.901
3500.000	1.901
3501.000	1.900
3502.000	1.900
3503.000	1.900
3504.000	1.900
3505.000	1.899
3506.000	1.899
3507.000	1.899
3508.000	1.899
3509.000	1.898
3510.000	1.898
3511.000	1.898
3512.000	1.898
3513.000	1.898
3514.000	1.897
3515.000	1.897
3516.000	1.897
3517.000	1.897
3518.000	1.896
3519.000	1.896
3520.000	1.896
3521.000	1.896
3522.000	1.896
3523.000	1.895
3524.000	1.895
3525.000	1.895
3526.000	1.894
3527.000	1.894
3528.000	1.894
3529.000	1.894
3530.000	1.893
3531.000	1.893
3532.000	1.893
3533.000	1.893
3534.000	1.893
3535.000	1.892
3536.000	1.892
3537.000	1.892
3538.000	1.891
3539.000	1.891
3540.000	1.891
3541.000	1.891
3542.000	1.890
3543.000	1.890
3544.000	1.890
3545.000	1.890
3546.000	1.890
3547.000	1.889
3548.000	1.889
3549.000	1.889
3550.000	1.888
3551.000	1.888
3552.000	1.888
3553.000	1.887
3554.000	1.887
3555.000	1.887
3556.000	1.887
3557.000	1.887
3558.000	1.886
3559.000	1.886
3560.000	1.886
3561.000	1.885
3562.000	1.885
3563.000	1.885
3564.000	1.884
3565.000	1.884
3566.000	1.884
3567.000	1.884
3568.000	1.884
3569.000	1.883
3570.000	1.883
3571.000	1.883
3572.000	1.882
3573.000	1.882
3574.000	1.882
3575.000	1.882
3576.000	1.881
3577.000	1.881
3578.000	1.881
3579.000	1.881
3580.000	1.881
3581.000	1.880
3582.000	1.880
3583.000	1.880
3584.000	1.879
3585.000	1.879
3586.000	1.879
3587.000	1.879
3588.000	1.879
3589.000	1.878
3590.000	1.878
3591.000	1.878
3592.000	1.878
3593.000	1.877
3594.000	1.877
3595.000	1.877
3596.000	1.877
3597.000	1.876
3598.000	1.876
3599.000	1.876
3600.000	1.876
3601.000	1.876
3602.000	1.875
3603.000	1.875
3604.000	1.875
3605.000	1.875
3606.000	1.874
3607.000	1.874
3608.000	1.874
3609.000	1.874
3610.000	1.873
3611.000	1.873
3612.000	1.873
3613.000	1.873
3614.000	1.873
3615.000	1.872
3616.000	1.872
3617.000	1.872
3618.000	1.872
3619.000	1.871
3620.000	1.871
3621.000	1.871
3622.000	1.871
3623.000	1.871
3624.000	1.870
3625.000	1.870
3626.000	1.870
3627.000	1.869
3628.000	1.869
3629.000	1.869
3630.000	1.869
3631.000	1.868
3632.000	1.868
3633.000	1.868
3634.000	1.868
3635.000	1.867
3636.000	1.867
3637.000	1.867
3638.000	1.867
3639.000	1.866
3640.000	1.866
3641.000	1.866
3642.000	1.865
3643.000	1.865
3644.000	1.865
3645.000	1.865
3646.000	1.865
3647.000	1.864
3648.000	1.864
3649.000	1.864
3650.000	1.864
3651.000	1.863
3652.000	1.863
3653.000	1.863
3654.000	1.863
3655.000	1.863
3656.000	1.862
3657.000	1.862
3658.000	1.862
3659.000	1.862
3660.000	1.861
3661.000	1.861
3662.000	1.861
3663.000	1.860
3664.000	1.860
3665.000	1.860
3666.000	1.860
3667.000	1.860
3668.000	1.859
3669.000	1.859
3670.000	1.859
3671.000	1.858
3672.000	1.858
3673.000	1.858
3674.000	1.858
3675.000	1.857
3676.000	1.857
3677.000	1.857
3678.000	1.857
3679.000	1.857
3680.000	1.856
3681.000	1.856
3682.000	1.856
3683.000	1.855
3684.000	1.855
3685.000	1.855
3686.000	1.855
3687.000	1.854
3688.000	1.854
3689.000	1.854
3690.000	1.854
3691.000	1.853
3692.000	1.853
3693.000	1.853
3694.000	1.853
3695.000	1.852
3696.000	1.852
3697.000	1.852
3698.000	1.852
3699.000	1.851
3700.000	1.851
3701.000	1.851
3702.000	1.851
3703.000	1.850
3704.000	1.850
3705.000	1.850
3706.000	1.850
3707.000	1.849
3708.000	1.849
3709.000	1.849
3710.000	1.848
3711.000	1.848
3712.000	1.848
3713.000	1.848
3714.000	1.848
3715.000	1.847
3716.000	1.847
3717.000	1.847
3718.000	1.847
3719.000	1.846
3720.000	1.846
3721.000	1.846
3722.000	1.846
3723.000	1.845
3724.000	1.845
3725.000	1.845
3726.000	1.845
3727.000	1.844
3728.000	1.844
3729.000	1.844
3730.000	1.843
3731.000	1.843
3732.000	1.843
3733.000	1.843
3734.000	1.842
3735.000	1.842
3736.000	1.842
3737.000	1.842
3738.000	1.841
3739.000	1.841
3740.000	1.841
3741.000	1.840
3742.000	1.840
3743.000	1.840
3744.000	1.840
3745.000	1.839
3746.000	1.839
3747.000	1.839
3748.000	1.839
3749.000	1.839
3750.000	1.839
3751.000	1.839
3752.000	1.839
3753.000	1.839
3754.000	1.839
3755.000	1.839
3756.000	1.839
3757.000	1.839
3758.000	1.839
3759.000	1.839
3760.000	1.839
3761.000	1.839
3762.000	1.839
3763.000	1.839
3764.000	1.839
3765.000	1.839
3766.000	1.839
3767.000	1.839
3768.000	1.839
3769.000	1.839
3770.000	1.839
3771.000	1.839
3772.000	1.839
3773.000	1.839
3774.000	1.839
3775.000	1.839
3776.000	1.839
3777.000	1.839
3778.000	1.839
3779.000	1.839
3780.000	1.839
3781.000	1.839
3782.000	1.839
3783.000	1.825
3784.000	1.825
3785.000	1.825
3786.000	1.803
3787.000	1.803
3788.000	1.803
3789.000	1.803
3790.000	1.803
3791.000	1.803
3792.000	1.803
3793.000	1.803
3794.000	1.803
3795.000	1.803
3796.000	1.803
3797.000	1.803
3798.000	1.803
3799.000	1.803
3800.000	1.803
3801.000	1.803
3802.000	1.803
3803.000	1.803
3804.000	1.803
3805.000	1.803
3806.000	1.803
3807.000	1.803
3808.000	1.803
3809.000	1.803
3810.000	1.803
3811.000	1.803
3812.000	1.803
3813.000	1.803
3814.000	1.803
3815.000	1.803
3816.000	1.803
3817.000	1.803
3818.000	1.803
3819.000	1.803
3820.000	1.803
3821.000	1.803
3822.000	1.803
3823.000	1.803
3824.000	1.803
3825.000	1.803
3826.000	1.803
3827.000	1.803
3828.000	1.803
3829.000	1.803
3830.000	1.803
3831.000	1.803
3832.000	1.803
3833.000	1.803
3834.000	1.803
3835.000	1.803
3836.000	1.803
3837.000	1.803
3838.000	1.803
3839.000	1.803
3840.000	1.803
3841.000	1.803
3842.000	1.803
3843.000	1.803
3844.000	1.787
3845.000	1.787
3846.000	1.787
3847.000	1.787
3848.000	1.787
3849.000	1.787
3850.000	1.787
3851.000	1.787
3852.000	1.787
3853.000	1.787
3854.000	1.787
3855.000	1.783
3856.000	1.783
3857.000	1.783
3858.000	1.783
3859.000	1.783
3860.000	1.783
3861.000	1.783
3862.000	1.783
3863.000	1.783
3864.000	1.783
3865.000	1.783
3866.000	1.783
3867.000	1.783
3868.000	1.778
3869.000	1.778
3870.000	1.778
3871.000	1.770
3872.000	1.770
3873.000	1.769
3874.000	1.769
3875.000	1.769
3876.000	1.769
3877.000	1.769
3878.000	1.769
3879.000	1.765
3880.000	1.765
3881.000	1.765
3882.000	1.765
3883.000	1.758
3884.000	1.758
3885.000	1.758
3886.000	1.758
3887.000	1.752
3888.000	1.752
3889.000	1.752
3890.000	1.752
3891.000	1.752
3892.000	1.752
3893.000	1.752
3894.000	1.752
3895.000	1.752
3896.000	1.752
3897.000	1.752
3898.000	1.752
3899.000	1.752
3900.000	1.752
3901.000	1.752
3902.000	1.752
3903.000	1.752
3904.000	1.752
3905.000	1.752
3906.000	1.752
3907.000	1.752
3908.000	1.752
3909.000	1.752
3910.000	1.752
3911.000	1.752
3912.000	1.752
3913.000	1.752
3914.000	1.752
3915.000	1.752
3916.000	1.752
3917.000	1.752
3918.000	1.752
3919.000	1.752
3920.000	1.752
3921.000	1.752
3922.000	1.752
3923.000	1.752
3924.000	1.752
3925.000	1.752
3926.000	1.752
3927.000	1.752
3928.000	1.752
3929.000	1.752
3930.000	1.752
3931.000	1.752
3932.000	1.752
3933.000	1.752
3934.000	1.752
3935.000	1.752
3936.000	1.752
3937.000	1.752
3938.000	1.752
3939.000	1.752
3940.000	1.752
3941.000	1.752
3942.000	1.752
3943.000	1.752
3944.000	1.752
3945.000	1.752
3946.000	1.752
3947.000	1.752
3948.000	1.752
3949.000	1.752
3950.000	1.752
3951.000	1.752
3952.000	1.752
3953.000	1.752
3954.000	1.752
3955.000	1.752
3956.000	1.752
3957.000	1.752
3958.000	1.752
3959.000	1.752
3960.000	1.752
3961.000	1.752
3962.000	1.752
3963.000	1.752
3964.000	1.752
3965.000	1.724
3966.000	1.724
3967.000	1.724
3968.000	1.724
3969.000	1.724
3970.000	1.724
3971.000	1.724
3972.000	1.724
3973.000	1.724
3974.000	1.724
3975.000	1.724
3976.000	1.724
3977.000	1.724
3978.000	1.724
3979.000	1.724
3980.000	1.724
3981.000	1.724
3982.000	1.724
3983.000	1.724
3984.000	1.724
3985.000	1.724
3986.000	1.724
3987.000	1.724
3988.000	1.724
3989.000	1.724
3990.000	1.724
3991.000	1.724
3992.000	1.724
3993.000	1.724
3994.000	1.724
3995.000	1.724
3996.000	1.724
3997.000	1.724
3998.000	1.724
3999.000	1.724
4000.000	1.724
4001.000	1.724
4002.000	1.706
4003.000	1.706
4004.000	1.706
4005.000	1.706
4006.000	1.704
4007.000	1.704
4008.000	1.704
4009.000	1.704
4010.000	1.704
4011.000	1.704
4012.000	1.704
4013.000	1.704
4014.000	1.704
4015.000	1.704
4016.000	1.704
4017.000	1.704
4018.000	1.704
4019.000	1.704
4020.000	1.704
4021.000	1.704
4022.000	1.704
4023.000	1.704
4024.000	1.704
4025.000	1.704
4026.000	1.704
4027.000	1.704
4028.000	1.704
4029.000	1.704
4030.000	1.704
4031.000	1.704
4032.000	1.704
4033.000	1.704
4034.000	1.704
4035.000	1.704
4036.000	1.704
4037.000	1.704
4038.000	1.704
4039.000	1.704
4040.000	1.704
4041.000	1.704
4042.000	1.704
4043.000	1.704
4044.000	1.704
4045.000	1.704
4046.000	1.704
4047.000	1.704
4048.000	1.704
4049.000	1.704
4050.000	1.704
4051.000	1.704
4052.000	1.704
4053.000	1.704
4054.000	1.704
4055.000	1.704
4056.000	1.704
4057.000	1.704
4058.000	1.704
4059.000	1.704
4060.000	1.704
4061.000	1.704
4062.000	1.704
4063.000	1.704
4064.000	1.704
4065.000	1.704
4066.000	1.704
4067.000	1.704
4068.000	1.704
4069.000	1.704
4070.000	1.692
4071.000	1.692
4072.000	1.692
4073.000	1.692
4074.000	1.692
4075.000	1.692
4076.000	1.692
4077.000	1.692
4078.000	1.692
4079.000	1.692
4080.000	1.692
4081.000	1.692
4082.000	1.692
4083.000	1.692
4084.000	1.692
4085.000	1.692
4086.000	1.692
4087.000	1.692
4088.000	1.689
4089.000	1.689
4090.000	1.689
4091.000	1.689
4092.000	1.646
4093.000	1.646
4094.000	1.638
4095.000	1.605
