0.000	17.701
1.000	17.701
2.000	17.554
3.000	17.554
4.000	17.554
5.000	17.554
6.000	17.550
7.000	17.550
8.000	17.544
9.000	17.544
10.000	17.544
11.000	17.544
12.000	17.544
13.000	17.544
14.000	17.544
15.000	17.544
16.000	17.544
17.000	17.538
18.000	17.538
19.000	17.533
20.000	17.532
21.000	17.531
22.000	17.530
23.000	17.529
24.000	17.528
25.000	17.528
26.000	17.527
27.000	17.526
28.000	17.526
29.000	17.523
30.000	17.523
31.000	17.522
32.000	17.521
33.000	17.520
34.000	17.520
35.000	17.519
36.000	17.518
37.000	17.517
38.000	17.517
39.000	17.516
40.000	17.516
41.000	17.515
42.000	17.514
43.000	17.514
44.000	17.513
45.000	17.512
46.000	17.512
47.000	17.511
48.000	17.510
49.000	17.510
50.000	17.509
51.000	17.509
52.000	17.508
53.000	17.507
54.000	17.507
55.000	17.506
56.000	17.505
57.000	17.504
58.000	17.503
59.000	17.502
60.000	17.501
61.000	17.500
62.000	17.500
63.000	17.499
64.000	17.497
65.000	17.496
66.000	17.495
67.000	17.494
68.000	17.493
69.000	17.491
70.000	17.490
71.000	17.489
72.000	17.488
73.000	17.482
74.000	17.481
75.000	17.480
76.000	17.478
77.000	17.477
78.000	17.476
79.000	17.475
80.000	17.473
81.000	17.471
82.000	17.469
83.000	17.468
84.000	17.468
85.000	17.466
86.000	17.464
87.000	17.461
88.000	17.459
89.000	17.457
90.000	17.454
91.000	17.452
92.000	17.449
93.000	17.446
94.000	17.444
95.000	17.441
96.000	17.441
97.000	17.438
98.000	17.436
99.000	17.433
100.000	17.430
101.000	17.427
102.000	17.424
103.000	17.421
104.000	17.418
105.000	17.414
106.000	17.410
107.000	17.410
108.000	17.406
109.000	17.402
110.000	17.397
111.000	17.393
112.000	17.388
113.000	17.384
114.000	17.379
115.000	17.373
116.000	17.367
117.000	17.361
118.000	17.361
119.000	17.354
120.000	17.348
121.000	17.341
122.000	17.335
123.000	17.328
124.000	17.321
125.000	17.313
126.000	17.304
127.000	17.296
128.000	17.287
129.000	17.260
130.000	17.251
131.000	17.240
132.000	17.231
133.000	17.220
134.000	17.210
135.000	17.199
136.000	17.187
137.000	17.176
138.000	17.164
139.000	17.150
140.000	17.148
141.000	17.135
142.000	17.121
143.000	17.108
144.000	17.093
145.000	17.078
146.000	17.063
147.000	17.046
148.000	17.029
149.000	17.012
150.000	16.994
151.000	16.951
152.000	16.934
153.000	16.914
154.000	16.895
155.000	16.874
156.000	16.853
157.000	16.832
158.000	16.811
159.000	16.790
160.000	16.770
161.000	16.750
162.000	16.724
163.000	16.724
164.000	16.697
165.000	16.671
166.000	16.645
167.000	16.615
168.000	16.586
169.000	16.556
170.000	16.527
171.000	16.498
172.000	16.467
173.000	16.436
174.000	16.394
175.000	16.364
176.000	16.332
177.000	16.300
178.000	16.267
179.000	16.233
180.000	16.201
181.000	16.166
182.000	16.131
183.000	16.097
184.000	16.062
185.000	16.062
186.000	16.026
187.000	15.990
188.000	15.954
189.000	15.918
190.000	15.882
191.000	15.845
192.000	15.808
193.000	15.770
194.000	15.733
195.000	15.695
196.000	15.516
197.000	15.477
198.000	15.438
199.000	15.400
200.000	15.362
201.000	15.324
202.000	15.285
203.000	15.246
204.000	15.207
205.000	15.168
206.000	15.128
207.000	15.054
208.000	15.016
209.000	14.976
210.000	14.937
211.000	14.899
212.000	14.861
213.000	14.822
214.000	14.782
215.000	14.744
216.000	14.705
217.000	14.667
218.000	14.622
219.000	14.584
220.000	14.546
221.000	14.507
222.000	14.468
223.000	14.429
224.000	14.389
225.000	14.350
226.000	14.309
227.000	14.274
228.000	14.238
229.000	14.202
230.000	14.181
231.000	14.145
232.000	14.110
233.000	14.076
234.000	14.042
235.000	14.008
236.000	13.974
237.000	13.941
238.000	13.907
239.000	13.874
240.000	13.840
241.000	13.773
242.000	13.739
243.000	13.706
244.000	13.673
245.000	13.641
246.000	13.610
247.000	13.579
248.000	13.548
249.000	13.517
250.000	13.487
251.000	13.458
252.000	13.415
253.000	13.384
254.000	13.354
255.000	13.326
256.000	13.298
257.000	13.270
258.000	13.242
259.000	13.216
260.000	13.186
261.000	13.157
262.000	13.129
263.000	13.129
264.000	13.100
265.000	13.071
266.000	13.044
267.000	13.016
268.000	12.989
269.000	12.963
270.000	12.936
271.000	12.910
272.000	12.883
273.000	12.857
274.000	12.857
275.000	12.831
276.000	12.805
277.000	12.779
278.000	12.754
279.000	12.728
280.000	12.703
281.000	12.677
282.000	12.652
283.000	12.627
284.000	12.602
285.000	12.520
286.000	12.495
287.000	12.470
288.000	12.445
289.000	12.421
290.000	12.396
291.000	12.372
292.000	12.348
293.000	12.323
294.000	12.299
295.000	12.276
296.000	12.276
297.000	12.253
298.000	12.230
299.000	12.207
300.000	12.184
301.000	12.161
302.000	12.138
303.000	12.115
304.000	12.092
305.000	12.070
306.000	12.047
307.000	12.025
308.000	12.025
309.000	12.002
310.000	11.980
311.000	11.957
312.000	11.935
313.000	11.913
314.000	11.891
315.000	11.868
316.000	11.846
317.000	11.824
318.000	11.801
319.000	11.772
320.000	11.750
321.000	11.729
322.000	11.707
323.000	11.686
324.000	11.664
325.000	11.641
326.000	11.619
327.000	11.596
328.000	11.573
329.000	11.550
330.000	11.525
331.000	11.502
332.000	11.480
333.000	11.457
334.000	11.435
335.000	11.413
336.000	11.390
337.000	11.368
338.000	11.345
339.000	11.322
340.000	11.298
341.000	11.298
342.000	11.274
343.000	11.250
344.000	11.228
345.000	11.206
346.000	11.184
347.000	11.162
348.000	11.140
349.000	11.118
350.000	11.095
351.000	11.073
352.000	11.048
353.000	11.026
354.000	11.003
355.000	10.981
356.000	10.959
357.000	10.936
358.000	10.914
359.000	10.892
360.000	10.869
361.000	10.847
362.000	10.826
363.000	10.812
364.000	10.789
365.000	10.767
366.000	10.744
367.000	10.722
368.000	10.701
369.000	10.679
370.000	10.658
371.000	10.637
372.000	10.616
373.000	10.595
374.000	10.575
375.000	10.541
376.000	10.520
377.000	10.499
378.000	10.476
379.000	10.453
380.000	10.430
381.000	10.408
382.000	10.386
383.000	10.364
384.000	10.341
385.000	10.317
386.000	10.263
387.000	10.239
388.000	10.216
389.000	10.192
390.000	10.168
391.000	10.144
392.000	10.120
393.000	10.096
394.000	10.072
395.000	10.048
396.000	10.024
397.000	10.024
398.000	10.000
399.000	9.976
400.000	9.951
401.000	9.927
402.000	9.903
403.000	9.879
404.000	9.855
405.000	9.831
406.000	9.807
407.000	9.782
408.000	9.782
409.000	9.758
410.000	9.733
411.000	9.709
412.000	9.685
413.000	9.661
414.000	9.636
415.000	9.613
416.000	9.588
417.000	9.564
418.000	9.541
419.000	9.541
420.000	9.517
421.000	9.494
422.000	9.470
423.000	9.446
424.000	9.422
425.000	9.399
426.000	9.376
427.000	9.352
428.000	9.329
429.000	9.306
430.000	9.306
431.000	9.283
432.000	9.260
433.000	9.236
434.000	9.213
435.000	9.190
436.000	9.167
437.000	9.144
438.000	9.122
439.000	9.099
440.000	9.076
441.000	9.054
442.000	9.021
443.000	8.999
444.000	8.977
445.000	8.955
446.000	8.933
447.000	8.911
448.000	8.890
449.000	8.868
450.000	8.847
451.000	8.825
452.000	8.803
453.000	8.803
454.000	8.782
455.000	8.761
456.000	8.739
457.000	8.718
458.000	8.697
459.000	8.675
460.000	8.655
461.000	8.634
462.000	8.612
463.000	8.592
464.000	8.553
465.000	8.532
466.000	8.511
467.000	8.490
468.000	8.470
469.000	8.451
470.000	8.431
471.000	8.411
472.000	8.391
473.000	8.371
474.000	8.351
475.000	8.305
476.000	8.285
477.000	8.264
478.000	8.244
479.000	8.223
480.000	8.203
481.000	8.183
482.000	8.163
483.000	8.143
484.000	8.125
485.000	8.107
486.000	8.083
487.000	8.065
488.000	8.046
489.000	8.028
490.000	8.010
491.000	7.992
492.000	7.973
493.000	7.956
494.000	7.939
495.000	7.922
496.000	7.905
497.000	7.899
498.000	7.883
499.000	7.867
500.000	7.851
501.000	7.835
502.000	7.819
503.000	7.803
504.000	7.787
505.000	7.771
506.000	7.756
507.000	7.741
508.000	7.741
509.000	7.726
510.000	7.710
511.000	7.696
512.000	7.681
513.000	7.667
514.000	7.652
515.000	7.637
516.000	7.623
517.000	7.609
518.000	7.595
519.000	7.582
520.000	7.582
521.000	7.568
522.000	7.555
523.000	7.542
524.000	7.528
525.000	7.515
526.000	7.502
527.000	7.489
528.000	7.476
529.000	7.463
530.000	7.451
531.000	7.451
532.000	7.438
533.000	7.425
534.000	7.413
535.000	7.400
536.000	7.387
537.000	7.375
538.000	7.363
539.000	7.350
540.000	7.338
541.000	7.326
542.000	7.326
543.000	7.314
544.000	7.302
545.000	7.291
546.000	7.279
547.000	7.267
548.000	7.255
549.000	7.244
550.000	7.233
551.000	7.222
552.000	7.210
553.000	7.196
554.000	7.185
555.000	7.174
556.000	7.163
557.000	7.152
558.000	7.141
559.000	7.131
560.000	7.120
561.000	7.110
562.000	7.100
563.000	7.090
564.000	7.070
565.000	7.060
566.000	7.050
567.000	7.041
568.000	7.031
569.000	7.021
570.000	7.012
571.000	7.002
572.000	6.993
573.000	6.985
574.000	6.976
575.000	6.957
576.000	6.948
577.000	6.939
578.000	6.930
579.000	6.921
580.000	6.912
581.000	6.903
582.000	6.894
583.000	6.886
584.000	6.877
585.000	6.869
586.000	6.860
587.000	6.860
588.000	6.852
589.000	6.843
590.000	6.835
591.000	6.826
592.000	6.817
593.000	6.808
594.000	6.798
595.000	6.789
596.000	6.780
597.000	6.771
598.000	6.757
599.000	6.748
600.000	6.739
601.000	6.731
602.000	6.722
603.000	6.714
604.000	6.706
605.000	6.698
606.000	6.690
607.000	6.682
608.000	6.674
609.000	6.646
610.000	6.638
611.000	6.630
612.000	6.622
613.000	6.614
614.000	6.607
615.000	6.600
616.000	6.593
617.000	6.586
618.000	6.577
619.000	6.569
620.000	6.569
621.000	6.561
622.000	6.553
623.000	6.545
624.000	6.537
625.000	6.529
626.000	6.520
627.000	6.512
628.000	6.503
629.000	6.495
630.000	6.487
631.000	6.487
632.000	6.479
633.000	6.471
634.000	6.463
635.000	6.454
636.000	6.446
637.000	6.438
638.000	6.430
639.000	6.423
640.000	6.415
641.000	6.406
642.000	6.406
643.000	6.398
644.000	6.390
645.000	6.382
646.000	6.374
647.000	6.367
648.000	6.359
649.000	6.351
650.000	6.343
651.000	6.335
652.000	6.327
653.000	6.319
654.000	6.319
655.000	6.311
656.000	6.304
657.000	6.296
658.000	6.288
659.000	6.280
660.000	6.273
661.000	6.265
662.000	6.258
663.000	6.250
664.000	6.242
665.000	6.242
666.000	6.235
667.000	6.227
668.000	6.219
669.000	6.212
670.000	6.205
671.000	6.198
672.000	6.190
673.000	6.183
674.000	6.176
675.000	6.169
676.000	6.169
677.000	6.162
678.000	6.155
679.000	6.148
680.000	6.141
681.000	6.134
682.000	6.127
683.000	6.120
684.000	6.114
685.000	6.107
686.000	6.100
687.000	6.100
688.000	6.093
689.000	6.087
690.000	6.080
691.000	6.073
692.000	6.066
693.000	6.059
694.000	6.053
695.000	6.046
696.000	6.039
697.000	6.032
698.000	6.031
699.000	6.024
700.000	6.017
701.000	6.010
702.000	6.003
703.000	5.996
704.000	5.989
705.000	5.982
706.000	5.975
707.000	5.968
708.000	5.961
709.000	5.961
710.000	5.955
711.000	5.948
712.000	5.941
713.000	5.934
714.000	5.927
715.000	5.920
716.000	5.913
717.000	5.906
718.000	5.899
719.000	5.892
720.000	5.892
721.000	5.885
722.000	5.878
723.000	5.871
724.000	5.865
725.000	5.858
726.000	5.851
727.000	5.845
728.000	5.838
729.000	5.832
730.000	5.825
731.000	5.818
732.000	5.818
733.000	5.812
734.000	5.805
735.000	5.799
736.000	5.793
737.000	5.786
738.000	5.780
739.000	5.774
740.000	5.767
741.000	5.762
742.000	5.756
743.000	5.756
744.000	5.751
745.000	5.745
746.000	5.739
747.000	5.734
748.000	5.728
749.000	5.722
750.000	5.717
751.000	5.711
752.000	5.705
753.000	5.700
754.000	5.659
755.000	5.654
756.000	5.648
757.000	5.642
758.000	5.636
759.000	5.631
760.000	5.625
761.000	5.619
762.000	5.613
763.000	5.607
764.000	5.601
765.000	5.601
766.000	5.595
767.000	5.590
768.000	5.584
769.000	5.578
770.000	5.572
771.000	5.566
772.000	5.560
773.000	5.555
774.000	5.550
775.000	5.545
776.000	5.545
777.000	5.540
778.000	5.535
779.000	5.530
780.000	5.525
781.000	5.521
782.000	5.517
783.000	5.512
784.000	5.508
785.000	5.504
786.000	5.500
787.000	5.491
788.000	5.486
789.000	5.482
790.000	5.478
791.000	5.474
792.000	5.469
793.000	5.465
794.000	5.461
795.000	5.457
796.000	5.452
797.000	5.448
798.000	5.444
799.000	5.444
800.000	5.440
801.000	5.436
802.000	5.432
803.000	5.428
804.000	5.423
805.000	5.419
806.000	5.415
807.000	5.411
808.000	5.407
809.000	5.403
810.000	5.403
811.000	5.399
812.000	5.395
813.000	5.391
814.000	5.387
815.000	5.383
816.000	5.379
817.000	5.375
818.000	5.371
819.000	5.367
820.000	5.363
821.000	5.363
822.000	5.359
823.000	5.355
824.000	5.351
825.000	5.348
826.000	5.344
827.000	5.341
828.000	5.337
829.000	5.333
830.000	5.330
831.000	5.326
832.000	5.317
833.000	5.313
834.000	5.310
835.000	5.306
836.000	5.302
837.000	5.298
838.000	5.294
839.000	5.291
840.000	5.287
841.000	5.283
842.000	5.279
843.000	5.279
844.000	5.275
845.000	5.271
846.000	5.267
847.000	5.263
848.000	5.260
849.000	5.256
850.000	5.252
851.000	5.248
852.000	5.245
853.000	5.241
854.000	5.231
855.000	5.227
856.000	5.223
857.000	5.220
858.000	5.216
859.000	5.212
860.000	5.209
861.000	5.205
862.000	5.202
863.000	5.198
864.000	5.194
865.000	5.191
866.000	5.191
867.000	5.188
868.000	5.184
869.000	5.181
870.000	5.178
871.000	5.174
872.000	5.171
873.000	5.168
874.000	5.164
875.000	5.161
876.000	5.157
877.000	5.157
878.000	5.154
879.000	5.151
880.000	5.147
881.000	5.144
882.000	5.141
883.000	5.137
884.000	5.134
885.000	5.130
886.000	5.127
887.000	5.124
888.000	5.124
889.000	5.120
890.000	5.117
891.000	5.113
892.000	5.110
893.000	5.107
894.000	5.104
895.000	5.101
896.000	5.097
897.000	5.094
898.000	5.091
899.000	5.072
900.000	5.069
901.000	5.065
902.000	5.062
903.000	5.059
904.000	5.056
905.000	5.053
906.000	5.050
907.000	5.047
908.000	5.043
909.000	5.040
910.000	5.040
911.000	5.037
912.000	5.033
913.000	5.030
914.000	5.027
915.000	5.023
916.000	5.020
917.000	5.017
918.000	5.013
919.000	5.010
920.000	5.007
921.000	4.993
922.000	4.990
923.000	4.987
924.000	4.984
925.000	4.981
926.000	4.978
927.000	4.975
928.000	4.972
929.000	4.969
930.000	4.966
931.000	4.963
932.000	4.960
933.000	4.960
934.000	4.957
935.000	4.954
936.000	4.950
937.000	4.947
938.000	4.944
939.000	4.941
940.000	4.938
941.000	4.935
942.000	4.932
943.000	4.929
944.000	4.929
945.000	4.926
946.000	4.923
947.000	4.920
948.000	4.917
949.000	4.914
950.000	4.912
951.000	4.909
952.000	4.906
953.000	4.903
954.000	4.900
955.000	4.900
956.000	4.897
957.000	4.894
958.000	4.891
959.000	4.888
960.000	4.885
961.000	4.882
962.000	4.879
963.000	4.876
964.000	4.872
965.000	4.869
966.000	4.869
967.000	4.866
968.000	4.863
969.000	4.860
970.000	4.858
971.000	4.855
972.000	4.852
973.000	4.849
974.000	4.846
975.000	4.843
976.000	4.840
977.000	4.825
978.000	4.822
979.000	4.819
980.000	4.816
981.000	4.813
982.000	4.810
983.000	4.807
984.000	4.804
985.000	4.802
986.000	4.799
987.000	4.796
988.000	4.796
989.000	4.793
990.000	4.790
991.000	4.787
992.000	4.785
993.000	4.782
994.000	4.779
995.000	4.777
996.000	4.774
997.000	4.771
998.000	4.769
999.000	4.769
1000.000	4.766
1001.000	4.763
1002.000	4.760
1003.000	4.758
1004.000	4.755
1005.000	4.752
1006.000	4.750
1007.000	4.747
1008.000	4.745
1009.000	4.742
1010.000	4.740
1011.000	4.740
1012.000	4.737
1013.000	4.735
1014.000	4.732
1015.000	4.730
1016.000	4.727
1017.000	4.724
1018.000	4.722
1019.000	4.719
1020.000	4.716
1021.000	4.713
1022.000	4.713
1023.000	4.710
1024.000	4.708
1025.000	4.705
1026.000	4.702
1027.000	4.699
1028.000	4.697
1029.000	4.694
1030.000	4.691
1031.000	4.689
1032.000	4.686
1033.000	4.681
1034.000	4.678
1035.000	4.675
1036.000	4.673
1037.000	4.670
1038.000	4.668
1039.000	4.665
1040.000	4.663
1041.000	4.660
1042.000	4.658
1043.000	4.655
1044.000	4.655
1045.000	4.653
1046.000	4.650
1047.000	4.648
1048.000	4.645
1049.000	4.643
1050.000	4.640
1051.000	4.638
1052.000	4.635
1053.000	4.633
1054.000	4.631
1055.000	4.631
1056.000	4.628
1057.000	4.626
1058.000	4.623
1059.000	4.621
1060.000	4.618
1061.000	4.616
1062.000	4.613
1063.000	4.611
1064.000	4.609
1065.000	4.606
1066.000	4.606
1067.000	4.604
1068.000	4.601
1069.000	4.599
1070.000	4.596
1071.000	4.594
1072.000	4.592
1073.000	4.589
1074.000	4.587
1075.000	4.585
1076.000	4.582
1077.000	4.580
1078.000	4.579
1079.000	4.577
1080.000	4.575
1081.000	4.572
1082.000	4.570
1083.000	4.568
1084.000	4.565
1085.000	4.563
1086.000	4.560
1087.000	4.558
1088.000	4.556
1089.000	4.556
1090.000	4.553
1091.000	4.551
1092.000	4.549
1093.000	4.546
1094.000	4.544
1095.000	4.542
1096.000	4.539
1097.000	4.537
1098.000	4.535
1099.000	4.532
1100.000	4.532
1101.000	4.530
1102.000	4.528
1103.000	4.525
1104.000	4.523
1105.000	4.521
1106.000	4.518
1107.000	4.516
1108.000	4.514
1109.000	4.512
1110.000	4.509
1111.000	4.509
1112.000	4.507
1113.000	4.505
1114.000	4.503
1115.000	4.500
1116.000	4.498
1117.000	4.496
1118.000	4.493
1119.000	4.491
1120.000	4.489
1121.000	4.487
1122.000	4.487
1123.000	4.485
1124.000	4.482
1125.000	4.480
1126.000	4.478
1127.000	4.476
1128.000	4.474
1129.000	4.471
1130.000	4.469
1131.000	4.467
1132.000	4.465
1133.000	4.465
1134.000	4.463
1135.000	4.460
1136.000	4.458
1137.000	4.456
1138.000	4.454
1139.000	4.451
1140.000	4.449
1141.000	4.447
1142.000	4.445
1143.000	4.442
1144.000	4.440
1145.000	4.440
1146.000	4.438
1147.000	4.436
1148.000	4.434
1149.000	4.431
1150.000	4.429
1151.000	4.427
1152.000	4.425
1153.000	4.422
1154.000	4.420
1155.000	4.418
1156.000	4.418
1157.000	4.416
1158.000	4.414
1159.000	4.412
1160.000	4.409
1161.000	4.407
1162.000	4.405
1163.000	4.403
1164.000	4.401
1165.000	4.399
1166.000	4.396
1167.000	4.396
1168.000	4.394
1169.000	4.392
1170.000	4.390
1171.000	4.387
1172.000	4.385
1173.000	4.383
1174.000	4.381
1175.000	4.378
1176.000	4.376
1177.000	4.374
1178.000	4.374
1179.000	4.372
1180.000	4.369
1181.000	4.367
1182.000	4.365
1183.000	4.363
1184.000	4.361
1185.000	4.359
1186.000	4.357
1187.000	4.354
1188.000	4.352
1189.000	4.352
1190.000	4.350
1191.000	4.348
1192.000	4.346
1193.000	4.344
1194.000	4.342
1195.000	4.340
1196.000	4.338
1197.000	4.335
1198.000	4.333
1199.000	4.331
1200.000	4.331
1201.000	4.329
1202.000	4.327
1203.000	4.325
1204.000	4.323
1205.000	4.321
1206.000	4.319
1207.000	4.317
1208.000	4.315
1209.000	4.313
1210.000	4.311
1211.000	4.311
1212.000	4.309
1213.000	4.307
1214.000	4.305
1215.000	4.303
1216.000	4.301
1217.000	4.299
1218.000	4.297
1219.000	4.295
1220.000	4.293
1221.000	4.290
1222.000	4.288
1223.000	4.288
1224.000	4.286
1225.000	4.284
1226.000	4.282
1227.000	4.280
1228.000	4.278
1229.000	4.275
1230.000	4.273
1231.000	4.271
1232.000	4.269
1233.000	4.267
1234.000	4.267
1235.000	4.265
1236.000	4.263
1237.000	4.261
1238.000	4.259
1239.000	4.257
1240.000	4.255
1241.000	4.253
1242.000	4.250
1243.000	4.248
1244.000	4.246
1245.000	4.246
1246.000	4.244
1247.000	4.242
1248.000	4.240
1249.000	4.238
1250.000	4.236
1251.000	4.234
1252.000	4.232
1253.000	4.230
1254.000	4.228
1255.000	4.226
1256.000	4.226
1257.000	4.225
1258.000	4.223
1259.000	4.221
1260.000	4.219
1261.000	4.217
1262.000	4.215
1263.000	4.213
1264.000	4.211
1265.000	4.209
1266.000	4.207
1267.000	4.198
1268.000	4.196
1269.000	4.194
1270.000	4.192
1271.000	4.190
1272.000	4.188
1273.000	4.186
1274.000	4.184
1275.000	4.182
1276.000	4.180
1277.000	4.178
1278.000	4.178
1279.000	4.176
1280.000	4.174
1281.000	4.172
1282.000	4.171
1283.000	4.169
1284.000	4.167
1285.000	4.165
1286.000	4.163
1287.000	4.161
1288.000	4.159
1289.000	4.157
1290.000	4.157
1291.000	4.155
1292.000	4.153
1293.000	4.151
1294.000	4.149
1295.000	4.147
1296.000	4.145
1297.000	4.143
1298.000	4.141
1299.000	4.139
1300.000	4.137
1301.000	4.137
1302.000	4.135
1303.000	4.133
1304.000	4.131
1305.000	4.129
1306.000	4.127
1307.000	4.125
1308.000	4.123
1309.000	4.121
1310.000	4.119
1311.000	4.117
1312.000	4.117
1313.000	4.115
1314.000	4.113
1315.000	4.111
1316.000	4.109
1317.000	4.107
1318.000	4.105
1319.000	4.103
1320.000	4.102
1321.000	4.100
1322.000	4.098
1323.000	4.098
1324.000	4.096
1325.000	4.094
1326.000	4.092
1327.000	4.090
1328.000	4.088
1329.000	4.086
1330.000	4.084
1331.000	4.082
1332.000	4.080
1333.000	4.079
1334.000	4.079
1335.000	4.077
1336.000	4.075
1337.000	4.073
1338.000	4.071
1339.000	4.069
1340.000	4.067
1341.000	4.066
1342.000	4.064
1343.000	4.062
1344.000	4.060
1345.000	4.060
1346.000	4.059
1347.000	4.057
1348.000	4.055
1349.000	4.053
1350.000	4.052
1351.000	4.050
1352.000	4.048
1353.000	4.046
1354.000	4.045
1355.000	4.043
1356.000	4.041
1357.000	4.041
1358.000	4.040
1359.000	4.038
1360.000	4.036
1361.000	4.034
1362.000	4.033
1363.000	4.031
1364.000	4.029
1365.000	4.027
1366.000	4.025
1367.000	4.024
1368.000	4.019
1369.000	4.017
1370.000	4.015
1371.000	4.013
1372.000	4.012
1373.000	4.010
1374.000	4.008
1375.000	4.006
1376.000	4.005
1377.000	4.003
1378.000	4.001
1379.000	4.001
1380.000	4.000
1381.000	3.998
1382.000	3.996
1383.000	3.995
1384.000	3.993
1385.000	3.991
1386.000	3.990
1387.000	3.988
1388.000	3.987
1389.000	3.985
1390.000	3.985
1391.000	3.983
1392.000	3.982
1393.000	3.980
1394.000	3.978
1395.000	3.977
1396.000	3.975
1397.000	3.973
1398.000	3.971
1399.000	3.970
1400.000	3.968
1401.000	3.961
1402.000	3.959
1403.000	3.957
1404.000	3.955
1405.000	3.954
1406.000	3.952
1407.000	3.951
1408.000	3.949
1409.000	3.947
1410.000	3.946
1411.000	3.944
1412.000	3.944
1413.000	3.942
1414.000	3.940
1415.000	3.939
1416.000	3.937
1417.000	3.935
1418.000	3.934
1419.000	3.932
1420.000	3.930
1421.000	3.928
1422.000	3.927
1423.000	3.927
1424.000	3.925
1425.000	3.923
1426.000	3.921
1427.000	3.920
1428.000	3.918
1429.000	3.916
1430.000	3.915
1431.000	3.913
1432.000	3.911
1433.000	3.910
1434.000	3.908
1435.000	3.890
1436.000	3.889
1437.000	3.887
1438.000	3.885
1439.000	3.884
1440.000	3.882
1441.000	3.881
1442.000	3.879
1443.000	3.877
1444.000	3.876
1445.000	3.874
1446.000	3.874
1447.000	3.873
1448.000	3.871
1449.000	3.870
1450.000	3.868
1451.000	3.866
1452.000	3.865
1453.000	3.863
1454.000	3.862
1455.000	3.860
1456.000	3.859
1457.000	3.859
1458.000	3.857
1459.000	3.856
1460.000	3.854
1461.000	3.853
1462.000	3.851
1463.000	3.850
1464.000	3.848
1465.000	3.847
1466.000	3.845
1467.000	3.844
1468.000	3.844
1469.000	3.842
1470.000	3.841
1471.000	3.839
1472.000	3.838
1473.000	3.836
1474.000	3.835
1475.000	3.833
1476.000	3.831
1477.000	3.830
1478.000	3.828
1479.000	3.828
1480.000	3.827
1481.000	3.825
1482.000	3.824
1483.000	3.822
1484.000	3.821
1485.000	3.819
1486.000	3.818
1487.000	3.816
1488.000	3.815
1489.000	3.813
1490.000	3.813
1491.000	3.812
1492.000	3.811
1493.000	3.809
1494.000	3.808
1495.000	3.807
1496.000	3.805
1497.000	3.804
1498.000	3.803
1499.000	3.801
1500.000	3.800
1501.000	3.799
1502.000	3.799
1503.000	3.797
1504.000	3.796
1505.000	3.795
1506.000	3.793
1507.000	3.792
1508.000	3.791
1509.000	3.789
1510.000	3.788
1511.000	3.787
1512.000	3.785
1513.000	3.785
1514.000	3.784
1515.000	3.783
1516.000	3.782
1517.000	3.780
1518.000	3.779
1519.000	3.778
1520.000	3.776
1521.000	3.775
1522.000	3.774
1523.000	3.772
1524.000	3.760
1525.000	3.759
1526.000	3.757
1527.000	3.756
1528.000	3.755
1529.000	3.753
1530.000	3.752
1531.000	3.751
1532.000	3.749
1533.000	3.748
1534.000	3.746
1535.000	3.746
1536.000	3.745
1537.000	3.744
1538.000	3.742
1539.000	3.741
1540.000	3.739
1541.000	3.738
1542.000	3.737
1543.000	3.735
1544.000	3.734
1545.000	3.732
1546.000	3.732
1547.000	3.731
1548.000	3.730
1549.000	3.728
1550.000	3.727
1551.000	3.726
1552.000	3.724
1553.000	3.723
1554.000	3.722
1555.000	3.720
1556.000	3.719
1557.000	3.719
1558.000	3.718
1559.000	3.717
1560.000	3.715
1561.000	3.714
1562.000	3.713
1563.000	3.712
1564.000	3.710
1565.000	3.709
1566.000	3.708
1567.000	3.706
1568.000	3.705
1569.000	3.705
1570.000	3.704
1571.000	3.703
1572.000	3.701
1573.000	3.700
1574.000	3.699
1575.000	3.697
1576.000	3.696
1577.000	3.695
1578.000	3.693
1579.000	3.692
1580.000	3.692
1581.000	3.691
1582.000	3.689
1583.000	3.688
1584.000	3.687
1585.000	3.685
1586.000	3.684
1587.000	3.683
1588.000	3.681
1589.000	3.680
1590.000	3.679
1591.000	3.679
1592.000	3.678
1593.000	3.676
1594.000	3.675
1595.000	3.674
1596.000	3.673
1597.000	3.671
1598.000	3.670
1599.000	3.669
1600.000	3.668
1601.000	3.667
1602.000	3.667
1603.000	3.665
1604.000	3.664
1605.000	3.663
1606.000	3.662
1607.000	3.661
1608.000	3.660
1609.000	3.659
1610.000	3.657
1611.000	3.656
1612.000	3.655
1613.000	3.655
1614.000	3.654
1615.000	3.653
1616.000	3.652
1617.000	3.651
1618.000	3.650
1619.000	3.648
1620.000	3.647
1621.000	3.646
1622.000	3.645
1623.000	3.644
1624.000	3.644
1625.000	3.643
1626.000	3.642
1627.000	3.641
1628.000	3.640
1629.000	3.639
1630.000	3.638
1631.000	3.636
1632.000	3.635
1633.000	3.634
1634.000	3.633
1635.000	3.632
1636.000	3.632
1637.000	3.631
1638.000	3.630
1639.000	3.629
1640.000	3.628
1641.000	3.627
1642.000	3.626
1643.000	3.625
1644.000	3.623
1645.000	3.622
1646.000	3.621
1647.000	3.621
1648.000	3.620
1649.000	3.619
1650.000	3.618
1651.000	3.617
1652.000	3.616
1653.000	3.615
1654.000	3.614
1655.000	3.613
1656.000	3.612
1657.000	3.611
1658.000	3.611
1659.000	3.609
1660.000	3.608
1661.000	3.607
1662.000	3.606
1663.000	3.605
1664.000	3.604
1665.000	3.603
1666.000	3.602
1667.000	3.601
1668.000	3.600
1669.000	3.600
1670.000	3.600
1671.000	3.599
1672.000	3.598
1673.000	3.597
1674.000	3.596
1675.000	3.595
1676.000	3.594
1677.000	3.593
1678.000	3.592
1679.000	3.591
1680.000	3.591
1681.000	3.590
1682.000	3.589
1683.000	3.588
1684.000	3.587
1685.000	3.586
1686.000	3.585
1687.000	3.584
1688.000	3.584
1689.000	3.583
1690.000	3.582
1691.000	3.582
1692.000	3.581
1693.000	3.580
1694.000	3.579
1695.000	3.578
1696.000	3.577
1697.000	3.576
1698.000	3.575
1699.000	3.575
1700.000	3.574
1701.000	3.573
1702.000	3.573
1703.000	3.572
1704.000	3.572
1705.000	3.571
1706.000	3.570
1707.000	3.569
1708.000	3.568
1709.000	3.568
1710.000	3.567
1711.000	3.566
1712.000	3.565
1713.000	3.565
1714.000	3.565
1715.000	3.564
1716.000	3.563
1717.000	3.562
1718.000	3.562
1719.000	3.561
1720.000	3.560
1721.000	3.559
1722.000	3.559
1723.000	3.558
1724.000	3.558
1725.000	3.558
1726.000	3.557
1727.000	3.556
1728.000	3.556
1729.000	3.555
1730.000	3.554
1731.000	3.554
1732.000	3.553
1733.000	3.552
1734.000	3.552
1735.000	3.551
1736.000	3.551
1737.000	3.551
1738.000	3.550
1739.000	3.549
1740.000	3.549
1741.000	3.548
1742.000	3.548
1743.000	3.547
1744.000	3.546
1745.000	3.546
1746.000	3.545
1747.000	3.545
1748.000	3.545
1749.000	3.544
1750.000	3.544
1751.000	3.543
1752.000	3.543
1753.000	3.542
1754.000	3.542
1755.000	3.541
1756.000	3.541
1757.000	3.540
1758.000	3.540
1759.000	3.540
1760.000	3.539
1761.000	3.538
1762.000	3.538
1763.000	3.537
1764.000	3.537
1765.000	3.536
1766.000	3.535
1767.000	3.535
1768.000	3.534
1769.000	3.534
1770.000	3.532
1771.000	3.530
1772.000	3.529
1773.000	3.527
1774.000	3.526
1775.000	3.524
1776.000	3.523
1777.000	3.521
1778.000	3.519
1779.000	3.518
1780.000	3.516
1781.000	3.516
1782.000	3.515
1783.000	3.513
1784.000	3.512
1785.000	3.510
1786.000	3.509
1787.000	3.507
1788.000	3.505
1789.000	3.504
1790.000	3.502
1791.000	3.501
1792.000	3.501
1793.000	3.499
1794.000	3.498
1795.000	3.496
1796.000	3.495
1797.000	3.493
1798.000	3.492
1799.000	3.490
1800.000	3.489
1801.000	3.487
1802.000	3.486
1803.000	3.486
1804.000	3.484
1805.000	3.483
1806.000	3.481
1807.000	3.480
1808.000	3.479
1809.000	3.477
1810.000	3.476
1811.000	3.474
1812.000	3.473
1813.000	3.471
1814.000	3.471
1815.000	3.470
1816.000	3.468
1817.000	3.467
1818.000	3.466
1819.000	3.464
1820.000	3.463
1821.000	3.461
1822.000	3.460
1823.000	3.458
1824.000	3.457
1825.000	3.457
1826.000	3.455
1827.000	3.454
1828.000	3.453
1829.000	3.451
1830.000	3.450
1831.000	3.448
1832.000	3.447
1833.000	3.446
1834.000	3.444
1835.000	3.443
1836.000	3.443
1837.000	3.441
1838.000	3.440
1839.000	3.439
1840.000	3.437
1841.000	3.436
1842.000	3.434
1843.000	3.433
1844.000	3.432
1845.000	3.430
1846.000	3.429
1847.000	3.427
1848.000	3.427
1849.000	3.426
1850.000	3.425
1851.000	3.423
1852.000	3.422
1853.000	3.421
1854.000	3.419
1855.000	3.418
1856.000	3.417
1857.000	3.415
1858.000	3.414
1859.000	3.414
1860.000	3.413
1861.000	3.411
1862.000	3.410
1863.000	3.409
1864.000	3.407
1865.000	3.406
1866.000	3.405
1867.000	3.404
1868.000	3.403
1869.000	3.401
1870.000	3.401
1871.000	3.400
1872.000	3.399
1873.000	3.398
1874.000	3.397
1875.000	3.395
1876.000	3.394
1877.000	3.393
1878.000	3.392
1879.000	3.391
1880.000	3.389
1881.000	3.389
1882.000	3.388
1883.000	3.387
1884.000	3.386
1885.000	3.385
1886.000	3.384
1887.000	3.383
1888.000	3.381
1889.000	3.380
1890.000	3.379
1891.000	3.378
1892.000	3.378
1893.000	3.377
1894.000	3.376
1895.000	3.375
1896.000	3.373
1897.000	3.372
1898.000	3.371
1899.000	3.370
1900.000	3.369
1901.000	3.368
1902.000	3.367
1903.000	3.367
1904.000	3.366
1905.000	3.364
1906.000	3.363
1907.000	3.362
1908.000	3.361
1909.000	3.360
1910.000	3.359
1911.000	3.358
1912.000	3.357
1913.000	3.356
1914.000	3.356
1915.000	3.355
1916.000	3.354
1917.000	3.353
1918.000	3.352
1919.000	3.351
1920.000	3.350
1921.000	3.349
1922.000	3.348
1923.000	3.347
1924.000	3.346
1925.000	3.345
1926.000	3.345
1927.000	3.344
1928.000	3.343
1929.000	3.342
1930.000	3.341
1931.000	3.340
1932.000	3.339
1933.000	3.338
1934.000	3.337
1935.000	3.336
1936.000	3.335
1937.000	3.335
1938.000	3.334
1939.000	3.333
1940.000	3.332
1941.000	3.331
1942.000	3.330
1943.000	3.329
1944.000	3.328
1945.000	3.327
1946.000	3.326
1947.000	3.325
1948.000	3.325
1949.000	3.324
1950.000	3.323
1951.000	3.322
1952.000	3.322
1953.000	3.321
1954.000	3.320
1955.000	3.319
1956.000	3.318
1957.000	3.317
1958.000	3.316
1959.000	3.316
1960.000	3.315
1961.000	3.314
1962.000	3.313
1963.000	3.312
1964.000	3.311
1965.000	3.310
1966.000	3.309
1967.000	3.308
1968.000	3.307
1969.000	3.306
1970.000	3.306
1971.000	3.305
1972.000	3.304
1973.000	3.303
1974.000	3.302
1975.000	3.301
1976.000	3.300
1977.000	3.299
1978.000	3.298
1979.000	3.298
1980.000	3.297
1981.000	3.297
1982.000	3.296
1983.000	3.295
1984.000	3.294
1985.000	3.293
1986.000	3.292
1987.000	3.291
1988.000	3.290
1989.000	3.289
1990.000	3.288
1991.000	3.287
1992.000	3.286
1993.000	3.286
1994.000	3.285
1995.000	3.284
1996.000	3.283
1997.000	3.282
1998.000	3.281
1999.000	3.280
2000.000	3.280
2001.000	3.279
2002.000	3.278
2003.000	3.277
2004.000	3.277
2005.000	3.276
2006.000	3.275
2007.000	3.274
2008.000	3.273
2009.000	3.272
2010.000	3.271
2011.000	3.270
2012.000	3.269
2013.000	3.268
2014.000	3.267
2015.000	3.267
2016.000	3.266
2017.000	3.265
2018.000	3.264
2019.000	3.264
2020.000	3.263
2021.000	3.262
2022.000	3.261
2023.000	3.260
2024.000	3.259
2025.000	3.258
2026.000	3.258
2027.000	3.257
2028.000	3.256
2029.000	3.255
2030.000	3.254
2031.000	3.253
2032.000	3.252
2033.000	3.251
2034.000	3.251
2035.000	3.250
2036.000	3.249
2037.000	3.249
2038.000	3.248
2039.000	3.247
2040.000	3.246
2041.000	3.245
2042.000	3.244
2043.000	3.243
2044.000	3.242
2045.000	3.241
2046.000	3.240
2047.000	3.239
2048.000	3.239
2049.000	3.238
2050.000	3.238
2051.000	3.237
2052.000	3.236
2053.000	3.235
2054.000	3.234
2055.000	3.233
2056.000	3.232
2057.000	3.231
2058.000	3.230
2059.000	3.229
2060.000	3.229
2061.000	3.228
2062.000	3.227
2063.000	3.227
2064.000	3.226
2065.000	3.225
2066.000	3.224
2067.000	3.223
2068.000	3.222
2069.000	3.221
2070.000	3.220
2071.000	3.220
2072.000	3.219
2073.000	3.218
2074.000	3.217
2075.000	3.216
2076.000	3.216
2077.000	3.215
2078.000	3.214
2079.000	3.213
2080.000	3.212
2081.000	3.211
2082.000	3.211
2083.000	3.210
2084.000	3.209
2085.000	3.208
2086.000	3.207
2087.000	3.206
2088.000	3.206
2089.000	3.205
2090.000	3.204
2091.000	3.203
2092.000	3.202
2093.000	3.202
2094.000	3.201
2095.000	3.200
2096.000	3.199
2097.000	3.198
2098.000	3.197
2099.000	3.196
2100.000	3.196
2101.000	3.195
2102.000	3.194
2103.000	3.193
2104.000	3.193
2105.000	3.192
2106.000	3.191
2107.000	3.190
2108.000	3.189
2109.000	3.188
2110.000	3.187
2111.000	3.187
2112.000	3.186
2113.000	3.185
2114.000	3.184
2115.000	3.184
2116.000	3.183
2117.000	3.182
2118.000	3.181
2119.000	3.180
2120.000	3.179
2121.000	3.179
2122.000	3.178
2123.000	3.177
2124.000	3.176
2125.000	3.175
2126.000	3.175
2127.000	3.174
2128.000	3.173
2129.000	3.172
2130.000	3.171
2131.000	3.171
2132.000	3.170
2133.000	3.169
2134.000	3.168
2135.000	3.167
2136.000	3.166
2137.000	3.165
2138.000	3.165
2139.000	3.164
2140.000	3.163
2141.000	3.163
2142.000	3.162
2143.000	3.161
2144.000	3.160
2145.000	3.159
2146.000	3.159
2147.000	3.158
2148.000	3.157
2149.000	3.157
2150.000	3.157
2151.000	3.157
2152.000	3.157
2153.000	3.157
2154.000	3.157
2155.000	3.157
2156.000	3.157
2157.000	3.157
2158.000	3.157
2159.000	3.157
2160.000	3.157
2161.000	3.157
2162.000	3.157
2163.000	3.157
2164.000	3.157
2165.000	3.157
2166.000	3.157
2167.000	3.157
2168.000	3.157
2169.000	3.157
2170.000	3.157
2171.000	3.157
2172.000	3.157
2173.000	3.157
2174.000	3.157
2175.000	3.157
2176.000	3.157
2177.000	3.157
2178.000	3.157
2179.000	3.157
2180.000	3.157
2181.000	3.157
2182.000	3.157
2183.000	3.157
2184.000	3.157
2185.000	3.157
2186.000	3.157
2187.000	3.157
2188.000	3.157
2189.000	3.157
2190.000	3.157
2191.000	3.157
2192.000	3.157
2193.000	3.157
2194.000	3.156
2195.000	3.156
2196.000	3.156
2197.000	3.155
2198.000	3.155
2199.000	3.155
2200.000	3.154
2201.000	3.154
2202.000	3.153
2203.000	3.153
2204.000	3.153
2205.000	3.153
2206.000	3.152
2207.000	3.152
2208.000	3.152
2209.000	3.151
2210.000	3.151
2211.000	3.151
2212.000	3.150
2213.000	3.150
2214.000	3.150
2215.000	3.149
2216.000	3.149
2217.000	3.149
2218.000	3.149
2219.000	3.148
2220.000	3.148
2221.000	3.148
2222.000	3.147
2223.000	3.147
2224.000	3.147
2225.000	3.146
2226.000	3.146
2227.000	3.146
2228.000	3.146
2229.000	3.145
2230.000	3.145
2231.000	3.145
2232.000	3.144
2233.000	3.144
2234.000	3.144
2235.000	3.143
2236.000	3.143
2237.000	3.143
2238.000	3.143
2239.000	3.142
2240.000	3.142
2241.000	3.141
2242.000	3.141
2243.000	3.141
2244.000	3.140
2245.000	3.140
2246.000	3.139
2247.000	3.139
2248.000	3.139
2249.000	3.139
2250.000	3.138
2251.000	3.138
2252.000	3.137
2253.000	3.137
2254.000	3.136
2255.000	3.136
2256.000	3.135
2257.000	3.134
2258.000	3.134
2259.000	3.133
2260.000	3.133
2261.000	3.133
2262.000	3.132
2263.000	3.131
2264.000	3.131
2265.000	3.130
2266.000	3.130
2267.000	3.129
2268.000	3.128
2269.000	3.128
2270.000	3.127
2271.000	3.127
2272.000	3.127
2273.000	3.126
2274.000	3.125
2275.000	3.125
2276.000	3.124
2277.000	3.124
2278.000	3.123
2279.000	3.122
2280.000	3.122
2281.000	3.121
2282.000	3.121
2283.000	3.121
2284.000	3.120
2285.000	3.119
2286.000	3.119
2287.000	3.118
2288.000	3.118
2289.000	3.117
2290.000	3.116
2291.000	3.116
2292.000	3.115
2293.000	3.115
2294.000	3.115
2295.000	3.114
2296.000	3.113
2297.000	3.113
2298.000	3.112
2299.000	3.112
2300.000	3.111
2301.000	3.110
2302.000	3.110
2303.000	3.109
2304.000	3.108
2305.000	3.108
2306.000	3.108
2307.000	3.107
2308.000	3.106
2309.000	3.106
2310.000	3.105
2311.000	3.105
2312.000	3.104
2313.000	3.103
2314.000	3.103
2315.000	3.102
2316.000	3.102
2317.000	3.101
2318.000	3.101
2319.000	3.100
2320.000	3.099
2321.000	3.099
2322.000	3.098
2323.000	3.098
2324.000	3.097
2325.000	3.096
2326.000	3.096
2327.000	3.096
2328.000	3.095
2329.000	3.094
2330.000	3.094
2331.000	3.093
2332.000	3.093
2333.000	3.092
2334.000	3.091
2335.000	3.091
2336.000	3.090
2337.000	3.089
2338.000	3.089
2339.000	3.089
2340.000	3.088
2341.000	3.087
2342.000	3.087
2343.000	3.086
2344.000	3.086
2345.000	3.085
2346.000	3.084
2347.000	3.084
2348.000	3.083
2349.000	3.082
2350.000	3.082
2351.000	3.081
2352.000	3.081
2353.000	3.080
2354.000	3.079
2355.000	3.078
2356.000	3.078
2357.000	3.077
2358.000	3.076
2359.000	3.076
2360.000	3.075
2361.000	3.075
2362.000	3.074
2363.000	3.073
2364.000	3.073
2365.000	3.072
2366.000	3.071
2367.000	3.070
2368.000	3.070
2369.000	3.069
2370.000	3.068
2371.000	3.068
2372.000	3.068
2373.000	3.067
2374.000	3.066
2375.000	3.065
2376.000	3.065
2377.000	3.064
2378.000	3.063
2379.000	3.062
2380.000	3.062
2381.000	3.061
2382.000	3.060
2383.000	3.060
2384.000	3.060
2385.000	3.059
2386.000	3.058
2387.000	3.057
2388.000	3.057
2389.000	3.056
2390.000	3.055
2391.000	3.055
2392.000	3.054
2393.000	3.053
2394.000	3.053
2395.000	3.052
2396.000	3.052
2397.000	3.051
2398.000	3.050
2399.000	3.049
2400.000	3.048
2401.000	3.047
2402.000	3.047
2403.000	3.046
2404.000	3.045
2405.000	3.045
2406.000	3.044
2407.000	3.043
2408.000	3.042
2409.000	3.042
2410.000	3.041
2411.000	3.040
2412.000	3.039
2413.000	3.038
2414.000	3.037
2415.000	3.036
2416.000	3.036
2417.000	3.036
2418.000	3.035
2419.000	3.034
2420.000	3.033
2421.000	3.032
2422.000	3.031
2423.000	3.031
2424.000	3.030
2425.000	3.029
2426.000	3.028
2427.000	3.027
2428.000	3.027
2429.000	3.026
2430.000	3.026
2431.000	3.025
2432.000	3.024
2433.000	3.023
2434.000	3.022
2435.000	3.021
2436.000	3.021
2437.000	3.020
2438.000	3.019
2439.000	3.019
2440.000	3.018
2441.000	3.017
2442.000	3.016
2443.000	3.016
2444.000	3.015
2445.000	3.014
2446.000	3.013
2447.000	3.012
2448.000	3.011
2449.000	3.011
2450.000	3.011
2451.000	3.010
2452.000	3.009
2453.000	3.008
2454.000	3.007
2455.000	3.006
2456.000	3.005
2457.000	3.004
2458.000	3.003
2459.000	3.002
2460.000	3.002
2461.000	3.002
2462.000	3.001
2463.000	3.000
2464.000	2.999
2465.000	2.998
2466.000	2.997
2467.000	2.996
2468.000	2.995
2469.000	2.994
2470.000	2.993
2471.000	2.993
2472.000	2.993
2473.000	2.992
2474.000	2.991
2475.000	2.990
2476.000	2.989
2477.000	2.988
2478.000	2.987
2479.000	2.986
2480.000	2.985
2481.000	2.984
2482.000	2.983
2483.000	2.983
2484.000	2.983
2485.000	2.982
2486.000	2.981
2487.000	2.980
2488.000	2.979
2489.000	2.978
2490.000	2.977
2491.000	2.976
2492.000	2.975
2493.000	2.974
2494.000	2.973
2495.000	2.973
2496.000	2.972
2497.000	2.971
2498.000	2.970
2499.000	2.969
2500.000	2.968
2501.000	2.967
2502.000	2.966
2503.000	2.965
2504.000	2.964
2505.000	2.963
2506.000	2.963
2507.000	2.962
2508.000	2.961
2509.000	2.960
2510.000	2.959
2511.000	2.958
2512.000	2.957
2513.000	2.956
2514.000	2.955
2515.000	2.954
2516.000	2.953
2517.000	2.953
2518.000	2.952
2519.000	2.951
2520.000	2.950
2521.000	2.950
2522.000	2.949
2523.000	2.948
2524.000	2.947
2525.000	2.946
2526.000	2.945
2527.000	2.944
2528.000	2.944
2529.000	2.943
2530.000	2.942
2531.000	2.941
2532.000	2.940
2533.000	2.939
2534.000	2.938
2535.000	2.937
2536.000	2.936
2537.000	2.935
2538.000	2.934
2539.000	2.934
2540.000	2.933
2541.000	2.932
2542.000	2.931
2543.000	2.930
2544.000	2.929
2545.000	2.928
2546.000	2.927
2547.000	2.926
2548.000	2.925
2549.000	2.924
2550.000	2.923
2551.000	2.923
2552.000	2.922
2553.000	2.921
2554.000	2.920
2555.000	2.919
2556.000	2.918
2557.000	2.917
2558.000	2.916
2559.000	2.915
2560.000	2.914
2561.000	2.913
2562.000	2.913
2563.000	2.912
2564.000	2.911
2565.000	2.910
2566.000	2.909
2567.000	2.908
2568.000	2.907
2569.000	2.906
2570.000	2.905
2571.000	2.904
2572.000	2.903
2573.000	2.903
2574.000	2.902
2575.000	2.901
2576.000	2.900
2577.000	2.899
2578.000	2.898
2579.000	2.897
2580.000	2.896
2581.000	2.895
2582.000	2.894
2583.000	2.893
2584.000	2.893
2585.000	2.892
2586.000	2.891
2587.000	2.890
2588.000	2.889
2589.000	2.888
2590.000	2.887
2591.000	2.886
2592.000	2.885
2593.000	2.884
2594.000	2.883
2595.000	2.883
2596.000	2.882
2597.000	2.881
2598.000	2.880
2599.000	2.879
2600.000	2.878
2601.000	2.877
2602.000	2.876
2603.000	2.875
2604.000	2.874
2605.000	2.873
2606.000	2.873
2607.000	2.872
2608.000	2.871
2609.000	2.871
2610.000	2.870
2611.000	2.869
2612.000	2.868
2613.000	2.867
2614.000	2.866
2615.000	2.865
2616.000	2.864
2617.000	2.864
2618.000	2.863
2619.000	2.862
2620.000	2.861
2621.000	2.860
2622.000	2.859
2623.000	2.858
2624.000	2.857
2625.000	2.856
2626.000	2.855
2627.000	2.854
2628.000	2.853
2629.000	2.853
2630.000	2.852
2631.000	2.851
2632.000	2.850
2633.000	2.849
2634.000	2.848
2635.000	2.847
2636.000	2.846
2637.000	2.845
2638.000	2.844
2639.000	2.843
2640.000	2.843
2641.000	2.843
2642.000	2.842
2643.000	2.841
2644.000	2.840
2645.000	2.839
2646.000	2.838
2647.000	2.837
2648.000	2.836
2649.000	2.835
2650.000	2.834
2651.000	2.834
2652.000	2.833
2653.000	2.832
2654.000	2.831
2655.000	2.830
2656.000	2.829
2657.000	2.828
2658.000	2.827
2659.000	2.827
2660.000	2.826
2661.000	2.825
2662.000	2.825
2663.000	2.824
2664.000	2.824
2665.000	2.823
2666.000	2.822
2667.000	2.821
2668.000	2.821
2669.000	2.820
2670.000	2.819
2671.000	2.818
2672.000	2.817
2673.000	2.817
2674.000	2.817
2675.000	2.816
2676.000	2.815
2677.000	2.814
2678.000	2.813
2679.000	2.813
2680.000	2.812
2681.000	2.811
2682.000	2.810
2683.000	2.809
2684.000	2.809
2685.000	2.809
2686.000	2.808
2687.000	2.807
2688.000	2.806
2689.000	2.805
2690.000	2.805
2691.000	2.804
2692.000	2.803
2693.000	2.802
2694.000	2.801
2695.000	2.801
2696.000	2.801
2697.000	2.800
2698.000	2.799
2699.000	2.798
2700.000	2.797
2701.000	2.796
2702.000	2.795
2703.000	2.794
2704.000	2.793
2705.000	2.793
2706.000	2.792
2707.000	2.792
2708.000	2.791
2709.000	2.790
2710.000	2.789
2711.000	2.788
2712.000	2.787
2713.000	2.786
2714.000	2.786
2715.000	2.785
2716.000	2.784
2717.000	2.783
2718.000	2.752
2719.000	2.751
2720.000	2.751
2721.000	2.750
2722.000	2.749
2723.000	2.748
2724.000	2.747
2725.000	2.746
2726.000	2.746
2727.000	2.745
2728.000	2.744
2729.000	2.744
2730.000	2.743
2731.000	2.742
2732.000	2.742
2733.000	2.741
2734.000	2.740
2735.000	2.740
2736.000	2.739
2737.000	2.738
2738.000	2.738
2739.000	2.737
2740.000	2.737
2741.000	2.736
2742.000	2.736
2743.000	2.735
2744.000	2.734
2745.000	2.734
2746.000	2.733
2747.000	2.732
2748.000	2.732
2749.000	2.731
2750.000	2.730
2751.000	2.730
2752.000	2.730
2753.000	2.729
2754.000	2.728
2755.000	2.728
2756.000	2.727
2757.000	2.726
2758.000	2.726
2759.000	2.725
2760.000	2.724
2761.000	2.723
2762.000	2.723
2763.000	2.708
2764.000	2.707
2765.000	2.707
2766.000	2.706
2767.000	2.705
2768.000	2.704
2769.000	2.704
2770.000	2.703
2771.000	2.702
2772.000	2.702
2773.000	2.701
2774.000	2.701
2775.000	2.700
2776.000	2.700
2777.000	2.699
2778.000	2.698
2779.000	2.698
2780.000	2.697
2781.000	2.696
2782.000	2.696
2783.000	2.695
2784.000	2.694
2785.000	2.694
2786.000	2.694
2787.000	2.693
2788.000	2.692
2789.000	2.692
2790.000	2.691
2791.000	2.690
2792.000	2.690
2793.000	2.689
2794.000	2.689
2795.000	2.688
2796.000	2.688
2797.000	2.687
2798.000	2.687
2799.000	2.686
2800.000	2.685
2801.000	2.685
2802.000	2.684
2803.000	2.683
2804.000	2.683
2805.000	2.682
2806.000	2.682
2807.000	2.682
2808.000	2.681
2809.000	2.680
2810.000	2.680
2811.000	2.679
2812.000	2.678
2813.000	2.678
2814.000	2.677
2815.000	2.676
2816.000	2.676
2817.000	2.675
2818.000	2.675
2819.000	2.675
2820.000	2.674
2821.000	2.673
2822.000	2.673
2823.000	2.672
2824.000	2.671
2825.000	2.671
2826.000	2.670
2827.000	2.669
2828.000	2.669
2829.000	2.669
2830.000	2.668
2831.000	2.668
2832.000	2.667
2833.000	2.666
2834.000	2.666
2835.000	2.665
2836.000	2.664
2837.000	2.664
2838.000	2.663
2839.000	2.662
2840.000	2.662
2841.000	2.662
2842.000	2.661
2843.000	2.661
2844.000	2.660
2845.000	2.660
2846.000	2.659
2847.000	2.658
2848.000	2.658
2849.000	2.657
2850.000	2.656
2851.000	2.656
2852.000	2.656
2853.000	2.655
2854.000	2.654
2855.000	2.654
2856.000	2.653
2857.000	2.652
2858.000	2.652
2859.000	2.651
2860.000	2.650
2861.000	2.650
2862.000	2.649
2863.000	2.649
2864.000	2.648
2865.000	2.647
2866.000	2.647
2867.000	2.646
2868.000	2.645
2869.000	2.645
2870.000	2.644
2871.000	2.643
2872.000	2.643
2873.000	2.642
2874.000	2.642
2875.000	2.641
2876.000	2.641
2877.000	2.640
2878.000	2.639
2879.000	2.639
2880.000	2.638
2881.000	2.637
2882.000	2.637
2883.000	2.636
2884.000	2.635
2885.000	2.635
2886.000	2.635
2887.000	2.634
2888.000	2.633
2889.000	2.633
2890.000	2.632
2891.000	2.631
2892.000	2.630
2893.000	2.630
2894.000	2.629
2895.000	2.628
2896.000	2.628
2897.000	2.627
2898.000	2.627
2899.000	2.626
2900.000	2.625
2901.000	2.625
2902.000	2.624
2903.000	2.623
2904.000	2.623
2905.000	2.622
2906.000	2.622
2907.000	2.621
2908.000	2.621
2909.000	2.620
2910.000	2.620
2911.000	2.619
2912.000	2.618
2913.000	2.618
2914.000	2.617
2915.000	2.617
2916.000	2.616
2917.000	2.615
2918.000	2.615
2919.000	2.615
2920.000	2.614
2921.000	2.613
2922.000	2.613
2923.000	2.612
2924.000	2.612
2925.000	2.611
2926.000	2.610
2927.000	2.610
2928.000	2.609
2929.000	2.609
2930.000	2.609
2931.000	2.608
2932.000	2.607
2933.000	2.607
2934.000	2.606
2935.000	2.606
2936.000	2.605
2937.000	2.604
2938.000	2.604
2939.000	2.603
2940.000	2.602
2941.000	2.602
2942.000	2.602
2943.000	2.601
2944.000	2.601
2945.000	2.600
2946.000	2.599
2947.000	2.599
2948.000	2.598
2949.000	2.597
2950.000	2.597
2951.000	2.596
2952.000	2.542
2953.000	2.541
2954.000	2.541
2955.000	2.540
2956.000	2.539
2957.000	2.539
2958.000	2.538
2959.000	2.538
2960.000	2.537
2961.000	2.536
2962.000	2.536
2963.000	2.536
2964.000	2.535
2965.000	2.534
2966.000	2.534
2967.000	2.533
2968.000	2.532
2969.000	2.532
2970.000	2.531
2971.000	2.531
2972.000	2.530
2973.000	2.529
2974.000	2.529
2975.000	2.529
2976.000	2.528
2977.000	2.527
2978.000	2.527
2979.000	2.526
2980.000	2.526
2981.000	2.525
2982.000	2.524
2983.000	2.524
2984.000	2.523
2985.000	2.523
2986.000	2.523
2987.000	2.522
2988.000	2.521
2989.000	2.521
2990.000	2.520
2991.000	2.520
2992.000	2.519
2993.000	2.518
2994.000	2.518
2995.000	2.517
2996.000	2.517
2997.000	2.517
2998.000	2.516
2999.000	2.515
3000.000	2.515
3001.000	2.514
3002.000	2.513
3003.000	2.513
3004.000	2.512
3005.000	2.512
3006.000	2.511
3007.000	2.511
3008.000	2.511
3009.000	2.510
3010.000	2.509
3011.000	2.509
3012.000	2.508
3013.000	2.508
3014.000	2.507
3015.000	2.506
3016.000	2.506
3017.000	2.505
3018.000	2.505
3019.000	2.505
3020.000	2.504
3021.000	2.504
3022.000	2.503
3023.000	2.502
3024.000	2.502
3025.000	2.501
3026.000	2.501
3027.000	2.500
3028.000	2.500
3029.000	2.499
3030.000	2.499
3031.000	2.499
3032.000	2.498
3033.000	2.497
3034.000	2.497
3035.000	2.496
3036.000	2.496
3037.000	2.495
3038.000	2.495
3039.000	2.494
3040.000	2.494
3041.000	2.493
3042.000	2.493
3043.000	2.492
3044.000	2.492
3045.000	2.491
3046.000	2.491
3047.000	2.490
3048.000	2.490
3049.000	2.489
3050.000	2.489
3051.000	2.488
3052.000	2.488
3053.000	2.488
3054.000	2.487
3055.000	2.486
3056.000	2.486
3057.000	2.485
3058.000	2.485
3059.000	2.484
3060.000	2.484
3061.000	2.483
3062.000	2.483
3063.000	2.482
3064.000	2.482
3065.000	2.482
3066.000	2.481
3067.000	2.481
3068.000	2.480
3069.000	2.480
3070.000	2.479
3071.000	2.479
3072.000	2.478
3073.000	2.478
3074.000	2.477
3075.000	2.477
3076.000	2.476
3077.000	2.476
3078.000	2.475
3079.000	2.475
3080.000	2.474
3081.000	2.474
3082.000	2.473
3083.000	2.473
3084.000	2.472
3085.000	2.472
3086.000	2.472
3087.000	2.471
3088.000	2.471
3089.000	2.470
3090.000	2.470
3091.000	2.469
3092.000	2.469
3093.000	2.468
3094.000	2.467
3095.000	2.467
3096.000	2.466
3097.000	2.466
3098.000	2.466
3099.000	2.465
3100.000	2.465
3101.000	2.464
3102.000	2.463
3103.000	2.463
3104.000	2.462
3105.000	2.462
3106.000	2.461
3107.000	2.461
3108.000	2.461
3109.000	2.460
3110.000	2.459
3111.000	2.459
3112.000	2.458
3113.000	2.458
3114.000	2.457
3115.000	2.456
3116.000	2.456
3117.000	2.455
3118.000	2.455
3119.000	2.454
3120.000	2.454
3121.000	2.454
3122.000	2.453
3123.000	2.452
3124.000	2.452
3125.000	2.451
3126.000	2.451
3127.000	2.450
3128.000	2.449
3129.000	2.449
3130.000	2.448
3131.000	2.448
3132.000	2.448
3133.000	2.447
3134.000	2.447
3135.000	2.446
3136.000	2.445
3137.000	2.445
3138.000	2.444
3139.000	2.444
3140.000	2.443
3141.000	2.443
3142.000	2.443
3143.000	2.442
3144.000	2.441
3145.000	2.441
3146.000	2.440
3147.000	2.440
3148.000	2.439
3149.000	2.438
3150.000	2.438
3151.000	2.437
3152.000	2.437
3153.000	2.437
3154.000	2.436
3155.000	2.436
3156.000	2.435
3157.000	2.434
3158.000	2.434
3159.000	2.433
3160.000	2.433
3161.000	2.432
3162.000	2.431
3163.000	2.431
3164.000	2.431
3165.000	2.430
3166.000	2.430
3167.000	2.429
3168.000	2.429
3169.000	2.428
3170.000	2.427
3171.000	2.427
3172.000	2.426
3173.000	2.426
3174.000	2.425
3175.000	2.425
3176.000	2.424
3177.000	2.424
3178.000	2.423
3179.000	2.423
3180.000	2.422
3181.000	2.422
3182.000	2.421
3183.000	2.420
3184.000	2.420
3185.000	2.419
3186.000	2.419
3187.000	2.419
3188.000	2.418
3189.000	2.418
3190.000	2.417
3191.000	2.416
3192.000	2.416
3193.000	2.415
3194.000	2.415
3195.000	2.414
3196.000	2.413
3197.000	2.413
3198.000	2.413
3199.000	2.412
3200.000	2.412
3201.000	2.411
3202.000	2.411
3203.000	2.410
3204.000	2.409
3205.000	2.409
3206.000	2.408
3207.000	2.408
3208.000	2.407
3209.000	2.407
3210.000	2.407
3211.000	2.406
3212.000	2.405
3213.000	2.405
3214.000	2.404
3215.000	2.404
3216.000	2.403
3217.000	2.403
3218.000	2.402
3219.000	2.402
3220.000	2.402
3221.000	2.401
3222.000	2.401
3223.000	2.400
3224.000	2.400
3225.000	2.399
3226.000	2.399
3227.000	2.398
3228.000	2.398
3229.000	2.397
3230.000	2.397
3231.000	2.397
3232.000	2.397
3233.000	2.396
3234.000	2.396
3235.000	2.395
3236.000	2.395
3237.000	2.394
3238.000	2.394
3239.000	2.393
3240.000	2.393
3241.000	2.392
3242.000	2.383
3243.000	2.382
3244.000	2.382
3245.000	2.381
3246.000	2.381
3247.000	2.380
3248.000	2.380
3249.000	2.379
3250.000	2.379
3251.000	2.378
3252.000	2.378
3253.000	2.378
3254.000	2.378
3255.000	2.377
3256.000	2.377
3257.000	2.376
3258.000	2.376
3259.000	2.375
3260.000	2.375
3261.000	2.375
3262.000	2.374
3263.000	2.374
3264.000	2.373
3265.000	2.373
3266.000	2.373
3267.000	2.373
3268.000	2.372
3269.000	2.372
3270.000	2.372
3271.000	2.371
3272.000	2.371
3273.000	2.370
3274.000	2.370
3275.000	2.370
3276.000	2.370
3277.000	2.369
3278.000	2.369
3279.000	2.369
3280.000	2.368
3281.000	2.368
3282.000	2.367
3283.000	2.367
3284.000	2.366
3285.000	2.366
3286.000	2.365
3287.000	2.365
3288.000	2.365
3289.000	2.365
3290.000	2.364
3291.000	2.364
3292.000	2.363
3293.000	2.363
3294.000	2.362
3295.000	2.362
3296.000	2.361
3297.000	2.361
3298.000	2.361
3299.000	2.361
3300.000	2.360
3301.000	2.360
3302.000	2.359
3303.000	2.359
3304.000	2.358
3305.000	2.358
3306.000	2.357
3307.000	2.357
3308.000	2.356
3309.000	2.356
3310.000	2.356
3311.000	2.356
3312.000	2.355
3313.000	2.355
3314.000	2.354
3315.000	2.354
3316.000	2.353
3317.000	2.353
3318.000	2.352
3319.000	2.352
3320.000	2.352
3321.000	2.351
3322.000	2.351
3323.000	2.351
3324.000	2.350
3325.000	2.350
3326.000	2.349
3327.000	2.349
3328.000	2.348
3329.000	2.348
3330.000	2.348
3331.000	2.347
3332.000	2.347
3333.000	2.347
3334.000	2.346
3335.000	2.346
3336.000	2.345
3337.000	2.345
3338.000	2.344
3339.000	2.344
3340.000	2.344
3341.000	2.343
3342.000	2.343
3343.000	2.343
3344.000	2.342
3345.000	2.342
3346.000	2.341
3347.000	2.341
3348.000	2.340
3349.000	2.340
3350.000	2.339
3351.000	2.339
3352.000	2.338
3353.000	2.338
3354.000	2.338
3355.000	2.337
3356.000	2.337
3357.000	2.336
3358.000	2.336
3359.000	2.335
3360.000	2.335
3361.000	2.335
3362.000	2.334
3363.000	2.334
3364.000	2.333
3365.000	2.333
3366.000	2.333
3367.000	2.332
3368.000	2.332
3369.000	2.331
3370.000	2.331
3371.000	2.330
3372.000	2.330
3373.000	2.329
3374.000	2.329
3375.000	2.328
3376.000	2.328
3377.000	2.328
3378.000	2.327
3379.000	2.327
3380.000	2.327
3381.000	2.326
3382.000	2.326
3383.000	2.325
3384.000	2.325
3385.000	2.324
3386.000	2.324
3387.000	2.324
3388.000	2.323
3389.000	2.323
3390.000	2.322
3391.000	2.322
3392.000	2.321
3393.000	2.321
3394.000	2.320
3395.000	2.320
3396.000	2.319
3397.000	2.319
3398.000	2.319
3399.000	2.310
3400.000	2.309
3401.000	2.309
3402.000	2.308
3403.000	2.308
3404.000	2.307
3405.000	2.307
3406.000	2.307
3407.000	2.306
3408.000	2.306
3409.000	2.305
3410.000	2.305
3411.000	2.305
3412.000	2.304
3413.000	2.304
3414.000	2.303
3415.000	2.303
3416.000	2.302
3417.000	2.302
3418.000	2.301
3419.000	2.301
3420.000	2.300
3421.000	2.300
3422.000	2.300
3423.000	2.299
3424.000	2.299
3425.000	2.298
3426.000	2.297
3427.000	2.297
3428.000	2.296
3429.000	2.296
3430.000	2.295
3431.000	2.295
3432.000	2.295
3433.000	2.294
3434.000	2.294
3435.000	2.293
3436.000	2.293
3437.000	2.292
3438.000	2.292
3439.000	2.292
3440.000	2.291
3441.000	2.291
3442.000	2.290
3443.000	2.290
3444.000	2.290
3445.000	2.290
3446.000	2.289
3447.000	2.289
3448.000	2.288
3449.000	2.288
3450.000	2.288
3451.000	2.287
3452.000	2.287
3453.000	2.286
3454.000	2.286
3455.000	2.286
3456.000	2.286
3457.000	2.285
3458.000	2.285
3459.000	2.285
3460.000	2.284
3461.000	2.284
3462.000	2.283
3463.000	2.283
3464.000	2.283
3465.000	2.282
3466.000	2.282
3467.000	2.282
3468.000	2.281
3469.000	2.281
3470.000	2.281
3471.000	2.280
3472.000	2.280
3473.000	2.280
3474.000	2.279
3475.000	2.279
3476.000	2.278
3477.000	2.278
3478.000	2.278
3479.000	2.278
3480.000	2.277
3481.000	2.277
3482.000	2.276
3483.000	2.276
3484.000	2.276
3485.000	2.275
3486.000	2.275
3487.000	2.275
3488.000	2.275
3489.000	2.274
3490.000	2.274
3491.000	2.274
3492.000	2.273
3493.000	2.273
3494.000	2.273
3495.000	2.272
3496.000	2.272
3497.000	2.272
3498.000	2.271
3499.000	2.271
3500.000	2.271
3501.000	2.271
3502.000	2.270
3503.000	2.270
3504.000	2.270
3505.000	2.269
3506.000	2.269
3507.000	2.269
3508.000	2.268
3509.000	2.268
3510.000	2.268
3511.000	2.268
3512.000	2.267
3513.000	2.267
3514.000	2.267
3515.000	2.266
3516.000	2.266
3517.000	2.266
3518.000	2.265
3519.000	2.265
3520.000	2.265
3521.000	2.265
3522.000	2.264
3523.000	2.264
3524.000	2.264
3525.000	2.263
3526.000	2.263
3527.000	2.263
3528.000	2.262
3529.000	2.262
3530.000	2.262
3531.000	2.261
3532.000	2.261
3533.000	2.261
3534.000	2.261
3535.000	2.260
3536.000	2.260
3537.000	2.260
3538.000	2.259
3539.000	2.259
3540.000	2.259
3541.000	2.258
3542.000	2.258
3543.000	2.258
3544.000	2.258
3545.000	2.257
3546.000	2.257
3547.000	2.257
3548.000	2.256
3549.000	2.256
3550.000	2.255
3551.000	2.255
3552.000	2.255
3553.000	2.254
3554.000	2.254
3555.000	2.254
3556.000	2.254
3557.000	2.253
3558.000	2.253
3559.000	2.252
3560.000	2.252
3561.000	2.252
3562.000	2.251
3563.000	2.251
3564.000	2.251
3565.000	2.250
3566.000	2.250
3567.000	2.250
3568.000	2.250
3569.000	2.249
3570.000	2.249
3571.000	2.249
3572.000	2.248
3573.000	2.248
3574.000	2.248
3575.000	2.247
3576.000	2.247
3577.000	2.247
3578.000	2.247
3579.000	2.246
3580.000	2.246
3581.000	2.246
3582.000	2.245
3583.000	2.245
3584.000	2.245
3585.000	2.244
3586.000	2.244
3587.000	2.244
3588.000	2.244
3589.000	2.243
3590.000	2.243
3591.000	2.243
3592.000	2.242
3593.000	2.242
3594.000	2.242
3595.000	2.241
3596.000	2.241
3597.000	2.241
3598.000	2.240
3599.000	2.240
3600.000	2.240
3601.000	2.240
3602.000	2.239
3603.000	2.239
3604.000	2.239
3605.000	2.239
3606.000	2.238
3607.000	2.238
3608.000	2.238
3609.000	2.237
3610.000	2.237
3611.000	2.237
3612.000	2.237
3613.000	2.236
3614.000	2.236
3615.000	2.236
3616.000	2.235
3617.000	2.235
3618.000	2.235
3619.000	2.234
3620.000	2.234
3621.000	2.234
3622.000	2.234
3623.000	2.233
3624.000	2.233
3625.000	2.233
3626.000	2.232
3627.000	2.232
3628.000	2.232
3629.000	2.232
3630.000	2.231
3631.000	2.231
3632.000	2.231
3633.000	2.231
3634.000	2.230
3635.000	2.230
3636.000	2.230
3637.000	2.229
3638.000	2.229
3639.000	2.229
3640.000	2.228
3641.000	2.228
3642.000	2.228
3643.000	2.227
3644.000	2.227
3645.000	2.227
3646.000	2.227
3647.000	2.226
3648.000	2.226
3649.000	2.226
3650.000	2.225
3651.000	2.225
3652.000	2.225
3653.000	2.224
3654.000	2.224
3655.000	2.224
3656.000	2.224
3657.000	2.223
3658.000	2.223
3659.000	2.223
3660.000	2.222
3661.000	2.222
3662.000	2.222
3663.000	2.221
3664.000	2.221
3665.000	2.221
3666.000	2.221
3667.000	2.220
3668.000	2.220
3669.000	2.220
3670.000	2.220
3671.000	2.219
3672.000	2.219
3673.000	2.219
3674.000	2.218
3675.000	2.218
3676.000	2.218
3677.000	2.217
3678.000	2.217
3679.000	2.217
3680.000	2.217
3681.000	2.216
3682.000	2.216
3683.000	2.216
3684.000	2.215
3685.000	2.215
3686.000	2.215
3687.000	2.214
3688.000	2.214
3689.000	2.214
3690.000	2.214
3691.000	2.213
3692.000	2.213
3693.000	2.213
3694.000	2.212
3695.000	2.212
3696.000	2.212
3697.000	2.211
3698.000	2.211
3699.000	2.211
3700.000	2.211
3701.000	2.210
3702.000	2.210
3703.000	2.210
3704.000	2.209
3705.000	2.209
3706.000	2.209
3707.000	2.208
3708.000	2.208
3709.000	2.208
3710.000	2.207
3711.000	2.207
3712.000	2.207
3713.000	2.207
3714.000	2.206
3715.000	2.206
3716.000	2.206
3717.000	2.205
3718.000	2.205
3719.000	2.205
3720.000	2.204
3721.000	2.204
3722.000	2.204
3723.000	2.204
3724.000	2.204
3725.000	2.203
3726.000	2.203
3727.000	2.203
3728.000	2.202
3729.000	2.202
3730.000	2.202
3731.000	2.201
3732.000	2.201
3733.000	2.201
3734.000	2.201
3735.000	2.200
3736.000	2.200
3737.000	2.200
3738.000	2.200
3739.000	2.199
3740.000	2.199
3741.000	2.199
3742.000	2.198
3743.000	2.198
3744.000	2.198
3745.000	2.198
3746.000	2.198
3747.000	2.198
3748.000	2.198
3749.000	2.198
3750.000	2.198
3751.000	2.198
3752.000	2.198
3753.000	2.198
3754.000	2.198
3755.000	2.198
3756.000	2.198
3757.000	2.198
3758.000	2.198
3759.000	2.198
3760.000	2.198
3761.000	2.198
3762.000	2.198
3763.000	2.198
3764.000	2.198
3765.000	2.197
3766.000	2.197
3767.000	2.197
3768.000	2.197
3769.000	2.197
3770.000	2.197
3771.000	2.197
3772.000	2.197
3773.000	2.197
3774.000	2.197
3775.000	2.197
3776.000	2.197
3777.000	2.197
3778.000	2.197
3779.000	2.197
3780.000	2.197
3781.000	2.197
3782.000	2.197
3783.000	2.197
3784.000	2.197
3785.000	2.197
3786.000	2.197
3787.000	2.197
3788.000	2.197
3789.000	2.197
3790.000	2.197
3791.000	2.197
3792.000	2.197
3793.000	2.197
3794.000	2.197
3795.000	2.197
3796.000	2.197
3797.000	2.197
3798.000	2.197
3799.000	2.197
3800.000	2.197
3801.000	2.197
3802.000	2.197
3803.000	2.197
3804.000	2.197
3805.000	2.197
3806.000	2.197
3807.000	2.197
3808.000	2.197
3809.000	2.197
3810.000	2.197
3811.000	2.197
3812.000	2.197
3813.000	2.197
3814.000	2.197
3815.000	2.197
3816.000	2.197
3817.000	2.197
3818.000	2.197
3819.000	2.197
3820.000	2.197
3821.000	2.197
3822.000	2.197
3823.000	2.197
3824.000	2.197
3825.000	2.197
3826.000	2.197
3827.000	2.197
3828.000	2.197
3829.000	2.197
3830.000	2.197
3831.000	2.197
3832.000	2.197
3833.000	2.197
3834.000	2.197
3835.000	2.197
3836.000	2.197
3837.000	2.197
3838.000	2.197
3839.000	2.197
3840.000	2.197
3841.000	2.197
3842.000	2.197
3843.000	2.197
3844.000	2.197
3845.000	2.197
3846.000	2.197
3847.000	2.197
3848.000	2.197
3849.000	2.197
3850.000	2.197
3851.000	2.197
3852.000	2.197
3853.000	2.197
3854.000	2.197
3855.000	2.197
3856.000	2.197
3857.000	2.197
3858.000	2.197
3859.000	2.197
3860.000	2.197
3861.000	2.197
3862.000	2.197
3863.000	2.197
3864.000	2.186
3865.000	2.186
3866.000	2.186
3867.000	2.186
3868.000	2.186
3869.000	2.186
3870.000	2.186
3871.000	2.186
3872.000	2.186
3873.000	2.186
3874.000	2.186
3875.000	2.186
3876.000	2.186
3877.000	2.186
3878.000	2.186
3879.000	2.175
3880.000	2.175
3881.000	2.175
3882.000	2.175
3883.000	2.175
3884.000	2.175
3885.000	2.175
3886.000	2.163
3887.000	2.163
3888.000	2.163
3889.000	2.163
3890.000	2.163
3891.000	2.163
3892.000	2.163
3893.000	2.163
3894.000	2.163
3895.000	2.163
3896.000	2.163
3897.000	2.163
3898.000	2.163
3899.000	2.163
3900.000	2.163
3901.000	2.163
3902.000	2.163
3903.000	2.163
3904.000	2.163
3905.000	2.163
3906.000	2.163
3907.000	2.163
3908.000	2.163
3909.000	2.163
3910.000	2.163
3911.000	2.163
3912.000	2.163
3913.000	2.163
3914.000	2.163
3915.000	2.163
3916.000	2.163
3917.000	2.163
3918.000	2.163
3919.000	2.163
3920.000	2.163
3921.000	2.163
3922.000	2.163
3923.000	2.163
3924.000	2.163
3925.000	2.163
3926.000	2.163
3927.000	2.163
3928.000	2.163
3929.000	2.163
3930.000	2.163
3931.000	2.163
3932.000	2.161
3933.000	2.161
3934.000	2.161
3935.000	2.161
3936.000	2.161
3937.000	2.161
3938.000	2.161
3939.000	2.161
3940.000	2.161
3941.000	2.161
3942.000	2.161
3943.000	2.161
3944.000	2.161
3945.000	2.161
3946.000	2.161
3947.000	2.161
3948.000	2.161
3949.000	2.161
3950.000	2.161
3951.000	2.161
3952.000	2.161
3953.000	2.161
3954.000	2.161
3955.000	2.161
3956.000	2.161
3957.000	2.161
3958.000	2.161
3959.000	2.161
3960.000	2.152
3961.000	2.152
3962.000	2.152
3963.000	2.152
3964.000	2.152
3965.000	2.152
3966.000	2.152
3967.000	2.152
3968.000	2.152
3969.000	2.152
3970.000	2.152
3971.000	2.141
3972.000	2.141
3973.000	2.141
3974.000	2.141
3975.000	2.141
3976.000	2.133
3977.000	2.133
3978.000	2.133
3979.000	2.133
3980.000	2.133
3981.000	2.133
3982.000	2.133
3983.000	2.133
3984.000	2.133
3985.000	2.133
3986.000	2.133
3987.000	2.133
3988.000	2.133
3989.000	2.133
3990.000	2.133
3991.000	2.133
3992.000	2.133
3993.000	2.133
3994.000	2.133
3995.000	2.133
3996.000	2.133
3997.000	2.133
3998.000	2.133
3999.000	2.133
4000.000	2.133
4001.000	2.133
4002.000	2.133
4003.000	2.133
4004.000	2.133
4005.000	2.133
4006.000	2.133
4007.000	2.133
4008.000	2.133
4009.000	2.133
4010.000	2.133
4011.000	2.133
4012.000	2.133
4013.000	2.133
4014.000	2.133
4015.000	2.133
4016.000	2.133
4017.000	2.133
4018.000	2.133
4019.000	2.133
4020.000	2.133
4021.000	2.133
4022.000	2.133
4023.000	2.133
4024.000	2.133
4025.000	2.133
4026.000	2.133
4027.000	2.133
4028.000	2.133
4029.000	2.133
4030.000	2.133
4031.000	2.133
4032.000	2.133
4033.000	2.133
4034.000	2.133
4035.000	2.133
4036.000	2.133
4037.000	2.133
4038.000	2.133
4039.000	2.133
4040.000	2.133
4041.000	2.133
4042.000	2.133
4043.000	2.133
4044.000	2.133
4045.000	2.133
4046.000	2.133
4047.000	2.132
4048.000	2.132
4049.000	2.132
4050.000	2.132
4051.000	2.129
4052.000	2.129
4053.000	2.129
4054.000	2.129
4055.000	2.129
4056.000	2.129
4057.000	2.129
4058.000	2.129
4059.000	2.129
4060.000	2.129
4061.000	2.129
4062.000	2.129
4063.000	2.129
4064.000	2.129
4065.000	2.129
4066.000	2.129
4067.000	2.129
4068.000	2.129
4069.000	2.129
4070.000	2.129
4071.000	2.129
4072.000	2.129
4073.000	2.129
4074.000	2.129
4075.000	2.129
4076.000	2.129
4077.000	2.129
4078.000	2.129
4079.000	2.129
4080.000	2.129
4081.000	2.129
4082.000	2.129
4083.000	2.129
4084.000	2.129
4085.000	2.129
4086.000	2.129
4087.000	2.129
4088.000	2.129
4089.000	2.129
4090.000	2.129
4091.000	2.129
4092.000	2.129
4093.000	2.078
4094.000	2.067
4095.000	2.047
