0.000	20.907
1.000	20.640
2.000	20.386
3.000	19.599
4.000	19.440
5.000	19.335
6.000	19.229
7.000	19.103
8.000	18.850
9.000	18.850
10.000	18.843
11.000	18.835
12.000	18.828
13.000	18.821
14.000	18.814
15.000	18.807
16.000	18.800
17.000	18.731
18.000	18.724
19.000	18.661
20.000	18.607
21.000	18.576
22.000	18.550
23.000	18.527
24.000	18.507
25.000	18.491
26.000	18.481
27.000	18.472
28.000	18.462
29.000	18.455
30.000	18.446
31.000	18.436
32.000	18.427
33.000	18.417
34.000	18.408
35.000	18.398
36.000	18.389
37.000	18.379
38.000	18.370
39.000	18.361
40.000	18.354
41.000	18.344
42.000	18.335
43.000	18.326
44.000	18.316
45.000	18.307
46.000	18.298
47.000	18.288
48.000	18.278
49.000	18.268
50.000	18.258
51.000	18.251
52.000	18.242
53.000	18.234
54.000	18.226
55.000	18.218
56.000	18.210
57.000	18.202
58.000	18.194
59.000	18.186
60.000	18.178
61.000	18.170
62.000	18.163
63.000	18.154
64.000	18.145
65.000	18.137
66.000	18.128
67.000	18.119
68.000	18.110
69.000	18.102
70.000	18.093
71.000	18.084
72.000	18.074
73.000	18.067
74.000	18.058
75.000	18.049
76.000	18.039
77.000	18.030
78.000	18.021
79.000	18.010
80.000	18.000
81.000	17.989
82.000	17.978
83.000	17.967
84.000	17.960
85.000	17.950
86.000	17.938
87.000	17.927
88.000	17.915
89.000	17.905
90.000	17.893
91.000	17.882
92.000	17.870
93.000	17.857
94.000	17.845
95.000	17.833
96.000	17.826
97.000	17.813
98.000	17.801
99.000	17.789
100.000	17.777
101.000	17.765
102.000	17.753
103.000	17.740
104.000	17.728
105.000	17.715
106.000	17.701
107.000	17.664
108.000	17.651
109.000	17.638
110.000	17.624
111.000	17.611
112.000	17.597
113.000	17.583
114.000	17.569
115.000	17.553
116.000	17.538
117.000	17.522
118.000	17.515
119.000	17.500
120.000	17.484
121.000	17.469
122.000	17.451
123.000	17.433
124.000	17.415
125.000	17.397
126.000	17.379
127.000	17.361
128.000	17.342
129.000	17.282
130.000	17.263
131.000	17.243
132.000	17.223
133.000	17.203
134.000	17.184
135.000	17.165
136.000	17.144
137.000	17.124
138.000	17.102
139.000	17.079
140.000	16.995
141.000	16.972
142.000	16.950
143.000	16.928
144.000	16.906
145.000	16.884
146.000	16.861
147.000	16.838
148.000	16.814
149.000	16.789
150.000	16.764
151.000	16.757
152.000	16.732
153.000	16.707
154.000	16.682
155.000	16.657
156.000	16.632
157.000	16.606
158.000	16.580
159.000	16.554
160.000	16.530
161.000	16.505
162.000	16.480
163.000	16.473
164.000	16.449
165.000	16.424
166.000	16.400
167.000	16.376
168.000	16.352
169.000	16.328
170.000	16.305
171.000	16.281
172.000	16.257
173.000	16.233
174.000	16.226
175.000	16.201
176.000	16.178
177.000	16.154
178.000	16.131
179.000	16.109
180.000	16.087
181.000	16.064
182.000	16.042
183.000	16.020
184.000	16.000
185.000	15.905
186.000	15.884
187.000	15.865
188.000	15.844
189.000	15.823
190.000	15.802
191.000	15.781
192.000	15.760
193.000	15.739
194.000	15.718
195.000	15.698
196.000	15.691
197.000	15.672
198.000	15.652
199.000	15.635
200.000	15.618
201.000	15.601
202.000	15.584
203.000	15.564
204.000	15.545
205.000	15.524
206.000	15.503
207.000	15.488
208.000	15.468
209.000	15.448
210.000	15.428
211.000	15.409
212.000	15.390
213.000	15.369
214.000	15.348
215.000	15.327
216.000	15.305
217.000	15.284
218.000	15.200
219.000	15.178
220.000	15.155
221.000	15.133
222.000	15.111
223.000	15.087
224.000	15.063
225.000	15.038
226.000	15.013
227.000	14.987
228.000	14.960
229.000	14.933
230.000	14.931
231.000	14.903
232.000	14.875
233.000	14.846
234.000	14.816
235.000	14.787
236.000	14.757
237.000	14.726
238.000	14.695
239.000	14.664
240.000	14.633
241.000	14.580
242.000	14.549
243.000	14.517
244.000	14.485
245.000	14.452
246.000	14.420
247.000	14.386
248.000	14.353
249.000	14.318
250.000	14.283
251.000	14.248
252.000	14.216
253.000	14.181
254.000	14.146
255.000	14.112
256.000	14.077
257.000	14.042
258.000	14.008
259.000	13.973
260.000	13.940
261.000	13.906
262.000	13.873
263.000	13.780
264.000	13.747
265.000	13.709
266.000	13.671
267.000	13.634
268.000	13.596
269.000	13.559
270.000	13.522
271.000	13.481
272.000	13.441
273.000	13.402
274.000	13.399
275.000	13.360
276.000	13.320
277.000	13.281
278.000	13.244
279.000	13.208
280.000	13.169
281.000	13.131
282.000	13.094
283.000	13.055
284.000	13.016
285.000	12.882
286.000	12.843
287.000	12.805
288.000	12.767
289.000	12.729
290.000	12.692
291.000	12.653
292.000	12.615
293.000	12.577
294.000	12.538
295.000	12.501
296.000	12.498
297.000	12.461
298.000	12.424
299.000	12.387
300.000	12.350
301.000	12.313
302.000	12.276
303.000	12.240
304.000	12.204
305.000	12.168
306.000	12.133
307.000	12.098
308.000	12.098
309.000	12.063
310.000	12.028
311.000	11.994
312.000	11.960
313.000	11.926
314.000	11.891
315.000	11.858
316.000	11.825
317.000	11.792
318.000	11.759
319.000	11.656
320.000	11.624
321.000	11.592
322.000	11.560
323.000	11.529
324.000	11.498
325.000	11.468
326.000	11.438
327.000	11.406
328.000	11.376
329.000	11.345
330.000	11.345
331.000	11.316
332.000	11.288
333.000	11.259
334.000	11.230
335.000	11.201
336.000	11.172
337.000	11.142
338.000	11.113
339.000	11.084
340.000	11.056
341.000	11.056
342.000	11.027
343.000	10.999
344.000	10.970
345.000	10.942
346.000	10.913
347.000	10.885
348.000	10.857
349.000	10.832
350.000	10.806
351.000	10.780
352.000	10.780
353.000	10.755
354.000	10.729
355.000	10.703
356.000	10.678
357.000	10.655
358.000	10.632
359.000	10.609
360.000	10.586
361.000	10.563
362.000	10.542
363.000	10.542
364.000	10.520
365.000	10.499
366.000	10.478
367.000	10.456
368.000	10.436
369.000	10.416
370.000	10.395
371.000	10.374
372.000	10.354
373.000	10.335
374.000	10.315
375.000	10.315
376.000	10.296
377.000	10.277
378.000	10.259
379.000	10.242
380.000	10.224
381.000	10.205
382.000	10.187
383.000	10.169
384.000	10.152
385.000	10.134
386.000	10.124
387.000	10.106
388.000	10.088
389.000	10.070
390.000	10.054
391.000	10.038
392.000	10.022
393.000	10.006
394.000	9.991
395.000	9.976
396.000	9.962
397.000	9.962
398.000	9.947
399.000	9.929
400.000	9.912
401.000	9.895
402.000	9.879
403.000	9.863
404.000	9.847
405.000	9.831
406.000	9.816
407.000	9.801
408.000	9.801
409.000	9.786
410.000	9.771
411.000	9.757
412.000	9.743
413.000	9.729
414.000	9.716
415.000	9.703
416.000	9.690
417.000	9.676
418.000	9.664
419.000	9.664
420.000	9.651
421.000	9.638
422.000	9.626
423.000	9.613
424.000	9.602
425.000	9.591
426.000	9.578
427.000	9.565
428.000	9.552
429.000	9.538
430.000	9.538
431.000	9.525
432.000	9.512
433.000	9.500
434.000	9.487
435.000	9.474
436.000	9.461
437.000	9.446
438.000	9.431
439.000	9.416
440.000	9.402
441.000	9.388
442.000	9.388
443.000	9.374
444.000	9.360
445.000	9.345
446.000	9.330
447.000	9.314
448.000	9.298
449.000	9.282
450.000	9.267
451.000	9.252
452.000	9.237
453.000	9.237
454.000	9.221
455.000	9.206
456.000	9.191
457.000	9.175
458.000	9.159
459.000	9.143
460.000	9.127
461.000	9.111
462.000	9.095
463.000	9.078
464.000	9.078
465.000	9.061
466.000	9.044
467.000	9.027
468.000	9.009
469.000	8.991
470.000	8.973
471.000	8.955
472.000	8.936
473.000	8.917
474.000	8.898
475.000	8.898
476.000	8.881
477.000	8.863
478.000	8.845
479.000	8.826
480.000	8.808
481.000	8.789
482.000	8.771
483.000	8.752
484.000	8.733
485.000	8.714
486.000	8.711
487.000	8.691
488.000	8.671
489.000	8.652
490.000	8.634
491.000	8.615
492.000	8.596
493.000	8.577
494.000	8.558
495.000	8.540
496.000	8.521
497.000	8.518
498.000	8.499
499.000	8.480
500.000	8.461
501.000	8.442
502.000	8.422
503.000	8.402
504.000	8.382
505.000	8.362
506.000	8.343
507.000	8.322
508.000	8.319
509.000	8.298
510.000	8.280
511.000	8.262
512.000	8.244
513.000	8.227
514.000	8.208
515.000	8.189
516.000	8.170
517.000	8.150
518.000	8.131
519.000	8.112
520.000	8.109
521.000	8.089
522.000	8.070
523.000	8.050
524.000	8.030
525.000	8.010
526.000	7.990
527.000	7.971
528.000	7.950
529.000	7.930
530.000	7.909
531.000	7.906
532.000	7.886
533.000	7.865
534.000	7.845
535.000	7.825
536.000	7.804
537.000	7.783
538.000	7.762
539.000	7.741
540.000	7.720
541.000	7.699
542.000	7.696
543.000	7.677
544.000	7.657
545.000	7.638
546.000	7.619
547.000	7.599
548.000	7.579
549.000	7.559
550.000	7.539
551.000	7.520
552.000	7.500
553.000	7.497
554.000	7.478
555.000	7.458
556.000	7.440
557.000	7.422
558.000	7.405
559.000	7.387
560.000	7.369
561.000	7.351
562.000	7.333
563.000	7.316
564.000	7.285
565.000	7.267
566.000	7.250
567.000	7.233
568.000	7.216
569.000	7.200
570.000	7.184
571.000	7.167
572.000	7.151
573.000	7.135
574.000	7.120
575.000	7.108
576.000	7.092
577.000	7.076
578.000	7.061
579.000	7.045
580.000	7.031
581.000	7.016
582.000	7.001
583.000	6.986
584.000	6.971
585.000	6.956
586.000	6.942
587.000	6.939
588.000	6.924
589.000	6.910
590.000	6.896
591.000	6.882
592.000	6.869
593.000	6.855
594.000	6.842
595.000	6.829
596.000	6.816
597.000	6.803
598.000	6.754
599.000	6.741
600.000	6.729
601.000	6.717
602.000	6.705
603.000	6.693
604.000	6.681
605.000	6.669
606.000	6.658
607.000	6.647
608.000	6.636
609.000	6.633
610.000	6.621
611.000	6.610
612.000	6.599
613.000	6.589
614.000	6.578
615.000	6.568
616.000	6.558
617.000	6.548
618.000	6.539
619.000	6.528
620.000	6.525
621.000	6.514
622.000	6.503
623.000	6.492
624.000	6.481
625.000	6.470
626.000	6.460
627.000	6.450
628.000	6.439
629.000	6.429
630.000	6.418
631.000	6.415
632.000	6.405
633.000	6.395
634.000	6.385
635.000	6.375
636.000	6.365
637.000	6.356
638.000	6.347
639.000	6.337
640.000	6.328
641.000	6.319
642.000	6.316
643.000	6.307
644.000	6.297
645.000	6.288
646.000	6.279
647.000	6.270
648.000	6.262
649.000	6.253
650.000	6.245
651.000	6.237
652.000	6.229
653.000	6.220
654.000	6.161
655.000	6.152
656.000	6.144
657.000	6.135
658.000	6.127
659.000	6.119
660.000	6.111
661.000	6.102
662.000	6.094
663.000	6.086
664.000	6.077
665.000	6.077
666.000	6.070
667.000	6.062
668.000	6.054
669.000	6.046
670.000	6.038
671.000	6.029
672.000	6.021
673.000	6.013
674.000	6.005
675.000	5.997
676.000	5.997
677.000	5.989
678.000	5.980
679.000	5.972
680.000	5.965
681.000	5.957
682.000	5.949
683.000	5.942
684.000	5.934
685.000	5.927
686.000	5.919
687.000	5.919
688.000	5.912
689.000	5.905
690.000	5.898
691.000	5.891
692.000	5.884
693.000	5.877
694.000	5.870
695.000	5.863
696.000	5.856
697.000	5.849
698.000	5.775
699.000	5.768
700.000	5.761
701.000	5.755
702.000	5.748
703.000	5.740
704.000	5.733
705.000	5.726
706.000	5.719
707.000	5.713
708.000	5.706
709.000	5.699
710.000	5.693
711.000	5.686
712.000	5.679
713.000	5.672
714.000	5.666
715.000	5.659
716.000	5.652
717.000	5.645
718.000	5.639
719.000	5.632
720.000	5.632
721.000	5.625
722.000	5.618
723.000	5.611
724.000	5.603
725.000	5.596
726.000	5.589
727.000	5.582
728.000	5.575
729.000	5.567
730.000	5.560
731.000	5.553
732.000	5.553
733.000	5.546
734.000	5.539
735.000	5.532
736.000	5.525
737.000	5.519
738.000	5.512
739.000	5.505
740.000	5.498
741.000	5.491
742.000	5.484
743.000	5.449
744.000	5.442
745.000	5.435
746.000	5.428
747.000	5.421
748.000	5.414
749.000	5.406
750.000	5.399
751.000	5.392
752.000	5.385
753.000	5.378
754.000	5.377
755.000	5.370
756.000	5.363
757.000	5.356
758.000	5.349
759.000	5.341
760.000	5.334
761.000	5.327
762.000	5.320
763.000	5.312
764.000	5.305
765.000	5.305
766.000	5.297
767.000	5.290
768.000	5.282
769.000	5.275
770.000	5.268
771.000	5.260
772.000	5.252
773.000	5.245
774.000	5.238
775.000	5.231
776.000	5.231
777.000	5.224
778.000	5.218
779.000	5.211
780.000	5.204
781.000	5.198
782.000	5.191
783.000	5.184
784.000	5.178
785.000	5.172
786.000	5.165
787.000	5.165
788.000	5.159
789.000	5.152
790.000	5.146
791.000	5.140
792.000	5.134
793.000	5.127
794.000	5.121
795.000	5.114
796.000	5.108
797.000	5.102
798.000	5.096
799.000	5.095
800.000	5.089
801.000	5.083
802.000	5.077
803.000	5.072
804.000	5.066
805.000	5.060
806.000	5.054
807.000	5.048
808.000	5.042
809.000	5.037
810.000	5.036
811.000	5.030
812.000	5.025
813.000	5.019
814.000	5.013
815.000	5.008
816.000	5.003
817.000	4.997
818.000	4.992
819.000	4.986
820.000	4.981
821.000	4.981
822.000	4.975
823.000	4.970
824.000	4.964
825.000	4.959
826.000	4.954
827.000	4.948
828.000	4.943
829.000	4.937
830.000	4.932
831.000	4.926
832.000	4.926
833.000	4.921
834.000	4.916
835.000	4.910
836.000	4.906
837.000	4.901
838.000	4.896
839.000	4.891
840.000	4.886
841.000	4.881
842.000	4.876
843.000	4.861
844.000	4.857
845.000	4.852
846.000	4.847
847.000	4.843
848.000	4.838
849.000	4.833
850.000	4.828
851.000	4.823
852.000	4.818
853.000	4.813
854.000	4.813
855.000	4.808
856.000	4.803
857.000	4.799
858.000	4.794
859.000	4.789
860.000	4.784
861.000	4.779
862.000	4.775
863.000	4.770
864.000	4.765
865.000	4.760
866.000	4.760
867.000	4.755
868.000	4.750
869.000	4.744
870.000	4.739
871.000	4.734
872.000	4.730
873.000	4.725
874.000	4.721
875.000	4.716
876.000	4.712
877.000	4.712
878.000	4.707
879.000	4.702
880.000	4.698
881.000	4.693
882.000	4.689
883.000	4.684
884.000	4.679
885.000	4.675
886.000	4.670
887.000	4.666
888.000	4.666
889.000	4.661
890.000	4.657
891.000	4.653
892.000	4.648
893.000	4.644
894.000	4.640
895.000	4.636
896.000	4.632
897.000	4.628
898.000	4.624
899.000	4.624
900.000	4.620
901.000	4.616
902.000	4.613
903.000	4.609
904.000	4.605
905.000	4.601
906.000	4.598
907.000	4.594
908.000	4.590
909.000	4.587
910.000	4.586
911.000	4.583
912.000	4.578
913.000	4.574
914.000	4.570
915.000	4.566
916.000	4.561
917.000	4.557
918.000	4.554
919.000	4.550
920.000	4.546
921.000	4.546
922.000	4.542
923.000	4.538
924.000	4.534
925.000	4.531
926.000	4.527
927.000	4.523
928.000	4.520
929.000	4.516
930.000	4.512
931.000	4.508
932.000	4.505
933.000	4.504
934.000	4.501
935.000	4.497
936.000	4.493
937.000	4.490
938.000	4.486
939.000	4.483
940.000	4.479
941.000	4.476
942.000	4.472
943.000	4.468
944.000	4.468
945.000	4.465
946.000	4.461
947.000	4.458
948.000	4.455
949.000	4.451
950.000	4.448
951.000	4.445
952.000	4.441
953.000	4.438
954.000	4.435
955.000	4.434
956.000	4.431
957.000	4.428
958.000	4.425
959.000	4.421
960.000	4.418
961.000	4.415
962.000	4.412
963.000	4.408
964.000	4.405
965.000	4.402
966.000	4.402
967.000	4.398
968.000	4.395
969.000	4.392
970.000	4.389
971.000	4.385
972.000	4.382
973.000	4.379
974.000	4.376
975.000	4.373
976.000	4.369
977.000	4.369
978.000	4.366
979.000	4.362
980.000	4.359
981.000	4.356
982.000	4.353
983.000	4.350
984.000	4.346
985.000	4.343
986.000	4.340
987.000	4.337
988.000	4.337
989.000	4.333
990.000	4.330
991.000	4.327
992.000	4.324
993.000	4.321
994.000	4.318
995.000	4.315
996.000	4.311
997.000	4.308
998.000	4.305
999.000	4.305
1000.000	4.302
1001.000	4.299
1002.000	4.295
1003.000	4.292
1004.000	4.289
1005.000	4.286
1006.000	4.283
1007.000	4.280
1008.000	4.277
1009.000	4.274
1010.000	4.271
1011.000	4.271
1012.000	4.268
1013.000	4.265
1014.000	4.263
1015.000	4.260
1016.000	4.257
1017.000	4.254
1018.000	4.252
1019.000	4.249
1020.000	4.246
1021.000	4.243
1022.000	4.243
1023.000	4.240
1024.000	4.237
1025.000	4.234
1026.000	4.232
1027.000	4.229
1028.000	4.227
1029.000	4.224
1030.000	4.221
1031.000	4.219
1032.000	4.216
1033.000	4.216
1034.000	4.213
1035.000	4.211
1036.000	4.208
1037.000	4.205
1038.000	4.203
1039.000	4.200
1040.000	4.198
1041.000	4.195
1042.000	4.192
1043.000	4.190
1044.000	4.189
1045.000	4.187
1046.000	4.184
1047.000	4.182
1048.000	4.180
1049.000	4.177
1050.000	4.175
1051.000	4.173
1052.000	4.170
1053.000	4.168
1054.000	4.166
1055.000	4.133
1056.000	4.131
1057.000	4.128
1058.000	4.126
1059.000	4.124
1060.000	4.122
1061.000	4.120
1062.000	4.118
1063.000	4.116
1064.000	4.113
1065.000	4.111
1066.000	4.111
1067.000	4.109
1068.000	4.107
1069.000	4.105
1070.000	4.103
1071.000	4.101
1072.000	4.099
1073.000	4.098
1074.000	4.096
1075.000	4.094
1076.000	4.092
1077.000	4.090
1078.000	4.082
1079.000	4.080
1080.000	4.078
1081.000	4.077
1082.000	4.075
1083.000	4.073
1084.000	4.071
1085.000	4.069
1086.000	4.067
1087.000	4.065
1088.000	4.063
1089.000	4.063
1090.000	4.061
1091.000	4.059
1092.000	4.056
1093.000	4.054
1094.000	4.052
1095.000	4.050
1096.000	4.048
1097.000	4.046
1098.000	4.044
1099.000	4.042
1100.000	4.041
1101.000	4.039
1102.000	4.037
1103.000	4.035
1104.000	4.033
1105.000	4.031
1106.000	4.029
1107.000	4.027
1108.000	4.024
1109.000	4.022
1110.000	4.020
1111.000	4.020
1112.000	4.018
1113.000	4.016
1114.000	4.014
1115.000	4.012
1116.000	4.009
1117.000	4.007
1118.000	4.005
1119.000	4.003
1120.000	4.001
1121.000	3.999
1122.000	3.951
1123.000	3.949
1124.000	3.948
1125.000	3.946
1126.000	3.944
1127.000	3.943
1128.000	3.941
1129.000	3.940
1130.000	3.938
1131.000	3.936
1132.000	3.935
1133.000	3.934
1134.000	3.933
1135.000	3.931
1136.000	3.930
1137.000	3.928
1138.000	3.926
1139.000	3.925
1140.000	3.923
1141.000	3.922
1142.000	3.920
1143.000	3.919
1144.000	3.917
1145.000	3.917
1146.000	3.916
1147.000	3.914
1148.000	3.913
1149.000	3.911
1150.000	3.910
1151.000	3.908
1152.000	3.907
1153.000	3.906
1154.000	3.904
1155.000	3.903
1156.000	3.900
1157.000	3.899
1158.000	3.897
1159.000	3.896
1160.000	3.895
1161.000	3.893
1162.000	3.892
1163.000	3.890
1164.000	3.889
1165.000	3.887
1166.000	3.886
1167.000	3.886
1168.000	3.884
1169.000	3.883
1170.000	3.881
1171.000	3.880
1172.000	3.879
1173.000	3.877
1174.000	3.876
1175.000	3.874
1176.000	3.873
1177.000	3.872
1178.000	3.871
1179.000	3.870
1180.000	3.869
1181.000	3.868
1182.000	3.867
1183.000	3.866
1184.000	3.865
1185.000	3.864
1186.000	3.863
1187.000	3.862
1188.000	3.861
1189.000	3.860
1190.000	3.859
1191.000	3.858
1192.000	3.857
1193.000	3.857
1194.000	3.856
1195.000	3.855
1196.000	3.854
1197.000	3.853
1198.000	3.852
1199.000	3.851
1200.000	3.846
1201.000	3.845
1202.000	3.844
1203.000	3.844
1204.000	3.843
1205.000	3.842
1206.000	3.841
1207.000	3.840
1208.000	3.839
1209.000	3.838
1210.000	3.837
1211.000	3.837
1212.000	3.836
1213.000	3.835
1214.000	3.835
1215.000	3.834
1216.000	3.833
1217.000	3.832
1218.000	3.831
1219.000	3.830
1220.000	3.829
1221.000	3.829
1222.000	3.828
1223.000	3.827
1224.000	3.827
1225.000	3.826
1226.000	3.825
1227.000	3.824
1228.000	3.823
1229.000	3.822
1230.000	3.821
1231.000	3.821
1232.000	3.820
1233.000	3.819
1234.000	3.819
1235.000	3.818
1236.000	3.817
1237.000	3.816
1238.000	3.815
1239.000	3.814
1240.000	3.813
1241.000	3.813
1242.000	3.812
1243.000	3.811
1244.000	3.810
1245.000	3.810
1246.000	3.809
1247.000	3.808
1248.000	3.807
1249.000	3.806
1250.000	3.806
1251.000	3.805
1252.000	3.804
1253.000	3.804
1254.000	3.803
1255.000	3.802
1256.000	3.802
1257.000	3.801
1258.000	3.801
1259.000	3.800
1260.000	3.799
1261.000	3.799
1262.000	3.798
1263.000	3.797
1264.000	3.797
1265.000	3.796
1266.000	3.795
1267.000	3.795
1268.000	3.794
1269.000	3.794
1270.000	3.793
1271.000	3.792
1272.000	3.792
1273.000	3.791
1274.000	3.790
1275.000	3.790
1276.000	3.789
1277.000	3.789
1278.000	3.788
1279.000	3.788
1280.000	3.787
1281.000	3.786
1282.000	3.786
1283.000	3.785
1284.000	3.784
1285.000	3.784
1286.000	3.783
1287.000	3.783
1288.000	3.782
1289.000	3.781
1290.000	3.781
1291.000	3.780
1292.000	3.780
1293.000	3.779
1294.000	3.778
1295.000	3.778
1296.000	3.777
1297.000	3.777
1298.000	3.776
1299.000	3.775
1300.000	3.775
1301.000	3.774
1302.000	3.774
1303.000	3.773
1304.000	3.772
1305.000	3.772
1306.000	3.771
1307.000	3.771
1308.000	3.770
1309.000	3.769
1310.000	3.769
1311.000	3.768
1312.000	3.768
1313.000	3.767
1314.000	3.767
1315.000	3.766
1316.000	3.765
1317.000	3.765
1318.000	3.764
1319.000	3.763
1320.000	3.763
1321.000	3.762
1322.000	3.762
1323.000	3.761
1324.000	3.761
1325.000	3.760
1326.000	3.759
1327.000	3.759
1328.000	3.758
1329.000	3.757
1330.000	3.757
1331.000	3.756
1332.000	3.756
1333.000	3.756
1334.000	3.755
1335.000	3.755
1336.000	3.755
1337.000	3.754
1338.000	3.754
1339.000	3.754
1340.000	3.753
1341.000	3.753
1342.000	3.753
1343.000	3.752
1344.000	3.752
1345.000	3.752
1346.000	3.752
1347.000	3.751
1348.000	3.751
1349.000	3.751
1350.000	3.750
1351.000	3.750
1352.000	3.750
1353.000	3.749
1354.000	3.749
1355.000	3.749
1356.000	3.748
1357.000	3.748
1358.000	3.748
1359.000	3.748
1360.000	3.747
1361.000	3.747
1362.000	3.747
1363.000	3.746
1364.000	3.746
1365.000	3.746
1366.000	3.745
1367.000	3.745
1368.000	3.745
1369.000	3.744
1370.000	3.744
1371.000	3.744
1372.000	3.743
1373.000	3.743
1374.000	3.743
1375.000	3.743
1376.000	3.742
1377.000	3.742
1378.000	3.742
1379.000	3.741
1380.000	3.741
1381.000	3.741
1382.000	3.740
1383.000	3.740
1384.000	3.740
1385.000	3.739
1386.000	3.739
1387.000	3.739
1388.000	3.739
1389.000	3.738
1390.000	3.738
1391.000	3.738
1392.000	3.737
1393.000	3.737
1394.000	3.737
1395.000	3.736
1396.000	3.736
1397.000	3.736
1398.000	3.735
1399.000	3.735
1400.000	3.735
1401.000	3.735
1402.000	3.734
1403.000	3.734
1404.000	3.734
1405.000	3.733
1406.000	3.733
1407.000	3.733
1408.000	3.732
1409.000	3.732
1410.000	3.732
1411.000	3.731
1412.000	3.731
1413.000	3.731
1414.000	3.730
1415.000	3.730
1416.000	3.730
1417.000	3.730
1418.000	3.729
1419.000	3.729
1420.000	3.729
1421.000	3.728
1422.000	3.728
1423.000	3.728
1424.000	3.727
1425.000	3.727
1426.000	3.727
1427.000	3.726
1428.000	3.726
1429.000	3.726
1430.000	3.726
1431.000	3.725
1432.000	3.725
1433.000	3.725
1434.000	3.724
1435.000	3.724
1436.000	3.724
1437.000	3.723
1438.000	3.723
1439.000	3.723
1440.000	3.722
1441.000	3.722
1442.000	3.722
1443.000	3.721
1444.000	3.721
1445.000	3.721
1446.000	3.721
1447.000	3.720
1448.000	3.720
1449.000	3.720
1450.000	3.719
1451.000	3.719
1452.000	3.719
1453.000	3.718
1454.000	3.718
1455.000	3.718
1456.000	3.717
1457.000	3.717
1458.000	3.717
1459.000	3.717
1460.000	3.716
1461.000	3.716
1462.000	3.716
1463.000	3.715
1464.000	3.715
1465.000	3.715
1466.000	3.714
1467.000	3.714
1468.000	3.714
1469.000	3.713
1470.000	3.713
1471.000	3.713
1472.000	3.713
1473.000	3.712
1474.000	3.712
1475.000	3.712
1476.000	3.711
1477.000	3.711
1478.000	3.711
1479.000	3.710
1480.000	3.710
1481.000	3.710
1482.000	3.709
1483.000	3.709
1484.000	3.709
1485.000	3.708
1486.000	3.708
1487.000	3.708
1488.000	3.708
1489.000	3.707
1490.000	3.707
1491.000	3.707
1492.000	3.706
1493.000	3.706
1494.000	3.706
1495.000	3.705
1496.000	3.705
1497.000	3.705
1498.000	3.704
1499.000	3.704
1500.000	3.704
1501.000	3.704
1502.000	3.703
1503.000	3.703
1504.000	3.703
1505.000	3.702
1506.000	3.702
1507.000	3.702
1508.000	3.701
1509.000	3.701
1510.000	3.701
1511.000	3.700
1512.000	3.700
1513.000	3.700
1514.000	3.699
1515.000	3.699
1516.000	3.699
1517.000	3.699
1518.000	3.698
1519.000	3.698
1520.000	3.698
1521.000	3.697
1522.000	3.697
1523.000	3.697
1524.000	3.696
1525.000	3.696
1526.000	3.696
1527.000	3.695
1528.000	3.695
1529.000	3.695
1530.000	3.695
1531.000	3.694
1532.000	3.694
1533.000	3.694
1534.000	3.693
1535.000	3.693
1536.000	3.693
1537.000	3.692
1538.000	3.692
1539.000	3.692
1540.000	3.691
1541.000	3.691
1542.000	3.691
1543.000	3.691
1544.000	3.690
1545.000	3.690
1546.000	3.690
1547.000	3.689
1548.000	3.689
1549.000	3.689
1550.000	3.688
1551.000	3.688
1552.000	3.688
1553.000	3.687
1554.000	3.687
1555.000	3.687
1556.000	3.686
1557.000	3.686
1558.000	3.686
1559.000	3.686
1560.000	3.685
1561.000	3.685
1562.000	3.685
1563.000	3.684
1564.000	3.684
1565.000	3.684
1566.000	3.683
1567.000	3.683
1568.000	3.683
1569.000	3.682
1570.000	3.682
1571.000	3.682
1572.000	3.682
1573.000	3.681
1574.000	3.681
1575.000	3.681
1576.000	3.680
1577.000	3.680
1578.000	3.680
1579.000	3.679
1580.000	3.679
1581.000	3.679
1582.000	3.678
1583.000	3.678
1584.000	3.678
1585.000	3.677
1586.000	3.677
1587.000	3.677
1588.000	3.677
1589.000	3.676
1590.000	3.676
1591.000	3.676
1592.000	3.675
1593.000	3.675
1594.000	3.675
1595.000	3.674
1596.000	3.674
1597.000	3.674
1598.000	3.673
1599.000	3.673
1600.000	3.673
1601.000	3.673
1602.000	3.672
1603.000	3.672
1604.000	3.672
1605.000	3.671
1606.000	3.671
1607.000	3.671
1608.000	3.670
1609.000	3.670
1610.000	3.670
1611.000	3.669
1612.000	3.669
1613.000	3.669
1614.000	3.669
1615.000	3.668
1616.000	3.668
1617.000	3.668
1618.000	3.667
1619.000	3.667
1620.000	3.667
1621.000	3.666
1622.000	3.666
1623.000	3.666
1624.000	3.665
1625.000	3.665
1626.000	3.665
1627.000	3.664
1628.000	3.664
1629.000	3.664
1630.000	3.664
1631.000	3.663
1632.000	3.663
1633.000	3.663
1634.000	3.662
1635.000	3.662
1636.000	3.662
1637.000	3.661
1638.000	3.661
1639.000	3.661
1640.000	3.660
1641.000	3.660
1642.000	3.660
1643.000	3.660
1644.000	3.659
1645.000	3.659
1646.000	3.659
1647.000	3.658
1648.000	3.658
1649.000	3.658
1650.000	3.657
1651.000	3.657
1652.000	3.657
1653.000	3.656
1654.000	3.656
1655.000	3.656
1656.000	3.655
1657.000	3.655
1658.000	3.655
1659.000	3.655
1660.000	3.654
1661.000	3.654
1662.000	3.654
1663.000	3.653
1664.000	3.653
1665.000	3.653
1666.000	3.652
1667.000	3.652
1668.000	3.652
1669.000	3.651
1670.000	3.651
1671.000	3.651
1672.000	3.651
1673.000	3.650
1674.000	3.650
1675.000	3.650
1676.000	3.649
1677.000	3.649
1678.000	3.649
1679.000	3.648
1680.000	3.648
1681.000	3.648
1682.000	3.647
1683.000	3.647
1684.000	3.647
1685.000	3.646
1686.000	3.646
1687.000	3.646
1688.000	3.646
1689.000	3.645
1690.000	3.645
1691.000	3.645
1692.000	3.644
1693.000	3.644
1694.000	3.644
1695.000	3.643
1696.000	3.643
1697.000	3.643
1698.000	3.642
1699.000	3.642
1700.000	3.642
1701.000	3.642
1702.000	3.641
1703.000	3.641
1704.000	3.641
1705.000	3.640
1706.000	3.640
1707.000	3.640
1708.000	3.639
1709.000	3.639
1710.000	3.639
1711.000	3.638
1712.000	3.638
1713.000	3.638
1714.000	3.638
1715.000	3.637
1716.000	3.637
1717.000	3.637
1718.000	3.636
1719.000	3.636
1720.000	3.636
1721.000	3.635
1722.000	3.635
1723.000	3.635
1724.000	3.634
1725.000	3.634
1726.000	3.634
1727.000	3.633
1728.000	3.633
1729.000	3.633
1730.000	3.633
1731.000	3.632
1732.000	3.632
1733.000	3.632
1734.000	3.631
1735.000	3.631
1736.000	3.631
1737.000	3.630
1738.000	3.630
1739.000	3.630
1740.000	3.629
1741.000	3.629
1742.000	3.629
1743.000	3.629
1744.000	3.628
1745.000	3.628
1746.000	3.628
1747.000	3.627
1748.000	3.627
1749.000	3.627
1750.000	3.626
1751.000	3.626
1752.000	3.626
1753.000	3.625
1754.000	3.625
1755.000	3.625
1756.000	3.624
1757.000	3.624
1758.000	3.624
1759.000	3.624
1760.000	3.623
1761.000	3.623
1762.000	3.623
1763.000	3.622
1764.000	3.622
1765.000	3.622
1766.000	3.621
1767.000	3.621
1768.000	3.621
1769.000	3.620
1770.000	3.620
1771.000	3.620
1772.000	3.620
1773.000	3.619
1774.000	3.619
1775.000	3.619
1776.000	3.618
1777.000	3.618
1778.000	3.618
1779.000	3.617
1780.000	3.617
1781.000	3.617
1782.000	3.616
1783.000	3.616
1784.000	3.616
1785.000	3.616
1786.000	3.615
1787.000	3.615
1788.000	3.615
1789.000	3.614
1790.000	3.614
1791.000	3.614
1792.000	3.613
1793.000	3.613
1794.000	3.613
1795.000	3.612
1796.000	3.612
1797.000	3.612
1798.000	3.611
1799.000	3.611
1800.000	3.611
1801.000	3.611
1802.000	3.610
1803.000	3.610
1804.000	3.610
1805.000	3.609
1806.000	3.609
1807.000	3.609
1808.000	3.608
1809.000	3.608
1810.000	3.608
1811.000	3.607
1812.000	3.607
1813.000	3.607
1814.000	3.607
1815.000	3.606
1816.000	3.606
1817.000	3.606
1818.000	3.605
1819.000	3.605
1820.000	3.605
1821.000	3.604
1822.000	3.604
1823.000	3.604
1824.000	3.603
1825.000	3.603
1826.000	3.603
1827.000	3.602
1828.000	3.602
1829.000	3.602
1830.000	3.602
1831.000	3.601
1832.000	3.601
1833.000	3.601
1834.000	3.600
1835.000	3.600
1836.000	3.600
1837.000	3.599
1838.000	3.599
1839.000	3.599
1840.000	3.598
1841.000	3.598
1842.000	3.598
1843.000	3.598
1844.000	3.597
1845.000	3.597
1846.000	3.597
1847.000	3.596
1848.000	3.596
1849.000	3.596
1850.000	3.595
1851.000	3.595
1852.000	3.595
1853.000	3.594
1854.000	3.594
1855.000	3.594
1856.000	3.594
1857.000	3.593
1858.000	3.593
1859.000	3.593
1860.000	3.592
1861.000	3.592
1862.000	3.592
1863.000	3.591
1864.000	3.591
1865.000	3.591
1866.000	3.590
1867.000	3.590
1868.000	3.590
1869.000	3.589
1870.000	3.589
1871.000	3.589
1872.000	3.589
1873.000	3.588
1874.000	3.588
1875.000	3.588
1876.000	3.587
1877.000	3.587
1878.000	3.587
1879.000	3.586
1880.000	3.586
1881.000	3.586
1882.000	3.585
1883.000	3.585
1884.000	3.585
1885.000	3.585
1886.000	3.584
1887.000	3.584
1888.000	3.584
1889.000	3.583
1890.000	3.583
1891.000	3.583
1892.000	3.582
1893.000	3.582
1894.000	3.582
1895.000	3.581
1896.000	3.581
1897.000	3.581
1898.000	3.580
1899.000	3.580
1900.000	3.580
1901.000	3.580
1902.000	3.579
1903.000	3.579
1904.000	3.579
1905.000	3.578
1906.000	3.578
1907.000	3.578
1908.000	3.577
1909.000	3.577
1910.000	3.577
1911.000	3.576
1912.000	3.576
1913.000	3.576
1914.000	3.576
1915.000	3.575
1916.000	3.575
1917.000	3.575
1918.000	3.574
1919.000	3.574
1920.000	3.574
1921.000	3.573
1922.000	3.573
1923.000	3.573
1924.000	3.572
1925.000	3.572
1926.000	3.572
1927.000	3.572
1928.000	3.571
1929.000	3.571
1930.000	3.571
1931.000	3.570
1932.000	3.570
1933.000	3.570
1934.000	3.569
1935.000	3.569
1936.000	3.569
1937.000	3.568
1938.000	3.568
1939.000	3.568
1940.000	3.567
1941.000	3.567
1942.000	3.567
1943.000	3.567
1944.000	3.566
1945.000	3.566
1946.000	3.566
1947.000	3.565
1948.000	3.565
1949.000	3.565
1950.000	3.564
1951.000	3.564
1952.000	3.564
1953.000	3.563
1954.000	3.563
1955.000	3.563
1956.000	3.563
1957.000	3.562
1958.000	3.562
1959.000	3.562
1960.000	3.561
1961.000	3.561
1962.000	3.561
1963.000	3.560
1964.000	3.560
1965.000	3.560
1966.000	3.559
1967.000	3.559
1968.000	3.559
1969.000	3.558
1970.000	3.558
1971.000	3.558
1972.000	3.558
1973.000	3.557
1974.000	3.557
1975.000	3.557
1976.000	3.556
1977.000	3.556
1978.000	3.556
1979.000	3.555
1980.000	3.555
1981.000	3.555
1982.000	3.554
1983.000	3.554
1984.000	3.554
1985.000	3.554
1986.000	3.553
1987.000	3.553
1988.000	3.553
1989.000	3.552
1990.000	3.552
1991.000	3.552
1992.000	3.551
1993.000	3.551
1994.000	3.551
1995.000	3.550
1996.000	3.550
1997.000	3.550
1998.000	3.549
1999.000	3.549
2000.000	3.549
2001.000	3.549
2002.000	3.548
2003.000	3.548
2004.000	3.548
2005.000	3.547
2006.000	3.547
2007.000	3.547
2008.000	3.546
2009.000	3.546
2010.000	3.546
2011.000	3.545
2012.000	3.545
2013.000	3.545
2014.000	3.545
2015.000	3.544
2016.000	3.544
2017.000	3.544
2018.000	3.543
2019.000	3.543
2020.000	3.543
2021.000	3.542
2022.000	3.542
2023.000	3.542
2024.000	3.541
2025.000	3.541
2026.000	3.541
2027.000	3.541
2028.000	3.540
2029.000	3.540
2030.000	3.540
2031.000	3.539
2032.000	3.539
2033.000	3.539
2034.000	3.538
2035.000	3.538
2036.000	3.538
2037.000	3.537
2038.000	3.537
2039.000	3.537
2040.000	3.536
2041.000	3.536
2042.000	3.536
2043.000	3.536
2044.000	3.535
2045.000	3.535
2046.000	3.535
2047.000	3.534
2048.000	3.534
2049.000	3.534
2050.000	3.533
2051.000	3.533
2052.000	3.533
2053.000	3.532
2054.000	3.532
2055.000	3.532
2056.000	3.532
2057.000	3.531
2058.000	3.531
2059.000	3.531
2060.000	3.530
2061.000	3.530
2062.000	3.530
2063.000	3.529
2064.000	3.529
2065.000	3.529
2066.000	3.528
2067.000	3.528
2068.000	3.528
2069.000	3.527
2070.000	3.527
2071.000	3.527
2072.000	3.527
2073.000	3.526
2074.000	3.526
2075.000	3.526
2076.000	3.525
2077.000	3.525
2078.000	3.525
2079.000	3.524
2080.000	3.524
2081.000	3.524
2082.000	3.523
2083.000	3.523
2084.000	3.523
2085.000	3.523
2086.000	3.522
2087.000	3.522
2088.000	3.522
2089.000	3.521
2090.000	3.521
2091.000	3.521
2092.000	3.520
2093.000	3.520
2094.000	3.520
2095.000	3.519
2096.000	3.519
2097.000	3.519
2098.000	3.519
2099.000	3.518
2100.000	3.518
2101.000	3.518
2102.000	3.517
2103.000	3.517
2104.000	3.517
2105.000	3.516
2106.000	3.516
2107.000	3.516
2108.000	3.515
2109.000	3.515
2110.000	3.515
2111.000	3.514
2112.000	3.514
2113.000	3.514
2114.000	3.514
2115.000	3.513
2116.000	3.513
2117.000	3.513
2118.000	3.512
2119.000	3.512
2120.000	3.512
2121.000	3.511
2122.000	3.511
2123.000	3.511
2124.000	3.510
2125.000	3.510
2126.000	3.510
2127.000	3.510
2128.000	3.509
2129.000	3.509
2130.000	3.509
2131.000	3.508
2132.000	3.508
2133.000	3.508
2134.000	3.507
2135.000	3.507
2136.000	3.507
2137.000	3.506
2138.000	3.506
2139.000	3.506
2140.000	3.505
2141.000	3.505
2142.000	3.505
2143.000	3.505
2144.000	3.504
2145.000	3.504
2146.000	3.504
2147.000	3.503
2148.000	3.503
2149.000	3.503
2150.000	3.502
2151.000	3.502
2152.000	3.502
2153.000	3.501
2154.000	3.501
2155.000	3.501
2156.000	3.501
2157.000	3.500
2158.000	3.500
2159.000	3.500
2160.000	3.499
2161.000	3.499
2162.000	3.499
2163.000	3.498
2164.000	3.498
2165.000	3.498
2166.000	3.497
2167.000	3.497
2168.000	3.497
2169.000	3.497
2170.000	3.496
2171.000	3.496
2172.000	3.496
2173.000	3.495
2174.000	3.495
2175.000	3.495
2176.000	3.494
2177.000	3.494
2178.000	3.494
2179.000	3.493
2180.000	3.493
2181.000	3.493
2182.000	3.492
2183.000	3.492
2184.000	3.492
2185.000	3.492
2186.000	3.491
2187.000	3.491
2188.000	3.491
2189.000	3.490
2190.000	3.490
2191.000	3.490
2192.000	3.489
2193.000	3.489
2194.000	3.489
2195.000	3.488
2196.000	3.488
2197.000	3.488
2198.000	3.488
2199.000	3.487
2200.000	3.487
2201.000	3.487
2202.000	3.486
2203.000	3.486
2204.000	3.486
2205.000	3.485
2206.000	3.485
2207.000	3.485
2208.000	3.484
2209.000	3.484
2210.000	3.484
2211.000	3.483
2212.000	3.483
2213.000	3.483
2214.000	3.483
2215.000	3.482
2216.000	3.482
2217.000	3.482
2218.000	3.481
2219.000	3.481
2220.000	3.481
2221.000	3.480
2222.000	3.480
2223.000	3.480
2224.000	3.479
2225.000	3.479
2226.000	3.479
2227.000	3.479
2228.000	3.478
2229.000	3.478
2230.000	3.478
2231.000	3.477
2232.000	3.477
2233.000	3.477
2234.000	3.476
2235.000	3.476
2236.000	3.476
2237.000	3.475
2238.000	3.475
2239.000	3.475
2240.000	3.474
2241.000	3.474
2242.000	3.474
2243.000	3.474
2244.000	3.473
2245.000	3.473
2246.000	3.473
2247.000	3.472
2248.000	3.472
2249.000	3.472
2250.000	3.471
2251.000	3.471
2252.000	3.471
2253.000	3.470
2254.000	3.470
2255.000	3.470
2256.000	3.470
2257.000	3.469
2258.000	3.469
2259.000	3.469
2260.000	3.468
2261.000	3.468
2262.000	3.468
2263.000	3.467
2264.000	3.467
2265.000	3.467
2266.000	3.466
2267.000	3.466
2268.000	3.466
2269.000	3.466
2270.000	3.465
2271.000	3.465
2272.000	3.465
2273.000	3.464
2274.000	3.464
2275.000	3.464
2276.000	3.463
2277.000	3.463
2278.000	3.463
2279.000	3.462
2280.000	3.462
2281.000	3.462
2282.000	3.461
2283.000	3.461
2284.000	3.461
2285.000	3.461
2286.000	3.460
2287.000	3.460
2288.000	3.460
2289.000	3.459
2290.000	3.459
2291.000	3.459
2292.000	3.458
2293.000	3.458
2294.000	3.458
2295.000	3.457
2296.000	3.457
2297.000	3.457
2298.000	3.457
2299.000	3.456
2300.000	3.456
2301.000	3.456
2302.000	3.455
2303.000	3.455
2304.000	3.455
2305.000	3.454
2306.000	3.454
2307.000	3.454
2308.000	3.453
2309.000	3.453
2310.000	3.453
2311.000	3.452
2312.000	3.452
2313.000	3.452
2314.000	3.452
2315.000	3.451
2316.000	3.451
2317.000	3.451
2318.000	3.450
2319.000	3.450
2320.000	3.450
2321.000	3.449
2322.000	3.449
2323.000	3.449
2324.000	3.448
2325.000	3.448
2326.000	3.448
2327.000	3.448
2328.000	3.447
2329.000	3.447
2330.000	3.447
2331.000	3.446
2332.000	3.446
2333.000	3.446
2334.000	3.445
2335.000	3.445
2336.000	3.445
2337.000	3.444
2338.000	3.444
2339.000	3.444
2340.000	3.444
2341.000	3.443
2342.000	3.443
2343.000	3.443
2344.000	3.442
2345.000	3.442
2346.000	3.442
2347.000	3.441
2348.000	3.441
2349.000	3.441
2350.000	3.440
2351.000	3.440
2352.000	3.440
2353.000	3.439
2354.000	3.439
2355.000	3.439
2356.000	3.439
2357.000	3.438
2358.000	3.438
2359.000	3.438
2360.000	3.437
2361.000	3.437
2362.000	3.437
2363.000	3.436
2364.000	3.436
2365.000	3.436
2366.000	3.435
2367.000	3.435
2368.000	3.435
2369.000	3.435
2370.000	3.434
2371.000	3.434
2372.000	3.434
2373.000	3.433
2374.000	3.433
2375.000	3.433
2376.000	3.432
2377.000	3.432
2378.000	3.432
2379.000	3.431
2380.000	3.431
2381.000	3.431
2382.000	3.430
2383.000	3.430
2384.000	3.430
2385.000	3.430
2386.000	3.429
2387.000	3.429
2388.000	3.429
2389.000	3.428
2390.000	3.428
2391.000	3.428
2392.000	3.427
2393.000	3.427
2394.000	3.427
2395.000	3.426
2396.000	3.426
2397.000	3.426
2398.000	3.426
2399.000	3.425
2400.000	3.425
2401.000	3.425
2402.000	3.424
2403.000	3.424
2404.000	3.424
2405.000	3.423
2406.000	3.423
2407.000	3.423
2408.000	3.422
2409.000	3.422
2410.000	3.422
2411.000	3.422
2412.000	3.421
2413.000	3.421
2414.000	3.421
2415.000	3.420
2416.000	3.420
2417.000	3.420
2418.000	3.419
2419.000	3.419
2420.000	3.419
2421.000	3.418
2422.000	3.418
2423.000	3.418
2424.000	3.417
2425.000	3.417
2426.000	3.417
2427.000	3.417
2428.000	3.416
2429.000	3.416
2430.000	3.416
2431.000	3.415
2432.000	3.415
2433.000	3.415
2434.000	3.414
2435.000	3.414
2436.000	3.414
2437.000	3.413
2438.000	3.413
2439.000	3.413
2440.000	3.413
2441.000	3.412
2442.000	3.412
2443.000	3.412
2444.000	3.411
2445.000	3.411
2446.000	3.411
2447.000	3.410
2448.000	3.410
2449.000	3.410
2450.000	3.409
2451.000	3.409
2452.000	3.409
2453.000	3.408
2454.000	3.408
2455.000	3.408
2456.000	3.408
2457.000	3.407
2458.000	3.407
2459.000	3.407
2460.000	3.406
2461.000	3.406
2462.000	3.406
2463.000	3.405
2464.000	3.405
2465.000	3.405
2466.000	3.404
2467.000	3.404
2468.000	3.404
2469.000	3.404
2470.000	3.403
2471.000	3.403
2472.000	3.403
2473.000	3.402
2474.000	3.402
2475.000	3.402
2476.000	3.401
2477.000	3.401
2478.000	3.401
2479.000	3.400
2480.000	3.400
2481.000	3.400
2482.000	3.400
2483.000	3.399
2484.000	3.399
2485.000	3.399
2486.000	3.398
2487.000	3.398
2488.000	3.398
2489.000	3.397
2490.000	3.397
2491.000	3.397
2492.000	3.396
2493.000	3.396
2494.000	3.396
2495.000	3.395
2496.000	3.395
2497.000	3.395
2498.000	3.395
2499.000	3.394
2500.000	3.394
2501.000	3.394
2502.000	3.393
2503.000	3.393
2504.000	3.393
2505.000	3.392
2506.000	3.392
2507.000	3.392
2508.000	3.391
2509.000	3.391
2510.000	3.391
2511.000	3.391
2512.000	3.390
2513.000	3.390
2514.000	3.390
2515.000	3.389
2516.000	3.389
2517.000	3.389
2518.000	3.388
2519.000	3.388
2520.000	3.388
2521.000	3.387
2522.000	3.387
2523.000	3.387
2524.000	3.386
2525.000	3.386
2526.000	3.386
2527.000	3.386
2528.000	3.385
2529.000	3.385
2530.000	3.385
2531.000	3.384
2532.000	3.384
2533.000	3.384
2534.000	3.383
2535.000	3.383
2536.000	3.383
2537.000	3.382
2538.000	3.382
2539.000	3.382
2540.000	3.382
2541.000	3.381
2542.000	3.381
2543.000	3.381
2544.000	3.380
2545.000	3.380
2546.000	3.380
2547.000	3.379
2548.000	3.379
2549.000	3.379
2550.000	3.378
2551.000	3.378
2552.000	3.378
2553.000	3.377
2554.000	3.377
2555.000	3.377
2556.000	3.377
2557.000	3.376
2558.000	3.376
2559.000	3.376
2560.000	3.375
2561.000	3.375
2562.000	3.375
2563.000	3.374
2564.000	3.374
2565.000	3.374
2566.000	3.373
2567.000	3.373
2568.000	3.373
2569.000	3.373
2570.000	3.372
2571.000	3.372
2572.000	3.372
2573.000	3.371
2574.000	3.371
2575.000	3.371
2576.000	3.370
2577.000	3.370
2578.000	3.370
2579.000	3.369
2580.000	3.369
2581.000	3.369
2582.000	3.369
2583.000	3.368
2584.000	3.368
2585.000	3.368
2586.000	3.367
2587.000	3.367
2588.000	3.367
2589.000	3.366
2590.000	3.366
2591.000	3.366
2592.000	3.365
2593.000	3.365
2594.000	3.365
2595.000	3.364
2596.000	3.364
2597.000	3.364
2598.000	3.364
2599.000	3.363
2600.000	3.363
2601.000	3.363
2602.000	3.362
2603.000	3.362
2604.000	3.362
2605.000	3.361
2606.000	3.361
2607.000	3.361
2608.000	3.360
2609.000	3.360
2610.000	3.360
2611.000	3.360
2612.000	3.359
2613.000	3.359
2614.000	3.359
2615.000	3.358
2616.000	3.358
2617.000	3.358
2618.000	3.357
2619.000	3.357
2620.000	3.357
2621.000	3.356
2622.000	3.356
2623.000	3.356
2624.000	3.355
2625.000	3.355
2626.000	3.355
2627.000	3.355
2628.000	3.354
2629.000	3.354
2630.000	3.354
2631.000	3.353
2632.000	3.353
2633.000	3.353
2634.000	3.352
2635.000	3.352
2636.000	3.352
2637.000	3.351
2638.000	3.351
2639.000	3.351
2640.000	3.351
2641.000	3.350
2642.000	3.350
2643.000	3.350
2644.000	3.349
2645.000	3.349
2646.000	3.349
2647.000	3.348
2648.000	3.348
2649.000	3.348
2650.000	3.347
2651.000	3.347
2652.000	3.347
2653.000	3.347
2654.000	3.346
2655.000	3.346
2656.000	3.346
2657.000	3.345
2658.000	3.345
2659.000	3.345
2660.000	3.344
2661.000	3.344
2662.000	3.344
2663.000	3.343
2664.000	3.343
2665.000	3.343
2666.000	3.342
2667.000	3.342
2668.000	3.342
2669.000	3.342
2670.000	3.341
2671.000	3.341
2672.000	3.341
2673.000	3.340
2674.000	3.340
2675.000	3.340
2676.000	3.339
2677.000	3.339
2678.000	3.339
2679.000	3.338
2680.000	3.338
2681.000	3.338
2682.000	3.338
2683.000	3.337
2684.000	3.337
2685.000	3.337
2686.000	3.336
2687.000	3.336
2688.000	3.336
2689.000	3.335
2690.000	3.335
2691.000	3.335
2692.000	3.334
2693.000	3.334
2694.000	3.334
2695.000	3.333
2696.000	3.333
2697.000	3.333
2698.000	3.333
2699.000	3.332
2700.000	3.332
2701.000	3.332
2702.000	3.331
2703.000	3.331
2704.000	3.331
2705.000	3.330
2706.000	3.330
2707.000	3.330
2708.000	3.329
2709.000	3.329
2710.000	3.329
2711.000	3.329
2712.000	3.328
2713.000	3.328
2714.000	3.328
2715.000	3.327
2716.000	3.327
2717.000	3.327
2718.000	3.326
2719.000	3.326
2720.000	3.326
2721.000	3.325
2722.000	3.325
2723.000	3.325
2724.000	3.325
2725.000	3.324
2726.000	3.324
2727.000	3.324
2728.000	3.323
2729.000	3.323
2730.000	3.323
2731.000	3.322
2732.000	3.322
2733.000	3.322
2734.000	3.321
2735.000	3.321
2736.000	3.321
2737.000	3.320
2738.000	3.320
2739.000	3.320
2740.000	3.320
2741.000	3.319
2742.000	3.319
2743.000	3.319
2744.000	3.318
2745.000	3.318
2746.000	3.318
2747.000	3.317
2748.000	3.317
2749.000	3.317
2750.000	3.316
2751.000	3.316
2752.000	3.316
2753.000	3.316
2754.000	3.315
2755.000	3.315
2756.000	3.315
2757.000	3.314
2758.000	3.314
2759.000	3.314
2760.000	3.313
2761.000	3.313
2762.000	3.313
2763.000	3.312
2764.000	3.312
2765.000	3.312
2766.000	3.311
2767.000	3.311
2768.000	3.311
2769.000	3.311
2770.000	3.310
2771.000	3.310
2772.000	3.310
2773.000	3.309
2774.000	3.309
2775.000	3.309
2776.000	3.308
2777.000	3.308
2778.000	3.308
2779.000	3.307
2780.000	3.307
2781.000	3.307
2782.000	3.307
2783.000	3.306
2784.000	3.306
2785.000	3.306
2786.000	3.305
2787.000	3.305
2788.000	3.305
2789.000	3.304
2790.000	3.304
2791.000	3.304
2792.000	3.303
2793.000	3.303
2794.000	3.303
2795.000	3.303
2796.000	3.302
2797.000	3.302
2798.000	3.302
2799.000	3.301
2800.000	3.301
2801.000	3.301
2802.000	3.300
2803.000	3.300
2804.000	3.300
2805.000	3.299
2806.000	3.299
2807.000	3.299
2808.000	3.298
2809.000	3.298
2810.000	3.298
2811.000	3.298
2812.000	3.297
2813.000	3.297
2814.000	3.297
2815.000	3.296
2816.000	3.296
2817.000	3.296
2818.000	3.295
2819.000	3.295
2820.000	3.295
2821.000	3.294
2822.000	3.294
2823.000	3.294
2824.000	3.294
2825.000	3.293
2826.000	3.293
2827.000	3.293
2828.000	3.292
2829.000	3.292
2830.000	3.292
2831.000	3.291
2832.000	3.291
2833.000	3.291
2834.000	3.290
2835.000	3.290
2836.000	3.290
2837.000	3.289
2838.000	3.289
2839.000	3.289
2840.000	3.289
2841.000	3.288
2842.000	3.288
2843.000	3.288
2844.000	3.287
2845.000	3.287
2846.000	3.287
2847.000	3.286
2848.000	3.286
2849.000	3.286
2850.000	3.285
2851.000	3.285
2852.000	3.285
2853.000	3.285
2854.000	3.284
2855.000	3.284
2856.000	3.284
2857.000	3.283
2858.000	3.283
2859.000	3.283
2860.000	3.282
2861.000	3.282
2862.000	3.282
2863.000	3.281
2864.000	3.281
2865.000	3.281
2866.000	3.280
2867.000	3.280
2868.000	3.280
2869.000	3.280
2870.000	3.279
2871.000	3.279
2872.000	3.279
2873.000	3.278
2874.000	3.278
2875.000	3.278
2876.000	3.277
2877.000	3.277
2878.000	3.277
2879.000	3.276
2880.000	3.276
2881.000	3.276
2882.000	3.276
2883.000	3.275
2884.000	3.275
2885.000	3.275
2886.000	3.274
2887.000	3.274
2888.000	3.274
2889.000	3.273
2890.000	3.273
2891.000	3.273
2892.000	3.272
2893.000	3.272
2894.000	3.272
2895.000	3.272
2896.000	3.271
2897.000	3.271
2898.000	3.271
2899.000	3.270
2900.000	3.270
2901.000	3.270
2902.000	3.269
2903.000	3.269
2904.000	3.269
2905.000	3.268
2906.000	3.268
2907.000	3.268
2908.000	3.267
2909.000	3.267
2910.000	3.267
2911.000	3.267
2912.000	3.266
2913.000	3.266
2914.000	3.266
2915.000	3.265
2916.000	3.265
2917.000	3.265
2918.000	3.264
2919.000	3.264
2920.000	3.264
2921.000	3.263
2922.000	3.263
2923.000	3.263
2924.000	3.263
2925.000	3.262
2926.000	3.262
2927.000	3.262
2928.000	3.261
2929.000	3.261
2930.000	3.261
2931.000	3.260
2932.000	3.260
2933.000	3.260
2934.000	3.259
2935.000	3.259
2936.000	3.259
2937.000	3.258
2938.000	3.258
2939.000	3.258
2940.000	3.258
2941.000	3.257
2942.000	3.257
2943.000	3.257
2944.000	3.256
2945.000	3.256
2946.000	3.256
2947.000	3.255
2948.000	3.255
2949.000	3.255
2950.000	3.254
2951.000	3.254
2952.000	3.254
2953.000	3.254
2954.000	3.253
2955.000	3.253
2956.000	3.253
2957.000	3.252
2958.000	3.252
2959.000	3.252
2960.000	3.251
2961.000	3.251
2962.000	3.251
2963.000	3.250
2964.000	3.250
2965.000	3.250
2966.000	3.250
2967.000	3.249
2968.000	3.249
2969.000	3.249
2970.000	3.248
2971.000	3.248
2972.000	3.248
2973.000	3.247
2974.000	3.247
2975.000	3.247
2976.000	3.246
2977.000	3.246
2978.000	3.246
2979.000	3.245
2980.000	3.245
2981.000	3.245
2982.000	3.245
2983.000	3.244
2984.000	3.244
2985.000	3.244
2986.000	3.243
2987.000	3.243
2988.000	3.243
2989.000	3.242
2990.000	3.242
2991.000	3.242
2992.000	3.241
2993.000	3.241
2994.000	3.241
2995.000	3.241
2996.000	3.240
2997.000	3.240
2998.000	3.240
2999.000	3.239
3000.000	3.239
3001.000	3.239
3002.000	3.238
3003.000	3.238
3004.000	3.238
3005.000	3.237
3006.000	3.237
3007.000	3.237
3008.000	3.236
3009.000	3.236
3010.000	3.236
3011.000	3.236
3012.000	3.235
3013.000	3.235
3014.000	3.235
3015.000	3.234
3016.000	3.234
3017.000	3.234
3018.000	3.233
3019.000	3.233
3020.000	3.233
3021.000	3.232
3022.000	3.232
3023.000	3.232
3024.000	3.232
3025.000	3.231
3026.000	3.231
3027.000	3.231
3028.000	3.230
3029.000	3.230
3030.000	3.230
3031.000	3.229
3032.000	3.229
3033.000	3.229
3034.000	3.228
3035.000	3.228
3036.000	3.228
3037.000	3.228
3038.000	3.227
3039.000	3.227
3040.000	3.227
3041.000	3.226
3042.000	3.226
3043.000	3.226
3044.000	3.225
3045.000	3.225
3046.000	3.225
3047.000	3.224
3048.000	3.224
3049.000	3.224
3050.000	3.223
3051.000	3.223
3052.000	3.223
3053.000	3.223
3054.000	3.222
3055.000	3.222
3056.000	3.222
3057.000	3.221
3058.000	3.221
3059.000	3.221
3060.000	3.220
3061.000	3.220
3062.000	3.220
3063.000	3.219
3064.000	3.219
3065.000	3.219
3066.000	3.219
3067.000	3.218
3068.000	3.218
3069.000	3.218
3070.000	3.217
3071.000	3.217
3072.000	3.217
3073.000	3.216
3074.000	3.216
3075.000	3.216
3076.000	3.215
3077.000	3.215
3078.000	3.215
3079.000	3.214
3080.000	3.214
3081.000	3.214
3082.000	3.214
3083.000	3.213
3084.000	3.213
3085.000	3.213
3086.000	3.212
3087.000	3.212
3088.000	3.212
3089.000	3.211
3090.000	3.211
3091.000	3.211
3092.000	3.210
3093.000	3.210
3094.000	3.210
3095.000	3.210
3096.000	3.209
3097.000	3.209
3098.000	3.209
3099.000	3.208
3100.000	3.208
3101.000	3.208
3102.000	3.207
3103.000	3.207
3104.000	3.207
3105.000	3.206
3106.000	3.206
3107.000	3.206
3108.000	3.206
3109.000	3.205
3110.000	3.205
3111.000	3.205
3112.000	3.204
3113.000	3.204
3114.000	3.204
3115.000	3.203
3116.000	3.203
3117.000	3.203
3118.000	3.202
3119.000	3.202
3120.000	3.202
3121.000	3.201
3122.000	3.201
3123.000	3.201
3124.000	3.201
3125.000	3.200
3126.000	3.200
3127.000	3.200
3128.000	3.199
3129.000	3.199
3130.000	3.199
3131.000	3.198
3132.000	3.198
3133.000	3.198
3134.000	3.197
3135.000	3.197
3136.000	3.197
3137.000	3.197
3138.000	3.196
3139.000	3.196
3140.000	3.196
3141.000	3.195
3142.000	3.195
3143.000	3.195
3144.000	3.194
3145.000	3.194
3146.000	3.194
3147.000	3.193
3148.000	3.193
3149.000	3.193
3150.000	3.192
3151.000	3.192
3152.000	3.192
3153.000	3.192
3154.000	3.191
3155.000	3.191
3156.000	3.191
3157.000	3.190
3158.000	3.190
3159.000	3.190
3160.000	3.189
3161.000	3.189
3162.000	3.189
3163.000	3.188
3164.000	3.188
3165.000	3.188
3166.000	3.188
3167.000	3.187
3168.000	3.187
3169.000	3.187
3170.000	3.186
3171.000	3.186
3172.000	3.186
3173.000	3.185
3174.000	3.185
3175.000	3.185
3176.000	3.184
3177.000	3.184
3178.000	3.184
3179.000	3.183
3180.000	3.183
3181.000	3.183
3182.000	3.183
3183.000	3.182
3184.000	3.182
3185.000	3.182
3186.000	3.181
3187.000	3.181
3188.000	3.181
3189.000	3.180
3190.000	3.180
3191.000	3.180
3192.000	3.179
3193.000	3.179
3194.000	3.179
3195.000	3.179
3196.000	3.178
3197.000	3.178
3198.000	3.178
3199.000	3.177
3200.000	3.177
3201.000	3.177
3202.000	3.176
3203.000	3.176
3204.000	3.176
3205.000	3.175
3206.000	3.175
3207.000	3.175
3208.000	3.175
3209.000	3.174
3210.000	3.174
3211.000	3.174
3212.000	3.173
3213.000	3.173
3214.000	3.173
3215.000	3.172
3216.000	3.172
3217.000	3.172
3218.000	3.171
3219.000	3.171
3220.000	3.171
3221.000	3.170
3222.000	3.170
3223.000	3.170
3224.000	3.170
3225.000	3.169
3226.000	3.169
3227.000	3.169
3228.000	3.168
3229.000	3.168
3230.000	3.168
3231.000	3.167
3232.000	3.167
3233.000	3.167
3234.000	3.166
3235.000	3.166
3236.000	3.166
3237.000	3.166
3238.000	3.165
3239.000	3.165
3240.000	3.165
3241.000	3.164
3242.000	3.164
3243.000	3.164
3244.000	3.163
3245.000	3.163
3246.000	3.163
3247.000	3.162
3248.000	3.162
3249.000	3.162
3250.000	3.161
3251.000	3.161
3252.000	3.161
3253.000	3.161
3254.000	3.160
3255.000	3.160
3256.000	3.160
3257.000	3.159
3258.000	3.159
3259.000	3.159
3260.000	3.158
3261.000	3.158
3262.000	3.158
3263.000	3.157
3264.000	3.157
3265.000	3.157
3266.000	3.157
3267.000	3.156
3268.000	3.156
3269.000	3.156
3270.000	3.155
3271.000	3.155
3272.000	3.155
3273.000	3.154
3274.000	3.154
3275.000	3.154
3276.000	3.153
3277.000	3.153
3278.000	3.153
3279.000	3.153
3280.000	3.152
3281.000	3.152
3282.000	3.152
3283.000	3.151
3284.000	3.151
3285.000	3.151
3286.000	3.150
3287.000	3.150
3288.000	3.150
3289.000	3.149
3290.000	3.149
3291.000	3.149
3292.000	3.148
3293.000	3.148
3294.000	3.148
3295.000	3.148
3296.000	3.147
3297.000	3.147
3298.000	3.147
3299.000	3.146
3300.000	3.146
3301.000	3.146
3302.000	3.145
3303.000	3.145
3304.000	3.145
3305.000	3.144
3306.000	3.144
3307.000	3.144
3308.000	3.144
3309.000	3.143
3310.000	3.143
3311.000	3.143
3312.000	3.142
3313.000	3.142
3314.000	3.142
3315.000	3.141
3316.000	3.141
3317.000	3.141
3318.000	3.140
3319.000	3.140
3320.000	3.140
3321.000	3.139
3322.000	3.139
3323.000	3.139
3324.000	3.139
3325.000	3.138
3326.000	3.138
3327.000	3.138
3328.000	3.137
3329.000	3.137
3330.000	3.137
3331.000	3.136
3332.000	3.136
3333.000	3.136
3334.000	3.135
3335.000	3.135
3336.000	3.135
3337.000	3.135
3338.000	3.134
3339.000	3.134
3340.000	3.134
3341.000	3.133
3342.000	3.133
3343.000	3.133
3344.000	3.132
3345.000	3.132
3346.000	3.132
3347.000	3.131
3348.000	3.131
3349.000	3.131
3350.000	3.131
3351.000	3.130
3352.000	3.130
3353.000	3.130
3354.000	3.129
3355.000	3.129
3356.000	3.129
3357.000	3.128
3358.000	3.128
3359.000	3.128
3360.000	3.127
3361.000	3.127
3362.000	3.127
3363.000	3.126
3364.000	3.126
3365.000	3.126
3366.000	3.126
3367.000	3.125
3368.000	3.125
3369.000	3.125
3370.000	3.124
3371.000	3.124
3372.000	3.124
3373.000	3.123
3374.000	3.123
3375.000	3.123
3376.000	3.122
3377.000	3.122
3378.000	3.122
3379.000	3.122
3380.000	3.121
3381.000	3.121
3382.000	3.121
3383.000	3.120
3384.000	3.120
3385.000	3.120
3386.000	3.119
3387.000	3.119
3388.000	3.119
3389.000	3.118
3390.000	3.118
3391.000	3.118
3392.000	3.117
3393.000	3.117
3394.000	3.117
3395.000	3.117
3396.000	3.116
3397.000	3.116
3398.000	3.116
3399.000	3.115
3400.000	3.115
3401.000	3.115
3402.000	3.114
3403.000	3.114
3404.000	3.114
3405.000	3.113
3406.000	3.113
3407.000	3.113
3408.000	3.113
3409.000	3.112
3410.000	3.112
3411.000	3.112
3412.000	3.111
3413.000	3.111
3414.000	3.111
3415.000	3.110
3416.000	3.110
3417.000	3.110
3418.000	3.109
3419.000	3.109
3420.000	3.109
3421.000	3.108
3422.000	3.108
3423.000	3.108
3424.000	3.108
3425.000	3.107
3426.000	3.107
3427.000	3.107
3428.000	3.106
3429.000	3.106
3430.000	3.106
3431.000	3.105
3432.000	3.105
3433.000	3.105
3434.000	3.104
3435.000	3.104
3436.000	3.104
3437.000	3.104
3438.000	3.103
3439.000	3.103
3440.000	3.103
3441.000	3.102
3442.000	3.102
3443.000	3.102
3444.000	3.101
3445.000	3.101
3446.000	3.101
3447.000	3.100
3448.000	3.100
3449.000	3.100
3450.000	3.100
3451.000	3.099
3452.000	3.099
3453.000	3.099
3454.000	3.098
3455.000	3.098
3456.000	3.098
3457.000	3.097
3458.000	3.097
3459.000	3.097
3460.000	3.096
3461.000	3.096
3462.000	3.096
3463.000	3.095
3464.000	3.095
3465.000	3.095
3466.000	3.095
3467.000	3.094
3468.000	3.094
3469.000	3.094
3470.000	3.093
3471.000	3.093
3472.000	3.093
3473.000	3.092
3474.000	3.092
3475.000	3.092
3476.000	3.091
3477.000	3.091
3478.000	3.091
3479.000	3.091
3480.000	3.090
3481.000	3.090
3482.000	3.090
3483.000	3.089
3484.000	3.089
3485.000	3.089
3486.000	3.088
3487.000	3.088
3488.000	3.088
3489.000	3.087
3490.000	3.087
3491.000	3.087
3492.000	3.086
3493.000	3.086
3494.000	3.086
3495.000	3.086
3496.000	3.085
3497.000	3.085
3498.000	3.085
3499.000	3.084
3500.000	3.084
3501.000	3.084
3502.000	3.083
3503.000	3.083
3504.000	3.083
3505.000	3.082
3506.000	3.082
3507.000	3.082
3508.000	3.081
3509.000	3.081
3510.000	3.081
3511.000	3.081
3512.000	3.080
3513.000	3.080
3514.000	3.080
3515.000	3.079
3516.000	3.079
3517.000	3.079
3518.000	3.078
3519.000	3.078
3520.000	3.078
3521.000	3.077
3522.000	3.077
3523.000	3.077
3524.000	3.076
3525.000	3.076
3526.000	3.076
3527.000	3.075
3528.000	3.075
3529.000	3.075
3530.000	3.074
3531.000	3.074
3532.000	3.074
3533.000	3.073
3534.000	3.073
3535.000	3.073
3536.000	3.072
3537.000	3.072
3538.000	3.072
3539.000	3.071
3540.000	3.071
3541.000	3.071
3542.000	3.071
3543.000	3.070
3544.000	3.070
3545.000	3.070
3546.000	3.069
3547.000	3.069
3548.000	3.069
3549.000	3.068
3550.000	3.068
3551.000	3.068
3552.000	3.067
3553.000	3.067
3554.000	3.067
3555.000	3.066
3556.000	3.066
3557.000	3.066
3558.000	3.065
3559.000	3.065
3560.000	3.065
3561.000	3.064
3562.000	3.064
3563.000	3.064
3564.000	3.063
3565.000	3.063
3566.000	3.063
3567.000	3.062
3568.000	3.062
3569.000	3.062
3570.000	3.061
3571.000	3.061
3572.000	3.061
3573.000	3.060
3574.000	3.060
3575.000	3.060
3576.000	3.059
3577.000	3.059
3578.000	3.059
3579.000	3.059
3580.000	3.058
3581.000	3.058
3582.000	3.058
3583.000	3.057
3584.000	3.057
3585.000	3.057
3586.000	3.056
3587.000	3.056
3588.000	3.056
3589.000	3.055
3590.000	3.055
3591.000	3.055
3592.000	3.054
3593.000	3.054
3594.000	3.054
3595.000	3.053
3596.000	3.053
3597.000	3.052
3598.000	3.052
3599.000	3.052
3600.000	3.051
3601.000	3.051
3602.000	3.050
3603.000	3.050
3604.000	3.050
3605.000	3.049
3606.000	3.049
3607.000	3.048
3608.000	3.048
3609.000	3.047
3610.000	3.047
3611.000	3.047
3612.000	3.046
3613.000	3.046
3614.000	3.045
3615.000	3.045
3616.000	3.044
3617.000	3.044
3618.000	3.043
3619.000	3.043
3620.000	3.042
3621.000	3.042
3622.000	3.041
3623.000	3.041
3624.000	3.040
3625.000	3.040
3626.000	3.039
3627.000	3.039
3628.000	3.038
3629.000	3.038
3630.000	3.037
3631.000	3.037
3632.000	3.036
3633.000	3.036
3634.000	3.035
3635.000	3.035
3636.000	3.034
3637.000	3.034
3638.000	3.033
3639.000	3.032
3640.000	3.032
3641.000	3.031
3642.000	3.031
3643.000	3.030
3644.000	3.030
3645.000	3.029
3646.000	3.029
3647.000	3.028
3648.000	3.027
3649.000	3.027
3650.000	3.026
3651.000	3.026
3652.000	3.025
3653.000	3.024
3654.000	3.024
3655.000	3.023
3656.000	3.023
3657.000	3.022
3658.000	3.021
3659.000	3.021
3660.000	3.020
3661.000	3.019
3662.000	3.019
3663.000	3.018
3664.000	3.017
3665.000	3.017
3666.000	3.016
3667.000	3.016
3668.000	3.015
3669.000	3.014
3670.000	3.014
3671.000	3.013
3672.000	3.012
3673.000	3.012
3674.000	3.011
3675.000	3.010
3676.000	3.009
3677.000	3.009
3678.000	3.008
3679.000	3.008
3680.000	3.007
3681.000	3.006
3682.000	3.006
3683.000	3.005
3684.000	3.004
3685.000	3.003
3686.000	3.003
3687.000	3.002
3688.000	3.001
3689.000	3.001
3690.000	3.000
3691.000	2.999
3692.000	2.998
3693.000	2.998
3694.000	2.997
3695.000	2.996
3696.000	2.995
3697.000	2.994
3698.000	2.994
3699.000	2.993
3700.000	2.992
3701.000	2.992
3702.000	2.991
3703.000	2.990
3704.000	2.989
3705.000	2.988
3706.000	2.988
3707.000	2.986
3708.000	2.985
3709.000	2.984
3710.000	2.983
3711.000	2.983
3712.000	2.982
3713.000	2.981
3714.000	2.980
3715.000	2.979
3716.000	2.978
3717.000	2.976
3718.000	2.975
3719.000	2.974
3720.000	2.973
3721.000	2.972
3722.000	2.972
3723.000	2.971
3724.000	2.969
3725.000	2.968
3726.000	2.967
3727.000	2.966
3728.000	2.965
3729.000	2.964
3730.000	2.963
3731.000	2.961
3732.000	2.960
3733.000	2.960
3734.000	2.958
3735.000	2.957
3736.000	2.956
3737.000	2.954
3738.000	2.953
3739.000	2.951
3740.000	2.950
3741.000	2.949
3742.000	2.947
3743.000	2.946
3744.000	2.946
3745.000	2.944
3746.000	2.944
3747.000	2.943
3748.000	2.943
3749.000	2.943
3750.000	2.943
3751.000	2.942
3752.000	2.942
3753.000	2.942
3754.000	2.941
3755.000	2.941
3756.000	2.941
3757.000	2.940
3758.000	2.940
3759.000	2.940
3760.000	2.939
3761.000	2.939
3762.000	2.939
3763.000	2.938
3764.000	2.938
3765.000	2.938
3766.000	2.938
3767.000	2.937
3768.000	2.937
3769.000	2.937
3770.000	2.936
3771.000	2.936
3772.000	2.936
3773.000	2.935
3774.000	2.935
3775.000	2.935
3776.000	2.934
3777.000	2.934
3778.000	2.934
3779.000	2.934
3780.000	2.933
3781.000	2.933
3782.000	2.933
3783.000	2.932
3784.000	2.932
3785.000	2.932
3786.000	2.931
3787.000	2.931
3788.000	2.931
3789.000	2.930
3790.000	2.930
3791.000	2.930
3792.000	2.930
3793.000	2.929
3794.000	2.929
3795.000	2.929
3796.000	2.928
3797.000	2.928
3798.000	2.928
3799.000	2.927
3800.000	2.927
3801.000	2.927
3802.000	2.926
3803.000	2.926
3804.000	2.926
3805.000	2.925
3806.000	2.925
3807.000	2.925
3808.000	2.925
3809.000	2.924
3810.000	2.924
3811.000	2.924
3812.000	2.923
3813.000	2.923
3814.000	2.923
3815.000	2.922
3816.000	2.922
3817.000	2.922
3818.000	2.921
3819.000	2.921
3820.000	2.921
3821.000	2.921
3822.000	2.920
3823.000	2.920
3824.000	2.920
3825.000	2.915
3826.000	2.915
3827.000	2.914
3828.000	2.914
3829.000	2.914
3830.000	2.913
3831.000	2.913
3832.000	2.913
3833.000	2.912
3834.000	2.912
3835.000	2.912
3836.000	2.912
3837.000	2.911
3838.000	2.911
3839.000	2.911
3840.000	2.910
3841.000	2.910
3842.000	2.910
3843.000	2.909
3844.000	2.909
3845.000	2.909
3846.000	2.908
3847.000	2.908
3848.000	2.908
3849.000	2.907
3850.000	2.901
3851.000	2.900
3852.000	2.900
3853.000	2.900
3854.000	2.899
3855.000	2.899
3856.000	2.899
3857.000	2.898
3858.000	2.898
3859.000	2.898
3860.000	2.898
3861.000	2.897
3862.000	2.897
3863.000	2.897
3864.000	2.896
3865.000	2.896
3866.000	2.896
3867.000	2.895
3868.000	2.895
3869.000	2.895
3870.000	2.894
3871.000	2.894
3872.000	2.894
3873.000	2.894
3874.000	2.893
3875.000	2.893
3876.000	2.893
3877.000	2.892
3878.000	2.892
3879.000	2.892
3880.000	2.891
3881.000	2.891
3882.000	2.891
3883.000	2.890
3884.000	2.890
3885.000	2.890
3886.000	2.889
3887.000	2.889
3888.000	2.889
3889.000	2.889
3890.000	2.888
3891.000	2.888
3892.000	2.888
3893.000	2.887
3894.000	2.887
3895.000	2.887
3896.000	2.886
3897.000	2.886
3898.000	2.886
3899.000	2.885
3900.000	2.885
3901.000	2.885
3902.000	2.885
3903.000	2.884
3904.000	2.884
3905.000	2.884
3906.000	2.883
3907.000	2.883
3908.000	2.883
3909.000	2.882
3910.000	2.882
3911.000	2.882
3912.000	2.881
3913.000	2.881
3914.000	2.881
3915.000	2.880
3916.000	2.880
3917.000	2.880
3918.000	2.880
3919.000	2.879
3920.000	2.879
3921.000	2.879
3922.000	2.878
3923.000	2.878
3924.000	2.878
3925.000	2.877
3926.000	2.877
3927.000	2.877
3928.000	2.876
3929.000	2.876
3930.000	2.849
3931.000	2.849
3932.000	2.849
3933.000	2.814
3934.000	2.814
3935.000	2.813
3936.000	2.813
3937.000	2.811
3938.000	2.808
3939.000	2.805
3940.000	2.802
3941.000	2.799
3942.000	2.796
3943.000	2.794
3944.000	2.791
3945.000	2.788
3946.000	2.785
3947.000	2.782
3948.000	2.780
3949.000	2.777
3950.000	2.774
3951.000	2.771
3952.000	2.768
3953.000	2.765
3954.000	2.763
3955.000	2.760
3956.000	2.757
3957.000	2.754
3958.000	2.751
3959.000	2.748
3960.000	2.746
3961.000	2.743
3962.000	2.740
3963.000	2.737
3964.000	2.734
3965.000	2.732
3966.000	2.729
3967.000	2.726
3968.000	2.723
3969.000	2.720
3970.000	2.717
3971.000	2.715
3972.000	2.712
3973.000	2.709
3974.000	2.706
3975.000	2.703
3976.000	2.700
3977.000	2.698
3978.000	2.695
3979.000	2.692
3980.000	2.689
3981.000	2.686
3982.000	2.684
3983.000	2.681
3984.000	2.678
3985.000	2.675
3986.000	2.672
3987.000	2.669
3988.000	2.667
3989.000	2.664
3990.000	2.661
3991.000	2.658
3992.000	2.655
3993.000	2.653
3994.000	2.650
3995.000	2.647
3996.000	2.644
3997.000	2.641
3998.000	2.638
3999.000	2.636
4000.000	2.633
4001.000	2.630
4002.000	2.627
4003.000	2.624
4004.000	2.621
4005.000	2.619
4006.000	2.616
4007.000	2.613
4008.000	2.610
4009.000	2.607
4010.000	2.605
4011.000	2.602
4012.000	2.599
4013.000	2.596
4014.000	2.593
4015.000	2.590
4016.000	2.588
4017.000	2.585
4018.000	2.582
4019.000	2.579
4020.000	2.576
4021.000	2.573
4022.000	2.571
4023.000	2.568
4024.000	2.565
4025.000	2.562
4026.000	2.559
4027.000	2.557
4028.000	2.554
4029.000	2.551
4030.000	2.548
4031.000	2.545
4032.000	2.542
4033.000	2.540
4034.000	2.537
4035.000	2.534
4036.000	2.531
4037.000	2.528
4038.000	2.526
4039.000	2.523
4040.000	2.520
4041.000	2.517
4042.000	2.514
4043.000	2.511
4044.000	2.509
4045.000	2.506
4046.000	2.503
4047.000	2.500
4048.000	2.497
4049.000	2.494
4050.000	2.492
4051.000	2.489
4052.000	2.486
4053.000	2.325
4054.000	2.322
4055.000	2.320
4056.000	2.317
4057.000	2.314
4058.000	2.311
4059.000	2.308
4060.000	2.306
4061.000	2.303
4062.000	2.300
4063.000	2.297
4064.000	2.294
4065.000	2.291
4066.000	2.289
4067.000	2.286
4068.000	2.283
4069.000	2.280
4070.000	2.277
4071.000	2.274
4072.000	2.272
4073.000	2.269
4074.000	2.266
4075.000	2.263
4076.000	2.260
4077.000	2.258
4078.000	2.255
4079.000	2.252
4080.000	2.124
4081.000	2.121
4082.000	2.118
4083.000	2.115
4084.000	2.112
4085.000	2.109
4086.000	2.107
4087.000	2.104
4088.000	2.101
4089.000	2.091
4090.000	2.088
4091.000	2.085
4092.000	2.057
4093.000	2.054
4094.000	2.024
4095.000	2.021
