0.000	20.820
1.000	20.808
2.000	20.441
3.000	19.933
4.000	19.925
5.000	19.917
6.000	19.908
7.000	19.900
8.000	19.892
9.000	19.883
10.000	19.875
11.000	19.867
12.000	19.858
13.000	19.850
14.000	19.842
15.000	19.833
16.000	19.825
17.000	19.791
18.000	19.782
19.000	19.748
20.000	19.725
21.000	19.716
22.000	19.707
23.000	19.698
24.000	19.689
25.000	19.680
26.000	19.671
27.000	19.662
28.000	19.653
29.000	19.644
30.000	19.635
31.000	19.626
32.000	19.617
33.000	19.608
34.000	19.599
35.000	19.589
36.000	19.580
37.000	19.571
38.000	19.562
39.000	19.553
40.000	19.544
41.000	19.535
42.000	19.526
43.000	19.517
44.000	19.508
45.000	19.499
46.000	19.489
47.000	19.480
48.000	19.471
49.000	19.462
50.000	19.453
51.000	19.445
52.000	19.435
53.000	19.426
54.000	19.417
55.000	19.408
56.000	19.399
57.000	19.390
58.000	19.381
59.000	19.372
60.000	19.364
61.000	19.355
62.000	19.347
63.000	19.338
64.000	19.330
65.000	19.322
66.000	19.313
67.000	19.304
68.000	19.296
69.000	19.287
70.000	19.279
71.000	19.268
72.000	19.258
73.000	19.249
74.000	19.239
75.000	19.228
76.000	19.218
77.000	19.208
78.000	19.197
79.000	19.187
80.000	19.177
81.000	19.166
82.000	19.155
83.000	19.144
84.000	19.136
85.000	19.125
86.000	19.114
87.000	19.103
88.000	19.091
89.000	19.080
90.000	19.068
91.000	19.057
92.000	19.045
93.000	19.033
94.000	19.021
95.000	19.008
96.000	19.000
97.000	18.988
98.000	18.975
99.000	18.962
100.000	18.949
101.000	18.936
102.000	18.923
103.000	18.909
104.000	18.894
105.000	18.879
106.000	18.863
107.000	18.855
108.000	18.839
109.000	18.823
110.000	18.806
111.000	18.790
112.000	18.774
113.000	18.757
114.000	18.741
115.000	18.723
116.000	18.705
117.000	18.689
118.000	18.673
119.000	18.657
120.000	18.640
121.000	18.623
122.000	18.606
123.000	18.588
124.000	18.570
125.000	18.551
126.000	18.531
127.000	18.511
128.000	18.490
129.000	18.461
130.000	18.439
131.000	18.419
132.000	18.398
133.000	18.376
134.000	18.355
135.000	18.333
136.000	18.311
137.000	18.289
138.000	18.266
139.000	18.243
140.000	18.227
141.000	18.203
142.000	18.178
143.000	18.154
144.000	18.129
145.000	18.104
146.000	18.080
147.000	18.054
148.000	18.028
149.000	18.002
150.000	17.976
151.000	17.935
152.000	17.908
153.000	17.881
154.000	17.854
155.000	17.825
156.000	17.796
157.000	17.767
158.000	17.739
159.000	17.711
160.000	17.684
161.000	17.655
162.000	17.626
163.000	17.611
164.000	17.580
165.000	17.549
166.000	17.518
167.000	17.486
168.000	17.454
169.000	17.421
170.000	17.389
171.000	17.357
172.000	17.325
173.000	17.291
174.000	17.206
175.000	17.172
176.000	17.138
177.000	17.104
178.000	17.068
179.000	17.033
180.000	16.998
181.000	16.964
182.000	16.929
183.000	16.894
184.000	16.860
185.000	16.827
186.000	16.793
187.000	16.759
188.000	16.725
189.000	16.691
190.000	16.658
191.000	16.623
192.000	16.589
193.000	16.554
194.000	16.518
195.000	16.483
196.000	16.454
197.000	16.419
198.000	16.384
199.000	16.350
200.000	16.315
201.000	16.279
202.000	16.244
203.000	16.207
204.000	16.171
205.000	16.133
206.000	16.095
207.000	16.080
208.000	16.041
209.000	16.004
210.000	15.964
211.000	15.925
212.000	15.886
213.000	15.845
214.000	15.805
215.000	15.764
216.000	15.724
217.000	15.683
218.000	15.668
219.000	15.627
220.000	15.587
221.000	15.546
222.000	15.503
223.000	15.461
224.000	15.419
225.000	15.376
226.000	15.333
227.000	15.291
228.000	15.248
229.000	15.206
230.000	15.189
231.000	15.147
232.000	15.105
233.000	15.063
234.000	15.022
235.000	14.980
236.000	14.938
237.000	14.895
238.000	14.853
239.000	14.811
240.000	14.769
241.000	14.745
242.000	14.703
243.000	14.660
244.000	14.618
245.000	14.576
246.000	14.536
247.000	14.495
248.000	14.454
249.000	14.413
250.000	14.372
251.000	14.332
252.000	14.241
253.000	14.201
254.000	14.161
255.000	14.121
256.000	14.082
257.000	14.042
258.000	14.003
259.000	13.962
260.000	13.921
261.000	13.881
262.000	13.841
263.000	13.739
264.000	13.699
265.000	13.660
266.000	13.622
267.000	13.584
268.000	13.546
269.000	13.508
270.000	13.470
271.000	13.433
272.000	13.396
273.000	13.361
274.000	13.344
275.000	13.309
276.000	13.274
277.000	13.240
278.000	13.206
279.000	13.173
280.000	13.138
281.000	13.105
282.000	13.072
283.000	13.041
284.000	13.009
285.000	12.992
286.000	12.961
287.000	12.929
288.000	12.898
289.000	12.868
290.000	12.838
291.000	12.808
292.000	12.779
293.000	12.749
294.000	12.721
295.000	12.693
296.000	12.559
297.000	12.532
298.000	12.505
299.000	12.479
300.000	12.453
301.000	12.427
302.000	12.401
303.000	12.376
304.000	12.351
305.000	12.327
306.000	12.303
307.000	12.279
308.000	12.258
309.000	12.234
310.000	12.211
311.000	12.187
312.000	12.163
313.000	12.139
314.000	12.117
315.000	12.093
316.000	12.070
317.000	12.048
318.000	12.025
319.000	11.981
320.000	11.959
321.000	11.937
322.000	11.915
323.000	11.893
324.000	11.871
325.000	11.849
326.000	11.827
327.000	11.805
328.000	11.783
329.000	11.761
330.000	11.697
331.000	11.675
332.000	11.654
333.000	11.632
334.000	11.611
335.000	11.588
336.000	11.566
337.000	11.543
338.000	11.521
339.000	11.498
340.000	11.475
341.000	11.464
342.000	11.441
343.000	11.418
344.000	11.396
345.000	11.373
346.000	11.350
347.000	11.328
348.000	11.305
349.000	11.282
350.000	11.259
351.000	11.235
352.000	11.224
353.000	11.200
354.000	11.176
355.000	11.152
356.000	11.128
357.000	11.103
358.000	11.078
359.000	11.053
360.000	11.027
361.000	11.002
362.000	10.976
363.000	10.966
364.000	10.940
365.000	10.915
366.000	10.889
367.000	10.865
368.000	10.841
369.000	10.816
370.000	10.792
371.000	10.768
372.000	10.743
373.000	10.718
374.000	10.694
375.000	10.683
376.000	10.659
377.000	10.635
378.000	10.611
379.000	10.587
380.000	10.563
381.000	10.540
382.000	10.516
383.000	10.493
384.000	10.469
385.000	10.446
386.000	10.436
387.000	10.412
388.000	10.388
389.000	10.364
390.000	10.341
391.000	10.317
392.000	10.294
393.000	10.271
394.000	10.248
395.000	10.225
396.000	10.203
397.000	10.193
398.000	10.170
399.000	10.147
400.000	10.124
401.000	10.102
402.000	10.080
403.000	10.057
404.000	10.035
405.000	10.013
406.000	9.992
407.000	9.970
408.000	9.960
409.000	9.938
410.000	9.918
411.000	9.897
412.000	9.876
413.000	9.854
414.000	9.833
415.000	9.813
416.000	9.793
417.000	9.772
418.000	9.753
419.000	9.742
420.000	9.723
421.000	9.703
422.000	9.683
423.000	9.662
424.000	9.641
425.000	9.621
426.000	9.600
427.000	9.579
428.000	9.558
429.000	9.537
430.000	9.527
431.000	9.506
432.000	9.486
433.000	9.465
434.000	9.444
435.000	9.423
436.000	9.403
437.000	9.383
438.000	9.363
439.000	9.343
440.000	9.323
441.000	9.303
442.000	9.300
443.000	9.281
444.000	9.262
445.000	9.242
446.000	9.223
447.000	9.203
448.000	9.183
449.000	9.163
450.000	9.143
451.000	9.123
452.000	9.104
453.000	9.101
454.000	9.083
455.000	9.064
456.000	9.045
457.000	9.026
458.000	9.007
459.000	8.988
460.000	8.969
461.000	8.951
462.000	8.933
463.000	8.914
464.000	8.911
465.000	8.893
466.000	8.875
467.000	8.857
468.000	8.840
469.000	8.821
470.000	8.803
471.000	8.785
472.000	8.767
473.000	8.749
474.000	8.731
475.000	8.709
476.000	8.691
477.000	8.672
478.000	8.654
479.000	8.637
480.000	8.619
481.000	8.601
482.000	8.583
483.000	8.565
484.000	8.548
485.000	8.530
486.000	8.474
487.000	8.456
488.000	8.437
489.000	8.419
490.000	8.401
491.000	8.383
492.000	8.365
493.000	8.347
494.000	8.329
495.000	8.311
496.000	8.294
497.000	8.291
498.000	8.273
499.000	8.255
500.000	8.238
501.000	8.220
502.000	8.202
503.000	8.185
504.000	8.167
505.000	8.148
506.000	8.130
507.000	8.112
508.000	8.109
509.000	8.092
510.000	8.074
511.000	8.056
512.000	8.039
513.000	8.021
514.000	8.005
515.000	7.987
516.000	7.970
517.000	7.952
518.000	7.935
519.000	7.917
520.000	7.914
521.000	7.897
522.000	7.879
523.000	7.862
524.000	7.845
525.000	7.827
526.000	7.811
527.000	7.794
528.000	7.777
529.000	7.759
530.000	7.742
531.000	7.683
532.000	7.666
533.000	7.648
534.000	7.631
535.000	7.613
536.000	7.595
537.000	7.579
538.000	7.562
539.000	7.545
540.000	7.529
541.000	7.513
542.000	7.510
543.000	7.494
544.000	7.478
545.000	7.462
546.000	7.446
547.000	7.430
548.000	7.415
549.000	7.399
550.000	7.384
551.000	7.370
552.000	7.356
553.000	7.353
554.000	7.338
555.000	7.324
556.000	7.310
557.000	7.296
558.000	7.282
559.000	7.268
560.000	7.255
561.000	7.241
562.000	7.227
563.000	7.214
564.000	7.176
565.000	7.162
566.000	7.150
567.000	7.137
568.000	7.123
569.000	7.109
570.000	7.094
571.000	7.080
572.000	7.066
573.000	7.052
574.000	7.038
575.000	6.949
576.000	6.935
577.000	6.921
578.000	6.907
579.000	6.894
580.000	6.880
581.000	6.867
582.000	6.854
583.000	6.842
584.000	6.829
585.000	6.816
586.000	6.803
587.000	6.800
588.000	6.787
589.000	6.775
590.000	6.762
591.000	6.749
592.000	6.736
593.000	6.723
594.000	6.710
595.000	6.698
596.000	6.686
597.000	6.674
598.000	6.582
599.000	6.569
600.000	6.556
601.000	6.543
602.000	6.531
603.000	6.518
604.000	6.506
605.000	6.493
606.000	6.481
607.000	6.469
608.000	6.457
609.000	6.454
610.000	6.442
611.000	6.431
612.000	6.419
613.000	6.407
614.000	6.395
615.000	6.384
616.000	6.373
617.000	6.362
618.000	6.351
619.000	6.340
620.000	6.337
621.000	6.327
622.000	6.315
623.000	6.304
624.000	6.293
625.000	6.281
626.000	6.271
627.000	6.260
628.000	6.249
629.000	6.238
630.000	6.228
631.000	6.225
632.000	6.214
633.000	6.204
634.000	6.193
635.000	6.183
636.000	6.172
637.000	6.162
638.000	6.152
639.000	6.142
640.000	6.132
641.000	6.122
642.000	6.119
643.000	6.109
644.000	6.099
645.000	6.089
646.000	6.079
647.000	6.069
648.000	6.059
649.000	6.050
650.000	6.041
651.000	6.032
652.000	6.022
653.000	6.013
654.000	6.013
655.000	6.004
656.000	5.995
657.000	5.987
658.000	5.978
659.000	5.969
660.000	5.960
661.000	5.952
662.000	5.943
663.000	5.935
664.000	5.927
665.000	5.927
666.000	5.919
667.000	5.911
668.000	5.903
669.000	5.895
670.000	5.888
671.000	5.880
672.000	5.873
673.000	5.865
674.000	5.858
675.000	5.852
676.000	5.818
677.000	5.811
678.000	5.804
679.000	5.798
680.000	5.791
681.000	5.784
682.000	5.778
683.000	5.771
684.000	5.765
685.000	5.758
686.000	5.752
687.000	5.752
688.000	5.745
689.000	5.739
690.000	5.733
691.000	5.726
692.000	5.719
693.000	5.712
694.000	5.706
695.000	5.699
696.000	5.692
697.000	5.686
698.000	5.686
699.000	5.679
700.000	5.672
701.000	5.665
702.000	5.658
703.000	5.651
704.000	5.645
705.000	5.638
706.000	5.631
707.000	5.624
708.000	5.618
709.000	5.618
710.000	5.611
711.000	5.604
712.000	5.599
713.000	5.594
714.000	5.589
715.000	5.584
716.000	5.579
717.000	5.575
718.000	5.570
719.000	5.565
720.000	5.565
721.000	5.560
722.000	5.556
723.000	5.551
724.000	5.546
725.000	5.541
726.000	5.536
727.000	5.532
728.000	5.527
729.000	5.522
730.000	5.518
731.000	5.513
732.000	5.513
733.000	5.509
734.000	5.505
735.000	5.501
736.000	5.497
737.000	5.493
738.000	5.489
739.000	5.485
740.000	5.481
741.000	5.477
742.000	5.473
743.000	5.473
744.000	5.469
745.000	5.465
746.000	5.461
747.000	5.457
748.000	5.453
749.000	5.449
750.000	5.446
751.000	5.443
752.000	5.439
753.000	5.436
754.000	5.431
755.000	5.428
756.000	5.424
757.000	5.420
758.000	5.417
759.000	5.413
760.000	5.409
761.000	5.406
762.000	5.403
763.000	5.399
764.000	5.396
765.000	5.396
766.000	5.393
767.000	5.389
768.000	5.386
769.000	5.383
770.000	5.379
771.000	5.376
772.000	5.373
773.000	5.370
774.000	5.366
775.000	5.363
776.000	5.309
777.000	5.307
778.000	5.304
779.000	5.301
780.000	5.299
781.000	5.296
782.000	5.293
783.000	5.291
784.000	5.288
785.000	5.286
786.000	5.283
787.000	5.283
788.000	5.280
789.000	5.278
790.000	5.275
791.000	5.273
792.000	5.270
793.000	5.268
794.000	5.266
795.000	5.264
796.000	5.261
797.000	5.259
798.000	5.257
799.000	5.241
800.000	5.238
801.000	5.236
802.000	5.234
803.000	5.231
804.000	5.229
805.000	5.227
806.000	5.225
807.000	5.222
808.000	5.220
809.000	5.218
810.000	5.218
811.000	5.216
812.000	5.214
813.000	5.211
814.000	5.209
815.000	5.207
816.000	5.205
817.000	5.202
818.000	5.200
819.000	5.198
820.000	5.195
821.000	5.134
822.000	5.131
823.000	5.129
824.000	5.126
825.000	5.124
826.000	5.121
827.000	5.118
828.000	5.116
829.000	5.113
830.000	5.111
831.000	5.108
832.000	5.108
833.000	5.106
834.000	5.103
835.000	5.100
836.000	5.097
837.000	5.095
838.000	5.092
839.000	5.089
840.000	5.086
841.000	5.083
842.000	5.080
843.000	5.080
844.000	5.077
845.000	5.075
846.000	5.072
847.000	5.069
848.000	5.066
849.000	5.063
850.000	5.060
851.000	5.057
852.000	5.054
853.000	5.051
854.000	5.051
855.000	5.048
856.000	5.045
857.000	5.043
858.000	5.040
859.000	5.037
860.000	5.034
861.000	5.032
862.000	5.029
863.000	5.027
864.000	5.024
865.000	5.022
866.000	5.022
867.000	5.019
868.000	5.017
869.000	5.014
870.000	5.012
871.000	5.010
872.000	5.007
873.000	5.005
874.000	5.003
875.000	5.000
876.000	4.997
877.000	4.997
878.000	4.995
879.000	4.992
880.000	4.989
881.000	4.986
882.000	4.984
883.000	4.981
884.000	4.979
885.000	4.976
886.000	4.974
887.000	4.971
888.000	4.971
889.000	4.969
890.000	4.966
891.000	4.963
892.000	4.961
893.000	4.958
894.000	4.955
895.000	4.953
896.000	4.950
897.000	4.947
898.000	4.945
899.000	4.945
900.000	4.942
901.000	4.939
902.000	4.937
903.000	4.934
904.000	4.931
905.000	4.929
906.000	4.926
907.000	4.923
908.000	4.920
909.000	4.917
910.000	4.917
911.000	4.914
912.000	4.911
913.000	4.909
914.000	4.905
915.000	4.902
916.000	4.899
917.000	4.896
918.000	4.893
919.000	4.891
920.000	4.888
921.000	4.888
922.000	4.885
923.000	4.882
924.000	4.879
925.000	4.877
926.000	4.874
927.000	4.871
928.000	4.869
929.000	4.866
930.000	4.863
931.000	4.861
932.000	4.858
933.000	4.858
934.000	4.855
935.000	4.853
936.000	4.850
937.000	4.848
938.000	4.845
939.000	4.843
940.000	4.841
941.000	4.838
942.000	4.836
943.000	4.833
944.000	4.833
945.000	4.831
946.000	4.829
947.000	4.826
948.000	4.824
949.000	4.822
950.000	4.819
951.000	4.817
952.000	4.814
953.000	4.812
954.000	4.810
955.000	4.810
956.000	4.807
957.000	4.805
958.000	4.803
959.000	4.800
960.000	4.798
961.000	4.796
962.000	4.793
963.000	4.791
964.000	4.789
965.000	4.786
966.000	4.741
967.000	4.738
968.000	4.736
969.000	4.734
970.000	4.731
971.000	4.729
972.000	4.727
973.000	4.725
974.000	4.722
975.000	4.720
976.000	4.718
977.000	4.718
978.000	4.715
979.000	4.713
980.000	4.710
981.000	4.708
982.000	4.706
983.000	4.703
984.000	4.701
985.000	4.698
986.000	4.695
987.000	4.693
988.000	4.643
989.000	4.641
990.000	4.638
991.000	4.636
992.000	4.633
993.000	4.630
994.000	4.628
995.000	4.625
996.000	4.623
997.000	4.620
998.000	4.617
999.000	4.617
1000.000	4.615
1001.000	4.612
1002.000	4.609
1003.000	4.607
1004.000	4.604
1005.000	4.602
1006.000	4.599
1007.000	4.596
1008.000	4.594
1009.000	4.591
1010.000	4.589
1011.000	4.589
1012.000	4.586
1013.000	4.583
1014.000	4.581
1015.000	4.578
1016.000	4.576
1017.000	4.573
1018.000	4.571
1019.000	4.568
1020.000	4.566
1021.000	4.564
1022.000	4.564
1023.000	4.561
1024.000	4.559
1025.000	4.556
1026.000	4.554
1027.000	4.552
1028.000	4.549
1029.000	4.547
1030.000	4.544
1031.000	4.542
1032.000	4.540
1033.000	4.540
1034.000	4.538
1035.000	4.535
1036.000	4.533
1037.000	4.531
1038.000	4.528
1039.000	4.526
1040.000	4.523
1041.000	4.521
1042.000	4.518
1043.000	4.516
1044.000	4.516
1045.000	4.513
1046.000	4.511
1047.000	4.509
1048.000	4.506
1049.000	4.503
1050.000	4.501
1051.000	4.498
1052.000	4.496
1053.000	4.493
1054.000	4.491
1055.000	4.491
1056.000	4.488
1057.000	4.486
1058.000	4.483
1059.000	4.480
1060.000	4.478
1061.000	4.476
1062.000	4.473
1063.000	4.470
1064.000	4.467
1065.000	4.464
1066.000	4.464
1067.000	4.462
1068.000	4.459
1069.000	4.456
1070.000	4.453
1071.000	4.450
1072.000	4.447
1073.000	4.445
1074.000	4.442
1075.000	4.439
1076.000	4.436
1077.000	4.433
1078.000	4.433
1079.000	4.430
1080.000	4.427
1081.000	4.424
1082.000	4.421
1083.000	4.419
1084.000	4.416
1085.000	4.414
1086.000	4.411
1087.000	4.408
1088.000	4.406
1089.000	4.402
1090.000	4.399
1091.000	4.397
1092.000	4.394
1093.000	4.391
1094.000	4.388
1095.000	4.385
1096.000	4.382
1097.000	4.379
1098.000	4.376
1099.000	4.373
1100.000	4.366
1101.000	4.363
1102.000	4.361
1103.000	4.358
1104.000	4.355
1105.000	4.352
1106.000	4.350
1107.000	4.347
1108.000	4.344
1109.000	4.342
1110.000	4.339
1111.000	4.339
1112.000	4.336
1113.000	4.333
1114.000	4.331
1115.000	4.328
1116.000	4.325
1117.000	4.322
1118.000	4.319
1119.000	4.316
1120.000	4.314
1121.000	4.311
1122.000	4.311
1123.000	4.309
1124.000	4.306
1125.000	4.303
1126.000	4.301
1127.000	4.298
1128.000	4.295
1129.000	4.292
1130.000	4.290
1131.000	4.287
1132.000	4.284
1133.000	4.284
1134.000	4.281
1135.000	4.279
1136.000	4.276
1137.000	4.273
1138.000	4.271
1139.000	4.268
1140.000	4.265
1141.000	4.263
1142.000	4.260
1143.000	4.257
1144.000	4.255
1145.000	4.255
1146.000	4.252
1147.000	4.249
1148.000	4.246
1149.000	4.243
1150.000	4.240
1151.000	4.237
1152.000	4.234
1153.000	4.231
1154.000	4.228
1155.000	4.225
1156.000	4.189
1157.000	4.186
1158.000	4.183
1159.000	4.180
1160.000	4.177
1161.000	4.174
1162.000	4.171
1163.000	4.168
1164.000	4.165
1165.000	4.162
1166.000	4.159
1167.000	4.159
1168.000	4.156
1169.000	4.153
1170.000	4.150
1171.000	4.147
1172.000	4.144
1173.000	4.141
1174.000	4.138
1175.000	4.135
1176.000	4.132
1177.000	4.129
1178.000	4.129
1179.000	4.126
1180.000	4.123
1181.000	4.120
1182.000	4.117
1183.000	4.114
1184.000	4.111
1185.000	4.108
1186.000	4.105
1187.000	4.102
1188.000	4.099
1189.000	4.099
1190.000	4.096
1191.000	4.093
1192.000	4.090
1193.000	4.087
1194.000	4.084
1195.000	4.081
1196.000	4.078
1197.000	4.075
1198.000	4.072
1199.000	4.069
1200.000	4.069
1201.000	4.066
1202.000	4.063
1203.000	4.060
1204.000	4.057
1205.000	4.055
1206.000	4.052
1207.000	4.049
1208.000	4.046
1209.000	4.043
1210.000	4.040
1211.000	4.040
1212.000	4.037
1213.000	4.034
1214.000	4.031
1215.000	4.029
1216.000	4.026
1217.000	4.023
1218.000	4.020
1219.000	4.017
1220.000	4.014
1221.000	4.011
1222.000	4.009
1223.000	4.009
1224.000	4.006
1225.000	4.003
1226.000	4.000
1227.000	3.998
1228.000	3.995
1229.000	3.992
1230.000	3.989
1231.000	3.987
1232.000	3.984
1233.000	3.981
1234.000	3.981
1235.000	3.978
1236.000	3.976
1237.000	3.973
1238.000	3.970
1239.000	3.967
1240.000	3.964
1241.000	3.961
1242.000	3.958
1243.000	3.955
1244.000	3.952
1245.000	3.952
1246.000	3.949
1247.000	3.945
1248.000	3.941
1249.000	3.938
1250.000	3.935
1251.000	3.931
1252.000	3.928
1253.000	3.924
1254.000	3.921
1255.000	3.917
1256.000	3.917
1257.000	3.914
1258.000	3.910
1259.000	3.907
1260.000	3.903
1261.000	3.900
1262.000	3.896
1263.000	3.893
1264.000	3.889
1265.000	3.885
1266.000	3.882
1267.000	3.882
1268.000	3.878
1269.000	3.875
1270.000	3.871
1271.000	3.868
1272.000	3.864
1273.000	3.861
1274.000	3.857
1275.000	3.854
1276.000	3.851
1277.000	3.847
1278.000	3.847
1279.000	3.844
1280.000	3.841
1281.000	3.837
1282.000	3.834
1283.000	3.831
1284.000	3.827
1285.000	3.824
1286.000	3.821
1287.000	3.818
1288.000	3.815
1289.000	3.811
1290.000	3.806
1291.000	3.802
1292.000	3.799
1293.000	3.796
1294.000	3.792
1295.000	3.789
1296.000	3.786
1297.000	3.782
1298.000	3.779
1299.000	3.776
1300.000	3.773
1301.000	3.773
1302.000	3.769
1303.000	3.766
1304.000	3.763
1305.000	3.760
1306.000	3.756
1307.000	3.753
1308.000	3.750
1309.000	3.747
1310.000	3.744
1311.000	3.741
1312.000	3.741
1313.000	3.738
1314.000	3.735
1315.000	3.732
1316.000	3.729
1317.000	3.726
1318.000	3.722
1319.000	3.719
1320.000	3.716
1321.000	3.713
1322.000	3.710
1323.000	3.710
1324.000	3.707
1325.000	3.704
1326.000	3.701
1327.000	3.698
1328.000	3.695
1329.000	3.692
1330.000	3.689
1331.000	3.686
1332.000	3.683
1333.000	3.680
1334.000	3.680
1335.000	3.677
1336.000	3.674
1337.000	3.671
1338.000	3.669
1339.000	3.666
1340.000	3.663
1341.000	3.660
1342.000	3.657
1343.000	3.655
1344.000	3.652
1345.000	3.652
1346.000	3.649
1347.000	3.646
1348.000	3.644
1349.000	3.641
1350.000	3.638
1351.000	3.635
1352.000	3.633
1353.000	3.630
1354.000	3.627
1355.000	3.625
1356.000	3.622
1357.000	3.622
1358.000	3.620
1359.000	3.617
1360.000	3.614
1361.000	3.612
1362.000	3.609
1363.000	3.606
1364.000	3.604
1365.000	3.601
1366.000	3.599
1367.000	3.596
1368.000	3.596
1369.000	3.594
1370.000	3.591
1371.000	3.589
1372.000	3.586
1373.000	3.584
1374.000	3.581
1375.000	3.579
1376.000	3.576
1377.000	3.574
1378.000	3.572
1379.000	3.572
1380.000	3.569
1381.000	3.567
1382.000	3.565
1383.000	3.562
1384.000	3.560
1385.000	3.558
1386.000	3.556
1387.000	3.553
1388.000	3.551
1389.000	3.549
1390.000	3.549
1391.000	3.547
1392.000	3.544
1393.000	3.542
1394.000	3.540
1395.000	3.538
1396.000	3.536
1397.000	3.533
1398.000	3.531
1399.000	3.529
1400.000	3.527
1401.000	3.527
1402.000	3.525
1403.000	3.522
1404.000	3.520
1405.000	3.518
1406.000	3.516
1407.000	3.514
1408.000	3.512
1409.000	3.511
1410.000	3.509
1411.000	3.507
1412.000	3.507
1413.000	3.505
1414.000	3.503
1415.000	3.502
1416.000	3.500
1417.000	3.498
1418.000	3.496
1419.000	3.494
1420.000	3.493
1421.000	3.491
1422.000	3.489
1423.000	3.489
1424.000	3.487
1425.000	3.486
1426.000	3.484
1427.000	3.482
1428.000	3.480
1429.000	3.478
1430.000	3.477
1431.000	3.475
1432.000	3.473
1433.000	3.471
1434.000	3.470
1435.000	3.470
1436.000	3.468
1437.000	3.466
1438.000	3.464
1439.000	3.463
1440.000	3.461
1441.000	3.459
1442.000	3.458
1443.000	3.456
1444.000	3.454
1445.000	3.452
1446.000	3.395
1447.000	3.393
1448.000	3.392
1449.000	3.390
1450.000	3.388
1451.000	3.386
1452.000	3.385
1453.000	3.383
1454.000	3.381
1455.000	3.380
1456.000	3.378
1457.000	3.378
1458.000	3.376
1459.000	3.374
1460.000	3.373
1461.000	3.371
1462.000	3.369
1463.000	3.367
1464.000	3.365
1465.000	3.363
1466.000	3.361
1467.000	3.359
1468.000	3.346
1469.000	3.344
1470.000	3.342
1471.000	3.340
1472.000	3.338
1473.000	3.336
1474.000	3.334
1475.000	3.333
1476.000	3.331
1477.000	3.329
1478.000	3.327
1479.000	3.327
1480.000	3.325
1481.000	3.324
1482.000	3.322
1483.000	3.320
1484.000	3.319
1485.000	3.317
1486.000	3.315
1487.000	3.313
1488.000	3.312
1489.000	3.310
1490.000	3.310
1491.000	3.308
1492.000	3.306
1493.000	3.305
1494.000	3.303
1495.000	3.301
1496.000	3.299
1497.000	3.298
1498.000	3.296
1499.000	3.294
1500.000	3.293
1501.000	3.291
1502.000	3.291
1503.000	3.289
1504.000	3.287
1505.000	3.286
1506.000	3.284
1507.000	3.282
1508.000	3.281
1509.000	3.279
1510.000	3.277
1511.000	3.276
1512.000	3.274
1513.000	3.274
1514.000	3.273
1515.000	3.271
1516.000	3.270
1517.000	3.268
1518.000	3.266
1519.000	3.265
1520.000	3.263
1521.000	3.262
1522.000	3.260
1523.000	3.259
1524.000	3.259
1525.000	3.258
1526.000	3.258
1527.000	3.257
1528.000	3.256
1529.000	3.255
1530.000	3.254
1531.000	3.253
1532.000	3.252
1533.000	3.251
1534.000	3.250
1535.000	3.250
1536.000	3.249
1537.000	3.248
1538.000	3.247
1539.000	3.246
1540.000	3.245
1541.000	3.244
1542.000	3.244
1543.000	3.243
1544.000	3.242
1545.000	3.241
1546.000	3.241
1547.000	3.240
1548.000	3.240
1549.000	3.239
1550.000	3.238
1551.000	3.237
1552.000	3.236
1553.000	3.236
1554.000	3.235
1555.000	3.234
1556.000	3.233
1557.000	3.233
1558.000	3.233
1559.000	3.232
1560.000	3.231
1561.000	3.230
1562.000	3.230
1563.000	3.229
1564.000	3.228
1565.000	3.227
1566.000	3.227
1567.000	3.226
1568.000	3.225
1569.000	3.225
1570.000	3.224
1571.000	3.224
1572.000	3.223
1573.000	3.222
1574.000	3.221
1575.000	3.221
1576.000	3.220
1577.000	3.220
1578.000	3.219
1579.000	3.219
1580.000	3.219
1581.000	3.218
1582.000	3.217
1583.000	3.217
1584.000	3.216
1585.000	3.216
1586.000	3.214
1587.000	3.213
1588.000	3.211
1589.000	3.208
1590.000	3.206
1591.000	3.206
1592.000	3.204
1593.000	3.202
1594.000	3.201
1595.000	3.199
1596.000	3.197
1597.000	3.195
1598.000	3.193
1599.000	3.191
1600.000	3.189
1601.000	3.187
1602.000	3.187
1603.000	3.185
1604.000	3.183
1605.000	3.181
1606.000	3.179
1607.000	3.177
1608.000	3.175
1609.000	3.174
1610.000	3.172
1611.000	3.170
1612.000	3.168
1613.000	3.168
1614.000	3.166
1615.000	3.165
1616.000	3.163
1617.000	3.161
1618.000	3.159
1619.000	3.158
1620.000	3.156
1621.000	3.154
1622.000	3.152
1623.000	3.150
1624.000	3.150
1625.000	3.149
1626.000	3.147
1627.000	3.145
1628.000	3.143
1629.000	3.142
1630.000	3.140
1631.000	3.138
1632.000	3.137
1633.000	3.135
1634.000	3.133
1635.000	3.131
1636.000	3.131
1637.000	3.130
1638.000	3.128
1639.000	3.126
1640.000	3.125
1641.000	3.123
1642.000	3.121
1643.000	3.120
1644.000	3.118
1645.000	3.116
1646.000	3.114
1647.000	3.114
1648.000	3.113
1649.000	3.111
1650.000	3.109
1651.000	3.108
1652.000	3.106
1653.000	3.104
1654.000	3.103
1655.000	3.101
1656.000	3.099
1657.000	3.098
1658.000	3.098
1659.000	3.096
1660.000	3.094
1661.000	3.092
1662.000	3.091
1663.000	3.089
1664.000	3.087
1665.000	3.086
1666.000	3.084
1667.000	3.082
1668.000	3.081
1669.000	3.081
1670.000	3.079
1671.000	3.077
1672.000	3.076
1673.000	3.074
1674.000	3.072
1675.000	3.071
1676.000	3.069
1677.000	3.067
1678.000	3.066
1679.000	3.064
1680.000	3.064
1681.000	3.063
1682.000	3.061
1683.000	3.059
1684.000	3.058
1685.000	3.056
1686.000	3.055
1687.000	3.053
1688.000	3.051
1689.000	3.050
1690.000	3.048
1691.000	3.048
1692.000	3.047
1693.000	3.045
1694.000	3.043
1695.000	3.042
1696.000	3.040
1697.000	3.039
1698.000	3.037
1699.000	3.035
1700.000	3.034
1701.000	3.032
1702.000	3.032
1703.000	3.031
1704.000	3.029
1705.000	3.027
1706.000	3.026
1707.000	3.024
1708.000	3.023
1709.000	3.021
1710.000	3.019
1711.000	3.018
1712.000	3.016
1713.000	3.015
1714.000	3.015
1715.000	3.013
1716.000	3.012
1717.000	3.010
1718.000	3.008
1719.000	3.007
1720.000	3.005
1721.000	3.004
1722.000	3.002
1723.000	3.001
1724.000	2.999
1725.000	2.999
1726.000	2.998
1727.000	2.996
1728.000	2.994
1729.000	2.993
1730.000	2.991
1731.000	2.990
1732.000	2.988
1733.000	2.987
1734.000	2.985
1735.000	2.984
1736.000	2.984
1737.000	2.982
1738.000	2.981
1739.000	2.979
1740.000	2.978
1741.000	2.976
1742.000	2.974
1743.000	2.973
1744.000	2.971
1745.000	2.970
1746.000	2.968
1747.000	2.968
1748.000	2.967
1749.000	2.965
1750.000	2.964
1751.000	2.962
1752.000	2.961
1753.000	2.959
1754.000	2.958
1755.000	2.956
1756.000	2.955
1757.000	2.953
1758.000	2.953
1759.000	2.952
1760.000	2.950
1761.000	2.948
1762.000	2.947
1763.000	2.945
1764.000	2.944
1765.000	2.942
1766.000	2.941
1767.000	2.939
1768.000	2.938
1769.000	2.938
1770.000	2.936
1771.000	2.935
1772.000	2.933
1773.000	2.932
1774.000	2.930
1775.000	2.929
1776.000	2.927
1777.000	2.926
1778.000	2.924
1779.000	2.923
1780.000	2.922
1781.000	2.922
1782.000	2.920
1783.000	2.919
1784.000	2.918
1785.000	2.916
1786.000	2.915
1787.000	2.913
1788.000	2.912
1789.000	2.911
1790.000	2.909
1791.000	2.908
1792.000	2.908
1793.000	2.907
1794.000	2.905
1795.000	2.904
1796.000	2.903
1797.000	2.901
1798.000	2.900
1799.000	2.899
1800.000	2.897
1801.000	2.896
1802.000	2.895
1803.000	2.895
1804.000	2.893
1805.000	2.892
1806.000	2.891
1807.000	2.889
1808.000	2.888
1809.000	2.887
1810.000	2.885
1811.000	2.884
1812.000	2.883
1813.000	2.881
1814.000	2.881
1815.000	2.880
1816.000	2.879
1817.000	2.878
1818.000	2.876
1819.000	2.875
1820.000	2.874
1821.000	2.872
1822.000	2.871
1823.000	2.870
1824.000	2.868
1825.000	2.868
1826.000	2.867
1827.000	2.866
1828.000	2.864
1829.000	2.862
1830.000	2.860
1831.000	2.858
1832.000	2.856
1833.000	2.854
1834.000	2.852
1835.000	2.851
1836.000	2.851
1837.000	2.849
1838.000	2.847
1839.000	2.845
1840.000	2.843
1841.000	2.841
1842.000	2.839
1843.000	2.837
1844.000	2.836
1845.000	2.834
1846.000	2.832
1847.000	2.830
1848.000	2.830
1849.000	2.828
1850.000	2.826
1851.000	2.824
1852.000	2.822
1853.000	2.821
1854.000	2.819
1855.000	2.816
1856.000	2.814
1857.000	2.812
1858.000	2.810
1859.000	2.810
1860.000	2.807
1861.000	2.805
1862.000	2.803
1863.000	2.800
1864.000	2.798
1865.000	2.796
1866.000	2.794
1867.000	2.791
1868.000	2.789
1869.000	2.787
1870.000	2.787
1871.000	2.785
1872.000	2.782
1873.000	2.780
1874.000	2.778
1875.000	2.776
1876.000	2.773
1877.000	2.771
1878.000	2.769
1879.000	2.767
1880.000	2.764
1881.000	2.764
1882.000	2.762
1883.000	2.760
1884.000	2.758
1885.000	2.755
1886.000	2.753
1887.000	2.751
1888.000	2.749
1889.000	2.746
1890.000	2.744
1891.000	2.742
1892.000	2.742
1893.000	2.740
1894.000	2.737
1895.000	2.735
1896.000	2.733
1897.000	2.731
1898.000	2.728
1899.000	2.726
1900.000	2.724
1901.000	2.722
1902.000	2.719
1903.000	2.719
1904.000	2.717
1905.000	2.715
1906.000	2.713
1907.000	2.711
1908.000	2.708
1909.000	2.706
1910.000	2.704
1911.000	2.702
1912.000	2.699
1913.000	2.697
1914.000	2.697
1915.000	2.695
1916.000	2.693
1917.000	2.691
1918.000	2.688
1919.000	2.686
1920.000	2.684
1921.000	2.682
1922.000	2.680
1923.000	2.677
1924.000	2.675
1925.000	2.673
1926.000	2.673
1927.000	2.671
1928.000	2.668
1929.000	2.666
1930.000	2.664
1931.000	2.662
1932.000	2.661
1933.000	2.660
1934.000	2.659
1935.000	2.657
1936.000	2.656
1937.000	2.656
1938.000	2.655
1939.000	2.654
1940.000	2.653
1941.000	2.652
1942.000	2.651
1943.000	2.650
1944.000	2.649
1945.000	2.648
1946.000	2.646
1947.000	2.645
1948.000	2.645
1949.000	2.644
1950.000	2.643
1951.000	2.642
1952.000	2.641
1953.000	2.640
1954.000	2.639
1955.000	2.638
1956.000	2.637
1957.000	2.636
1958.000	2.634
1959.000	2.634
1960.000	2.633
1961.000	2.632
1962.000	2.631
1963.000	2.630
1964.000	2.629
1965.000	2.628
1966.000	2.627
1967.000	2.626
1968.000	2.625
1969.000	2.624
1970.000	2.624
1971.000	2.623
1972.000	2.621
1973.000	2.620
1974.000	2.619
1975.000	2.618
1976.000	2.617
1977.000	2.616
1978.000	2.615
1979.000	2.614
1980.000	2.613
1981.000	2.613
1982.000	2.612
1983.000	2.611
1984.000	2.610
1985.000	2.609
1986.000	2.607
1987.000	2.606
1988.000	2.605
1989.000	2.604
1990.000	2.603
1991.000	2.602
1992.000	2.601
1993.000	2.601
1994.000	2.600
1995.000	2.599
1996.000	2.598
1997.000	2.597
1998.000	2.596
1999.000	2.595
2000.000	2.594
2001.000	2.593
2002.000	2.591
2003.000	2.590
2004.000	2.590
2005.000	2.589
2006.000	2.588
2007.000	2.587
2008.000	2.586
2009.000	2.585
2010.000	2.584
2011.000	2.583
2012.000	2.582
2013.000	2.581
2014.000	2.580
2015.000	2.580
2016.000	2.579
2017.000	2.578
2018.000	2.577
2019.000	2.576
2020.000	2.574
2021.000	2.573
2022.000	2.572
2023.000	2.571
2024.000	2.570
2025.000	2.569
2026.000	2.569
2027.000	2.568
2028.000	2.567
2029.000	2.566
2030.000	2.565
2031.000	2.564
2032.000	2.563
2033.000	2.562
2034.000	2.561
2035.000	2.560
2036.000	2.559
2037.000	2.559
2038.000	2.558
2039.000	2.557
2040.000	2.556
2041.000	2.554
2042.000	2.553
2043.000	2.552
2044.000	2.551
2045.000	2.550
2046.000	2.549
2047.000	2.548
2048.000	2.548
2049.000	2.547
2050.000	2.546
2051.000	2.545
2052.000	2.544
2053.000	2.543
2054.000	2.542
2055.000	2.541
2056.000	2.540
2057.000	2.539
2058.000	2.538
2059.000	2.537
2060.000	2.537
2061.000	2.536
2062.000	2.535
2063.000	2.534
2064.000	2.533
2065.000	2.532
2066.000	2.531
2067.000	2.530
2068.000	2.528
2069.000	2.527
2070.000	2.526
2071.000	2.526
2072.000	2.525
2073.000	2.524
2074.000	2.523
2075.000	2.522
2076.000	2.521
2077.000	2.520
2078.000	2.519
2079.000	2.518
2080.000	2.517
2081.000	2.516
2082.000	2.516
2083.000	2.515
2084.000	2.514
2085.000	2.513
2086.000	2.512
2087.000	2.511
2088.000	2.510
2089.000	2.508
2090.000	2.507
2091.000	2.506
2092.000	2.504
2093.000	2.504
2094.000	2.503
2095.000	2.502
2096.000	2.500
2097.000	2.499
2098.000	2.497
2099.000	2.496
2100.000	2.495
2101.000	2.493
2102.000	2.492
2103.000	2.491
2104.000	2.491
2105.000	2.489
2106.000	2.488
2107.000	2.486
2108.000	2.485
2109.000	2.484
2110.000	2.482
2111.000	2.481
2112.000	2.479
2113.000	2.478
2114.000	2.477
2115.000	2.477
2116.000	2.475
2117.000	2.474
2118.000	2.472
2119.000	2.471
2120.000	2.469
2121.000	2.468
2122.000	2.467
2123.000	2.465
2124.000	2.464
2125.000	2.462
2126.000	2.462
2127.000	2.461
2128.000	2.460
2129.000	2.458
2130.000	2.457
2131.000	2.455
2132.000	2.454
2133.000	2.453
2134.000	2.451
2135.000	2.450
2136.000	2.448
2137.000	2.447
2138.000	2.447
2139.000	2.445
2140.000	2.444
2141.000	2.442
2142.000	2.441
2143.000	2.439
2144.000	2.438
2145.000	2.436
2146.000	2.435
2147.000	2.433
2148.000	2.432
2149.000	2.432
2150.000	2.430
2151.000	2.429
2152.000	2.428
2153.000	2.426
2154.000	2.425
2155.000	2.423
2156.000	2.422
2157.000	2.420
2158.000	2.419
2159.000	2.417
2160.000	2.417
2161.000	2.416
2162.000	2.414
2163.000	2.413
2164.000	2.411
2165.000	2.410
2166.000	2.409
2167.000	2.407
2168.000	2.406
2169.000	2.404
2170.000	2.403
2171.000	2.403
2172.000	2.401
2173.000	2.400
2174.000	2.398
2175.000	2.397
2176.000	2.396
2177.000	2.394
2178.000	2.393
2179.000	2.391
2180.000	2.390
2181.000	2.388
2182.000	2.388
2183.000	2.387
2184.000	2.385
2185.000	2.384
2186.000	2.383
2187.000	2.381
2188.000	2.380
2189.000	2.378
2190.000	2.377
2191.000	2.375
2192.000	2.374
2193.000	2.374
2194.000	2.372
2195.000	2.371
2196.000	2.369
2197.000	2.368
2198.000	2.366
2199.000	2.364
2200.000	2.363
2201.000	2.361
2202.000	2.360
2203.000	2.358
2204.000	2.357
2205.000	2.357
2206.000	2.355
2207.000	2.354
2208.000	2.352
2209.000	2.351
2210.000	2.349
2211.000	2.348
2212.000	2.346
2213.000	2.345
2214.000	2.343
2215.000	2.342
2216.000	2.342
2217.000	2.340
2218.000	2.339
2219.000	2.337
2220.000	2.336
2221.000	2.335
2222.000	2.334
2223.000	2.333
2224.000	2.332
2225.000	2.331
2226.000	2.330
2227.000	2.330
2228.000	2.329
2229.000	2.328
2230.000	2.327
2231.000	2.326
2232.000	2.325
2233.000	2.324
2234.000	2.323
2235.000	2.322
2236.000	2.321
2237.000	2.320
2238.000	2.320
2239.000	2.319
2240.000	2.318
2241.000	2.317
2242.000	2.316
2243.000	2.315
2244.000	2.314
2245.000	2.313
2246.000	2.312
2247.000	2.311
2248.000	2.310
2249.000	2.310
2250.000	2.309
2251.000	2.308
2252.000	2.307
2253.000	2.306
2254.000	2.306
2255.000	2.305
2256.000	2.304
2257.000	2.304
2258.000	2.303
2259.000	2.302
2260.000	2.302
2261.000	2.302
2262.000	2.301
2263.000	2.301
2264.000	2.300
2265.000	2.299
2266.000	2.299
2267.000	2.298
2268.000	2.297
2269.000	2.297
2270.000	2.296
2271.000	2.295
2272.000	2.295
2273.000	2.295
2274.000	2.294
2275.000	2.293
2276.000	2.293
2277.000	2.292
2278.000	2.291
2279.000	2.290
2280.000	2.290
2281.000	2.289
2282.000	2.288
2283.000	2.288
2284.000	2.288
2285.000	2.287
2286.000	2.286
2287.000	2.285
2288.000	2.285
2289.000	2.284
2290.000	2.283
2291.000	2.283
2292.000	2.282
2293.000	2.281
2294.000	2.265
2295.000	2.264
2296.000	2.264
2297.000	2.263
2298.000	2.262
2299.000	2.262
2300.000	2.261
2301.000	2.260
2302.000	2.259
2303.000	2.259
2304.000	2.258
2305.000	2.242
2306.000	2.242
2307.000	2.241
2308.000	2.240
2309.000	2.240
2310.000	2.239
2311.000	2.238
2312.000	2.237
2313.000	2.237
2314.000	2.236
2315.000	2.235
2316.000	2.235
2317.000	2.234
2318.000	2.234
2319.000	2.233
2320.000	2.232
2321.000	2.231
2322.000	2.231
2323.000	2.230
2324.000	2.229
2325.000	2.228
2326.000	2.228
2327.000	2.228
2328.000	2.227
2329.000	2.226
2330.000	2.225
2331.000	2.225
2332.000	2.224
2333.000	2.223
2334.000	2.222
2335.000	2.222
2336.000	2.221
2337.000	2.220
2338.000	2.219
2339.000	2.192
2340.000	2.191
2341.000	2.190
2342.000	2.190
2343.000	2.189
2344.000	2.188
2345.000	2.187
2346.000	2.187
2347.000	2.186
2348.000	2.185
2349.000	2.185
2350.000	2.185
2351.000	2.184
2352.000	2.183
2353.000	2.183
2354.000	2.182
2355.000	2.181
2356.000	2.181
2357.000	2.180
2358.000	2.179
2359.000	2.179
2360.000	2.178
2361.000	2.178
2362.000	2.177
2363.000	2.176
2364.000	2.176
2365.000	2.175
2366.000	2.174
2367.000	2.173
2368.000	2.173
2369.000	2.172
2370.000	2.171
2371.000	2.171
2372.000	2.171
2373.000	2.170
2374.000	2.169
2375.000	2.168
2376.000	2.168
2377.000	2.167
2378.000	2.166
2379.000	2.165
2380.000	2.165
2381.000	2.164
2382.000	2.163
2383.000	2.163
2384.000	2.162
2385.000	2.162
2386.000	2.161
2387.000	2.160
2388.000	2.159
2389.000	2.159
2390.000	2.158
2391.000	2.157
2392.000	2.157
2393.000	2.156
2394.000	2.156
2395.000	2.155
2396.000	2.154
2397.000	2.154
2398.000	2.153
2399.000	2.152
2400.000	2.151
2401.000	2.151
2402.000	2.150
2403.000	2.149
2404.000	2.148
2405.000	2.148
2406.000	2.148
2407.000	2.147
2408.000	2.146
2409.000	2.145
2410.000	2.145
2411.000	2.144
2412.000	2.143
2413.000	2.142
2414.000	2.142
2415.000	2.141
2416.000	2.140
2417.000	2.140
2418.000	2.139
2419.000	2.139
2420.000	2.138
2421.000	2.137
2422.000	2.136
2423.000	2.136
2424.000	2.135
2425.000	2.134
2426.000	2.133
2427.000	2.133
2428.000	2.133
2429.000	2.132
2430.000	2.131
2431.000	2.130
2432.000	2.130
2433.000	2.129
2434.000	2.128
2435.000	2.127
2436.000	2.127
2437.000	2.126
2438.000	2.125
2439.000	2.125
2440.000	2.124
2441.000	2.124
2442.000	2.123
2443.000	2.122
2444.000	2.121
2445.000	2.121
2446.000	2.120
2447.000	2.119
2448.000	2.118
2449.000	2.118
2450.000	2.118
2451.000	2.117
2452.000	2.116
2453.000	2.115
2454.000	2.115
2455.000	2.114
2456.000	2.113
2457.000	2.112
2458.000	2.112
2459.000	2.111
2460.000	2.110
2461.000	2.110
2462.000	2.109
2463.000	2.109
2464.000	2.108
2465.000	2.107
2466.000	2.107
2467.000	2.106
2468.000	2.105
2469.000	2.104
2470.000	2.104
2471.000	2.103
2472.000	2.103
2473.000	2.102
2474.000	2.101
2475.000	2.101
2476.000	2.100
2477.000	2.099
2478.000	2.098
2479.000	2.098
2480.000	2.097
2481.000	2.096
2482.000	2.095
2483.000	2.094
2484.000	2.094
2485.000	2.094
2486.000	2.093
2487.000	2.092
2488.000	2.091
2489.000	2.090
2490.000	2.089
2491.000	2.088
2492.000	2.087
2493.000	2.086
2494.000	2.085
2495.000	2.085
2496.000	2.084
2497.000	2.083
2498.000	2.082
2499.000	2.081
2500.000	2.080
2501.000	2.079
2502.000	2.079
2503.000	2.078
2504.000	2.077
2505.000	2.076
2506.000	2.076
2507.000	2.075
2508.000	2.074
2509.000	2.073
2510.000	2.072
2511.000	2.071
2512.000	2.070
2513.000	2.069
2514.000	2.068
2515.000	2.067
2516.000	2.066
2517.000	2.066
2518.000	2.065
2519.000	2.065
2520.000	2.064
2521.000	2.063
2522.000	2.062
2523.000	2.061
2524.000	2.060
2525.000	2.059
2526.000	2.058
2527.000	2.057
2528.000	2.057
2529.000	2.056
2530.000	2.055
2531.000	2.054
2532.000	2.054
2533.000	2.053
2534.000	2.052
2535.000	2.052
2536.000	2.051
2537.000	2.050
2538.000	2.050
2539.000	2.050
2540.000	2.049
2541.000	2.049
2542.000	2.048
2543.000	2.047
2544.000	2.047
2545.000	2.046
2546.000	2.045
2547.000	2.045
2548.000	2.044
2549.000	2.044
2550.000	2.043
2551.000	2.043
2552.000	2.042
2553.000	2.042
2554.000	2.041
2555.000	2.041
2556.000	2.040
2557.000	2.039
2558.000	2.039
2559.000	2.038
2560.000	2.038
2561.000	2.037
2562.000	2.037
2563.000	2.036
2564.000	2.036
2565.000	2.035
2566.000	2.035
2567.000	2.034
2568.000	2.034
2569.000	2.033
2570.000	2.032
2571.000	2.032
2572.000	2.031
2573.000	2.031
2574.000	2.031
2575.000	2.030
2576.000	2.029
2577.000	2.029
2578.000	2.028
2579.000	2.028
2580.000	2.027
2581.000	2.027
2582.000	2.026
2583.000	2.026
2584.000	2.026
2585.000	2.025
2586.000	2.024
2587.000	2.024
2588.000	2.023
2589.000	2.023
2590.000	2.022
2591.000	2.022
2592.000	2.021
2593.000	2.021
2594.000	2.020
2595.000	2.020
2596.000	2.020
2597.000	2.019
2598.000	2.019
2599.000	2.018
2600.000	2.018
2601.000	2.017
2602.000	2.017
2603.000	2.016
2604.000	2.016
2605.000	2.015
2606.000	2.015
2607.000	2.015
2608.000	2.014
2609.000	2.014
2610.000	2.013
2611.000	2.013
2612.000	2.012
2613.000	2.012
2614.000	2.011
2615.000	2.011
2616.000	2.010
2617.000	2.010
2618.000	2.010
2619.000	2.009
2620.000	2.009
2621.000	2.008
2622.000	2.008
2623.000	2.007
2624.000	2.007
2625.000	2.006
2626.000	2.006
2627.000	2.005
2628.000	2.005
2629.000	2.005
2630.000	2.004
2631.000	2.004
2632.000	2.003
2633.000	2.003
2634.000	2.002
2635.000	2.002
2636.000	2.001
2637.000	2.000
2638.000	2.000
2639.000	1.999
2640.000	1.999
2641.000	1.999
2642.000	1.998
2643.000	1.998
2644.000	1.997
2645.000	1.997
2646.000	1.996
2647.000	1.996
2648.000	1.995
2649.000	1.995
2650.000	1.994
2651.000	1.994
2652.000	1.994
2653.000	1.994
2654.000	1.993
2655.000	1.993
2656.000	1.992
2657.000	1.992
2658.000	1.991
2659.000	1.991
2660.000	1.990
2661.000	1.990
2662.000	1.990
2663.000	1.990
2664.000	1.989
2665.000	1.989
2666.000	1.988
2667.000	1.988
2668.000	1.987
2669.000	1.987
2670.000	1.987
2671.000	1.986
2672.000	1.986
2673.000	1.986
2674.000	1.985
2675.000	1.985
2676.000	1.984
2677.000	1.984
2678.000	1.984
2679.000	1.983
2680.000	1.983
2681.000	1.982
2682.000	1.982
2683.000	1.981
2684.000	1.981
2685.000	1.981
2686.000	1.981
2687.000	1.980
2688.000	1.980
2689.000	1.979
2690.000	1.979
2691.000	1.978
2692.000	1.978
2693.000	1.978
2694.000	1.977
2695.000	1.977
2696.000	1.977
2697.000	1.976
2698.000	1.976
2699.000	1.975
2700.000	1.975
2701.000	1.974
2702.000	1.974
2703.000	1.973
2704.000	1.973
2705.000	1.972
2706.000	1.972
2707.000	1.972
2708.000	1.971
2709.000	1.971
2710.000	1.970
2711.000	1.970
2712.000	1.969
2713.000	1.969
2714.000	1.968
2715.000	1.968
2716.000	1.967
2717.000	1.967
2718.000	1.967
2719.000	1.966
2720.000	1.966
2721.000	1.966
2722.000	1.965
2723.000	1.965
2724.000	1.964
2725.000	1.964
2726.000	1.963
2727.000	1.963
2728.000	1.962
2729.000	1.962
2730.000	1.962
2731.000	1.961
2732.000	1.961
2733.000	1.960
2734.000	1.960
2735.000	1.959
2736.000	1.959
2737.000	1.958
2738.000	1.958
2739.000	1.957
2740.000	1.957
2741.000	1.957
2742.000	1.956
2743.000	1.956
2744.000	1.955
2745.000	1.955
2746.000	1.954
2747.000	1.954
2748.000	1.953
2749.000	1.953
2750.000	1.952
2751.000	1.952
2752.000	1.952
2753.000	1.951
2754.000	1.951
2755.000	1.950
2756.000	1.950
2757.000	1.949
2758.000	1.949
2759.000	1.949
2760.000	1.948
2761.000	1.948
2762.000	1.947
2763.000	1.947
2764.000	1.947
2765.000	1.946
2766.000	1.946
2767.000	1.945
2768.000	1.945
2769.000	1.945
2770.000	1.944
2771.000	1.944
2772.000	1.943
2773.000	1.943
2774.000	1.943
2775.000	1.942
2776.000	1.942
2777.000	1.942
2778.000	1.941
2779.000	1.941
2780.000	1.940
2781.000	1.940
2782.000	1.939
2783.000	1.939
2784.000	1.939
2785.000	1.939
2786.000	1.938
2787.000	1.938
2788.000	1.937
2789.000	1.937
2790.000	1.936
2791.000	1.936
2792.000	1.935
2793.000	1.935
2794.000	1.935
2795.000	1.934
2796.000	1.934
2797.000	1.934
2798.000	1.933
2799.000	1.933
2800.000	1.932
2801.000	1.932
2802.000	1.932
2803.000	1.931
2804.000	1.931
2805.000	1.930
2806.000	1.930
2807.000	1.930
2808.000	1.930
2809.000	1.929
2810.000	1.929
2811.000	1.928
2812.000	1.928
2813.000	1.927
2814.000	1.927
2815.000	1.927
2816.000	1.926
2817.000	1.926
2818.000	1.926
2819.000	1.925
2820.000	1.925
2821.000	1.925
2822.000	1.924
2823.000	1.923
2824.000	1.923
2825.000	1.922
2826.000	1.922
2827.000	1.921
2828.000	1.921
2829.000	1.921
2830.000	1.920
2831.000	1.920
2832.000	1.919
2833.000	1.919
2834.000	1.918
2835.000	1.918
2836.000	1.917
2837.000	1.917
2838.000	1.917
2839.000	1.916
2840.000	1.916
2841.000	1.916
2842.000	1.915
2843.000	1.915
2844.000	1.914
2845.000	1.914
2846.000	1.913
2847.000	1.913
2848.000	1.912
2849.000	1.912
2850.000	1.911
2851.000	1.911
2852.000	1.911
2853.000	1.910
2854.000	1.910
2855.000	1.909
2856.000	1.909
2857.000	1.908
2858.000	1.908
2859.000	1.907
2860.000	1.907
2861.000	1.906
2862.000	1.906
2863.000	1.906
2864.000	1.905
2865.000	1.905
2866.000	1.904
2867.000	1.904
2868.000	1.903
2869.000	1.903
2870.000	1.902
2871.000	1.902
2872.000	1.901
2873.000	1.901
2874.000	1.901
2875.000	1.901
2876.000	1.900
2877.000	1.900
2878.000	1.899
2879.000	1.899
2880.000	1.898
2881.000	1.898
2882.000	1.897
2883.000	1.897
2884.000	1.896
2885.000	1.896
2886.000	1.896
2887.000	1.895
2888.000	1.895
2889.000	1.894
2890.000	1.894
2891.000	1.893
2892.000	1.893
2893.000	1.892
2894.000	1.892
2895.000	1.891
2896.000	1.891
2897.000	1.891
2898.000	1.890
2899.000	1.890
2900.000	1.889
2901.000	1.889
2902.000	1.888
2903.000	1.888
2904.000	1.887
2905.000	1.887
2906.000	1.887
2907.000	1.886
2908.000	1.886
2909.000	1.885
2910.000	1.885
2911.000	1.884
2912.000	1.884
2913.000	1.883
2914.000	1.883
2915.000	1.882
2916.000	1.882
2917.000	1.881
2918.000	1.881
2919.000	1.881
2920.000	1.880
2921.000	1.880
2922.000	1.879
2923.000	1.878
2924.000	1.878
2925.000	1.877
2926.000	1.877
2927.000	1.876
2928.000	1.876
2929.000	1.875
2930.000	1.875
2931.000	1.875
2932.000	1.874
2933.000	1.874
2934.000	1.873
2935.000	1.872
2936.000	1.872
2937.000	1.871
2938.000	1.871
2939.000	1.870
2940.000	1.870
2941.000	1.870
2942.000	1.869
2943.000	1.869
2944.000	1.868
2945.000	1.867
2946.000	1.867
2947.000	1.866
2948.000	1.866
2949.000	1.865
2950.000	1.864
2951.000	1.864
2952.000	1.864
2953.000	1.863
2954.000	1.862
2955.000	1.862
2956.000	1.861
2957.000	1.861
2958.000	1.860
2959.000	1.859
2960.000	1.859
2961.000	1.858
2962.000	1.857
2963.000	1.857
2964.000	1.857
2965.000	1.856
2966.000	1.856
2967.000	1.855
2968.000	1.854
2969.000	1.854
2970.000	1.853
2971.000	1.852
2972.000	1.852
2973.000	1.851
2974.000	1.851
2975.000	1.851
2976.000	1.850
2977.000	1.849
2978.000	1.849
2979.000	1.848
2980.000	1.847
2981.000	1.847
2982.000	1.846
2983.000	1.845
2984.000	1.845
2985.000	1.844
2986.000	1.844
2987.000	1.844
2988.000	1.843
2989.000	1.842
2990.000	1.842
2991.000	1.841
2992.000	1.841
2993.000	1.840
2994.000	1.839
2995.000	1.839
2996.000	1.838
2997.000	1.838
2998.000	1.837
2999.000	1.837
3000.000	1.836
3001.000	1.836
3002.000	1.835
3003.000	1.834
3004.000	1.834
3005.000	1.833
3006.000	1.833
3007.000	1.832
3008.000	1.832
3009.000	1.832
3010.000	1.832
3011.000	1.831
3012.000	1.831
3013.000	1.830
3014.000	1.830
3015.000	1.829
3016.000	1.829
3017.000	1.828
3018.000	1.828
3019.000	1.828
3020.000	1.828
3021.000	1.827
3022.000	1.827
3023.000	1.826
3024.000	1.826
3025.000	1.825
3026.000	1.825
3027.000	1.824
3028.000	1.824
3029.000	1.823
3030.000	1.823
3031.000	1.823
3032.000	1.823
3033.000	1.822
3034.000	1.822
3035.000	1.821
3036.000	1.821
3037.000	1.820
3038.000	1.820
3039.000	1.819
3040.000	1.819
3041.000	1.819
3042.000	1.819
3043.000	1.818
3044.000	1.818
3045.000	1.817
3046.000	1.817
3047.000	1.816
3048.000	1.816
3049.000	1.816
3050.000	1.815
3051.000	1.815
3052.000	1.814
3053.000	1.814
3054.000	1.814
3055.000	1.813
3056.000	1.813
3057.000	1.812
3058.000	1.812
3059.000	1.812
3060.000	1.811
3061.000	1.811
3062.000	1.810
3063.000	1.810
3064.000	1.810
3065.000	1.809
3066.000	1.809
3067.000	1.808
3068.000	1.808
3069.000	1.808
3070.000	1.807
3071.000	1.807
3072.000	1.806
3073.000	1.806
3074.000	1.805
3075.000	1.805
3076.000	1.805
3077.000	1.804
3078.000	1.804
3079.000	1.803
3080.000	1.803
3081.000	1.802
3082.000	1.802
3083.000	1.802
3084.000	1.801
3085.000	1.801
3086.000	1.801
3087.000	1.800
3088.000	1.800
3089.000	1.799
3090.000	1.799
3091.000	1.798
3092.000	1.798
3093.000	1.797
3094.000	1.797
3095.000	1.796
3096.000	1.796
3097.000	1.796
3098.000	1.795
3099.000	1.795
3100.000	1.794
3101.000	1.794
3102.000	1.793
3103.000	1.793
3104.000	1.792
3105.000	1.792
3106.000	1.791
3107.000	1.791
3108.000	1.791
3109.000	1.790
3110.000	1.790
3111.000	1.789
3112.000	1.789
3113.000	1.788
3114.000	1.788
3115.000	1.787
3116.000	1.787
3117.000	1.786
3118.000	1.786
3119.000	1.785
3120.000	1.785
3121.000	1.785
3122.000	1.784
3123.000	1.784
3124.000	1.783
3125.000	1.782
3126.000	1.782
3127.000	1.781
3128.000	1.781
3129.000	1.780
3130.000	1.780
3131.000	1.780
3132.000	1.779
3133.000	1.779
3134.000	1.778
3135.000	1.778
3136.000	1.777
3137.000	1.777
3138.000	1.776
3139.000	1.776
3140.000	1.775
3141.000	1.775
3142.000	1.775
3143.000	1.774
3144.000	1.774
3145.000	1.773
3146.000	1.773
3147.000	1.772
3148.000	1.772
3149.000	1.771
3150.000	1.770
3151.000	1.770
3152.000	1.769
3153.000	1.769
3154.000	1.769
3155.000	1.768
3156.000	1.768
3157.000	1.767
3158.000	1.767
3159.000	1.766
3160.000	1.766
3161.000	1.765
3162.000	1.765
3163.000	1.764
3164.000	1.764
3165.000	1.764
3166.000	1.763
3167.000	1.763
3168.000	1.762
3169.000	1.762
3170.000	1.761
3171.000	1.761
3172.000	1.760
3173.000	1.760
3174.000	1.759
3175.000	1.759
3176.000	1.759
3177.000	1.758
3178.000	1.757
3179.000	1.757
3180.000	1.756
3181.000	1.756
3182.000	1.755
3183.000	1.755
3184.000	1.754
3185.000	1.754
3186.000	1.753
3187.000	1.753
3188.000	1.753
3189.000	1.752
3190.000	1.752
3191.000	1.751
3192.000	1.751
3193.000	1.750
3194.000	1.750
3195.000	1.749
3196.000	1.749
3197.000	1.748
3198.000	1.748
3199.000	1.748
3200.000	1.747
3201.000	1.747
3202.000	1.746
3203.000	1.746
3204.000	1.745
3205.000	1.745
3206.000	1.744
3207.000	1.744
3208.000	1.743
3209.000	1.743
3210.000	1.743
3211.000	1.742
3212.000	1.742
3213.000	1.741
3214.000	1.741
3215.000	1.740
3216.000	1.739
3217.000	1.739
3218.000	1.738
3219.000	1.738
3220.000	1.738
3221.000	1.737
3222.000	1.737
3223.000	1.736
3224.000	1.736
3225.000	1.735
3226.000	1.735
3227.000	1.734
3228.000	1.734
3229.000	1.733
3230.000	1.733
3231.000	1.733
3232.000	1.732
3233.000	1.732
3234.000	1.731
3235.000	1.731
3236.000	1.730
3237.000	1.730
3238.000	1.729
3239.000	1.728
3240.000	1.728
3241.000	1.727
3242.000	1.727
3243.000	1.727
3244.000	1.726
3245.000	1.726
3246.000	1.725
3247.000	1.725
3248.000	1.724
3249.000	1.724
3250.000	1.723
3251.000	1.723
3252.000	1.722
3253.000	1.722
3254.000	1.722
3255.000	1.721
3256.000	1.721
3257.000	1.720
3258.000	1.720
3259.000	1.719
3260.000	1.719
3261.000	1.718
3262.000	1.718
3263.000	1.717
3264.000	1.716
3265.000	1.716
3266.000	1.716
3267.000	1.716
3268.000	1.715
3269.000	1.715
3270.000	1.714
3271.000	1.714
3272.000	1.713
3273.000	1.713
3274.000	1.712
3275.000	1.712
3276.000	1.712
3277.000	1.711
3278.000	1.711
3279.000	1.711
3280.000	1.710
3281.000	1.710
3282.000	1.709
3283.000	1.709
3284.000	1.708
3285.000	1.708
3286.000	1.707
3287.000	1.707
3288.000	1.707
3289.000	1.706
3290.000	1.706
3291.000	1.705
3292.000	1.705
3293.000	1.705
3294.000	1.704
3295.000	1.704
3296.000	1.703
3297.000	1.703
3298.000	1.703
3299.000	1.702
3300.000	1.702
3301.000	1.701
3302.000	1.701
3303.000	1.700
3304.000	1.700
3305.000	1.700
3306.000	1.699
3307.000	1.699
3308.000	1.698
3309.000	1.698
3310.000	1.698
3311.000	1.697
3312.000	1.697
3313.000	1.696
3314.000	1.696
3315.000	1.695
3316.000	1.695
3317.000	1.695
3318.000	1.694
3319.000	1.694
3320.000	1.694
3321.000	1.693
3322.000	1.693
3323.000	1.692
3324.000	1.692
3325.000	1.691
3326.000	1.691
3327.000	1.690
3328.000	1.690
3329.000	1.690
3330.000	1.689
3331.000	1.689
3332.000	1.689
3333.000	1.688
3334.000	1.688
3335.000	1.687
3336.000	1.687
3337.000	1.686
3338.000	1.686
3339.000	1.685
3340.000	1.685
3341.000	1.685
3342.000	1.684
3343.000	1.684
3344.000	1.684
3345.000	1.683
3346.000	1.683
3347.000	1.682
3348.000	1.682
3349.000	1.681
3350.000	1.681
3351.000	1.681
3352.000	1.680
3353.000	1.680
3354.000	1.680
3355.000	1.679
3356.000	1.679
3357.000	1.678
3358.000	1.678
3359.000	1.677
3360.000	1.677
3361.000	1.677
3362.000	1.676
3363.000	1.676
3364.000	1.675
3365.000	1.649
3366.000	1.648
3367.000	1.648
3368.000	1.647
3369.000	1.647
3370.000	1.646
3371.000	1.646
3372.000	1.646
3373.000	1.645
3374.000	1.645
3375.000	1.644
3376.000	1.644
3377.000	1.644
3378.000	1.643
3379.000	1.643
3380.000	1.643
3381.000	1.642
3382.000	1.642
3383.000	1.641
3384.000	1.641
3385.000	1.640
3386.000	1.640
3387.000	1.640
3388.000	1.640
3389.000	1.639
3390.000	1.639
3391.000	1.638
3392.000	1.638
3393.000	1.637
3394.000	1.637
3395.000	1.637
3396.000	1.636
3397.000	1.636
3398.000	1.635
3399.000	1.635
3400.000	1.635
3401.000	1.634
3402.000	1.634
3403.000	1.634
3404.000	1.633
3405.000	1.633
3406.000	1.632
3407.000	1.632
3408.000	1.632
3409.000	1.631
3410.000	1.631
3411.000	1.631
3412.000	1.631
3413.000	1.630
3414.000	1.630
3415.000	1.630
3416.000	1.629
3417.000	1.629
3418.000	1.629
3419.000	1.628
3420.000	1.628
3421.000	1.628
3422.000	1.628
3423.000	1.627
3424.000	1.627
3425.000	1.627
3426.000	1.626
3427.000	1.626
3428.000	1.626
3429.000	1.625
3430.000	1.625
3431.000	1.625
3432.000	1.625
3433.000	1.624
3434.000	1.624
3435.000	1.624
3436.000	1.623
3437.000	1.623
3438.000	1.623
3439.000	1.623
3440.000	1.622
3441.000	1.622
3442.000	1.622
3443.000	1.622
3444.000	1.621
3445.000	1.621
3446.000	1.621
3447.000	1.620
3448.000	1.620
3449.000	1.620
3450.000	1.619
3451.000	1.619
3452.000	1.619
3453.000	1.619
3454.000	1.619
3455.000	1.618
3456.000	1.618
3457.000	1.618
3458.000	1.617
3459.000	1.617
3460.000	1.617
3461.000	1.616
3462.000	1.616
3463.000	1.616
3464.000	1.615
3465.000	1.615
3466.000	1.615
3467.000	1.615
3468.000	1.614
3469.000	1.614
3470.000	1.613
3471.000	1.613
3472.000	1.613
3473.000	1.612
3474.000	1.612
3475.000	1.612
3476.000	1.611
3477.000	1.611
3478.000	1.611
3479.000	1.611
3480.000	1.610
3481.000	1.610
3482.000	1.609
3483.000	1.609
3484.000	1.609
3485.000	1.608
3486.000	1.608
3487.000	1.608
3488.000	1.608
3489.000	1.607
3490.000	1.607
3491.000	1.607
3492.000	1.606
3493.000	1.606
3494.000	1.605
3495.000	1.605
3496.000	1.605
3497.000	1.604
3498.000	1.604
3499.000	1.604
3500.000	1.604
3501.000	1.603
3502.000	1.603
3503.000	1.602
3504.000	1.602
3505.000	1.601
3506.000	1.601
3507.000	1.600
3508.000	1.600
3509.000	1.599
3510.000	1.599
3511.000	1.599
3512.000	1.598
3513.000	1.598
3514.000	1.598
3515.000	1.597
3516.000	1.597
3517.000	1.596
3518.000	1.596
3519.000	1.596
3520.000	1.595
3521.000	1.595
3522.000	1.595
3523.000	1.594
3524.000	1.594
3525.000	1.593
3526.000	1.593
3527.000	1.593
3528.000	1.592
3529.000	1.592
3530.000	1.591
3531.000	1.591
3532.000	1.591
3533.000	1.590
3534.000	1.590
3535.000	1.589
3536.000	1.589
3537.000	1.588
3538.000	1.588
3539.000	1.587
3540.000	1.586
3541.000	1.586
3542.000	1.585
3543.000	1.585
3544.000	1.585
3545.000	1.584
3546.000	1.584
3547.000	1.583
3548.000	1.583
3549.000	1.582
3550.000	1.582
3551.000	1.581
3552.000	1.581
3553.000	1.580
3554.000	1.580
3555.000	1.580
3556.000	1.579
3557.000	1.578
3558.000	1.578
3559.000	1.578
3560.000	1.577
3561.000	1.577
3562.000	1.576
3563.000	1.576
3564.000	1.575
3565.000	1.575
3566.000	1.575
3567.000	1.574
3568.000	1.574
3569.000	1.573
3570.000	1.573
3571.000	1.573
3572.000	1.572
3573.000	1.572
3574.000	1.571
3575.000	1.571
3576.000	1.570
3577.000	1.570
3578.000	1.570
3579.000	1.569
3580.000	1.569
3581.000	1.568
3582.000	1.568
3583.000	1.567
3584.000	1.567
3585.000	1.566
3586.000	1.566
3587.000	1.565
3588.000	1.565
3589.000	1.565
3590.000	1.564
3591.000	1.564
3592.000	1.563
3593.000	1.563
3594.000	1.562
3595.000	1.562
3596.000	1.561
3597.000	1.561
3598.000	1.560
3599.000	1.560
3600.000	1.560
3601.000	1.559
3602.000	1.559
3603.000	1.558
3604.000	1.558
3605.000	1.557
3606.000	1.557
3607.000	1.556
3608.000	1.556
3609.000	1.555
3610.000	1.555
3611.000	1.555
3612.000	1.554
3613.000	1.554
3614.000	1.553
3615.000	1.553
3616.000	1.552
3617.000	1.552
3618.000	1.551
3619.000	1.551
3620.000	1.550
3621.000	1.550
3622.000	1.550
3623.000	1.549
3624.000	1.549
3625.000	1.548
3626.000	1.548
3627.000	1.547
3628.000	1.547
3629.000	1.546
3630.000	1.546
3631.000	1.545
3632.000	1.545
3633.000	1.545
3634.000	1.544
3635.000	1.544
3636.000	1.543
3637.000	1.543
3638.000	1.543
3639.000	1.542
3640.000	1.542
3641.000	1.541
3642.000	1.541
3643.000	1.540
3644.000	1.540
3645.000	1.540
3646.000	1.539
3647.000	1.539
3648.000	1.538
3649.000	1.538
3650.000	1.537
3651.000	1.537
3652.000	1.536
3653.000	1.536
3654.000	1.535
3655.000	1.535
3656.000	1.535
3657.000	1.534
3658.000	1.534
3659.000	1.533
3660.000	1.533
3661.000	1.532
3662.000	1.532
3663.000	1.531
3664.000	1.531
3665.000	1.530
3666.000	1.530
3667.000	1.530
3668.000	1.529
3669.000	1.529
3670.000	1.528
3671.000	1.528
3672.000	1.527
3673.000	1.527
3674.000	1.526
3675.000	1.526
3676.000	1.525
3677.000	1.525
3678.000	1.525
3679.000	1.524
3680.000	1.524
3681.000	1.523
3682.000	1.523
3683.000	1.522
3684.000	1.522
3685.000	1.521
3686.000	1.521
3687.000	1.520
3688.000	1.520
3689.000	1.520
3690.000	1.519
3691.000	1.519
3692.000	1.518
3693.000	1.518
3694.000	1.517
3695.000	1.517
3696.000	1.516
3697.000	1.516
3698.000	1.515
3699.000	1.515
3700.000	1.515
3701.000	1.514
3702.000	1.514
3703.000	1.513
3704.000	1.513
3705.000	1.513
3706.000	1.512
3707.000	1.512
3708.000	1.511
3709.000	1.511
3710.000	1.510
3711.000	1.510
3712.000	1.510
3713.000	1.509
3714.000	1.509
3715.000	1.508
3716.000	1.508
3717.000	1.507
3718.000	1.507
3719.000	1.506
3720.000	1.506
3721.000	1.506
3722.000	1.506
3723.000	1.505
3724.000	1.505
3725.000	1.504
3726.000	1.504
3727.000	1.503
3728.000	1.503
3729.000	1.502
3730.000	1.502
3731.000	1.501
3732.000	1.501
3733.000	1.501
3734.000	1.501
3735.000	1.500
3736.000	1.500
3737.000	1.499
3738.000	1.499
3739.000	1.498
3740.000	1.498
3741.000	1.498
3742.000	1.497
3743.000	1.497
3744.000	1.497
3745.000	1.496
3746.000	1.496
3747.000	1.496
3748.000	1.496
3749.000	1.496
3750.000	1.496
3751.000	1.496
3752.000	1.496
3753.000	1.496
3754.000	1.496
3755.000	1.496
3756.000	1.496
3757.000	1.496
3758.000	1.496
3759.000	1.496
3760.000	1.496
3761.000	1.496
3762.000	1.496
3763.000	1.496
3764.000	1.496
3765.000	1.496
3766.000	1.496
3767.000	1.496
3768.000	1.496
3769.000	1.496
3770.000	1.496
3771.000	1.496
3772.000	1.496
3773.000	1.496
3774.000	1.496
3775.000	1.496
3776.000	1.496
3777.000	1.496
3778.000	1.496
3779.000	1.496
3780.000	1.496
3781.000	1.423
3782.000	1.423
3783.000	1.423
3784.000	1.423
3785.000	1.423
3786.000	1.423
3787.000	1.423
3788.000	1.423
3789.000	1.423
3790.000	1.423
3791.000	1.423
3792.000	1.423
3793.000	1.423
3794.000	1.423
3795.000	1.423
3796.000	1.423
3797.000	1.423
3798.000	1.423
3799.000	1.423
3800.000	1.423
3801.000	1.423
3802.000	1.423
3803.000	1.423
3804.000	1.423
3805.000	1.423
3806.000	1.423
3807.000	1.423
3808.000	1.423
3809.000	1.423
3810.000	1.423
3811.000	1.413
3812.000	1.413
3813.000	1.413
3814.000	1.413
3815.000	1.413
3816.000	1.413
3817.000	1.413
3818.000	1.413
3819.000	1.413
3820.000	1.413
3821.000	1.413
3822.000	1.413
3823.000	1.413
3824.000	1.413
3825.000	1.413
3826.000	1.413
3827.000	1.413
3828.000	1.413
3829.000	1.413
3830.000	1.351
3831.000	1.351
3832.000	1.351
3833.000	1.351
3834.000	1.351
3835.000	1.343
3836.000	1.343
3837.000	1.343
3838.000	1.343
3839.000	1.343
3840.000	1.343
3841.000	1.343
3842.000	1.343
3843.000	1.343
3844.000	1.343
3845.000	1.343
3846.000	1.343
3847.000	1.343
3848.000	1.343
3849.000	1.343
3850.000	1.343
3851.000	1.343
3852.000	1.343
3853.000	1.343
3854.000	1.343
3855.000	1.343
3856.000	1.343
3857.000	1.343
3858.000	1.294
3859.000	1.294
3860.000	1.294
3861.000	1.294
3862.000	1.294
3863.000	1.294
3864.000	1.258
3865.000	1.258
3866.000	1.258
3867.000	1.258
3868.000	1.258
3869.000	1.258
3870.000	1.258
3871.000	1.258
3872.000	1.258
3873.000	1.258
3874.000	1.258
3875.000	1.258
3876.000	1.258
3877.000	1.258
3878.000	1.258
3879.000	1.258
3880.000	1.258
3881.000	1.258
3882.000	1.258
3883.000	1.258
3884.000	1.258
3885.000	1.258
3886.000	1.258
3887.000	1.258
3888.000	1.258
3889.000	1.258
3890.000	1.258
3891.000	1.258
3892.000	1.258
3893.000	1.258
3894.000	1.258
3895.000	1.258
3896.000	1.258
3897.000	1.258
3898.000	1.258
3899.000	1.258
3900.000	1.258
3901.000	1.258
3902.000	1.258
3903.000	1.258
3904.000	1.258
3905.000	1.258
3906.000	1.258
3907.000	1.258
3908.000	1.258
3909.000	1.258
3910.000	1.258
3911.000	1.226
3912.000	1.226
3913.000	1.226
3914.000	1.226
3915.000	1.226
3916.000	1.226
3917.000	1.226
3918.000	1.226
3919.000	1.226
3920.000	1.226
3921.000	1.226
3922.000	1.226
3923.000	1.226
3924.000	1.226
3925.000	1.226
3926.000	1.226
3927.000	1.226
3928.000	1.226
3929.000	1.226
3930.000	1.226
3931.000	1.226
3932.000	1.226
3933.000	1.226
3934.000	1.226
3935.000	1.226
3936.000	1.226
3937.000	1.226
3938.000	1.226
3939.000	1.226
3940.000	1.226
3941.000	1.226
3942.000	1.226
3943.000	1.226
3944.000	1.226
3945.000	1.226
3946.000	1.226
3947.000	1.226
3948.000	1.226
3949.000	1.226
3950.000	1.226
3951.000	1.226
3952.000	1.226
3953.000	1.226
3954.000	1.226
3955.000	1.226
3956.000	1.226
3957.000	1.226
3958.000	1.226
3959.000	1.226
3960.000	1.226
3961.000	1.226
3962.000	1.226
3963.000	1.226
3964.000	1.226
3965.000	1.226
3966.000	1.226
3967.000	1.226
3968.000	1.226
3969.000	1.226
3970.000	1.226
3971.000	1.226
3972.000	1.226
3973.000	1.226
3974.000	1.226
3975.000	1.226
3976.000	1.226
3977.000	1.226
3978.000	1.226
3979.000	1.226
3980.000	1.226
3981.000	1.226
3982.000	1.226
3983.000	1.226
3984.000	1.226
3985.000	1.226
3986.000	1.226
3987.000	1.226
3988.000	1.226
3989.000	1.222
3990.000	1.222
3991.000	1.222
3992.000	1.222
3993.000	1.222
3994.000	1.222
3995.000	1.222
3996.000	1.222
3997.000	1.222
3998.000	1.222
3999.000	1.222
4000.000	1.222
4001.000	1.222
4002.000	1.222
4003.000	1.222
4004.000	1.222
4005.000	1.222
4006.000	1.222
4007.000	1.222
4008.000	1.222
4009.000	1.222
4010.000	1.222
4011.000	1.222
4012.000	1.222
4013.000	1.222
4014.000	1.222
4015.000	1.222
4016.000	1.222
4017.000	1.222
4018.000	1.222
4019.000	1.222
4020.000	1.222
4021.000	1.222
4022.000	1.222
4023.000	1.222
4024.000	1.222
4025.000	1.222
4026.000	1.222
4027.000	1.222
4028.000	1.222
4029.000	1.222
4030.000	1.222
4031.000	1.222
4032.000	1.222
4033.000	1.222
4034.000	1.222
4035.000	1.222
4036.000	1.222
4037.000	1.222
4038.000	1.222
4039.000	1.222
4040.000	1.222
4041.000	1.222
4042.000	1.222
4043.000	1.222
4044.000	1.222
4045.000	1.222
4046.000	1.222
4047.000	1.222
4048.000	1.222
4049.000	1.222
4050.000	1.222
4051.000	1.222
4052.000	1.222
4053.000	1.222
4054.000	1.222
4055.000	1.222
4056.000	1.222
4057.000	1.222
4058.000	1.222
4059.000	1.222
4060.000	1.222
4061.000	1.222
4062.000	1.222
4063.000	1.222
4064.000	1.222
4065.000	1.222
4066.000	1.222
4067.000	1.222
4068.000	1.222
4069.000	1.222
4070.000	1.222
4071.000	1.222
4072.000	1.222
4073.000	1.222
4074.000	1.222
4075.000	1.222
4076.000	1.222
4077.000	1.222
4078.000	1.222
4079.000	1.222
4080.000	1.222
4081.000	1.222
4082.000	1.222
4083.000	1.222
4084.000	1.222
4085.000	1.222
4086.000	1.222
4087.000	1.222
4088.000	1.222
4089.000	1.222
4090.000	1.222
4091.000	1.222
4092.000	1.222
4093.000	1.208
4094.000	1.203
4095.000	1.118
