0.000	17.768
1.000	17.768
2.000	17.768
3.000	17.768
4.000	17.768
5.000	17.768
6.000	17.768
7.000	17.768
8.000	17.768
9.000	17.768
10.000	17.768
11.000	17.768
12.000	17.768
13.000	17.768
14.000	17.768
15.000	17.768
16.000	17.768
17.000	17.768
18.000	17.768
19.000	17.768
20.000	17.768
21.000	17.768
22.000	17.767
23.000	17.767
24.000	17.767
25.000	17.766
26.000	17.766
27.000	17.766
28.000	17.766
29.000	17.766
30.000	17.765
31.000	17.765
32.000	17.765
33.000	17.764
34.000	17.764
35.000	17.763
36.000	17.763
37.000	17.763
38.000	17.762
39.000	17.761
40.000	17.761
41.000	17.761
42.000	17.760
43.000	17.759
44.000	17.758
45.000	17.757
46.000	17.756
47.000	17.755
48.000	17.754
49.000	17.752
50.000	17.751
51.000	17.751
52.000	17.750
53.000	17.748
54.000	17.747
55.000	17.745
56.000	17.744
57.000	17.743
58.000	17.741
59.000	17.740
60.000	17.739
61.000	17.737
62.000	17.737
63.000	17.736
64.000	17.734
65.000	17.732
66.000	17.731
67.000	17.729
68.000	17.727
69.000	17.725
70.000	17.724
71.000	17.722
72.000	17.720
73.000	17.720
74.000	17.719
75.000	17.717
76.000	17.715
77.000	17.713
78.000	17.711
79.000	17.708
80.000	17.706
81.000	17.703
82.000	17.701
83.000	17.699
84.000	17.689
85.000	17.686
86.000	17.684
87.000	17.681
88.000	17.678
89.000	17.676
90.000	17.673
91.000	17.670
92.000	17.666
93.000	17.662
94.000	17.658
95.000	17.654
96.000	17.654
97.000	17.650
98.000	17.646
99.000	17.641
100.000	17.637
101.000	17.632
102.000	17.627
103.000	17.622
104.000	17.616
105.000	17.610
106.000	17.605
107.000	17.605
108.000	17.599
109.000	17.593
110.000	17.586
111.000	17.579
112.000	17.572
113.000	17.564
114.000	17.557
115.000	17.548
116.000	17.540
117.000	17.531
118.000	17.531
119.000	17.522
120.000	17.512
121.000	17.502
122.000	17.492
123.000	17.480
124.000	17.469
125.000	17.457
126.000	17.445
127.000	17.433
128.000	17.420
129.000	17.413
130.000	17.399
131.000	17.385
132.000	17.371
133.000	17.355
134.000	17.340
135.000	17.324
136.000	17.307
137.000	17.290
138.000	17.272
139.000	17.253
140.000	17.228
141.000	17.209
142.000	17.190
143.000	17.171
144.000	17.151
145.000	17.130
146.000	17.108
147.000	17.085
148.000	17.062
149.000	17.038
150.000	17.013
151.000	16.978
152.000	16.954
153.000	16.929
154.000	16.900
155.000	16.872
156.000	16.844
157.000	16.814
158.000	16.784
159.000	16.754
160.000	16.725
161.000	16.696
162.000	16.668
163.000	16.628
164.000	16.600
165.000	16.572
166.000	16.545
167.000	16.518
168.000	16.491
169.000	16.462
170.000	16.434
171.000	16.404
172.000	16.373
173.000	16.342
174.000	16.268
175.000	16.237
176.000	16.205
177.000	16.172
178.000	16.139
179.000	16.107
180.000	16.074
181.000	16.041
182.000	16.007
183.000	15.973
184.000	15.939
185.000	15.829
186.000	15.795
187.000	15.761
188.000	15.727
189.000	15.693
190.000	15.659
191.000	15.625
192.000	15.590
193.000	15.556
194.000	15.522
195.000	15.488
196.000	15.488
197.000	15.454
198.000	15.420
199.000	15.386
200.000	15.353
201.000	15.320
202.000	15.287
203.000	15.254
204.000	15.220
205.000	15.187
206.000	15.155
207.000	15.049
208.000	15.017
209.000	14.986
210.000	14.955
211.000	14.924
212.000	14.893
213.000	14.863
214.000	14.832
215.000	14.801
216.000	14.774
217.000	14.746
218.000	14.704
219.000	14.676
220.000	14.648
221.000	14.620
222.000	14.592
223.000	14.564
224.000	14.536
225.000	14.507
226.000	14.478
227.000	14.449
228.000	14.419
229.000	14.389
230.000	14.389
231.000	14.359
232.000	14.328
233.000	14.297
234.000	14.266
235.000	14.236
236.000	14.205
237.000	14.174
238.000	14.146
239.000	14.117
240.000	14.088
241.000	14.084
242.000	14.055
243.000	14.027
244.000	13.998
245.000	13.971
246.000	13.943
247.000	13.915
248.000	13.888
249.000	13.860
250.000	13.834
251.000	13.807
252.000	13.758
253.000	13.732
254.000	13.705
255.000	13.679
256.000	13.653
257.000	13.627
258.000	13.602
259.000	13.577
260.000	13.553
261.000	13.527
262.000	13.501
263.000	13.423
264.000	13.396
265.000	13.370
266.000	13.345
267.000	13.320
268.000	13.294
269.000	13.269
270.000	13.243
271.000	13.217
272.000	13.191
273.000	13.165
274.000	13.161
275.000	13.135
276.000	13.109
277.000	13.083
278.000	13.056
279.000	13.030
280.000	13.002
281.000	12.975
282.000	12.948
283.000	12.921
284.000	12.894
285.000	12.860
286.000	12.834
287.000	12.806
288.000	12.779
289.000	12.751
290.000	12.724
291.000	12.697
292.000	12.669
293.000	12.641
294.000	12.613
295.000	12.585
296.000	12.585
297.000	12.557
298.000	12.530
299.000	12.502
300.000	12.474
301.000	12.447
302.000	12.420
303.000	12.392
304.000	12.363
305.000	12.335
306.000	12.307
307.000	12.278
308.000	12.277
309.000	12.248
310.000	12.220
311.000	12.191
312.000	12.162
313.000	12.134
314.000	12.105
315.000	12.077
316.000	12.048
317.000	12.020
318.000	11.991
319.000	11.935
320.000	11.906
321.000	11.877
322.000	11.848
323.000	11.820
324.000	11.791
325.000	11.762
326.000	11.733
327.000	11.704
328.000	11.675
329.000	11.645
330.000	11.616
331.000	11.587
332.000	11.557
333.000	11.528
334.000	11.499
335.000	11.469
336.000	11.439
337.000	11.410
338.000	11.381
339.000	11.351
340.000	11.320
341.000	11.271
342.000	11.240
343.000	11.209
344.000	11.179
345.000	11.147
346.000	11.117
347.000	11.088
348.000	11.058
349.000	11.029
350.000	10.998
351.000	10.968
352.000	10.908
353.000	10.877
354.000	10.848
355.000	10.818
356.000	10.788
357.000	10.758
358.000	10.729
359.000	10.700
360.000	10.671
361.000	10.642
362.000	10.614
363.000	10.606
364.000	10.578
365.000	10.549
366.000	10.522
367.000	10.495
368.000	10.468
369.000	10.441
370.000	10.415
371.000	10.387
372.000	10.361
373.000	10.334
374.000	10.307
375.000	10.246
376.000	10.220
377.000	10.194
378.000	10.167
379.000	10.140
380.000	10.113
381.000	10.087
382.000	10.061
383.000	10.034
384.000	10.007
385.000	9.981
386.000	9.954
387.000	9.928
388.000	9.902
389.000	9.876
390.000	9.850
391.000	9.824
392.000	9.798
393.000	9.772
394.000	9.746
395.000	9.720
396.000	9.695
397.000	9.676
398.000	9.651
399.000	9.626
400.000	9.601
401.000	9.576
402.000	9.551
403.000	9.527
404.000	9.503
405.000	9.479
406.000	9.454
407.000	9.430
408.000	9.429
409.000	9.405
410.000	9.381
411.000	9.358
412.000	9.335
413.000	9.312
414.000	9.289
415.000	9.266
416.000	9.244
417.000	9.221
418.000	9.199
419.000	9.199
420.000	9.177
421.000	9.156
422.000	9.134
423.000	9.113
424.000	9.092
425.000	9.071
426.000	9.050
427.000	9.030
428.000	9.009
429.000	8.989
430.000	8.989
431.000	8.969
432.000	8.949
433.000	8.930
434.000	8.910
435.000	8.891
436.000	8.872
437.000	8.853
438.000	8.834
439.000	8.816
440.000	8.797
441.000	8.779
442.000	8.752
443.000	8.734
444.000	8.716
445.000	8.697
446.000	8.680
447.000	8.663
448.000	8.645
449.000	8.628
450.000	8.611
451.000	8.594
452.000	8.577
453.000	8.565
454.000	8.549
455.000	8.532
456.000	8.516
457.000	8.499
458.000	8.484
459.000	8.468
460.000	8.452
461.000	8.436
462.000	8.420
463.000	8.405
464.000	8.361
465.000	8.345
466.000	8.330
467.000	8.314
468.000	8.298
469.000	8.283
470.000	8.267
471.000	8.251
472.000	8.236
473.000	8.220
474.000	8.204
475.000	8.201
476.000	8.186
477.000	8.171
478.000	8.157
479.000	8.142
480.000	8.127
481.000	8.112
482.000	8.097
483.000	8.083
484.000	8.070
485.000	8.056
486.000	8.013
487.000	8.000
488.000	7.986
489.000	7.973
490.000	7.959
491.000	7.945
492.000	7.932
493.000	7.920
494.000	7.907
495.000	7.894
496.000	7.882
497.000	7.882
498.000	7.869
499.000	7.857
500.000	7.844
501.000	7.832
502.000	7.820
503.000	7.808
504.000	7.796
505.000	7.784
506.000	7.773
507.000	7.761
508.000	7.761
509.000	7.750
510.000	7.738
511.000	7.727
512.000	7.715
513.000	7.704
514.000	7.693
515.000	7.682
516.000	7.671
517.000	7.660
518.000	7.648
519.000	7.637
520.000	7.637
521.000	7.626
522.000	7.615
523.000	7.604
524.000	7.593
525.000	7.582
526.000	7.571
527.000	7.561
528.000	7.550
529.000	7.540
530.000	7.529
531.000	7.520
532.000	7.509
533.000	7.499
534.000	7.488
535.000	7.478
536.000	7.468
537.000	7.457
538.000	7.447
539.000	7.437
540.000	7.426
541.000	7.416
542.000	7.386
543.000	7.376
544.000	7.366
545.000	7.356
546.000	7.346
547.000	7.336
548.000	7.326
549.000	7.316
550.000	7.305
551.000	7.295
552.000	7.285
553.000	7.269
554.000	7.258
555.000	7.248
556.000	7.238
557.000	7.228
558.000	7.218
559.000	7.208
560.000	7.198
561.000	7.189
562.000	7.179
563.000	7.169
564.000	7.134
565.000	7.124
566.000	7.114
567.000	7.105
568.000	7.095
569.000	7.086
570.000	7.076
571.000	7.066
572.000	7.056
573.000	7.047
574.000	7.037
575.000	7.037
576.000	7.028
577.000	7.018
578.000	7.009
579.000	7.000
580.000	6.991
581.000	6.981
582.000	6.972
583.000	6.963
584.000	6.954
585.000	6.945
586.000	6.937
587.000	6.937
588.000	6.928
589.000	6.919
590.000	6.911
591.000	6.902
592.000	6.894
593.000	6.885
594.000	6.877
595.000	6.869
596.000	6.861
597.000	6.853
598.000	6.801
599.000	6.793
600.000	6.785
601.000	6.777
602.000	6.769
603.000	6.761
604.000	6.753
605.000	6.745
606.000	6.737
607.000	6.729
608.000	6.721
609.000	6.721
610.000	6.714
611.000	6.706
612.000	6.698
613.000	6.690
614.000	6.683
615.000	6.675
616.000	6.668
617.000	6.660
618.000	6.653
619.000	6.645
620.000	6.645
621.000	6.638
622.000	6.630
623.000	6.621
624.000	6.613
625.000	6.605
626.000	6.597
627.000	6.589
628.000	6.581
629.000	6.573
630.000	6.565
631.000	6.565
632.000	6.557
633.000	6.549
634.000	6.541
635.000	6.533
636.000	6.525
637.000	6.517
638.000	6.509
639.000	6.501
640.000	6.492
641.000	6.484
642.000	6.484
643.000	6.476
644.000	6.467
645.000	6.459
646.000	6.450
647.000	6.442
648.000	6.433
649.000	6.425
650.000	6.416
651.000	6.408
652.000	6.399
653.000	6.391
654.000	6.391
655.000	6.383
656.000	6.375
657.000	6.367
658.000	6.359
659.000	6.351
660.000	6.343
661.000	6.335
662.000	6.327
663.000	6.318
664.000	6.310
665.000	6.292
666.000	6.284
667.000	6.276
668.000	6.268
669.000	6.261
670.000	6.253
671.000	6.245
672.000	6.238
673.000	6.230
674.000	6.222
675.000	6.214
676.000	6.214
677.000	6.207
678.000	6.199
679.000	6.191
680.000	6.184
681.000	6.177
682.000	6.169
683.000	6.162
684.000	6.154
685.000	6.147
686.000	6.139
687.000	6.124
688.000	6.117
689.000	6.109
690.000	6.102
691.000	6.095
692.000	6.087
693.000	6.080
694.000	6.073
695.000	6.065
696.000	6.058
697.000	6.051
698.000	6.051
699.000	6.044
700.000	6.036
701.000	6.029
702.000	6.022
703.000	6.015
704.000	6.008
705.000	6.001
706.000	5.993
707.000	5.986
708.000	5.979
709.000	5.979
710.000	5.972
711.000	5.965
712.000	5.958
713.000	5.951
714.000	5.944
715.000	5.936
716.000	5.930
717.000	5.923
718.000	5.916
719.000	5.909
720.000	5.909
721.000	5.902
722.000	5.895
723.000	5.888
724.000	5.881
725.000	5.874
726.000	5.867
727.000	5.860
728.000	5.853
729.000	5.846
730.000	5.840
731.000	5.833
732.000	5.828
733.000	5.821
734.000	5.814
735.000	5.807
736.000	5.800
737.000	5.793
738.000	5.785
739.000	5.778
740.000	5.771
741.000	5.763
742.000	5.756
743.000	5.756
744.000	5.749
745.000	5.741
746.000	5.734
747.000	5.726
748.000	5.719
749.000	5.711
750.000	5.704
751.000	5.697
752.000	5.689
753.000	5.682
754.000	5.682
755.000	5.675
756.000	5.667
757.000	5.660
758.000	5.653
759.000	5.646
760.000	5.638
761.000	5.631
762.000	5.623
763.000	5.616
764.000	5.608
765.000	5.608
766.000	5.601
767.000	5.594
768.000	5.586
769.000	5.579
770.000	5.572
771.000	5.564
772.000	5.557
773.000	5.550
774.000	5.543
775.000	5.535
776.000	5.535
777.000	5.529
778.000	5.522
779.000	5.516
780.000	5.510
781.000	5.503
782.000	5.496
783.000	5.490
784.000	5.483
785.000	5.477
786.000	5.470
787.000	5.470
788.000	5.464
789.000	5.458
790.000	5.451
791.000	5.445
792.000	5.439
793.000	5.432
794.000	5.426
795.000	5.420
796.000	5.413
797.000	5.407
798.000	5.402
799.000	5.402
800.000	5.396
801.000	5.390
802.000	5.384
803.000	5.378
804.000	5.372
805.000	5.367
806.000	5.361
807.000	5.356
808.000	5.350
809.000	5.344
810.000	5.336
811.000	5.330
812.000	5.324
813.000	5.319
814.000	5.313
815.000	5.307
816.000	5.301
817.000	5.296
818.000	5.290
819.000	5.284
820.000	5.279
821.000	5.246
822.000	5.240
823.000	5.235
824.000	5.230
825.000	5.224
826.000	5.219
827.000	5.214
828.000	5.208
829.000	5.203
830.000	5.197
831.000	5.192
832.000	5.192
833.000	5.186
834.000	5.181
835.000	5.175
836.000	5.170
837.000	5.164
838.000	5.159
839.000	5.153
840.000	5.148
841.000	5.142
842.000	5.137
843.000	5.137
844.000	5.132
845.000	5.126
846.000	5.121
847.000	5.115
848.000	5.110
849.000	5.104
850.000	5.099
851.000	5.094
852.000	5.089
853.000	5.083
854.000	5.083
855.000	5.078
856.000	5.073
857.000	5.068
858.000	5.062
859.000	5.057
860.000	5.052
861.000	5.047
862.000	5.041
863.000	5.036
864.000	5.031
865.000	5.026
866.000	5.026
867.000	5.021
868.000	5.015
869.000	5.010
870.000	5.005
871.000	5.000
872.000	4.995
873.000	4.989
874.000	4.984
875.000	4.979
876.000	4.974
877.000	4.937
878.000	4.932
879.000	4.927
880.000	4.922
881.000	4.917
882.000	4.911
883.000	4.906
884.000	4.901
885.000	4.896
886.000	4.891
887.000	4.886
888.000	4.886
889.000	4.881
890.000	4.876
891.000	4.871
892.000	4.866
893.000	4.861
894.000	4.856
895.000	4.852
896.000	4.847
897.000	4.842
898.000	4.837
899.000	4.810
900.000	4.805
901.000	4.800
902.000	4.795
903.000	4.790
904.000	4.785
905.000	4.780
906.000	4.775
907.000	4.770
908.000	4.765
909.000	4.761
910.000	4.761
911.000	4.756
912.000	4.751
913.000	4.746
914.000	4.741
915.000	4.737
916.000	4.732
917.000	4.727
918.000	4.722
919.000	4.718
920.000	4.713
921.000	4.713
922.000	4.708
923.000	4.704
924.000	4.699
925.000	4.695
926.000	4.690
927.000	4.685
928.000	4.681
929.000	4.676
930.000	4.672
931.000	4.667
932.000	4.662
933.000	4.640
934.000	4.635
935.000	4.631
936.000	4.626
937.000	4.621
938.000	4.617
939.000	4.612
940.000	4.607
941.000	4.603
942.000	4.598
943.000	4.594
944.000	4.585
945.000	4.580
946.000	4.576
947.000	4.571
948.000	4.567
949.000	4.562
950.000	4.558
951.000	4.553
952.000	4.549
953.000	4.545
954.000	4.540
955.000	4.540
956.000	4.536
957.000	4.531
958.000	4.527
959.000	4.522
960.000	4.518
961.000	4.513
962.000	4.509
963.000	4.505
964.000	4.500
965.000	4.496
966.000	4.496
967.000	4.492
968.000	4.487
969.000	4.483
970.000	4.479
971.000	4.475
972.000	4.470
973.000	4.466
974.000	4.462
975.000	4.457
976.000	4.453
977.000	4.408
978.000	4.403
979.000	4.399
980.000	4.395
981.000	4.391
982.000	4.387
983.000	4.383
984.000	4.378
985.000	4.374
986.000	4.370
987.000	4.366
988.000	4.366
989.000	4.362
990.000	4.358
991.000	4.353
992.000	4.349
993.000	4.345
994.000	4.341
995.000	4.337
996.000	4.333
997.000	4.329
998.000	4.325
999.000	4.325
1000.000	4.321
1001.000	4.317
1002.000	4.313
1003.000	4.309
1004.000	4.305
1005.000	4.301
1006.000	4.297
1007.000	4.293
1008.000	4.289
1009.000	4.285
1010.000	4.281
1011.000	4.281
1012.000	4.277
1013.000	4.273
1014.000	4.269
1015.000	4.265
1016.000	4.261
1017.000	4.257
1018.000	4.253
1019.000	4.249
1020.000	4.245
1021.000	4.241
1022.000	4.241
1023.000	4.237
1024.000	4.233
1025.000	4.229
1026.000	4.225
1027.000	4.221
1028.000	4.218
1029.000	4.214
1030.000	4.210
1031.000	4.206
1032.000	4.202
1033.000	4.202
1034.000	4.199
1035.000	4.195
1036.000	4.191
1037.000	4.188
1038.000	4.184
1039.000	4.180
1040.000	4.176
1041.000	4.173
1042.000	4.169
1043.000	4.165
1044.000	4.165
1045.000	4.162
1046.000	4.158
1047.000	4.154
1048.000	4.150
1049.000	4.146
1050.000	4.143
1051.000	4.139
1052.000	4.135
1053.000	4.132
1054.000	4.128
1055.000	4.128
1056.000	4.124
1057.000	4.121
1058.000	4.117
1059.000	4.113
1060.000	4.110
1061.000	4.106
1062.000	4.103
1063.000	4.099
1064.000	4.095
1065.000	4.092
1066.000	4.092
1067.000	4.088
1068.000	4.085
1069.000	4.081
1070.000	4.078
1071.000	4.074
1072.000	4.071
1073.000	4.067
1074.000	4.064
1075.000	4.061
1076.000	4.057
1077.000	4.054
1078.000	4.054
1079.000	4.050
1080.000	4.047
1081.000	4.043
1082.000	4.040
1083.000	4.036
1084.000	4.033
1085.000	4.029
1086.000	4.026
1087.000	4.023
1088.000	4.019
1089.000	3.996
1090.000	3.993
1091.000	3.989
1092.000	3.986
1093.000	3.983
1094.000	3.979
1095.000	3.976
1096.000	3.973
1097.000	3.969
1098.000	3.966
1099.000	3.963
1100.000	3.948
1101.000	3.945
1102.000	3.942
1103.000	3.938
1104.000	3.935
1105.000	3.931
1106.000	3.928
1107.000	3.925
1108.000	3.921
1109.000	3.918
1110.000	3.915
1111.000	3.914
1112.000	3.911
1113.000	3.907
1114.000	3.904
1115.000	3.901
1116.000	3.898
1117.000	3.894
1118.000	3.891
1119.000	3.888
1120.000	3.885
1121.000	3.882
1122.000	3.849
1123.000	3.846
1124.000	3.843
1125.000	3.839
1126.000	3.836
1127.000	3.833
1128.000	3.830
1129.000	3.827
1130.000	3.824
1131.000	3.821
1132.000	3.817
1133.000	3.817
1134.000	3.814
1135.000	3.811
1136.000	3.808
1137.000	3.805
1138.000	3.802
1139.000	3.799
1140.000	3.796
1141.000	3.793
1142.000	3.790
1143.000	3.787
1144.000	3.784
1145.000	3.768
1146.000	3.765
1147.000	3.762
1148.000	3.759
1149.000	3.756
1150.000	3.754
1151.000	3.751
1152.000	3.748
1153.000	3.745
1154.000	3.743
1155.000	3.740
1156.000	3.740
1157.000	3.737
1158.000	3.735
1159.000	3.732
1160.000	3.729
1161.000	3.727
1162.000	3.724
1163.000	3.721
1164.000	3.719
1165.000	3.716
1166.000	3.714
1167.000	3.714
1168.000	3.711
1169.000	3.708
1170.000	3.706
1171.000	3.703
1172.000	3.701
1173.000	3.698
1174.000	3.696
1175.000	3.693
1176.000	3.691
1177.000	3.688
1178.000	3.688
1179.000	3.686
1180.000	3.683
1181.000	3.681
1182.000	3.678
1183.000	3.676
1184.000	3.673
1185.000	3.671
1186.000	3.668
1187.000	3.666
1188.000	3.663
1189.000	3.663
1190.000	3.661
1191.000	3.658
1192.000	3.655
1193.000	3.653
1194.000	3.651
1195.000	3.648
1196.000	3.646
1197.000	3.643
1198.000	3.641
1199.000	3.638
1200.000	3.608
1201.000	3.605
1202.000	3.603
1203.000	3.601
1204.000	3.598
1205.000	3.596
1206.000	3.593
1207.000	3.591
1208.000	3.588
1209.000	3.586
1210.000	3.583
1211.000	3.583
1212.000	3.581
1213.000	3.578
1214.000	3.576
1215.000	3.574
1216.000	3.571
1217.000	3.569
1218.000	3.567
1219.000	3.565
1220.000	3.562
1221.000	3.560
1222.000	3.558
1223.000	3.558
1224.000	3.555
1225.000	3.553
1226.000	3.551
1227.000	3.549
1228.000	3.547
1229.000	3.544
1230.000	3.542
1231.000	3.540
1232.000	3.538
1233.000	3.536
1234.000	3.536
1235.000	3.533
1236.000	3.531
1237.000	3.529
1238.000	3.527
1239.000	3.525
1240.000	3.523
1241.000	3.521
1242.000	3.519
1243.000	3.516
1244.000	3.514
1245.000	3.514
1246.000	3.512
1247.000	3.510
1248.000	3.508
1249.000	3.506
1250.000	3.504
1251.000	3.502
1252.000	3.500
1253.000	3.498
1254.000	3.496
1255.000	3.494
1256.000	3.494
1257.000	3.492
1258.000	3.490
1259.000	3.489
1260.000	3.487
1261.000	3.485
1262.000	3.483
1263.000	3.481
1264.000	3.479
1265.000	3.477
1266.000	3.475
1267.000	3.475
1268.000	3.473
1269.000	3.471
1270.000	3.470
1271.000	3.468
1272.000	3.466
1273.000	3.464
1274.000	3.462
1275.000	3.460
1276.000	3.459
1277.000	3.457
1278.000	3.457
1279.000	3.455
1280.000	3.453
1281.000	3.452
1282.000	3.450
1283.000	3.448
1284.000	3.447
1285.000	3.445
1286.000	3.443
1287.000	3.442
1288.000	3.440
1289.000	3.438
1290.000	3.438
1291.000	3.437
1292.000	3.435
1293.000	3.433
1294.000	3.432
1295.000	3.430
1296.000	3.429
1297.000	3.427
1298.000	3.426
1299.000	3.424
1300.000	3.423
1301.000	3.405
1302.000	3.403
1303.000	3.402
1304.000	3.400
1305.000	3.399
1306.000	3.397
1307.000	3.396
1308.000	3.394
1309.000	3.393
1310.000	3.391
1311.000	3.390
1312.000	3.390
1313.000	3.388
1314.000	3.387
1315.000	3.385
1316.000	3.384
1317.000	3.383
1318.000	3.381
1319.000	3.380
1320.000	3.378
1321.000	3.377
1322.000	3.375
1323.000	3.375
1324.000	3.374
1325.000	3.373
1326.000	3.372
1327.000	3.370
1328.000	3.369
1329.000	3.368
1330.000	3.366
1331.000	3.365
1332.000	3.364
1333.000	3.362
1334.000	3.362
1335.000	3.361
1336.000	3.360
1337.000	3.359
1338.000	3.358
1339.000	3.357
1340.000	3.355
1341.000	3.354
1342.000	3.353
1343.000	3.352
1344.000	3.351
1345.000	3.351
1346.000	3.350
1347.000	3.349
1348.000	3.348
1349.000	3.346
1350.000	3.345
1351.000	3.344
1352.000	3.343
1353.000	3.342
1354.000	3.341
1355.000	3.340
1356.000	3.340
1357.000	3.340
1358.000	3.339
1359.000	3.338
1360.000	3.337
1361.000	3.336
1362.000	3.335
1363.000	3.334
1364.000	3.333
1365.000	3.332
1366.000	3.331
1367.000	3.330
1368.000	3.330
1369.000	3.329
1370.000	3.329
1371.000	3.328
1372.000	3.327
1373.000	3.326
1374.000	3.325
1375.000	3.324
1376.000	3.323
1377.000	3.323
1378.000	3.322
1379.000	3.322
1380.000	3.321
1381.000	3.320
1382.000	3.319
1383.000	3.318
1384.000	3.318
1385.000	3.317
1386.000	3.316
1387.000	3.315
1388.000	3.314
1389.000	3.313
1390.000	3.313
1391.000	3.312
1392.000	3.312
1393.000	3.311
1394.000	3.310
1395.000	3.309
1396.000	3.308
1397.000	3.307
1398.000	3.306
1399.000	3.305
1400.000	3.305
1401.000	3.305
1402.000	3.304
1403.000	3.303
1404.000	3.302
1405.000	3.301
1406.000	3.300
1407.000	3.299
1408.000	3.298
1409.000	3.297
1410.000	3.296
1411.000	3.295
1412.000	3.295
1413.000	3.294
1414.000	3.293
1415.000	3.292
1416.000	3.292
1417.000	3.291
1418.000	3.290
1419.000	3.289
1420.000	3.288
1421.000	3.287
1422.000	3.286
1423.000	3.286
1424.000	3.285
1425.000	3.284
1426.000	3.284
1427.000	3.283
1428.000	3.282
1429.000	3.281
1430.000	3.280
1431.000	3.279
1432.000	3.278
1433.000	3.277
1434.000	3.276
1435.000	3.276
1436.000	3.275
1437.000	3.274
1438.000	3.273
1439.000	3.272
1440.000	3.272
1441.000	3.271
1442.000	3.270
1443.000	3.269
1444.000	3.268
1445.000	3.267
1446.000	3.267
1447.000	3.266
1448.000	3.265
1449.000	3.265
1450.000	3.264
1451.000	3.263
1452.000	3.262
1453.000	3.262
1454.000	3.261
1455.000	3.260
1456.000	3.259
1457.000	3.259
1458.000	3.258
1459.000	3.258
1460.000	3.257
1461.000	3.256
1462.000	3.255
1463.000	3.255
1464.000	3.254
1465.000	3.253
1466.000	3.252
1467.000	3.252
1468.000	3.252
1469.000	3.251
1470.000	3.250
1471.000	3.249
1472.000	3.249
1473.000	3.248
1474.000	3.247
1475.000	3.247
1476.000	3.246
1477.000	3.245
1478.000	3.245
1479.000	3.245
1480.000	3.244
1481.000	3.243
1482.000	3.243
1483.000	3.242
1484.000	3.242
1485.000	3.241
1486.000	3.240
1487.000	3.239
1488.000	3.239
1489.000	3.238
1490.000	3.238
1491.000	3.238
1492.000	3.237
1493.000	3.236
1494.000	3.236
1495.000	3.235
1496.000	3.234
1497.000	3.234
1498.000	3.233
1499.000	3.233
1500.000	3.232
1501.000	3.231
1502.000	3.231
1503.000	3.230
1504.000	3.230
1505.000	3.229
1506.000	3.227
1507.000	3.226
1508.000	3.224
1509.000	3.222
1510.000	3.221
1511.000	3.219
1512.000	3.218
1513.000	3.218
1514.000	3.216
1515.000	3.214
1516.000	3.213
1517.000	3.211
1518.000	3.210
1519.000	3.208
1520.000	3.207
1521.000	3.205
1522.000	3.204
1523.000	3.202
1524.000	3.202
1525.000	3.201
1526.000	3.199
1527.000	3.197
1528.000	3.196
1529.000	3.194
1530.000	3.193
1531.000	3.191
1532.000	3.190
1533.000	3.188
1534.000	3.187
1535.000	3.187
1536.000	3.185
1537.000	3.183
1538.000	3.182
1539.000	3.180
1540.000	3.179
1541.000	3.177
1542.000	3.176
1543.000	3.174
1544.000	3.173
1545.000	3.171
1546.000	3.171
1547.000	3.170
1548.000	3.168
1549.000	3.167
1550.000	3.165
1551.000	3.164
1552.000	3.162
1553.000	3.161
1554.000	3.159
1555.000	3.158
1556.000	3.156
1557.000	3.156
1558.000	3.155
1559.000	3.153
1560.000	3.152
1561.000	3.150
1562.000	3.149
1563.000	3.147
1564.000	3.146
1565.000	3.144
1566.000	3.143
1567.000	3.141
1568.000	3.140
1569.000	3.140
1570.000	3.138
1571.000	3.137
1572.000	3.136
1573.000	3.134
1574.000	3.133
1575.000	3.131
1576.000	3.130
1577.000	3.128
1578.000	3.127
1579.000	3.125
1580.000	3.110
1581.000	3.109
1582.000	3.107
1583.000	3.106
1584.000	3.104
1585.000	3.103
1586.000	3.101
1587.000	3.100
1588.000	3.099
1589.000	3.097
1590.000	3.096
1591.000	3.096
1592.000	3.094
1593.000	3.093
1594.000	3.091
1595.000	3.090
1596.000	3.089
1597.000	3.087
1598.000	3.086
1599.000	3.084
1600.000	3.083
1601.000	3.082
1602.000	3.082
1603.000	3.080
1604.000	3.079
1605.000	3.077
1606.000	3.076
1607.000	3.075
1608.000	3.073
1609.000	3.072
1610.000	3.071
1611.000	3.069
1612.000	3.068
1613.000	3.068
1614.000	3.067
1615.000	3.065
1616.000	3.064
1617.000	3.063
1618.000	3.061
1619.000	3.060
1620.000	3.058
1621.000	3.057
1622.000	3.056
1623.000	3.054
1624.000	3.054
1625.000	3.053
1626.000	3.052
1627.000	3.050
1628.000	3.049
1629.000	3.048
1630.000	3.046
1631.000	3.045
1632.000	3.044
1633.000	3.042
1634.000	3.041
1635.000	3.040
1636.000	3.040
1637.000	3.038
1638.000	3.037
1639.000	3.036
1640.000	3.034
1641.000	3.033
1642.000	3.032
1643.000	3.030
1644.000	3.029
1645.000	3.028
1646.000	3.026
1647.000	3.026
1648.000	3.025
1649.000	3.024
1650.000	3.022
1651.000	3.021
1652.000	3.020
1653.000	3.018
1654.000	3.017
1655.000	3.016
1656.000	3.014
1657.000	3.013
1658.000	3.013
1659.000	3.012
1660.000	3.010
1661.000	3.009
1662.000	3.008
1663.000	3.006
1664.000	3.005
1665.000	3.004
1666.000	3.002
1667.000	3.001
1668.000	3.000
1669.000	3.000
1670.000	2.999
1671.000	2.997
1672.000	2.996
1673.000	2.995
1674.000	2.993
1675.000	2.992
1676.000	2.991
1677.000	2.989
1678.000	2.988
1679.000	2.987
1680.000	2.987
1681.000	2.985
1682.000	2.984
1683.000	2.983
1684.000	2.982
1685.000	2.980
1686.000	2.979
1687.000	2.978
1688.000	2.977
1689.000	2.975
1690.000	2.974
1691.000	2.974
1692.000	2.973
1693.000	2.972
1694.000	2.971
1695.000	2.969
1696.000	2.968
1697.000	2.967
1698.000	2.966
1699.000	2.965
1700.000	2.963
1701.000	2.962
1702.000	2.962
1703.000	2.961
1704.000	2.960
1705.000	2.959
1706.000	2.957
1707.000	2.956
1708.000	2.955
1709.000	2.954
1710.000	2.953
1711.000	2.952
1712.000	2.951
1713.000	2.950
1714.000	2.950
1715.000	2.949
1716.000	2.947
1717.000	2.946
1718.000	2.945
1719.000	2.944
1720.000	2.943
1721.000	2.942
1722.000	2.941
1723.000	2.940
1724.000	2.939
1725.000	2.939
1726.000	2.937
1727.000	2.936
1728.000	2.935
1729.000	2.934
1730.000	2.933
1731.000	2.931
1732.000	2.930
1733.000	2.929
1734.000	2.927
1735.000	2.925
1736.000	2.925
1737.000	2.924
1738.000	2.922
1739.000	2.920
1740.000	2.919
1741.000	2.917
1742.000	2.916
1743.000	2.914
1744.000	2.912
1745.000	2.911
1746.000	2.909
1747.000	2.909
1748.000	2.908
1749.000	2.906
1750.000	2.904
1751.000	2.903
1752.000	2.901
1753.000	2.900
1754.000	2.898
1755.000	2.897
1756.000	2.895
1757.000	2.894
1758.000	2.894
1759.000	2.892
1760.000	2.890
1761.000	2.889
1762.000	2.887
1763.000	2.886
1764.000	2.884
1765.000	2.883
1766.000	2.881
1767.000	2.879
1768.000	2.878
1769.000	2.878
1770.000	2.876
1771.000	2.875
1772.000	2.873
1773.000	2.872
1774.000	2.870
1775.000	2.868
1776.000	2.867
1777.000	2.865
1778.000	2.864
1779.000	2.862
1780.000	2.861
1781.000	2.861
1782.000	2.859
1783.000	2.857
1784.000	2.855
1785.000	2.854
1786.000	2.852
1787.000	2.850
1788.000	2.849
1789.000	2.847
1790.000	2.845
1791.000	2.843
1792.000	2.843
1793.000	2.842
1794.000	2.840
1795.000	2.838
1796.000	2.837
1797.000	2.835
1798.000	2.833
1799.000	2.831
1800.000	2.829
1801.000	2.828
1802.000	2.826
1803.000	2.826
1804.000	2.824
1805.000	2.822
1806.000	2.820
1807.000	2.818
1808.000	2.817
1809.000	2.815
1810.000	2.813
1811.000	2.811
1812.000	2.809
1813.000	2.808
1814.000	2.808
1815.000	2.806
1816.000	2.804
1817.000	2.802
1818.000	2.800
1819.000	2.799
1820.000	2.797
1821.000	2.795
1822.000	2.793
1823.000	2.792
1824.000	2.790
1825.000	2.790
1826.000	2.788
1827.000	2.786
1828.000	2.784
1829.000	2.783
1830.000	2.781
1831.000	2.779
1832.000	2.777
1833.000	2.775
1834.000	2.774
1835.000	2.773
1836.000	2.773
1837.000	2.771
1838.000	2.770
1839.000	2.769
1840.000	2.768
1841.000	2.767
1842.000	2.766
1843.000	2.765
1844.000	2.764
1845.000	2.763
1846.000	2.762
1847.000	2.761
1848.000	2.761
1849.000	2.760
1850.000	2.759
1851.000	2.758
1852.000	2.757
1853.000	2.756
1854.000	2.755
1855.000	2.754
1856.000	2.753
1857.000	2.752
1858.000	2.750
1859.000	2.750
1860.000	2.749
1861.000	2.748
1862.000	2.747
1863.000	2.746
1864.000	2.745
1865.000	2.744
1866.000	2.743
1867.000	2.742
1868.000	2.741
1869.000	2.740
1870.000	2.740
1871.000	2.739
1872.000	2.738
1873.000	2.737
1874.000	2.736
1875.000	2.734
1876.000	2.733
1877.000	2.732
1878.000	2.731
1879.000	2.730
1880.000	2.729
1881.000	2.729
1882.000	2.728
1883.000	2.727
1884.000	2.726
1885.000	2.725
1886.000	2.724
1887.000	2.723
1888.000	2.722
1889.000	2.720
1890.000	2.719
1891.000	2.718
1892.000	2.718
1893.000	2.717
1894.000	2.716
1895.000	2.715
1896.000	2.714
1897.000	2.712
1898.000	2.711
1899.000	2.710
1900.000	2.709
1901.000	2.708
1902.000	2.707
1903.000	2.707
1904.000	2.705
1905.000	2.704
1906.000	2.703
1907.000	2.702
1908.000	2.701
1909.000	2.700
1910.000	2.699
1911.000	2.697
1912.000	2.696
1913.000	2.695
1914.000	2.695
1915.000	2.694
1916.000	2.693
1917.000	2.692
1918.000	2.690
1919.000	2.689
1920.000	2.688
1921.000	2.686
1922.000	2.685
1923.000	2.684
1924.000	2.683
1925.000	2.681
1926.000	2.681
1927.000	2.680
1928.000	2.679
1929.000	2.677
1930.000	2.676
1931.000	2.675
1932.000	2.674
1933.000	2.672
1934.000	2.671
1935.000	2.670
1936.000	2.669
1937.000	2.669
1938.000	2.667
1939.000	2.666
1940.000	2.665
1941.000	2.663
1942.000	2.662
1943.000	2.661
1944.000	2.659
1945.000	2.658
1946.000	2.657
1947.000	2.655
1948.000	2.655
1949.000	2.654
1950.000	2.653
1951.000	2.651
1952.000	2.650
1953.000	2.649
1954.000	2.647
1955.000	2.646
1956.000	2.645
1957.000	2.643
1958.000	2.642
1959.000	2.642
1960.000	2.641
1961.000	2.639
1962.000	2.638
1963.000	2.637
1964.000	2.635
1965.000	2.634
1966.000	2.633
1967.000	2.631
1968.000	2.630
1969.000	2.629
1970.000	2.629
1971.000	2.627
1972.000	2.626
1973.000	2.625
1974.000	2.623
1975.000	2.622
1976.000	2.621
1977.000	2.619
1978.000	2.618
1979.000	2.617
1980.000	2.615
1981.000	2.615
1982.000	2.614
1983.000	2.613
1984.000	2.611
1985.000	2.610
1986.000	2.609
1987.000	2.607
1988.000	2.606
1989.000	2.605
1990.000	2.603
1991.000	2.602
1992.000	2.601
1993.000	2.601
1994.000	2.599
1995.000	2.598
1996.000	2.597
1997.000	2.595
1998.000	2.594
1999.000	2.592
2000.000	2.591
2001.000	2.589
2002.000	2.588
2003.000	2.586
2004.000	2.586
2005.000	2.585
2006.000	2.584
2007.000	2.582
2008.000	2.581
2009.000	2.579
2010.000	2.578
2011.000	2.576
2012.000	2.575
2013.000	2.573
2014.000	2.572
2015.000	2.572
2016.000	2.570
2017.000	2.569
2018.000	2.568
2019.000	2.566
2020.000	2.565
2021.000	2.563
2022.000	2.562
2023.000	2.560
2024.000	2.559
2025.000	2.557
2026.000	2.557
2027.000	2.556
2028.000	2.554
2029.000	2.553
2030.000	2.551
2031.000	2.550
2032.000	2.548
2033.000	2.547
2034.000	2.545
2035.000	2.544
2036.000	2.542
2037.000	2.542
2038.000	2.541
2039.000	2.539
2040.000	2.537
2041.000	2.536
2042.000	2.534
2043.000	2.533
2044.000	2.531
2045.000	2.530
2046.000	2.528
2047.000	2.526
2048.000	2.526
2049.000	2.525
2050.000	2.523
2051.000	2.521
2052.000	2.520
2053.000	2.518
2054.000	2.516
2055.000	2.515
2056.000	2.513
2057.000	2.512
2058.000	2.510
2059.000	2.508
2060.000	2.508
2061.000	2.506
2062.000	2.505
2063.000	2.503
2064.000	2.501
2065.000	2.500
2066.000	2.498
2067.000	2.496
2068.000	2.495
2069.000	2.493
2070.000	2.491
2071.000	2.491
2072.000	2.490
2073.000	2.488
2074.000	2.486
2075.000	2.485
2076.000	2.483
2077.000	2.481
2078.000	2.480
2079.000	2.478
2080.000	2.476
2081.000	2.475
2082.000	2.475
2083.000	2.473
2084.000	2.471
2085.000	2.470
2086.000	2.468
2087.000	2.466
2088.000	2.464
2089.000	2.463
2090.000	2.461
2091.000	2.459
2092.000	2.458
2093.000	2.458
2094.000	2.456
2095.000	2.454
2096.000	2.452
2097.000	2.451
2098.000	2.449
2099.000	2.447
2100.000	2.446
2101.000	2.444
2102.000	2.442
2103.000	2.441
2104.000	2.441
2105.000	2.439
2106.000	2.438
2107.000	2.436
2108.000	2.435
2109.000	2.434
2110.000	2.432
2111.000	2.431
2112.000	2.430
2113.000	2.429
2114.000	2.427
2115.000	2.427
2116.000	2.426
2117.000	2.425
2118.000	2.424
2119.000	2.423
2120.000	2.421
2121.000	2.420
2122.000	2.419
2123.000	2.418
2124.000	2.416
2125.000	2.415
2126.000	2.415
2127.000	2.414
2128.000	2.413
2129.000	2.412
2130.000	2.410
2131.000	2.409
2132.000	2.408
2133.000	2.407
2134.000	2.405
2135.000	2.404
2136.000	2.403
2137.000	2.402
2138.000	2.402
2139.000	2.400
2140.000	2.399
2141.000	2.398
2142.000	2.397
2143.000	2.395
2144.000	2.394
2145.000	2.393
2146.000	2.392
2147.000	2.391
2148.000	2.389
2149.000	2.389
2150.000	2.388
2151.000	2.387
2152.000	2.386
2153.000	2.385
2154.000	2.383
2155.000	2.382
2156.000	2.381
2157.000	2.380
2158.000	2.379
2159.000	2.377
2160.000	2.377
2161.000	2.376
2162.000	2.375
2163.000	2.374
2164.000	2.373
2165.000	2.372
2166.000	2.371
2167.000	2.369
2168.000	2.368
2169.000	2.367
2170.000	2.366
2171.000	2.366
2172.000	2.365
2173.000	2.364
2174.000	2.363
2175.000	2.362
2176.000	2.361
2177.000	2.360
2178.000	2.359
2179.000	2.358
2180.000	2.357
2181.000	2.356
2182.000	2.356
2183.000	2.355
2184.000	2.354
2185.000	2.353
2186.000	2.352
2187.000	2.351
2188.000	2.350
2189.000	2.349
2190.000	2.348
2191.000	2.347
2192.000	2.346
2193.000	2.346
2194.000	2.345
2195.000	2.344
2196.000	2.344
2197.000	2.343
2198.000	2.342
2199.000	2.341
2200.000	2.340
2201.000	2.339
2202.000	2.338
2203.000	2.337
2204.000	2.336
2205.000	2.336
2206.000	2.335
2207.000	2.334
2208.000	2.333
2209.000	2.332
2210.000	2.331
2211.000	2.330
2212.000	2.330
2213.000	2.329
2214.000	2.328
2215.000	2.327
2216.000	2.319
2217.000	2.318
2218.000	2.317
2219.000	2.317
2220.000	2.316
2221.000	2.315
2222.000	2.314
2223.000	2.313
2224.000	2.312
2225.000	2.311
2226.000	2.311
2227.000	2.311
2228.000	2.310
2229.000	2.309
2230.000	2.308
2231.000	2.307
2232.000	2.306
2233.000	2.306
2234.000	2.305
2235.000	2.304
2236.000	2.303
2237.000	2.302
2238.000	2.302
2239.000	2.302
2240.000	2.301
2241.000	2.300
2242.000	2.299
2243.000	2.299
2244.000	2.298
2245.000	2.297
2246.000	2.296
2247.000	2.295
2248.000	2.295
2249.000	2.295
2250.000	2.294
2251.000	2.293
2252.000	2.292
2253.000	2.292
2254.000	2.291
2255.000	2.290
2256.000	2.289
2257.000	2.288
2258.000	2.288
2259.000	2.287
2260.000	2.287
2261.000	2.286
2262.000	2.285
2263.000	2.285
2264.000	2.284
2265.000	2.283
2266.000	2.282
2267.000	2.281
2268.000	2.281
2269.000	2.280
2270.000	2.279
2271.000	2.278
2272.000	2.278
2273.000	2.278
2274.000	2.277
2275.000	2.276
2276.000	2.275
2277.000	2.274
2278.000	2.274
2279.000	2.273
2280.000	2.272
2281.000	2.271
2282.000	2.270
2283.000	2.270
2284.000	2.270
2285.000	2.269
2286.000	2.268
2287.000	2.267
2288.000	2.266
2289.000	2.266
2290.000	2.265
2291.000	2.264
2292.000	2.263
2293.000	2.263
2294.000	2.263
2295.000	2.262
2296.000	2.261
2297.000	2.260
2298.000	2.260
2299.000	2.259
2300.000	2.258
2301.000	2.258
2302.000	2.257
2303.000	2.256
2304.000	2.255
2305.000	2.255
2306.000	2.255
2307.000	2.254
2308.000	2.253
2309.000	2.253
2310.000	2.252
2311.000	2.251
2312.000	2.250
2313.000	2.250
2314.000	2.249
2315.000	2.248
2316.000	2.248
2317.000	2.247
2318.000	2.247
2319.000	2.246
2320.000	2.245
2321.000	2.244
2322.000	2.244
2323.000	2.243
2324.000	2.242
2325.000	2.241
2326.000	2.241
2327.000	2.241
2328.000	2.240
2329.000	2.239
2330.000	2.238
2331.000	2.238
2332.000	2.237
2333.000	2.237
2334.000	2.236
2335.000	2.235
2336.000	2.235
2337.000	2.234
2338.000	2.233
2339.000	2.233
2340.000	2.233
2341.000	2.232
2342.000	2.231
2343.000	2.231
2344.000	2.230
2345.000	2.229
2346.000	2.229
2347.000	2.228
2348.000	2.227
2349.000	2.227
2350.000	2.227
2351.000	2.226
2352.000	2.226
2353.000	2.225
2354.000	2.224
2355.000	2.224
2356.000	2.223
2357.000	2.222
2358.000	2.222
2359.000	2.221
2360.000	2.221
2361.000	2.221
2362.000	2.220
2363.000	2.220
2364.000	2.219
2365.000	2.218
2366.000	2.218
2367.000	2.217
2368.000	2.217
2369.000	2.216
2370.000	2.215
2371.000	2.215
2372.000	2.215
2373.000	2.214
2374.000	2.214
2375.000	2.213
2376.000	2.213
2377.000	2.212
2378.000	2.211
2379.000	2.211
2380.000	2.210
2381.000	2.210
2382.000	2.209
2383.000	2.209
2384.000	2.208
2385.000	2.208
2386.000	2.207
2387.000	2.207
2388.000	2.206
2389.000	2.206
2390.000	2.205
2391.000	2.204
2392.000	2.204
2393.000	2.203
2394.000	2.203
2395.000	2.203
2396.000	2.202
2397.000	2.202
2398.000	2.201
2399.000	2.200
2400.000	2.200
2401.000	2.199
2402.000	2.198
2403.000	2.198
2404.000	2.197
2405.000	2.197
2406.000	2.197
2407.000	2.196
2408.000	2.195
2409.000	2.195
2410.000	2.194
2411.000	2.193
2412.000	2.193
2413.000	2.192
2414.000	2.192
2415.000	2.191
2416.000	2.190
2417.000	2.190
2418.000	2.190
2419.000	2.189
2420.000	2.189
2421.000	2.188
2422.000	2.187
2423.000	2.187
2424.000	2.186
2425.000	2.186
2426.000	2.186
2427.000	2.185
2428.000	2.185
2429.000	2.185
2430.000	2.184
2431.000	2.184
2432.000	2.183
2433.000	2.183
2434.000	2.182
2435.000	2.182
2436.000	2.181
2437.000	2.181
2438.000	2.180
2439.000	2.180
2440.000	2.180
2441.000	2.179
2442.000	2.179
2443.000	2.178
2444.000	2.178
2445.000	2.177
2446.000	2.177
2447.000	2.176
2448.000	2.176
2449.000	2.175
2450.000	2.175
2451.000	2.175
2452.000	2.174
2453.000	2.174
2454.000	2.173
2455.000	2.173
2456.000	2.172
2457.000	2.172
2458.000	2.171
2459.000	2.171
2460.000	2.170
2461.000	2.170
2462.000	2.170
2463.000	2.169
2464.000	2.169
2465.000	2.168
2466.000	2.168
2467.000	2.167
2468.000	2.167
2469.000	2.166
2470.000	2.166
2471.000	2.165
2472.000	2.165
2473.000	2.165
2474.000	2.164
2475.000	2.164
2476.000	2.163
2477.000	2.163
2478.000	2.163
2479.000	2.162
2480.000	2.162
2481.000	2.161
2482.000	2.161
2483.000	2.160
2484.000	2.160
2485.000	2.160
2486.000	2.160
2487.000	2.159
2488.000	2.159
2489.000	2.159
2490.000	2.158
2491.000	2.158
2492.000	2.158
2493.000	2.157
2494.000	2.157
2495.000	2.140
2496.000	2.140
2497.000	2.139
2498.000	2.139
2499.000	2.139
2500.000	2.138
2501.000	2.138
2502.000	2.138
2503.000	2.137
2504.000	2.137
2505.000	2.137
2506.000	2.137
2507.000	2.136
2508.000	2.136
2509.000	2.136
2510.000	2.135
2511.000	2.135
2512.000	2.135
2513.000	2.134
2514.000	2.134
2515.000	2.134
2516.000	2.133
2517.000	2.133
2518.000	2.133
2519.000	2.133
2520.000	2.132
2521.000	2.132
2522.000	2.131
2523.000	2.131
2524.000	2.131
2525.000	2.130
2526.000	2.130
2527.000	2.130
2528.000	2.130
2529.000	2.130
2530.000	2.129
2531.000	2.129
2532.000	2.129
2533.000	2.129
2534.000	2.128
2535.000	2.128
2536.000	2.128
2537.000	2.127
2538.000	2.127
2539.000	2.125
2540.000	2.125
2541.000	2.125
2542.000	2.124
2543.000	2.124
2544.000	2.124
2545.000	2.123
2546.000	2.123
2547.000	2.123
2548.000	2.123
2549.000	2.122
2550.000	2.122
2551.000	2.122
2552.000	2.122
2553.000	2.121
2554.000	2.121
2555.000	2.121
2556.000	2.120
2557.000	2.120
2558.000	2.120
2559.000	2.119
2560.000	2.119
2561.000	2.119
2562.000	2.119
2563.000	2.118
2564.000	2.118
2565.000	2.117
2566.000	2.117
2567.000	2.117
2568.000	2.116
2569.000	2.116
2570.000	2.116
2571.000	2.115
2572.000	2.115
2573.000	2.115
2574.000	2.114
2575.000	2.114
2576.000	2.114
2577.000	2.113
2578.000	2.113
2579.000	2.112
2580.000	2.112
2581.000	2.112
2582.000	2.111
2583.000	2.111
2584.000	2.111
2585.000	2.111
2586.000	2.110
2587.000	2.110
2588.000	2.109
2589.000	2.109
2590.000	2.109
2591.000	2.108
2592.000	2.108
2593.000	2.107
2594.000	2.107
2595.000	2.107
2596.000	2.107
2597.000	2.106
2598.000	2.106
2599.000	2.105
2600.000	2.105
2601.000	2.105
2602.000	2.104
2603.000	2.104
2604.000	2.103
2605.000	2.103
2606.000	2.103
2607.000	2.102
2608.000	2.102
2609.000	2.102
2610.000	2.101
2611.000	2.101
2612.000	2.100
2613.000	2.100
2614.000	2.099
2615.000	2.099
2616.000	2.099
2617.000	2.099
2618.000	2.098
2619.000	2.098
2620.000	2.097
2621.000	2.097
2622.000	2.096
2623.000	2.096
2624.000	2.096
2625.000	2.095
2626.000	2.095
2627.000	2.094
2628.000	2.094
2629.000	2.094
2630.000	2.093
2631.000	2.093
2632.000	2.093
2633.000	2.092
2634.000	2.092
2635.000	2.091
2636.000	2.091
2637.000	2.090
2638.000	2.090
2639.000	2.089
2640.000	2.089
2641.000	2.089
2642.000	2.089
2643.000	2.088
2644.000	2.088
2645.000	2.087
2646.000	2.087
2647.000	2.086
2648.000	2.086
2649.000	2.086
2650.000	2.085
2651.000	2.085
2652.000	2.085
2653.000	2.084
2654.000	2.084
2655.000	2.083
2656.000	2.083
2657.000	2.082
2658.000	2.082
2659.000	2.082
2660.000	2.081
2661.000	2.081
2662.000	2.081
2663.000	2.080
2664.000	2.080
2665.000	2.079
2666.000	2.079
2667.000	2.078
2668.000	2.078
2669.000	2.077
2670.000	2.077
2671.000	2.076
2672.000	2.076
2673.000	2.076
2674.000	2.075
2675.000	2.075
2676.000	2.074
2677.000	2.074
2678.000	2.074
2679.000	2.073
2680.000	2.073
2681.000	2.072
2682.000	2.072
2683.000	2.071
2684.000	2.071
2685.000	2.071
2686.000	2.070
2687.000	2.070
2688.000	2.069
2689.000	2.069
2690.000	2.068
2691.000	2.068
2692.000	2.067
2693.000	2.067
2694.000	2.066
2695.000	2.066
2696.000	2.066
2697.000	2.065
2698.000	2.065
2699.000	2.064
2700.000	2.064
2701.000	2.064
2702.000	2.063
2703.000	2.063
2704.000	2.062
2705.000	2.062
2706.000	2.061
2707.000	2.061
2708.000	2.061
2709.000	2.060
2710.000	2.060
2711.000	2.059
2712.000	2.059
2713.000	2.058
2714.000	2.058
2715.000	2.057
2716.000	2.057
2717.000	2.056
2718.000	2.056
2719.000	2.056
2720.000	2.055
2721.000	2.055
2722.000	2.054
2723.000	2.054
2724.000	2.053
2725.000	2.053
2726.000	2.052
2727.000	2.052
2728.000	2.051
2729.000	2.051
2730.000	2.051
2731.000	2.050
2732.000	2.050
2733.000	2.049
2734.000	2.049
2735.000	2.048
2736.000	2.048
2737.000	2.047
2738.000	2.047
2739.000	2.046
2740.000	2.046
2741.000	2.046
2742.000	2.045
2743.000	2.045
2744.000	2.044
2745.000	2.044
2746.000	2.044
2747.000	2.043
2748.000	2.043
2749.000	2.042
2750.000	2.041
2751.000	2.041
2752.000	2.041
2753.000	2.040
2754.000	2.040
2755.000	2.039
2756.000	2.039
2757.000	2.038
2758.000	2.038
2759.000	2.037
2760.000	2.037
2761.000	2.036
2762.000	2.036
2763.000	2.036
2764.000	2.035
2765.000	2.035
2766.000	2.034
2767.000	2.034
2768.000	2.033
2769.000	2.033
2770.000	2.032
2771.000	2.032
2772.000	2.032
2773.000	2.031
2774.000	2.031
2775.000	2.031
2776.000	2.030
2777.000	2.030
2778.000	2.029
2779.000	2.029
2780.000	2.028
2781.000	2.028
2782.000	2.027
2783.000	2.027
2784.000	2.026
2785.000	2.026
2786.000	2.026
2787.000	2.025
2788.000	2.025
2789.000	2.024
2790.000	2.024
2791.000	2.023
2792.000	2.023
2793.000	2.022
2794.000	2.022
2795.000	2.021
2796.000	2.021
2797.000	2.021
2798.000	2.020
2799.000	2.020
2800.000	2.019
2801.000	2.019
2802.000	2.018
2803.000	2.018
2804.000	2.018
2805.000	2.017
2806.000	2.017
2807.000	2.017
2808.000	2.016
2809.000	2.016
2810.000	2.015
2811.000	2.015
2812.000	2.015
2813.000	2.014
2814.000	2.014
2815.000	2.013
2816.000	2.013
2817.000	2.012
2818.000	2.012
2819.000	2.012
2820.000	2.012
2821.000	2.011
2822.000	2.011
2823.000	2.010
2824.000	2.010
2825.000	2.009
2826.000	2.009
2827.000	2.009
2828.000	2.008
2829.000	2.008
2830.000	2.008
2831.000	2.007
2832.000	2.007
2833.000	2.007
2834.000	2.006
2835.000	2.006
2836.000	2.005
2837.000	2.005
2838.000	2.004
2839.000	2.004
2840.000	2.004
2841.000	2.001
2842.000	2.001
2843.000	2.000
2844.000	2.000
2845.000	2.000
2846.000	1.999
2847.000	1.999
2848.000	1.998
2849.000	1.998
2850.000	1.997
2851.000	1.997
2852.000	1.997
2853.000	1.997
2854.000	1.996
2855.000	1.996
2856.000	1.995
2857.000	1.995
2858.000	1.995
2859.000	1.994
2860.000	1.994
2861.000	1.993
2862.000	1.993
2863.000	1.993
2864.000	1.992
2865.000	1.992
2866.000	1.992
2867.000	1.991
2868.000	1.991
2869.000	1.990
2870.000	1.990
2871.000	1.990
2872.000	1.989
2873.000	1.989
2874.000	1.980
2875.000	1.980
2876.000	1.979
2877.000	1.979
2878.000	1.978
2879.000	1.978
2880.000	1.978
2881.000	1.977
2882.000	1.977
2883.000	1.976
2884.000	1.976
2885.000	1.976
2886.000	1.975
2887.000	1.975
2888.000	1.975
2889.000	1.974
2890.000	1.974
2891.000	1.973
2892.000	1.973
2893.000	1.973
2894.000	1.972
2895.000	1.972
2896.000	1.972
2897.000	1.971
2898.000	1.971
2899.000	1.970
2900.000	1.970
2901.000	1.970
2902.000	1.969
2903.000	1.969
2904.000	1.969
2905.000	1.968
2906.000	1.968
2907.000	1.967
2908.000	1.967
2909.000	1.967
2910.000	1.967
2911.000	1.966
2912.000	1.966
2913.000	1.966
2914.000	1.965
2915.000	1.965
2916.000	1.964
2917.000	1.964
2918.000	1.964
2919.000	1.964
2920.000	1.963
2921.000	1.963
2922.000	1.963
2923.000	1.962
2924.000	1.962
2925.000	1.962
2926.000	1.961
2927.000	1.961
2928.000	1.960
2929.000	1.960
2930.000	1.960
2931.000	1.960
2932.000	1.959
2933.000	1.959
2934.000	1.959
2935.000	1.958
2936.000	1.958
2937.000	1.957
2938.000	1.957
2939.000	1.957
2940.000	1.956
2941.000	1.956
2942.000	1.956
2943.000	1.956
2944.000	1.955
2945.000	1.955
2946.000	1.955
2947.000	1.954
2948.000	1.954
2949.000	1.953
2950.000	1.953
2951.000	1.953
2952.000	1.953
2953.000	1.952
2954.000	1.952
2955.000	1.952
2956.000	1.951
2957.000	1.951
2958.000	1.951
2959.000	1.950
2960.000	1.950
2961.000	1.949
2962.000	1.949
2963.000	1.949
2964.000	1.949
2965.000	1.948
2966.000	1.948
2967.000	1.948
2968.000	1.947
2969.000	1.947
2970.000	1.947
2971.000	1.946
2972.000	1.946
2973.000	1.946
2974.000	1.945
2975.000	1.945
2976.000	1.945
2977.000	1.945
2978.000	1.944
2979.000	1.944
2980.000	1.944
2981.000	1.944
2982.000	1.943
2983.000	1.943
2984.000	1.943
2985.000	1.942
2986.000	1.942
2987.000	1.942
2988.000	1.942
2989.000	1.941
2990.000	1.941
2991.000	1.941
2992.000	1.941
2993.000	1.940
2994.000	1.940
2995.000	1.940
2996.000	1.939
2997.000	1.939
2998.000	1.939
2999.000	1.939
3000.000	1.939
3001.000	1.938
3002.000	1.938
3003.000	1.938
3004.000	1.937
3005.000	1.937
3006.000	1.937
3007.000	1.936
3008.000	1.911
3009.000	1.910
3010.000	1.910
3011.000	1.910
3012.000	1.909
3013.000	1.909
3014.000	1.909
3015.000	1.909
3016.000	1.908
3017.000	1.908
3018.000	1.908
3019.000	1.908
3020.000	1.907
3021.000	1.907
3022.000	1.907
3023.000	1.906
3024.000	1.906
3025.000	1.906
3026.000	1.906
3027.000	1.905
3028.000	1.905
3029.000	1.905
3030.000	1.905
3031.000	1.904
3032.000	1.904
3033.000	1.904
3034.000	1.904
3035.000	1.903
3036.000	1.903
3037.000	1.903
3038.000	1.902
3039.000	1.902
3040.000	1.902
3041.000	1.901
3042.000	1.901
3043.000	1.901
3044.000	1.901
3045.000	1.901
3046.000	1.900
3047.000	1.900
3048.000	1.900
3049.000	1.899
3050.000	1.899
3051.000	1.899
3052.000	1.898
3053.000	1.898
3054.000	1.898
3055.000	1.898
3056.000	1.897
3057.000	1.897
3058.000	1.896
3059.000	1.896
3060.000	1.896
3061.000	1.895
3062.000	1.895
3063.000	1.895
3064.000	1.895
3065.000	1.894
3066.000	1.894
3067.000	1.894
3068.000	1.893
3069.000	1.893
3070.000	1.892
3071.000	1.892
3072.000	1.892
3073.000	1.891
3074.000	1.891
3075.000	1.891
3076.000	1.891
3077.000	1.890
3078.000	1.890
3079.000	1.890
3080.000	1.889
3081.000	1.889
3082.000	1.889
3083.000	1.888
3084.000	1.888
3085.000	1.887
3086.000	1.887
3087.000	1.887
3088.000	1.887
3089.000	1.886
3090.000	1.886
3091.000	1.886
3092.000	1.885
3093.000	1.885
3094.000	1.885
3095.000	1.884
3096.000	1.884
3097.000	1.884
3098.000	1.883
3099.000	1.883
3100.000	1.883
3101.000	1.883
3102.000	1.882
3103.000	1.882
3104.000	1.882
3105.000	1.881
3106.000	1.881
3107.000	1.881
3108.000	1.881
3109.000	1.880
3110.000	1.880
3111.000	1.880
3112.000	1.879
3113.000	1.879
3114.000	1.879
3115.000	1.879
3116.000	1.878
3117.000	1.878
3118.000	1.878
3119.000	1.877
3120.000	1.877
3121.000	1.877
3122.000	1.877
3123.000	1.876
3124.000	1.876
3125.000	1.876
3126.000	1.876
3127.000	1.875
3128.000	1.875
3129.000	1.875
3130.000	1.874
3131.000	1.874
3132.000	1.874
3133.000	1.874
3134.000	1.874
3135.000	1.873
3136.000	1.873
3137.000	1.873
3138.000	1.873
3139.000	1.872
3140.000	1.872
3141.000	1.872
3142.000	1.872
3143.000	1.872
3144.000	1.871
3145.000	1.871
3146.000	1.871
3147.000	1.871
3148.000	1.870
3149.000	1.870
3150.000	1.870
3151.000	1.870
3152.000	1.870
3153.000	1.870
3154.000	1.869
3155.000	1.869
3156.000	1.869
3157.000	1.869
3158.000	1.868
3159.000	1.868
3160.000	1.868
3161.000	1.868
3162.000	1.867
3163.000	1.867
3164.000	1.867
3165.000	1.867
3166.000	1.867
3167.000	1.867
3168.000	1.866
3169.000	1.866
3170.000	1.866
3171.000	1.866
3172.000	1.865
3173.000	1.865
3174.000	1.865
3175.000	1.865
3176.000	1.865
3177.000	1.865
3178.000	1.864
3179.000	1.864
3180.000	1.864
3181.000	1.864
3182.000	1.863
3183.000	1.863
3184.000	1.863
3185.000	1.863
3186.000	1.862
3187.000	1.862
3188.000	1.862
3189.000	1.862
3190.000	1.862
3191.000	1.861
3192.000	1.861
3193.000	1.861
3194.000	1.861
3195.000	1.860
3196.000	1.860
3197.000	1.860
3198.000	1.860
3199.000	1.859
3200.000	1.859
3201.000	1.859
3202.000	1.859
3203.000	1.858
3204.000	1.858
3205.000	1.858
3206.000	1.858
3207.000	1.857
3208.000	1.857
3209.000	1.857
3210.000	1.857
3211.000	1.857
3212.000	1.856
3213.000	1.856
3214.000	1.856
3215.000	1.856
3216.000	1.855
3217.000	1.855
3218.000	1.855
3219.000	1.855
3220.000	1.855
3221.000	1.854
3222.000	1.854
3223.000	1.854
3224.000	1.854
3225.000	1.853
3226.000	1.853
3227.000	1.853
3228.000	1.853
3229.000	1.852
3230.000	1.852
3231.000	1.852
3232.000	1.852
3233.000	1.852
3234.000	1.851
3235.000	1.851
3236.000	1.851
3237.000	1.850
3238.000	1.850
3239.000	1.850
3240.000	1.850
3241.000	1.849
3242.000	1.849
3243.000	1.849
3244.000	1.849
3245.000	1.849
3246.000	1.848
3247.000	1.848
3248.000	1.848
3249.000	1.848
3250.000	1.847
3251.000	1.847
3252.000	1.847
3253.000	1.846
3254.000	1.846
3255.000	1.846
3256.000	1.846
3257.000	1.846
3258.000	1.845
3259.000	1.845
3260.000	1.845
3261.000	1.845
3262.000	1.844
3263.000	1.844
3264.000	1.844
3265.000	1.844
3266.000	1.844
3267.000	1.843
3268.000	1.843
3269.000	1.843
3270.000	1.843
3271.000	1.842
3272.000	1.842
3273.000	1.842
3274.000	1.842
3275.000	1.841
3276.000	1.841
3277.000	1.841
3278.000	1.841
3279.000	1.841
3280.000	1.840
3281.000	1.840
3282.000	1.840
3283.000	1.840
3284.000	1.839
3285.000	1.839
3286.000	1.839
3287.000	1.839
3288.000	1.839
3289.000	1.838
3290.000	1.838
3291.000	1.838
3292.000	1.838
3293.000	1.837
3294.000	1.837
3295.000	1.837
3296.000	1.837
3297.000	1.836
3298.000	1.836
3299.000	1.836
3300.000	1.836
3301.000	1.836
3302.000	1.835
3303.000	1.835
3304.000	1.835
3305.000	1.835
3306.000	1.834
3307.000	1.834
3308.000	1.834
3309.000	1.834
3310.000	1.834
3311.000	1.834
3312.000	1.833
3313.000	1.833
3314.000	1.833
3315.000	1.833
3316.000	1.832
3317.000	1.832
3318.000	1.832
3319.000	1.832
3320.000	1.832
3321.000	1.831
3322.000	1.831
3323.000	1.831
3324.000	1.831
3325.000	1.831
3326.000	1.830
3327.000	1.830
3328.000	1.830
3329.000	1.830
3330.000	1.830
3331.000	1.829
3332.000	1.829
3333.000	1.829
3334.000	1.829
3335.000	1.829
3336.000	1.829
3337.000	1.828
3338.000	1.828
3339.000	1.828
3340.000	1.828
3341.000	1.828
3342.000	1.827
3343.000	1.827
3344.000	1.827
3345.000	1.827
3346.000	1.827
3347.000	1.827
3348.000	1.826
3349.000	1.826
3350.000	1.826
3351.000	1.826
3352.000	1.826
3353.000	1.825
3354.000	1.825
3355.000	1.825
3356.000	1.825
3357.000	1.825
3358.000	1.825
3359.000	1.824
3360.000	1.824
3361.000	1.824
3362.000	1.824
3363.000	1.824
3364.000	1.823
3365.000	1.823
3366.000	1.823
3367.000	1.823
3368.000	1.823
3369.000	1.823
3370.000	1.822
3371.000	1.822
3372.000	1.822
3373.000	1.822
3374.000	1.822
3375.000	1.821
3376.000	1.821
3377.000	1.821
3378.000	1.821
3379.000	1.821
3380.000	1.821
3381.000	1.820
3382.000	1.820
3383.000	1.820
3384.000	1.820
3385.000	1.819
3386.000	1.819
3387.000	1.819
3388.000	1.819
3389.000	1.819
3390.000	1.819
3391.000	1.818
3392.000	1.818
3393.000	1.818
3394.000	1.818
3395.000	1.817
3396.000	1.817
3397.000	1.817
3398.000	1.817
3399.000	1.817
3400.000	1.817
3401.000	1.816
3402.000	1.816
3403.000	1.816
3404.000	1.816
3405.000	1.815
3406.000	1.815
3407.000	1.815
3408.000	1.815
3409.000	1.815
3410.000	1.815
3411.000	1.814
3412.000	1.814
3413.000	1.814
3414.000	1.814
3415.000	1.813
3416.000	1.813
3417.000	1.813
3418.000	1.813
3419.000	1.813
3420.000	1.812
3421.000	1.812
3422.000	1.812
3423.000	1.812
3424.000	1.812
3425.000	1.811
3426.000	1.811
3427.000	1.811
3428.000	1.811
3429.000	1.811
3430.000	1.810
3431.000	1.810
3432.000	1.810
3433.000	1.810
3434.000	1.810
3435.000	1.810
3436.000	1.809
3437.000	1.809
3438.000	1.809
3439.000	1.809
3440.000	1.808
3441.000	1.808
3442.000	1.808
3443.000	1.808
3444.000	1.808
3445.000	1.808
3446.000	1.807
3447.000	1.807
3448.000	1.807
3449.000	1.807
3450.000	1.806
3451.000	1.806
3452.000	1.806
3453.000	1.806
3454.000	1.806
3455.000	1.806
3456.000	1.805
3457.000	1.805
3458.000	1.805
3459.000	1.805
3460.000	1.805
3461.000	1.804
3462.000	1.804
3463.000	1.804
3464.000	1.804
3465.000	1.803
3466.000	1.803
3467.000	1.803
3468.000	1.803
3469.000	1.803
3470.000	1.803
3471.000	1.802
3472.000	1.802
3473.000	1.802
3474.000	1.802
3475.000	1.801
3476.000	1.801
3477.000	1.801
3478.000	1.801
3479.000	1.801
3480.000	1.801
3481.000	1.800
3482.000	1.800
3483.000	1.800
3484.000	1.800
3485.000	1.800
3486.000	1.799
3487.000	1.799
3488.000	1.799
3489.000	1.799
3490.000	1.799
3491.000	1.798
3492.000	1.798
3493.000	1.798
3494.000	1.798
3495.000	1.798
3496.000	1.797
3497.000	1.797
3498.000	1.797
3499.000	1.797
3500.000	1.797
3501.000	1.797
3502.000	1.796
3503.000	1.796
3504.000	1.796
3505.000	1.796
3506.000	1.795
3507.000	1.795
3508.000	1.795
3509.000	1.795
3510.000	1.795
3511.000	1.795
3512.000	1.794
3513.000	1.794
3514.000	1.794
3515.000	1.794
3516.000	1.794
3517.000	1.793
3518.000	1.793
3519.000	1.793
3520.000	1.793
3521.000	1.793
3522.000	1.792
3523.000	1.792
3524.000	1.792
3525.000	1.792
3526.000	1.792
3527.000	1.791
3528.000	1.791
3529.000	1.791
3530.000	1.791
3531.000	1.791
3532.000	1.791
3533.000	1.790
3534.000	1.790
3535.000	1.790
3536.000	1.790
3537.000	1.789
3538.000	1.789
3539.000	1.789
3540.000	1.789
3541.000	1.789
3542.000	1.788
3543.000	1.788
3544.000	1.788
3545.000	1.788
3546.000	1.788
3547.000	1.788
3548.000	1.787
3549.000	1.787
3550.000	1.787
3551.000	1.787
3552.000	1.787
3553.000	1.786
3554.000	1.786
3555.000	1.786
3556.000	1.786
3557.000	1.786
3558.000	1.785
3559.000	1.785
3560.000	1.785
3561.000	1.785
3562.000	1.785
3563.000	1.784
3564.000	1.784
3565.000	1.784
3566.000	1.784
3567.000	1.784
3568.000	1.784
3569.000	1.783
3570.000	1.783
3571.000	1.783
3572.000	1.783
3573.000	1.782
3574.000	1.782
3575.000	1.782
3576.000	1.782
3577.000	1.782
3578.000	1.782
3579.000	1.781
3580.000	1.781
3581.000	1.781
3582.000	1.781
3583.000	1.781
3584.000	1.780
3585.000	1.780
3586.000	1.780
3587.000	1.780
3588.000	1.780
3589.000	1.779
3590.000	1.779
3591.000	1.779
3592.000	1.779
3593.000	1.779
3594.000	1.778
3595.000	1.778
3596.000	1.778
3597.000	1.778
3598.000	1.778
3599.000	1.778
3600.000	1.777
3601.000	1.777
3602.000	1.777
3603.000	1.777
3604.000	1.776
3605.000	1.776
3606.000	1.776
3607.000	1.776
3608.000	1.776
3609.000	1.775
3610.000	1.775
3611.000	1.775
3612.000	1.775
3613.000	1.775
3614.000	1.774
3615.000	1.774
3616.000	1.774
3617.000	1.774
3618.000	1.773
3619.000	1.773
3620.000	1.773
3621.000	1.773
3622.000	1.773
3623.000	1.772
3624.000	1.772
3625.000	1.772
3626.000	1.772
3627.000	1.771
3628.000	1.771
3629.000	1.771
3630.000	1.771
3631.000	1.770
3632.000	1.770
3633.000	1.770
3634.000	1.770
3635.000	1.770
3636.000	1.769
3637.000	1.769
3638.000	1.769
3639.000	1.769
3640.000	1.768
3641.000	1.768
3642.000	1.768
3643.000	1.768
3644.000	1.768
3645.000	1.768
3646.000	1.767
3647.000	1.767
3648.000	1.767
3649.000	1.767
3650.000	1.766
3651.000	1.766
3652.000	1.766
3653.000	1.766
3654.000	1.765
3655.000	1.765
3656.000	1.765
3657.000	1.765
3658.000	1.765
3659.000	1.764
3660.000	1.764
3661.000	1.764
3662.000	1.764
3663.000	1.763
3664.000	1.763
3665.000	1.763
3666.000	1.763
3667.000	1.763
3668.000	1.762
3669.000	1.762
3670.000	1.762
3671.000	1.762
3672.000	1.761
3673.000	1.761
3674.000	1.761
3675.000	1.761
3676.000	1.760
3677.000	1.760
3678.000	1.760
3679.000	1.760
3680.000	1.760
3681.000	1.759
3682.000	1.759
3683.000	1.759
3684.000	1.759
3685.000	1.759
3686.000	1.758
3687.000	1.758
3688.000	1.758
3689.000	1.758
3690.000	1.758
3691.000	1.758
3692.000	1.757
3693.000	1.757
3694.000	1.757
3695.000	1.757
3696.000	1.757
3697.000	1.756
3698.000	1.756
3699.000	1.756
3700.000	1.756
3701.000	1.756
3702.000	1.756
3703.000	1.756
3704.000	1.755
3705.000	1.755
3706.000	1.755
3707.000	1.755
3708.000	1.755
3709.000	1.755
3710.000	1.754
3711.000	1.754
3712.000	1.754
3713.000	1.754
3714.000	1.754
3715.000	1.754
3716.000	1.754
3717.000	1.753
3718.000	1.753
3719.000	1.753
3720.000	1.753
3721.000	1.753
3722.000	1.753
3723.000	1.753
3724.000	1.752
3725.000	1.752
3726.000	1.752
3727.000	1.752
3728.000	1.752
3729.000	1.752
3730.000	1.751
3731.000	1.751
3732.000	1.751
3733.000	1.751
3734.000	1.751
3735.000	1.751
3736.000	1.751
3737.000	1.751
3738.000	1.750
3739.000	1.750
3740.000	1.750
3741.000	1.750
3742.000	1.750
3743.000	1.750
3744.000	1.750
3745.000	1.749
3746.000	1.749
3747.000	1.749
3748.000	1.749
3749.000	1.749
3750.000	1.749
3751.000	1.749
3752.000	1.749
3753.000	1.749
3754.000	1.749
3755.000	1.749
3756.000	1.749
3757.000	1.749
3758.000	1.749
3759.000	1.749
3760.000	1.749
3761.000	1.749
3762.000	1.749
3763.000	1.749
3764.000	1.749
3765.000	1.749
3766.000	1.749
3767.000	1.749
3768.000	1.749
3769.000	1.749
3770.000	1.749
3771.000	1.749
3772.000	1.749
3773.000	1.749
3774.000	1.749
3775.000	1.749
3776.000	1.749
3777.000	1.749
3778.000	1.749
3779.000	1.749
3780.000	1.749
3781.000	1.749
3782.000	1.749
3783.000	1.749
3784.000	1.749
3785.000	1.749
3786.000	1.749
3787.000	1.749
3788.000	1.749
3789.000	1.749
3790.000	1.749
3791.000	1.749
3792.000	1.749
3793.000	1.749
3794.000	1.749
3795.000	1.749
3796.000	1.749
3797.000	1.749
3798.000	1.749
3799.000	1.749
3800.000	1.749
3801.000	1.749
3802.000	1.749
3803.000	1.749
3804.000	1.749
3805.000	1.749
3806.000	1.749
3807.000	1.749
3808.000	1.749
3809.000	1.749
3810.000	1.749
3811.000	1.749
3812.000	1.749
3813.000	1.749
3814.000	1.749
3815.000	1.749
3816.000	1.749
3817.000	1.749
3818.000	1.749
3819.000	1.749
3820.000	1.749
3821.000	1.749
3822.000	1.749
3823.000	1.749
3824.000	1.749
3825.000	1.749
3826.000	1.749
3827.000	1.749
3828.000	1.749
3829.000	1.749
3830.000	1.749
3831.000	1.749
3832.000	1.749
3833.000	1.749
3834.000	1.749
3835.000	1.749
3836.000	1.749
3837.000	1.749
3838.000	1.749
3839.000	1.749
3840.000	1.749
3841.000	1.749
3842.000	1.749
3843.000	1.749
3844.000	1.749
3845.000	1.749
3846.000	1.749
3847.000	1.749
3848.000	1.749
3849.000	1.749
3850.000	1.749
3851.000	1.749
3852.000	1.749
3853.000	1.749
3854.000	1.749
3855.000	1.749
3856.000	1.749
3857.000	1.749
3858.000	1.749
3859.000	1.749
3860.000	1.749
3861.000	1.749
3862.000	1.749
3863.000	1.749
3864.000	1.749
3865.000	1.749
3866.000	1.749
3867.000	1.749
3868.000	1.749
3869.000	1.749
3870.000	1.749
3871.000	1.749
3872.000	1.749
3873.000	1.749
3874.000	1.749
3875.000	1.749
3876.000	1.749
3877.000	1.749
3878.000	1.749
3879.000	1.749
3880.000	1.749
3881.000	1.749
3882.000	1.749
3883.000	1.749
3884.000	1.749
3885.000	1.749
3886.000	1.749
3887.000	1.749
3888.000	1.749
3889.000	1.749
3890.000	1.749
3891.000	1.749
3892.000	1.749
3893.000	1.749
3894.000	1.749
3895.000	1.749
3896.000	1.749
3897.000	1.749
3898.000	1.749
3899.000	1.749
3900.000	1.749
3901.000	1.749
3902.000	1.749
3903.000	1.749
3904.000	1.749
3905.000	1.749
3906.000	1.745
3907.000	1.745
3908.000	1.745
3909.000	1.745
3910.000	1.745
3911.000	1.745
3912.000	1.745
3913.000	1.745
3914.000	1.745
3915.000	1.745
3916.000	1.745
3917.000	1.745
3918.000	1.745
3919.000	1.745
3920.000	1.745
3921.000	1.745
3922.000	1.745
3923.000	1.745
3924.000	1.745
3925.000	1.745
3926.000	1.745
3927.000	1.745
3928.000	1.745
3929.000	1.745
3930.000	1.745
3931.000	1.745
3932.000	1.745
3933.000	1.745
3934.000	1.745
3935.000	1.745
3936.000	1.745
3937.000	1.745
3938.000	1.745
3939.000	1.745
3940.000	1.745
3941.000	1.745
3942.000	1.745
3943.000	1.745
3944.000	1.745
3945.000	1.745
3946.000	1.745
3947.000	1.745
3948.000	1.745
3949.000	1.745
3950.000	1.723
3951.000	1.722
3952.000	1.722
3953.000	1.722
3954.000	1.722
3955.000	1.722
3956.000	1.722
3957.000	1.722
3958.000	1.722
3959.000	1.722
3960.000	1.722
3961.000	1.722
3962.000	1.722
3963.000	1.722
3964.000	1.722
3965.000	1.722
3966.000	1.722
3967.000	1.722
3968.000	1.722
3969.000	1.722
3970.000	1.722
3971.000	1.722
3972.000	1.722
3973.000	1.722
3974.000	1.722
3975.000	1.722
3976.000	1.722
3977.000	1.722
3978.000	1.722
3979.000	1.722
3980.000	1.722
3981.000	1.722
3982.000	1.722
3983.000	1.722
3984.000	1.722
3985.000	1.722
3986.000	1.722
3987.000	1.722
3988.000	1.722
3989.000	1.722
3990.000	1.722
3991.000	1.722
3992.000	1.722
3993.000	1.722
3994.000	1.722
3995.000	1.722
3996.000	1.722
3997.000	1.722
3998.000	1.722
3999.000	1.722
4000.000	1.722
4001.000	1.722
4002.000	1.722
4003.000	1.722
4004.000	1.722
4005.000	1.722
4006.000	1.722
4007.000	1.722
4008.000	1.722
4009.000	1.719
4010.000	1.719
4011.000	1.719
4012.000	1.719
4013.000	1.719
4014.000	1.719
4015.000	1.719
4016.000	1.719
4017.000	1.719
4018.000	1.719
4019.000	1.719
4020.000	1.719
4021.000	1.719
4022.000	1.719
4023.000	1.719
4024.000	1.719
4025.000	1.719
4026.000	1.719
4027.000	1.719
4028.000	1.719
4029.000	1.719
4030.000	1.719
4031.000	1.719
4032.000	1.719
4033.000	1.719
4034.000	1.719
4035.000	1.719
4036.000	1.719
4037.000	1.719
4038.000	1.719
4039.000	1.719
4040.000	1.719
4041.000	1.719
4042.000	1.719
4043.000	1.719
4044.000	1.719
4045.000	1.719
4046.000	1.719
4047.000	1.719
4048.000	1.719
4049.000	1.719
4050.000	1.719
4051.000	1.719
4052.000	1.719
4053.000	1.719
4054.000	1.719
4055.000	1.719
4056.000	1.719
4057.000	1.719
4058.000	1.719
4059.000	1.719
4060.000	1.719
4061.000	1.719
4062.000	1.719
4063.000	1.719
4064.000	1.719
4065.000	1.719
4066.000	1.718
4067.000	1.718
4068.000	1.716
4069.000	1.716
4070.000	1.716
4071.000	1.716
4072.000	1.716
4073.000	1.716
4074.000	1.716
4075.000	1.716
4076.000	1.716
4077.000	1.716
4078.000	1.716
4079.000	1.716
4080.000	1.716
4081.000	1.716
4082.000	1.716
4083.000	1.716
4084.000	1.716
4085.000	1.716
4086.000	1.716
4087.000	1.716
4088.000	1.716
4089.000	1.716
4090.000	1.716
4091.000	1.716
4092.000	1.716
4093.000	1.690
4094.000	1.690
4095.000	1.690
