0.000	17.716
1.000	17.716
2.000	17.716
3.000	17.716
4.000	17.716
5.000	17.705
6.000	17.705
7.000	17.705
8.000	17.705
9.000	17.705
10.000	17.705
11.000	17.705
12.000	17.705
13.000	17.705
14.000	17.705
15.000	17.705
16.000	17.705
17.000	17.705
18.000	17.705
19.000	17.704
20.000	17.704
21.000	17.704
22.000	17.703
23.000	17.703
24.000	17.703
25.000	17.703
26.000	17.703
27.000	17.703
28.000	17.703
29.000	17.703
30.000	17.703
31.000	17.703
32.000	17.703
33.000	17.703
34.000	17.703
35.000	17.703
36.000	17.703
37.000	17.702
38.000	17.701
39.000	17.700
40.000	17.700
41.000	17.699
42.000	17.698
43.000	17.697
44.000	17.696
45.000	17.695
46.000	17.694
47.000	17.692
48.000	17.691
49.000	17.690
50.000	17.689
51.000	17.689
52.000	17.688
53.000	17.686
54.000	17.685
55.000	17.684
56.000	17.682
57.000	17.681
58.000	17.679
59.000	17.678
60.000	17.676
61.000	17.675
62.000	17.675
63.000	17.673
64.000	17.672
65.000	17.670
66.000	17.669
67.000	17.667
68.000	17.666
69.000	17.664
70.000	17.663
71.000	17.661
72.000	17.660
73.000	17.660
74.000	17.658
75.000	17.656
76.000	17.654
77.000	17.652
78.000	17.651
79.000	17.649
80.000	17.648
81.000	17.647
82.000	17.645
83.000	17.643
84.000	17.643
85.000	17.641
86.000	17.639
87.000	17.638
88.000	17.636
89.000	17.634
90.000	17.633
91.000	17.631
92.000	17.629
93.000	17.626
94.000	17.624
95.000	17.621
96.000	17.619
97.000	17.617
98.000	17.614
99.000	17.612
100.000	17.609
101.000	17.606
102.000	17.603
103.000	17.600
104.000	17.596
105.000	17.592
106.000	17.588
107.000	17.588
108.000	17.584
109.000	17.580
110.000	17.575
111.000	17.570
112.000	17.565
113.000	17.560
114.000	17.555
115.000	17.550
116.000	17.544
117.000	17.538
118.000	17.538
119.000	17.531
120.000	17.525
121.000	17.518
122.000	17.512
123.000	17.506
124.000	17.499
125.000	17.492
126.000	17.484
127.000	17.477
128.000	17.470
129.000	17.470
130.000	17.462
131.000	17.454
132.000	17.446
133.000	17.437
134.000	17.428
135.000	17.418
136.000	17.409
137.000	17.399
138.000	17.388
139.000	17.377
140.000	17.377
141.000	17.366
142.000	17.355
143.000	17.344
144.000	17.332
145.000	17.320
146.000	17.307
147.000	17.294
148.000	17.281
149.000	17.267
150.000	17.252
151.000	17.252
152.000	17.237
153.000	17.221
154.000	17.206
155.000	17.189
156.000	17.172
157.000	17.154
158.000	17.137
159.000	17.120
160.000	17.102
161.000	17.083
162.000	17.064
163.000	17.030
164.000	17.010
165.000	16.991
166.000	16.971
167.000	16.949
168.000	16.927
169.000	16.903
170.000	16.880
171.000	16.856
172.000	16.832
173.000	16.805
174.000	16.805
175.000	16.779
176.000	16.753
177.000	16.727
178.000	16.702
179.000	16.676
180.000	16.650
181.000	16.625
182.000	16.599
183.000	16.573
184.000	16.543
185.000	16.526
186.000	16.496
187.000	16.464
188.000	16.434
189.000	16.402
190.000	16.369
191.000	16.336
192.000	16.302
193.000	16.267
194.000	16.233
195.000	16.197
196.000	16.087
197.000	16.051
198.000	16.015
199.000	15.979
200.000	15.942
201.000	15.905
202.000	15.867
203.000	15.827
204.000	15.789
205.000	15.750
206.000	15.712
207.000	15.712
208.000	15.673
209.000	15.633
210.000	15.594
211.000	15.553
212.000	15.514
213.000	15.474
214.000	15.434
215.000	15.394
216.000	15.354
217.000	15.314
218.000	15.314
219.000	15.273
220.000	15.233
221.000	15.193
222.000	15.153
223.000	15.112
224.000	15.072
225.000	15.030
226.000	14.989
227.000	14.949
228.000	14.908
229.000	14.868
230.000	14.851
231.000	14.811
232.000	14.769
233.000	14.729
234.000	14.689
235.000	14.650
236.000	14.610
237.000	14.571
238.000	14.531
239.000	14.491
240.000	14.453
241.000	14.402
242.000	14.364
243.000	14.326
244.000	14.287
245.000	14.248
246.000	14.208
247.000	14.169
248.000	14.129
249.000	14.089
250.000	14.048
251.000	14.009
252.000	13.963
253.000	13.923
254.000	13.885
255.000	13.849
256.000	13.814
257.000	13.779
258.000	13.744
259.000	13.710
260.000	13.674
261.000	13.639
262.000	13.606
263.000	13.606
264.000	13.572
265.000	13.538
266.000	13.505
267.000	13.473
268.000	13.442
269.000	13.411
270.000	13.378
271.000	13.346
272.000	13.314
273.000	13.283
274.000	13.215
275.000	13.183
276.000	13.153
277.000	13.122
278.000	13.093
279.000	13.063
280.000	13.033
281.000	13.004
282.000	12.975
283.000	12.945
284.000	12.917
285.000	12.917
286.000	12.888
287.000	12.860
288.000	12.832
289.000	12.804
290.000	12.777
291.000	12.749
292.000	12.723
293.000	12.695
294.000	12.669
295.000	12.642
296.000	12.642
297.000	12.616
298.000	12.590
299.000	12.564
300.000	12.538
301.000	12.513
302.000	12.488
303.000	12.463
304.000	12.439
305.000	12.414
306.000	12.390
307.000	12.366
308.000	12.204
309.000	12.180
310.000	12.157
311.000	12.133
312.000	12.110
313.000	12.087
314.000	12.064
315.000	12.041
316.000	12.019
317.000	11.996
318.000	11.973
319.000	11.874
320.000	11.853
321.000	11.831
322.000	11.808
323.000	11.787
324.000	11.765
325.000	11.743
326.000	11.722
327.000	11.701
328.000	11.679
329.000	11.657
330.000	11.639
331.000	11.616
332.000	11.596
333.000	11.575
334.000	11.554
335.000	11.534
336.000	11.513
337.000	11.493
338.000	11.471
339.000	11.450
340.000	11.428
341.000	11.403
342.000	11.382
343.000	11.360
344.000	11.340
345.000	11.320
346.000	11.301
347.000	11.281
348.000	11.261
349.000	11.241
350.000	11.221
351.000	11.201
352.000	11.192
353.000	11.171
354.000	11.151
355.000	11.130
356.000	11.111
357.000	11.091
358.000	11.071
359.000	11.052
360.000	11.032
361.000	11.012
362.000	10.993
363.000	10.989
364.000	10.969
365.000	10.949
366.000	10.929
367.000	10.908
368.000	10.889
369.000	10.869
370.000	10.848
371.000	10.828
372.000	10.808
373.000	10.786
374.000	10.765
375.000	10.765
376.000	10.745
377.000	10.724
378.000	10.703
379.000	10.682
380.000	10.661
381.000	10.641
382.000	10.620
383.000	10.600
384.000	10.580
385.000	10.561
386.000	10.561
387.000	10.540
388.000	10.518
389.000	10.498
390.000	10.477
391.000	10.457
392.000	10.436
393.000	10.417
394.000	10.397
395.000	10.378
396.000	10.359
397.000	10.359
398.000	10.340
399.000	10.321
400.000	10.302
401.000	10.284
402.000	10.263
403.000	10.243
404.000	10.222
405.000	10.200
406.000	10.179
407.000	10.158
408.000	10.135
409.000	10.112
410.000	10.090
411.000	10.069
412.000	10.047
413.000	10.025
414.000	10.003
415.000	9.980
416.000	9.958
417.000	9.935
418.000	9.912
419.000	9.912
420.000	9.889
421.000	9.867
422.000	9.844
423.000	9.821
424.000	9.798
425.000	9.775
426.000	9.752
427.000	9.728
428.000	9.705
429.000	9.682
430.000	9.682
431.000	9.659
432.000	9.637
433.000	9.613
434.000	9.589
435.000	9.566
436.000	9.542
437.000	9.519
438.000	9.495
439.000	9.472
440.000	9.448
441.000	9.425
442.000	9.425
443.000	9.402
444.000	9.378
445.000	9.355
446.000	9.331
447.000	9.307
448.000	9.284
449.000	9.260
450.000	9.237
451.000	9.213
452.000	9.190
453.000	9.188
454.000	9.164
455.000	9.140
456.000	9.116
457.000	9.093
458.000	9.070
459.000	9.047
460.000	9.024
461.000	9.001
462.000	8.978
463.000	8.955
464.000	8.895
465.000	8.872
466.000	8.849
467.000	8.827
468.000	8.805
469.000	8.782
470.000	8.760
471.000	8.738
472.000	8.715
473.000	8.693
474.000	8.670
475.000	8.653
476.000	8.632
477.000	8.610
478.000	8.588
479.000	8.567
480.000	8.546
481.000	8.525
482.000	8.504
483.000	8.483
484.000	8.462
485.000	8.441
486.000	8.439
487.000	8.418
488.000	8.397
489.000	8.376
490.000	8.354
491.000	8.333
492.000	8.312
493.000	8.291
494.000	8.269
495.000	8.249
496.000	8.229
497.000	8.215
498.000	8.195
499.000	8.174
500.000	8.154
501.000	8.133
502.000	8.113
503.000	8.092
504.000	8.071
505.000	8.050
506.000	8.029
507.000	8.008
508.000	7.969
509.000	7.948
510.000	7.926
511.000	7.905
512.000	7.884
513.000	7.863
514.000	7.843
515.000	7.823
516.000	7.804
517.000	7.786
518.000	7.767
519.000	7.748
520.000	7.724
521.000	7.706
522.000	7.688
523.000	7.670
524.000	7.652
525.000	7.635
526.000	7.618
527.000	7.601
528.000	7.583
529.000	7.567
530.000	7.550
531.000	7.546
532.000	7.529
533.000	7.512
534.000	7.496
535.000	7.480
536.000	7.464
537.000	7.449
538.000	7.433
539.000	7.418
540.000	7.402
541.000	7.387
542.000	7.385
543.000	7.370
544.000	7.355
545.000	7.340
546.000	7.326
547.000	7.312
548.000	7.297
549.000	7.283
550.000	7.269
551.000	7.255
552.000	7.242
553.000	7.240
554.000	7.227
555.000	7.214
556.000	7.201
557.000	7.188
558.000	7.176
559.000	7.163
560.000	7.151
561.000	7.139
562.000	7.127
563.000	7.115
564.000	7.111
565.000	7.099
566.000	7.087
567.000	7.076
568.000	7.064
569.000	7.053
570.000	7.042
571.000	7.031
572.000	7.021
573.000	7.010
574.000	6.999
575.000	6.965
576.000	6.954
577.000	6.943
578.000	6.933
579.000	6.922
580.000	6.911
581.000	6.901
582.000	6.890
583.000	6.880
584.000	6.870
585.000	6.860
586.000	6.850
587.000	6.848
588.000	6.838
589.000	6.828
590.000	6.818
591.000	6.809
592.000	6.799
593.000	6.789
594.000	6.780
595.000	6.771
596.000	6.762
597.000	6.753
598.000	6.751
599.000	6.742
600.000	6.734
601.000	6.725
602.000	6.716
603.000	6.708
604.000	6.699
605.000	6.690
606.000	6.682
607.000	6.674
608.000	6.666
609.000	6.664
610.000	6.656
611.000	6.648
612.000	6.640
613.000	6.633
614.000	6.625
615.000	6.617
616.000	6.610
617.000	6.602
618.000	6.595
619.000	6.588
620.000	6.564
621.000	6.557
622.000	6.550
623.000	6.543
624.000	6.535
625.000	6.528
626.000	6.521
627.000	6.515
628.000	6.508
629.000	6.502
630.000	6.495
631.000	6.493
632.000	6.487
633.000	6.480
634.000	6.474
635.000	6.467
636.000	6.461
637.000	6.455
638.000	6.448
639.000	6.442
640.000	6.436
641.000	6.430
642.000	6.429
643.000	6.423
644.000	6.417
645.000	6.411
646.000	6.405
647.000	6.399
648.000	6.393
649.000	6.387
650.000	6.382
651.000	6.376
652.000	6.371
653.000	6.365
654.000	6.365
655.000	6.360
656.000	6.354
657.000	6.349
658.000	6.344
659.000	6.338
660.000	6.332
661.000	6.327
662.000	6.321
663.000	6.316
664.000	6.310
665.000	6.310
666.000	6.305
667.000	6.300
668.000	6.295
669.000	6.290
670.000	6.284
671.000	6.279
672.000	6.274
673.000	6.269
674.000	6.264
675.000	6.259
676.000	6.259
677.000	6.253
678.000	6.248
679.000	6.243
680.000	6.238
681.000	6.233
682.000	6.228
683.000	6.223
684.000	6.218
685.000	6.213
686.000	6.208
687.000	6.208
688.000	6.202
689.000	6.197
690.000	6.192
691.000	6.187
692.000	6.182
693.000	6.177
694.000	6.172
695.000	6.167
696.000	6.162
697.000	6.157
698.000	6.157
699.000	6.152
700.000	6.147
701.000	6.142
702.000	6.137
703.000	6.132
704.000	6.127
705.000	6.122
706.000	6.117
707.000	6.112
708.000	6.107
709.000	6.086
710.000	6.081
711.000	6.076
712.000	6.071
713.000	6.066
714.000	6.061
715.000	6.055
716.000	6.050
717.000	6.045
718.000	6.040
719.000	6.035
720.000	6.028
721.000	6.024
722.000	6.019
723.000	6.014
724.000	6.010
725.000	6.005
726.000	6.001
727.000	5.996
728.000	5.992
729.000	5.987
730.000	5.983
731.000	5.978
732.000	5.910
733.000	5.906
734.000	5.901
735.000	5.897
736.000	5.892
737.000	5.888
738.000	5.883
739.000	5.879
740.000	5.875
741.000	5.870
742.000	5.866
743.000	5.830
744.000	5.825
745.000	5.821
746.000	5.817
747.000	5.812
748.000	5.807
749.000	5.803
750.000	5.798
751.000	5.793
752.000	5.789
753.000	5.785
754.000	5.763
755.000	5.759
756.000	5.754
757.000	5.750
758.000	5.746
759.000	5.742
760.000	5.737
761.000	5.733
762.000	5.729
763.000	5.724
764.000	5.720
765.000	5.719
766.000	5.715
767.000	5.710
768.000	5.706
769.000	5.702
770.000	5.698
771.000	5.693
772.000	5.689
773.000	5.685
774.000	5.681
775.000	5.676
776.000	5.676
777.000	5.672
778.000	5.667
779.000	5.663
780.000	5.659
781.000	5.654
782.000	5.650
783.000	5.646
784.000	5.642
785.000	5.638
786.000	5.634
787.000	5.633
788.000	5.629
789.000	5.625
790.000	5.621
791.000	5.617
792.000	5.613
793.000	5.609
794.000	5.605
795.000	5.600
796.000	5.597
797.000	5.593
798.000	5.589
799.000	5.558
800.000	5.554
801.000	5.550
802.000	5.546
803.000	5.542
804.000	5.538
805.000	5.534
806.000	5.531
807.000	5.527
808.000	5.523
809.000	5.519
810.000	5.497
811.000	5.493
812.000	5.489
813.000	5.485
814.000	5.482
815.000	5.478
816.000	5.474
817.000	5.470
818.000	5.466
819.000	5.462
820.000	5.458
821.000	5.458
822.000	5.455
823.000	5.451
824.000	5.447
825.000	5.444
826.000	5.440
827.000	5.437
828.000	5.433
829.000	5.430
830.000	5.426
831.000	5.423
832.000	5.413
833.000	5.410
834.000	5.406
835.000	5.403
836.000	5.399
837.000	5.396
838.000	5.392
839.000	5.389
840.000	5.385
841.000	5.382
842.000	5.378
843.000	5.353
844.000	5.350
845.000	5.346
846.000	5.343
847.000	5.340
848.000	5.337
849.000	5.334
850.000	5.331
851.000	5.328
852.000	5.325
853.000	5.321
854.000	5.321
855.000	5.318
856.000	5.315
857.000	5.311
858.000	5.308
859.000	5.305
860.000	5.302
861.000	5.298
862.000	5.295
863.000	5.292
864.000	5.288
865.000	5.285
866.000	5.285
867.000	5.281
868.000	5.278
869.000	5.275
870.000	5.272
871.000	5.268
872.000	5.265
873.000	5.262
874.000	5.259
875.000	5.256
876.000	5.253
877.000	5.253
878.000	5.250
879.000	5.247
880.000	5.244
881.000	5.240
882.000	5.237
883.000	5.234
884.000	5.231
885.000	5.228
886.000	5.226
887.000	5.223
888.000	5.223
889.000	5.220
890.000	5.217
891.000	5.214
892.000	5.211
893.000	5.209
894.000	5.206
895.000	5.203
896.000	5.200
897.000	5.197
898.000	5.195
899.000	5.194
900.000	5.191
901.000	5.189
902.000	5.186
903.000	5.183
904.000	5.180
905.000	5.177
906.000	5.174
907.000	5.171
908.000	5.168
909.000	5.165
910.000	5.165
911.000	5.162
912.000	5.159
913.000	5.157
914.000	5.154
915.000	5.151
916.000	5.148
917.000	5.145
918.000	5.143
919.000	5.140
920.000	5.137
921.000	5.137
922.000	5.134
923.000	5.131
924.000	5.129
925.000	5.126
926.000	5.123
927.000	5.121
928.000	5.118
929.000	5.116
930.000	5.113
931.000	5.111
932.000	5.108
933.000	5.108
934.000	5.105
935.000	5.103
936.000	5.100
937.000	5.098
938.000	5.095
939.000	5.092
940.000	5.089
941.000	5.087
942.000	5.084
943.000	5.082
944.000	5.043
945.000	5.041
946.000	5.038
947.000	5.036
948.000	5.033
949.000	5.031
950.000	5.028
951.000	5.025
952.000	5.023
953.000	5.020
954.000	5.018
955.000	5.017
956.000	5.015
957.000	5.012
958.000	5.009
959.000	5.007
960.000	5.004
961.000	5.002
962.000	4.999
963.000	4.997
964.000	4.994
965.000	4.992
966.000	4.992
967.000	4.989
968.000	4.987
969.000	4.984
970.000	4.982
971.000	4.979
972.000	4.977
973.000	4.974
974.000	4.972
975.000	4.970
976.000	4.967
977.000	4.967
978.000	4.964
979.000	4.962
980.000	4.959
981.000	4.957
982.000	4.954
983.000	4.952
984.000	4.949
985.000	4.947
986.000	4.945
987.000	4.942
988.000	4.929
989.000	4.927
990.000	4.924
991.000	4.922
992.000	4.919
993.000	4.917
994.000	4.914
995.000	4.912
996.000	4.909
997.000	4.907
998.000	4.904
999.000	4.904
1000.000	4.901
1001.000	4.899
1002.000	4.896
1003.000	4.894
1004.000	4.891
1005.000	4.888
1006.000	4.886
1007.000	4.883
1008.000	4.880
1009.000	4.878
1010.000	4.876
1011.000	4.875
1012.000	4.873
1013.000	4.871
1014.000	4.868
1015.000	4.866
1016.000	4.863
1017.000	4.861
1018.000	4.858
1019.000	4.856
1020.000	4.853
1021.000	4.851
1022.000	4.851
1023.000	4.848
1024.000	4.846
1025.000	4.843
1026.000	4.840
1027.000	4.838
1028.000	4.835
1029.000	4.833
1030.000	4.830
1031.000	4.828
1032.000	4.826
1033.000	4.825
1034.000	4.823
1035.000	4.821
1036.000	4.818
1037.000	4.816
1038.000	4.813
1039.000	4.811
1040.000	4.808
1041.000	4.806
1042.000	4.804
1043.000	4.801
1044.000	4.801
1045.000	4.798
1046.000	4.796
1047.000	4.793
1048.000	4.791
1049.000	4.789
1050.000	4.786
1051.000	4.784
1052.000	4.781
1053.000	4.779
1054.000	4.776
1055.000	4.759
1056.000	4.757
1057.000	4.755
1058.000	4.753
1059.000	4.751
1060.000	4.748
1061.000	4.746
1062.000	4.744
1063.000	4.742
1064.000	4.739
1065.000	4.737
1066.000	4.737
1067.000	4.734
1068.000	4.732
1069.000	4.730
1070.000	4.728
1071.000	4.726
1072.000	4.723
1073.000	4.721
1074.000	4.719
1075.000	4.717
1076.000	4.714
1077.000	4.712
1078.000	4.712
1079.000	4.710
1080.000	4.707
1081.000	4.705
1082.000	4.703
1083.000	4.701
1084.000	4.698
1085.000	4.696
1086.000	4.694
1087.000	4.691
1088.000	4.689
1089.000	4.678
1090.000	4.676
1091.000	4.673
1092.000	4.671
1093.000	4.669
1094.000	4.667
1095.000	4.664
1096.000	4.662
1097.000	4.660
1098.000	4.657
1099.000	4.655
1100.000	4.621
1101.000	4.618
1102.000	4.616
1103.000	4.614
1104.000	4.612
1105.000	4.610
1106.000	4.608
1107.000	4.605
1108.000	4.603
1109.000	4.601
1110.000	4.599
1111.000	4.599
1112.000	4.597
1113.000	4.595
1114.000	4.593
1115.000	4.591
1116.000	4.589
1117.000	4.587
1118.000	4.585
1119.000	4.583
1120.000	4.581
1121.000	4.579
1122.000	4.579
1123.000	4.577
1124.000	4.575
1125.000	4.573
1126.000	4.571
1127.000	4.569
1128.000	4.566
1129.000	4.564
1130.000	4.562
1131.000	4.560
1132.000	4.558
1133.000	4.558
1134.000	4.555
1135.000	4.553
1136.000	4.551
1137.000	4.549
1138.000	4.547
1139.000	4.545
1140.000	4.543
1141.000	4.541
1142.000	4.538
1143.000	4.536
1144.000	4.534
1145.000	4.534
1146.000	4.532
1147.000	4.530
1148.000	4.528
1149.000	4.526
1150.000	4.523
1151.000	4.521
1152.000	4.519
1153.000	4.517
1154.000	4.515
1155.000	4.513
1156.000	4.513
1157.000	4.511
1158.000	4.509
1159.000	4.507
1160.000	4.505
1161.000	4.503
1162.000	4.501
1163.000	4.499
1164.000	4.497
1165.000	4.495
1166.000	4.493
1167.000	4.493
1168.000	4.491
1169.000	4.489
1170.000	4.486
1171.000	4.484
1172.000	4.482
1173.000	4.480
1174.000	4.478
1175.000	4.476
1176.000	4.474
1177.000	4.472
1178.000	4.472
1179.000	4.470
1180.000	4.467
1181.000	4.465
1182.000	4.463
1183.000	4.461
1184.000	4.459
1185.000	4.457
1186.000	4.455
1187.000	4.453
1188.000	4.451
1189.000	4.450
1190.000	4.448
1191.000	4.446
1192.000	4.444
1193.000	4.442
1194.000	4.440
1195.000	4.438
1196.000	4.435
1197.000	4.433
1198.000	4.431
1199.000	4.429
1200.000	4.429
1201.000	4.427
1202.000	4.424
1203.000	4.422
1204.000	4.420
1205.000	4.418
1206.000	4.417
1207.000	4.415
1208.000	4.413
1209.000	4.411
1210.000	4.409
1211.000	4.408
1212.000	4.406
1213.000	4.404
1214.000	4.403
1215.000	4.401
1216.000	4.399
1217.000	4.397
1218.000	4.394
1219.000	4.392
1220.000	4.390
1221.000	4.388
1222.000	4.386
1223.000	4.386
1224.000	4.384
1225.000	4.382
1226.000	4.380
1227.000	4.378
1228.000	4.376
1229.000	4.374
1230.000	4.373
1231.000	4.371
1232.000	4.369
1233.000	4.367
1234.000	4.363
1235.000	4.361
1236.000	4.359
1237.000	4.357
1238.000	4.355
1239.000	4.353
1240.000	4.352
1241.000	4.350
1242.000	4.348
1243.000	4.346
1244.000	4.344
1245.000	4.344
1246.000	4.342
1247.000	4.340
1248.000	4.338
1249.000	4.337
1250.000	4.335
1251.000	4.333
1252.000	4.331
1253.000	4.330
1254.000	4.328
1255.000	4.326
1256.000	4.326
1257.000	4.324
1258.000	4.323
1259.000	4.321
1260.000	4.319
1261.000	4.317
1262.000	4.316
1263.000	4.314
1264.000	4.312
1265.000	4.310
1266.000	4.309
1267.000	4.309
1268.000	4.307
1269.000	4.305
1270.000	4.303
1271.000	4.302
1272.000	4.300
1273.000	4.298
1274.000	4.297
1275.000	4.295
1276.000	4.293
1277.000	4.292
1278.000	4.291
1279.000	4.290
1280.000	4.288
1281.000	4.286
1282.000	4.285
1283.000	4.283
1284.000	4.282
1285.000	4.280
1286.000	4.278
1287.000	4.277
1288.000	4.275
1289.000	4.274
1290.000	4.273
1291.000	4.272
1292.000	4.270
1293.000	4.269
1294.000	4.267
1295.000	4.266
1296.000	4.264
1297.000	4.262
1298.000	4.261
1299.000	4.259
1300.000	4.258
1301.000	4.258
1302.000	4.256
1303.000	4.254
1304.000	4.253
1305.000	4.251
1306.000	4.250
1307.000	4.249
1308.000	4.247
1309.000	4.246
1310.000	4.244
1311.000	4.243
1312.000	4.241
1313.000	4.239
1314.000	4.237
1315.000	4.236
1316.000	4.234
1317.000	4.232
1318.000	4.231
1319.000	4.229
1320.000	4.228
1321.000	4.226
1322.000	4.225
1323.000	4.224
1324.000	4.223
1325.000	4.221
1326.000	4.220
1327.000	4.218
1328.000	4.216
1329.000	4.215
1330.000	4.213
1331.000	4.212
1332.000	4.210
1333.000	4.208
1334.000	4.208
1335.000	4.207
1336.000	4.205
1337.000	4.203
1338.000	4.202
1339.000	4.200
1340.000	4.198
1341.000	4.197
1342.000	4.195
1343.000	4.194
1344.000	4.192
1345.000	4.192
1346.000	4.190
1347.000	4.188
1348.000	4.187
1349.000	4.185
1350.000	4.184
1351.000	4.182
1352.000	4.181
1353.000	4.179
1354.000	4.177
1355.000	4.176
1356.000	4.174
1357.000	4.174
1358.000	4.172
1359.000	4.171
1360.000	4.169
1361.000	4.168
1362.000	4.166
1363.000	4.164
1364.000	4.163
1365.000	4.161
1366.000	4.159
1367.000	4.157
1368.000	4.157
1369.000	4.155
1370.000	4.154
1371.000	4.152
1372.000	4.150
1373.000	4.148
1374.000	4.147
1375.000	4.145
1376.000	4.143
1377.000	4.141
1378.000	4.140
1379.000	4.140
1380.000	4.138
1381.000	4.136
1382.000	4.135
1383.000	4.133
1384.000	4.131
1385.000	4.130
1386.000	4.128
1387.000	4.127
1388.000	4.125
1389.000	4.123
1390.000	4.123
1391.000	4.122
1392.000	4.120
1393.000	4.118
1394.000	4.117
1395.000	4.115
1396.000	4.114
1397.000	4.112
1398.000	4.111
1399.000	4.109
1400.000	4.107
1401.000	4.107
1402.000	4.106
1403.000	4.104
1404.000	4.102
1405.000	4.101
1406.000	4.099
1407.000	4.098
1408.000	4.096
1409.000	4.095
1410.000	4.093
1411.000	4.092
1412.000	4.091
1413.000	4.090
1414.000	4.088
1415.000	4.087
1416.000	4.085
1417.000	4.084
1418.000	4.082
1419.000	4.081
1420.000	4.079
1421.000	4.078
1422.000	4.076
1423.000	4.076
1424.000	4.075
1425.000	4.073
1426.000	4.072
1427.000	4.070
1428.000	4.069
1429.000	4.067
1430.000	4.065
1431.000	4.063
1432.000	4.062
1433.000	4.060
1434.000	4.058
1435.000	4.058
1436.000	4.056
1437.000	4.055
1438.000	4.053
1439.000	4.052
1440.000	4.050
1441.000	4.048
1442.000	4.047
1443.000	4.045
1444.000	4.044
1445.000	4.042
1446.000	4.042
1447.000	4.040
1448.000	4.039
1449.000	4.037
1450.000	4.035
1451.000	4.034
1452.000	4.032
1453.000	4.031
1454.000	4.029
1455.000	4.027
1456.000	4.026
1457.000	4.025
1458.000	4.024
1459.000	4.022
1460.000	4.020
1461.000	4.019
1462.000	4.017
1463.000	4.015
1464.000	4.014
1465.000	4.012
1466.000	4.011
1467.000	4.009
1468.000	4.009
1469.000	4.007
1470.000	4.006
1471.000	4.004
1472.000	4.002
1473.000	4.001
1474.000	3.999
1475.000	3.998
1476.000	3.996
1477.000	3.994
1478.000	3.993
1479.000	3.993
1480.000	3.991
1481.000	3.990
1482.000	3.988
1483.000	3.986
1484.000	3.985
1485.000	3.983
1486.000	3.982
1487.000	3.980
1488.000	3.979
1489.000	3.977
1490.000	3.977
1491.000	3.975
1492.000	3.974
1493.000	3.973
1494.000	3.971
1495.000	3.970
1496.000	3.968
1497.000	3.967
1498.000	3.965
1499.000	3.964
1500.000	3.962
1501.000	3.961
1502.000	3.904
1503.000	3.902
1504.000	3.901
1505.000	3.899
1506.000	3.898
1507.000	3.896
1508.000	3.895
1509.000	3.894
1510.000	3.892
1511.000	3.891
1512.000	3.889
1513.000	3.889
1514.000	3.888
1515.000	3.886
1516.000	3.885
1517.000	3.883
1518.000	3.882
1519.000	3.881
1520.000	3.879
1521.000	3.878
1522.000	3.876
1523.000	3.875
1524.000	3.875
1525.000	3.873
1526.000	3.872
1527.000	3.871
1528.000	3.869
1529.000	3.868
1530.000	3.866
1531.000	3.865
1532.000	3.864
1533.000	3.862
1534.000	3.861
1535.000	3.861
1536.000	3.859
1537.000	3.858
1538.000	3.857
1539.000	3.855
1540.000	3.854
1541.000	3.853
1542.000	3.851
1543.000	3.850
1544.000	3.849
1545.000	3.847
1546.000	3.847
1547.000	3.846
1548.000	3.844
1549.000	3.843
1550.000	3.842
1551.000	3.840
1552.000	3.839
1553.000	3.838
1554.000	3.837
1555.000	3.835
1556.000	3.834
1557.000	3.834
1558.000	3.832
1559.000	3.831
1560.000	3.830
1561.000	3.828
1562.000	3.827
1563.000	3.826
1564.000	3.824
1565.000	3.823
1566.000	3.822
1567.000	3.821
1568.000	3.819
1569.000	3.819
1570.000	3.818
1571.000	3.816
1572.000	3.815
1573.000	3.814
1574.000	3.812
1575.000	3.811
1576.000	3.810
1577.000	3.808
1578.000	3.807
1579.000	3.806
1580.000	3.805
1581.000	3.804
1582.000	3.803
1583.000	3.801
1584.000	3.800
1585.000	3.798
1586.000	3.797
1587.000	3.796
1588.000	3.794
1589.000	3.793
1590.000	3.791
1591.000	3.791
1592.000	3.790
1593.000	3.788
1594.000	3.787
1595.000	3.786
1596.000	3.784
1597.000	3.783
1598.000	3.781
1599.000	3.780
1600.000	3.779
1601.000	3.777
1602.000	3.777
1603.000	3.775
1604.000	3.774
1605.000	3.773
1606.000	3.772
1607.000	3.771
1608.000	3.769
1609.000	3.768
1610.000	3.767
1611.000	3.766
1612.000	3.765
1613.000	3.764
1614.000	3.763
1615.000	3.762
1616.000	3.761
1617.000	3.759
1618.000	3.758
1619.000	3.757
1620.000	3.756
1621.000	3.755
1622.000	3.753
1623.000	3.752
1624.000	3.752
1625.000	3.751
1626.000	3.750
1627.000	3.749
1628.000	3.747
1629.000	3.746
1630.000	3.745
1631.000	3.744
1632.000	3.743
1633.000	3.742
1634.000	3.740
1635.000	3.739
1636.000	3.739
1637.000	3.738
1638.000	3.737
1639.000	3.736
1640.000	3.735
1641.000	3.734
1642.000	3.732
1643.000	3.731
1644.000	3.730
1645.000	3.729
1646.000	3.728
1647.000	3.728
1648.000	3.727
1649.000	3.726
1650.000	3.725
1651.000	3.723
1652.000	3.722
1653.000	3.721
1654.000	3.720
1655.000	3.719
1656.000	3.718
1657.000	3.717
1658.000	3.717
1659.000	3.716
1660.000	3.714
1661.000	3.713
1662.000	3.712
1663.000	3.711
1664.000	3.710
1665.000	3.709
1666.000	3.708
1667.000	3.707
1668.000	3.706
1669.000	3.706
1670.000	3.705
1671.000	3.704
1672.000	3.703
1673.000	3.702
1674.000	3.701
1675.000	3.700
1676.000	3.700
1677.000	3.699
1678.000	3.698
1679.000	3.697
1680.000	3.697
1681.000	3.696
1682.000	3.695
1683.000	3.694
1684.000	3.693
1685.000	3.692
1686.000	3.691
1687.000	3.690
1688.000	3.690
1689.000	3.689
1690.000	3.688
1691.000	3.688
1692.000	3.687
1693.000	3.686
1694.000	3.685
1695.000	3.684
1696.000	3.683
1697.000	3.682
1698.000	3.681
1699.000	3.681
1700.000	3.680
1701.000	3.679
1702.000	3.679
1703.000	3.678
1704.000	3.677
1705.000	3.676
1706.000	3.675
1707.000	3.674
1708.000	3.673
1709.000	3.672
1710.000	3.672
1711.000	3.671
1712.000	3.670
1713.000	3.669
1714.000	3.669
1715.000	3.668
1716.000	3.667
1717.000	3.666
1718.000	3.665
1719.000	3.664
1720.000	3.664
1721.000	3.663
1722.000	3.662
1723.000	3.661
1724.000	3.660
1725.000	3.660
1726.000	3.659
1727.000	3.658
1728.000	3.657
1729.000	3.656
1730.000	3.656
1731.000	3.655
1732.000	3.654
1733.000	3.653
1734.000	3.652
1735.000	3.651
1736.000	3.651
1737.000	3.650
1738.000	3.649
1739.000	3.649
1740.000	3.648
1741.000	3.647
1742.000	3.647
1743.000	3.646
1744.000	3.646
1745.000	3.645
1746.000	3.644
1747.000	3.644
1748.000	3.644
1749.000	3.643
1750.000	3.643
1751.000	3.642
1752.000	3.642
1753.000	3.641
1754.000	3.640
1755.000	3.640
1756.000	3.639
1757.000	3.639
1758.000	3.639
1759.000	3.638
1760.000	3.638
1761.000	3.637
1762.000	3.637
1763.000	3.636
1764.000	3.635
1765.000	3.635
1766.000	3.634
1767.000	3.634
1768.000	3.633
1769.000	3.633
1770.000	3.633
1771.000	3.632
1772.000	3.632
1773.000	3.631
1774.000	3.631
1775.000	3.630
1776.000	3.630
1777.000	3.630
1778.000	3.629
1779.000	3.629
1780.000	3.628
1781.000	3.628
1782.000	3.628
1783.000	3.627
1784.000	3.627
1785.000	3.627
1786.000	3.626
1787.000	3.626
1788.000	3.625
1789.000	3.625
1790.000	3.625
1791.000	3.624
1792.000	3.624
1793.000	3.623
1794.000	3.623
1795.000	3.623
1796.000	3.622
1797.000	3.622
1798.000	3.622
1799.000	3.621
1800.000	3.621
1801.000	3.620
1802.000	3.620
1803.000	3.620
1804.000	3.619
1805.000	3.619
1806.000	3.619
1807.000	3.618
1808.000	3.618
1809.000	3.617
1810.000	3.617
1811.000	3.617
1812.000	3.616
1813.000	3.616
1814.000	3.616
1815.000	3.615
1816.000	3.615
1817.000	3.614
1818.000	3.614
1819.000	3.614
1820.000	3.613
1821.000	3.613
1822.000	3.612
1823.000	3.612
1824.000	3.612
1825.000	3.611
1826.000	3.611
1827.000	3.610
1828.000	3.610
1829.000	3.609
1830.000	3.609
1831.000	3.608
1832.000	3.608
1833.000	3.607
1834.000	3.607
1835.000	3.606
1836.000	3.606
1837.000	3.606
1838.000	3.605
1839.000	3.605
1840.000	3.604
1841.000	3.604
1842.000	3.603
1843.000	3.603
1844.000	3.602
1845.000	3.602
1846.000	3.601
1847.000	3.600
1848.000	3.600
1849.000	3.600
1850.000	3.599
1851.000	3.599
1852.000	3.598
1853.000	3.597
1854.000	3.597
1855.000	3.596
1856.000	3.595
1857.000	3.594
1858.000	3.594
1859.000	3.593
1860.000	3.593
1861.000	3.592
1862.000	3.591
1863.000	3.590
1864.000	3.590
1865.000	3.589
1866.000	3.588
1867.000	3.587
1868.000	3.587
1869.000	3.586
1870.000	3.586
1871.000	3.585
1872.000	3.584
1873.000	3.583
1874.000	3.582
1875.000	3.582
1876.000	3.581
1877.000	3.580
1878.000	3.579
1879.000	3.578
1880.000	3.577
1881.000	3.577
1882.000	3.576
1883.000	3.576
1884.000	3.575
1885.000	3.573
1886.000	3.571
1887.000	3.569
1888.000	3.568
1889.000	3.566
1890.000	3.564
1891.000	3.563
1892.000	3.562
1893.000	3.561
1894.000	3.559
1895.000	3.557
1896.000	3.555
1897.000	3.554
1898.000	3.552
1899.000	3.550
1900.000	3.549
1901.000	3.547
1902.000	3.545
1903.000	3.545
1904.000	3.543
1905.000	3.542
1906.000	3.540
1907.000	3.538
1908.000	3.536
1909.000	3.535
1910.000	3.533
1911.000	3.531
1912.000	3.530
1913.000	3.528
1914.000	3.528
1915.000	3.526
1916.000	3.525
1917.000	3.523
1918.000	3.521
1919.000	3.520
1920.000	3.518
1921.000	3.516
1922.000	3.515
1923.000	3.513
1924.000	3.511
1925.000	3.510
1926.000	3.509
1927.000	3.508
1928.000	3.506
1929.000	3.504
1930.000	3.503
1931.000	3.501
1932.000	3.500
1933.000	3.498
1934.000	3.497
1935.000	3.495
1936.000	3.493
1937.000	3.493
1938.000	3.492
1939.000	3.490
1940.000	3.488
1941.000	3.487
1942.000	3.485
1943.000	3.484
1944.000	3.482
1945.000	3.480
1946.000	3.479
1947.000	3.477
1948.000	3.477
1949.000	3.475
1950.000	3.474
1951.000	3.472
1952.000	3.471
1953.000	3.469
1954.000	3.468
1955.000	3.466
1956.000	3.465
1957.000	3.463
1958.000	3.461
1959.000	3.461
1960.000	3.460
1961.000	3.458
1962.000	3.457
1963.000	3.455
1964.000	3.453
1965.000	3.452
1966.000	3.450
1967.000	3.449
1968.000	3.447
1969.000	3.446
1970.000	3.445
1971.000	3.444
1972.000	3.442
1973.000	3.441
1974.000	3.439
1975.000	3.438
1976.000	3.436
1977.000	3.435
1978.000	3.433
1979.000	3.432
1980.000	3.430
1981.000	3.430
1982.000	3.428
1983.000	3.427
1984.000	3.425
1985.000	3.424
1986.000	3.422
1987.000	3.421
1988.000	3.419
1989.000	3.418
1990.000	3.416
1991.000	3.414
1992.000	3.413
1993.000	3.413
1994.000	3.411
1995.000	3.410
1996.000	3.408
1997.000	3.407
1998.000	3.405
1999.000	3.404
2000.000	3.402
2001.000	3.400
2002.000	3.399
2003.000	3.397
2004.000	3.397
2005.000	3.396
2006.000	3.394
2007.000	3.393
2008.000	3.391
2009.000	3.390
2010.000	3.388
2011.000	3.387
2012.000	3.385
2013.000	3.383
2014.000	3.382
2015.000	3.367
2016.000	3.365
2017.000	3.364
2018.000	3.362
2019.000	3.361
2020.000	3.359
2021.000	3.358
2022.000	3.356
2023.000	3.355
2024.000	3.353
2025.000	3.352
2026.000	3.352
2027.000	3.350
2028.000	3.349
2029.000	3.347
2030.000	3.346
2031.000	3.344
2032.000	3.343
2033.000	3.341
2034.000	3.340
2035.000	3.338
2036.000	3.337
2037.000	3.336
2038.000	3.335
2039.000	3.333
2040.000	3.332
2041.000	3.330
2042.000	3.329
2043.000	3.327
2044.000	3.326
2045.000	3.324
2046.000	3.323
2047.000	3.321
2048.000	3.321
2049.000	3.320
2050.000	3.318
2051.000	3.317
2052.000	3.315
2053.000	3.314
2054.000	3.312
2055.000	3.311
2056.000	3.309
2057.000	3.308
2058.000	3.306
2059.000	3.305
2060.000	3.304
2061.000	3.303
2062.000	3.301
2063.000	3.300
2064.000	3.298
2065.000	3.297
2066.000	3.295
2067.000	3.293
2068.000	3.292
2069.000	3.290
2070.000	3.288
2071.000	3.288
2072.000	3.286
2073.000	3.285
2074.000	3.283
2075.000	3.281
2076.000	3.280
2077.000	3.278
2078.000	3.276
2079.000	3.275
2080.000	3.273
2081.000	3.271
2082.000	3.271
2083.000	3.269
2084.000	3.268
2085.000	3.266
2086.000	3.265
2087.000	3.263
2088.000	3.261
2089.000	3.260
2090.000	3.258
2091.000	3.256
2092.000	3.255
2093.000	3.254
2094.000	3.253
2095.000	3.251
2096.000	3.250
2097.000	3.248
2098.000	3.246
2099.000	3.245
2100.000	3.243
2101.000	3.241
2102.000	3.240
2103.000	3.238
2104.000	3.238
2105.000	3.236
2106.000	3.235
2107.000	3.233
2108.000	3.231
2109.000	3.230
2110.000	3.228
2111.000	3.227
2112.000	3.225
2113.000	3.223
2114.000	3.222
2115.000	3.221
2116.000	3.220
2117.000	3.218
2118.000	3.217
2119.000	3.215
2120.000	3.213
2121.000	3.212
2122.000	3.210
2123.000	3.209
2124.000	3.207
2125.000	3.205
2126.000	3.205
2127.000	3.204
2128.000	3.202
2129.000	3.200
2130.000	3.199
2131.000	3.197
2132.000	3.196
2133.000	3.194
2134.000	3.192
2135.000	3.191
2136.000	3.189
2137.000	3.188
2138.000	3.187
2139.000	3.186
2140.000	3.184
2141.000	3.183
2142.000	3.181
2143.000	3.180
2144.000	3.178
2145.000	3.176
2146.000	3.175
2147.000	3.173
2148.000	3.172
2149.000	3.171
2150.000	3.170
2151.000	3.168
2152.000	3.167
2153.000	3.165
2154.000	3.164
2155.000	3.162
2156.000	3.161
2157.000	3.159
2158.000	3.157
2159.000	3.156
2160.000	3.156
2161.000	3.154
2162.000	3.152
2163.000	3.150
2164.000	3.148
2165.000	3.146
2166.000	3.144
2167.000	3.142
2168.000	3.140
2169.000	3.138
2170.000	3.137
2171.000	3.136
2172.000	3.134
2173.000	3.132
2174.000	3.130
2175.000	3.129
2176.000	3.127
2177.000	3.125
2178.000	3.123
2179.000	3.121
2180.000	3.119
2181.000	3.117
2182.000	3.117
2183.000	3.115
2184.000	3.113
2185.000	3.111
2186.000	3.109
2187.000	3.107
2188.000	3.105
2189.000	3.103
2190.000	3.101
2191.000	3.099
2192.000	3.097
2193.000	3.097
2194.000	3.095
2195.000	3.093
2196.000	3.091
2197.000	3.089
2198.000	3.087
2199.000	3.085
2200.000	3.083
2201.000	3.081
2202.000	3.079
2203.000	3.077
2204.000	3.075
2205.000	3.075
2206.000	3.073
2207.000	3.071
2208.000	3.069
2209.000	3.067
2210.000	3.066
2211.000	3.064
2212.000	3.062
2213.000	3.060
2214.000	3.058
2215.000	3.056
2216.000	3.056
2217.000	3.054
2218.000	3.052
2219.000	3.050
2220.000	3.048
2221.000	3.046
2222.000	3.045
2223.000	3.043
2224.000	3.041
2225.000	3.039
2226.000	3.037
2227.000	3.037
2228.000	3.035
2229.000	3.033
2230.000	3.032
2231.000	3.030
2232.000	3.028
2233.000	3.026
2234.000	3.024
2235.000	3.023
2236.000	3.021
2237.000	3.019
2238.000	3.019
2239.000	3.017
2240.000	3.015
2241.000	3.014
2242.000	3.012
2243.000	3.010
2244.000	3.008
2245.000	3.007
2246.000	3.005
2247.000	3.003
2248.000	3.001
2249.000	3.001
2250.000	2.999
2251.000	2.998
2252.000	2.996
2253.000	2.995
2254.000	2.993
2255.000	2.991
2256.000	2.990
2257.000	2.988
2258.000	2.986
2259.000	2.984
2260.000	2.984
2261.000	2.982
2262.000	2.980
2263.000	2.978
2264.000	2.976
2265.000	2.974
2266.000	2.972
2267.000	2.970
2268.000	2.969
2269.000	2.967
2270.000	2.965
2271.000	2.963
2272.000	2.963
2273.000	2.961
2274.000	2.959
2275.000	2.957
2276.000	2.955
2277.000	2.954
2278.000	2.952
2279.000	2.950
2280.000	2.948
2281.000	2.946
2282.000	2.944
2283.000	2.944
2284.000	2.942
2285.000	2.940
2286.000	2.938
2287.000	2.937
2288.000	2.936
2289.000	2.934
2290.000	2.933
2291.000	2.932
2292.000	2.931
2293.000	2.930
2294.000	2.930
2295.000	2.929
2296.000	2.928
2297.000	2.927
2298.000	2.926
2299.000	2.924
2300.000	2.923
2301.000	2.922
2302.000	2.921
2303.000	2.920
2304.000	2.919
2305.000	2.919
2306.000	2.918
2307.000	2.917
2308.000	2.916
2309.000	2.914
2310.000	2.913
2311.000	2.912
2312.000	2.911
2313.000	2.910
2314.000	2.909
2315.000	2.908
2316.000	2.908
2317.000	2.907
2318.000	2.906
2319.000	2.904
2320.000	2.903
2321.000	2.902
2322.000	2.901
2323.000	2.900
2324.000	2.899
2325.000	2.898
2326.000	2.897
2327.000	2.897
2328.000	2.896
2329.000	2.895
2330.000	2.894
2331.000	2.892
2332.000	2.891
2333.000	2.890
2334.000	2.889
2335.000	2.888
2336.000	2.887
2337.000	2.886
2338.000	2.885
2339.000	2.885
2340.000	2.884
2341.000	2.883
2342.000	2.882
2343.000	2.881
2344.000	2.879
2345.000	2.878
2346.000	2.877
2347.000	2.876
2348.000	2.875
2349.000	2.874
2350.000	2.874
2351.000	2.873
2352.000	2.872
2353.000	2.871
2354.000	2.870
2355.000	2.869
2356.000	2.868
2357.000	2.867
2358.000	2.866
2359.000	2.865
2360.000	2.863
2361.000	2.863
2362.000	2.862
2363.000	2.861
2364.000	2.860
2365.000	2.859
2366.000	2.858
2367.000	2.857
2368.000	2.856
2369.000	2.855
2370.000	2.854
2371.000	2.853
2372.000	2.853
2373.000	2.852
2374.000	2.851
2375.000	2.850
2376.000	2.849
2377.000	2.848
2378.000	2.847
2379.000	2.846
2380.000	2.845
2381.000	2.844
2382.000	2.842
2383.000	2.842
2384.000	2.841
2385.000	2.840
2386.000	2.839
2387.000	2.838
2388.000	2.837
2389.000	2.836
2390.000	2.835
2391.000	2.834
2392.000	2.833
2393.000	2.832
2394.000	2.832
2395.000	2.831
2396.000	2.830
2397.000	2.829
2398.000	2.828
2399.000	2.827
2400.000	2.826
2401.000	2.825
2402.000	2.824
2403.000	2.823
2404.000	2.822
2405.000	2.822
2406.000	2.821
2407.000	2.820
2408.000	2.819
2409.000	2.818
2410.000	2.817
2411.000	2.816
2412.000	2.815
2413.000	2.814
2414.000	2.813
2415.000	2.812
2416.000	2.811
2417.000	2.811
2418.000	2.810
2419.000	2.809
2420.000	2.808
2421.000	2.807
2422.000	2.806
2423.000	2.805
2424.000	2.804
2425.000	2.803
2426.000	2.802
2427.000	2.801
2428.000	2.801
2429.000	2.800
2430.000	2.799
2431.000	2.798
2432.000	2.797
2433.000	2.796
2434.000	2.795
2435.000	2.794
2436.000	2.793
2437.000	2.792
2438.000	2.791
2439.000	2.791
2440.000	2.790
2441.000	2.789
2442.000	2.788
2443.000	2.787
2444.000	2.786
2445.000	2.785
2446.000	2.784
2447.000	2.783
2448.000	2.782
2449.000	2.781
2450.000	2.781
2451.000	2.780
2452.000	2.779
2453.000	2.778
2454.000	2.777
2455.000	2.776
2456.000	2.775
2457.000	2.774
2458.000	2.773
2459.000	2.772
2460.000	2.771
2461.000	2.771
2462.000	2.770
2463.000	2.769
2464.000	2.768
2465.000	2.767
2466.000	2.766
2467.000	2.765
2468.000	2.764
2469.000	2.763
2470.000	2.762
2471.000	2.761
2472.000	2.761
2473.000	2.760
2474.000	2.759
2475.000	2.758
2476.000	2.757
2477.000	2.757
2478.000	2.756
2479.000	2.755
2480.000	2.754
2481.000	2.753
2482.000	2.752
2483.000	2.751
2484.000	2.751
2485.000	2.750
2486.000	2.749
2487.000	2.748
2488.000	2.747
2489.000	2.746
2490.000	2.745
2491.000	2.744
2492.000	2.743
2493.000	2.742
2494.000	2.741
2495.000	2.741
2496.000	2.740
2497.000	2.739
2498.000	2.738
2499.000	2.737
2500.000	2.737
2501.000	2.736
2502.000	2.735
2503.000	2.734
2504.000	2.733
2505.000	2.732
2506.000	2.732
2507.000	2.732
2508.000	2.731
2509.000	2.730
2510.000	2.729
2511.000	2.728
2512.000	2.728
2513.000	2.727
2514.000	2.726
2515.000	2.725
2516.000	2.724
2517.000	2.724
2518.000	2.723
2519.000	2.722
2520.000	2.721
2521.000	2.720
2522.000	2.720
2523.000	2.719
2524.000	2.718
2525.000	2.717
2526.000	2.716
2527.000	2.715
2528.000	2.715
2529.000	2.714
2530.000	2.713
2531.000	2.712
2532.000	2.711
2533.000	2.710
2534.000	2.709
2535.000	2.708
2536.000	2.707
2537.000	2.706
2538.000	2.705
2539.000	2.705
2540.000	2.703
2541.000	2.702
2542.000	2.701
2543.000	2.700
2544.000	2.699
2545.000	2.698
2546.000	2.697
2547.000	2.696
2548.000	2.695
2549.000	2.694
2550.000	2.693
2551.000	2.693
2552.000	2.692
2553.000	2.691
2554.000	2.690
2555.000	2.688
2556.000	2.687
2557.000	2.686
2558.000	2.685
2559.000	2.684
2560.000	2.683
2561.000	2.682
2562.000	2.682
2563.000	2.681
2564.000	2.680
2565.000	2.678
2566.000	2.677
2567.000	2.676
2568.000	2.675
2569.000	2.674
2570.000	2.673
2571.000	2.672
2572.000	2.670
2573.000	2.670
2574.000	2.669
2575.000	2.668
2576.000	2.667
2577.000	2.666
2578.000	2.665
2579.000	2.664
2580.000	2.662
2581.000	2.661
2582.000	2.660
2583.000	2.659
2584.000	2.659
2585.000	2.658
2586.000	2.657
2587.000	2.655
2588.000	2.654
2589.000	2.653
2590.000	2.652
2591.000	2.651
2592.000	2.649
2593.000	2.648
2594.000	2.647
2595.000	2.647
2596.000	2.646
2597.000	2.645
2598.000	2.643
2599.000	2.642
2600.000	2.641
2601.000	2.640
2602.000	2.638
2603.000	2.637
2604.000	2.636
2605.000	2.635
2606.000	2.635
2607.000	2.634
2608.000	2.632
2609.000	2.631
2610.000	2.630
2611.000	2.629
2612.000	2.627
2613.000	2.626
2614.000	2.625
2615.000	2.624
2616.000	2.623
2617.000	2.623
2618.000	2.621
2619.000	2.620
2620.000	2.619
2621.000	2.618
2622.000	2.617
2623.000	2.617
2624.000	2.616
2625.000	2.615
2626.000	2.614
2627.000	2.613
2628.000	2.612
2629.000	2.612
2630.000	2.611
2631.000	2.610
2632.000	2.609
2633.000	2.608
2634.000	2.607
2635.000	2.607
2636.000	2.606
2637.000	2.605
2638.000	2.604
2639.000	2.603
2640.000	2.603
2641.000	2.602
2642.000	2.601
2643.000	2.600
2644.000	2.599
2645.000	2.598
2646.000	2.597
2647.000	2.597
2648.000	2.596
2649.000	2.595
2650.000	2.594
2651.000	2.594
2652.000	2.593
2653.000	2.592
2654.000	2.591
2655.000	2.590
2656.000	2.589
2657.000	2.588
2658.000	2.588
2659.000	2.587
2660.000	2.586
2661.000	2.585
2662.000	2.585
2663.000	2.584
2664.000	2.583
2665.000	2.582
2666.000	2.581
2667.000	2.580
2668.000	2.579
2669.000	2.578
2670.000	2.577
2671.000	2.576
2672.000	2.576
2673.000	2.576
2674.000	2.575
2675.000	2.574
2676.000	2.573
2677.000	2.572
2678.000	2.571
2679.000	2.570
2680.000	2.569
2681.000	2.568
2682.000	2.567
2683.000	2.566
2684.000	2.566
2685.000	2.565
2686.000	2.564
2687.000	2.563
2688.000	2.562
2689.000	2.561
2690.000	2.560
2691.000	2.559
2692.000	2.558
2693.000	2.557
2694.000	2.556
2695.000	2.555
2696.000	2.555
2697.000	2.554
2698.000	2.553
2699.000	2.552
2700.000	2.551
2701.000	2.550
2702.000	2.549
2703.000	2.548
2704.000	2.547
2705.000	2.546
2706.000	2.545
2707.000	2.545
2708.000	2.544
2709.000	2.543
2710.000	2.542
2711.000	2.541
2712.000	2.540
2713.000	2.539
2714.000	2.538
2715.000	2.537
2716.000	2.535
2717.000	2.534
2718.000	2.534
2719.000	2.533
2720.000	2.532
2721.000	2.531
2722.000	2.530
2723.000	2.529
2724.000	2.528
2725.000	2.527
2726.000	2.526
2727.000	2.525
2728.000	2.524
2729.000	2.524
2730.000	2.523
2731.000	2.522
2732.000	2.521
2733.000	2.520
2734.000	2.519
2735.000	2.518
2736.000	2.518
2737.000	2.517
2738.000	2.516
2739.000	2.515
2740.000	2.515
2741.000	2.515
2742.000	2.514
2743.000	2.513
2744.000	2.512
2745.000	2.512
2746.000	2.511
2747.000	2.510
2748.000	2.509
2749.000	2.509
2750.000	2.508
2751.000	2.508
2752.000	2.507
2753.000	2.506
2754.000	2.506
2755.000	2.505
2756.000	2.504
2757.000	2.504
2758.000	2.503
2759.000	2.502
2760.000	2.501
2761.000	2.501
2762.000	2.500
2763.000	2.500
2764.000	2.499
2765.000	2.499
2766.000	2.498
2767.000	2.497
2768.000	2.497
2769.000	2.496
2770.000	2.495
2771.000	2.495
2772.000	2.494
2773.000	2.493
2774.000	2.478
2775.000	2.478
2776.000	2.477
2777.000	2.476
2778.000	2.476
2779.000	2.475
2780.000	2.474
2781.000	2.474
2782.000	2.473
2783.000	2.472
2784.000	2.472
2785.000	2.472
2786.000	2.471
2787.000	2.470
2788.000	2.470
2789.000	2.469
2790.000	2.468
2791.000	2.468
2792.000	2.467
2793.000	2.466
2794.000	2.466
2795.000	2.465
2796.000	2.462
2797.000	2.461
2798.000	2.460
2799.000	2.460
2800.000	2.459
2801.000	2.458
2802.000	2.458
2803.000	2.457
2804.000	2.456
2805.000	2.456
2806.000	2.455
2807.000	2.455
2808.000	2.454
2809.000	2.454
2810.000	2.453
2811.000	2.452
2812.000	2.452
2813.000	2.451
2814.000	2.450
2815.000	2.450
2816.000	2.449
2817.000	2.448
2818.000	2.448
2819.000	2.448
2820.000	2.447
2821.000	2.446
2822.000	2.446
2823.000	2.445
2824.000	2.444
2825.000	2.444
2826.000	2.443
2827.000	2.442
2828.000	2.442
2829.000	2.442
2830.000	2.441
2831.000	2.440
2832.000	2.440
2833.000	2.439
2834.000	2.438
2835.000	2.438
2836.000	2.437
2837.000	2.436
2838.000	2.436
2839.000	2.435
2840.000	2.434
2841.000	2.426
2842.000	2.426
2843.000	2.425
2844.000	2.424
2845.000	2.424
2846.000	2.423
2847.000	2.422
2848.000	2.422
2849.000	2.421
2850.000	2.420
2851.000	2.420
2852.000	2.420
2853.000	2.419
2854.000	2.418
2855.000	2.418
2856.000	2.417
2857.000	2.417
2858.000	2.416
2859.000	2.415
2860.000	2.415
2861.000	2.414
2862.000	2.413
2863.000	2.413
2864.000	2.413
2865.000	2.412
2866.000	2.411
2867.000	2.411
2868.000	2.410
2869.000	2.409
2870.000	2.409
2871.000	2.408
2872.000	2.407
2873.000	2.407
2874.000	2.407
2875.000	2.406
2876.000	2.405
2877.000	2.405
2878.000	2.404
2879.000	2.403
2880.000	2.403
2881.000	2.402
2882.000	2.402
2883.000	2.401
2884.000	2.400
2885.000	2.389
2886.000	2.389
2887.000	2.388
2888.000	2.387
2889.000	2.387
2890.000	2.386
2891.000	2.386
2892.000	2.385
2893.000	2.384
2894.000	2.384
2895.000	2.383
2896.000	2.383
2897.000	2.382
2898.000	2.382
2899.000	2.381
2900.000	2.380
2901.000	2.380
2902.000	2.379
2903.000	2.378
2904.000	2.378
2905.000	2.377
2906.000	2.376
2907.000	2.376
2908.000	2.376
2909.000	2.375
2910.000	2.375
2911.000	2.374
2912.000	2.373
2913.000	2.373
2914.000	2.372
2915.000	2.371
2916.000	2.371
2917.000	2.370
2918.000	2.369
2919.000	2.369
2920.000	2.369
2921.000	2.368
2922.000	2.367
2923.000	2.367
2924.000	2.366
2925.000	2.366
2926.000	2.365
2927.000	2.364
2928.000	2.364
2929.000	2.363
2930.000	2.363
2931.000	2.362
2932.000	2.362
2933.000	2.361
2934.000	2.360
2935.000	2.360
2936.000	2.359
2937.000	2.359
2938.000	2.358
2939.000	2.357
2940.000	2.357
2941.000	2.350
2942.000	2.350
2943.000	2.349
2944.000	2.348
2945.000	2.348
2946.000	2.347
2947.000	2.346
2948.000	2.346
2949.000	2.345
2950.000	2.344
2951.000	2.344
2952.000	2.344
2953.000	2.343
2954.000	2.343
2955.000	2.342
2956.000	2.341
2957.000	2.341
2958.000	2.340
2959.000	2.339
2960.000	2.339
2961.000	2.338
2962.000	2.337
2963.000	2.337
2964.000	2.337
2965.000	2.336
2966.000	2.336
2967.000	2.335
2968.000	2.334
2969.000	2.334
2970.000	2.333
2971.000	2.332
2972.000	2.332
2973.000	2.331
2974.000	2.331
2975.000	2.331
2976.000	2.330
2977.000	2.329
2978.000	2.329
2979.000	2.328
2980.000	2.327
2981.000	2.327
2982.000	2.326
2983.000	2.326
2984.000	2.325
2985.000	2.324
2986.000	2.324
2987.000	2.324
2988.000	2.323
2989.000	2.322
2990.000	2.322
2991.000	2.321
2992.000	2.320
2993.000	2.320
2994.000	2.319
2995.000	2.319
2996.000	2.318
2997.000	2.318
2998.000	2.317
2999.000	2.317
3000.000	2.316
3001.000	2.315
3002.000	2.315
3003.000	2.314
3004.000	2.313
3005.000	2.313
3006.000	2.312
3007.000	2.311
3008.000	2.311
3009.000	2.311
3010.000	2.310
3011.000	2.309
3012.000	2.309
3013.000	2.308
3014.000	2.307
3015.000	2.307
3016.000	2.306
3017.000	2.306
3018.000	2.305
3019.000	2.305
3020.000	2.304
3021.000	2.304
3022.000	2.303
3023.000	2.302
3024.000	2.302
3025.000	2.301
3026.000	2.300
3027.000	2.300
3028.000	2.299
3029.000	2.298
3030.000	2.298
3031.000	2.298
3032.000	2.297
3033.000	2.296
3034.000	2.296
3035.000	2.295
3036.000	2.295
3037.000	2.294
3038.000	2.293
3039.000	2.293
3040.000	2.292
3041.000	2.291
3042.000	2.291
3043.000	2.291
3044.000	2.290
3045.000	2.290
3046.000	2.289
3047.000	2.289
3048.000	2.288
3049.000	2.288
3050.000	2.287
3051.000	2.287
3052.000	2.286
3053.000	2.286
3054.000	2.286
3055.000	2.285
3056.000	2.285
3057.000	2.284
3058.000	2.284
3059.000	2.283
3060.000	2.283
3061.000	2.282
3062.000	2.282
3063.000	2.281
3064.000	2.281
3065.000	2.281
3066.000	2.281
3067.000	2.280
3068.000	2.280
3069.000	2.279
3070.000	2.279
3071.000	2.279
3072.000	2.278
3073.000	2.278
3074.000	2.277
3075.000	2.277
3076.000	2.277
3077.000	2.277
3078.000	2.276
3079.000	2.276
3080.000	2.275
3081.000	2.275
3082.000	2.275
3083.000	2.274
3084.000	2.274
3085.000	2.273
3086.000	2.273
3087.000	2.273
3088.000	2.273
3089.000	2.272
3090.000	2.272
3091.000	2.272
3092.000	2.271
3093.000	2.271
3094.000	2.271
3095.000	2.270
3096.000	2.270
3097.000	2.270
3098.000	2.270
3099.000	2.269
3100.000	2.269
3101.000	2.269
3102.000	2.268
3103.000	2.268
3104.000	2.268
3105.000	2.267
3106.000	2.267
3107.000	2.267
3108.000	2.267
3109.000	2.266
3110.000	2.266
3111.000	2.266
3112.000	2.265
3113.000	2.265
3114.000	2.265
3115.000	2.264
3116.000	2.264
3117.000	2.264
3118.000	2.264
3119.000	2.263
3120.000	2.263
3121.000	2.263
3122.000	2.263
3123.000	2.262
3124.000	2.262
3125.000	2.262
3126.000	2.261
3127.000	2.261
3128.000	2.261
3129.000	2.261
3130.000	2.260
3131.000	2.260
3132.000	2.260
3133.000	2.260
3134.000	2.260
3135.000	2.259
3136.000	2.259
3137.000	2.259
3138.000	2.259
3139.000	2.258
3140.000	2.258
3141.000	2.258
3142.000	2.258
3143.000	2.257
3144.000	2.257
3145.000	2.257
3146.000	2.257
3147.000	2.256
3148.000	2.256
3149.000	2.256
3150.000	2.255
3151.000	2.255
3152.000	2.255
3153.000	2.255
3154.000	2.254
3155.000	2.254
3156.000	2.254
3157.000	2.253
3158.000	2.253
3159.000	2.253
3160.000	2.252
3161.000	2.252
3162.000	2.252
3163.000	2.251
3164.000	2.251
3165.000	2.251
3166.000	2.251
3167.000	2.251
3168.000	2.250
3169.000	2.250
3170.000	2.250
3171.000	2.249
3172.000	2.249
3173.000	2.249
3174.000	2.248
3175.000	2.248
3176.000	2.248
3177.000	2.248
3178.000	2.247
3179.000	2.247
3180.000	2.247
3181.000	2.247
3182.000	2.246
3183.000	2.246
3184.000	2.246
3185.000	2.245
3186.000	2.245
3187.000	2.245
3188.000	2.245
3189.000	2.245
3190.000	2.244
3191.000	2.244
3192.000	2.244
3193.000	2.243
3194.000	2.243
3195.000	2.243
3196.000	2.243
3197.000	2.242
3198.000	2.242
3199.000	2.242
3200.000	2.242
3201.000	2.242
3202.000	2.241
3203.000	2.241
3204.000	2.241
3205.000	2.241
3206.000	2.240
3207.000	2.240
3208.000	2.240
3209.000	2.240
3210.000	2.240
3211.000	2.239
3212.000	2.239
3213.000	2.239
3214.000	2.238
3215.000	2.238
3216.000	2.238
3217.000	2.238
3218.000	2.237
3219.000	2.237
3220.000	2.237
3221.000	2.237
3222.000	2.237
3223.000	2.236
3224.000	2.236
3225.000	2.236
3226.000	2.235
3227.000	2.235
3228.000	2.235
3229.000	2.235
3230.000	2.234
3231.000	2.234
3232.000	2.234
3233.000	2.234
3234.000	2.234
3235.000	2.233
3236.000	2.233
3237.000	2.233
3238.000	2.232
3239.000	2.232
3240.000	2.232
3241.000	2.232
3242.000	2.232
3243.000	2.231
3244.000	2.231
3245.000	2.231
3246.000	2.230
3247.000	2.230
3248.000	2.230
3249.000	2.230
3250.000	2.230
3251.000	2.229
3252.000	2.229
3253.000	2.229
3254.000	2.229
3255.000	2.229
3256.000	2.229
3257.000	2.228
3258.000	2.228
3259.000	2.228
3260.000	2.228
3261.000	2.228
3262.000	2.227
3263.000	2.227
3264.000	2.227
3265.000	2.227
3266.000	2.227
3267.000	2.226
3268.000	2.226
3269.000	2.226
3270.000	2.226
3271.000	2.226
3272.000	2.225
3273.000	2.225
3274.000	2.225
3275.000	2.225
3276.000	2.225
3277.000	2.225
3278.000	2.224
3279.000	2.224
3280.000	2.224
3281.000	2.224
3282.000	2.224
3283.000	2.223
3284.000	2.223
3285.000	2.223
3286.000	2.223
3287.000	2.223
3288.000	2.223
3289.000	2.222
3290.000	2.222
3291.000	2.222
3292.000	2.222
3293.000	2.222
3294.000	2.222
3295.000	2.221
3296.000	2.221
3297.000	2.221
3298.000	2.221
3299.000	2.221
3300.000	2.221
3301.000	2.220
3302.000	2.220
3303.000	2.220
3304.000	2.220
3305.000	2.220
3306.000	2.219
3307.000	2.219
3308.000	2.219
3309.000	2.219
3310.000	2.219
3311.000	2.219
3312.000	2.218
3313.000	2.218
3314.000	2.218
3315.000	2.218
3316.000	2.218
3317.000	2.217
3318.000	2.217
3319.000	2.217
3320.000	2.217
3321.000	2.217
3322.000	2.217
3323.000	2.216
3324.000	2.216
3325.000	2.216
3326.000	2.216
3327.000	2.216
3328.000	2.215
3329.000	2.215
3330.000	2.215
3331.000	2.215
3332.000	2.215
3333.000	2.214
3334.000	2.214
3335.000	2.214
3336.000	2.214
3337.000	2.214
3338.000	2.213
3339.000	2.213
3340.000	2.213
3341.000	2.213
3342.000	2.212
3343.000	2.212
3344.000	2.212
3345.000	2.212
3346.000	2.211
3347.000	2.211
3348.000	2.211
3349.000	2.211
3350.000	2.210
3351.000	2.210
3352.000	2.210
3353.000	2.210
3354.000	2.210
3355.000	2.209
3356.000	2.209
3357.000	2.209
3358.000	2.209
3359.000	2.208
3360.000	2.208
3361.000	2.208
3362.000	2.207
3363.000	2.207
3364.000	2.207
3365.000	2.207
3366.000	2.207
3367.000	2.206
3368.000	2.206
3369.000	2.206
3370.000	2.206
3371.000	2.205
3372.000	2.205
3373.000	2.205
3374.000	2.204
3375.000	2.204
3376.000	2.204
3377.000	2.204
3378.000	2.204
3379.000	2.203
3380.000	2.203
3381.000	2.203
3382.000	2.203
3383.000	2.202
3384.000	2.202
3385.000	2.202
3386.000	2.201
3387.000	2.201
3388.000	2.201
3389.000	2.201
3390.000	2.201
3391.000	2.200
3392.000	2.200
3393.000	2.200
3394.000	2.200
3395.000	2.199
3396.000	2.199
3397.000	2.199
3398.000	2.198
3399.000	2.198
3400.000	2.198
3401.000	2.198
3402.000	2.198
3403.000	2.197
3404.000	2.197
3405.000	2.197
3406.000	2.197
3407.000	2.196
3408.000	2.196
3409.000	2.196
3410.000	2.196
3411.000	2.195
3412.000	2.195
3413.000	2.195
3414.000	2.195
3415.000	2.194
3416.000	2.194
3417.000	2.194
3418.000	2.194
3419.000	2.193
3420.000	2.193
3421.000	2.193
3422.000	2.193
3423.000	2.193
3424.000	2.192
3425.000	2.192
3426.000	2.192
3427.000	2.191
3428.000	2.191
3429.000	2.191
3430.000	2.191
3431.000	2.190
3432.000	2.190
3433.000	2.190
3434.000	2.190
3435.000	2.190
3436.000	2.189
3437.000	2.189
3438.000	2.189
3439.000	2.188
3440.000	2.188
3441.000	2.188
3442.000	2.188
3443.000	2.188
3444.000	2.187
3445.000	2.187
3446.000	2.187
3447.000	2.187
3448.000	2.186
3449.000	2.186
3450.000	2.186
3451.000	2.186
3452.000	2.185
3453.000	2.185
3454.000	2.185
3455.000	2.185
3456.000	2.184
3457.000	2.184
3458.000	2.184
3459.000	2.184
3460.000	2.183
3461.000	2.183
3462.000	2.183
3463.000	2.183
3464.000	2.182
3465.000	2.182
3466.000	2.182
3467.000	2.182
3468.000	2.182
3469.000	2.181
3470.000	2.181
3471.000	2.181
3472.000	2.180
3473.000	2.180
3474.000	2.180
3475.000	2.180
3476.000	2.179
3477.000	2.179
3478.000	2.179
3479.000	2.179
3480.000	2.179
3481.000	2.178
3482.000	2.178
3483.000	2.178
3484.000	2.178
3485.000	2.177
3486.000	2.177
3487.000	2.177
3488.000	2.177
3489.000	2.176
3490.000	2.176
3491.000	2.176
3492.000	2.176
3493.000	2.175
3494.000	2.175
3495.000	2.175
3496.000	2.175
3497.000	2.174
3498.000	2.174
3499.000	2.174
3500.000	2.174
3501.000	2.174
3502.000	2.173
3503.000	2.173
3504.000	2.173
3505.000	2.173
3506.000	2.172
3507.000	2.172
3508.000	2.172
3509.000	2.171
3510.000	2.171
3511.000	2.171
3512.000	2.171
3513.000	2.171
3514.000	2.170
3515.000	2.170
3516.000	2.170
3517.000	2.170
3518.000	2.169
3519.000	2.169
3520.000	2.169
3521.000	2.169
3522.000	2.169
3523.000	2.168
3524.000	2.168
3525.000	2.168
3526.000	2.168
3527.000	2.167
3528.000	2.167
3529.000	2.167
3530.000	2.167
3531.000	2.166
3532.000	2.166
3533.000	2.166
3534.000	2.166
3535.000	2.165
3536.000	2.165
3537.000	2.165
3538.000	2.165
3539.000	2.164
3540.000	2.164
3541.000	2.164
3542.000	2.164
3543.000	2.163
3544.000	2.163
3545.000	2.163
3546.000	2.163
3547.000	2.163
3548.000	2.162
3549.000	2.162
3550.000	2.162
3551.000	2.162
3552.000	2.161
3553.000	2.161
3554.000	2.161
3555.000	2.161
3556.000	2.160
3557.000	2.160
3558.000	2.160
3559.000	2.160
3560.000	2.159
3561.000	2.159
3562.000	2.159
3563.000	2.158
3564.000	2.158
3565.000	2.158
3566.000	2.158
3567.000	2.158
3568.000	2.157
3569.000	2.157
3570.000	2.157
3571.000	2.156
3572.000	2.156
3573.000	2.156
3574.000	2.155
3575.000	2.155
3576.000	2.155
3577.000	2.155
3578.000	2.155
3579.000	2.154
3580.000	2.154
3581.000	2.154
3582.000	2.153
3583.000	2.153
3584.000	2.153
3585.000	2.152
3586.000	2.152
3587.000	2.152
3588.000	2.152
3589.000	2.152
3590.000	2.151
3591.000	2.151
3592.000	2.151
3593.000	2.150
3594.000	2.150
3595.000	2.150
3596.000	2.149
3597.000	2.149
3598.000	2.149
3599.000	2.149
3600.000	2.149
3601.000	2.148
3602.000	2.148
3603.000	2.148
3604.000	2.147
3605.000	2.147
3606.000	2.147
3607.000	2.146
3608.000	2.146
3609.000	2.146
3610.000	2.146
3611.000	2.146
3612.000	2.145
3613.000	2.145
3614.000	2.145
3615.000	2.144
3616.000	2.144
3617.000	2.144
3618.000	2.144
3619.000	2.143
3620.000	2.143
3621.000	2.143
3622.000	2.143
3623.000	2.142
3624.000	2.142
3625.000	2.142
3626.000	2.142
3627.000	2.141
3628.000	2.141
3629.000	2.141
3630.000	2.140
3631.000	2.140
3632.000	2.140
3633.000	2.140
3634.000	2.140
3635.000	2.139
3636.000	2.139
3637.000	2.139
3638.000	2.138
3639.000	2.138
3640.000	2.138
3641.000	2.137
3642.000	2.137
3643.000	2.137
3644.000	2.137
3645.000	2.136
3646.000	2.136
3647.000	2.136
3648.000	2.136
3649.000	2.135
3650.000	2.135
3651.000	2.135
3652.000	2.134
3653.000	2.134
3654.000	2.134
3655.000	2.134
3656.000	2.133
3657.000	2.133
3658.000	2.133
3659.000	2.132
3660.000	2.132
3661.000	2.132
3662.000	2.132
3663.000	2.131
3664.000	2.131
3665.000	2.131
3666.000	2.131
3667.000	2.130
3668.000	2.130
3669.000	2.130
3670.000	2.129
3671.000	2.129
3672.000	2.129
3673.000	2.129
3674.000	2.128
3675.000	2.128
3676.000	2.128
3677.000	2.127
3678.000	2.127
3679.000	2.127
3680.000	2.127
3681.000	2.126
3682.000	2.126
3683.000	2.126
3684.000	2.125
3685.000	2.125
3686.000	2.125
3687.000	2.125
3688.000	2.124
3689.000	2.124
3690.000	2.124
3691.000	2.124
3692.000	2.123
3693.000	2.123
3694.000	2.123
3695.000	2.122
3696.000	2.122
3697.000	2.122
3698.000	2.122
3699.000	2.121
3700.000	2.121
3701.000	2.121
3702.000	2.121
3703.000	2.120
3704.000	2.120
3705.000	2.120
3706.000	2.119
3707.000	2.119
3708.000	2.119
3709.000	2.118
3710.000	2.118
3711.000	2.118
3712.000	2.118
3713.000	2.117
3714.000	2.117
3715.000	2.117
3716.000	2.116
3717.000	2.116
3718.000	2.116
3719.000	2.115
3720.000	2.115
3721.000	2.115
3722.000	2.115
3723.000	2.115
3724.000	2.114
3725.000	2.114
3726.000	2.114
3727.000	2.113
3728.000	2.113
3729.000	2.113
3730.000	2.112
3731.000	2.112
3732.000	2.112
3733.000	2.112
3734.000	2.111
3735.000	2.111
3736.000	2.111
3737.000	2.110
3738.000	2.110
3739.000	2.110
3740.000	2.109
3741.000	2.109
3742.000	2.109
3743.000	2.108
3744.000	2.108
3745.000	2.108
3746.000	2.108
3747.000	2.108
3748.000	2.108
3749.000	2.108
3750.000	2.108
3751.000	2.108
3752.000	2.108
3753.000	2.108
3754.000	2.108
3755.000	2.108
3756.000	2.108
3757.000	2.108
3758.000	2.108
3759.000	2.108
3760.000	2.108
3761.000	2.108
3762.000	2.108
3763.000	2.108
3764.000	2.108
3765.000	2.108
3766.000	2.108
3767.000	2.108
3768.000	2.108
3769.000	2.108
3770.000	2.108
3771.000	2.108
3772.000	2.108
3773.000	2.108
3774.000	2.108
3775.000	2.108
3776.000	2.108
3777.000	2.108
3778.000	2.108
3779.000	2.108
3780.000	2.108
3781.000	2.108
3782.000	2.108
3783.000	2.108
3784.000	2.108
3785.000	2.108
3786.000	2.108
3787.000	2.108
3788.000	2.108
3789.000	2.108
3790.000	2.108
3791.000	2.108
3792.000	2.108
3793.000	2.108
3794.000	2.108
3795.000	2.108
3796.000	2.108
3797.000	2.108
3798.000	2.108
3799.000	2.108
3800.000	2.108
3801.000	2.108
3802.000	2.108
3803.000	2.108
3804.000	2.108
3805.000	2.108
3806.000	2.108
3807.000	2.108
3808.000	2.108
3809.000	2.108
3810.000	2.108
3811.000	2.108
3812.000	2.108
3813.000	2.108
3814.000	2.108
3815.000	2.108
3816.000	2.108
3817.000	2.108
3818.000	2.108
3819.000	2.108
3820.000	2.108
3821.000	2.108
3822.000	2.108
3823.000	2.108
3824.000	2.108
3825.000	2.108
3826.000	2.108
3827.000	2.108
3828.000	2.108
3829.000	2.108
3830.000	2.108
3831.000	2.108
3832.000	2.108
3833.000	2.108
3834.000	2.108
3835.000	2.108
3836.000	2.108
3837.000	2.108
3838.000	2.108
3839.000	2.108
3840.000	2.108
3841.000	2.108
3842.000	2.108
3843.000	2.108
3844.000	2.108
3845.000	2.108
3846.000	2.108
3847.000	2.108
3848.000	2.108
3849.000	2.108
3850.000	2.108
3851.000	2.108
3852.000	2.108
3853.000	2.108
3854.000	2.108
3855.000	2.108
3856.000	2.108
3857.000	2.108
3858.000	2.108
3859.000	2.108
3860.000	2.108
3861.000	2.108
3862.000	2.108
3863.000	2.108
3864.000	2.108
3865.000	2.108
3866.000	2.108
3867.000	2.108
3868.000	2.108
3869.000	2.108
3870.000	2.108
3871.000	2.108
3872.000	2.108
3873.000	2.108
3874.000	2.108
3875.000	2.108
3876.000	2.108
3877.000	2.108
3878.000	2.108
3879.000	2.108
3880.000	2.108
3881.000	2.108
3882.000	2.108
3883.000	2.108
3884.000	2.089
3885.000	2.089
3886.000	2.089
3887.000	2.089
3888.000	2.089
3889.000	2.089
3890.000	2.089
3891.000	2.089
3892.000	2.089
3893.000	2.089
3894.000	2.089
3895.000	2.089
3896.000	2.089
3897.000	2.089
3898.000	2.089
3899.000	2.089
3900.000	2.089
3901.000	2.089
3902.000	2.089
3903.000	2.089
3904.000	2.080
3905.000	2.080
3906.000	2.080
3907.000	2.080
3908.000	2.080
3909.000	2.080
3910.000	2.080
3911.000	2.080
3912.000	2.080
3913.000	2.080
3914.000	2.080
3915.000	2.080
3916.000	2.080
3917.000	2.080
3918.000	2.080
3919.000	2.080
3920.000	2.080
3921.000	2.080
3922.000	2.080
3923.000	2.080
3924.000	2.080
3925.000	2.080
3926.000	2.080
3927.000	2.080
3928.000	2.080
3929.000	2.080
3930.000	2.080
3931.000	2.080
3932.000	2.080
3933.000	2.080
3934.000	2.080
3935.000	2.080
3936.000	2.080
3937.000	2.080
3938.000	2.080
3939.000	2.080
3940.000	2.080
3941.000	2.080
3942.000	2.080
3943.000	2.080
3944.000	2.080
3945.000	2.080
3946.000	2.080
3947.000	2.080
3948.000	2.080
3949.000	2.080
3950.000	2.080
3951.000	2.080
3952.000	2.080
3953.000	2.080
3954.000	2.080
3955.000	2.080
3956.000	2.080
3957.000	2.080
3958.000	2.080
3959.000	2.080
3960.000	2.080
3961.000	2.080
3962.000	2.080
3963.000	2.080
3964.000	2.080
3965.000	2.063
3966.000	2.063
3967.000	2.063
3968.000	2.063
3969.000	2.063
3970.000	2.063
3971.000	2.063
3972.000	2.063
3973.000	2.063
3974.000	2.063
3975.000	2.055
3976.000	2.055
3977.000	2.055
3978.000	2.055
3979.000	2.055
3980.000	2.055
3981.000	2.055
3982.000	2.055
3983.000	2.055
3984.000	2.055
3985.000	2.055
3986.000	2.055
3987.000	2.055
3988.000	2.055
3989.000	2.055
3990.000	2.055
3991.000	2.055
3992.000	2.055
3993.000	2.055
3994.000	2.055
3995.000	2.055
3996.000	2.055
3997.000	2.055
3998.000	2.055
3999.000	2.055
4000.000	2.055
4001.000	2.055
4002.000	2.055
4003.000	2.055
4004.000	2.055
4005.000	2.055
4006.000	2.055
4007.000	2.055
4008.000	2.055
4009.000	2.055
4010.000	2.055
4011.000	2.055
4012.000	2.055
4013.000	2.055
4014.000	2.055
4015.000	2.055
4016.000	2.055
4017.000	2.055
4018.000	2.055
4019.000	2.055
4020.000	2.055
4021.000	2.055
4022.000	2.055
4023.000	2.055
4024.000	2.055
4025.000	2.055
4026.000	2.055
4027.000	2.055
4028.000	2.055
4029.000	2.055
4030.000	2.055
4031.000	2.055
4032.000	2.055
4033.000	2.055
4034.000	2.055
4035.000	2.055
4036.000	2.055
4037.000	2.055
4038.000	2.055
4039.000	2.055
4040.000	2.055
4041.000	2.055
4042.000	2.055
4043.000	2.055
4044.000	2.055
4045.000	2.055
4046.000	2.044
4047.000	2.044
4048.000	2.044
4049.000	2.044
4050.000	2.044
4051.000	2.044
4052.000	2.044
4053.000	2.044
4054.000	2.044
4055.000	2.044
4056.000	2.044
4057.000	2.044
4058.000	2.044
4059.000	2.044
4060.000	2.044
4061.000	2.044
4062.000	2.044
4063.000	2.044
4064.000	2.044
4065.000	2.044
4066.000	2.044
4067.000	2.044
4068.000	2.044
4069.000	2.044
4070.000	2.044
4071.000	2.044
4072.000	2.044
4073.000	2.044
4074.000	2.044
4075.000	2.041
4076.000	2.041
4077.000	2.041
4078.000	2.041
4079.000	2.041
4080.000	2.041
4081.000	2.041
4082.000	2.041
4083.000	2.041
4084.000	2.041
4085.000	2.041
4086.000	2.041
4087.000	2.041
4088.000	2.041
4089.000	2.041
4090.000	2.041
4091.000	2.041
4092.000	2.041
4093.000	1.983
4094.000	1.972
4095.000	1.969
