0.000	17.793
1.000	17.792
2.000	17.791
3.000	17.790
4.000	17.789
5.000	17.787
6.000	17.786
7.000	17.785
8.000	17.784
9.000	17.783
10.000	17.782
11.000	17.774
12.000	17.773
13.000	17.772
14.000	17.771
15.000	17.769
16.000	17.768
17.000	17.767
18.000	17.766
19.000	17.764
20.000	17.762
21.000	17.761
22.000	17.759
23.000	17.758
24.000	17.756
25.000	17.755
26.000	17.753
27.000	17.752
28.000	17.750
29.000	17.749
30.000	17.747
31.000	17.746
32.000	17.745
33.000	17.743
34.000	17.742
35.000	17.741
36.000	17.739
37.000	17.738
38.000	17.736
39.000	17.735
40.000	17.734
41.000	17.732
42.000	17.731
43.000	17.730
44.000	17.728
45.000	17.727
46.000	17.726
47.000	17.725
48.000	17.723
49.000	17.722
50.000	17.721
51.000	17.720
52.000	17.719
53.000	17.717
54.000	17.716
55.000	17.715
56.000	17.714
57.000	17.713
58.000	17.711
59.000	17.710
60.000	17.709
61.000	17.708
62.000	17.707
63.000	17.705
64.000	17.704
65.000	17.703
66.000	17.702
67.000	17.701
68.000	17.699
69.000	17.698
70.000	17.697
71.000	17.696
72.000	17.694
73.000	17.693
74.000	17.691
75.000	17.690
76.000	17.688
77.000	17.686
78.000	17.684
79.000	17.682
80.000	17.680
81.000	17.677
82.000	17.675
83.000	17.672
84.000	17.671
85.000	17.669
86.000	17.666
87.000	17.664
88.000	17.661
89.000	17.658
90.000	17.655
91.000	17.652
92.000	17.648
93.000	17.645
94.000	17.642
95.000	17.639
96.000	17.638
97.000	17.634
98.000	17.631
99.000	17.627
100.000	17.623
101.000	17.619
102.000	17.615
103.000	17.612
104.000	17.607
105.000	17.603
106.000	17.598
107.000	17.597
108.000	17.591
109.000	17.585
110.000	17.580
111.000	17.574
112.000	17.568
113.000	17.562
114.000	17.556
115.000	17.549
116.000	17.542
117.000	17.534
118.000	17.533
119.000	17.526
120.000	17.519
121.000	17.511
122.000	17.503
123.000	17.495
124.000	17.486
125.000	17.478
126.000	17.468
127.000	17.459
128.000	17.450
129.000	17.436
130.000	17.427
131.000	17.416
132.000	17.406
133.000	17.395
134.000	17.384
135.000	17.371
136.000	17.359
137.000	17.346
138.000	17.334
139.000	17.320
140.000	17.288
141.000	17.275
142.000	17.261
143.000	17.246
144.000	17.232
145.000	17.217
146.000	17.201
147.000	17.185
148.000	17.167
149.000	17.150
150.000	17.131
151.000	17.089
152.000	17.070
153.000	17.051
154.000	17.032
155.000	17.012
156.000	16.991
157.000	16.970
158.000	16.950
159.000	16.928
160.000	16.906
161.000	16.883
162.000	16.860
163.000	16.838
164.000	16.815
165.000	16.791
166.000	16.767
167.000	16.743
168.000	16.719
169.000	16.695
170.000	16.671
171.000	16.644
172.000	16.618
173.000	16.592
174.000	16.533
175.000	16.507
176.000	16.480
177.000	16.450
178.000	16.420
179.000	16.391
180.000	16.361
181.000	16.331
182.000	16.301
183.000	16.271
184.000	16.241
185.000	16.230
186.000	16.199
187.000	16.168
188.000	16.136
189.000	16.105
190.000	16.071
191.000	16.038
192.000	16.004
193.000	15.971
194.000	15.937
195.000	15.903
196.000	15.892
197.000	15.857
198.000	15.822
199.000	15.787
200.000	15.752
201.000	15.716
202.000	15.680
203.000	15.644
204.000	15.607
205.000	15.570
206.000	15.533
207.000	15.416
208.000	15.378
209.000	15.341
210.000	15.304
211.000	15.267
212.000	15.229
213.000	15.193
214.000	15.155
215.000	15.118
216.000	15.080
217.000	15.042
218.000	14.969
219.000	14.932
220.000	14.894
221.000	14.855
222.000	14.816
223.000	14.779
224.000	14.740
225.000	14.702
226.000	14.665
227.000	14.627
228.000	14.590
229.000	14.553
230.000	14.544
231.000	14.507
232.000	14.470
233.000	14.432
234.000	14.394
235.000	14.356
236.000	14.316
237.000	14.279
238.000	14.243
239.000	14.206
240.000	14.169
241.000	14.141
242.000	14.104
243.000	14.068
244.000	14.033
245.000	14.000
246.000	13.966
247.000	13.932
248.000	13.898
249.000	13.864
250.000	13.830
251.000	13.797
252.000	13.763
253.000	13.729
254.000	13.696
255.000	13.661
256.000	13.628
257.000	13.595
258.000	13.562
259.000	13.527
260.000	13.495
261.000	13.463
262.000	13.432
263.000	13.406
264.000	13.375
265.000	13.343
266.000	13.312
267.000	13.282
268.000	13.251
269.000	13.220
270.000	13.189
271.000	13.159
272.000	13.128
273.000	13.099
274.000	13.091
275.000	13.061
276.000	13.032
277.000	13.003
278.000	12.974
279.000	12.945
280.000	12.916
281.000	12.888
282.000	12.860
283.000	12.832
284.000	12.805
285.000	12.803
286.000	12.775
287.000	12.748
288.000	12.720
289.000	12.694
290.000	12.667
291.000	12.641
292.000	12.615
293.000	12.589
294.000	12.563
295.000	12.538
296.000	12.417
297.000	12.392
298.000	12.368
299.000	12.342
300.000	12.317
301.000	12.293
302.000	12.269
303.000	12.244
304.000	12.219
305.000	12.195
306.000	12.171
307.000	12.147
308.000	12.142
309.000	12.117
310.000	12.093
311.000	12.070
312.000	12.047
313.000	12.024
314.000	12.000
315.000	11.977
316.000	11.955
317.000	11.932
318.000	11.909
319.000	11.907
320.000	11.884
321.000	11.861
322.000	11.838
323.000	11.815
324.000	11.792
325.000	11.769
326.000	11.746
327.000	11.723
328.000	11.700
329.000	11.677
330.000	11.652
331.000	11.628
332.000	11.605
333.000	11.582
334.000	11.559
335.000	11.535
336.000	11.512
337.000	11.490
338.000	11.468
339.000	11.445
340.000	11.423
341.000	11.422
342.000	11.399
343.000	11.377
344.000	11.355
345.000	11.332
346.000	11.310
347.000	11.287
348.000	11.264
349.000	11.242
350.000	11.219
351.000	11.196
352.000	11.177
353.000	11.154
354.000	11.131
355.000	11.109
356.000	11.087
357.000	11.065
358.000	11.042
359.000	11.019
360.000	10.996
361.000	10.974
362.000	10.952
363.000	10.951
364.000	10.929
365.000	10.906
366.000	10.883
367.000	10.861
368.000	10.840
369.000	10.818
370.000	10.795
371.000	10.774
372.000	10.752
373.000	10.731
374.000	10.710
375.000	10.674
376.000	10.653
377.000	10.633
378.000	10.613
379.000	10.592
380.000	10.571
381.000	10.551
382.000	10.528
383.000	10.505
384.000	10.482
385.000	10.459
386.000	10.458
387.000	10.436
388.000	10.414
389.000	10.391
390.000	10.370
391.000	10.348
392.000	10.326
393.000	10.304
394.000	10.284
395.000	10.262
396.000	10.240
397.000	10.231
398.000	10.210
399.000	10.188
400.000	10.167
401.000	10.145
402.000	10.123
403.000	10.101
404.000	10.080
405.000	10.058
406.000	10.036
407.000	10.013
408.000	10.012
409.000	9.991
410.000	9.969
411.000	9.947
412.000	9.925
413.000	9.902
414.000	9.880
415.000	9.858
416.000	9.836
417.000	9.814
418.000	9.791
419.000	9.790
420.000	9.768
421.000	9.746
422.000	9.724
423.000	9.701
424.000	9.679
425.000	9.657
426.000	9.635
427.000	9.613
428.000	9.591
429.000	9.570
430.000	9.385
431.000	9.363
432.000	9.341
433.000	9.319
434.000	9.297
435.000	9.276
436.000	9.254
437.000	9.232
438.000	9.211
439.000	9.189
440.000	9.168
441.000	9.147
442.000	9.145
443.000	9.124
444.000	9.103
445.000	9.081
446.000	9.060
447.000	9.039
448.000	9.018
449.000	8.996
450.000	8.976
451.000	8.955
452.000	8.935
453.000	8.934
454.000	8.913
455.000	8.893
456.000	8.873
457.000	8.852
458.000	8.832
459.000	8.812
460.000	8.791
461.000	8.772
462.000	8.752
463.000	8.733
464.000	8.656
465.000	8.637
466.000	8.617
467.000	8.597
468.000	8.577
469.000	8.558
470.000	8.538
471.000	8.518
472.000	8.499
473.000	8.479
474.000	8.459
475.000	8.420
476.000	8.401
477.000	8.382
478.000	8.362
479.000	8.343
480.000	8.323
481.000	8.304
482.000	8.284
483.000	8.264
484.000	8.244
485.000	8.224
486.000	8.214
487.000	8.194
488.000	8.174
489.000	8.155
490.000	8.137
491.000	8.119
492.000	8.102
493.000	8.084
494.000	8.066
495.000	8.048
496.000	8.031
497.000	8.012
498.000	7.995
499.000	7.978
500.000	7.960
501.000	7.942
502.000	7.925
503.000	7.907
504.000	7.889
505.000	7.870
506.000	7.853
507.000	7.836
508.000	7.835
509.000	7.818
510.000	7.801
511.000	7.784
512.000	7.767
513.000	7.751
514.000	7.734
515.000	7.718
516.000	7.701
517.000	7.685
518.000	7.669
519.000	7.653
520.000	7.651
521.000	7.635
522.000	7.619
523.000	7.604
524.000	7.588
525.000	7.572
526.000	7.557
527.000	7.541
528.000	7.526
529.000	7.511
530.000	7.496
531.000	7.494
532.000	7.480
533.000	7.465
534.000	7.451
535.000	7.436
536.000	7.422
537.000	7.409
538.000	7.395
539.000	7.381
540.000	7.367
541.000	7.353
542.000	7.350
543.000	7.336
544.000	7.323
545.000	7.309
546.000	7.296
547.000	7.282
548.000	7.269
549.000	7.255
550.000	7.242
551.000	7.229
552.000	7.216
553.000	7.215
554.000	7.201
555.000	7.189
556.000	7.176
557.000	7.163
558.000	7.151
559.000	7.139
560.000	7.127
561.000	7.114
562.000	7.103
563.000	7.091
564.000	7.090
565.000	7.078
566.000	7.067
567.000	7.056
568.000	7.045
569.000	7.034
570.000	7.023
571.000	7.012
572.000	7.002
573.000	6.991
574.000	6.981
575.000	6.967
576.000	6.957
577.000	6.947
578.000	6.937
579.000	6.927
580.000	6.917
581.000	6.907
582.000	6.896
583.000	6.884
584.000	6.873
585.000	6.862
586.000	6.851
587.000	6.820
588.000	6.809
589.000	6.798
590.000	6.786
591.000	6.774
592.000	6.762
593.000	6.751
594.000	6.739
595.000	6.728
596.000	6.717
597.000	6.706
598.000	6.705
599.000	6.694
600.000	6.683
601.000	6.672
602.000	6.661
603.000	6.650
604.000	6.640
605.000	6.629
606.000	6.619
607.000	6.609
608.000	6.599
609.000	6.598
610.000	6.588
611.000	6.578
612.000	6.568
613.000	6.558
614.000	6.549
615.000	6.540
616.000	6.531
617.000	6.521
618.000	6.512
619.000	6.503
620.000	6.502
621.000	6.492
622.000	6.482
623.000	6.473
624.000	6.464
625.000	6.454
626.000	6.444
627.000	6.434
628.000	6.424
629.000	6.415
630.000	6.405
631.000	6.404
632.000	6.395
633.000	6.386
634.000	6.377
635.000	6.368
636.000	6.359
637.000	6.350
638.000	6.341
639.000	6.332
640.000	6.323
641.000	6.315
642.000	6.313
643.000	6.304
644.000	6.295
645.000	6.286
646.000	6.278
647.000	6.270
648.000	6.261
649.000	6.253
650.000	6.244
651.000	6.236
652.000	6.228
653.000	6.219
654.000	6.218
655.000	6.210
656.000	6.202
657.000	6.194
658.000	6.186
659.000	6.178
660.000	6.170
661.000	6.162
662.000	6.154
663.000	6.147
664.000	6.139
665.000	6.139
666.000	6.132
667.000	6.124
668.000	6.117
669.000	6.109
670.000	6.102
671.000	6.095
672.000	6.087
673.000	6.079
674.000	6.072
675.000	6.064
676.000	6.064
677.000	6.056
678.000	6.049
679.000	6.042
680.000	6.034
681.000	6.027
682.000	6.020
683.000	6.013
684.000	6.006
685.000	5.998
686.000	5.991
687.000	5.991
688.000	5.985
689.000	5.978
690.000	5.971
691.000	5.965
692.000	5.958
693.000	5.951
694.000	5.945
695.000	5.938
696.000	5.931
697.000	5.924
698.000	5.924
699.000	5.918
700.000	5.911
701.000	5.904
702.000	5.897
703.000	5.890
704.000	5.884
705.000	5.877
706.000	5.870
707.000	5.864
708.000	5.857
709.000	5.852
710.000	5.845
711.000	5.838
712.000	5.831
713.000	5.824
714.000	5.817
715.000	5.810
716.000	5.803
717.000	5.796
718.000	5.789
719.000	5.782
720.000	5.782
721.000	5.774
722.000	5.767
723.000	5.760
724.000	5.753
725.000	5.745
726.000	5.738
727.000	5.731
728.000	5.724
729.000	5.719
730.000	5.713
731.000	5.707
732.000	5.707
733.000	5.702
734.000	5.696
735.000	5.690
736.000	5.685
737.000	5.679
738.000	5.673
739.000	5.668
740.000	5.664
741.000	5.660
742.000	5.655
743.000	5.655
744.000	5.651
745.000	5.647
746.000	5.642
747.000	5.638
748.000	5.633
749.000	5.628
750.000	5.624
751.000	5.619
752.000	5.614
753.000	5.609
754.000	5.609
755.000	5.605
756.000	5.600
757.000	5.595
758.000	5.590
759.000	5.586
760.000	5.581
761.000	5.576
762.000	5.571
763.000	5.566
764.000	5.561
765.000	5.536
766.000	5.531
767.000	5.526
768.000	5.521
769.000	5.516
770.000	5.511
771.000	5.506
772.000	5.501
773.000	5.496
774.000	5.491
775.000	5.487
776.000	5.483
777.000	5.478
778.000	5.474
779.000	5.469
780.000	5.465
781.000	5.461
782.000	5.457
783.000	5.453
784.000	5.449
785.000	5.445
786.000	5.440
787.000	5.440
788.000	5.436
789.000	5.432
790.000	5.428
791.000	5.423
792.000	5.419
793.000	5.415
794.000	5.411
795.000	5.407
796.000	5.402
797.000	5.398
798.000	5.394
799.000	5.394
800.000	5.390
801.000	5.386
802.000	5.382
803.000	5.378
804.000	5.374
805.000	5.370
806.000	5.366
807.000	5.362
808.000	5.358
809.000	5.354
810.000	5.353
811.000	5.349
812.000	5.345
813.000	5.341
814.000	5.337
815.000	5.333
816.000	5.329
817.000	5.326
818.000	5.322
819.000	5.318
820.000	5.314
821.000	5.314
822.000	5.310
823.000	5.307
824.000	5.303
825.000	5.299
826.000	5.295
827.000	5.292
828.000	5.288
829.000	5.284
830.000	5.280
831.000	5.276
832.000	5.276
833.000	5.272
834.000	5.268
835.000	5.264
836.000	5.260
837.000	5.256
838.000	5.252
839.000	5.248
840.000	5.244
841.000	5.240
842.000	5.236
843.000	5.220
844.000	5.216
845.000	5.213
846.000	5.209
847.000	5.205
848.000	5.201
849.000	5.197
850.000	5.193
851.000	5.190
852.000	5.186
853.000	5.182
854.000	5.182
855.000	5.179
856.000	5.175
857.000	5.171
858.000	5.167
859.000	5.164
860.000	5.160
861.000	5.157
862.000	5.153
863.000	5.149
864.000	5.146
865.000	5.142
866.000	5.117
867.000	5.113
868.000	5.109
869.000	5.106
870.000	5.102
871.000	5.099
872.000	5.095
873.000	5.092
874.000	5.088
875.000	5.085
876.000	5.081
877.000	5.081
878.000	5.078
879.000	5.074
880.000	5.070
881.000	5.067
882.000	5.064
883.000	5.060
884.000	5.057
885.000	5.054
886.000	5.051
887.000	5.047
888.000	5.047
889.000	5.044
890.000	5.040
891.000	5.037
892.000	5.033
893.000	5.030
894.000	5.027
895.000	5.024
896.000	5.020
897.000	5.017
898.000	5.014
899.000	5.014
900.000	5.011
901.000	5.007
902.000	5.004
903.000	5.001
904.000	4.998
905.000	4.995
906.000	4.992
907.000	4.989
908.000	4.985
909.000	4.982
910.000	4.982
911.000	4.979
912.000	4.976
913.000	4.973
914.000	4.970
915.000	4.967
916.000	4.963
917.000	4.960
918.000	4.957
919.000	4.954
920.000	4.950
921.000	4.950
922.000	4.947
923.000	4.944
924.000	4.941
925.000	4.937
926.000	4.934
927.000	4.931
928.000	4.928
929.000	4.925
930.000	4.922
931.000	4.919
932.000	4.916
933.000	4.916
934.000	4.913
935.000	4.910
936.000	4.906
937.000	4.903
938.000	4.900
939.000	4.897
940.000	4.894
941.000	4.891
942.000	4.888
943.000	4.885
944.000	4.885
945.000	4.882
946.000	4.879
947.000	4.876
948.000	4.873
949.000	4.870
950.000	4.867
951.000	4.864
952.000	4.861
953.000	4.859
954.000	4.856
955.000	4.856
956.000	4.853
957.000	4.850
958.000	4.846
959.000	4.843
960.000	4.841
961.000	4.838
962.000	4.835
963.000	4.832
964.000	4.829
965.000	4.826
966.000	4.826
967.000	4.823
968.000	4.819
969.000	4.817
970.000	4.814
971.000	4.811
972.000	4.808
973.000	4.805
974.000	4.802
975.000	4.799
976.000	4.796
977.000	4.796
978.000	4.793
979.000	4.791
980.000	4.788
981.000	4.785
982.000	4.782
983.000	4.780
984.000	4.777
985.000	4.774
986.000	4.771
987.000	4.768
988.000	4.768
989.000	4.765
990.000	4.763
991.000	4.760
992.000	4.757
993.000	4.754
994.000	4.751
995.000	4.748
996.000	4.745
997.000	4.742
998.000	4.739
999.000	4.739
1000.000	4.736
1001.000	4.733
1002.000	4.730
1003.000	4.728
1004.000	4.725
1005.000	4.722
1006.000	4.719
1007.000	4.716
1008.000	4.713
1009.000	4.710
1010.000	4.707
1011.000	4.672
1012.000	4.669
1013.000	4.666
1014.000	4.664
1015.000	4.661
1016.000	4.658
1017.000	4.654
1018.000	4.651
1019.000	4.648
1020.000	4.645
1021.000	4.642
1022.000	4.642
1023.000	4.639
1024.000	4.636
1025.000	4.633
1026.000	4.630
1027.000	4.628
1028.000	4.625
1029.000	4.622
1030.000	4.619
1031.000	4.616
1032.000	4.613
1033.000	4.613
1034.000	4.611
1035.000	4.608
1036.000	4.605
1037.000	4.603
1038.000	4.600
1039.000	4.597
1040.000	4.595
1041.000	4.592
1042.000	4.589
1043.000	4.587
1044.000	4.587
1045.000	4.584
1046.000	4.581
1047.000	4.578
1048.000	4.576
1049.000	4.573
1050.000	4.570
1051.000	4.568
1052.000	4.565
1053.000	4.562
1054.000	4.560
1055.000	4.536
1056.000	4.533
1057.000	4.530
1058.000	4.528
1059.000	4.525
1060.000	4.522
1061.000	4.520
1062.000	4.517
1063.000	4.515
1064.000	4.512
1065.000	4.510
1066.000	4.493
1067.000	4.490
1068.000	4.488
1069.000	4.485
1070.000	4.483
1071.000	4.480
1072.000	4.477
1073.000	4.475
1074.000	4.472
1075.000	4.470
1076.000	4.467
1077.000	4.464
1078.000	4.464
1079.000	4.462
1080.000	4.459
1081.000	4.456
1082.000	4.454
1083.000	4.451
1084.000	4.449
1085.000	4.446
1086.000	4.443
1087.000	4.441
1088.000	4.438
1089.000	4.415
1090.000	4.412
1091.000	4.410
1092.000	4.407
1093.000	4.404
1094.000	4.401
1095.000	4.399
1096.000	4.397
1097.000	4.394
1098.000	4.392
1099.000	4.389
1100.000	4.389
1101.000	4.387
1102.000	4.384
1103.000	4.382
1104.000	4.379
1105.000	4.377
1106.000	4.374
1107.000	4.372
1108.000	4.369
1109.000	4.367
1110.000	4.364
1111.000	4.364
1112.000	4.362
1113.000	4.360
1114.000	4.357
1115.000	4.355
1116.000	4.352
1117.000	4.350
1118.000	4.347
1119.000	4.345
1120.000	4.342
1121.000	4.340
1122.000	4.334
1123.000	4.331
1124.000	4.329
1125.000	4.326
1126.000	4.324
1127.000	4.321
1128.000	4.319
1129.000	4.317
1130.000	4.314
1131.000	4.312
1132.000	4.309
1133.000	4.309
1134.000	4.307
1135.000	4.305
1136.000	4.302
1137.000	4.300
1138.000	4.298
1139.000	4.295
1140.000	4.293
1141.000	4.290
1142.000	4.288
1143.000	4.286
1144.000	4.283
1145.000	4.273
1146.000	4.271
1147.000	4.268
1148.000	4.266
1149.000	4.264
1150.000	4.261
1151.000	4.259
1152.000	4.257
1153.000	4.254
1154.000	4.252
1155.000	4.250
1156.000	4.250
1157.000	4.248
1158.000	4.245
1159.000	4.243
1160.000	4.241
1161.000	4.239
1162.000	4.236
1163.000	4.234
1164.000	4.232
1165.000	4.230
1166.000	4.227
1167.000	4.227
1168.000	4.225
1169.000	4.223
1170.000	4.220
1171.000	4.218
1172.000	4.216
1173.000	4.214
1174.000	4.211
1175.000	4.209
1176.000	4.207
1177.000	4.205
1178.000	4.186
1179.000	4.183
1180.000	4.181
1181.000	4.179
1182.000	4.176
1183.000	4.174
1184.000	4.172
1185.000	4.169
1186.000	4.167
1187.000	4.164
1188.000	4.162
1189.000	4.162
1190.000	4.160
1191.000	4.157
1192.000	4.155
1193.000	4.153
1194.000	4.151
1195.000	4.148
1196.000	4.146
1197.000	4.144
1198.000	4.141
1199.000	4.139
1200.000	4.139
1201.000	4.137
1202.000	4.134
1203.000	4.132
1204.000	4.130
1205.000	4.127
1206.000	4.125
1207.000	4.123
1208.000	4.120
1209.000	4.118
1210.000	4.116
1211.000	4.116
1212.000	4.113
1213.000	4.111
1214.000	4.109
1215.000	4.106
1216.000	4.104
1217.000	4.102
1218.000	4.100
1219.000	4.098
1220.000	4.096
1221.000	4.094
1222.000	4.091
1223.000	4.091
1224.000	4.089
1225.000	4.087
1226.000	4.085
1227.000	4.082
1228.000	4.080
1229.000	4.078
1230.000	4.076
1231.000	4.074
1232.000	4.072
1233.000	4.069
1234.000	4.069
1235.000	4.067
1236.000	4.065
1237.000	4.063
1238.000	4.061
1239.000	4.059
1240.000	4.057
1241.000	4.055
1242.000	4.052
1243.000	4.050
1244.000	4.048
1245.000	4.048
1246.000	4.046
1247.000	4.044
1248.000	4.041
1249.000	4.039
1250.000	4.037
1251.000	4.035
1252.000	4.033
1253.000	4.031
1254.000	4.029
1255.000	4.027
1256.000	4.027
1257.000	4.025
1258.000	4.023
1259.000	4.021
1260.000	4.019
1261.000	4.016
1262.000	4.014
1263.000	4.012
1264.000	4.010
1265.000	4.008
1266.000	4.006
1267.000	4.006
1268.000	4.004
1269.000	4.002
1270.000	4.000
1271.000	3.998
1272.000	3.995
1273.000	3.993
1274.000	3.991
1275.000	3.989
1276.000	3.987
1277.000	3.985
1278.000	3.985
1279.000	3.983
1280.000	3.981
1281.000	3.979
1282.000	3.977
1283.000	3.975
1284.000	3.973
1285.000	3.971
1286.000	3.969
1287.000	3.967
1288.000	3.965
1289.000	3.963
1290.000	3.963
1291.000	3.961
1292.000	3.958
1293.000	3.956
1294.000	3.954
1295.000	3.952
1296.000	3.950
1297.000	3.948
1298.000	3.946
1299.000	3.945
1300.000	3.942
1301.000	3.920
1302.000	3.918
1303.000	3.916
1304.000	3.914
1305.000	3.912
1306.000	3.910
1307.000	3.908
1308.000	3.906
1309.000	3.904
1310.000	3.902
1311.000	3.900
1312.000	3.900
1313.000	3.898
1314.000	3.896
1315.000	3.894
1316.000	3.892
1317.000	3.890
1318.000	3.888
1319.000	3.886
1320.000	3.884
1321.000	3.882
1322.000	3.880
1323.000	3.880
1324.000	3.878
1325.000	3.876
1326.000	3.875
1327.000	3.873
1328.000	3.871
1329.000	3.869
1330.000	3.867
1331.000	3.865
1332.000	3.864
1333.000	3.862
1334.000	3.862
1335.000	3.860
1336.000	3.858
1337.000	3.856
1338.000	3.855
1339.000	3.853
1340.000	3.851
1341.000	3.849
1342.000	3.848
1343.000	3.846
1344.000	3.844
1345.000	3.844
1346.000	3.842
1347.000	3.840
1348.000	3.838
1349.000	3.836
1350.000	3.834
1351.000	3.832
1352.000	3.830
1353.000	3.828
1354.000	3.827
1355.000	3.825
1356.000	3.823
1357.000	3.823
1358.000	3.821
1359.000	3.819
1360.000	3.817
1361.000	3.815
1362.000	3.813
1363.000	3.812
1364.000	3.810
1365.000	3.808
1366.000	3.806
1367.000	3.804
1368.000	3.767
1369.000	3.765
1370.000	3.763
1371.000	3.762
1372.000	3.760
1373.000	3.758
1374.000	3.756
1375.000	3.755
1376.000	3.753
1377.000	3.751
1378.000	3.749
1379.000	3.749
1380.000	3.748
1381.000	3.746
1382.000	3.744
1383.000	3.743
1384.000	3.741
1385.000	3.739
1386.000	3.738
1387.000	3.736
1388.000	3.735
1389.000	3.733
1390.000	3.717
1391.000	3.715
1392.000	3.714
1393.000	3.712
1394.000	3.710
1395.000	3.709
1396.000	3.707
1397.000	3.705
1398.000	3.704
1399.000	3.702
1400.000	3.700
1401.000	3.700
1402.000	3.698
1403.000	3.697
1404.000	3.695
1405.000	3.693
1406.000	3.692
1407.000	3.690
1408.000	3.688
1409.000	3.687
1410.000	3.685
1411.000	3.683
1412.000	3.683
1413.000	3.682
1414.000	3.680
1415.000	3.678
1416.000	3.676
1417.000	3.675
1418.000	3.673
1419.000	3.671
1420.000	3.669
1421.000	3.668
1422.000	3.666
1423.000	3.666
1424.000	3.664
1425.000	3.663
1426.000	3.661
1427.000	3.659
1428.000	3.658
1429.000	3.656
1430.000	3.655
1431.000	3.653
1432.000	3.651
1433.000	3.650
1434.000	3.648
1435.000	3.648
1436.000	3.647
1437.000	3.645
1438.000	3.644
1439.000	3.642
1440.000	3.640
1441.000	3.639
1442.000	3.637
1443.000	3.636
1444.000	3.635
1445.000	3.633
1446.000	3.633
1447.000	3.632
1448.000	3.630
1449.000	3.629
1450.000	3.628
1451.000	3.626
1452.000	3.625
1453.000	3.624
1454.000	3.623
1455.000	3.621
1456.000	3.620
1457.000	3.620
1458.000	3.619
1459.000	3.617
1460.000	3.616
1461.000	3.615
1462.000	3.613
1463.000	3.612
1464.000	3.611
1465.000	3.610
1466.000	3.608
1467.000	3.607
1468.000	3.607
1469.000	3.606
1470.000	3.605
1471.000	3.604
1472.000	3.602
1473.000	3.601
1474.000	3.600
1475.000	3.599
1476.000	3.598
1477.000	3.597
1478.000	3.595
1479.000	3.595
1480.000	3.594
1481.000	3.593
1482.000	3.592
1483.000	3.591
1484.000	3.589
1485.000	3.588
1486.000	3.587
1487.000	3.586
1488.000	3.585
1489.000	3.584
1490.000	3.584
1491.000	3.583
1492.000	3.581
1493.000	3.580
1494.000	3.579
1495.000	3.578
1496.000	3.577
1497.000	3.576
1498.000	3.575
1499.000	3.574
1500.000	3.573
1501.000	3.572
1502.000	3.572
1503.000	3.571
1504.000	3.570
1505.000	3.569
1506.000	3.568
1507.000	3.567
1508.000	3.566
1509.000	3.565
1510.000	3.564
1511.000	3.563
1512.000	3.562
1513.000	3.562
1514.000	3.561
1515.000	3.560
1516.000	3.559
1517.000	3.558
1518.000	3.557
1519.000	3.556
1520.000	3.555
1521.000	3.554
1522.000	3.553
1523.000	3.552
1524.000	3.552
1525.000	3.551
1526.000	3.550
1527.000	3.550
1528.000	3.549
1529.000	3.548
1530.000	3.547
1531.000	3.546
1532.000	3.545
1533.000	3.544
1534.000	3.544
1535.000	3.508
1536.000	3.507
1537.000	3.506
1538.000	3.505
1539.000	3.504
1540.000	3.504
1541.000	3.503
1542.000	3.502
1543.000	3.501
1544.000	3.501
1545.000	3.500
1546.000	3.500
1547.000	3.499
1548.000	3.498
1549.000	3.498
1550.000	3.497
1551.000	3.496
1552.000	3.495
1553.000	3.495
1554.000	3.494
1555.000	3.493
1556.000	3.492
1557.000	3.492
1558.000	3.492
1559.000	3.491
1560.000	3.490
1561.000	3.489
1562.000	3.489
1563.000	3.488
1564.000	3.487
1565.000	3.487
1566.000	3.486
1567.000	3.485
1568.000	3.485
1569.000	3.485
1570.000	3.484
1571.000	3.484
1572.000	3.483
1573.000	3.482
1574.000	3.482
1575.000	3.481
1576.000	3.481
1577.000	3.480
1578.000	3.479
1579.000	3.479
1580.000	3.479
1581.000	3.478
1582.000	3.477
1583.000	3.477
1584.000	3.476
1585.000	3.475
1586.000	3.474
1587.000	3.474
1588.000	3.473
1589.000	3.472
1590.000	3.472
1591.000	3.472
1592.000	3.471
1593.000	3.470
1594.000	3.470
1595.000	3.469
1596.000	3.468
1597.000	3.468
1598.000	3.467
1599.000	3.466
1600.000	3.465
1601.000	3.465
1602.000	3.465
1603.000	3.464
1604.000	3.463
1605.000	3.462
1606.000	3.462
1607.000	3.461
1608.000	3.460
1609.000	3.460
1610.000	3.459
1611.000	3.458
1612.000	3.457
1613.000	3.457
1614.000	3.457
1615.000	3.456
1616.000	3.455
1617.000	3.455
1618.000	3.454
1619.000	3.453
1620.000	3.453
1621.000	3.452
1622.000	3.451
1623.000	3.451
1624.000	3.451
1625.000	3.450
1626.000	3.449
1627.000	3.448
1628.000	3.448
1629.000	3.447
1630.000	3.446
1631.000	3.446
1632.000	3.445
1633.000	3.444
1634.000	3.444
1635.000	3.443
1636.000	3.443
1637.000	3.442
1638.000	3.442
1639.000	3.441
1640.000	3.441
1641.000	3.440
1642.000	3.439
1643.000	3.439
1644.000	3.438
1645.000	3.438
1646.000	3.437
1647.000	3.437
1648.000	3.437
1649.000	3.436
1650.000	3.436
1651.000	3.435
1652.000	3.435
1653.000	3.434
1654.000	3.434
1655.000	3.433
1656.000	3.433
1657.000	3.432
1658.000	3.432
1659.000	3.432
1660.000	3.431
1661.000	3.431
1662.000	3.430
1663.000	3.430
1664.000	3.429
1665.000	3.429
1666.000	3.428
1667.000	3.428
1668.000	3.427
1669.000	3.427
1670.000	3.427
1671.000	3.426
1672.000	3.426
1673.000	3.425
1674.000	3.425
1675.000	3.424
1676.000	3.424
1677.000	3.423
1678.000	3.423
1679.000	3.423
1680.000	3.423
1681.000	3.422
1682.000	3.421
1683.000	3.421
1684.000	3.420
1685.000	3.419
1686.000	3.419
1687.000	3.418
1688.000	3.417
1689.000	3.417
1690.000	3.416
1691.000	3.416
1692.000	3.416
1693.000	3.415
1694.000	3.414
1695.000	3.414
1696.000	3.413
1697.000	3.412
1698.000	3.412
1699.000	3.411
1700.000	3.411
1701.000	3.410
1702.000	3.410
1703.000	3.409
1704.000	3.409
1705.000	3.408
1706.000	3.408
1707.000	3.407
1708.000	3.407
1709.000	3.406
1710.000	3.406
1711.000	3.405
1712.000	3.405
1713.000	3.404
1714.000	3.404
1715.000	3.404
1716.000	3.403
1717.000	3.403
1718.000	3.402
1719.000	3.402
1720.000	3.401
1721.000	3.401
1722.000	3.401
1723.000	3.400
1724.000	3.400
1725.000	3.400
1726.000	3.400
1727.000	3.399
1728.000	3.399
1729.000	3.398
1730.000	3.398
1731.000	3.398
1732.000	3.397
1733.000	3.397
1734.000	3.396
1735.000	3.396
1736.000	3.348
1737.000	3.348
1738.000	3.348
1739.000	3.347
1740.000	3.347
1741.000	3.346
1742.000	3.346
1743.000	3.346
1744.000	3.345
1745.000	3.345
1746.000	3.344
1747.000	3.344
1748.000	3.344
1749.000	3.344
1750.000	3.343
1751.000	3.343
1752.000	3.343
1753.000	3.342
1754.000	3.342
1755.000	3.341
1756.000	3.341
1757.000	3.340
1758.000	3.340
1759.000	3.340
1760.000	3.339
1761.000	3.339
1762.000	3.338
1763.000	3.338
1764.000	3.337
1765.000	3.337
1766.000	3.336
1767.000	3.336
1768.000	3.335
1769.000	3.335
1770.000	3.334
1771.000	3.334
1772.000	3.333
1773.000	3.333
1774.000	3.332
1775.000	3.331
1776.000	3.331
1777.000	3.330
1778.000	3.330
1779.000	3.329
1780.000	3.328
1781.000	3.328
1782.000	3.327
1783.000	3.326
1784.000	3.325
1785.000	3.324
1786.000	3.322
1787.000	3.321
1788.000	3.319
1789.000	3.318
1790.000	3.317
1791.000	3.315
1792.000	3.315
1793.000	3.314
1794.000	3.312
1795.000	3.311
1796.000	3.309
1797.000	3.308
1798.000	3.307
1799.000	3.305
1800.000	3.304
1801.000	3.302
1802.000	3.301
1803.000	3.301
1804.000	3.300
1805.000	3.298
1806.000	3.297
1807.000	3.295
1808.000	3.294
1809.000	3.293
1810.000	3.291
1811.000	3.290
1812.000	3.288
1813.000	3.287
1814.000	3.287
1815.000	3.286
1816.000	3.284
1817.000	3.283
1818.000	3.281
1819.000	3.280
1820.000	3.279
1821.000	3.277
1822.000	3.276
1823.000	3.275
1824.000	3.273
1825.000	3.273
1826.000	3.272
1827.000	3.270
1828.000	3.269
1829.000	3.268
1830.000	3.266
1831.000	3.265
1832.000	3.263
1833.000	3.262
1834.000	3.261
1835.000	3.259
1836.000	3.259
1837.000	3.258
1838.000	3.257
1839.000	3.255
1840.000	3.254
1841.000	3.252
1842.000	3.251
1843.000	3.250
1844.000	3.248
1845.000	3.247
1846.000	3.246
1847.000	3.244
1848.000	3.244
1849.000	3.243
1850.000	3.241
1851.000	3.240
1852.000	3.239
1853.000	3.237
1854.000	3.236
1855.000	3.235
1856.000	3.233
1857.000	3.232
1858.000	3.230
1859.000	3.230
1860.000	3.229
1861.000	3.228
1862.000	3.226
1863.000	3.225
1864.000	3.224
1865.000	3.222
1866.000	3.221
1867.000	3.220
1868.000	3.218
1869.000	3.217
1870.000	3.217
1871.000	3.216
1872.000	3.214
1873.000	3.213
1874.000	3.211
1875.000	3.210
1876.000	3.209
1877.000	3.207
1878.000	3.206
1879.000	3.205
1880.000	3.203
1881.000	3.203
1882.000	3.202
1883.000	3.201
1884.000	3.199
1885.000	3.198
1886.000	3.197
1887.000	3.195
1888.000	3.194
1889.000	3.193
1890.000	3.191
1891.000	3.190
1892.000	3.190
1893.000	3.189
1894.000	3.187
1895.000	3.186
1896.000	3.185
1897.000	3.183
1898.000	3.182
1899.000	3.181
1900.000	3.179
1901.000	3.178
1902.000	3.177
1903.000	3.177
1904.000	3.175
1905.000	3.174
1906.000	3.173
1907.000	3.171
1908.000	3.170
1909.000	3.169
1910.000	3.167
1911.000	3.166
1912.000	3.165
1913.000	3.163
1914.000	3.163
1915.000	3.162
1916.000	3.161
1917.000	3.159
1918.000	3.158
1919.000	3.157
1920.000	3.155
1921.000	3.154
1922.000	3.153
1923.000	3.151
1924.000	3.150
1925.000	3.149
1926.000	3.129
1927.000	3.128
1928.000	3.127
1929.000	3.125
1930.000	3.124
1931.000	3.123
1932.000	3.122
1933.000	3.121
1934.000	3.119
1935.000	3.118
1936.000	3.117
1937.000	3.117
1938.000	3.116
1939.000	3.115
1940.000	3.113
1941.000	3.112
1942.000	3.111
1943.000	3.110
1944.000	3.109
1945.000	3.108
1946.000	3.106
1947.000	3.105
1948.000	3.105
1949.000	3.104
1950.000	3.103
1951.000	3.102
1952.000	3.101
1953.000	3.100
1954.000	3.099
1955.000	3.098
1956.000	3.097
1957.000	3.095
1958.000	3.094
1959.000	3.094
1960.000	3.093
1961.000	3.092
1962.000	3.091
1963.000	3.090
1964.000	3.089
1965.000	3.088
1966.000	3.087
1967.000	3.086
1968.000	3.085
1969.000	3.084
1970.000	3.084
1971.000	3.082
1972.000	3.081
1973.000	3.080
1974.000	3.079
1975.000	3.078
1976.000	3.077
1977.000	3.076
1978.000	3.075
1979.000	3.074
1980.000	3.073
1981.000	3.073
1982.000	3.072
1983.000	3.071
1984.000	3.069
1985.000	3.068
1986.000	3.067
1987.000	3.066
1988.000	3.065
1989.000	3.064
1990.000	3.063
1991.000	3.062
1992.000	3.061
1993.000	3.061
1994.000	3.060
1995.000	3.059
1996.000	3.058
1997.000	3.057
1998.000	3.055
1999.000	3.054
2000.000	3.053
2001.000	3.052
2002.000	3.051
2003.000	3.050
2004.000	3.050
2005.000	3.049
2006.000	3.048
2007.000	3.047
2008.000	3.046
2009.000	3.045
2010.000	3.044
2011.000	3.043
2012.000	3.042
2013.000	3.041
2014.000	3.039
2015.000	3.039
2016.000	3.038
2017.000	3.037
2018.000	3.036
2019.000	3.035
2020.000	3.034
2021.000	3.033
2022.000	3.032
2023.000	3.031
2024.000	3.030
2025.000	3.029
2026.000	3.029
2027.000	3.028
2028.000	3.027
2029.000	3.026
2030.000	3.025
2031.000	3.024
2032.000	3.022
2033.000	3.021
2034.000	3.020
2035.000	3.019
2036.000	3.018
2037.000	3.018
2038.000	3.017
2039.000	3.016
2040.000	3.015
2041.000	3.014
2042.000	3.013
2043.000	3.012
2044.000	3.011
2045.000	3.010
2046.000	3.009
2047.000	3.008
2048.000	3.008
2049.000	3.007
2050.000	3.006
2051.000	3.005
2052.000	3.005
2053.000	3.004
2054.000	3.003
2055.000	3.001
2056.000	3.000
2057.000	2.999
2058.000	2.998
2059.000	2.996
2060.000	2.996
2061.000	2.995
2062.000	2.994
2063.000	2.992
2064.000	2.991
2065.000	2.990
2066.000	2.989
2067.000	2.987
2068.000	2.986
2069.000	2.985
2070.000	2.984
2071.000	2.984
2072.000	2.982
2073.000	2.981
2074.000	2.979
2075.000	2.978
2076.000	2.977
2077.000	2.975
2078.000	2.974
2079.000	2.972
2080.000	2.971
2081.000	2.969
2082.000	2.969
2083.000	2.968
2084.000	2.967
2085.000	2.965
2086.000	2.964
2087.000	2.962
2088.000	2.961
2089.000	2.959
2090.000	2.958
2091.000	2.957
2092.000	2.955
2093.000	2.955
2094.000	2.954
2095.000	2.952
2096.000	2.951
2097.000	2.950
2098.000	2.948
2099.000	2.947
2100.000	2.945
2101.000	2.944
2102.000	2.942
2103.000	2.941
2104.000	2.941
2105.000	2.940
2106.000	2.938
2107.000	2.937
2108.000	2.935
2109.000	2.934
2110.000	2.933
2111.000	2.931
2112.000	2.930
2113.000	2.928
2114.000	2.927
2115.000	2.927
2116.000	2.926
2117.000	2.924
2118.000	2.923
2119.000	2.921
2120.000	2.920
2121.000	2.918
2122.000	2.917
2123.000	2.915
2124.000	2.914
2125.000	2.912
2126.000	2.912
2127.000	2.911
2128.000	2.909
2129.000	2.908
2130.000	2.906
2131.000	2.904
2132.000	2.903
2133.000	2.901
2134.000	2.900
2135.000	2.898
2136.000	2.897
2137.000	2.896
2138.000	2.896
2139.000	2.894
2140.000	2.893
2141.000	2.891
2142.000	2.890
2143.000	2.888
2144.000	2.887
2145.000	2.886
2146.000	2.884
2147.000	2.883
2148.000	2.882
2149.000	2.882
2150.000	2.880
2151.000	2.879
2152.000	2.878
2153.000	2.876
2154.000	2.875
2155.000	2.873
2156.000	2.872
2157.000	2.871
2158.000	2.869
2159.000	2.868
2160.000	2.868
2161.000	2.867
2162.000	2.865
2163.000	2.864
2164.000	2.863
2165.000	2.862
2166.000	2.861
2167.000	2.860
2168.000	2.859
2169.000	2.859
2170.000	2.858
2171.000	2.858
2172.000	2.857
2173.000	2.857
2174.000	2.856
2175.000	2.855
2176.000	2.855
2177.000	2.854
2178.000	2.853
2179.000	2.853
2180.000	2.852
2181.000	2.851
2182.000	2.851
2183.000	2.850
2184.000	2.850
2185.000	2.849
2186.000	2.848
2187.000	2.848
2188.000	2.847
2189.000	2.846
2190.000	2.845
2191.000	2.845
2192.000	2.844
2193.000	2.844
2194.000	2.843
2195.000	2.843
2196.000	2.842
2197.000	2.841
2198.000	2.841
2199.000	2.840
2200.000	2.839
2201.000	2.838
2202.000	2.838
2203.000	2.837
2204.000	2.836
2205.000	2.836
2206.000	2.836
2207.000	2.835
2208.000	2.834
2209.000	2.833
2210.000	2.833
2211.000	2.832
2212.000	2.831
2213.000	2.831
2214.000	2.830
2215.000	2.829
2216.000	2.829
2217.000	2.829
2218.000	2.828
2219.000	2.827
2220.000	2.826
2221.000	2.826
2222.000	2.825
2223.000	2.824
2224.000	2.823
2225.000	2.822
2226.000	2.821
2227.000	2.821
2228.000	2.820
2229.000	2.820
2230.000	2.819
2231.000	2.818
2232.000	2.817
2233.000	2.816
2234.000	2.815
2235.000	2.814
2236.000	2.813
2237.000	2.812
2238.000	2.812
2239.000	2.811
2240.000	2.810
2241.000	2.810
2242.000	2.809
2243.000	2.808
2244.000	2.807
2245.000	2.806
2246.000	2.805
2247.000	2.804
2248.000	2.803
2249.000	2.803
2250.000	2.802
2251.000	2.801
2252.000	2.801
2253.000	2.800
2254.000	2.799
2255.000	2.798
2256.000	2.797
2257.000	2.796
2258.000	2.795
2259.000	2.794
2260.000	2.794
2261.000	2.793
2262.000	2.792
2263.000	2.792
2264.000	2.791
2265.000	2.790
2266.000	2.789
2267.000	2.788
2268.000	2.787
2269.000	2.786
2270.000	2.785
2271.000	2.784
2272.000	2.721
2273.000	2.720
2274.000	2.720
2275.000	2.719
2276.000	2.718
2277.000	2.717
2278.000	2.716
2279.000	2.715
2280.000	2.714
2281.000	2.713
2282.000	2.712
2283.000	2.712
2284.000	2.711
2285.000	2.710
2286.000	2.709
2287.000	2.708
2288.000	2.707
2289.000	2.706
2290.000	2.705
2291.000	2.704
2292.000	2.703
2293.000	2.702
2294.000	2.702
2295.000	2.701
2296.000	2.700
2297.000	2.699
2298.000	2.698
2299.000	2.697
2300.000	2.696
2301.000	2.695
2302.000	2.694
2303.000	2.693
2304.000	2.692
2305.000	2.692
2306.000	2.691
2307.000	2.690
2308.000	2.689
2309.000	2.688
2310.000	2.687
2311.000	2.686
2312.000	2.685
2313.000	2.684
2314.000	2.683
2315.000	2.682
2316.000	2.682
2317.000	2.681
2318.000	2.680
2319.000	2.679
2320.000	2.678
2321.000	2.677
2322.000	2.676
2323.000	2.675
2324.000	2.673
2325.000	2.672
2326.000	2.671
2327.000	2.671
2328.000	2.670
2329.000	2.669
2330.000	2.668
2331.000	2.667
2332.000	2.666
2333.000	2.665
2334.000	2.664
2335.000	2.663
2336.000	2.662
2337.000	2.661
2338.000	2.660
2339.000	2.660
2340.000	2.659
2341.000	2.658
2342.000	2.657
2343.000	2.656
2344.000	2.655
2345.000	2.654
2346.000	2.653
2347.000	2.652
2348.000	2.651
2349.000	2.650
2350.000	2.650
2351.000	2.649
2352.000	2.648
2353.000	2.647
2354.000	2.646
2355.000	2.645
2356.000	2.644
2357.000	2.643
2358.000	2.642
2359.000	2.641
2360.000	2.640
2361.000	2.640
2362.000	2.639
2363.000	2.637
2364.000	2.636
2365.000	2.635
2366.000	2.634
2367.000	2.633
2368.000	2.632
2369.000	2.631
2370.000	2.630
2371.000	2.629
2372.000	2.629
2373.000	2.628
2374.000	2.627
2375.000	2.626
2376.000	2.625
2377.000	2.624
2378.000	2.623
2379.000	2.622
2380.000	2.621
2381.000	2.620
2382.000	2.619
2383.000	2.619
2384.000	2.618
2385.000	2.617
2386.000	2.616
2387.000	2.615
2388.000	2.614
2389.000	2.613
2390.000	2.612
2391.000	2.610
2392.000	2.609
2393.000	2.608
2394.000	2.608
2395.000	2.607
2396.000	2.606
2397.000	2.605
2398.000	2.604
2399.000	2.603
2400.000	2.602
2401.000	2.600
2402.000	2.599
2403.000	2.598
2404.000	2.597
2405.000	2.597
2406.000	2.596
2407.000	2.595
2408.000	2.594
2409.000	2.593
2410.000	2.592
2411.000	2.590
2412.000	2.589
2413.000	2.588
2414.000	2.587
2415.000	2.586
2416.000	2.585
2417.000	2.585
2418.000	2.584
2419.000	2.583
2420.000	2.582
2421.000	2.581
2422.000	2.579
2423.000	2.578
2424.000	2.577
2425.000	2.576
2426.000	2.575
2427.000	2.574
2428.000	2.574
2429.000	2.573
2430.000	2.572
2431.000	2.571
2432.000	2.570
2433.000	2.568
2434.000	2.567
2435.000	2.566
2436.000	2.565
2437.000	2.564
2438.000	2.563
2439.000	2.563
2440.000	2.562
2441.000	2.561
2442.000	2.559
2443.000	2.558
2444.000	2.557
2445.000	2.556
2446.000	2.555
2447.000	2.553
2448.000	2.552
2449.000	2.551
2450.000	2.551
2451.000	2.550
2452.000	2.549
2453.000	2.547
2454.000	2.546
2455.000	2.545
2456.000	2.544
2457.000	2.543
2458.000	2.541
2459.000	2.540
2460.000	2.539
2461.000	2.539
2462.000	2.538
2463.000	2.536
2464.000	2.535
2465.000	2.534
2466.000	2.533
2467.000	2.531
2468.000	2.530
2469.000	2.529
2470.000	2.528
2471.000	2.526
2472.000	2.526
2473.000	2.525
2474.000	2.524
2475.000	2.523
2476.000	2.521
2477.000	2.520
2478.000	2.519
2479.000	2.518
2480.000	2.517
2481.000	2.515
2482.000	2.514
2483.000	2.513
2484.000	2.513
2485.000	2.512
2486.000	2.510
2487.000	2.509
2488.000	2.508
2489.000	2.507
2490.000	2.505
2491.000	2.504
2492.000	2.503
2493.000	2.502
2494.000	2.501
2495.000	2.501
2496.000	2.500
2497.000	2.500
2498.000	2.499
2499.000	2.498
2500.000	2.497
2501.000	2.496
2502.000	2.495
2503.000	2.494
2504.000	2.493
2505.000	2.492
2506.000	2.492
2507.000	2.491
2508.000	2.490
2509.000	2.490
2510.000	2.489
2511.000	2.488
2512.000	2.487
2513.000	2.486
2514.000	2.485
2515.000	2.484
2516.000	2.484
2517.000	2.484
2518.000	2.483
2519.000	2.482
2520.000	2.481
2521.000	2.481
2522.000	2.480
2523.000	2.479
2524.000	2.478
2525.000	2.477
2526.000	2.477
2527.000	2.476
2528.000	2.476
2529.000	2.475
2530.000	2.474
2531.000	2.474
2532.000	2.473
2533.000	2.472
2534.000	2.471
2535.000	2.470
2536.000	2.470
2537.000	2.469
2538.000	2.468
2539.000	2.468
2540.000	2.467
2541.000	2.467
2542.000	2.466
2543.000	2.465
2544.000	2.464
2545.000	2.463
2546.000	2.462
2547.000	2.462
2548.000	2.461
2549.000	2.460
2550.000	2.459
2551.000	2.459
2552.000	2.458
2553.000	2.457
2554.000	2.456
2555.000	2.455
2556.000	2.455
2557.000	2.454
2558.000	2.453
2559.000	2.452
2560.000	2.451
2561.000	2.450
2562.000	2.450
2563.000	2.449
2564.000	2.448
2565.000	2.447
2566.000	2.446
2567.000	2.445
2568.000	2.444
2569.000	2.443
2570.000	2.442
2571.000	2.441
2572.000	2.440
2573.000	2.440
2574.000	2.440
2575.000	2.439
2576.000	2.438
2577.000	2.437
2578.000	2.436
2579.000	2.435
2580.000	2.434
2581.000	2.433
2582.000	2.432
2583.000	2.432
2584.000	2.432
2585.000	2.431
2586.000	2.430
2587.000	2.429
2588.000	2.428
2589.000	2.427
2590.000	2.426
2591.000	2.425
2592.000	2.424
2593.000	2.423
2594.000	2.422
2595.000	2.422
2596.000	2.421
2597.000	2.420
2598.000	2.420
2599.000	2.419
2600.000	2.418
2601.000	2.417
2602.000	2.416
2603.000	2.415
2604.000	2.414
2605.000	2.413
2606.000	2.413
2607.000	2.412
2608.000	2.411
2609.000	2.410
2610.000	2.409
2611.000	2.408
2612.000	2.407
2613.000	2.406
2614.000	2.405
2615.000	2.404
2616.000	2.403
2617.000	2.403
2618.000	2.402
2619.000	2.401
2620.000	2.400
2621.000	2.399
2622.000	2.398
2623.000	2.397
2624.000	2.396
2625.000	2.395
2626.000	2.394
2627.000	2.394
2628.000	2.393
2629.000	2.393
2630.000	2.392
2631.000	2.391
2632.000	2.390
2633.000	2.389
2634.000	2.388
2635.000	2.387
2636.000	2.386
2637.000	2.385
2638.000	2.384
2639.000	2.383
2640.000	2.383
2641.000	2.382
2642.000	2.381
2643.000	2.380
2644.000	2.379
2645.000	2.378
2646.000	2.377
2647.000	2.376
2648.000	2.375
2649.000	2.374
2650.000	2.373
2651.000	2.373
2652.000	2.372
2653.000	2.371
2654.000	2.370
2655.000	2.369
2656.000	2.368
2657.000	2.367
2658.000	2.367
2659.000	2.366
2660.000	2.365
2661.000	2.364
2662.000	2.364
2663.000	2.363
2664.000	2.362
2665.000	2.361
2666.000	2.360
2667.000	2.359
2668.000	2.358
2669.000	2.357
2670.000	2.356
2671.000	2.355
2672.000	2.354
2673.000	2.302
2674.000	2.301
2675.000	2.300
2676.000	2.299
2677.000	2.298
2678.000	2.297
2679.000	2.296
2680.000	2.295
2681.000	2.294
2682.000	2.293
2683.000	2.292
2684.000	2.292
2685.000	2.291
2686.000	2.290
2687.000	2.289
2688.000	2.288
2689.000	2.287
2690.000	2.286
2691.000	2.285
2692.000	2.284
2693.000	2.283
2694.000	2.282
2695.000	2.282
2696.000	2.282
2697.000	2.281
2698.000	2.280
2699.000	2.279
2700.000	2.278
2701.000	2.278
2702.000	2.277
2703.000	2.276
2704.000	2.275
2705.000	2.274
2706.000	2.273
2707.000	2.273
2708.000	2.272
2709.000	2.272
2710.000	2.271
2711.000	2.270
2712.000	2.269
2713.000	2.268
2714.000	2.267
2715.000	2.266
2716.000	2.266
2717.000	2.265
2718.000	2.265
2719.000	2.264
2720.000	2.263
2721.000	2.262
2722.000	2.261
2723.000	2.261
2724.000	2.260
2725.000	2.259
2726.000	2.258
2727.000	2.257
2728.000	2.256
2729.000	2.256
2730.000	2.255
2731.000	2.255
2732.000	2.254
2733.000	2.253
2734.000	2.252
2735.000	2.251
2736.000	2.250
2737.000	2.249
2738.000	2.249
2739.000	2.248
2740.000	2.248
2741.000	2.247
2742.000	2.246
2743.000	2.245
2744.000	2.244
2745.000	2.244
2746.000	2.243
2747.000	2.242
2748.000	2.241
2749.000	2.240
2750.000	2.239
2751.000	2.239
2752.000	2.238
2753.000	2.238
2754.000	2.237
2755.000	2.236
2756.000	2.235
2757.000	2.234
2758.000	2.233
2759.000	2.232
2760.000	2.232
2761.000	2.231
2762.000	2.230
2763.000	2.230
2764.000	2.229
2765.000	2.228
2766.000	2.227
2767.000	2.226
2768.000	2.225
2769.000	2.225
2770.000	2.224
2771.000	2.223
2772.000	2.222
2773.000	2.221
2774.000	2.221
2775.000	2.221
2776.000	2.220
2777.000	2.219
2778.000	2.218
2779.000	2.217
2780.000	2.217
2781.000	2.216
2782.000	2.215
2783.000	2.214
2784.000	2.213
2785.000	2.213
2786.000	2.213
2787.000	2.212
2788.000	2.211
2789.000	2.210
2790.000	2.210
2791.000	2.209
2792.000	2.208
2793.000	2.207
2794.000	2.206
2795.000	2.206
2796.000	2.206
2797.000	2.205
2798.000	2.204
2799.000	2.203
2800.000	2.203
2801.000	2.202
2802.000	2.201
2803.000	2.200
2804.000	2.199
2805.000	2.199
2806.000	2.198
2807.000	2.198
2808.000	2.197
2809.000	2.196
2810.000	2.196
2811.000	2.195
2812.000	2.194
2813.000	2.193
2814.000	2.192
2815.000	2.192
2816.000	2.191
2817.000	2.190
2818.000	2.190
2819.000	2.189
2820.000	2.189
2821.000	2.188
2822.000	2.187
2823.000	2.186
2824.000	2.185
2825.000	2.185
2826.000	2.184
2827.000	2.183
2828.000	2.182
2829.000	2.182
2830.000	2.182
2831.000	2.181
2832.000	2.180
2833.000	2.179
2834.000	2.179
2835.000	2.178
2836.000	2.177
2837.000	2.176
2838.000	2.175
2839.000	2.175
2840.000	2.174
2841.000	2.174
2842.000	2.173
2843.000	2.172
2844.000	2.172
2845.000	2.171
2846.000	2.170
2847.000	2.169
2848.000	2.169
2849.000	2.168
2850.000	2.167
2851.000	2.167
2852.000	2.167
2853.000	2.166
2854.000	2.165
2855.000	2.164
2856.000	2.164
2857.000	2.163
2858.000	2.162
2859.000	2.161
2860.000	2.161
2861.000	2.160
2862.000	2.159
2863.000	2.159
2864.000	2.158
2865.000	2.158
2866.000	2.157
2867.000	2.156
2868.000	2.156
2869.000	2.155
2870.000	2.154
2871.000	2.153
2872.000	2.153
2873.000	2.152
2874.000	2.152
2875.000	2.151
2876.000	2.150
2877.000	2.150
2878.000	2.149
2879.000	2.148
2880.000	2.148
2881.000	2.147
2882.000	2.146
2883.000	2.145
2884.000	2.145
2885.000	2.145
2886.000	2.144
2887.000	2.143
2888.000	2.142
2889.000	2.142
2890.000	2.141
2891.000	2.140
2892.000	2.140
2893.000	2.139
2894.000	2.138
2895.000	2.137
2896.000	2.137
2897.000	2.137
2898.000	2.136
2899.000	2.135
2900.000	2.135
2901.000	2.134
2902.000	2.133
2903.000	2.133
2904.000	2.132
2905.000	2.131
2906.000	2.131
2907.000	2.130
2908.000	2.130
2909.000	2.129
2910.000	2.129
2911.000	2.128
2912.000	2.127
2913.000	2.127
2914.000	2.126
2915.000	2.126
2916.000	2.125
2917.000	2.124
2918.000	2.124
2919.000	2.124
2920.000	2.123
2921.000	2.122
2922.000	2.122
2923.000	2.121
2924.000	2.120
2925.000	2.120
2926.000	2.119
2927.000	2.118
2928.000	2.118
2929.000	2.117
2930.000	2.117
2931.000	2.116
2932.000	2.116
2933.000	2.115
2934.000	2.114
2935.000	2.114
2936.000	2.113
2937.000	2.112
2938.000	2.112
2939.000	2.111
2940.000	2.110
2941.000	2.110
2942.000	2.110
2943.000	2.109
2944.000	2.108
2945.000	2.108
2946.000	2.107
2947.000	2.106
2948.000	2.106
2949.000	2.105
2950.000	2.104
2951.000	2.104
2952.000	2.104
2953.000	2.103
2954.000	2.103
2955.000	2.102
2956.000	2.101
2957.000	2.101
2958.000	2.100
2959.000	2.100
2960.000	2.099
2961.000	2.099
2962.000	2.098
2963.000	2.098
2964.000	2.098
2965.000	2.097
2966.000	2.096
2967.000	2.096
2968.000	2.095
2969.000	2.095
2970.000	2.094
2971.000	2.094
2972.000	2.093
2973.000	2.092
2974.000	2.092
2975.000	2.092
2976.000	2.091
2977.000	2.091
2978.000	2.090
2979.000	2.090
2980.000	2.089
2981.000	2.089
2982.000	2.088
2983.000	2.088
2984.000	2.087
2985.000	2.087
2986.000	2.087
2987.000	2.086
2988.000	2.086
2989.000	2.085
2990.000	2.085
2991.000	2.084
2992.000	2.084
2993.000	2.083
2994.000	2.083
2995.000	2.082
2996.000	2.081
2997.000	2.081
2998.000	2.081
2999.000	2.080
3000.000	2.080
3001.000	2.079
3002.000	2.079
3003.000	2.078
3004.000	2.078
3005.000	2.077
3006.000	2.077
3007.000	2.076
3008.000	2.076
3009.000	2.076
3010.000	2.075
3011.000	2.075
3012.000	2.074
3013.000	2.074
3014.000	2.073
3015.000	2.073
3016.000	2.072
3017.000	2.072
3018.000	2.071
3019.000	2.071
3020.000	2.070
3021.000	2.070
3022.000	2.069
3023.000	2.069
3024.000	2.068
3025.000	2.068
3026.000	2.067
3027.000	2.067
3028.000	2.066
3029.000	2.065
3030.000	2.065
3031.000	2.065
3032.000	2.064
3033.000	2.064
3034.000	2.063
3035.000	2.063
3036.000	2.062
3037.000	2.062
3038.000	2.061
3039.000	2.060
3040.000	2.060
3041.000	2.059
3042.000	2.059
3043.000	2.059
3044.000	2.058
3045.000	2.058
3046.000	2.057
3047.000	2.056
3048.000	2.056
3049.000	2.055
3050.000	2.055
3051.000	2.054
3052.000	2.053
3053.000	2.053
3054.000	2.053
3055.000	2.052
3056.000	2.052
3057.000	2.051
3058.000	2.050
3059.000	2.050
3060.000	2.049
3061.000	2.049
3062.000	2.048
3063.000	2.048
3064.000	2.048
3065.000	2.047
3066.000	2.046
3067.000	2.046
3068.000	2.045
3069.000	2.045
3070.000	2.044
3071.000	2.043
3072.000	2.043
3073.000	2.042
3074.000	2.042
3075.000	2.042
3076.000	2.041
3077.000	2.041
3078.000	2.040
3079.000	2.039
3080.000	2.039
3081.000	2.038
3082.000	2.038
3083.000	2.037
3084.000	2.037
3085.000	2.036
3086.000	2.036
3087.000	2.036
3088.000	2.035
3089.000	2.035
3090.000	2.034
3091.000	2.034
3092.000	2.033
3093.000	2.033
3094.000	2.032
3095.000	2.032
3096.000	2.032
3097.000	2.032
3098.000	2.031
3099.000	2.031
3100.000	2.030
3101.000	2.030
3102.000	2.029
3103.000	2.029
3104.000	2.028
3105.000	2.028
3106.000	2.028
3107.000	2.027
3108.000	2.027
3109.000	2.027
3110.000	2.026
3111.000	2.026
3112.000	2.025
3113.000	2.025
3114.000	2.024
3115.000	2.024
3116.000	2.023
3117.000	2.023
3118.000	2.023
3119.000	2.022
3120.000	2.022
3121.000	2.022
3122.000	2.021
3123.000	2.021
3124.000	2.020
3125.000	2.020
3126.000	2.019
3127.000	2.019
3128.000	2.019
3129.000	2.018
3130.000	2.018
3131.000	2.018
3132.000	2.017
3133.000	2.017
3134.000	2.017
3135.000	2.016
3136.000	2.016
3137.000	2.015
3138.000	2.015
3139.000	2.015
3140.000	2.014
3141.000	2.014
3142.000	2.014
3143.000	2.013
3144.000	2.013
3145.000	2.013
3146.000	2.012
3147.000	2.012
3148.000	2.011
3149.000	2.011
3150.000	2.011
3151.000	2.010
3152.000	2.010
3153.000	2.010
3154.000	2.009
3155.000	2.009
3156.000	2.009
3157.000	2.008
3158.000	2.008
3159.000	2.007
3160.000	2.007
3161.000	2.007
3162.000	2.006
3163.000	2.006
3164.000	2.006
3165.000	2.006
3166.000	2.005
3167.000	2.005
3168.000	2.004
3169.000	2.004
3170.000	2.004
3171.000	2.003
3172.000	2.003
3173.000	2.003
3174.000	2.002
3175.000	2.002
3176.000	2.002
3177.000	2.001
3178.000	2.001
3179.000	2.001
3180.000	2.000
3181.000	2.000
3182.000	2.000
3183.000	1.999
3184.000	1.999
3185.000	1.998
3186.000	1.998
3187.000	1.998
3188.000	1.998
3189.000	1.997
3190.000	1.997
3191.000	1.997
3192.000	1.996
3193.000	1.996
3194.000	1.995
3195.000	1.995
3196.000	1.995
3197.000	1.994
3198.000	1.994
3199.000	1.994
3200.000	1.994
3201.000	1.993
3202.000	1.993
3203.000	1.993
3204.000	1.992
3205.000	1.992
3206.000	1.992
3207.000	1.991
3208.000	1.991
3209.000	1.991
3210.000	1.991
3211.000	1.990
3212.000	1.990
3213.000	1.990
3214.000	1.989
3215.000	1.989
3216.000	1.989
3217.000	1.988
3218.000	1.988
3219.000	1.988
3220.000	1.988
3221.000	1.987
3222.000	1.987
3223.000	1.986
3224.000	1.986
3225.000	1.986
3226.000	1.985
3227.000	1.985
3228.000	1.985
3229.000	1.984
3230.000	1.984
3231.000	1.984
3232.000	1.984
3233.000	1.983
3234.000	1.983
3235.000	1.982
3236.000	1.982
3237.000	1.982
3238.000	1.981
3239.000	1.981
3240.000	1.981
3241.000	1.980
3242.000	1.980
3243.000	1.980
3244.000	1.980
3245.000	1.979
3246.000	1.979
3247.000	1.979
3248.000	1.978
3249.000	1.978
3250.000	1.978
3251.000	1.977
3252.000	1.977
3253.000	1.976
3254.000	1.976
3255.000	1.976
3256.000	1.976
3257.000	1.975
3258.000	1.975
3259.000	1.975
3260.000	1.974
3261.000	1.974
3262.000	1.974
3263.000	1.973
3264.000	1.973
3265.000	1.973
3266.000	1.973
3267.000	1.972
3268.000	1.972
3269.000	1.972
3270.000	1.971
3271.000	1.971
3272.000	1.971
3273.000	1.970
3274.000	1.970
3275.000	1.970
3276.000	1.970
3277.000	1.969
3278.000	1.969
3279.000	1.969
3280.000	1.969
3281.000	1.968
3282.000	1.968
3283.000	1.968
3284.000	1.967
3285.000	1.967
3286.000	1.967
3287.000	1.967
3288.000	1.966
3289.000	1.966
3290.000	1.966
3291.000	1.965
3292.000	1.965
3293.000	1.965
3294.000	1.965
3295.000	1.964
3296.000	1.964
3297.000	1.964
3298.000	1.964
3299.000	1.963
3300.000	1.963
3301.000	1.963
3302.000	1.962
3303.000	1.962
3304.000	1.962
3305.000	1.961
3306.000	1.961
3307.000	1.961
3308.000	1.960
3309.000	1.960
3310.000	1.960
3311.000	1.960
3312.000	1.959
3313.000	1.959
3314.000	1.959
3315.000	1.958
3316.000	1.958
3317.000	1.958
3318.000	1.957
3319.000	1.957
3320.000	1.957
3321.000	1.957
3322.000	1.956
3323.000	1.956
3324.000	1.956
3325.000	1.955
3326.000	1.955
3327.000	1.955
3328.000	1.954
3329.000	1.954
3330.000	1.954
3331.000	1.954
3332.000	1.954
3333.000	1.953
3334.000	1.953
3335.000	1.953
3336.000	1.952
3337.000	1.952
3338.000	1.952
3339.000	1.952
3340.000	1.951
3341.000	1.951
3342.000	1.951
3343.000	1.951
3344.000	1.950
3345.000	1.950
3346.000	1.950
3347.000	1.950
3348.000	1.949
3349.000	1.949
3350.000	1.949
3351.000	1.948
3352.000	1.948
3353.000	1.948
3354.000	1.948
3355.000	1.948
3356.000	1.947
3357.000	1.947
3358.000	1.947
3359.000	1.946
3360.000	1.946
3361.000	1.946
3362.000	1.945
3363.000	1.945
3364.000	1.945
3365.000	1.945
3366.000	1.945
3367.000	1.944
3368.000	1.944
3369.000	1.944
3370.000	1.943
3371.000	1.943
3372.000	1.943
3373.000	1.943
3374.000	1.942
3375.000	1.942
3376.000	1.942
3377.000	1.942
3378.000	1.941
3379.000	1.941
3380.000	1.941
3381.000	1.940
3382.000	1.940
3383.000	1.940
3384.000	1.940
3385.000	1.939
3386.000	1.939
3387.000	1.939
3388.000	1.939
3389.000	1.938
3390.000	1.938
3391.000	1.938
3392.000	1.938
3393.000	1.937
3394.000	1.937
3395.000	1.937
3396.000	1.936
3397.000	1.936
3398.000	1.936
3399.000	1.936
3400.000	1.935
3401.000	1.935
3402.000	1.935
3403.000	1.934
3404.000	1.934
3405.000	1.934
3406.000	1.933
3407.000	1.933
3408.000	1.933
3409.000	1.933
3410.000	1.933
3411.000	1.932
3412.000	1.932
3413.000	1.932
3414.000	1.931
3415.000	1.931
3416.000	1.931
3417.000	1.930
3418.000	1.930
3419.000	1.930
3420.000	1.929
3421.000	1.929
3422.000	1.929
3423.000	1.929
3424.000	1.929
3425.000	1.928
3426.000	1.928
3427.000	1.928
3428.000	1.927
3429.000	1.927
3430.000	1.927
3431.000	1.926
3432.000	1.926
3433.000	1.926
3434.000	1.926
3435.000	1.925
3436.000	1.925
3437.000	1.925
3438.000	1.925
3439.000	1.924
3440.000	1.924
3441.000	1.924
3442.000	1.923
3443.000	1.906
3444.000	1.906
3445.000	1.905
3446.000	1.905
3447.000	1.905
3448.000	1.905
3449.000	1.904
3450.000	1.904
3451.000	1.904
3452.000	1.903
3453.000	1.903
3454.000	1.903
3455.000	1.903
3456.000	1.902
3457.000	1.902
3458.000	1.902
3459.000	1.901
3460.000	1.901
3461.000	1.901
3462.000	1.901
3463.000	1.900
3464.000	1.900
3465.000	1.900
3466.000	1.900
3467.000	1.899
3468.000	1.899
3469.000	1.899
3470.000	1.898
3471.000	1.898
3472.000	1.898
3473.000	1.897
3474.000	1.897
3475.000	1.897
3476.000	1.897
3477.000	1.897
3478.000	1.896
3479.000	1.896
3480.000	1.896
3481.000	1.895
3482.000	1.895
3483.000	1.895
3484.000	1.894
3485.000	1.894
3486.000	1.894
3487.000	1.894
3488.000	1.894
3489.000	1.893
3490.000	1.893
3491.000	1.893
3492.000	1.892
3493.000	1.892
3494.000	1.892
3495.000	1.891
3496.000	1.891
3497.000	1.891
3498.000	1.890
3499.000	1.890
3500.000	1.890
3501.000	1.890
3502.000	1.890
3503.000	1.889
3504.000	1.889
3505.000	1.889
3506.000	1.888
3507.000	1.888
3508.000	1.888
3509.000	1.888
3510.000	1.888
3511.000	1.887
3512.000	1.887
3513.000	1.887
3514.000	1.886
3515.000	1.886
3516.000	1.886
3517.000	1.885
3518.000	1.885
3519.000	1.885
3520.000	1.885
3521.000	1.885
3522.000	1.884
3523.000	1.884
3524.000	1.884
3525.000	1.883
3526.000	1.883
3527.000	1.883
3528.000	1.883
3529.000	1.882
3530.000	1.882
3531.000	1.882
3532.000	1.882
3533.000	1.881
3534.000	1.881
3535.000	1.881
3536.000	1.881
3537.000	1.880
3538.000	1.880
3539.000	1.880
3540.000	1.879
3541.000	1.879
3542.000	1.879
3543.000	1.879
3544.000	1.879
3545.000	1.878
3546.000	1.878
3547.000	1.878
3548.000	1.877
3549.000	1.877
3550.000	1.877
3551.000	1.877
3552.000	1.876
3553.000	1.876
3554.000	1.876
3555.000	1.876
3556.000	1.875
3557.000	1.875
3558.000	1.875
3559.000	1.875
3560.000	1.874
3561.000	1.874
3562.000	1.874
3563.000	1.873
3564.000	1.873
3565.000	1.873
3566.000	1.873
3567.000	1.872
3568.000	1.872
3569.000	1.872
3570.000	1.871
3571.000	1.871
3572.000	1.871
3573.000	1.870
3574.000	1.870
3575.000	1.870
3576.000	1.869
3577.000	1.869
3578.000	1.869
3579.000	1.869
3580.000	1.868
3581.000	1.868
3582.000	1.868
3583.000	1.867
3584.000	1.867
3585.000	1.867
3586.000	1.866
3587.000	1.866
3588.000	1.866
3589.000	1.866
3590.000	1.865
3591.000	1.865
3592.000	1.865
3593.000	1.864
3594.000	1.864
3595.000	1.864
3596.000	1.863
3597.000	1.863
3598.000	1.863
3599.000	1.863
3600.000	1.862
3601.000	1.862
3602.000	1.862
3603.000	1.861
3604.000	1.861
3605.000	1.861
3606.000	1.860
3607.000	1.860
3608.000	1.860
3609.000	1.859
3610.000	1.859
3611.000	1.859
3612.000	1.859
3613.000	1.858
3614.000	1.858
3615.000	1.858
3616.000	1.857
3617.000	1.857
3618.000	1.857
3619.000	1.856
3620.000	1.856
3621.000	1.856
3622.000	1.856
3623.000	1.856
3624.000	1.855
3625.000	1.855
3626.000	1.855
3627.000	1.854
3628.000	1.854
3629.000	1.854
3630.000	1.853
3631.000	1.853
3632.000	1.853
3633.000	1.853
3634.000	1.852
3635.000	1.852
3636.000	1.852
3637.000	1.851
3638.000	1.851
3639.000	1.851
3640.000	1.850
3641.000	1.850
3642.000	1.850
3643.000	1.849
3644.000	1.849
3645.000	1.849
3646.000	1.849
3647.000	1.849
3648.000	1.848
3649.000	1.848
3650.000	1.848
3651.000	1.847
3652.000	1.847
3653.000	1.847
3654.000	1.847
3655.000	1.847
3656.000	1.846
3657.000	1.846
3658.000	1.846
3659.000	1.845
3660.000	1.845
3661.000	1.845
3662.000	1.844
3663.000	1.844
3664.000	1.844
3665.000	1.844
3666.000	1.844
3667.000	1.843
3668.000	1.843
3669.000	1.843
3670.000	1.842
3671.000	1.842
3672.000	1.842
3673.000	1.842
3674.000	1.841
3675.000	1.841
3676.000	1.841
3677.000	1.841
3678.000	1.841
3679.000	1.840
3680.000	1.840
3681.000	1.840
3682.000	1.840
3683.000	1.839
3684.000	1.839
3685.000	1.839
3686.000	1.839
3687.000	1.838
3688.000	1.838
3689.000	1.838
3690.000	1.838
3691.000	1.837
3692.000	1.837
3693.000	1.837
3694.000	1.836
3695.000	1.836
3696.000	1.836
3697.000	1.836
3698.000	1.835
3699.000	1.835
3700.000	1.835
3701.000	1.835
3702.000	1.834
3703.000	1.834
3704.000	1.834
3705.000	1.834
3706.000	1.833
3707.000	1.833
3708.000	1.833
3709.000	1.832
3710.000	1.832
3711.000	1.832
3712.000	1.832
3713.000	1.831
3714.000	1.831
3715.000	1.831
3716.000	1.830
3717.000	1.830
3718.000	1.830
3719.000	1.830
3720.000	1.829
3721.000	1.829
3722.000	1.829
3723.000	1.829
3724.000	1.828
3725.000	1.828
3726.000	1.828
3727.000	1.827
3728.000	1.827
3729.000	1.827
3730.000	1.826
3731.000	1.826
3732.000	1.826
3733.000	1.826
3734.000	1.826
3735.000	1.825
3736.000	1.825
3737.000	1.825
3738.000	1.824
3739.000	1.824
3740.000	1.824
3741.000	1.823
3742.000	1.823
3743.000	1.823
3744.000	1.823
3745.000	1.822
3746.000	1.822
3747.000	1.822
3748.000	1.822
3749.000	1.822
3750.000	1.822
3751.000	1.822
3752.000	1.822
3753.000	1.822
3754.000	1.822
3755.000	1.822
3756.000	1.822
3757.000	1.822
3758.000	1.822
3759.000	1.822
3760.000	1.822
3761.000	1.822
3762.000	1.822
3763.000	1.822
3764.000	1.822
3765.000	1.822
3766.000	1.822
3767.000	1.822
3768.000	1.822
3769.000	1.822
3770.000	1.822
3771.000	1.822
3772.000	1.822
3773.000	1.822
3774.000	1.822
3775.000	1.822
3776.000	1.822
3777.000	1.822
3778.000	1.822
3779.000	1.822
3780.000	1.822
3781.000	1.822
3782.000	1.822
3783.000	1.822
3784.000	1.822
3785.000	1.822
3786.000	1.822
3787.000	1.822
3788.000	1.822
3789.000	1.822
3790.000	1.822
3791.000	1.822
3792.000	1.822
3793.000	1.822
3794.000	1.822
3795.000	1.822
3796.000	1.822
3797.000	1.822
3798.000	1.822
3799.000	1.822
3800.000	1.822
3801.000	1.822
3802.000	1.822
3803.000	1.822
3804.000	1.822
3805.000	1.822
3806.000	1.822
3807.000	1.822
3808.000	1.822
3809.000	1.822
3810.000	1.822
3811.000	1.822
3812.000	1.822
3813.000	1.822
3814.000	1.822
3815.000	1.822
3816.000	1.822
3817.000	1.822
3818.000	1.822
3819.000	1.822
3820.000	1.822
3821.000	1.822
3822.000	1.822
3823.000	1.822
3824.000	1.822
3825.000	1.822
3826.000	1.822
3827.000	1.822
3828.000	1.822
3829.000	1.822
3830.000	1.822
3831.000	1.822
3832.000	1.822
3833.000	1.822
3834.000	1.822
3835.000	1.822
3836.000	1.822
3837.000	1.822
3838.000	1.822
3839.000	1.822
3840.000	1.822
3841.000	1.822
3842.000	1.822
3843.000	1.822
3844.000	1.822
3845.000	1.822
3846.000	1.822
3847.000	1.822
3848.000	1.822
3849.000	1.822
3850.000	1.822
3851.000	1.822
3852.000	1.822
3853.000	1.822
3854.000	1.822
3855.000	1.822
3856.000	1.822
3857.000	1.822
3858.000	1.822
3859.000	1.822
3860.000	1.822
3861.000	1.822
3862.000	1.822
3863.000	1.822
3864.000	1.822
3865.000	1.822
3866.000	1.822
3867.000	1.822
3868.000	1.822
3869.000	1.822
3870.000	1.822
3871.000	1.822
3872.000	1.822
3873.000	1.822
3874.000	1.822
3875.000	1.822
3876.000	1.822
3877.000	1.822
3878.000	1.822
3879.000	1.822
3880.000	1.822
3881.000	1.822
3882.000	1.822
3883.000	1.822
3884.000	1.822
3885.000	1.822
3886.000	1.822
3887.000	1.822
3888.000	1.822
3889.000	1.822
3890.000	1.822
3891.000	1.822
3892.000	1.822
3893.000	1.822
3894.000	1.822
3895.000	1.822
3896.000	1.822
3897.000	1.789
3898.000	1.789
3899.000	1.789
3900.000	1.789
3901.000	1.789
3902.000	1.789
3903.000	1.789
3904.000	1.789
3905.000	1.789
3906.000	1.789
3907.000	1.789
3908.000	1.789
3909.000	1.789
3910.000	1.789
3911.000	1.789
3912.000	1.789
3913.000	1.789
3914.000	1.789
3915.000	1.789
3916.000	1.789
3917.000	1.789
3918.000	1.789
3919.000	1.789
3920.000	1.789
3921.000	1.789
3922.000	1.789
3923.000	1.789
3924.000	1.789
3925.000	1.789
3926.000	1.789
3927.000	1.789
3928.000	1.789
3929.000	1.789
3930.000	1.789
3931.000	1.789
3932.000	1.789
3933.000	1.789
3934.000	1.789
3935.000	1.789
3936.000	1.789
3937.000	1.789
3938.000	1.789
3939.000	1.789
3940.000	1.789
3941.000	1.789
3942.000	1.789
3943.000	1.789
3944.000	1.789
3945.000	1.789
3946.000	1.789
3947.000	1.789
3948.000	1.789
3949.000	1.789
3950.000	1.789
3951.000	1.789
3952.000	1.789
3953.000	1.789
3954.000	1.789
3955.000	1.789
3956.000	1.789
3957.000	1.789
3958.000	1.789
3959.000	1.789
3960.000	1.789
3961.000	1.789
3962.000	1.789
3963.000	1.789
3964.000	1.789
3965.000	1.789
3966.000	1.789
3967.000	1.789
3968.000	1.789
3969.000	1.789
3970.000	1.789
3971.000	1.789
3972.000	1.789
3973.000	1.789
3974.000	1.789
3975.000	1.789
3976.000	1.789
3977.000	1.789
3978.000	1.789
3979.000	1.789
3980.000	1.789
3981.000	1.789
3982.000	1.789
3983.000	1.789
3984.000	1.789
3985.000	1.789
3986.000	1.789
3987.000	1.789
3988.000	1.789
3989.000	1.789
3990.000	1.789
3991.000	1.789
3992.000	1.789
3993.000	1.789
3994.000	1.789
3995.000	1.789
3996.000	1.789
3997.000	1.789
3998.000	1.789
3999.000	1.789
4000.000	1.789
4001.000	1.789
4002.000	1.789
4003.000	1.789
4004.000	1.789
4005.000	1.789
4006.000	1.789
4007.000	1.789
4008.000	1.789
4009.000	1.789
4010.000	1.789
4011.000	1.789
4012.000	1.789
4013.000	1.789
4014.000	1.789
4015.000	1.789
4016.000	1.789
4017.000	1.789
4018.000	1.789
4019.000	1.789
4020.000	1.789
4021.000	1.789
4022.000	1.789
4023.000	1.789
4024.000	1.789
4025.000	1.789
4026.000	1.789
4027.000	1.789
4028.000	1.789
4029.000	1.789
4030.000	1.789
4031.000	1.789
4032.000	1.765
4033.000	1.765
4034.000	1.765
4035.000	1.765
4036.000	1.765
4037.000	1.756
4038.000	1.756
4039.000	1.756
4040.000	1.756
4041.000	1.756
4042.000	1.756
4043.000	1.756
4044.000	1.756
4045.000	1.756
4046.000	1.756
4047.000	1.756
4048.000	1.756
4049.000	1.756
4050.000	1.756
4051.000	1.756
4052.000	1.756
4053.000	1.756
4054.000	1.756
4055.000	1.756
4056.000	1.756
4057.000	1.756
4058.000	1.744
4059.000	1.744
4060.000	1.744
4061.000	1.744
4062.000	1.744
4063.000	1.744
4064.000	1.744
4065.000	1.744
4066.000	1.744
4067.000	1.744
4068.000	1.744
4069.000	1.744
4070.000	1.744
4071.000	1.744
4072.000	1.744
4073.000	1.744
4074.000	1.744
4075.000	1.744
4076.000	1.744
4077.000	1.744
4078.000	1.744
4079.000	1.744
4080.000	1.744
4081.000	1.744
4082.000	1.744
4083.000	1.744
4084.000	1.744
4085.000	1.744
4086.000	1.744
4087.000	1.744
4088.000	1.744
4089.000	1.744
4090.000	1.744
4091.000	1.744
4092.000	1.744
4093.000	1.744
4094.000	1.667
4095.000	1.650
