0.000	17.671
1.000	17.669
2.000	17.315
3.000	17.312
4.000	17.309
5.000	17.307
6.000	17.304
7.000	17.301
8.000	17.299
9.000	17.296
10.000	17.294
11.000	17.291
12.000	17.288
13.000	17.286
14.000	17.283
15.000	17.280
16.000	17.278
17.000	17.264
18.000	17.262
19.000	17.248
20.000	17.246
21.000	17.243
22.000	17.240
23.000	17.237
24.000	17.234
25.000	17.232
26.000	17.229
27.000	17.226
28.000	17.223
29.000	17.221
30.000	17.218
31.000	17.215
32.000	17.212
33.000	17.209
34.000	17.207
35.000	17.204
36.000	17.201
37.000	17.198
38.000	17.195
39.000	17.193
40.000	17.190
41.000	17.187
42.000	17.184
43.000	17.182
44.000	17.179
45.000	17.176
46.000	17.173
47.000	17.171
48.000	17.168
49.000	17.165
50.000	17.162
51.000	17.160
52.000	17.157
53.000	17.154
54.000	17.151
55.000	17.148
56.000	17.146
57.000	17.143
58.000	17.140
59.000	17.138
60.000	17.135
61.000	17.132
62.000	17.129
63.000	17.127
64.000	17.124
65.000	17.121
66.000	17.118
67.000	17.115
68.000	17.112
69.000	17.109
70.000	17.106
71.000	17.103
72.000	17.100
73.000	17.098
74.000	17.095
75.000	17.091
76.000	17.088
77.000	17.085
78.000	17.082
79.000	17.079
80.000	17.076
81.000	17.073
82.000	17.070
83.000	17.067
84.000	17.064
85.000	17.061
86.000	17.058
87.000	17.055
88.000	17.052
89.000	17.048
90.000	17.045
91.000	17.041
92.000	17.037
93.000	17.034
94.000	17.030
95.000	17.026
96.000	17.023
97.000	17.019
98.000	17.014
99.000	17.010
100.000	17.005
101.000	17.000
102.000	16.996
103.000	16.991
104.000	16.985
105.000	16.980
106.000	16.974
107.000	16.972
108.000	16.966
109.000	16.960
110.000	16.954
111.000	16.948
112.000	16.941
113.000	16.935
114.000	16.929
115.000	16.921
116.000	16.913
117.000	16.905
118.000	16.877
119.000	16.870
120.000	16.862
121.000	16.854
122.000	16.845
123.000	16.836
124.000	16.826
125.000	16.817
126.000	16.807
127.000	16.798
128.000	16.787
129.000	16.762
130.000	16.751
131.000	16.740
132.000	16.728
133.000	16.717
134.000	16.704
135.000	16.692
136.000	16.679
137.000	16.666
138.000	16.653
139.000	16.638
140.000	16.599
141.000	16.584
142.000	16.569
143.000	16.555
144.000	16.540
145.000	16.524
146.000	16.508
147.000	16.492
148.000	16.475
149.000	16.459
150.000	16.441
151.000	16.424
152.000	16.407
153.000	16.389
154.000	16.372
155.000	16.355
156.000	16.337
157.000	16.319
158.000	16.300
159.000	16.282
160.000	16.263
161.000	16.245
162.000	16.226
163.000	16.212
164.000	16.193
165.000	16.175
166.000	16.156
167.000	16.136
168.000	16.116
169.000	16.096
170.000	16.076
171.000	16.057
172.000	16.037
173.000	16.017
174.000	15.970
175.000	15.949
176.000	15.928
177.000	15.906
178.000	15.883
179.000	15.860
180.000	15.837
181.000	15.813
182.000	15.789
183.000	15.764
184.000	15.738
185.000	15.680
186.000	15.654
187.000	15.628
188.000	15.602
189.000	15.576
190.000	15.548
191.000	15.521
192.000	15.493
193.000	15.464
194.000	15.436
195.000	15.407
196.000	15.322
197.000	15.292
198.000	15.261
199.000	15.231
200.000	15.201
201.000	15.170
202.000	15.139
203.000	15.107
204.000	15.075
205.000	15.042
206.000	15.009
207.000	14.964
208.000	14.931
209.000	14.898
210.000	14.864
211.000	14.831
212.000	14.796
213.000	14.762
214.000	14.727
215.000	14.692
216.000	14.657
217.000	14.621
218.000	14.592
219.000	14.555
220.000	14.519
221.000	14.483
222.000	14.446
223.000	14.408
224.000	14.370
225.000	14.333
226.000	14.295
227.000	14.257
228.000	14.219
229.000	14.180
230.000	14.170
231.000	14.130
232.000	14.091
233.000	14.053
234.000	14.014
235.000	13.975
236.000	13.936
237.000	13.897
238.000	13.858
239.000	13.819
240.000	13.781
241.000	13.732
242.000	13.694
243.000	13.657
244.000	13.620
245.000	13.583
246.000	13.547
247.000	13.512
248.000	13.478
249.000	13.444
250.000	13.411
251.000	13.377
252.000	13.309
253.000	13.277
254.000	13.244
255.000	13.211
256.000	13.178
257.000	13.145
258.000	13.113
259.000	13.081
260.000	13.049
261.000	13.017
262.000	12.986
263.000	12.942
264.000	12.910
265.000	12.879
266.000	12.848
267.000	12.818
268.000	12.788
269.000	12.758
270.000	12.728
271.000	12.698
272.000	12.669
273.000	12.640
274.000	12.613
275.000	12.584
276.000	12.555
277.000	12.527
278.000	12.499
279.000	12.471
280.000	12.443
281.000	12.415
282.000	12.389
283.000	12.361
284.000	12.334
285.000	12.329
286.000	12.302
287.000	12.275
288.000	12.249
289.000	12.223
290.000	12.197
291.000	12.171
292.000	12.145
293.000	12.119
294.000	12.094
295.000	12.069
296.000	12.063
297.000	12.038
298.000	12.013
299.000	11.989
300.000	11.965
301.000	11.941
302.000	11.917
303.000	11.893
304.000	11.869
305.000	11.846
306.000	11.822
307.000	11.799
308.000	11.758
309.000	11.735
310.000	11.712
311.000	11.689
312.000	11.666
313.000	11.643
314.000	11.620
315.000	11.597
316.000	11.574
317.000	11.551
318.000	11.528
319.000	11.519
320.000	11.497
321.000	11.474
322.000	11.451
323.000	11.427
324.000	11.404
325.000	11.380
326.000	11.356
327.000	11.332
328.000	11.308
329.000	11.283
330.000	11.277
331.000	11.252
332.000	11.227
333.000	11.202
334.000	11.176
335.000	11.151
336.000	11.126
337.000	11.103
338.000	11.079
339.000	11.055
340.000	11.031
341.000	11.025
342.000	11.001
343.000	10.976
344.000	10.952
345.000	10.928
346.000	10.904
347.000	10.880
348.000	10.856
349.000	10.832
350.000	10.808
351.000	10.784
352.000	10.753
353.000	10.729
354.000	10.704
355.000	10.681
356.000	10.658
357.000	10.634
358.000	10.611
359.000	10.588
360.000	10.565
361.000	10.542
362.000	10.519
363.000	10.514
364.000	10.491
365.000	10.468
366.000	10.446
367.000	10.424
368.000	10.402
369.000	10.381
370.000	10.358
371.000	10.337
372.000	10.315
373.000	10.294
374.000	10.273
375.000	10.257
376.000	10.237
377.000	10.216
378.000	10.196
379.000	10.175
380.000	10.155
381.000	10.136
382.000	10.116
383.000	10.096
384.000	10.077
385.000	10.059
386.000	10.033
387.000	10.015
388.000	9.996
389.000	9.977
390.000	9.959
391.000	9.941
392.000	9.923
393.000	9.905
394.000	9.886
395.000	9.869
396.000	9.851
397.000	9.826
398.000	9.808
399.000	9.790
400.000	9.772
401.000	9.755
402.000	9.737
403.000	9.720
404.000	9.703
405.000	9.686
406.000	9.669
407.000	9.653
408.000	9.647
409.000	9.631
410.000	9.614
411.000	9.598
412.000	9.581
413.000	9.564
414.000	9.548
415.000	9.532
416.000	9.515
417.000	9.498
418.000	9.481
419.000	9.476
420.000	9.460
421.000	9.443
422.000	9.427
423.000	9.411
424.000	9.395
425.000	9.379
426.000	9.363
427.000	9.348
428.000	9.332
429.000	9.316
430.000	9.298
431.000	9.282
432.000	9.266
433.000	9.251
434.000	9.235
435.000	9.219
436.000	9.203
437.000	9.187
438.000	9.171
439.000	9.156
440.000	9.140
441.000	9.124
442.000	9.122
443.000	9.106
444.000	9.090
445.000	9.075
446.000	9.059
447.000	9.044
448.000	9.028
449.000	9.013
450.000	8.997
451.000	8.982
452.000	8.967
453.000	8.965
454.000	8.950
455.000	8.934
456.000	8.919
457.000	8.904
458.000	8.889
459.000	8.874
460.000	8.859
461.000	8.843
462.000	8.828
463.000	8.813
464.000	8.811
465.000	8.796
466.000	8.781
467.000	8.766
468.000	8.750
469.000	8.735
470.000	8.720
471.000	8.705
472.000	8.690
473.000	8.674
474.000	8.659
475.000	8.626
476.000	8.611
477.000	8.596
478.000	8.581
479.000	8.566
480.000	8.550
481.000	8.535
482.000	8.519
483.000	8.504
484.000	8.488
485.000	8.473
486.000	8.446
487.000	8.431
488.000	8.415
489.000	8.399
490.000	8.383
491.000	8.367
492.000	8.351
493.000	8.335
494.000	8.319
495.000	8.303
496.000	8.287
497.000	8.246
498.000	8.230
499.000	8.214
500.000	8.197
501.000	8.181
502.000	8.165
503.000	8.149
504.000	8.133
505.000	8.116
506.000	8.100
507.000	8.084
508.000	8.055
509.000	8.039
510.000	8.024
511.000	8.007
512.000	7.991
513.000	7.976
514.000	7.960
515.000	7.944
516.000	7.928
517.000	7.912
518.000	7.896
519.000	7.880
520.000	7.878
521.000	7.862
522.000	7.846
523.000	7.830
524.000	7.814
525.000	7.798
526.000	7.782
527.000	7.766
528.000	7.751
529.000	7.735
530.000	7.720
531.000	7.714
532.000	7.699
533.000	7.684
534.000	7.669
535.000	7.654
536.000	7.639
537.000	7.624
538.000	7.609
539.000	7.594
540.000	7.580
541.000	7.565
542.000	7.553
543.000	7.538
544.000	7.523
545.000	7.509
546.000	7.495
547.000	7.481
548.000	7.467
549.000	7.453
550.000	7.439
551.000	7.425
552.000	7.411
553.000	7.381
554.000	7.367
555.000	7.353
556.000	7.340
557.000	7.326
558.000	7.312
559.000	7.299
560.000	7.285
561.000	7.272
562.000	7.258
563.000	7.245
564.000	7.223
565.000	7.210
566.000	7.197
567.000	7.184
568.000	7.171
569.000	7.159
570.000	7.146
571.000	7.134
572.000	7.122
573.000	7.110
574.000	7.098
575.000	7.060
576.000	7.048
577.000	7.036
578.000	7.025
579.000	7.013
580.000	7.002
581.000	6.991
582.000	6.980
583.000	6.969
584.000	6.958
585.000	6.947
586.000	6.936
587.000	6.934
588.000	6.924
589.000	6.913
590.000	6.903
591.000	6.893
592.000	6.882
593.000	6.872
594.000	6.861
595.000	6.851
596.000	6.840
597.000	6.829
598.000	6.790
599.000	6.779
600.000	6.768
601.000	6.757
602.000	6.747
603.000	6.736
604.000	6.725
605.000	6.715
606.000	6.704
607.000	6.694
608.000	6.683
609.000	6.681
610.000	6.671
611.000	6.660
612.000	6.650
613.000	6.640
614.000	6.630
615.000	6.620
616.000	6.609
617.000	6.599
618.000	6.589
619.000	6.579
620.000	6.577
621.000	6.567
622.000	6.557
623.000	6.547
624.000	6.537
625.000	6.527
626.000	6.517
627.000	6.508
628.000	6.498
629.000	6.488
630.000	6.479
631.000	6.477
632.000	6.467
633.000	6.457
634.000	6.448
635.000	6.438
636.000	6.429
637.000	6.419
638.000	6.410
639.000	6.401
640.000	6.392
641.000	6.383
642.000	6.380
643.000	6.371
644.000	6.362
645.000	6.353
646.000	6.344
647.000	6.336
648.000	6.327
649.000	6.318
650.000	6.310
651.000	6.301
652.000	6.292
653.000	6.284
654.000	6.282
655.000	6.273
656.000	6.265
657.000	6.256
658.000	6.248
659.000	6.239
660.000	6.231
661.000	6.223
662.000	6.215
663.000	6.207
664.000	6.199
665.000	6.095
666.000	6.087
667.000	6.079
668.000	6.071
669.000	6.063
670.000	6.056
671.000	6.048
672.000	6.040
673.000	6.032
674.000	6.024
675.000	6.016
676.000	5.942
677.000	5.934
678.000	5.926
679.000	5.919
680.000	5.911
681.000	5.904
682.000	5.896
683.000	5.889
684.000	5.881
685.000	5.874
686.000	5.866
687.000	5.866
688.000	5.859
689.000	5.851
690.000	5.844
691.000	5.837
692.000	5.830
693.000	5.823
694.000	5.815
695.000	5.808
696.000	5.802
697.000	5.795
698.000	5.795
699.000	5.788
700.000	5.781
701.000	5.774
702.000	5.767
703.000	5.760
704.000	5.754
705.000	5.747
706.000	5.740
707.000	5.733
708.000	5.727
709.000	5.727
710.000	5.720
711.000	5.713
712.000	5.707
713.000	5.700
714.000	5.693
715.000	5.686
716.000	5.680
717.000	5.673
718.000	5.666
719.000	5.659
720.000	5.659
721.000	5.653
722.000	5.646
723.000	5.639
724.000	5.632
725.000	5.625
726.000	5.619
727.000	5.612
728.000	5.605
729.000	5.599
730.000	5.592
731.000	5.585
732.000	5.585
733.000	5.578
734.000	5.571
735.000	5.564
736.000	5.557
737.000	5.550
738.000	5.544
739.000	5.537
740.000	5.530
741.000	5.523
742.000	5.517
743.000	5.517
744.000	5.510
745.000	5.504
746.000	5.498
747.000	5.492
748.000	5.486
749.000	5.481
750.000	5.475
751.000	5.470
752.000	5.464
753.000	5.459
754.000	5.459
755.000	5.453
756.000	5.448
757.000	5.442
758.000	5.437
759.000	5.431
760.000	5.425
761.000	5.420
762.000	5.415
763.000	5.409
764.000	5.404
765.000	5.404
766.000	5.398
767.000	5.393
768.000	5.387
769.000	5.382
770.000	5.377
771.000	5.372
772.000	5.367
773.000	5.362
774.000	5.357
775.000	5.352
776.000	5.352
777.000	5.347
778.000	5.342
779.000	5.337
780.000	5.332
781.000	5.328
782.000	5.323
783.000	5.318
784.000	5.313
785.000	5.308
786.000	5.303
787.000	5.303
788.000	5.299
789.000	5.295
790.000	5.290
791.000	5.285
792.000	5.281
793.000	5.276
794.000	5.272
795.000	5.267
796.000	5.262
797.000	5.258
798.000	5.253
799.000	5.253
800.000	5.249
801.000	5.244
802.000	5.240
803.000	5.235
804.000	5.231
805.000	5.227
806.000	5.222
807.000	5.218
808.000	5.214
809.000	5.209
810.000	5.209
811.000	5.205
812.000	5.201
813.000	5.196
814.000	5.192
815.000	5.188
816.000	5.184
817.000	5.179
818.000	5.175
819.000	5.171
820.000	5.167
821.000	5.140
822.000	5.136
823.000	5.132
824.000	5.128
825.000	5.124
826.000	5.120
827.000	5.116
828.000	5.112
829.000	5.108
830.000	5.104
831.000	5.100
832.000	5.100
833.000	5.096
834.000	5.092
835.000	5.088
836.000	5.084
837.000	5.081
838.000	5.077
839.000	5.073
840.000	5.069
841.000	5.065
842.000	5.062
843.000	5.062
844.000	5.058
845.000	5.054
846.000	5.051
847.000	5.047
848.000	5.043
849.000	5.040
850.000	5.036
851.000	5.033
852.000	5.029
853.000	5.025
854.000	5.016
855.000	5.012
856.000	5.009
857.000	5.005
858.000	5.002
859.000	4.998
860.000	4.995
861.000	4.991
862.000	4.988
863.000	4.984
864.000	4.981
865.000	4.977
866.000	4.960
867.000	4.957
868.000	4.954
869.000	4.950
870.000	4.947
871.000	4.943
872.000	4.940
873.000	4.936
874.000	4.933
875.000	4.930
876.000	4.927
877.000	4.927
878.000	4.923
879.000	4.920
880.000	4.916
881.000	4.913
882.000	4.910
883.000	4.906
884.000	4.903
885.000	4.900
886.000	4.897
887.000	4.893
888.000	4.885
889.000	4.882
890.000	4.879
891.000	4.876
892.000	4.872
893.000	4.869
894.000	4.866
895.000	4.863
896.000	4.860
897.000	4.857
898.000	4.854
899.000	4.854
900.000	4.851
901.000	4.848
902.000	4.845
903.000	4.842
904.000	4.839
905.000	4.835
906.000	4.832
907.000	4.829
908.000	4.826
909.000	4.823
910.000	4.823
911.000	4.820
912.000	4.817
913.000	4.814
914.000	4.811
915.000	4.808
916.000	4.805
917.000	4.802
918.000	4.799
919.000	4.796
920.000	4.793
921.000	4.793
922.000	4.790
923.000	4.787
924.000	4.784
925.000	4.782
926.000	4.779
927.000	4.776
928.000	4.773
929.000	4.770
930.000	4.767
931.000	4.764
932.000	4.761
933.000	4.761
934.000	4.758
935.000	4.756
936.000	4.753
937.000	4.750
938.000	4.747
939.000	4.744
940.000	4.741
941.000	4.739
942.000	4.736
943.000	4.733
944.000	4.733
945.000	4.731
946.000	4.728
947.000	4.725
948.000	4.723
949.000	4.720
950.000	4.717
951.000	4.714
952.000	4.712
953.000	4.709
954.000	4.706
955.000	4.706
956.000	4.704
957.000	4.701
958.000	4.698
959.000	4.696
960.000	4.693
961.000	4.690
962.000	4.688
963.000	4.685
964.000	4.683
965.000	4.680
966.000	4.680
967.000	4.677
968.000	4.675
969.000	4.672
970.000	4.670
971.000	4.667
972.000	4.665
973.000	4.662
974.000	4.660
975.000	4.657
976.000	4.655
977.000	4.655
978.000	4.652
979.000	4.650
980.000	4.647
981.000	4.645
982.000	4.643
983.000	4.641
984.000	4.638
985.000	4.636
986.000	4.634
987.000	4.632
988.000	4.632
989.000	4.629
990.000	4.627
991.000	4.625
992.000	4.623
993.000	4.621
994.000	4.618
995.000	4.616
996.000	4.614
997.000	4.612
998.000	4.610
999.000	4.610
1000.000	4.608
1001.000	4.605
1002.000	4.603
1003.000	4.601
1004.000	4.599
1005.000	4.596
1006.000	4.594
1007.000	4.592
1008.000	4.590
1009.000	4.588
1010.000	4.586
1011.000	4.586
1012.000	4.584
1013.000	4.582
1014.000	4.579
1015.000	4.577
1016.000	4.575
1017.000	4.573
1018.000	4.571
1019.000	4.569
1020.000	4.567
1021.000	4.564
1022.000	4.564
1023.000	4.562
1024.000	4.560
1025.000	4.558
1026.000	4.556
1027.000	4.554
1028.000	4.552
1029.000	4.550
1030.000	4.548
1031.000	4.546
1032.000	4.544
1033.000	4.544
1034.000	4.542
1035.000	4.540
1036.000	4.538
1037.000	4.536
1038.000	4.533
1039.000	4.531
1040.000	4.529
1041.000	4.527
1042.000	4.525
1043.000	4.523
1044.000	4.483
1045.000	4.481
1046.000	4.479
1047.000	4.476
1048.000	4.474
1049.000	4.472
1050.000	4.470
1051.000	4.468
1052.000	4.466
1053.000	4.463
1054.000	4.461
1055.000	4.461
1056.000	4.459
1057.000	4.457
1058.000	4.455
1059.000	4.452
1060.000	4.450
1061.000	4.448
1062.000	4.446
1063.000	4.444
1064.000	4.441
1065.000	4.439
1066.000	4.439
1067.000	4.437
1068.000	4.435
1069.000	4.432
1070.000	4.430
1071.000	4.428
1072.000	4.426
1073.000	4.424
1074.000	4.421
1075.000	4.419
1076.000	4.417
1077.000	4.415
1078.000	4.415
1079.000	4.413
1080.000	4.411
1081.000	4.408
1082.000	4.406
1083.000	4.404
1084.000	4.402
1085.000	4.400
1086.000	4.398
1087.000	4.396
1088.000	4.394
1089.000	4.394
1090.000	4.391
1091.000	4.389
1092.000	4.387
1093.000	4.385
1094.000	4.383
1095.000	4.381
1096.000	4.378
1097.000	4.376
1098.000	4.374
1099.000	4.372
1100.000	4.372
1101.000	4.370
1102.000	4.368
1103.000	4.366
1104.000	4.364
1105.000	4.362
1106.000	4.360
1107.000	4.357
1108.000	4.355
1109.000	4.353
1110.000	4.351
1111.000	4.349
1112.000	4.347
1113.000	4.345
1114.000	4.343
1115.000	4.341
1116.000	4.339
1117.000	4.336
1118.000	4.334
1119.000	4.332
1120.000	4.330
1121.000	4.328
1122.000	4.322
1123.000	4.320
1124.000	4.318
1125.000	4.316
1126.000	4.314
1127.000	4.312
1128.000	4.310
1129.000	4.308
1130.000	4.306
1131.000	4.304
1132.000	4.302
1133.000	4.302
1134.000	4.300
1135.000	4.297
1136.000	4.295
1137.000	4.293
1138.000	4.291
1139.000	4.289
1140.000	4.287
1141.000	4.285
1142.000	4.283
1143.000	4.280
1144.000	4.278
1145.000	4.278
1146.000	4.276
1147.000	4.274
1148.000	4.272
1149.000	4.269
1150.000	4.267
1151.000	4.265
1152.000	4.263
1153.000	4.260
1154.000	4.258
1155.000	4.256
1156.000	4.232
1157.000	4.230
1158.000	4.228
1159.000	4.225
1160.000	4.223
1161.000	4.221
1162.000	4.219
1163.000	4.217
1164.000	4.215
1165.000	4.213
1166.000	4.211
1167.000	4.211
1168.000	4.209
1169.000	4.207
1170.000	4.205
1171.000	4.203
1172.000	4.201
1173.000	4.199
1174.000	4.197
1175.000	4.195
1176.000	4.193
1177.000	4.191
1178.000	4.186
1179.000	4.184
1180.000	4.182
1181.000	4.180
1182.000	4.178
1183.000	4.176
1184.000	4.174
1185.000	4.173
1186.000	4.171
1187.000	4.169
1188.000	4.167
1189.000	4.167
1190.000	4.165
1191.000	4.163
1192.000	4.161
1193.000	4.159
1194.000	4.157
1195.000	4.155
1196.000	4.153
1197.000	4.151
1198.000	4.149
1199.000	4.147
1200.000	4.142
1201.000	4.140
1202.000	4.138
1203.000	4.136
1204.000	4.134
1205.000	4.132
1206.000	4.130
1207.000	4.129
1208.000	4.127
1209.000	4.125
1210.000	4.123
1211.000	4.123
1212.000	4.121
1213.000	4.119
1214.000	4.117
1215.000	4.115
1216.000	4.113
1217.000	4.111
1218.000	4.110
1219.000	4.108
1220.000	4.106
1221.000	4.104
1222.000	4.102
1223.000	4.100
1224.000	4.098
1225.000	4.096
1226.000	4.094
1227.000	4.092
1228.000	4.090
1229.000	4.089
1230.000	4.087
1231.000	4.085
1232.000	4.083
1233.000	4.081
1234.000	4.081
1235.000	4.079
1236.000	4.077
1237.000	4.075
1238.000	4.073
1239.000	4.072
1240.000	4.070
1241.000	4.068
1242.000	4.066
1243.000	4.064
1244.000	4.062
1245.000	4.062
1246.000	4.060
1247.000	4.058
1248.000	4.056
1249.000	4.054
1250.000	4.052
1251.000	4.050
1252.000	4.048
1253.000	4.046
1254.000	4.044
1255.000	4.042
1256.000	4.042
1257.000	4.040
1258.000	4.038
1259.000	4.036
1260.000	4.034
1261.000	4.032
1262.000	4.030
1263.000	4.028
1264.000	4.026
1265.000	4.024
1266.000	4.022
1267.000	4.022
1268.000	4.020
1269.000	4.018
1270.000	4.016
1271.000	4.014
1272.000	4.012
1273.000	4.010
1274.000	4.008
1275.000	4.007
1276.000	4.005
1277.000	4.003
1278.000	4.003
1279.000	4.001
1280.000	3.999
1281.000	3.997
1282.000	3.995
1283.000	3.993
1284.000	3.991
1285.000	3.989
1286.000	3.987
1287.000	3.985
1288.000	3.984
1289.000	3.982
1290.000	3.975
1291.000	3.974
1292.000	3.972
1293.000	3.970
1294.000	3.968
1295.000	3.967
1296.000	3.965
1297.000	3.963
1298.000	3.961
1299.000	3.960
1300.000	3.958
1301.000	3.958
1302.000	3.956
1303.000	3.954
1304.000	3.953
1305.000	3.951
1306.000	3.949
1307.000	3.948
1308.000	3.946
1309.000	3.944
1310.000	3.942
1311.000	3.940
1312.000	3.940
1313.000	3.939
1314.000	3.937
1315.000	3.935
1316.000	3.933
1317.000	3.932
1318.000	3.930
1319.000	3.928
1320.000	3.927
1321.000	3.925
1322.000	3.923
1323.000	3.923
1324.000	3.921
1325.000	3.920
1326.000	3.918
1327.000	3.916
1328.000	3.915
1329.000	3.913
1330.000	3.911
1331.000	3.910
1332.000	3.908
1333.000	3.907
1334.000	3.907
1335.000	3.905
1336.000	3.903
1337.000	3.902
1338.000	3.900
1339.000	3.898
1340.000	3.897
1341.000	3.895
1342.000	3.893
1343.000	3.892
1344.000	3.890
1345.000	3.890
1346.000	3.888
1347.000	3.887
1348.000	3.885
1349.000	3.883
1350.000	3.882
1351.000	3.880
1352.000	3.878
1353.000	3.877
1354.000	3.875
1355.000	3.873
1356.000	3.872
1357.000	3.872
1358.000	3.870
1359.000	3.869
1360.000	3.867
1361.000	3.866
1362.000	3.864
1363.000	3.862
1364.000	3.861
1365.000	3.859
1366.000	3.858
1367.000	3.856
1368.000	3.856
1369.000	3.855
1370.000	3.853
1371.000	3.852
1372.000	3.850
1373.000	3.849
1374.000	3.848
1375.000	3.846
1376.000	3.845
1377.000	3.843
1378.000	3.842
1379.000	3.842
1380.000	3.840
1381.000	3.839
1382.000	3.837
1383.000	3.836
1384.000	3.835
1385.000	3.833
1386.000	3.832
1387.000	3.830
1388.000	3.829
1389.000	3.828
1390.000	3.828
1391.000	3.827
1392.000	3.825
1393.000	3.824
1394.000	3.823
1395.000	3.821
1396.000	3.820
1397.000	3.819
1398.000	3.818
1399.000	3.816
1400.000	3.815
1401.000	3.815
1402.000	3.814
1403.000	3.813
1404.000	3.812
1405.000	3.810
1406.000	3.809
1407.000	3.808
1408.000	3.807
1409.000	3.806
1410.000	3.805
1411.000	3.804
1412.000	3.804
1413.000	3.802
1414.000	3.801
1415.000	3.800
1416.000	3.799
1417.000	3.798
1418.000	3.797
1419.000	3.796
1420.000	3.795
1421.000	3.794
1422.000	3.793
1423.000	3.793
1424.000	3.792
1425.000	3.790
1426.000	3.789
1427.000	3.788
1428.000	3.787
1429.000	3.786
1430.000	3.785
1431.000	3.784
1432.000	3.783
1433.000	3.782
1434.000	3.781
1435.000	3.781
1436.000	3.780
1437.000	3.779
1438.000	3.778
1439.000	3.777
1440.000	3.776
1441.000	3.775
1442.000	3.774
1443.000	3.773
1444.000	3.772
1445.000	3.771
1446.000	3.771
1447.000	3.770
1448.000	3.769
1449.000	3.768
1450.000	3.767
1451.000	3.766
1452.000	3.765
1453.000	3.763
1454.000	3.762
1455.000	3.761
1456.000	3.760
1457.000	3.760
1458.000	3.759
1459.000	3.758
1460.000	3.757
1461.000	3.756
1462.000	3.755
1463.000	3.754
1464.000	3.753
1465.000	3.752
1466.000	3.751
1467.000	3.750
1468.000	3.750
1469.000	3.749
1470.000	3.748
1471.000	3.747
1472.000	3.746
1473.000	3.745
1474.000	3.744
1475.000	3.743
1476.000	3.742
1477.000	3.741
1478.000	3.740
1479.000	3.740
1480.000	3.739
1481.000	3.738
1482.000	3.737
1483.000	3.737
1484.000	3.735
1485.000	3.734
1486.000	3.733
1487.000	3.732
1488.000	3.731
1489.000	3.730
1490.000	3.730
1491.000	3.729
1492.000	3.728
1493.000	3.727
1494.000	3.726
1495.000	3.724
1496.000	3.723
1497.000	3.722
1498.000	3.721
1499.000	3.720
1500.000	3.719
1501.000	3.717
1502.000	3.717
1503.000	3.716
1504.000	3.715
1505.000	3.714
1506.000	3.713
1507.000	3.712
1508.000	3.711
1509.000	3.710
1510.000	3.709
1511.000	3.708
1512.000	3.707
1513.000	3.707
1514.000	3.706
1515.000	3.704
1516.000	3.703
1517.000	3.702
1518.000	3.701
1519.000	3.700
1520.000	3.699
1521.000	3.698
1522.000	3.697
1523.000	3.696
1524.000	3.696
1525.000	3.695
1526.000	3.694
1527.000	3.693
1528.000	3.692
1529.000	3.691
1530.000	3.690
1531.000	3.689
1532.000	3.688
1533.000	3.687
1534.000	3.686
1535.000	3.686
1536.000	3.685
1537.000	3.684
1538.000	3.683
1539.000	3.682
1540.000	3.681
1541.000	3.680
1542.000	3.680
1543.000	3.679
1544.000	3.678
1545.000	3.677
1546.000	3.677
1547.000	3.676
1548.000	3.675
1549.000	3.674
1550.000	3.673
1551.000	3.672
1552.000	3.671
1553.000	3.671
1554.000	3.670
1555.000	3.669
1556.000	3.668
1557.000	3.668
1558.000	3.667
1559.000	3.666
1560.000	3.666
1561.000	3.665
1562.000	3.664
1563.000	3.663
1564.000	3.662
1565.000	3.662
1566.000	3.661
1567.000	3.660
1568.000	3.659
1569.000	3.659
1570.000	3.658
1571.000	3.658
1572.000	3.657
1573.000	3.656
1574.000	3.655
1575.000	3.654
1576.000	3.654
1577.000	3.653
1578.000	3.652
1579.000	3.651
1580.000	3.651
1581.000	3.650
1582.000	3.650
1583.000	3.649
1584.000	3.648
1585.000	3.647
1586.000	3.647
1587.000	3.646
1588.000	3.645
1589.000	3.645
1590.000	3.644
1591.000	3.644
1592.000	3.643
1593.000	3.642
1594.000	3.642
1595.000	3.641
1596.000	3.640
1597.000	3.640
1598.000	3.639
1599.000	3.639
1600.000	3.638
1601.000	3.638
1602.000	3.638
1603.000	3.637
1604.000	3.636
1605.000	3.636
1606.000	3.635
1607.000	3.635
1608.000	3.634
1609.000	3.634
1610.000	3.633
1611.000	3.632
1612.000	3.632
1613.000	3.632
1614.000	3.631
1615.000	3.631
1616.000	3.630
1617.000	3.630
1618.000	3.629
1619.000	3.628
1620.000	3.628
1621.000	3.627
1622.000	3.627
1623.000	3.626
1624.000	3.626
1625.000	3.626
1626.000	3.625
1627.000	3.625
1628.000	3.624
1629.000	3.624
1630.000	3.623
1631.000	3.623
1632.000	3.622
1633.000	3.621
1634.000	3.621
1635.000	3.621
1636.000	3.621
1637.000	3.620
1638.000	3.619
1639.000	3.619
1640.000	3.618
1641.000	3.618
1642.000	3.617
1643.000	3.617
1644.000	3.616
1645.000	3.616
1646.000	3.615
1647.000	3.607
1648.000	3.606
1649.000	3.606
1650.000	3.605
1651.000	3.605
1652.000	3.604
1653.000	3.604
1654.000	3.603
1655.000	3.602
1656.000	3.602
1657.000	3.601
1658.000	3.601
1659.000	3.601
1660.000	3.600
1661.000	3.600
1662.000	3.599
1663.000	3.598
1664.000	3.598
1665.000	3.597
1666.000	3.597
1667.000	3.596
1668.000	3.595
1669.000	3.595
1670.000	3.595
1671.000	3.594
1672.000	3.594
1673.000	3.593
1674.000	3.592
1675.000	3.592
1676.000	3.591
1677.000	3.590
1678.000	3.590
1679.000	3.589
1680.000	3.589
1681.000	3.589
1682.000	3.588
1683.000	3.587
1684.000	3.587
1685.000	3.586
1686.000	3.586
1687.000	3.585
1688.000	3.584
1689.000	3.584
1690.000	3.583
1691.000	3.583
1692.000	3.583
1693.000	3.582
1694.000	3.582
1695.000	3.581
1696.000	3.580
1697.000	3.580
1698.000	3.579
1699.000	3.579
1700.000	3.578
1701.000	3.578
1702.000	3.578
1703.000	3.577
1704.000	3.576
1705.000	3.576
1706.000	3.575
1707.000	3.575
1708.000	3.574
1709.000	3.574
1710.000	3.573
1711.000	3.573
1712.000	3.572
1713.000	3.572
1714.000	3.572
1715.000	3.571
1716.000	3.570
1717.000	3.570
1718.000	3.569
1719.000	3.569
1720.000	3.568
1721.000	3.568
1722.000	3.567
1723.000	3.567
1724.000	3.566
1725.000	3.566
1726.000	3.566
1727.000	3.565
1728.000	3.564
1729.000	3.564
1730.000	3.563
1731.000	3.562
1732.000	3.562
1733.000	3.561
1734.000	3.560
1735.000	3.560
1736.000	3.560
1737.000	3.559
1738.000	3.558
1739.000	3.557
1740.000	3.557
1741.000	3.556
1742.000	3.555
1743.000	3.555
1744.000	3.554
1745.000	3.553
1746.000	3.552
1747.000	3.552
1748.000	3.552
1749.000	3.551
1750.000	3.550
1751.000	3.550
1752.000	3.549
1753.000	3.548
1754.000	3.548
1755.000	3.547
1756.000	3.546
1757.000	3.545
1758.000	3.545
1759.000	3.545
1760.000	3.544
1761.000	3.543
1762.000	3.543
1763.000	3.542
1764.000	3.541
1765.000	3.540
1766.000	3.540
1767.000	3.539
1768.000	3.538
1769.000	3.538
1770.000	3.538
1771.000	3.537
1772.000	3.536
1773.000	3.536
1774.000	3.535
1775.000	3.534
1776.000	3.533
1777.000	3.533
1778.000	3.532
1779.000	3.531
1780.000	3.531
1781.000	3.531
1782.000	3.530
1783.000	3.529
1784.000	3.529
1785.000	3.528
1786.000	3.527
1787.000	3.527
1788.000	3.526
1789.000	3.525
1790.000	3.524
1791.000	3.524
1792.000	3.524
1793.000	3.523
1794.000	3.522
1795.000	3.522
1796.000	3.521
1797.000	3.520
1798.000	3.520
1799.000	3.519
1800.000	3.518
1801.000	3.518
1802.000	3.517
1803.000	3.517
1804.000	3.516
1805.000	3.515
1806.000	3.515
1807.000	3.514
1808.000	3.513
1809.000	3.513
1810.000	3.512
1811.000	3.512
1812.000	3.511
1813.000	3.511
1814.000	3.511
1815.000	3.510
1816.000	3.509
1817.000	3.509
1818.000	3.508
1819.000	3.508
1820.000	3.507
1821.000	3.507
1822.000	3.506
1823.000	3.506
1824.000	3.505
1825.000	3.503
1826.000	3.502
1827.000	3.502
1828.000	3.501
1829.000	3.501
1830.000	3.500
1831.000	3.500
1832.000	3.499
1833.000	3.499
1834.000	3.499
1835.000	3.498
1836.000	3.498
1837.000	3.498
1838.000	3.497
1839.000	3.497
1840.000	3.496
1841.000	3.496
1842.000	3.495
1843.000	3.495
1844.000	3.495
1845.000	3.494
1846.000	3.494
1847.000	3.493
1848.000	3.493
1849.000	3.493
1850.000	3.492
1851.000	3.492
1852.000	3.491
1853.000	3.491
1854.000	3.491
1855.000	3.490
1856.000	3.490
1857.000	3.490
1858.000	3.489
1859.000	3.489
1860.000	3.489
1861.000	3.488
1862.000	3.488
1863.000	3.488
1864.000	3.487
1865.000	3.487
1866.000	3.487
1867.000	3.486
1868.000	3.486
1869.000	3.485
1870.000	3.485
1871.000	3.485
1872.000	3.485
1873.000	3.484
1874.000	3.484
1875.000	3.483
1876.000	3.483
1877.000	3.483
1878.000	3.482
1879.000	3.482
1880.000	3.482
1881.000	3.482
1882.000	3.481
1883.000	3.481
1884.000	3.480
1885.000	3.480
1886.000	3.480
1887.000	3.479
1888.000	3.479
1889.000	3.478
1890.000	3.478
1891.000	3.478
1892.000	3.478
1893.000	3.477
1894.000	3.477
1895.000	3.476
1896.000	3.476
1897.000	3.476
1898.000	3.475
1899.000	3.475
1900.000	3.474
1901.000	3.474
1902.000	3.474
1903.000	3.474
1904.000	3.473
1905.000	3.473
1906.000	3.472
1907.000	3.472
1908.000	3.472
1909.000	3.471
1910.000	3.471
1911.000	3.470
1912.000	3.470
1913.000	3.470
1914.000	3.470
1915.000	3.469
1916.000	3.469
1917.000	3.468
1918.000	3.468
1919.000	3.468
1920.000	3.467
1921.000	3.467
1922.000	3.466
1923.000	3.466
1924.000	3.466
1925.000	3.465
1926.000	3.465
1927.000	3.465
1928.000	3.465
1929.000	3.464
1930.000	3.464
1931.000	3.463
1932.000	3.463
1933.000	3.463
1934.000	3.462
1935.000	3.462
1936.000	3.461
1937.000	3.461
1938.000	3.461
1939.000	3.461
1940.000	3.460
1941.000	3.460
1942.000	3.459
1943.000	3.459
1944.000	3.459
1945.000	3.458
1946.000	3.458
1947.000	3.457
1948.000	3.457
1949.000	3.457
1950.000	3.457
1951.000	3.456
1952.000	3.456
1953.000	3.455
1954.000	3.455
1955.000	3.455
1956.000	3.454
1957.000	3.454
1958.000	3.454
1959.000	3.454
1960.000	3.453
1961.000	3.453
1962.000	3.452
1963.000	3.452
1964.000	3.452
1965.000	3.451
1966.000	3.451
1967.000	3.450
1968.000	3.450
1969.000	3.450
1970.000	3.450
1971.000	3.449
1972.000	3.449
1973.000	3.448
1974.000	3.448
1975.000	3.448
1976.000	3.447
1977.000	3.447
1978.000	3.447
1979.000	3.446
1980.000	3.446
1981.000	3.446
1982.000	3.445
1983.000	3.445
1984.000	3.445
1985.000	3.444
1986.000	3.444
1987.000	3.444
1988.000	3.443
1989.000	3.443
1990.000	3.443
1991.000	3.442
1992.000	3.442
1993.000	3.442
1994.000	3.442
1995.000	3.441
1996.000	3.441
1997.000	3.441
1998.000	3.441
1999.000	3.440
2000.000	3.440
2001.000	3.440
2002.000	3.440
2003.000	3.439
2004.000	3.439
2005.000	3.439
2006.000	3.439
2007.000	3.439
2008.000	3.438
2009.000	3.438
2010.000	3.438
2011.000	3.438
2012.000	3.437
2013.000	3.437
2014.000	3.437
2015.000	3.437
2016.000	3.437
2017.000	3.436
2018.000	3.436
2019.000	3.436
2020.000	3.436
2021.000	3.435
2022.000	3.435
2023.000	3.435
2024.000	3.434
2025.000	3.434
2026.000	3.434
2027.000	3.434
2028.000	3.433
2029.000	3.433
2030.000	3.432
2031.000	3.432
2032.000	3.432
2033.000	3.431
2034.000	3.431
2035.000	3.430
2036.000	3.430
2037.000	3.430
2038.000	3.430
2039.000	3.429
2040.000	3.429
2041.000	3.429
2042.000	3.428
2043.000	3.428
2044.000	3.427
2045.000	3.427
2046.000	3.427
2047.000	3.426
2048.000	3.426
2049.000	3.426
2050.000	3.426
2051.000	3.425
2052.000	3.425
2053.000	3.424
2054.000	3.424
2055.000	3.424
2056.000	3.423
2057.000	3.423
2058.000	3.423
2059.000	3.422
2060.000	3.422
2061.000	3.422
2062.000	3.422
2063.000	3.421
2064.000	3.421
2065.000	3.420
2066.000	3.420
2067.000	3.420
2068.000	3.419
2069.000	3.419
2070.000	3.419
2071.000	3.419
2072.000	3.418
2073.000	3.418
2074.000	3.417
2075.000	3.417
2076.000	3.417
2077.000	3.416
2078.000	3.416
2079.000	3.416
2080.000	3.415
2081.000	3.415
2082.000	3.415
2083.000	3.414
2084.000	3.414
2085.000	3.414
2086.000	3.413
2087.000	3.413
2088.000	3.413
2089.000	3.412
2090.000	3.412
2091.000	3.412
2092.000	3.411
2093.000	3.411
2094.000	3.411
2095.000	3.410
2096.000	3.410
2097.000	3.410
2098.000	3.409
2099.000	3.409
2100.000	3.409
2101.000	3.408
2102.000	3.408
2103.000	3.408
2104.000	3.408
2105.000	3.408
2106.000	3.407
2107.000	3.407
2108.000	3.407
2109.000	3.407
2110.000	3.406
2111.000	3.406
2112.000	3.406
2113.000	3.406
2114.000	3.406
2115.000	3.406
2116.000	3.405
2117.000	3.405
2118.000	3.405
2119.000	3.405
2120.000	3.404
2121.000	3.404
2122.000	3.404
2123.000	3.404
2124.000	3.404
2125.000	3.403
2126.000	3.403
2127.000	3.403
2128.000	3.403
2129.000	3.403
2130.000	3.403
2131.000	3.402
2132.000	3.402
2133.000	3.402
2134.000	3.402
2135.000	3.402
2136.000	3.401
2137.000	3.401
2138.000	3.401
2139.000	3.401
2140.000	3.401
2141.000	3.400
2142.000	3.400
2143.000	3.400
2144.000	3.400
2145.000	3.400
2146.000	3.399
2147.000	3.399
2148.000	3.399
2149.000	3.399
2150.000	3.399
2151.000	3.399
2152.000	3.398
2153.000	3.398
2154.000	3.398
2155.000	3.398
2156.000	3.398
2157.000	3.397
2158.000	3.397
2159.000	3.397
2160.000	3.397
2161.000	3.397
2162.000	3.396
2163.000	3.396
2164.000	3.396
2165.000	3.396
2166.000	3.396
2167.000	3.395
2168.000	3.395
2169.000	3.395
2170.000	3.395
2171.000	3.395
2172.000	3.395
2173.000	3.394
2174.000	3.394
2175.000	3.394
2176.000	3.394
2177.000	3.394
2178.000	3.393
2179.000	3.393
2180.000	3.393
2181.000	3.393
2182.000	3.393
2183.000	3.393
2184.000	3.392
2185.000	3.392
2186.000	3.392
2187.000	3.392
2188.000	3.391
2189.000	3.391
2190.000	3.391
2191.000	3.391
2192.000	3.391
2193.000	3.391
2194.000	3.390
2195.000	3.390
2196.000	3.390
2197.000	3.390
2198.000	3.390
2199.000	3.389
2200.000	3.389
2201.000	3.389
2202.000	3.389
2203.000	3.389
2204.000	3.388
2205.000	3.388
2206.000	3.388
2207.000	3.388
2208.000	3.388
2209.000	3.388
2210.000	3.387
2211.000	3.387
2212.000	3.387
2213.000	3.387
2214.000	3.387
2215.000	3.386
2216.000	3.386
2217.000	3.386
2218.000	3.386
2219.000	3.386
2220.000	3.386
2221.000	3.385
2222.000	3.385
2223.000	3.385
2224.000	3.385
2225.000	3.385
2226.000	3.384
2227.000	3.384
2228.000	3.384
2229.000	3.384
2230.000	3.384
2231.000	3.384
2232.000	3.383
2233.000	3.383
2234.000	3.383
2235.000	3.383
2236.000	3.383
2237.000	3.382
2238.000	3.382
2239.000	3.382
2240.000	3.382
2241.000	3.382
2242.000	3.382
2243.000	3.381
2244.000	3.381
2245.000	3.381
2246.000	3.381
2247.000	3.380
2248.000	3.380
2249.000	3.380
2250.000	3.380
2251.000	3.380
2252.000	3.380
2253.000	3.379
2254.000	3.379
2255.000	3.379
2256.000	3.379
2257.000	3.379
2258.000	3.378
2259.000	3.378
2260.000	3.378
2261.000	3.378
2262.000	3.378
2263.000	3.378
2264.000	3.377
2265.000	3.377
2266.000	3.377
2267.000	3.377
2268.000	3.377
2269.000	3.376
2270.000	3.376
2271.000	3.376
2272.000	3.376
2273.000	3.376
2274.000	3.376
2275.000	3.375
2276.000	3.375
2277.000	3.375
2278.000	3.375
2279.000	3.375
2280.000	3.375
2281.000	3.374
2282.000	3.374
2283.000	3.374
2284.000	3.374
2285.000	3.374
2286.000	3.374
2287.000	3.373
2288.000	3.373
2289.000	3.373
2290.000	3.373
2291.000	3.373
2292.000	3.372
2293.000	3.372
2294.000	3.372
2295.000	3.372
2296.000	3.372
2297.000	3.372
2298.000	3.372
2299.000	3.371
2300.000	3.371
2301.000	3.371
2302.000	3.371
2303.000	3.371
2304.000	3.370
2305.000	3.370
2306.000	3.370
2307.000	3.370
2308.000	3.370
2309.000	3.370
2310.000	3.370
2311.000	3.369
2312.000	3.369
2313.000	3.369
2314.000	3.369
2315.000	3.369
2316.000	3.369
2317.000	3.369
2318.000	3.368
2319.000	3.368
2320.000	3.368
2321.000	3.368
2322.000	3.368
2323.000	3.368
2324.000	3.367
2325.000	3.367
2326.000	3.367
2327.000	3.367
2328.000	3.367
2329.000	3.367
2330.000	3.367
2331.000	3.366
2332.000	3.366
2333.000	3.366
2334.000	3.366
2335.000	3.366
2336.000	3.365
2337.000	3.365
2338.000	3.365
2339.000	3.365
2340.000	3.365
2341.000	3.365
2342.000	3.365
2343.000	3.364
2344.000	3.364
2345.000	3.364
2346.000	3.364
2347.000	3.364
2348.000	3.364
2349.000	3.363
2350.000	3.363
2351.000	3.363
2352.000	3.363
2353.000	3.363
2354.000	3.363
2355.000	3.363
2356.000	3.362
2357.000	3.362
2358.000	3.362
2359.000	3.362
2360.000	3.362
2361.000	3.362
2362.000	3.362
2363.000	3.361
2364.000	3.361
2365.000	3.361
2366.000	3.361
2367.000	3.361
2368.000	3.361
2369.000	3.360
2370.000	3.360
2371.000	3.360
2372.000	3.360
2373.000	3.360
2374.000	3.360
2375.000	3.360
2376.000	3.359
2377.000	3.359
2378.000	3.359
2379.000	3.359
2380.000	3.359
2381.000	3.359
2382.000	3.358
2383.000	3.358
2384.000	3.358
2385.000	3.358
2386.000	3.358
2387.000	3.358
2388.000	3.358
2389.000	3.357
2390.000	3.357
2391.000	3.357
2392.000	3.357
2393.000	3.357
2394.000	3.357
2395.000	3.357
2396.000	3.356
2397.000	3.356
2398.000	3.356
2399.000	3.356
2400.000	3.356
2401.000	3.356
2402.000	3.355
2403.000	3.355
2404.000	3.355
2405.000	3.355
2406.000	3.355
2407.000	3.355
2408.000	3.355
2409.000	3.354
2410.000	3.354
2411.000	3.354
2412.000	3.354
2413.000	3.354
2414.000	3.354
2415.000	3.353
2416.000	3.353
2417.000	3.353
2418.000	3.353
2419.000	3.353
2420.000	3.353
2421.000	3.353
2422.000	3.352
2423.000	3.352
2424.000	3.352
2425.000	3.352
2426.000	3.352
2427.000	3.352
2428.000	3.352
2429.000	3.351
2430.000	3.351
2431.000	3.351
2432.000	3.351
2433.000	3.351
2434.000	3.351
2435.000	3.350
2436.000	3.350
2437.000	3.350
2438.000	3.350
2439.000	3.350
2440.000	3.350
2441.000	3.350
2442.000	3.349
2443.000	3.349
2444.000	3.349
2445.000	3.349
2446.000	3.349
2447.000	3.349
2448.000	3.348
2449.000	3.348
2450.000	3.348
2451.000	3.348
2452.000	3.348
2453.000	3.348
2454.000	3.348
2455.000	3.348
2456.000	3.348
2457.000	3.348
2458.000	3.348
2459.000	3.348
2460.000	3.348
2461.000	3.348
2462.000	3.348
2463.000	3.348
2464.000	3.348
2465.000	3.348
2466.000	3.348
2467.000	3.348
2468.000	3.348
2469.000	3.348
2470.000	3.348
2471.000	3.348
2472.000	3.348
2473.000	3.348
2474.000	3.348
2475.000	3.348
2476.000	3.348
2477.000	3.348
2478.000	3.348
2479.000	3.348
2480.000	3.348
2481.000	3.348
2482.000	3.348
2483.000	3.348
2484.000	3.348
2485.000	3.348
2486.000	3.348
2487.000	3.348
2488.000	3.348
2489.000	3.348
2490.000	3.348
2491.000	3.348
2492.000	3.348
2493.000	3.348
2494.000	3.348
2495.000	3.348
2496.000	3.348
2497.000	3.348
2498.000	3.348
2499.000	3.348
2500.000	3.348
2501.000	3.348
2502.000	3.348
2503.000	3.348
2504.000	3.348
2505.000	3.348
2506.000	3.348
2507.000	3.348
2508.000	3.348
2509.000	3.348
2510.000	3.348
2511.000	3.348
2512.000	3.348
2513.000	3.348
2514.000	3.348
2515.000	3.348
2516.000	3.348
2517.000	3.348
2518.000	3.348
2519.000	3.348
2520.000	3.348
2521.000	3.347
2522.000	3.347
2523.000	3.347
2524.000	3.347
2525.000	3.347
2526.000	3.347
2527.000	3.347
2528.000	3.347
2529.000	3.347
2530.000	3.347
2531.000	3.347
2532.000	3.347
2533.000	3.347
2534.000	3.346
2535.000	3.346
2536.000	3.346
2537.000	3.346
2538.000	3.346
2539.000	3.346
2540.000	3.346
2541.000	3.346
2542.000	3.346
2543.000	3.346
2544.000	3.346
2545.000	3.346
2546.000	3.346
2547.000	3.345
2548.000	3.345
2549.000	3.345
2550.000	3.345
2551.000	3.345
2552.000	3.345
2553.000	3.345
2554.000	3.345
2555.000	3.345
2556.000	3.345
2557.000	3.345
2558.000	3.344
2559.000	3.344
2560.000	3.344
2561.000	3.344
2562.000	3.344
2563.000	3.344
2564.000	3.343
2565.000	3.343
2566.000	3.343
2567.000	3.343
2568.000	3.343
2569.000	3.343
2570.000	3.342
2571.000	3.342
2572.000	3.342
2573.000	3.342
2574.000	3.341
2575.000	3.341
2576.000	3.341
2577.000	3.341
2578.000	3.340
2579.000	3.340
2580.000	3.340
2581.000	3.339
2582.000	3.339
2583.000	3.339
2584.000	3.339
2585.000	3.338
2586.000	3.338
2587.000	3.338
2588.000	3.338
2589.000	3.337
2590.000	3.337
2591.000	3.337
2592.000	3.336
2593.000	3.336
2594.000	3.336
2595.000	3.336
2596.000	3.335
2597.000	3.335
2598.000	3.335
2599.000	3.334
2600.000	3.334
2601.000	3.333
2602.000	3.333
2603.000	3.333
2604.000	3.332
2605.000	3.332
2606.000	3.332
2607.000	3.332
2608.000	3.331
2609.000	3.331
2610.000	3.330
2611.000	3.330
2612.000	3.330
2613.000	3.329
2614.000	3.329
2615.000	3.329
2616.000	3.328
2617.000	3.328
2618.000	3.328
2619.000	3.328
2620.000	3.327
2621.000	3.327
2622.000	3.326
2623.000	3.326
2624.000	3.326
2625.000	3.325
2626.000	3.325
2627.000	3.325
2628.000	3.324
2629.000	3.324
2630.000	3.324
2631.000	3.324
2632.000	3.323
2633.000	3.323
2634.000	3.322
2635.000	3.322
2636.000	3.321
2637.000	3.321
2638.000	3.320
2639.000	3.320
2640.000	3.320
2641.000	3.319
2642.000	3.318
2643.000	3.318
2644.000	3.317
2645.000	3.317
2646.000	3.316
2647.000	3.315
2648.000	3.315
2649.000	3.314
2650.000	3.314
2651.000	3.314
2652.000	3.313
2653.000	3.312
2654.000	3.312
2655.000	3.311
2656.000	3.311
2657.000	3.310
2658.000	3.309
2659.000	3.309
2660.000	3.308
2661.000	3.307
2662.000	3.307
2663.000	3.307
2664.000	3.306
2665.000	3.306
2666.000	3.305
2667.000	3.304
2668.000	3.304
2669.000	3.303
2670.000	3.302
2671.000	3.302
2672.000	3.301
2673.000	3.301
2674.000	3.300
2675.000	3.299
2676.000	3.299
2677.000	3.298
2678.000	3.297
2679.000	3.296
2680.000	3.296
2681.000	3.295
2682.000	3.294
2683.000	3.293
2684.000	3.293
2685.000	3.293
2686.000	3.292
2687.000	3.291
2688.000	3.290
2689.000	3.290
2690.000	3.289
2691.000	3.288
2692.000	3.287
2693.000	3.287
2694.000	3.286
2695.000	3.285
2696.000	3.285
2697.000	3.284
2698.000	3.283
2699.000	3.282
2700.000	3.281
2701.000	3.280
2702.000	3.279
2703.000	3.278
2704.000	3.277
2705.000	3.276
2706.000	3.275
2707.000	3.275
2708.000	3.274
2709.000	3.273
2710.000	3.272
2711.000	3.271
2712.000	3.270
2713.000	3.270
2714.000	3.269
2715.000	3.268
2716.000	3.267
2717.000	3.266
2718.000	3.266
2719.000	3.265
2720.000	3.264
2721.000	3.263
2722.000	3.262
2723.000	3.261
2724.000	3.260
2725.000	3.259
2726.000	3.258
2727.000	3.257
2728.000	3.256
2729.000	3.256
2730.000	3.255
2731.000	3.254
2732.000	3.253
2733.000	3.252
2734.000	3.251
2735.000	3.250
2736.000	3.249
2737.000	3.248
2738.000	3.248
2739.000	3.247
2740.000	3.247
2741.000	3.246
2742.000	3.245
2743.000	3.244
2744.000	3.243
2745.000	3.242
2746.000	3.241
2747.000	3.240
2748.000	3.239
2749.000	3.238
2750.000	3.237
2751.000	3.237
2752.000	3.236
2753.000	3.235
2754.000	3.234
2755.000	3.233
2756.000	3.232
2757.000	3.231
2758.000	3.230
2759.000	3.230
2760.000	3.229
2761.000	3.228
2762.000	3.227
2763.000	3.227
2764.000	3.226
2765.000	3.225
2766.000	3.224
2767.000	3.223
2768.000	3.222
2769.000	3.221
2770.000	3.220
2771.000	3.219
2772.000	3.218
2773.000	3.217
2774.000	3.217
2775.000	3.216
2776.000	3.215
2777.000	3.214
2778.000	3.213
2779.000	3.213
2780.000	3.212
2781.000	3.211
2782.000	3.210
2783.000	3.209
2784.000	3.208
2785.000	3.208
2786.000	3.207
2787.000	3.206
2788.000	3.205
2789.000	3.204
2790.000	3.203
2791.000	3.202
2792.000	3.201
2793.000	3.200
2794.000	3.199
2795.000	3.199
2796.000	3.199
2797.000	3.198
2798.000	3.197
2799.000	3.196
2800.000	3.195
2801.000	3.194
2802.000	3.193
2803.000	3.192
2804.000	3.191
2805.000	3.190
2806.000	3.189
2807.000	3.189
2808.000	3.188
2809.000	3.187
2810.000	3.186
2811.000	3.185
2812.000	3.185
2813.000	3.184
2814.000	3.183
2815.000	3.182
2816.000	3.181
2817.000	3.180
2818.000	3.180
2819.000	3.179
2820.000	3.178
2821.000	3.177
2822.000	3.176
2823.000	3.175
2824.000	3.174
2825.000	3.173
2826.000	3.173
2827.000	3.172
2828.000	3.171
2829.000	3.171
2830.000	3.170
2831.000	3.169
2832.000	3.168
2833.000	3.167
2834.000	3.166
2835.000	3.165
2836.000	3.164
2837.000	3.163
2838.000	3.162
2839.000	3.161
2840.000	3.161
2841.000	3.161
2842.000	3.160
2843.000	3.159
2844.000	3.158
2845.000	3.157
2846.000	3.156
2847.000	3.155
2848.000	3.154
2849.000	3.153
2850.000	3.152
2851.000	3.150
2852.000	3.150
2853.000	3.149
2854.000	3.148
2855.000	3.147
2856.000	3.145
2857.000	3.144
2858.000	3.143
2859.000	3.142
2860.000	3.140
2861.000	3.139
2862.000	3.137
2863.000	3.137
2864.000	3.136
2865.000	3.134
2866.000	3.133
2867.000	3.131
2868.000	3.130
2869.000	3.128
2870.000	3.127
2871.000	3.125
2872.000	3.124
2873.000	3.122
2874.000	3.122
2875.000	3.121
2876.000	3.119
2877.000	3.118
2878.000	3.116
2879.000	3.115
2880.000	3.113
2881.000	3.112
2882.000	3.110
2883.000	3.109
2884.000	3.107
2885.000	3.107
2886.000	3.106
2887.000	3.104
2888.000	3.103
2889.000	3.101
2890.000	3.100
2891.000	3.098
2892.000	3.097
2893.000	3.095
2894.000	3.094
2895.000	3.092
2896.000	3.092
2897.000	3.091
2898.000	3.089
2899.000	3.088
2900.000	3.086
2901.000	3.085
2902.000	3.083
2903.000	3.082
2904.000	3.080
2905.000	3.079
2906.000	3.077
2907.000	3.075
2908.000	3.075
2909.000	3.074
2910.000	3.072
2911.000	3.071
2912.000	3.069
2913.000	3.068
2914.000	3.066
2915.000	3.065
2916.000	3.063
2917.000	3.062
2918.000	3.060
2919.000	3.060
2920.000	3.059
2921.000	3.057
2922.000	3.056
2923.000	3.054
2924.000	3.052
2925.000	3.051
2926.000	3.049
2927.000	3.048
2928.000	3.046
2929.000	3.045
2930.000	3.045
2931.000	3.043
2932.000	3.042
2933.000	3.040
2934.000	3.038
2935.000	3.037
2936.000	3.035
2937.000	3.034
2938.000	3.032
2939.000	3.030
2940.000	3.029
2941.000	3.029
2942.000	3.027
2943.000	3.026
2944.000	3.024
2945.000	3.023
2946.000	3.021
2947.000	3.019
2948.000	3.018
2949.000	3.016
2950.000	3.015
2951.000	3.013
2952.000	3.013
2953.000	3.011
2954.000	3.010
2955.000	3.008
2956.000	3.007
2957.000	3.005
2958.000	3.004
2959.000	3.002
2960.000	3.000
2961.000	2.999
2962.000	2.997
2963.000	2.997
2964.000	2.996
2965.000	2.994
2966.000	2.993
2967.000	2.991
2968.000	2.989
2969.000	2.988
2970.000	2.986
2971.000	2.985
2972.000	2.983
2973.000	2.982
2974.000	2.980
2975.000	2.980
2976.000	2.979
2977.000	2.977
2978.000	2.975
2979.000	2.974
2980.000	2.972
2981.000	2.971
2982.000	2.969
2983.000	2.968
2984.000	2.966
2985.000	2.964
2986.000	2.964
2987.000	2.963
2988.000	2.961
2989.000	2.960
2990.000	2.958
2991.000	2.957
2992.000	2.955
2993.000	2.954
2994.000	2.952
2995.000	2.950
2996.000	2.949
2997.000	2.949
2998.000	2.947
2999.000	2.946
3000.000	2.944
3001.000	2.943
3002.000	2.941
3003.000	2.940
3004.000	2.938
3005.000	2.937
3006.000	2.935
3007.000	2.933
3008.000	2.933
3009.000	2.932
3010.000	2.930
3011.000	2.929
3012.000	2.927
3013.000	2.926
3014.000	2.924
3015.000	2.923
3016.000	2.921
3017.000	2.920
3018.000	2.918
3019.000	2.918
3020.000	2.916
3021.000	2.915
3022.000	2.913
3023.000	2.912
3024.000	2.910
3025.000	2.909
3026.000	2.907
3027.000	2.906
3028.000	2.904
3029.000	2.903
3030.000	2.903
3031.000	2.901
3032.000	2.899
3033.000	2.898
3034.000	2.896
3035.000	2.895
3036.000	2.893
3037.000	2.892
3038.000	2.890
3039.000	2.889
3040.000	2.887
3041.000	2.886
3042.000	2.886
3043.000	2.884
3044.000	2.883
3045.000	2.881
3046.000	2.880
3047.000	2.878
3048.000	2.877
3049.000	2.875
3050.000	2.874
3051.000	2.872
3052.000	2.871
3053.000	2.871
3054.000	2.870
3055.000	2.868
3056.000	2.867
3057.000	2.865
3058.000	2.864
3059.000	2.862
3060.000	2.861
3061.000	2.859
3062.000	2.858
3063.000	2.856
3064.000	2.856
3065.000	2.855
3066.000	2.854
3067.000	2.852
3068.000	2.851
3069.000	2.849
3070.000	2.848
3071.000	2.846
3072.000	2.845
3073.000	2.843
3074.000	2.842
3075.000	2.842
3076.000	2.841
3077.000	2.839
3078.000	2.838
3079.000	2.836
3080.000	2.835
3081.000	2.833
3082.000	2.832
3083.000	2.830
3084.000	2.829
3085.000	2.828
3086.000	2.828
3087.000	2.826
3088.000	2.825
3089.000	2.823
3090.000	2.822
3091.000	2.820
3092.000	2.819
3093.000	2.817
3094.000	2.816
3095.000	2.814
3096.000	2.813
3097.000	2.813
3098.000	2.812
3099.000	2.810
3100.000	2.809
3101.000	2.807
3102.000	2.806
3103.000	2.804
3104.000	2.803
3105.000	2.801
3106.000	2.800
3107.000	2.799
3108.000	2.799
3109.000	2.797
3110.000	2.796
3111.000	2.794
3112.000	2.793
3113.000	2.792
3114.000	2.790
3115.000	2.789
3116.000	2.788
3117.000	2.786
3118.000	2.785
3119.000	2.784
3120.000	2.757
3121.000	2.755
3122.000	2.754
3123.000	2.753
3124.000	2.751
3125.000	2.750
3126.000	2.749
3127.000	2.747
3128.000	2.746
3129.000	2.745
3130.000	2.743
3131.000	2.743
3132.000	2.742
3133.000	2.741
3134.000	2.740
3135.000	2.738
3136.000	2.737
3137.000	2.736
3138.000	2.734
3139.000	2.733
3140.000	2.732
3141.000	2.731
3142.000	2.731
3143.000	2.729
3144.000	2.728
3145.000	2.727
3146.000	2.726
3147.000	2.724
3148.000	2.723
3149.000	2.722
3150.000	2.720
3151.000	2.719
3152.000	2.718
3153.000	2.718
3154.000	2.717
3155.000	2.715
3156.000	2.714
3157.000	2.713
3158.000	2.712
3159.000	2.710
3160.000	2.709
3161.000	2.708
3162.000	2.707
3163.000	2.705
3164.000	2.705
3165.000	2.704
3166.000	2.703
3167.000	2.702
3168.000	2.700
3169.000	2.699
3170.000	2.698
3171.000	2.697
3172.000	2.695
3173.000	2.694
3174.000	2.693
3175.000	2.693
3176.000	2.692
3177.000	2.690
3178.000	2.689
3179.000	2.688
3180.000	2.687
3181.000	2.685
3182.000	2.684
3183.000	2.683
3184.000	2.682
3185.000	2.680
3186.000	2.679
3187.000	2.679
3188.000	2.678
3189.000	2.677
3190.000	2.676
3191.000	2.675
3192.000	2.674
3193.000	2.673
3194.000	2.672
3195.000	2.671
3196.000	2.670
3197.000	2.669
3198.000	2.669
3199.000	2.668
3200.000	2.667
3201.000	2.666
3202.000	2.665
3203.000	2.664
3204.000	2.663
3205.000	2.662
3206.000	2.661
3207.000	2.660
3208.000	2.659
3209.000	2.659
3210.000	2.657
3211.000	2.656
3212.000	2.655
3213.000	2.654
3214.000	2.653
3215.000	2.652
3216.000	2.651
3217.000	2.650
3218.000	2.649
3219.000	2.648
3220.000	2.648
3221.000	2.647
3222.000	2.646
3223.000	2.645
3224.000	2.644
3225.000	2.643
3226.000	2.642
3227.000	2.641
3228.000	2.640
3229.000	2.639
3230.000	2.638
3231.000	2.638
3232.000	2.638
3233.000	2.637
3234.000	2.636
3235.000	2.635
3236.000	2.634
3237.000	2.633
3238.000	2.632
3239.000	2.631
3240.000	2.630
3241.000	2.630
3242.000	2.630
3243.000	2.629
3244.000	2.628
3245.000	2.627
3246.000	2.626
3247.000	2.625
3248.000	2.624
3249.000	2.623
3250.000	2.622
3251.000	2.621
3252.000	2.621
3253.000	2.620
3254.000	2.620
3255.000	2.619
3256.000	2.618
3257.000	2.617
3258.000	2.616
3259.000	2.615
3260.000	2.615
3261.000	2.614
3262.000	2.613
3263.000	2.613
3264.000	2.612
3265.000	2.612
3266.000	2.611
3267.000	2.610
3268.000	2.610
3269.000	2.609
3270.000	2.608
3271.000	2.608
3272.000	2.607
3273.000	2.606
3274.000	2.605
3275.000	2.605
3276.000	2.605
3277.000	2.604
3278.000	2.603
3279.000	2.603
3280.000	2.602
3281.000	2.601
3282.000	2.601
3283.000	2.600
3284.000	2.599
3285.000	2.598
3286.000	2.598
3287.000	2.598
3288.000	2.597
3289.000	2.596
3290.000	2.596
3291.000	2.595
3292.000	2.594
3293.000	2.594
3294.000	2.593
3295.000	2.592
3296.000	2.591
3297.000	2.591
3298.000	2.591
3299.000	2.590
3300.000	2.589
3301.000	2.589
3302.000	2.588
3303.000	2.587
3304.000	2.587
3305.000	2.586
3306.000	2.585
3307.000	2.584
3308.000	2.584
3309.000	2.584
3310.000	2.583
3311.000	2.582
3312.000	2.582
3313.000	2.581
3314.000	2.580
3315.000	2.580
3316.000	2.579
3317.000	2.578
3318.000	2.577
3319.000	2.577
3320.000	2.577
3321.000	2.576
3322.000	2.575
3323.000	2.575
3324.000	2.574
3325.000	2.573
3326.000	2.573
3327.000	2.572
3328.000	2.571
3329.000	2.571
3330.000	2.570
3331.000	2.569
3332.000	2.569
3333.000	2.568
3334.000	2.568
3335.000	2.567
3336.000	2.566
3337.000	2.566
3338.000	2.565
3339.000	2.564
3340.000	2.564
3341.000	2.563
3342.000	2.562
3343.000	2.562
3344.000	2.562
3345.000	2.561
3346.000	2.560
3347.000	2.559
3348.000	2.559
3349.000	2.558
3350.000	2.557
3351.000	2.557
3352.000	2.556
3353.000	2.555
3354.000	2.555
3355.000	2.555
3356.000	2.554
3357.000	2.553
3358.000	2.553
3359.000	2.552
3360.000	2.551
3361.000	2.551
3362.000	2.550
3363.000	2.549
3364.000	2.548
3365.000	2.548
3366.000	2.548
3367.000	2.547
3368.000	2.546
3369.000	2.546
3370.000	2.545
3371.000	2.544
3372.000	2.544
3373.000	2.543
3374.000	2.542
3375.000	2.542
3376.000	2.542
3377.000	2.541
3378.000	2.540
3379.000	2.540
3380.000	2.539
3381.000	2.538
3382.000	2.538
3383.000	2.537
3384.000	2.536
3385.000	2.535
3386.000	2.535
3387.000	2.535
3388.000	2.534
3389.000	2.533
3390.000	2.533
3391.000	2.532
3392.000	2.531
3393.000	2.531
3394.000	2.530
3395.000	2.529
3396.000	2.529
3397.000	2.528
3398.000	2.527
3399.000	2.527
3400.000	2.527
3401.000	2.526
3402.000	2.525
3403.000	2.525
3404.000	2.524
3405.000	2.523
3406.000	2.523
3407.000	2.522
3408.000	2.521
3409.000	2.521
3410.000	2.521
3411.000	2.520
3412.000	2.519
3413.000	2.518
3414.000	2.518
3415.000	2.517
3416.000	2.516
3417.000	2.516
3418.000	2.515
3419.000	2.514
3420.000	2.514
3421.000	2.514
3422.000	2.513
3423.000	2.512
3424.000	2.512
3425.000	2.511
3426.000	2.510
3427.000	2.510
3428.000	2.509
3429.000	2.508
3430.000	2.507
3431.000	2.507
3432.000	2.507
3433.000	2.506
3434.000	2.505
3435.000	2.505
3436.000	2.504
3437.000	2.503
3438.000	2.502
3439.000	2.502
3440.000	2.501
3441.000	2.500
3442.000	2.500
3443.000	2.500
3444.000	2.499
3445.000	2.499
3446.000	2.498
3447.000	2.498
3448.000	2.497
3449.000	2.497
3450.000	2.496
3451.000	2.496
3452.000	2.495
3453.000	2.495
3454.000	2.495
3455.000	2.495
3456.000	2.494
3457.000	2.494
3458.000	2.494
3459.000	2.494
3460.000	2.493
3461.000	2.493
3462.000	2.493
3463.000	2.493
3464.000	2.492
3465.000	2.492
3466.000	2.492
3467.000	2.492
3468.000	2.491
3469.000	2.491
3470.000	2.491
3471.000	2.491
3472.000	2.490
3473.000	2.490
3474.000	2.490
3475.000	2.489
3476.000	2.489
3477.000	2.489
3478.000	2.489
3479.000	2.489
3480.000	2.488
3481.000	2.488
3482.000	2.488
3483.000	2.487
3484.000	2.487
3485.000	2.487
3486.000	2.486
3487.000	2.486
3488.000	2.486
3489.000	2.485
3490.000	2.485
3491.000	2.485
3492.000	2.484
3493.000	2.484
3494.000	2.484
3495.000	2.483
3496.000	2.483
3497.000	2.483
3498.000	2.482
3499.000	2.482
3500.000	2.482
3501.000	2.481
3502.000	2.481
3503.000	2.481
3504.000	2.480
3505.000	2.480
3506.000	2.479
3507.000	2.479
3508.000	2.478
3509.000	2.478
3510.000	2.478
3511.000	2.477
3512.000	2.477
3513.000	2.476
3514.000	2.476
3515.000	2.475
3516.000	2.475
3517.000	2.474
3518.000	2.474
3519.000	2.473
3520.000	2.473
3521.000	2.473
3522.000	2.472
3523.000	2.472
3524.000	2.471
3525.000	2.471
3526.000	2.470
3527.000	2.470
3528.000	2.469
3529.000	2.468
3530.000	2.468
3531.000	2.467
3532.000	2.467
3533.000	2.467
3534.000	2.466
3535.000	2.466
3536.000	2.465
3537.000	2.465
3538.000	2.464
3539.000	2.464
3540.000	2.463
3541.000	2.463
3542.000	2.462
3543.000	2.462
3544.000	2.462
3545.000	2.461
3546.000	2.461
3547.000	2.460
3548.000	2.460
3549.000	2.459
3550.000	2.459
3551.000	2.458
3552.000	2.458
3553.000	2.457
3554.000	2.457
3555.000	2.457
3556.000	2.456
3557.000	2.456
3558.000	2.455
3559.000	2.454
3560.000	2.454
3561.000	2.453
3562.000	2.453
3563.000	2.452
3564.000	2.452
3565.000	2.451
3566.000	2.451
3567.000	2.451
3568.000	2.450
3569.000	2.450
3570.000	2.449
3571.000	2.449
3572.000	2.448
3573.000	2.448
3574.000	2.447
3575.000	2.447
3576.000	2.446
3577.000	2.446
3578.000	2.446
3579.000	2.445
3580.000	2.445
3581.000	2.444
3582.000	2.444
3583.000	2.443
3584.000	2.443
3585.000	2.442
3586.000	2.442
3587.000	2.441
3588.000	2.441
3589.000	2.441
3590.000	2.440
3591.000	2.440
3592.000	2.439
3593.000	2.439
3594.000	2.438
3595.000	2.438
3596.000	2.437
3597.000	2.437
3598.000	2.436
3599.000	2.436
3600.000	2.436
3601.000	2.435
3602.000	2.435
3603.000	2.434
3604.000	2.434
3605.000	2.433
3606.000	2.433
3607.000	2.432
3608.000	2.432
3609.000	2.431
3610.000	2.431
3611.000	2.431
3612.000	2.430
3613.000	2.430
3614.000	2.429
3615.000	2.429
3616.000	2.428
3617.000	2.428
3618.000	2.427
3619.000	2.427
3620.000	2.426
3621.000	2.426
3622.000	2.426
3623.000	2.425
3624.000	2.425
3625.000	2.424
3626.000	2.424
3627.000	2.423
3628.000	2.423
3629.000	2.422
3630.000	2.422
3631.000	2.421
3632.000	2.421
3633.000	2.421
3634.000	2.420
3635.000	2.420
3636.000	2.419
3637.000	2.419
3638.000	2.418
3639.000	2.418
3640.000	2.417
3641.000	2.417
3642.000	2.416
3643.000	2.416
3644.000	2.416
3645.000	2.415
3646.000	2.415
3647.000	2.414
3648.000	2.414
3649.000	2.413
3650.000	2.413
3651.000	2.412
3652.000	2.412
3653.000	2.411
3654.000	2.411
3655.000	2.411
3656.000	2.410
3657.000	2.410
3658.000	2.409
3659.000	2.409
3660.000	2.408
3661.000	2.408
3662.000	2.407
3663.000	2.407
3664.000	2.406
3665.000	2.406
3666.000	2.406
3667.000	2.405
3668.000	2.405
3669.000	2.404
3670.000	2.404
3671.000	2.403
3672.000	2.403
3673.000	2.402
3674.000	2.402
3675.000	2.401
3676.000	2.401
3677.000	2.400
3678.000	2.400
3679.000	2.400
3680.000	2.399
3681.000	2.399
3682.000	2.398
3683.000	2.397
3684.000	2.397
3685.000	2.396
3686.000	2.396
3687.000	2.395
3688.000	2.395
3689.000	2.395
3690.000	2.394
3691.000	2.394
3692.000	2.393
3693.000	2.393
3694.000	2.392
3695.000	2.392
3696.000	2.391
3697.000	2.391
3698.000	2.390
3699.000	2.390
3700.000	2.390
3701.000	2.389
3702.000	2.388
3703.000	2.388
3704.000	2.387
3705.000	2.387
3706.000	2.386
3707.000	2.386
3708.000	2.385
3709.000	2.385
3710.000	2.384
3711.000	2.384
3712.000	2.384
3713.000	2.383
3714.000	2.383
3715.000	2.382
3716.000	2.382
3717.000	2.381
3718.000	2.381
3719.000	2.380
3720.000	2.379
3721.000	2.379
3722.000	2.379
3723.000	2.378
3724.000	2.378
3725.000	2.377
3726.000	2.377
3727.000	2.376
3728.000	2.376
3729.000	2.375
3730.000	2.375
3731.000	2.374
3732.000	2.374
3733.000	2.374
3734.000	2.373
3735.000	2.373
3736.000	2.372
3737.000	2.372
3738.000	2.371
3739.000	2.371
3740.000	2.370
3741.000	2.370
3742.000	2.369
3743.000	2.369
3744.000	2.369
3745.000	2.369
3746.000	2.369
3747.000	2.369
3748.000	2.369
3749.000	2.333
3750.000	2.333
3751.000	2.333
3752.000	2.333
3753.000	2.333
3754.000	2.333
3755.000	2.333
3756.000	2.333
3757.000	2.333
3758.000	2.333
3759.000	2.333
3760.000	2.333
3761.000	2.333
3762.000	2.332
3763.000	2.332
3764.000	2.332
3765.000	2.332
3766.000	2.332
3767.000	2.332
3768.000	2.332
3769.000	2.332
3770.000	2.332
3771.000	2.332
3772.000	2.332
3773.000	2.332
3774.000	2.332
3775.000	2.332
3776.000	2.332
3777.000	2.332
3778.000	2.332
3779.000	2.332
3780.000	2.321
3781.000	2.321
3782.000	2.321
3783.000	2.321
3784.000	2.321
3785.000	2.321
3786.000	2.321
3787.000	2.321
3788.000	2.297
3789.000	2.297
3790.000	2.297
3791.000	2.297
3792.000	2.297
3793.000	2.297
3794.000	2.297
3795.000	2.297
3796.000	2.297
3797.000	2.297
3798.000	2.297
3799.000	2.297
3800.000	2.297
3801.000	2.297
3802.000	2.297
3803.000	2.297
3804.000	2.297
3805.000	2.297
3806.000	2.297
3807.000	2.297
3808.000	2.243
3809.000	2.243
3810.000	2.243
3811.000	2.237
3812.000	2.237
3813.000	2.237
3814.000	2.237
3815.000	2.237
3816.000	2.237
3817.000	2.237
3818.000	2.237
3819.000	2.237
3820.000	2.237
3821.000	2.237
3822.000	2.237
3823.000	2.237
3824.000	2.216
3825.000	2.216
3826.000	2.216
3827.000	2.216
3828.000	2.216
3829.000	2.216
3830.000	2.188
3831.000	2.188
3832.000	2.166
3833.000	2.160
3834.000	2.160
3835.000	2.160
3836.000	2.160
3837.000	2.153
3838.000	2.153
3839.000	2.153
3840.000	2.135
3841.000	2.135
3842.000	2.135
3843.000	2.135
3844.000	2.131
3845.000	2.131
3846.000	2.131
3847.000	2.131
3848.000	2.116
3849.000	2.116
3850.000	2.116
3851.000	2.116
3852.000	2.116
3853.000	2.116
3854.000	2.116
3855.000	2.111
3856.000	2.078
3857.000	2.078
3858.000	2.078
3859.000	2.078
3860.000	2.078
3861.000	2.078
3862.000	2.078
3863.000	2.078
3864.000	2.078
3865.000	2.078
3866.000	2.078
3867.000	2.078
3868.000	2.078
3869.000	2.078
3870.000	2.078
3871.000	2.078
3872.000	2.078
3873.000	2.078
3874.000	2.078
3875.000	2.078
3876.000	2.078
3877.000	2.078
3878.000	2.078
3879.000	2.078
3880.000	2.078
3881.000	2.078
3882.000	2.078
3883.000	2.078
3884.000	2.078
3885.000	2.078
3886.000	2.078
3887.000	2.078
3888.000	2.078
3889.000	2.078
3890.000	2.078
3891.000	2.078
3892.000	2.078
3893.000	2.078
3894.000	2.078
3895.000	2.078
3896.000	2.078
3897.000	2.078
3898.000	2.078
3899.000	2.078
3900.000	2.078
3901.000	2.078
3902.000	2.078
3903.000	2.078
3904.000	2.078
3905.000	2.078
3906.000	2.078
3907.000	2.078
3908.000	2.078
3909.000	2.078
3910.000	2.078
3911.000	2.078
3912.000	2.078
3913.000	2.078
3914.000	2.078
3915.000	2.078
3916.000	2.078
3917.000	2.078
3918.000	2.078
3919.000	2.078
3920.000	2.078
3921.000	2.078
3922.000	2.078
3923.000	2.078
3924.000	2.078
3925.000	2.078
3926.000	2.078
3927.000	2.078
3928.000	2.078
3929.000	2.078
3930.000	2.078
3931.000	2.078
3932.000	2.078
3933.000	2.078
3934.000	2.078
3935.000	2.078
3936.000	2.078
3937.000	2.078
3938.000	2.078
3939.000	2.078
3940.000	2.078
3941.000	2.078
3942.000	2.078
3943.000	2.078
3944.000	2.078
3945.000	2.078
3946.000	2.078
3947.000	2.078
3948.000	2.078
3949.000	2.078
3950.000	2.078
3951.000	2.078
3952.000	2.078
3953.000	2.078
3954.000	2.078
3955.000	2.078
3956.000	2.078
3957.000	2.078
3958.000	2.078
3959.000	2.078
3960.000	2.078
3961.000	2.078
3962.000	2.078
3963.000	2.078
3964.000	2.078
3965.000	2.078
3966.000	2.078
3967.000	2.078
3968.000	2.078
3969.000	2.078
3970.000	2.078
3971.000	2.078
3972.000	2.078
3973.000	2.078
3974.000	2.078
3975.000	2.078
3976.000	2.078
3977.000	2.078
3978.000	2.078
3979.000	2.078
3980.000	2.078
3981.000	2.078
3982.000	2.078
3983.000	2.078
3984.000	2.078
3985.000	2.078
3986.000	2.078
3987.000	2.078
3988.000	2.078
3989.000	2.078
3990.000	2.078
3991.000	2.078
3992.000	2.078
3993.000	2.078
3994.000	2.078
3995.000	2.078
3996.000	2.078
3997.000	2.078
3998.000	2.078
3999.000	2.078
4000.000	2.078
4001.000	2.078
4002.000	2.078
4003.000	2.078
4004.000	2.078
4005.000	2.078
4006.000	2.078
4007.000	2.078
4008.000	2.078
4009.000	2.078
4010.000	2.078
4011.000	2.078
4012.000	2.078
4013.000	2.056
4014.000	2.056
4015.000	2.056
4016.000	2.056
4017.000	2.056
4018.000	2.056
4019.000	2.056
4020.000	2.056
4021.000	2.056
4022.000	2.056
4023.000	2.056
4024.000	2.055
4025.000	2.055
4026.000	2.055
4027.000	2.055
4028.000	2.055
4029.000	2.055
4030.000	2.055
4031.000	2.050
4032.000	2.050
4033.000	2.050
4034.000	2.050
4035.000	2.050
4036.000	2.050
4037.000	2.050
4038.000	2.050
4039.000	2.050
4040.000	2.050
4041.000	2.050
4042.000	2.050
4043.000	2.050
4044.000	2.050
4045.000	2.050
4046.000	2.050
4047.000	2.050
4048.000	2.050
4049.000	2.050
4050.000	2.050
4051.000	2.050
4052.000	2.050
4053.000	2.050
4054.000	2.050
4055.000	2.050
4056.000	2.050
4057.000	2.050
4058.000	2.050
4059.000	2.050
4060.000	2.050
4061.000	2.050
4062.000	2.050
4063.000	2.050
4064.000	2.050
4065.000	2.050
4066.000	2.050
4067.000	2.050
4068.000	2.050
4069.000	2.050
4070.000	2.050
4071.000	2.050
4072.000	2.050
4073.000	2.050
4074.000	2.037
4075.000	2.037
4076.000	2.037
4077.000	2.037
4078.000	2.037
4079.000	2.037
4080.000	2.037
4081.000	2.037
4082.000	2.037
4083.000	2.037
4084.000	2.037
4085.000	2.037
4086.000	2.037
4087.000	2.037
4088.000	2.037
4089.000	2.037
4090.000	2.037
4091.000	2.037
4092.000	2.037
4093.000	2.037
4094.000	2.019
4095.000	2.019
