0.000	20.636
1.000	20.553
2.000	20.487
3.000	19.807
4.000	19.681
5.000	19.615
6.000	19.550
7.000	19.467
8.000	19.402
9.000	19.336
10.000	19.269
11.000	19.203
12.000	19.137
13.000	19.071
14.000	18.981
15.000	18.915
16.000	18.850
17.000	18.792
18.000	18.784
19.000	18.729
20.000	18.675
21.000	18.643
22.000	18.614
23.000	18.587
24.000	18.561
25.000	18.538
26.000	18.516
27.000	18.497
28.000	18.479
29.000	18.472
30.000	18.455
31.000	18.441
32.000	18.428
33.000	18.418
34.000	18.409
35.000	18.402
36.000	18.394
37.000	18.387
38.000	18.379
39.000	18.372
40.000	18.364
41.000	18.357
42.000	18.349
43.000	18.342
44.000	18.334
45.000	18.326
46.000	18.319
47.000	18.311
48.000	18.304
49.000	18.296
50.000	18.289
51.000	18.281
52.000	18.274
53.000	18.266
54.000	18.258
55.000	18.250
56.000	18.242
57.000	18.234
58.000	18.227
59.000	18.219
60.000	18.211
61.000	18.202
62.000	18.195
63.000	18.186
64.000	18.178
65.000	18.170
66.000	18.161
67.000	18.153
68.000	18.144
69.000	18.136
70.000	18.127
71.000	18.119
72.000	18.110
73.000	18.103
74.000	18.094
75.000	18.086
76.000	18.077
77.000	18.068
78.000	18.059
79.000	18.051
80.000	18.042
81.000	18.033
82.000	18.024
83.000	18.014
84.000	18.007
85.000	17.998
86.000	17.988
87.000	17.978
88.000	17.969
89.000	17.959
90.000	17.949
91.000	17.939
92.000	17.929
93.000	17.918
94.000	17.908
95.000	17.898
96.000	17.890
97.000	17.880
98.000	17.870
99.000	17.859
100.000	17.847
101.000	17.836
102.000	17.825
103.000	17.813
104.000	17.801
105.000	17.789
106.000	17.777
107.000	17.745
108.000	17.733
109.000	17.722
110.000	17.709
111.000	17.697
112.000	17.684
113.000	17.671
114.000	17.657
115.000	17.643
116.000	17.629
117.000	17.615
118.000	17.608
119.000	17.593
120.000	17.578
121.000	17.563
122.000	17.547
123.000	17.531
124.000	17.515
125.000	17.498
126.000	17.482
127.000	17.464
128.000	17.446
129.000	17.418
130.000	17.400
131.000	17.381
132.000	17.362
133.000	17.342
134.000	17.321
135.000	17.301
136.000	17.280
137.000	17.259
138.000	17.237
139.000	17.214
140.000	17.207
141.000	17.184
142.000	17.161
143.000	17.137
144.000	17.112
145.000	17.086
146.000	17.060
147.000	17.034
148.000	17.007
149.000	16.979
150.000	16.950
151.000	16.938
152.000	16.909
153.000	16.881
154.000	16.852
155.000	16.820
156.000	16.789
157.000	16.757
158.000	16.726
159.000	16.695
160.000	16.663
161.000	16.631
162.000	16.598
163.000	16.586
164.000	16.554
165.000	16.521
166.000	16.488
167.000	16.455
168.000	16.423
169.000	16.392
170.000	16.361
171.000	16.329
172.000	16.296
173.000	16.261
174.000	16.253
175.000	16.219
176.000	16.185
177.000	16.149
178.000	16.112
179.000	16.075
180.000	16.039
181.000	16.002
182.000	15.964
183.000	15.927
184.000	15.889
185.000	15.882
186.000	15.844
187.000	15.806
188.000	15.768
189.000	15.730
190.000	15.692
191.000	15.654
192.000	15.616
193.000	15.578
194.000	15.540
195.000	15.502
196.000	15.502
197.000	15.462
198.000	15.424
199.000	15.385
200.000	15.348
201.000	15.310
202.000	15.271
203.000	15.233
204.000	15.195
205.000	15.157
206.000	15.120
207.000	15.099
208.000	15.062
209.000	15.024
210.000	14.988
211.000	14.951
212.000	14.914
213.000	14.878
214.000	14.842
215.000	14.805
216.000	14.769
217.000	14.733
218.000	14.653
219.000	14.618
220.000	14.583
221.000	14.549
222.000	14.514
223.000	14.480
224.000	14.445
225.000	14.411
226.000	14.377
227.000	14.343
228.000	14.309
229.000	14.276
230.000	14.226
231.000	14.194
232.000	14.159
233.000	14.125
234.000	14.091
235.000	14.056
236.000	14.020
237.000	13.985
238.000	13.951
239.000	13.917
240.000	13.885
241.000	13.797
242.000	13.764
243.000	13.731
244.000	13.700
245.000	13.669
246.000	13.639
247.000	13.608
248.000	13.576
249.000	13.547
250.000	13.517
251.000	13.489
252.000	13.448
253.000	13.420
254.000	13.392
255.000	13.365
256.000	13.339
257.000	13.314
258.000	13.285
259.000	13.257
260.000	13.229
261.000	13.203
262.000	13.177
263.000	13.176
264.000	13.151
265.000	13.124
266.000	13.099
267.000	13.074
268.000	13.050
269.000	13.024
270.000	12.998
271.000	12.972
272.000	12.945
273.000	12.918
274.000	12.877
275.000	12.851
276.000	12.825
277.000	12.798
278.000	12.772
279.000	12.747
280.000	12.721
281.000	12.695
282.000	12.669
283.000	12.644
284.000	12.618
285.000	12.618
286.000	12.593
287.000	12.568
288.000	12.542
289.000	12.516
290.000	12.490
291.000	12.465
292.000	12.440
293.000	12.414
294.000	12.389
295.000	12.364
296.000	12.364
297.000	12.338
298.000	12.313
299.000	12.288
300.000	12.262
301.000	12.236
302.000	12.211
303.000	12.186
304.000	12.160
305.000	12.134
306.000	12.109
307.000	12.083
308.000	12.080
309.000	12.053
310.000	12.028
311.000	12.002
312.000	11.976
313.000	11.950
314.000	11.924
315.000	11.898
316.000	11.872
317.000	11.846
318.000	11.820
319.000	11.817
320.000	11.790
321.000	11.764
322.000	11.738
323.000	11.711
324.000	11.685
325.000	11.658
326.000	11.632
327.000	11.605
328.000	11.578
329.000	11.552
330.000	11.549
331.000	11.522
332.000	11.495
333.000	11.468
334.000	11.440
335.000	11.413
336.000	11.385
337.000	11.356
338.000	11.328
339.000	11.299
340.000	11.269
341.000	11.210
342.000	11.184
343.000	11.156
344.000	11.129
345.000	11.101
346.000	11.073
347.000	11.044
348.000	11.015
349.000	10.987
350.000	10.959
351.000	10.931
352.000	10.928
353.000	10.898
354.000	10.869
355.000	10.842
356.000	10.814
357.000	10.785
358.000	10.758
359.000	10.731
360.000	10.705
361.000	10.678
362.000	10.652
363.000	10.617
364.000	10.591
365.000	10.565
366.000	10.539
367.000	10.513
368.000	10.486
369.000	10.460
370.000	10.435
371.000	10.409
372.000	10.384
373.000	10.359
374.000	10.334
375.000	10.311
376.000	10.286
377.000	10.262
378.000	10.238
379.000	10.215
380.000	10.191
381.000	10.166
382.000	10.141
383.000	10.116
384.000	10.092
385.000	10.068
386.000	10.060
387.000	10.036
388.000	10.011
389.000	9.988
390.000	9.964
391.000	9.941
392.000	9.917
393.000	9.893
394.000	9.869
395.000	9.846
396.000	9.822
397.000	9.819
398.000	9.795
399.000	9.772
400.000	9.748
401.000	9.725
402.000	9.702
403.000	9.679
404.000	9.655
405.000	9.632
406.000	9.610
407.000	9.587
408.000	9.535
409.000	9.512
410.000	9.489
411.000	9.467
412.000	9.445
413.000	9.422
414.000	9.400
415.000	9.377
416.000	9.355
417.000	9.333
418.000	9.311
419.000	9.308
420.000	9.287
421.000	9.265
422.000	9.244
423.000	9.222
424.000	9.201
425.000	9.179
426.000	9.158
427.000	9.137
428.000	9.116
429.000	9.095
430.000	9.027
431.000	9.006
432.000	8.986
433.000	8.965
434.000	8.944
435.000	8.923
436.000	8.902
437.000	8.882
438.000	8.862
439.000	8.842
440.000	8.821
441.000	8.801
442.000	8.722
443.000	8.703
444.000	8.683
445.000	8.663
446.000	8.644
447.000	8.625
448.000	8.605
449.000	8.586
450.000	8.567
451.000	8.547
452.000	8.528
453.000	8.501
454.000	8.481
455.000	8.463
456.000	8.444
457.000	8.426
458.000	8.407
459.000	8.389
460.000	8.372
461.000	8.354
462.000	8.335
463.000	8.317
464.000	8.280
465.000	8.262
466.000	8.244
467.000	8.226
468.000	8.208
469.000	8.190
470.000	8.171
471.000	8.154
472.000	8.136
473.000	8.118
474.000	8.101
475.000	8.074
476.000	8.057
477.000	8.039
478.000	8.021
479.000	8.003
480.000	7.985
481.000	7.968
482.000	7.950
483.000	7.932
484.000	7.914
485.000	7.896
486.000	7.894
487.000	7.876
488.000	7.858
489.000	7.841
490.000	7.825
491.000	7.808
492.000	7.792
493.000	7.775
494.000	7.758
495.000	7.741
496.000	7.724
497.000	7.687
498.000	7.670
499.000	7.653
500.000	7.637
501.000	7.620
502.000	7.604
503.000	7.588
504.000	7.572
505.000	7.556
506.000	7.541
507.000	7.526
508.000	7.520
509.000	7.504
510.000	7.488
511.000	7.473
512.000	7.458
513.000	7.443
514.000	7.428
515.000	7.413
516.000	7.399
517.000	7.384
518.000	7.370
519.000	7.355
520.000	7.353
521.000	7.338
522.000	7.324
523.000	7.310
524.000	7.296
525.000	7.282
526.000	7.268
527.000	7.254
528.000	7.240
529.000	7.227
530.000	7.213
531.000	7.211
532.000	7.198
533.000	7.184
534.000	7.170
535.000	7.157
536.000	7.144
537.000	7.131
538.000	7.118
539.000	7.105
540.000	7.092
541.000	7.079
542.000	7.077
543.000	7.064
544.000	7.052
545.000	7.040
546.000	7.028
547.000	7.016
548.000	7.004
549.000	6.992
550.000	6.981
551.000	6.969
552.000	6.958
553.000	6.953
554.000	6.941
555.000	6.930
556.000	6.919
557.000	6.907
558.000	6.896
559.000	6.885
560.000	6.874
561.000	6.863
562.000	6.852
563.000	6.842
564.000	6.837
565.000	6.827
566.000	6.816
567.000	6.806
568.000	6.795
569.000	6.785
570.000	6.775
571.000	6.765
572.000	6.755
573.000	6.745
574.000	6.735
575.000	6.733
576.000	6.723
577.000	6.714
578.000	6.704
579.000	6.694
580.000	6.685
581.000	6.676
582.000	6.667
583.000	6.657
584.000	6.648
585.000	6.639
586.000	6.631
587.000	6.594
588.000	6.585
589.000	6.577
590.000	6.568
591.000	6.559
592.000	6.550
593.000	6.541
594.000	6.532
595.000	6.524
596.000	6.515
597.000	6.507
598.000	6.503
599.000	6.494
600.000	6.486
601.000	6.478
602.000	6.470
603.000	6.462
604.000	6.454
605.000	6.446
606.000	6.438
607.000	6.431
608.000	6.423
609.000	6.421
610.000	6.413
611.000	6.406
612.000	6.398
613.000	6.391
614.000	6.384
615.000	6.377
616.000	6.370
617.000	6.363
618.000	6.356
619.000	6.349
620.000	6.313
621.000	6.306
622.000	6.300
623.000	6.294
624.000	6.288
625.000	6.281
626.000	6.274
627.000	6.268
628.000	6.261
629.000	6.254
630.000	6.248
631.000	6.246
632.000	6.239
633.000	6.233
634.000	6.226
635.000	6.220
636.000	6.213
637.000	6.207
638.000	6.200
639.000	6.193
640.000	6.186
641.000	6.180
642.000	6.178
643.000	6.171
644.000	6.165
645.000	6.159
646.000	6.153
647.000	6.147
648.000	6.140
649.000	6.134
650.000	6.128
651.000	6.123
652.000	6.117
653.000	6.111
654.000	6.109
655.000	6.103
656.000	6.098
657.000	6.092
658.000	6.086
659.000	6.080
660.000	6.074
661.000	6.068
662.000	6.062
663.000	6.057
664.000	6.051
665.000	6.049
666.000	6.043
667.000	6.037
668.000	6.031
669.000	6.026
670.000	6.020
671.000	6.015
672.000	6.009
673.000	6.004
674.000	5.998
675.000	5.993
676.000	5.993
677.000	5.988
678.000	5.982
679.000	5.977
680.000	5.972
681.000	5.967
682.000	5.962
683.000	5.957
684.000	5.952
685.000	5.947
686.000	5.942
687.000	5.942
688.000	5.937
689.000	5.932
690.000	5.926
691.000	5.921
692.000	5.916
693.000	5.912
694.000	5.907
695.000	5.902
696.000	5.897
697.000	5.891
698.000	5.891
699.000	5.886
700.000	5.881
701.000	5.876
702.000	5.871
703.000	5.866
704.000	5.861
705.000	5.856
706.000	5.851
707.000	5.846
708.000	5.841
709.000	5.841
710.000	5.836
711.000	5.831
712.000	5.825
713.000	5.820
714.000	5.815
715.000	5.809
716.000	5.804
717.000	5.799
718.000	5.794
719.000	5.789
720.000	5.789
721.000	5.784
722.000	5.779
723.000	5.774
724.000	5.769
725.000	5.764
726.000	5.758
727.000	5.753
728.000	5.748
729.000	5.743
730.000	5.737
731.000	5.732
732.000	5.680
733.000	5.674
734.000	5.669
735.000	5.664
736.000	5.659
737.000	5.653
738.000	5.648
739.000	5.643
740.000	5.638
741.000	5.633
742.000	5.629
743.000	5.628
744.000	5.624
745.000	5.619
746.000	5.614
747.000	5.610
748.000	5.605
749.000	5.600
750.000	5.596
751.000	5.591
752.000	5.586
753.000	5.580
754.000	5.580
755.000	5.575
756.000	5.570
757.000	5.565
758.000	5.560
759.000	5.554
760.000	5.549
761.000	5.544
762.000	5.539
763.000	5.533
764.000	5.528
765.000	5.528
766.000	5.523
767.000	5.518
768.000	5.512
769.000	5.507
770.000	5.502
771.000	5.497
772.000	5.491
773.000	5.486
774.000	5.481
775.000	5.475
776.000	5.450
777.000	5.445
778.000	5.439
779.000	5.434
780.000	5.428
781.000	5.423
782.000	5.418
783.000	5.413
784.000	5.409
785.000	5.404
786.000	5.399
787.000	5.399
788.000	5.394
789.000	5.388
790.000	5.383
791.000	5.378
792.000	5.373
793.000	5.368
794.000	5.363
795.000	5.359
796.000	5.354
797.000	5.349
798.000	5.345
799.000	5.345
800.000	5.340
801.000	5.335
802.000	5.330
803.000	5.325
804.000	5.320
805.000	5.316
806.000	5.311
807.000	5.306
808.000	5.301
809.000	5.296
810.000	5.295
811.000	5.290
812.000	5.285
813.000	5.280
814.000	5.275
815.000	5.270
816.000	5.265
817.000	5.260
818.000	5.255
819.000	5.250
820.000	5.245
821.000	5.245
822.000	5.240
823.000	5.236
824.000	5.231
825.000	5.227
826.000	5.223
827.000	5.218
828.000	5.214
829.000	5.209
830.000	5.205
831.000	5.200
832.000	5.118
833.000	5.113
834.000	5.108
835.000	5.104
836.000	5.099
837.000	5.095
838.000	5.091
839.000	5.086
840.000	5.082
841.000	5.077
842.000	5.073
843.000	5.072
844.000	5.068
845.000	5.063
846.000	5.059
847.000	5.054
848.000	5.049
849.000	5.045
850.000	5.040
851.000	5.035
852.000	5.031
853.000	5.026
854.000	5.026
855.000	5.021
856.000	5.017
857.000	5.012
858.000	5.008
859.000	5.003
860.000	4.999
861.000	4.994
862.000	4.990
863.000	4.985
864.000	4.981
865.000	4.977
866.000	4.977
867.000	4.972
868.000	4.968
869.000	4.964
870.000	4.960
871.000	4.956
872.000	4.952
873.000	4.947
874.000	4.943
875.000	4.939
876.000	4.935
877.000	4.935
878.000	4.931
879.000	4.926
880.000	4.922
881.000	4.918
882.000	4.914
883.000	4.909
884.000	4.905
885.000	4.901
886.000	4.897
887.000	4.893
888.000	4.893
889.000	4.889
890.000	4.885
891.000	4.881
892.000	4.877
893.000	4.872
894.000	4.868
895.000	4.864
896.000	4.860
897.000	4.856
898.000	4.852
899.000	4.852
900.000	4.848
901.000	4.844
902.000	4.840
903.000	4.836
904.000	4.832
905.000	4.828
906.000	4.824
907.000	4.820
908.000	4.816
909.000	4.812
910.000	4.812
911.000	4.808
912.000	4.804
913.000	4.800
914.000	4.796
915.000	4.792
916.000	4.788
917.000	4.784
918.000	4.780
919.000	4.776
920.000	4.772
921.000	4.772
922.000	4.768
923.000	4.764
924.000	4.760
925.000	4.756
926.000	4.751
927.000	4.747
928.000	4.743
929.000	4.739
930.000	4.735
931.000	4.731
932.000	4.727
933.000	4.727
934.000	4.723
935.000	4.720
936.000	4.716
937.000	4.712
938.000	4.709
939.000	4.705
940.000	4.702
941.000	4.698
942.000	4.695
943.000	4.691
944.000	4.691
945.000	4.687
946.000	4.683
947.000	4.680
948.000	4.676
949.000	4.672
950.000	4.668
951.000	4.665
952.000	4.661
953.000	4.657
954.000	4.653
955.000	4.653
956.000	4.649
957.000	4.646
958.000	4.642
959.000	4.638
960.000	4.635
961.000	4.631
962.000	4.627
963.000	4.624
964.000	4.620
965.000	4.616
966.000	4.584
967.000	4.581
968.000	4.577
969.000	4.574
970.000	4.570
971.000	4.567
972.000	4.563
973.000	4.560
974.000	4.556
975.000	4.553
976.000	4.550
977.000	4.549
978.000	4.546
979.000	4.543
980.000	4.539
981.000	4.536
982.000	4.533
983.000	4.530
984.000	4.527
985.000	4.523
986.000	4.520
987.000	4.517
988.000	4.517
989.000	4.513
990.000	4.510
991.000	4.506
992.000	4.503
993.000	4.500
994.000	4.496
995.000	4.493
996.000	4.490
997.000	4.487
998.000	4.483
999.000	4.464
1000.000	4.460
1001.000	4.457
1002.000	4.453
1003.000	4.450
1004.000	4.447
1005.000	4.443
1006.000	4.440
1007.000	4.437
1008.000	4.434
1009.000	4.430
1010.000	4.427
1011.000	4.427
1012.000	4.423
1013.000	4.420
1014.000	4.416
1015.000	4.413
1016.000	4.409
1017.000	4.406
1018.000	4.403
1019.000	4.399
1020.000	4.396
1021.000	4.392
1022.000	4.392
1023.000	4.389
1024.000	4.385
1025.000	4.382
1026.000	4.378
1027.000	4.375
1028.000	4.372
1029.000	4.369
1030.000	4.365
1031.000	4.362
1032.000	4.358
1033.000	4.358
1034.000	4.355
1035.000	4.352
1036.000	4.348
1037.000	4.345
1038.000	4.341
1039.000	4.338
1040.000	4.335
1041.000	4.332
1042.000	4.329
1043.000	4.325
1044.000	4.325
1045.000	4.322
1046.000	4.319
1047.000	4.316
1048.000	4.313
1049.000	4.310
1050.000	4.306
1051.000	4.303
1052.000	4.300
1053.000	4.297
1054.000	4.294
1055.000	4.294
1056.000	4.291
1057.000	4.287
1058.000	4.284
1059.000	4.281
1060.000	4.278
1061.000	4.274
1062.000	4.271
1063.000	4.268
1064.000	4.264
1065.000	4.261
1066.000	4.261
1067.000	4.258
1068.000	4.254
1069.000	4.251
1070.000	4.248
1071.000	4.244
1072.000	4.241
1073.000	4.237
1074.000	4.234
1075.000	4.230
1076.000	4.227
1077.000	4.224
1078.000	4.223
1079.000	4.220
1080.000	4.217
1081.000	4.213
1082.000	4.210
1083.000	4.207
1084.000	4.204
1085.000	4.200
1086.000	4.197
1087.000	4.194
1088.000	4.191
1089.000	4.158
1090.000	4.155
1091.000	4.152
1092.000	4.149
1093.000	4.146
1094.000	4.142
1095.000	4.139
1096.000	4.136
1097.000	4.133
1098.000	4.130
1099.000	4.127
1100.000	4.106
1101.000	4.103
1102.000	4.100
1103.000	4.097
1104.000	4.094
1105.000	4.091
1106.000	4.088
1107.000	4.085
1108.000	4.082
1109.000	4.079
1110.000	4.076
1111.000	4.076
1112.000	4.073
1113.000	4.069
1114.000	4.066
1115.000	4.063
1116.000	4.060
1117.000	4.057
1118.000	4.054
1119.000	4.051
1120.000	4.047
1121.000	4.044
1122.000	4.044
1123.000	4.041
1124.000	4.038
1125.000	4.034
1126.000	4.031
1127.000	4.028
1128.000	4.024
1129.000	4.021
1130.000	4.018
1131.000	4.015
1132.000	4.011
1133.000	4.011
1134.000	4.008
1135.000	4.005
1136.000	4.002
1137.000	3.999
1138.000	3.995
1139.000	3.992
1140.000	3.989
1141.000	3.986
1142.000	3.983
1143.000	3.980
1144.000	3.977
1145.000	3.977
1146.000	3.974
1147.000	3.971
1148.000	3.968
1149.000	3.965
1150.000	3.962
1151.000	3.959
1152.000	3.956
1153.000	3.953
1154.000	3.950
1155.000	3.947
1156.000	3.946
1157.000	3.943
1158.000	3.940
1159.000	3.937
1160.000	3.934
1161.000	3.931
1162.000	3.928
1163.000	3.925
1164.000	3.922
1165.000	3.919
1166.000	3.916
1167.000	3.916
1168.000	3.913
1169.000	3.910
1170.000	3.907
1171.000	3.905
1172.000	3.902
1173.000	3.899
1174.000	3.896
1175.000	3.893
1176.000	3.890
1177.000	3.887
1178.000	3.887
1179.000	3.884
1180.000	3.881
1181.000	3.878
1182.000	3.875
1183.000	3.873
1184.000	3.870
1185.000	3.867
1186.000	3.865
1187.000	3.862
1188.000	3.859
1189.000	3.859
1190.000	3.856
1191.000	3.854
1192.000	3.851
1193.000	3.848
1194.000	3.845
1195.000	3.842
1196.000	3.839
1197.000	3.836
1198.000	3.833
1199.000	3.831
1200.000	3.830
1201.000	3.827
1202.000	3.824
1203.000	3.821
1204.000	3.818
1205.000	3.815
1206.000	3.812
1207.000	3.809
1208.000	3.806
1209.000	3.803
1210.000	3.800
1211.000	3.800
1212.000	3.797
1213.000	3.794
1214.000	3.791
1215.000	3.788
1216.000	3.785
1217.000	3.783
1218.000	3.780
1219.000	3.777
1220.000	3.774
1221.000	3.772
1222.000	3.769
1223.000	3.769
1224.000	3.766
1225.000	3.763
1226.000	3.760
1227.000	3.758
1228.000	3.755
1229.000	3.752
1230.000	3.749
1231.000	3.746
1232.000	3.744
1233.000	3.741
1234.000	3.741
1235.000	3.738
1236.000	3.735
1237.000	3.732
1238.000	3.730
1239.000	3.727
1240.000	3.724
1241.000	3.722
1242.000	3.719
1243.000	3.717
1244.000	3.714
1245.000	3.714
1246.000	3.711
1247.000	3.709
1248.000	3.706
1249.000	3.704
1250.000	3.701
1251.000	3.699
1252.000	3.696
1253.000	3.693
1254.000	3.690
1255.000	3.688
1256.000	3.688
1257.000	3.685
1258.000	3.682
1259.000	3.679
1260.000	3.676
1261.000	3.674
1262.000	3.671
1263.000	3.668
1264.000	3.665
1265.000	3.662
1266.000	3.659
1267.000	3.659
1268.000	3.656
1269.000	3.653
1270.000	3.650
1271.000	3.647
1272.000	3.644
1273.000	3.641
1274.000	3.638
1275.000	3.636
1276.000	3.633
1277.000	3.630
1278.000	3.630
1279.000	3.627
1280.000	3.624
1281.000	3.621
1282.000	3.618
1283.000	3.616
1284.000	3.613
1285.000	3.610
1286.000	3.607
1287.000	3.605
1288.000	3.602
1289.000	3.599
1290.000	3.599
1291.000	3.596
1292.000	3.594
1293.000	3.591
1294.000	3.588
1295.000	3.585
1296.000	3.583
1297.000	3.580
1298.000	3.578
1299.000	3.575
1300.000	3.572
1301.000	3.572
1302.000	3.570
1303.000	3.567
1304.000	3.565
1305.000	3.562
1306.000	3.560
1307.000	3.558
1308.000	3.555
1309.000	3.553
1310.000	3.550
1311.000	3.548
1312.000	3.548
1313.000	3.546
1314.000	3.543
1315.000	3.541
1316.000	3.539
1317.000	3.537
1318.000	3.534
1319.000	3.532
1320.000	3.530
1321.000	3.528
1322.000	3.526
1323.000	3.526
1324.000	3.524
1325.000	3.521
1326.000	3.519
1327.000	3.517
1328.000	3.515
1329.000	3.513
1330.000	3.511
1331.000	3.509
1332.000	3.507
1333.000	3.504
1334.000	3.504
1335.000	3.502
1336.000	3.500
1337.000	3.498
1338.000	3.496
1339.000	3.494
1340.000	3.492
1341.000	3.489
1342.000	3.487
1343.000	3.485
1344.000	3.483
1345.000	3.483
1346.000	3.481
1347.000	3.479
1348.000	3.477
1349.000	3.475
1350.000	3.473
1351.000	3.471
1352.000	3.469
1353.000	3.468
1354.000	3.466
1355.000	3.464
1356.000	3.462
1357.000	3.462
1358.000	3.460
1359.000	3.458
1360.000	3.456
1361.000	3.454
1362.000	3.452
1363.000	3.451
1364.000	3.449
1365.000	3.447
1366.000	3.445
1367.000	3.444
1368.000	3.444
1369.000	3.442
1370.000	3.440
1371.000	3.439
1372.000	3.437
1373.000	3.435
1374.000	3.434
1375.000	3.432
1376.000	3.430
1377.000	3.429
1378.000	3.427
1379.000	3.427
1380.000	3.426
1381.000	3.424
1382.000	3.423
1383.000	3.422
1384.000	3.420
1385.000	3.419
1386.000	3.417
1387.000	3.416
1388.000	3.415
1389.000	3.413
1390.000	3.413
1391.000	3.412
1392.000	3.411
1393.000	3.409
1394.000	3.408
1395.000	3.406
1396.000	3.405
1397.000	3.404
1398.000	3.402
1399.000	3.401
1400.000	3.400
1401.000	3.399
1402.000	3.398
1403.000	3.397
1404.000	3.395
1405.000	3.394
1406.000	3.393
1407.000	3.391
1408.000	3.390
1409.000	3.389
1410.000	3.387
1411.000	3.386
1412.000	3.386
1413.000	3.384
1414.000	3.383
1415.000	3.382
1416.000	3.381
1417.000	3.380
1418.000	3.378
1419.000	3.377
1420.000	3.376
1421.000	3.375
1422.000	3.373
1423.000	3.373
1424.000	3.372
1425.000	3.371
1426.000	3.370
1427.000	3.368
1428.000	3.367
1429.000	3.366
1430.000	3.365
1431.000	3.364
1432.000	3.363
1433.000	3.361
1434.000	3.360
1435.000	3.360
1436.000	3.359
1437.000	3.358
1438.000	3.357
1439.000	3.356
1440.000	3.354
1441.000	3.353
1442.000	3.352
1443.000	3.351
1444.000	3.350
1445.000	3.349
1446.000	3.348
1447.000	3.347
1448.000	3.346
1449.000	3.345
1450.000	3.344
1451.000	3.343
1452.000	3.341
1453.000	3.340
1454.000	3.339
1455.000	3.338
1456.000	3.337
1457.000	3.337
1458.000	3.336
1459.000	3.334
1460.000	3.333
1461.000	3.333
1462.000	3.332
1463.000	3.331
1464.000	3.330
1465.000	3.329
1466.000	3.328
1467.000	3.327
1468.000	3.327
1469.000	3.326
1470.000	3.325
1471.000	3.324
1472.000	3.323
1473.000	3.322
1474.000	3.321
1475.000	3.321
1476.000	3.320
1477.000	3.319
1478.000	3.318
1479.000	3.318
1480.000	3.317
1481.000	3.316
1482.000	3.316
1483.000	3.315
1484.000	3.314
1485.000	3.313
1486.000	3.312
1487.000	3.311
1488.000	3.311
1489.000	3.310
1490.000	3.310
1491.000	3.309
1492.000	3.308
1493.000	3.307
1494.000	3.306
1495.000	3.306
1496.000	3.305
1497.000	3.304
1498.000	3.303
1499.000	3.302
1500.000	3.302
1501.000	3.301
1502.000	3.301
1503.000	3.300
1504.000	3.299
1505.000	3.298
1506.000	3.297
1507.000	3.296
1508.000	3.295
1509.000	3.294
1510.000	3.292
1511.000	3.291
1512.000	3.290
1513.000	3.290
1514.000	3.289
1515.000	3.288
1516.000	3.287
1517.000	3.285
1518.000	3.284
1519.000	3.283
1520.000	3.282
1521.000	3.281
1522.000	3.280
1523.000	3.279
1524.000	3.279
1525.000	3.277
1526.000	3.276
1527.000	3.275
1528.000	3.274
1529.000	3.273
1530.000	3.272
1531.000	3.271
1532.000	3.270
1533.000	3.269
1534.000	3.268
1535.000	3.268
1536.000	3.267
1537.000	3.266
1538.000	3.265
1539.000	3.264
1540.000	3.264
1541.000	3.262
1542.000	3.261
1543.000	3.260
1544.000	3.259
1545.000	3.258
1546.000	3.258
1547.000	3.257
1548.000	3.256
1549.000	3.255
1550.000	3.253
1551.000	3.252
1552.000	3.251
1553.000	3.250
1554.000	3.249
1555.000	3.248
1556.000	3.247
1557.000	3.247
1558.000	3.246
1559.000	3.244
1560.000	3.243
1561.000	3.241
1562.000	3.240
1563.000	3.238
1564.000	3.237
1565.000	3.235
1566.000	3.234
1567.000	3.232
1568.000	3.231
1569.000	3.230
1570.000	3.229
1571.000	3.227
1572.000	3.226
1573.000	3.224
1574.000	3.223
1575.000	3.221
1576.000	3.220
1577.000	3.218
1578.000	3.217
1579.000	3.215
1580.000	3.215
1581.000	3.214
1582.000	3.212
1583.000	3.211
1584.000	3.209
1585.000	3.208
1586.000	3.206
1587.000	3.205
1588.000	3.204
1589.000	3.202
1590.000	3.201
1591.000	3.200
1592.000	3.199
1593.000	3.198
1594.000	3.196
1595.000	3.195
1596.000	3.193
1597.000	3.192
1598.000	3.190
1599.000	3.189
1600.000	3.187
1601.000	3.186
1602.000	3.186
1603.000	3.184
1604.000	3.183
1605.000	3.181
1606.000	3.180
1607.000	3.178
1608.000	3.177
1609.000	3.175
1610.000	3.174
1611.000	3.172
1612.000	3.171
1613.000	3.171
1614.000	3.169
1615.000	3.168
1616.000	3.166
1617.000	3.165
1618.000	3.164
1619.000	3.162
1620.000	3.161
1621.000	3.159
1622.000	3.158
1623.000	3.156
1624.000	3.156
1625.000	3.155
1626.000	3.153
1627.000	3.152
1628.000	3.150
1629.000	3.149
1630.000	3.147
1631.000	3.146
1632.000	3.145
1633.000	3.143
1634.000	3.142
1635.000	3.140
1636.000	3.140
1637.000	3.139
1638.000	3.137
1639.000	3.136
1640.000	3.134
1641.000	3.133
1642.000	3.131
1643.000	3.130
1644.000	3.129
1645.000	3.127
1646.000	3.126
1647.000	3.126
1648.000	3.124
1649.000	3.123
1650.000	3.121
1651.000	3.120
1652.000	3.118
1653.000	3.117
1654.000	3.116
1655.000	3.114
1656.000	3.113
1657.000	3.111
1658.000	3.082
1659.000	3.080
1660.000	3.079
1661.000	3.078
1662.000	3.076
1663.000	3.075
1664.000	3.073
1665.000	3.072
1666.000	3.070
1667.000	3.069
1668.000	3.068
1669.000	3.067
1670.000	3.066
1671.000	3.065
1672.000	3.063
1673.000	3.062
1674.000	3.060
1675.000	3.059
1676.000	3.058
1677.000	3.056
1678.000	3.055
1679.000	3.053
1680.000	3.053
1681.000	3.052
1682.000	3.050
1683.000	3.049
1684.000	3.048
1685.000	3.046
1686.000	3.045
1687.000	3.043
1688.000	3.042
1689.000	3.041
1690.000	3.039
1691.000	3.039
1692.000	3.038
1693.000	3.036
1694.000	3.035
1695.000	3.033
1696.000	3.032
1697.000	3.031
1698.000	3.029
1699.000	3.028
1700.000	3.026
1701.000	3.025
1702.000	3.025
1703.000	3.024
1704.000	3.022
1705.000	3.021
1706.000	3.019
1707.000	3.018
1708.000	3.017
1709.000	3.015
1710.000	3.014
1711.000	3.012
1712.000	3.011
1713.000	3.010
1714.000	3.010
1715.000	3.008
1716.000	3.007
1717.000	3.005
1718.000	3.004
1719.000	3.003
1720.000	3.001
1721.000	3.000
1722.000	2.998
1723.000	2.997
1724.000	2.996
1725.000	2.996
1726.000	2.994
1727.000	2.993
1728.000	2.991
1729.000	2.990
1730.000	2.989
1731.000	2.987
1732.000	2.986
1733.000	2.985
1734.000	2.983
1735.000	2.982
1736.000	2.982
1737.000	2.980
1738.000	2.979
1739.000	2.978
1740.000	2.976
1741.000	2.975
1742.000	2.973
1743.000	2.972
1744.000	2.971
1745.000	2.969
1746.000	2.968
1747.000	2.968
1748.000	2.967
1749.000	2.965
1750.000	2.964
1751.000	2.962
1752.000	2.961
1753.000	2.960
1754.000	2.958
1755.000	2.957
1756.000	2.956
1757.000	2.954
1758.000	2.954
1759.000	2.953
1760.000	2.951
1761.000	2.950
1762.000	2.949
1763.000	2.947
1764.000	2.946
1765.000	2.945
1766.000	2.943
1767.000	2.942
1768.000	2.941
1769.000	2.941
1770.000	2.939
1771.000	2.938
1772.000	2.936
1773.000	2.935
1774.000	2.934
1775.000	2.932
1776.000	2.931
1777.000	2.930
1778.000	2.928
1779.000	2.927
1780.000	2.926
1781.000	2.926
1782.000	2.924
1783.000	2.923
1784.000	2.922
1785.000	2.920
1786.000	2.919
1787.000	2.918
1788.000	2.916
1789.000	2.915
1790.000	2.914
1791.000	2.912
1792.000	2.912
1793.000	2.911
1794.000	2.909
1795.000	2.908
1796.000	2.907
1797.000	2.905
1798.000	2.904
1799.000	2.903
1800.000	2.901
1801.000	2.900
1802.000	2.899
1803.000	2.899
1804.000	2.897
1805.000	2.896
1806.000	2.895
1807.000	2.893
1808.000	2.892
1809.000	2.891
1810.000	2.889
1811.000	2.888
1812.000	2.887
1813.000	2.885
1814.000	2.885
1815.000	2.884
1816.000	2.883
1817.000	2.881
1818.000	2.880
1819.000	2.879
1820.000	2.877
1821.000	2.876
1822.000	2.875
1823.000	2.873
1824.000	2.872
1825.000	2.872
1826.000	2.871
1827.000	2.869
1828.000	2.868
1829.000	2.867
1830.000	2.865
1831.000	2.864
1832.000	2.863
1833.000	2.862
1834.000	2.861
1835.000	2.860
1836.000	2.859
1837.000	2.858
1838.000	2.857
1839.000	2.855
1840.000	2.854
1841.000	2.853
1842.000	2.851
1843.000	2.850
1844.000	2.848
1845.000	2.847
1846.000	2.845
1847.000	2.843
1848.000	2.843
1849.000	2.841
1850.000	2.840
1851.000	2.838
1852.000	2.836
1853.000	2.834
1854.000	2.832
1855.000	2.831
1856.000	2.829
1857.000	2.827
1858.000	2.825
1859.000	2.825
1860.000	2.823
1861.000	2.821
1862.000	2.819
1863.000	2.818
1864.000	2.816
1865.000	2.814
1866.000	2.812
1867.000	2.810
1868.000	2.808
1869.000	2.807
1870.000	2.806
1871.000	2.805
1872.000	2.803
1873.000	2.801
1874.000	2.799
1875.000	2.797
1876.000	2.796
1877.000	2.794
1878.000	2.793
1879.000	2.791
1880.000	2.790
1881.000	2.790
1882.000	2.788
1883.000	2.787
1884.000	2.786
1885.000	2.784
1886.000	2.783
1887.000	2.781
1888.000	2.780
1889.000	2.778
1890.000	2.777
1891.000	2.776
1892.000	2.775
1893.000	2.774
1894.000	2.773
1895.000	2.771
1896.000	2.770
1897.000	2.769
1898.000	2.768
1899.000	2.767
1900.000	2.766
1901.000	2.765
1902.000	2.764
1903.000	2.763
1904.000	2.762
1905.000	2.761
1906.000	2.760
1907.000	2.759
1908.000	2.758
1909.000	2.757
1910.000	2.756
1911.000	2.755
1912.000	2.753
1913.000	2.752
1914.000	2.752
1915.000	2.751
1916.000	2.750
1917.000	2.748
1918.000	2.747
1919.000	2.746
1920.000	2.745
1921.000	2.743
1922.000	2.742
1923.000	2.741
1924.000	2.740
1925.000	2.739
1926.000	2.738
1927.000	2.737
1928.000	2.736
1929.000	2.735
1930.000	2.734
1931.000	2.732
1932.000	2.731
1933.000	2.730
1934.000	2.729
1935.000	2.728
1936.000	2.726
1937.000	2.726
1938.000	2.725
1939.000	2.724
1940.000	2.723
1941.000	2.721
1942.000	2.720
1943.000	2.719
1944.000	2.718
1945.000	2.717
1946.000	2.715
1947.000	2.714
1948.000	2.714
1949.000	2.713
1950.000	2.712
1951.000	2.710
1952.000	2.709
1953.000	2.708
1954.000	2.707
1955.000	2.706
1956.000	2.704
1957.000	2.703
1958.000	2.702
1959.000	2.702
1960.000	2.701
1961.000	2.699
1962.000	2.698
1963.000	2.697
1964.000	2.696
1965.000	2.695
1966.000	2.693
1967.000	2.692
1968.000	2.691
1969.000	2.689
1970.000	2.689
1971.000	2.688
1972.000	2.687
1973.000	2.685
1974.000	2.684
1975.000	2.683
1976.000	2.681
1977.000	2.680
1978.000	2.679
1979.000	2.677
1980.000	2.676
1981.000	2.676
1982.000	2.674
1983.000	2.673
1984.000	2.672
1985.000	2.670
1986.000	2.669
1987.000	2.668
1988.000	2.666
1989.000	2.665
1990.000	2.664
1991.000	2.662
1992.000	2.661
1993.000	2.661
1994.000	2.660
1995.000	2.658
1996.000	2.657
1997.000	2.656
1998.000	2.654
1999.000	2.653
2000.000	2.652
2001.000	2.650
2002.000	2.649
2003.000	2.648
2004.000	2.648
2005.000	2.646
2006.000	2.645
2007.000	2.644
2008.000	2.642
2009.000	2.641
2010.000	2.640
2011.000	2.638
2012.000	2.637
2013.000	2.636
2014.000	2.634
2015.000	2.634
2016.000	2.633
2017.000	2.632
2018.000	2.630
2019.000	2.629
2020.000	2.628
2021.000	2.626
2022.000	2.625
2023.000	2.624
2024.000	2.623
2025.000	2.621
2026.000	2.621
2027.000	2.620
2028.000	2.619
2029.000	2.617
2030.000	2.616
2031.000	2.615
2032.000	2.613
2033.000	2.612
2034.000	2.611
2035.000	2.610
2036.000	2.608
2037.000	2.608
2038.000	2.607
2039.000	2.606
2040.000	2.604
2041.000	2.603
2042.000	2.602
2043.000	2.600
2044.000	2.599
2045.000	2.597
2046.000	2.596
2047.000	2.595
2048.000	2.595
2049.000	2.593
2050.000	2.592
2051.000	2.590
2052.000	2.589
2053.000	2.588
2054.000	2.586
2055.000	2.585
2056.000	2.583
2057.000	2.582
2058.000	2.581
2059.000	2.579
2060.000	2.579
2061.000	2.578
2062.000	2.577
2063.000	2.575
2064.000	2.574
2065.000	2.572
2066.000	2.571
2067.000	2.570
2068.000	2.568
2069.000	2.567
2070.000	2.565
2071.000	2.565
2072.000	2.564
2073.000	2.563
2074.000	2.561
2075.000	2.560
2076.000	2.559
2077.000	2.557
2078.000	2.556
2079.000	2.554
2080.000	2.553
2081.000	2.552
2082.000	2.552
2083.000	2.550
2084.000	2.549
2085.000	2.547
2086.000	2.546
2087.000	2.545
2088.000	2.543
2089.000	2.542
2090.000	2.540
2091.000	2.539
2092.000	2.538
2093.000	2.538
2094.000	2.536
2095.000	2.535
2096.000	2.533
2097.000	2.532
2098.000	2.530
2099.000	2.529
2100.000	2.527
2101.000	2.526
2102.000	2.524
2103.000	2.523
2104.000	2.523
2105.000	2.521
2106.000	2.520
2107.000	2.518
2108.000	2.517
2109.000	2.515
2110.000	2.514
2111.000	2.512
2112.000	2.511
2113.000	2.509
2114.000	2.507
2115.000	2.507
2116.000	2.506
2117.000	2.504
2118.000	2.503
2119.000	2.501
2120.000	2.500
2121.000	2.498
2122.000	2.497
2123.000	2.495
2124.000	2.494
2125.000	2.492
2126.000	2.492
2127.000	2.490
2128.000	2.489
2129.000	2.487
2130.000	2.486
2131.000	2.484
2132.000	2.483
2133.000	2.481
2134.000	2.480
2135.000	2.478
2136.000	2.477
2137.000	2.475
2138.000	2.475
2139.000	2.473
2140.000	2.472
2141.000	2.470
2142.000	2.469
2143.000	2.467
2144.000	2.466
2145.000	2.464
2146.000	2.463
2147.000	2.461
2148.000	2.460
2149.000	2.460
2150.000	2.458
2151.000	2.457
2152.000	2.455
2153.000	2.454
2154.000	2.452
2155.000	2.451
2156.000	2.449
2157.000	2.447
2158.000	2.446
2159.000	2.444
2160.000	2.444
2161.000	2.443
2162.000	2.441
2163.000	2.440
2164.000	2.438
2165.000	2.437
2166.000	2.435
2167.000	2.434
2168.000	2.432
2169.000	2.431
2170.000	2.429
2171.000	2.429
2172.000	2.428
2173.000	2.426
2174.000	2.425
2175.000	2.423
2176.000	2.422
2177.000	2.420
2178.000	2.418
2179.000	2.417
2180.000	2.415
2181.000	2.414
2182.000	2.414
2183.000	2.412
2184.000	2.411
2185.000	2.409
2186.000	2.408
2187.000	2.406
2188.000	2.404
2189.000	2.403
2190.000	2.401
2191.000	2.400
2192.000	2.398
2193.000	2.398
2194.000	2.397
2195.000	2.395
2196.000	2.394
2197.000	2.392
2198.000	2.391
2199.000	2.389
2200.000	2.387
2201.000	2.386
2202.000	2.384
2203.000	2.383
2204.000	2.381
2205.000	2.381
2206.000	2.379
2207.000	2.378
2208.000	2.376
2209.000	2.375
2210.000	2.373
2211.000	2.372
2212.000	2.370
2213.000	2.368
2214.000	2.367
2215.000	2.365
2216.000	2.365
2217.000	2.364
2218.000	2.362
2219.000	2.361
2220.000	2.359
2221.000	2.357
2222.000	2.356
2223.000	2.354
2224.000	2.353
2225.000	2.351
2226.000	2.350
2227.000	2.350
2228.000	2.348
2229.000	2.347
2230.000	2.346
2231.000	2.345
2232.000	2.344
2233.000	2.342
2234.000	2.341
2235.000	2.340
2236.000	2.339
2237.000	2.338
2238.000	2.338
2239.000	2.337
2240.000	2.336
2241.000	2.335
2242.000	2.334
2243.000	2.333
2244.000	2.332
2245.000	2.331
2246.000	2.330
2247.000	2.329
2248.000	2.329
2249.000	2.329
2250.000	2.328
2251.000	2.327
2252.000	2.326
2253.000	2.325
2254.000	2.325
2255.000	2.324
2256.000	2.323
2257.000	2.322
2258.000	2.322
2259.000	2.321
2260.000	2.321
2261.000	2.320
2262.000	2.320
2263.000	2.319
2264.000	2.318
2265.000	2.317
2266.000	2.317
2267.000	2.316
2268.000	2.315
2269.000	2.315
2270.000	2.314
2271.000	2.313
2272.000	2.313
2273.000	2.312
2274.000	2.312
2275.000	2.311
2276.000	2.310
2277.000	2.309
2278.000	2.309
2279.000	2.308
2280.000	2.307
2281.000	2.307
2282.000	2.306
2283.000	2.306
2284.000	2.305
2285.000	2.304
2286.000	2.304
2287.000	2.303
2288.000	2.302
2289.000	2.302
2290.000	2.301
2291.000	2.300
2292.000	2.299
2293.000	2.299
2294.000	2.290
2295.000	2.289
2296.000	2.289
2297.000	2.288
2298.000	2.287
2299.000	2.287
2300.000	2.286
2301.000	2.285
2302.000	2.284
2303.000	2.284
2304.000	2.283
2305.000	2.283
2306.000	2.282
2307.000	2.282
2308.000	2.281
2309.000	2.280
2310.000	2.279
2311.000	2.279
2312.000	2.278
2313.000	2.277
2314.000	2.277
2315.000	2.276
2316.000	2.276
2317.000	2.275
2318.000	2.275
2319.000	2.274
2320.000	2.274
2321.000	2.273
2322.000	2.273
2323.000	2.272
2324.000	2.271
2325.000	2.271
2326.000	2.270
2327.000	2.270
2328.000	2.270
2329.000	2.269
2330.000	2.269
2331.000	2.268
2332.000	2.268
2333.000	2.267
2334.000	2.267
2335.000	2.266
2336.000	2.266
2337.000	2.265
2338.000	2.265
2339.000	2.265
2340.000	2.264
2341.000	2.264
2342.000	2.263
2343.000	2.263
2344.000	2.262
2345.000	2.261
2346.000	2.261
2347.000	2.260
2348.000	2.260
2349.000	2.259
2350.000	2.259
2351.000	2.259
2352.000	2.258
2353.000	2.258
2354.000	2.257
2355.000	2.257
2356.000	2.256
2357.000	2.256
2358.000	2.255
2359.000	2.254
2360.000	2.254
2361.000	2.254
2362.000	2.253
2363.000	2.252
2364.000	2.252
2365.000	2.251
2366.000	2.250
2367.000	2.250
2368.000	2.249
2369.000	2.248
2370.000	2.248
2371.000	2.247
2372.000	2.247
2373.000	2.246
2374.000	2.246
2375.000	2.245
2376.000	2.244
2377.000	2.244
2378.000	2.243
2379.000	2.242
2380.000	2.242
2381.000	2.241
2382.000	2.240
2383.000	2.240
2384.000	2.240
2385.000	2.239
2386.000	2.238
2387.000	2.238
2388.000	2.237
2389.000	2.236
2390.000	2.236
2391.000	2.235
2392.000	2.235
2393.000	2.234
2394.000	2.234
2395.000	2.234
2396.000	2.233
2397.000	2.233
2398.000	2.232
2399.000	2.232
2400.000	2.231
2401.000	2.230
2402.000	2.230
2403.000	2.229
2404.000	2.229
2405.000	2.229
2406.000	2.228
2407.000	2.228
2408.000	2.227
2409.000	2.226
2410.000	2.226
2411.000	2.225
2412.000	2.225
2413.000	2.224
2414.000	2.223
2415.000	2.223
2416.000	2.222
2417.000	2.222
2418.000	2.222
2419.000	2.221
2420.000	2.220
2421.000	2.220
2422.000	2.219
2423.000	2.219
2424.000	2.218
2425.000	2.217
2426.000	2.216
2427.000	2.216
2428.000	2.216
2429.000	2.215
2430.000	2.214
2431.000	2.214
2432.000	2.213
2433.000	2.212
2434.000	2.211
2435.000	2.211
2436.000	2.210
2437.000	2.209
2438.000	2.209
2439.000	2.209
2440.000	2.208
2441.000	2.207
2442.000	2.207
2443.000	2.206
2444.000	2.205
2445.000	2.204
2446.000	2.204
2447.000	2.203
2448.000	2.202
2449.000	2.202
2450.000	2.202
2451.000	2.201
2452.000	2.200
2453.000	2.200
2454.000	2.199
2455.000	2.198
2456.000	2.197
2457.000	2.197
2458.000	2.196
2459.000	2.195
2460.000	2.195
2461.000	2.195
2462.000	2.194
2463.000	2.193
2464.000	2.193
2465.000	2.192
2466.000	2.191
2467.000	2.190
2468.000	2.190
2469.000	2.189
2470.000	2.188
2471.000	2.188
2472.000	2.188
2473.000	2.187
2474.000	2.186
2475.000	2.186
2476.000	2.185
2477.000	2.184
2478.000	2.184
2479.000	2.183
2480.000	2.182
2481.000	2.182
2482.000	2.181
2483.000	2.181
2484.000	2.181
2485.000	2.180
2486.000	2.179
2487.000	2.179
2488.000	2.178
2489.000	2.178
2490.000	2.177
2491.000	2.176
2492.000	2.176
2493.000	2.175
2494.000	2.175
2495.000	2.175
2496.000	2.174
2497.000	2.173
2498.000	2.173
2499.000	2.172
2500.000	2.172
2501.000	2.171
2502.000	2.170
2503.000	2.170
2504.000	2.169
2505.000	2.169
2506.000	2.169
2507.000	2.168
2508.000	2.167
2509.000	2.167
2510.000	2.166
2511.000	2.166
2512.000	2.165
2513.000	2.164
2514.000	2.164
2515.000	2.163
2516.000	2.163
2517.000	2.163
2518.000	2.162
2519.000	2.161
2520.000	2.161
2521.000	2.160
2522.000	2.160
2523.000	2.159
2524.000	2.158
2525.000	2.158
2526.000	2.157
2527.000	2.157
2528.000	2.157
2529.000	2.156
2530.000	2.155
2531.000	2.155
2532.000	2.154
2533.000	2.154
2534.000	2.153
2535.000	2.153
2536.000	2.152
2537.000	2.152
2538.000	2.151
2539.000	2.151
2540.000	2.151
2541.000	2.150
2542.000	2.150
2543.000	2.149
2544.000	2.149
2545.000	2.148
2546.000	2.148
2547.000	2.147
2548.000	2.147
2549.000	2.146
2550.000	2.146
2551.000	2.146
2552.000	2.145
2553.000	2.145
2554.000	2.144
2555.000	2.144
2556.000	2.143
2557.000	2.143
2558.000	2.143
2559.000	2.142
2560.000	2.142
2561.000	2.141
2562.000	2.141
2563.000	2.141
2564.000	2.140
2565.000	2.140
2566.000	2.140
2567.000	2.139
2568.000	2.139
2569.000	2.138
2570.000	2.138
2571.000	2.138
2572.000	2.137
2573.000	2.137
2574.000	2.137
2575.000	2.136
2576.000	2.136
2577.000	2.135
2578.000	2.135
2579.000	2.135
2580.000	2.134
2581.000	2.134
2582.000	2.133
2583.000	2.133
2584.000	2.133
2585.000	2.133
2586.000	2.132
2587.000	2.132
2588.000	2.131
2589.000	2.131
2590.000	2.131
2591.000	2.130
2592.000	2.130
2593.000	2.129
2594.000	2.129
2595.000	2.129
2596.000	2.128
2597.000	2.128
2598.000	2.128
2599.000	2.127
2600.000	2.127
2601.000	2.126
2602.000	2.126
2603.000	2.126
2604.000	2.125
2605.000	2.125
2606.000	2.125
2607.000	2.124
2608.000	2.124
2609.000	2.124
2610.000	2.123
2611.000	2.123
2612.000	2.122
2613.000	2.122
2614.000	2.122
2615.000	2.121
2616.000	2.121
2617.000	2.121
2618.000	2.120
2619.000	2.120
2620.000	2.120
2621.000	2.119
2622.000	2.119
2623.000	2.118
2624.000	2.118
2625.000	2.118
2626.000	2.117
2627.000	2.117
2628.000	2.116
2629.000	2.116
2630.000	2.116
2631.000	2.116
2632.000	2.115
2633.000	2.115
2634.000	2.115
2635.000	2.114
2636.000	2.114
2637.000	2.113
2638.000	2.113
2639.000	2.113
2640.000	2.113
2641.000	2.112
2642.000	2.112
2643.000	2.112
2644.000	2.111
2645.000	2.111
2646.000	2.110
2647.000	2.110
2648.000	2.110
2649.000	2.109
2650.000	2.109
2651.000	2.109
2652.000	2.109
2653.000	2.108
2654.000	2.108
2655.000	2.108
2656.000	2.107
2657.000	2.107
2658.000	2.107
2659.000	2.106
2660.000	2.106
2661.000	2.106
2662.000	2.106
2663.000	2.105
2664.000	2.105
2665.000	2.105
2666.000	2.104
2667.000	2.104
2668.000	2.104
2669.000	2.103
2670.000	2.103
2671.000	2.103
2672.000	2.102
2673.000	2.102
2674.000	2.102
2675.000	2.102
2676.000	2.101
2677.000	2.101
2678.000	2.101
2679.000	2.100
2680.000	2.100
2681.000	2.100
2682.000	2.100
2683.000	2.099
2684.000	2.099
2685.000	2.099
2686.000	2.099
2687.000	2.098
2688.000	2.098
2689.000	2.098
2690.000	2.097
2691.000	2.097
2692.000	2.097
2693.000	2.096
2694.000	2.096
2695.000	2.096
2696.000	2.096
2697.000	2.096
2698.000	2.095
2699.000	2.095
2700.000	2.095
2701.000	2.094
2702.000	2.094
2703.000	2.094
2704.000	2.093
2705.000	2.093
2706.000	2.093
2707.000	2.093
2708.000	2.092
2709.000	2.092
2710.000	2.092
2711.000	2.091
2712.000	2.091
2713.000	2.091
2714.000	2.091
2715.000	2.090
2716.000	2.090
2717.000	2.090
2718.000	2.090
2719.000	2.089
2720.000	2.089
2721.000	2.089
2722.000	2.088
2723.000	2.088
2724.000	2.088
2725.000	2.087
2726.000	2.087
2727.000	2.087
2728.000	2.087
2729.000	2.087
2730.000	2.086
2731.000	2.086
2732.000	2.086
2733.000	2.085
2734.000	2.085
2735.000	2.085
2736.000	2.084
2737.000	2.084
2738.000	2.084
2739.000	2.084
2740.000	2.084
2741.000	2.083
2742.000	2.083
2743.000	2.083
2744.000	2.082
2745.000	2.082
2746.000	2.082
2747.000	2.081
2748.000	2.081
2749.000	2.081
2750.000	2.080
2751.000	2.080
2752.000	2.080
2753.000	2.080
2754.000	2.080
2755.000	2.079
2756.000	2.079
2757.000	2.079
2758.000	2.078
2759.000	2.078
2760.000	2.078
2761.000	2.077
2762.000	2.077
2763.000	2.077
2764.000	2.077
2765.000	2.077
2766.000	2.076
2767.000	2.076
2768.000	2.076
2769.000	2.075
2770.000	2.075
2771.000	2.075
2772.000	2.074
2773.000	2.074
2774.000	2.074
2775.000	2.074
2776.000	2.073
2777.000	2.073
2778.000	2.073
2779.000	2.073
2780.000	2.072
2781.000	2.072
2782.000	2.072
2783.000	2.071
2784.000	2.071
2785.000	2.071
2786.000	2.071
2787.000	2.070
2788.000	2.070
2789.000	2.070
2790.000	2.069
2791.000	2.069
2792.000	2.068
2793.000	2.068
2794.000	2.068
2795.000	2.067
2796.000	2.067
2797.000	2.067
2798.000	2.067
2799.000	2.066
2800.000	2.066
2801.000	2.066
2802.000	2.065
2803.000	2.065
2804.000	2.064
2805.000	2.064
2806.000	2.064
2807.000	2.064
2808.000	2.063
2809.000	2.063
2810.000	2.063
2811.000	2.062
2812.000	2.062
2813.000	2.061
2814.000	2.061
2815.000	2.061
2816.000	2.060
2817.000	2.060
2818.000	2.060
2819.000	2.060
2820.000	2.059
2821.000	2.059
2822.000	2.058
2823.000	2.058
2824.000	2.057
2825.000	2.057
2826.000	2.056
2827.000	2.056
2828.000	2.055
2829.000	2.055
2830.000	2.055
2831.000	2.054
2832.000	2.054
2833.000	2.053
2834.000	2.053
2835.000	2.052
2836.000	2.052
2837.000	2.051
2838.000	2.051
2839.000	2.050
2840.000	2.050
2841.000	2.050
2842.000	2.049
2843.000	2.049
2844.000	2.048
2845.000	2.048
2846.000	2.047
2847.000	2.047
2848.000	2.046
2849.000	2.045
2850.000	2.045
2851.000	2.044
2852.000	2.044
2853.000	2.044
2854.000	2.043
2855.000	2.043
2856.000	2.042
2857.000	2.042
2858.000	2.041
2859.000	2.041
2860.000	2.040
2861.000	2.039
2862.000	2.039
2863.000	2.039
2864.000	2.038
2865.000	2.038
2866.000	2.037
2867.000	2.037
2868.000	2.036
2869.000	2.036
2870.000	2.035
2871.000	2.035
2872.000	2.034
2873.000	2.034
2874.000	2.034
2875.000	2.033
2876.000	2.033
2877.000	2.032
2878.000	2.032
2879.000	2.031
2880.000	2.031
2881.000	2.030
2882.000	2.030
2883.000	2.029
2884.000	2.029
2885.000	2.029
2886.000	2.028
2887.000	2.028
2888.000	2.027
2889.000	2.027
2890.000	2.026
2891.000	2.026
2892.000	2.025
2893.000	2.025
2894.000	2.024
2895.000	2.024
2896.000	2.024
2897.000	2.023
2898.000	2.023
2899.000	2.022
2900.000	2.022
2901.000	2.021
2902.000	2.021
2903.000	2.020
2904.000	2.020
2905.000	2.019
2906.000	2.019
2907.000	2.018
2908.000	2.018
2909.000	2.017
2910.000	2.017
2911.000	2.016
2912.000	2.016
2913.000	2.015
2914.000	2.015
2915.000	2.014
2916.000	2.014
2917.000	2.013
2918.000	2.013
2919.000	2.013
2920.000	2.012
2921.000	2.012
2922.000	2.011
2923.000	2.010
2924.000	2.010
2925.000	2.009
2926.000	2.009
2927.000	2.008
2928.000	2.008
2929.000	2.007
2930.000	2.007
2931.000	2.007
2932.000	2.006
2933.000	2.006
2934.000	2.005
2935.000	2.005
2936.000	2.004
2937.000	2.004
2938.000	2.003
2939.000	2.003
2940.000	2.002
2941.000	2.002
2942.000	2.002
2943.000	2.001
2944.000	2.001
2945.000	2.000
2946.000	2.000
2947.000	2.000
2948.000	1.999
2949.000	1.999
2950.000	1.998
2951.000	1.998
2952.000	1.998
2953.000	1.997
2954.000	1.997
2955.000	1.996
2956.000	1.996
2957.000	1.995
2958.000	1.995
2959.000	1.994
2960.000	1.994
2961.000	1.994
2962.000	1.993
2963.000	1.993
2964.000	1.993
2965.000	1.992
2966.000	1.992
2967.000	1.991
2968.000	1.991
2969.000	1.990
2970.000	1.990
2971.000	1.989
2972.000	1.989
2973.000	1.989
2974.000	1.988
2975.000	1.988
2976.000	1.988
2977.000	1.987
2978.000	1.987
2979.000	1.986
2980.000	1.986
2981.000	1.985
2982.000	1.985
2983.000	1.984
2984.000	1.984
2985.000	1.983
2986.000	1.983
2987.000	1.983
2988.000	1.983
2989.000	1.982
2990.000	1.982
2991.000	1.981
2992.000	1.981
2993.000	1.980
2994.000	1.980
2995.000	1.979
2996.000	1.979
2997.000	1.979
2998.000	1.978
2999.000	1.978
3000.000	1.978
3001.000	1.977
3002.000	1.977
3003.000	1.976
3004.000	1.976
3005.000	1.975
3006.000	1.975
3007.000	1.974
3008.000	1.974
3009.000	1.974
3010.000	1.974
3011.000	1.973
3012.000	1.973
3013.000	1.972
3014.000	1.972
3015.000	1.971
3016.000	1.971
3017.000	1.970
3018.000	1.970
3019.000	1.970
3020.000	1.970
3021.000	1.969
3022.000	1.969
3023.000	1.968
3024.000	1.968
3025.000	1.967
3026.000	1.967
3027.000	1.966
3028.000	1.966
3029.000	1.966
3030.000	1.966
3031.000	1.965
3032.000	1.965
3033.000	1.964
3034.000	1.964
3035.000	1.963
3036.000	1.963
3037.000	1.962
3038.000	1.962
3039.000	1.962
3040.000	1.961
3041.000	1.961
3042.000	1.961
3043.000	1.960
3044.000	1.960
3045.000	1.959
3046.000	1.959
3047.000	1.958
3048.000	1.958
3049.000	1.958
3050.000	1.957
3051.000	1.957
3052.000	1.956
3053.000	1.956
3054.000	1.956
3055.000	1.955
3056.000	1.955
3057.000	1.954
3058.000	1.954
3059.000	1.954
3060.000	1.953
3061.000	1.953
3062.000	1.952
3063.000	1.952
3064.000	1.952
3065.000	1.951
3066.000	1.951
3067.000	1.951
3068.000	1.950
3069.000	1.950
3070.000	1.949
3071.000	1.949
3072.000	1.948
3073.000	1.948
3074.000	1.947
3075.000	1.947
3076.000	1.947
3077.000	1.947
3078.000	1.946
3079.000	1.946
3080.000	1.945
3081.000	1.945
3082.000	1.944
3083.000	1.944
3084.000	1.943
3085.000	1.943
3086.000	1.912
3087.000	1.912
3088.000	1.911
3089.000	1.911
3090.000	1.911
3091.000	1.910
3092.000	1.910
3093.000	1.909
3094.000	1.909
3095.000	1.908
3096.000	1.908
3097.000	1.908
3098.000	1.907
3099.000	1.907
3100.000	1.906
3101.000	1.906
3102.000	1.905
3103.000	1.905
3104.000	1.904
3105.000	1.904
3106.000	1.903
3107.000	1.903
3108.000	1.903
3109.000	1.902
3110.000	1.902
3111.000	1.901
3112.000	1.901
3113.000	1.900
3114.000	1.900
3115.000	1.899
3116.000	1.898
3117.000	1.898
3118.000	1.897
3119.000	1.897
3120.000	1.897
3121.000	1.896
3122.000	1.896
3123.000	1.895
3124.000	1.895
3125.000	1.894
3126.000	1.894
3127.000	1.893
3128.000	1.893
3129.000	1.892
3130.000	1.892
3131.000	1.892
3132.000	1.891
3133.000	1.891
3134.000	1.890
3135.000	1.890
3136.000	1.889
3137.000	1.889
3138.000	1.888
3139.000	1.888
3140.000	1.887
3141.000	1.886
3142.000	1.886
3143.000	1.886
3144.000	1.885
3145.000	1.885
3146.000	1.884
3147.000	1.884
3148.000	1.883
3149.000	1.883
3150.000	1.882
3151.000	1.882
3152.000	1.881
3153.000	1.881
3154.000	1.881
3155.000	1.880
3156.000	1.880
3157.000	1.879
3158.000	1.879
3159.000	1.878
3160.000	1.878
3161.000	1.877
3162.000	1.877
3163.000	1.876
3164.000	1.876
3165.000	1.876
3166.000	1.875
3167.000	1.875
3168.000	1.874
3169.000	1.874
3170.000	1.873
3171.000	1.873
3172.000	1.872
3173.000	1.871
3174.000	1.871
3175.000	1.871
3176.000	1.870
3177.000	1.870
3178.000	1.869
3179.000	1.869
3180.000	1.868
3181.000	1.868
3182.000	1.867
3183.000	1.867
3184.000	1.866
3185.000	1.866
3186.000	1.865
3187.000	1.865
3188.000	1.865
3189.000	1.864
3190.000	1.864
3191.000	1.863
3192.000	1.863
3193.000	1.862
3194.000	1.862
3195.000	1.861
3196.000	1.861
3197.000	1.860
3198.000	1.860
3199.000	1.860
3200.000	1.859
3201.000	1.859
3202.000	1.858
3203.000	1.858
3204.000	1.857
3205.000	1.857
3206.000	1.856
3207.000	1.856
3208.000	1.855
3209.000	1.855
3210.000	1.855
3211.000	1.854
3212.000	1.854
3213.000	1.853
3214.000	1.853
3215.000	1.852
3216.000	1.852
3217.000	1.851
3218.000	1.851
3219.000	1.850
3220.000	1.850
3221.000	1.850
3222.000	1.849
3223.000	1.849
3224.000	1.848
3225.000	1.848
3226.000	1.847
3227.000	1.846
3228.000	1.846
3229.000	1.845
3230.000	1.845
3231.000	1.845
3232.000	1.844
3233.000	1.844
3234.000	1.843
3235.000	1.843
3236.000	1.842
3237.000	1.842
3238.000	1.841
3239.000	1.841
3240.000	1.840
3241.000	1.840
3242.000	1.840
3243.000	1.839
3244.000	1.839
3245.000	1.838
3246.000	1.838
3247.000	1.837
3248.000	1.837
3249.000	1.836
3250.000	1.836
3251.000	1.835
3252.000	1.835
3253.000	1.834
3254.000	1.834
3255.000	1.834
3256.000	1.833
3257.000	1.833
3258.000	1.832
3259.000	1.832
3260.000	1.831
3261.000	1.831
3262.000	1.830
3263.000	1.830
3264.000	1.829
3265.000	1.829
3266.000	1.829
3267.000	1.828
3268.000	1.828
3269.000	1.827
3270.000	1.827
3271.000	1.826
3272.000	1.826
3273.000	1.825
3274.000	1.825
3275.000	1.824
3276.000	1.824
3277.000	1.824
3278.000	1.823
3279.000	1.823
3280.000	1.822
3281.000	1.822
3282.000	1.821
3283.000	1.821
3284.000	1.820
3285.000	1.820
3286.000	1.819
3287.000	1.819
3288.000	1.819
3289.000	1.818
3290.000	1.818
3291.000	1.817
3292.000	1.817
3293.000	1.816
3294.000	1.816
3295.000	1.815
3296.000	1.815
3297.000	1.814
3298.000	1.814
3299.000	1.814
3300.000	1.813
3301.000	1.813
3302.000	1.812
3303.000	1.812
3304.000	1.811
3305.000	1.811
3306.000	1.810
3307.000	1.810
3308.000	1.809
3309.000	1.809
3310.000	1.809
3311.000	1.809
3312.000	1.808
3313.000	1.808
3314.000	1.807
3315.000	1.807
3316.000	1.806
3317.000	1.806
3318.000	1.805
3319.000	1.805
3320.000	1.805
3321.000	1.804
3322.000	1.804
3323.000	1.803
3324.000	1.803
3325.000	1.802
3326.000	1.802
3327.000	1.801
3328.000	1.801
3329.000	1.800
3330.000	1.800
3331.000	1.799
3332.000	1.799
3333.000	1.799
3334.000	1.798
3335.000	1.798
3336.000	1.797
3337.000	1.797
3338.000	1.796
3339.000	1.796
3340.000	1.795
3341.000	1.795
3342.000	1.794
3343.000	1.794
3344.000	1.794
3345.000	1.793
3346.000	1.793
3347.000	1.792
3348.000	1.792
3349.000	1.791
3350.000	1.791
3351.000	1.790
3352.000	1.790
3353.000	1.789
3354.000	1.789
3355.000	1.789
3356.000	1.788
3357.000	1.788
3358.000	1.787
3359.000	1.787
3360.000	1.786
3361.000	1.786
3362.000	1.786
3363.000	1.785
3364.000	1.785
3365.000	1.785
3366.000	1.784
3367.000	1.784
3368.000	1.783
3369.000	1.783
3370.000	1.782
3371.000	1.782
3372.000	1.781
3373.000	1.781
3374.000	1.781
3375.000	1.780
3376.000	1.780
3377.000	1.780
3378.000	1.779
3379.000	1.779
3380.000	1.778
3381.000	1.778
3382.000	1.778
3383.000	1.777
3384.000	1.777
3385.000	1.776
3386.000	1.776
3387.000	1.776
3388.000	1.775
3389.000	1.775
3390.000	1.775
3391.000	1.774
3392.000	1.774
3393.000	1.773
3394.000	1.773
3395.000	1.772
3396.000	1.772
3397.000	1.772
3398.000	1.771
3399.000	1.771
3400.000	1.771
3401.000	1.770
3402.000	1.770
3403.000	1.770
3404.000	1.769
3405.000	1.769
3406.000	1.768
3407.000	1.768
3408.000	1.768
3409.000	1.767
3410.000	1.767
3411.000	1.767
3412.000	1.767
3413.000	1.766
3414.000	1.766
3415.000	1.766
3416.000	1.765
3417.000	1.765
3418.000	1.765
3419.000	1.764
3420.000	1.764
3421.000	1.764
3422.000	1.764
3423.000	1.763
3424.000	1.763
3425.000	1.763
3426.000	1.762
3427.000	1.762
3428.000	1.762
3429.000	1.761
3430.000	1.761
3431.000	1.761
3432.000	1.761
3433.000	1.761
3434.000	1.760
3435.000	1.760
3436.000	1.760
3437.000	1.759
3438.000	1.759
3439.000	1.759
3440.000	1.758
3441.000	1.758
3442.000	1.758
3443.000	1.758
3444.000	1.758
3445.000	1.757
3446.000	1.757
3447.000	1.757
3448.000	1.756
3449.000	1.756
3450.000	1.756
3451.000	1.756
3452.000	1.755
3453.000	1.755
3454.000	1.755
3455.000	1.755
3456.000	1.754
3457.000	1.754
3458.000	1.754
3459.000	1.754
3460.000	1.753
3461.000	1.753
3462.000	1.753
3463.000	1.753
3464.000	1.752
3465.000	1.752
3466.000	1.752
3467.000	1.752
3468.000	1.752
3469.000	1.751
3470.000	1.751
3471.000	1.751
3472.000	1.750
3473.000	1.750
3474.000	1.750
3475.000	1.750
3476.000	1.749
3477.000	1.749
3478.000	1.749
3479.000	1.749
3480.000	1.748
3481.000	1.748
3482.000	1.748
3483.000	1.747
3484.000	1.747
3485.000	1.747
3486.000	1.746
3487.000	1.746
3488.000	1.746
3489.000	1.746
3490.000	1.745
3491.000	1.745
3492.000	1.745
3493.000	1.744
3494.000	1.744
3495.000	1.744
3496.000	1.743
3497.000	1.743
3498.000	1.743
3499.000	1.743
3500.000	1.742
3501.000	1.742
3502.000	1.742
3503.000	1.741
3504.000	1.741
3505.000	1.741
3506.000	1.740
3507.000	1.740
3508.000	1.740
3509.000	1.739
3510.000	1.739
3511.000	1.739
3512.000	1.739
3513.000	1.738
3514.000	1.738
3515.000	1.738
3516.000	1.737
3517.000	1.737
3518.000	1.737
3519.000	1.736
3520.000	1.736
3521.000	1.736
3522.000	1.736
3523.000	1.735
3524.000	1.735
3525.000	1.735
3526.000	1.734
3527.000	1.734
3528.000	1.734
3529.000	1.733
3530.000	1.733
3531.000	1.733
3532.000	1.733
3533.000	1.732
3534.000	1.732
3535.000	1.732
3536.000	1.731
3537.000	1.731
3538.000	1.731
3539.000	1.730
3540.000	1.730
3541.000	1.730
3542.000	1.729
3543.000	1.729
3544.000	1.729
3545.000	1.729
3546.000	1.728
3547.000	1.728
3548.000	1.728
3549.000	1.727
3550.000	1.727
3551.000	1.727
3552.000	1.726
3553.000	1.726
3554.000	1.726
3555.000	1.726
3556.000	1.725
3557.000	1.725
3558.000	1.725
3559.000	1.724
3560.000	1.724
3561.000	1.724
3562.000	1.723
3563.000	1.723
3564.000	1.723
3565.000	1.722
3566.000	1.722
3567.000	1.722
3568.000	1.722
3569.000	1.721
3570.000	1.721
3571.000	1.721
3572.000	1.720
3573.000	1.720
3574.000	1.720
3575.000	1.719
3576.000	1.719
3577.000	1.719
3578.000	1.719
3579.000	1.718
3580.000	1.718
3581.000	1.718
3582.000	1.717
3583.000	1.717
3584.000	1.717
3585.000	1.716
3586.000	1.716
3587.000	1.716
3588.000	1.716
3589.000	1.715
3590.000	1.715
3591.000	1.715
3592.000	1.714
3593.000	1.714
3594.000	1.714
3595.000	1.713
3596.000	1.713
3597.000	1.713
3598.000	1.712
3599.000	1.712
3600.000	1.712
3601.000	1.712
3602.000	1.712
3603.000	1.711
3604.000	1.711
3605.000	1.711
3606.000	1.710
3607.000	1.710
3608.000	1.710
3609.000	1.709
3610.000	1.709
3611.000	1.709
3612.000	1.709
3613.000	1.708
3614.000	1.708
3615.000	1.708
3616.000	1.707
3617.000	1.707
3618.000	1.707
3619.000	1.706
3620.000	1.706
3621.000	1.706
3622.000	1.706
3623.000	1.705
3624.000	1.705
3625.000	1.705
3626.000	1.704
3627.000	1.704
3628.000	1.704
3629.000	1.703
3630.000	1.703
3631.000	1.703
3632.000	1.702
3633.000	1.702
3634.000	1.702
3635.000	1.702
3636.000	1.701
3637.000	1.701
3638.000	1.701
3639.000	1.700
3640.000	1.700
3641.000	1.700
3642.000	1.700
3643.000	1.699
3644.000	1.699
3645.000	1.699
3646.000	1.699
3647.000	1.698
3648.000	1.698
3649.000	1.698
3650.000	1.697
3651.000	1.697
3652.000	1.697
3653.000	1.696
3654.000	1.696
3655.000	1.696
3656.000	1.696
3657.000	1.695
3658.000	1.695
3659.000	1.695
3660.000	1.694
3661.000	1.694
3662.000	1.694
3663.000	1.693
3664.000	1.693
3665.000	1.693
3666.000	1.693
3667.000	1.692
3668.000	1.692
3669.000	1.692
3670.000	1.691
3671.000	1.691
3672.000	1.691
3673.000	1.690
3674.000	1.690
3675.000	1.690
3676.000	1.689
3677.000	1.689
3678.000	1.689
3679.000	1.689
3680.000	1.688
3681.000	1.688
3682.000	1.688
3683.000	1.687
3684.000	1.687
3685.000	1.687
3686.000	1.686
3687.000	1.686
3688.000	1.686
3689.000	1.686
3690.000	1.685
3691.000	1.685
3692.000	1.685
3693.000	1.684
3694.000	1.684
3695.000	1.684
3696.000	1.683
3697.000	1.683
3698.000	1.683
3699.000	1.682
3700.000	1.682
3701.000	1.682
3702.000	1.682
3703.000	1.681
3704.000	1.681
3705.000	1.681
3706.000	1.680
3707.000	1.680
3708.000	1.680
3709.000	1.679
3710.000	1.679
3711.000	1.679
3712.000	1.679
3713.000	1.678
3714.000	1.678
3715.000	1.678
3716.000	1.677
3717.000	1.677
3718.000	1.677
3719.000	1.677
3720.000	1.676
3721.000	1.676
3722.000	1.676
3723.000	1.676
3724.000	1.675
3725.000	1.675
3726.000	1.675
3727.000	1.674
3728.000	1.674
3729.000	1.674
3730.000	1.673
3731.000	1.673
3732.000	1.673
3733.000	1.673
3734.000	1.673
3735.000	1.672
3736.000	1.672
3737.000	1.672
3738.000	1.671
3739.000	1.671
3740.000	1.671
3741.000	1.670
3742.000	1.670
3743.000	1.670
3744.000	1.670
3745.000	1.669
3746.000	1.669
3747.000	1.669
3748.000	1.669
3749.000	1.669
3750.000	1.669
3751.000	1.669
3752.000	1.669
3753.000	1.669
3754.000	1.669
3755.000	1.669
3756.000	1.669
3757.000	1.669
3758.000	1.669
3759.000	1.669
3760.000	1.625
3761.000	1.625
3762.000	1.625
3763.000	1.625
3764.000	1.625
3765.000	1.625
3766.000	1.625
3767.000	1.625
3768.000	1.625
3769.000	1.625
3770.000	1.625
3771.000	1.625
3772.000	1.625
3773.000	1.625
3774.000	1.625
3775.000	1.625
3776.000	1.625
3777.000	1.625
3778.000	1.625
3779.000	1.625
3780.000	1.625
3781.000	1.625
3782.000	1.625
3783.000	1.625
3784.000	1.625
3785.000	1.625
3786.000	1.625
3787.000	1.625
3788.000	1.625
3789.000	1.625
3790.000	1.625
3791.000	1.625
3792.000	1.625
3793.000	1.618
3794.000	1.618
3795.000	1.585
3796.000	1.585
3797.000	1.585
3798.000	1.585
3799.000	1.585
3800.000	1.585
3801.000	1.585
3802.000	1.581
3803.000	1.581
3804.000	1.581
3805.000	1.581
3806.000	1.581
3807.000	1.581
3808.000	1.581
3809.000	1.581
3810.000	1.581
3811.000	1.581
3812.000	1.581
3813.000	1.581
3814.000	1.581
3815.000	1.581
3816.000	1.581
3817.000	1.581
3818.000	1.581
3819.000	1.558
3820.000	1.558
3821.000	1.558
3822.000	1.558
3823.000	1.558
3824.000	1.558
3825.000	1.538
3826.000	1.538
3827.000	1.538
3828.000	1.538
3829.000	1.538
3830.000	1.538
3831.000	1.538
3832.000	1.538
3833.000	1.538
3834.000	1.538
3835.000	1.538
3836.000	1.538
3837.000	1.538
3838.000	1.538
3839.000	1.538
3840.000	1.538
3841.000	1.538
3842.000	1.538
3843.000	1.538
3844.000	1.538
3845.000	1.538
3846.000	1.538
3847.000	1.538
3848.000	1.538
3849.000	1.538
3850.000	1.538
3851.000	1.538
3852.000	1.538
3853.000	1.514
3854.000	1.514
3855.000	1.514
3856.000	1.514
3857.000	1.514
3858.000	1.514
3859.000	1.514
3860.000	1.502
3861.000	1.502
3862.000	1.502
3863.000	1.502
3864.000	1.502
3865.000	1.502
3866.000	1.502
3867.000	1.502
3868.000	1.502
3869.000	1.502
3870.000	1.502
3871.000	1.502
3872.000	1.502
3873.000	1.502
3874.000	1.502
3875.000	1.502
3876.000	1.502
3877.000	1.502
3878.000	1.502
3879.000	1.502
3880.000	1.502
3881.000	1.502
3882.000	1.502
3883.000	1.502
3884.000	1.502
3885.000	1.502
3886.000	1.502
3887.000	1.502
3888.000	1.502
3889.000	1.502
3890.000	1.502
3891.000	1.502
3892.000	1.502
3893.000	1.502
3894.000	1.502
3895.000	1.502
3896.000	1.502
3897.000	1.502
3898.000	1.502
3899.000	1.502
3900.000	1.502
3901.000	1.502
3902.000	1.502
3903.000	1.502
3904.000	1.502
3905.000	1.502
3906.000	1.502
3907.000	1.502
3908.000	1.502
3909.000	1.502
3910.000	1.502
3911.000	1.502
3912.000	1.502
3913.000	1.502
3914.000	1.502
3915.000	1.502
3916.000	1.502
3917.000	1.502
3918.000	1.502
3919.000	1.502
3920.000	1.502
3921.000	1.502
3922.000	1.502
3923.000	1.502
3924.000	1.502
3925.000	1.502
3926.000	1.502
3927.000	1.502
3928.000	1.502
3929.000	1.502
3930.000	1.502
3931.000	1.502
3932.000	1.502
3933.000	1.502
3934.000	1.502
3935.000	1.502
3936.000	1.502
3937.000	1.502
3938.000	1.502
3939.000	1.502
3940.000	1.502
3941.000	1.502
3942.000	1.502
3943.000	1.502
3944.000	1.502
3945.000	1.502
3946.000	1.502
3947.000	1.502
3948.000	1.502
3949.000	1.502
3950.000	1.502
3951.000	1.502
3952.000	1.502
3953.000	1.502
3954.000	1.502
3955.000	1.502
3956.000	1.502
3957.000	1.502
3958.000	1.502
3959.000	1.502
3960.000	1.502
3961.000	1.502
3962.000	1.502
3963.000	1.502
3964.000	1.502
3965.000	1.502
3966.000	1.502
3967.000	1.502
3968.000	1.502
3969.000	1.502
3970.000	1.502
3971.000	1.502
3972.000	1.502
3973.000	1.502
3974.000	1.502
3975.000	1.502
3976.000	1.502
3977.000	1.502
3978.000	1.502
3979.000	1.502
3980.000	1.502
3981.000	1.502
3982.000	1.502
3983.000	1.502
3984.000	1.502
3985.000	1.502
3986.000	1.502
3987.000	1.502
3988.000	1.502
3989.000	1.502
3990.000	1.502
3991.000	1.502
3992.000	1.502
3993.000	1.502
3994.000	1.502
3995.000	1.502
3996.000	1.502
3997.000	1.502
3998.000	1.502
3999.000	1.502
4000.000	1.502
4001.000	1.502
4002.000	1.502
4003.000	1.502
4004.000	1.502
4005.000	1.502
4006.000	1.502
4007.000	1.502
4008.000	1.502
4009.000	1.502
4010.000	1.502
4011.000	1.493
4012.000	1.493
4013.000	1.493
4014.000	1.493
4015.000	1.493
4016.000	1.493
4017.000	1.493
4018.000	1.493
4019.000	1.493
4020.000	1.493
4021.000	1.493
4022.000	1.493
4023.000	1.493
4024.000	1.493
4025.000	1.493
4026.000	1.493
4027.000	1.493
4028.000	1.493
4029.000	1.493
4030.000	1.493
4031.000	1.493
4032.000	1.493
4033.000	1.493
4034.000	1.493
4035.000	1.493
4036.000	1.493
4037.000	1.493
4038.000	1.493
4039.000	1.493
4040.000	1.493
4041.000	1.493
4042.000	1.493
4043.000	1.493
4044.000	1.493
4045.000	1.493
4046.000	1.493
4047.000	1.493
4048.000	1.493
4049.000	1.493
4050.000	1.493
4051.000	1.493
4052.000	1.493
4053.000	1.493
4054.000	1.493
4055.000	1.493
4056.000	1.493
4057.000	1.493
4058.000	1.493
4059.000	1.493
4060.000	1.493
4061.000	1.493
4062.000	1.493
4063.000	1.493
4064.000	1.493
4065.000	1.493
4066.000	1.493
4067.000	1.493
4068.000	1.493
4069.000	1.493
4070.000	1.493
4071.000	1.493
4072.000	1.493
4073.000	1.493
4074.000	1.493
4075.000	1.493
4076.000	1.493
4077.000	1.493
4078.000	1.493
4079.000	1.493
4080.000	1.493
4081.000	1.493
4082.000	1.488
4083.000	1.488
4084.000	1.488
4085.000	1.488
4086.000	1.488
4087.000	1.488
4088.000	1.488
4089.000	1.488
4090.000	1.465
4091.000	1.465
4092.000	1.465
4093.000	1.463
4094.000	1.463
4095.000	1.448
