0.000	17.596
1.000	17.593
2.000	17.509
3.000	17.506
4.000	17.504
5.000	17.501
6.000	17.498
7.000	17.496
8.000	17.493
9.000	17.475
10.000	17.466
11.000	17.464
12.000	17.461
13.000	17.458
14.000	17.456
15.000	17.453
16.000	17.450
17.000	17.445
18.000	17.442
19.000	17.436
20.000	17.433
21.000	17.430
22.000	17.426
23.000	17.423
24.000	17.420
25.000	17.417
26.000	17.414
27.000	17.411
28.000	17.408
29.000	17.406
30.000	17.403
31.000	17.400
32.000	17.397
33.000	17.394
34.000	17.391
35.000	17.388
36.000	17.385
37.000	17.382
38.000	17.380
39.000	17.377
40.000	17.374
41.000	17.371
42.000	17.368
43.000	17.366
44.000	17.363
45.000	17.360
46.000	17.357
47.000	17.354
48.000	17.351
49.000	17.348
50.000	17.345
51.000	17.343
52.000	17.340
53.000	17.337
54.000	17.334
55.000	17.331
56.000	17.329
57.000	17.326
58.000	17.323
59.000	17.320
60.000	17.317
61.000	17.314
62.000	17.312
63.000	17.309
64.000	17.305
65.000	17.302
66.000	17.299
67.000	17.296
68.000	17.294
69.000	17.291
70.000	17.288
71.000	17.285
72.000	17.282
73.000	17.280
74.000	17.277
75.000	17.274
76.000	17.271
77.000	17.268
78.000	17.264
79.000	17.261
80.000	17.258
81.000	17.254
82.000	17.251
83.000	17.247
84.000	17.245
85.000	17.241
86.000	17.237
87.000	17.234
88.000	17.230
89.000	17.227
90.000	17.223
91.000	17.219
92.000	17.215
93.000	17.211
94.000	17.207
95.000	17.203
96.000	17.178
97.000	17.174
98.000	17.169
99.000	17.164
100.000	17.159
101.000	17.155
102.000	17.149
103.000	17.144
104.000	17.138
105.000	17.133
106.000	17.127
107.000	17.124
108.000	17.118
109.000	17.112
110.000	17.106
111.000	17.100
112.000	17.095
113.000	17.088
114.000	17.080
115.000	17.073
116.000	17.065
117.000	17.058
118.000	17.033
119.000	17.025
120.000	17.017
121.000	17.008
122.000	16.999
123.000	16.991
124.000	16.982
125.000	16.972
126.000	16.962
127.000	16.951
128.000	16.941
129.000	16.939
130.000	16.928
131.000	16.917
132.000	16.905
133.000	16.893
134.000	16.881
135.000	16.867
136.000	16.854
137.000	16.840
138.000	16.827
139.000	16.811
140.000	16.809
141.000	16.793
142.000	16.778
143.000	16.762
144.000	16.745
145.000	16.728
146.000	16.712
147.000	16.694
148.000	16.676
149.000	16.658
150.000	16.639
151.000	16.620
152.000	16.601
153.000	16.581
154.000	16.561
155.000	16.540
156.000	16.518
157.000	16.497
158.000	16.476
159.000	16.454
160.000	16.433
161.000	16.412
162.000	16.390
163.000	16.386
164.000	16.364
165.000	16.343
166.000	16.321
167.000	16.300
168.000	16.279
169.000	16.258
170.000	16.237
171.000	16.216
172.000	16.194
173.000	16.171
174.000	16.108
175.000	16.085
176.000	16.063
177.000	16.041
178.000	16.017
179.000	15.993
180.000	15.968
181.000	15.942
182.000	15.916
183.000	15.891
184.000	15.864
185.000	15.862
186.000	15.835
187.000	15.807
188.000	15.778
189.000	15.750
190.000	15.721
191.000	15.692
192.000	15.663
193.000	15.633
194.000	15.603
195.000	15.572
196.000	15.564
197.000	15.533
198.000	15.501
199.000	15.469
200.000	15.438
201.000	15.406
202.000	15.374
203.000	15.342
204.000	15.310
205.000	15.277
206.000	15.243
207.000	15.235
208.000	15.202
209.000	15.168
210.000	15.135
211.000	15.101
212.000	15.068
213.000	15.034
214.000	15.000
215.000	14.966
216.000	14.931
217.000	14.897
218.000	14.848
219.000	14.815
220.000	14.780
221.000	14.745
222.000	14.710
223.000	14.675
224.000	14.640
225.000	14.604
226.000	14.568
227.000	14.532
228.000	14.495
229.000	14.459
230.000	14.419
231.000	14.383
232.000	14.346
233.000	14.308
234.000	14.270
235.000	14.232
236.000	14.194
237.000	14.155
238.000	14.116
239.000	14.079
240.000	14.041
241.000	14.005
242.000	13.967
243.000	13.929
244.000	13.893
245.000	13.857
246.000	13.821
247.000	13.786
248.000	13.751
249.000	13.717
250.000	13.684
251.000	13.650
252.000	13.642
253.000	13.609
254.000	13.576
255.000	13.544
256.000	13.513
257.000	13.481
258.000	13.450
259.000	13.419
260.000	13.389
261.000	13.359
262.000	13.330
263.000	13.322
264.000	13.293
265.000	13.263
266.000	13.235
267.000	13.207
268.000	13.179
269.000	13.152
270.000	13.124
271.000	13.097
272.000	13.070
273.000	13.044
274.000	13.012
275.000	12.985
276.000	12.959
277.000	12.933
278.000	12.907
279.000	12.882
280.000	12.857
281.000	12.832
282.000	12.807
283.000	12.782
284.000	12.758
285.000	12.711
286.000	12.686
287.000	12.663
288.000	12.638
289.000	12.614
290.000	12.591
291.000	12.568
292.000	12.545
293.000	12.522
294.000	12.499
295.000	12.476
296.000	12.471
297.000	12.449
298.000	12.427
299.000	12.404
300.000	12.382
301.000	12.360
302.000	12.338
303.000	12.315
304.000	12.294
305.000	12.272
306.000	12.251
307.000	12.229
308.000	12.183
309.000	12.160
310.000	12.139
311.000	12.118
312.000	12.096
313.000	12.074
314.000	12.053
315.000	12.032
316.000	12.011
317.000	11.990
318.000	11.969
319.000	11.964
320.000	11.942
321.000	11.921
322.000	11.900
323.000	11.878
324.000	11.856
325.000	11.834
326.000	11.812
327.000	11.790
328.000	11.767
329.000	11.744
330.000	11.739
331.000	11.716
332.000	11.694
333.000	11.671
334.000	11.648
335.000	11.624
336.000	11.601
337.000	11.577
338.000	11.553
339.000	11.530
340.000	11.506
341.000	11.488
342.000	11.464
343.000	11.441
344.000	11.417
345.000	11.393
346.000	11.369
347.000	11.344
348.000	11.320
349.000	11.297
350.000	11.272
351.000	11.248
352.000	11.243
353.000	11.218
354.000	11.194
355.000	11.169
356.000	11.144
357.000	11.119
358.000	11.095
359.000	11.070
360.000	11.045
361.000	11.021
362.000	10.996
363.000	10.979
364.000	10.954
365.000	10.930
366.000	10.905
367.000	10.880
368.000	10.855
369.000	10.831
370.000	10.806
371.000	10.782
372.000	10.757
373.000	10.733
374.000	10.709
375.000	10.679
376.000	10.655
377.000	10.631
378.000	10.608
379.000	10.585
380.000	10.562
381.000	10.539
382.000	10.516
383.000	10.494
384.000	10.473
385.000	10.451
386.000	10.442
387.000	10.421
388.000	10.399
389.000	10.378
390.000	10.355
391.000	10.333
392.000	10.312
393.000	10.290
394.000	10.269
395.000	10.247
396.000	10.225
397.000	10.220
398.000	10.198
399.000	10.176
400.000	10.153
401.000	10.131
402.000	10.109
403.000	10.087
404.000	10.065
405.000	10.043
406.000	10.021
407.000	10.000
408.000	9.995
409.000	9.973
410.000	9.952
411.000	9.930
412.000	9.908
413.000	9.887
414.000	9.866
415.000	9.844
416.000	9.823
417.000	9.802
418.000	9.781
419.000	9.754
420.000	9.733
421.000	9.712
422.000	9.691
423.000	9.670
424.000	9.649
425.000	9.628
426.000	9.608
427.000	9.587
428.000	9.566
429.000	9.546
430.000	9.545
431.000	9.524
432.000	9.504
433.000	9.484
434.000	9.463
435.000	9.443
436.000	9.423
437.000	9.404
438.000	9.384
439.000	9.365
440.000	9.345
441.000	9.325
442.000	9.324
443.000	9.304
444.000	9.285
445.000	9.265
446.000	9.245
447.000	9.226
448.000	9.207
449.000	9.188
450.000	9.169
451.000	9.150
452.000	9.131
453.000	9.101
454.000	9.082
455.000	9.064
456.000	9.045
457.000	9.027
458.000	9.009
459.000	8.991
460.000	8.973
461.000	8.955
462.000	8.937
463.000	8.920
464.000	8.918
465.000	8.901
466.000	8.883
467.000	8.866
468.000	8.848
469.000	8.830
470.000	8.813
471.000	8.796
472.000	8.779
473.000	8.762
474.000	8.745
475.000	8.720
476.000	8.703
477.000	8.686
478.000	8.669
479.000	8.652
480.000	8.635
481.000	8.618
482.000	8.601
483.000	8.584
484.000	8.568
485.000	8.551
486.000	8.550
487.000	8.533
488.000	8.516
489.000	8.498
490.000	8.481
491.000	8.464
492.000	8.446
493.000	8.428
494.000	8.410
495.000	8.393
496.000	8.375
497.000	8.344
498.000	8.327
499.000	8.310
500.000	8.293
501.000	8.276
502.000	8.259
503.000	8.242
504.000	8.225
505.000	8.208
506.000	8.192
507.000	8.176
508.000	8.175
509.000	8.159
510.000	8.144
511.000	8.128
512.000	8.113
513.000	8.097
514.000	8.082
515.000	8.066
516.000	8.051
517.000	8.036
518.000	8.021
519.000	8.005
520.000	8.004
521.000	7.989
522.000	7.974
523.000	7.959
524.000	7.945
525.000	7.930
526.000	7.916
527.000	7.901
528.000	7.887
529.000	7.873
530.000	7.859
531.000	7.858
532.000	7.844
533.000	7.830
534.000	7.816
535.000	7.802
536.000	7.788
537.000	7.774
538.000	7.761
539.000	7.747
540.000	7.734
541.000	7.720
542.000	7.719
543.000	7.705
544.000	7.692
545.000	7.679
546.000	7.665
547.000	7.652
548.000	7.639
549.000	7.626
550.000	7.613
551.000	7.601
552.000	7.588
553.000	7.587
554.000	7.575
555.000	7.563
556.000	7.550
557.000	7.538
558.000	7.527
559.000	7.515
560.000	7.504
561.000	7.492
562.000	7.480
563.000	7.469
564.000	7.456
565.000	7.444
566.000	7.432
567.000	7.421
568.000	7.409
569.000	7.398
570.000	7.387
571.000	7.376
572.000	7.365
573.000	7.354
574.000	7.343
575.000	7.336
576.000	7.325
577.000	7.315
578.000	7.305
579.000	7.294
580.000	7.284
581.000	7.273
582.000	7.263
583.000	7.253
584.000	7.243
585.000	7.233
586.000	7.223
587.000	7.222
588.000	7.212
589.000	7.202
590.000	7.191
591.000	7.181
592.000	7.170
593.000	7.160
594.000	7.150
595.000	7.140
596.000	7.130
597.000	7.120
598.000	7.024
599.000	7.015
600.000	7.005
601.000	6.994
602.000	6.985
603.000	6.974
604.000	6.963
605.000	6.953
606.000	6.942
607.000	6.932
608.000	6.922
609.000	6.921
610.000	6.910
611.000	6.900
612.000	6.890
613.000	6.880
614.000	6.869
615.000	6.859
616.000	6.849
617.000	6.839
618.000	6.830
619.000	6.820
620.000	6.819
621.000	6.809
622.000	6.800
623.000	6.791
624.000	6.781
625.000	6.772
626.000	6.762
627.000	6.753
628.000	6.744
629.000	6.734
630.000	6.725
631.000	6.724
632.000	6.715
633.000	6.706
634.000	6.697
635.000	6.689
636.000	6.680
637.000	6.671
638.000	6.661
639.000	6.652
640.000	6.643
641.000	6.634
642.000	6.633
643.000	6.624
644.000	6.615
645.000	6.606
646.000	6.597
647.000	6.589
648.000	6.580
649.000	6.571
650.000	6.563
651.000	6.554
652.000	6.546
653.000	6.537
654.000	6.460
655.000	6.452
656.000	6.444
657.000	6.435
658.000	6.427
659.000	6.419
660.000	6.411
661.000	6.403
662.000	6.395
663.000	6.386
664.000	6.379
665.000	6.377
666.000	6.370
667.000	6.362
668.000	6.354
669.000	6.346
670.000	6.339
671.000	6.331
672.000	6.323
673.000	6.315
674.000	6.308
675.000	6.301
676.000	6.301
677.000	6.294
678.000	6.287
679.000	6.280
680.000	6.273
681.000	6.265
682.000	6.258
683.000	6.252
684.000	6.245
685.000	6.238
686.000	6.231
687.000	6.231
688.000	6.224
689.000	6.217
690.000	6.210
691.000	6.203
692.000	6.196
693.000	6.189
694.000	6.182
695.000	6.175
696.000	6.168
697.000	6.161
698.000	6.127
699.000	6.121
700.000	6.113
701.000	6.106
702.000	6.099
703.000	6.092
704.000	6.085
705.000	6.078
706.000	6.071
707.000	6.065
708.000	6.059
709.000	6.059
710.000	6.052
711.000	6.046
712.000	6.039
713.000	6.033
714.000	6.026
715.000	6.020
716.000	6.013
717.000	6.007
718.000	6.000
719.000	5.993
720.000	5.993
721.000	5.987
722.000	5.980
723.000	5.973
724.000	5.967
725.000	5.960
726.000	5.954
727.000	5.948
728.000	5.941
729.000	5.935
730.000	5.928
731.000	5.922
732.000	5.922
733.000	5.915
734.000	5.908
735.000	5.902
736.000	5.896
737.000	5.890
738.000	5.884
739.000	5.879
740.000	5.873
741.000	5.867
742.000	5.862
743.000	5.846
744.000	5.840
745.000	5.835
746.000	5.829
747.000	5.823
748.000	5.818
749.000	5.812
750.000	5.807
751.000	5.802
752.000	5.796
753.000	5.791
754.000	5.754
755.000	5.750
756.000	5.745
757.000	5.741
758.000	5.736
759.000	5.731
760.000	5.727
761.000	5.722
762.000	5.717
763.000	5.712
764.000	5.708
765.000	5.708
766.000	5.703
767.000	5.699
768.000	5.694
769.000	5.690
770.000	5.685
771.000	5.681
772.000	5.676
773.000	5.672
774.000	5.667
775.000	5.662
776.000	5.614
777.000	5.610
778.000	5.605
779.000	5.601
780.000	5.596
781.000	5.591
782.000	5.587
783.000	5.582
784.000	5.578
785.000	5.573
786.000	5.569
787.000	5.569
788.000	5.565
789.000	5.560
790.000	5.556
791.000	5.551
792.000	5.547
793.000	5.543
794.000	5.538
795.000	5.534
796.000	5.530
797.000	5.526
798.000	5.522
799.000	5.508
800.000	5.504
801.000	5.499
802.000	5.495
803.000	5.491
804.000	5.487
805.000	5.483
806.000	5.479
807.000	5.475
808.000	5.471
809.000	5.467
810.000	5.418
811.000	5.414
812.000	5.410
813.000	5.406
814.000	5.402
815.000	5.398
816.000	5.394
817.000	5.390
818.000	5.386
819.000	5.382
820.000	5.378
821.000	5.362
822.000	5.358
823.000	5.354
824.000	5.350
825.000	5.346
826.000	5.342
827.000	5.339
828.000	5.335
829.000	5.331
830.000	5.327
831.000	5.322
832.000	5.307
833.000	5.303
834.000	5.299
835.000	5.295
836.000	5.291
837.000	5.287
838.000	5.283
839.000	5.279
840.000	5.275
841.000	5.270
842.000	5.266
843.000	5.266
844.000	5.262
845.000	5.258
846.000	5.254
847.000	5.250
848.000	5.246
849.000	5.242
850.000	5.238
851.000	5.235
852.000	5.231
853.000	5.227
854.000	5.227
855.000	5.223
856.000	5.219
857.000	5.215
858.000	5.211
859.000	5.207
860.000	5.204
861.000	5.200
862.000	5.196
863.000	5.192
864.000	5.189
865.000	5.185
866.000	5.185
867.000	5.181
868.000	5.178
869.000	5.174
870.000	5.171
871.000	5.167
872.000	5.164
873.000	5.160
874.000	5.157
875.000	5.153
876.000	5.150
877.000	5.150
878.000	5.146
879.000	5.143
880.000	5.139
881.000	5.136
882.000	5.132
883.000	5.129
884.000	5.125
885.000	5.122
886.000	5.119
887.000	5.115
888.000	5.112
889.000	5.108
890.000	5.105
891.000	5.101
892.000	5.098
893.000	5.095
894.000	5.091
895.000	5.088
896.000	5.085
897.000	5.081
898.000	5.078
899.000	5.078
900.000	5.075
901.000	5.071
902.000	5.068
903.000	5.064
904.000	5.061
905.000	5.058
906.000	5.054
907.000	5.051
908.000	5.048
909.000	5.044
910.000	5.044
911.000	5.041
912.000	5.038
913.000	5.035
914.000	5.032
915.000	5.028
916.000	5.025
917.000	5.022
918.000	5.018
919.000	5.015
920.000	5.012
921.000	5.012
922.000	5.009
923.000	5.006
924.000	5.003
925.000	4.999
926.000	4.996
927.000	4.993
928.000	4.990
929.000	4.987
930.000	4.984
931.000	4.981
932.000	4.977
933.000	4.977
934.000	4.974
935.000	4.971
936.000	4.968
937.000	4.965
938.000	4.961
939.000	4.958
940.000	4.955
941.000	4.952
942.000	4.949
943.000	4.946
944.000	4.946
945.000	4.943
946.000	4.941
947.000	4.937
948.000	4.934
949.000	4.931
950.000	4.928
951.000	4.926
952.000	4.923
953.000	4.920
954.000	4.917
955.000	4.917
956.000	4.914
957.000	4.911
958.000	4.908
959.000	4.905
960.000	4.902
961.000	4.899
962.000	4.897
963.000	4.894
964.000	4.891
965.000	4.889
966.000	4.889
967.000	4.886
968.000	4.884
969.000	4.881
970.000	4.878
971.000	4.875
972.000	4.873
973.000	4.870
974.000	4.867
975.000	4.864
976.000	4.862
977.000	4.857
978.000	4.854
979.000	4.851
980.000	4.849
981.000	4.846
982.000	4.843
983.000	4.840
984.000	4.838
985.000	4.835
986.000	4.833
987.000	4.830
988.000	4.830
989.000	4.828
990.000	4.825
991.000	4.823
992.000	4.820
993.000	4.818
994.000	4.815
995.000	4.813
996.000	4.811
997.000	4.808
998.000	4.806
999.000	4.806
1000.000	4.803
1001.000	4.801
1002.000	4.799
1003.000	4.796
1004.000	4.794
1005.000	4.791
1006.000	4.789
1007.000	4.786
1008.000	4.784
1009.000	4.781
1010.000	4.779
1011.000	4.779
1012.000	4.777
1013.000	4.774
1014.000	4.772
1015.000	4.769
1016.000	4.767
1017.000	4.765
1018.000	4.762
1019.000	4.760
1020.000	4.757
1021.000	4.755
1022.000	4.755
1023.000	4.752
1024.000	4.750
1025.000	4.747
1026.000	4.745
1027.000	4.743
1028.000	4.740
1029.000	4.738
1030.000	4.736
1031.000	4.733
1032.000	4.731
1033.000	4.731
1034.000	4.728
1035.000	4.726
1036.000	4.724
1037.000	4.721
1038.000	4.719
1039.000	4.717
1040.000	4.714
1041.000	4.712
1042.000	4.710
1043.000	4.708
1044.000	4.708
1045.000	4.705
1046.000	4.703
1047.000	4.701
1048.000	4.699
1049.000	4.696
1050.000	4.694
1051.000	4.692
1052.000	4.690
1053.000	4.688
1054.000	4.685
1055.000	4.685
1056.000	4.683
1057.000	4.681
1058.000	4.679
1059.000	4.677
1060.000	4.674
1061.000	4.672
1062.000	4.670
1063.000	4.667
1064.000	4.665
1065.000	4.663
1066.000	4.663
1067.000	4.660
1068.000	4.658
1069.000	4.656
1070.000	4.654
1071.000	4.651
1072.000	4.649
1073.000	4.646
1074.000	4.644
1075.000	4.641
1076.000	4.639
1077.000	4.636
1078.000	4.636
1079.000	4.634
1080.000	4.631
1081.000	4.629
1082.000	4.626
1083.000	4.624
1084.000	4.622
1085.000	4.619
1086.000	4.617
1087.000	4.614
1088.000	4.612
1089.000	4.612
1090.000	4.610
1091.000	4.607
1092.000	4.605
1093.000	4.602
1094.000	4.600
1095.000	4.597
1096.000	4.595
1097.000	4.593
1098.000	4.590
1099.000	4.588
1100.000	4.588
1101.000	4.586
1102.000	4.583
1103.000	4.581
1104.000	4.578
1105.000	4.576
1106.000	4.574
1107.000	4.571
1108.000	4.569
1109.000	4.567
1110.000	4.565
1111.000	4.565
1112.000	4.562
1113.000	4.560
1114.000	4.558
1115.000	4.555
1116.000	4.553
1117.000	4.551
1118.000	4.549
1119.000	4.546
1120.000	4.544
1121.000	4.542
1122.000	4.529
1123.000	4.527
1124.000	4.524
1125.000	4.522
1126.000	4.519
1127.000	4.517
1128.000	4.515
1129.000	4.512
1130.000	4.510
1131.000	4.508
1132.000	4.506
1133.000	4.489
1134.000	4.487
1135.000	4.484
1136.000	4.482
1137.000	4.480
1138.000	4.477
1139.000	4.475
1140.000	4.473
1141.000	4.471
1142.000	4.468
1143.000	4.466
1144.000	4.464
1145.000	4.464
1146.000	4.462
1147.000	4.460
1148.000	4.458
1149.000	4.455
1150.000	4.453
1151.000	4.451
1152.000	4.449
1153.000	4.446
1154.000	4.444
1155.000	4.442
1156.000	4.442
1157.000	4.440
1158.000	4.437
1159.000	4.435
1160.000	4.433
1161.000	4.430
1162.000	4.428
1163.000	4.426
1164.000	4.423
1165.000	4.421
1166.000	4.419
1167.000	4.419
1168.000	4.416
1169.000	4.414
1170.000	4.411
1171.000	4.409
1172.000	4.407
1173.000	4.404
1174.000	4.402
1175.000	4.399
1176.000	4.397
1177.000	4.395
1178.000	4.395
1179.000	4.392
1180.000	4.390
1181.000	4.388
1182.000	4.385
1183.000	4.383
1184.000	4.380
1185.000	4.378
1186.000	4.376
1187.000	4.373
1188.000	4.371
1189.000	4.371
1190.000	4.368
1191.000	4.366
1192.000	4.364
1193.000	4.361
1194.000	4.359
1195.000	4.356
1196.000	4.354
1197.000	4.352
1198.000	4.349
1199.000	4.347
1200.000	4.347
1201.000	4.344
1202.000	4.342
1203.000	4.339
1204.000	4.337
1205.000	4.334
1206.000	4.332
1207.000	4.329
1208.000	4.327
1209.000	4.325
1210.000	4.322
1211.000	4.322
1212.000	4.320
1213.000	4.318
1214.000	4.315
1215.000	4.313
1216.000	4.311
1217.000	4.308
1218.000	4.306
1219.000	4.303
1220.000	4.301
1221.000	4.299
1222.000	4.297
1223.000	4.297
1224.000	4.294
1225.000	4.292
1226.000	4.289
1227.000	4.287
1228.000	4.284
1229.000	4.282
1230.000	4.279
1231.000	4.277
1232.000	4.274
1233.000	4.272
1234.000	4.272
1235.000	4.270
1236.000	4.267
1237.000	4.265
1238.000	4.263
1239.000	4.260
1240.000	4.258
1241.000	4.255
1242.000	4.253
1243.000	4.251
1244.000	4.248
1245.000	4.248
1246.000	4.246
1247.000	4.243
1248.000	4.241
1249.000	4.238
1250.000	4.235
1251.000	4.233
1252.000	4.231
1253.000	4.228
1254.000	4.226
1255.000	4.223
1256.000	4.223
1257.000	4.221
1258.000	4.219
1259.000	4.216
1260.000	4.214
1261.000	4.211
1262.000	4.209
1263.000	4.207
1264.000	4.204
1265.000	4.202
1266.000	4.200
1267.000	4.200
1268.000	4.197
1269.000	4.195
1270.000	4.193
1271.000	4.190
1272.000	4.188
1273.000	4.185
1274.000	4.183
1275.000	4.181
1276.000	4.178
1277.000	4.176
1278.000	4.176
1279.000	4.173
1280.000	4.171
1281.000	4.169
1282.000	4.166
1283.000	4.164
1284.000	4.162
1285.000	4.159
1286.000	4.157
1287.000	4.154
1288.000	4.152
1289.000	4.150
1290.000	4.150
1291.000	4.147
1292.000	4.145
1293.000	4.143
1294.000	4.140
1295.000	4.138
1296.000	4.136
1297.000	4.133
1298.000	4.131
1299.000	4.129
1300.000	4.127
1301.000	4.127
1302.000	4.125
1303.000	4.122
1304.000	4.120
1305.000	4.118
1306.000	4.116
1307.000	4.114
1308.000	4.111
1309.000	4.109
1310.000	4.107
1311.000	4.105
1312.000	4.105
1313.000	4.103
1314.000	4.100
1315.000	4.098
1316.000	4.096
1317.000	4.094
1318.000	4.092
1319.000	4.090
1320.000	4.088
1321.000	4.086
1322.000	4.084
1323.000	4.084
1324.000	4.082
1325.000	4.080
1326.000	4.078
1327.000	4.076
1328.000	4.074
1329.000	4.071
1330.000	4.069
1331.000	4.067
1332.000	4.065
1333.000	4.063
1334.000	4.063
1335.000	4.061
1336.000	4.059
1337.000	4.057
1338.000	4.055
1339.000	4.053
1340.000	4.051
1341.000	4.049
1342.000	4.047
1343.000	4.045
1344.000	4.043
1345.000	4.043
1346.000	4.041
1347.000	4.039
1348.000	4.037
1349.000	4.034
1350.000	4.032
1351.000	4.030
1352.000	4.028
1353.000	4.026
1354.000	4.024
1355.000	4.022
1356.000	4.020
1357.000	4.020
1358.000	4.018
1359.000	4.016
1360.000	4.014
1361.000	4.012
1362.000	4.010
1363.000	4.008
1364.000	4.006
1365.000	4.004
1366.000	4.002
1367.000	4.000
1368.000	3.982
1369.000	3.980
1370.000	3.978
1371.000	3.976
1372.000	3.974
1373.000	3.972
1374.000	3.970
1375.000	3.968
1376.000	3.966
1377.000	3.965
1378.000	3.963
1379.000	3.963
1380.000	3.961
1381.000	3.959
1382.000	3.957
1383.000	3.955
1384.000	3.953
1385.000	3.951
1386.000	3.950
1387.000	3.948
1388.000	3.946
1389.000	3.944
1390.000	3.944
1391.000	3.942
1392.000	3.940
1393.000	3.938
1394.000	3.936
1395.000	3.934
1396.000	3.932
1397.000	3.931
1398.000	3.929
1399.000	3.927
1400.000	3.925
1401.000	3.925
1402.000	3.923
1403.000	3.921
1404.000	3.919
1405.000	3.917
1406.000	3.915
1407.000	3.913
1408.000	3.912
1409.000	3.910
1410.000	3.908
1411.000	3.906
1412.000	3.901
1413.000	3.899
1414.000	3.897
1415.000	3.896
1416.000	3.894
1417.000	3.892
1418.000	3.891
1419.000	3.889
1420.000	3.888
1421.000	3.886
1422.000	3.884
1423.000	3.884
1424.000	3.883
1425.000	3.881
1426.000	3.879
1427.000	3.878
1428.000	3.876
1429.000	3.875
1430.000	3.873
1431.000	3.872
1432.000	3.870
1433.000	3.869
1434.000	3.867
1435.000	3.867
1436.000	3.866
1437.000	3.864
1438.000	3.863
1439.000	3.862
1440.000	3.860
1441.000	3.859
1442.000	3.857
1443.000	3.856
1444.000	3.854
1445.000	3.853
1446.000	3.850
1447.000	3.849
1448.000	3.847
1449.000	3.846
1450.000	3.844
1451.000	3.843
1452.000	3.841
1453.000	3.840
1454.000	3.839
1455.000	3.837
1456.000	3.836
1457.000	3.836
1458.000	3.835
1459.000	3.833
1460.000	3.832
1461.000	3.830
1462.000	3.829
1463.000	3.828
1464.000	3.827
1465.000	3.825
1466.000	3.824
1467.000	3.823
1468.000	3.823
1469.000	3.822
1470.000	3.820
1471.000	3.819
1472.000	3.818
1473.000	3.817
1474.000	3.816
1475.000	3.814
1476.000	3.813
1477.000	3.812
1478.000	3.811
1479.000	3.811
1480.000	3.810
1481.000	3.808
1482.000	3.807
1483.000	3.806
1484.000	3.805
1485.000	3.804
1486.000	3.802
1487.000	3.801
1488.000	3.800
1489.000	3.799
1490.000	3.799
1491.000	3.798
1492.000	3.797
1493.000	3.795
1494.000	3.794
1495.000	3.793
1496.000	3.792
1497.000	3.791
1498.000	3.790
1499.000	3.789
1500.000	3.787
1501.000	3.786
1502.000	3.786
1503.000	3.785
1504.000	3.784
1505.000	3.783
1506.000	3.782
1507.000	3.780
1508.000	3.779
1509.000	3.778
1510.000	3.777
1511.000	3.776
1512.000	3.774
1513.000	3.757
1514.000	3.755
1515.000	3.754
1516.000	3.753
1517.000	3.752
1518.000	3.751
1519.000	3.749
1520.000	3.748
1521.000	3.747
1522.000	3.746
1523.000	3.745
1524.000	3.745
1525.000	3.744
1526.000	3.743
1527.000	3.742
1528.000	3.740
1529.000	3.739
1530.000	3.738
1531.000	3.737
1532.000	3.736
1533.000	3.735
1534.000	3.734
1535.000	3.734
1536.000	3.732
1537.000	3.731
1538.000	3.730
1539.000	3.728
1540.000	3.727
1541.000	3.726
1542.000	3.724
1543.000	3.723
1544.000	3.722
1545.000	3.720
1546.000	3.720
1547.000	3.719
1548.000	3.718
1549.000	3.716
1550.000	3.715
1551.000	3.714
1552.000	3.713
1553.000	3.711
1554.000	3.710
1555.000	3.709
1556.000	3.708
1557.000	3.708
1558.000	3.707
1559.000	3.706
1560.000	3.704
1561.000	3.703
1562.000	3.702
1563.000	3.701
1564.000	3.700
1565.000	3.699
1566.000	3.698
1567.000	3.696
1568.000	3.695
1569.000	3.695
1570.000	3.694
1571.000	3.693
1572.000	3.692
1573.000	3.691
1574.000	3.690
1575.000	3.688
1576.000	3.687
1577.000	3.686
1578.000	3.685
1579.000	3.684
1580.000	3.684
1581.000	3.683
1582.000	3.682
1583.000	3.681
1584.000	3.679
1585.000	3.678
1586.000	3.677
1587.000	3.676
1588.000	3.675
1589.000	3.674
1590.000	3.673
1591.000	3.673
1592.000	3.672
1593.000	3.671
1594.000	3.670
1595.000	3.669
1596.000	3.668
1597.000	3.667
1598.000	3.666
1599.000	3.665
1600.000	3.664
1601.000	3.663
1602.000	3.663
1603.000	3.662
1604.000	3.661
1605.000	3.660
1606.000	3.659
1607.000	3.658
1608.000	3.657
1609.000	3.656
1610.000	3.655
1611.000	3.654
1612.000	3.653
1613.000	3.653
1614.000	3.652
1615.000	3.651
1616.000	3.650
1617.000	3.649
1618.000	3.648
1619.000	3.647
1620.000	3.647
1621.000	3.646
1622.000	3.645
1623.000	3.644
1624.000	3.644
1625.000	3.643
1626.000	3.642
1627.000	3.641
1628.000	3.640
1629.000	3.640
1630.000	3.639
1631.000	3.638
1632.000	3.637
1633.000	3.636
1634.000	3.635
1635.000	3.634
1636.000	3.634
1637.000	3.634
1638.000	3.633
1639.000	3.632
1640.000	3.631
1641.000	3.630
1642.000	3.630
1643.000	3.629
1644.000	3.628
1645.000	3.627
1646.000	3.627
1647.000	3.627
1648.000	3.626
1649.000	3.625
1650.000	3.624
1651.000	3.624
1652.000	3.623
1653.000	3.622
1654.000	3.622
1655.000	3.621
1656.000	3.620
1657.000	3.619
1658.000	3.619
1659.000	3.619
1660.000	3.618
1661.000	3.617
1662.000	3.617
1663.000	3.616
1664.000	3.615
1665.000	3.615
1666.000	3.614
1667.000	3.613
1668.000	3.613
1669.000	3.613
1670.000	3.612
1671.000	3.611
1672.000	3.611
1673.000	3.610
1674.000	3.609
1675.000	3.609
1676.000	3.608
1677.000	3.607
1678.000	3.607
1679.000	3.606
1680.000	3.606
1681.000	3.605
1682.000	3.605
1683.000	3.604
1684.000	3.604
1685.000	3.603
1686.000	3.602
1687.000	3.602
1688.000	3.601
1689.000	3.601
1690.000	3.600
1691.000	3.600
1692.000	3.599
1693.000	3.599
1694.000	3.598
1695.000	3.598
1696.000	3.597
1697.000	3.597
1698.000	3.596
1699.000	3.596
1700.000	3.595
1701.000	3.594
1702.000	3.594
1703.000	3.594
1704.000	3.593
1705.000	3.593
1706.000	3.592
1707.000	3.592
1708.000	3.591
1709.000	3.591
1710.000	3.590
1711.000	3.590
1712.000	3.589
1713.000	3.588
1714.000	3.588
1715.000	3.588
1716.000	3.587
1717.000	3.587
1718.000	3.586
1719.000	3.586
1720.000	3.585
1721.000	3.585
1722.000	3.584
1723.000	3.584
1724.000	3.583
1725.000	3.583
1726.000	3.583
1727.000	3.582
1728.000	3.582
1729.000	3.581
1730.000	3.581
1731.000	3.580
1732.000	3.580
1733.000	3.579
1734.000	3.579
1735.000	3.578
1736.000	3.578
1737.000	3.578
1738.000	3.577
1739.000	3.577
1740.000	3.576
1741.000	3.576
1742.000	3.575
1743.000	3.575
1744.000	3.574
1745.000	3.574
1746.000	3.573
1747.000	3.573
1748.000	3.573
1749.000	3.572
1750.000	3.572
1751.000	3.571
1752.000	3.571
1753.000	3.570
1754.000	3.570
1755.000	3.569
1756.000	3.569
1757.000	3.568
1758.000	3.568
1759.000	3.568
1760.000	3.567
1761.000	3.567
1762.000	3.566
1763.000	3.566
1764.000	3.565
1765.000	3.565
1766.000	3.564
1767.000	3.564
1768.000	3.563
1769.000	3.563
1770.000	3.563
1771.000	3.562
1772.000	3.562
1773.000	3.561
1774.000	3.561
1775.000	3.560
1776.000	3.560
1777.000	3.559
1778.000	3.559
1779.000	3.558
1780.000	3.558
1781.000	3.558
1782.000	3.557
1783.000	3.557
1784.000	3.556
1785.000	3.556
1786.000	3.555
1787.000	3.555
1788.000	3.554
1789.000	3.554
1790.000	3.553
1791.000	3.553
1792.000	3.553
1793.000	3.552
1794.000	3.552
1795.000	3.551
1796.000	3.551
1797.000	3.550
1798.000	3.550
1799.000	3.549
1800.000	3.549
1801.000	3.548
1802.000	3.548
1803.000	3.548
1804.000	3.547
1805.000	3.547
1806.000	3.546
1807.000	3.545
1808.000	3.544
1809.000	3.544
1810.000	3.543
1811.000	3.542
1812.000	3.541
1813.000	3.540
1814.000	3.540
1815.000	3.539
1816.000	3.539
1817.000	3.538
1818.000	3.537
1819.000	3.536
1820.000	3.535
1821.000	3.534
1822.000	3.534
1823.000	3.533
1824.000	3.532
1825.000	3.532
1826.000	3.531
1827.000	3.530
1828.000	3.530
1829.000	3.529
1830.000	3.528
1831.000	3.527
1832.000	3.527
1833.000	3.526
1834.000	3.525
1835.000	3.525
1836.000	3.525
1837.000	3.524
1838.000	3.523
1839.000	3.523
1840.000	3.522
1841.000	3.521
1842.000	3.521
1843.000	3.520
1844.000	3.519
1845.000	3.519
1846.000	3.518
1847.000	3.517
1848.000	3.517
1849.000	3.517
1850.000	3.516
1851.000	3.515
1852.000	3.514
1853.000	3.513
1854.000	3.512
1855.000	3.511
1856.000	3.510
1857.000	3.508
1858.000	3.507
1859.000	3.507
1860.000	3.506
1861.000	3.505
1862.000	3.503
1863.000	3.502
1864.000	3.501
1865.000	3.499
1866.000	3.498
1867.000	3.497
1868.000	3.496
1869.000	3.495
1870.000	3.495
1871.000	3.494
1872.000	3.493
1873.000	3.492
1874.000	3.491
1875.000	3.490
1876.000	3.489
1877.000	3.488
1878.000	3.487
1879.000	3.486
1880.000	3.485
1881.000	3.485
1882.000	3.484
1883.000	3.483
1884.000	3.482
1885.000	3.481
1886.000	3.480
1887.000	3.479
1888.000	3.479
1889.000	3.478
1890.000	3.477
1891.000	3.476
1892.000	3.476
1893.000	3.475
1894.000	3.474
1895.000	3.473
1896.000	3.472
1897.000	3.471
1898.000	3.470
1899.000	3.469
1900.000	3.468
1901.000	3.467
1902.000	3.466
1903.000	3.466
1904.000	3.465
1905.000	3.464
1906.000	3.463
1907.000	3.462
1908.000	3.461
1909.000	3.460
1910.000	3.459
1911.000	3.458
1912.000	3.457
1913.000	3.456
1914.000	3.456
1915.000	3.455
1916.000	3.454
1917.000	3.453
1918.000	3.452
1919.000	3.451
1920.000	3.450
1921.000	3.449
1922.000	3.448
1923.000	3.448
1924.000	3.447
1925.000	3.446
1926.000	3.446
1927.000	3.445
1928.000	3.444
1929.000	3.443
1930.000	3.442
1931.000	3.441
1932.000	3.440
1933.000	3.439
1934.000	3.438
1935.000	3.437
1936.000	3.436
1937.000	3.436
1938.000	3.435
1939.000	3.434
1940.000	3.433
1941.000	3.432
1942.000	3.431
1943.000	3.430
1944.000	3.429
1945.000	3.428
1946.000	3.427
1947.000	3.426
1948.000	3.426
1949.000	3.426
1950.000	3.425
1951.000	3.424
1952.000	3.423
1953.000	3.422
1954.000	3.421
1955.000	3.420
1956.000	3.419
1957.000	3.418
1958.000	3.417
1959.000	3.417
1960.000	3.416
1961.000	3.415
1962.000	3.414
1963.000	3.413
1964.000	3.412
1965.000	3.411
1966.000	3.410
1967.000	3.409
1968.000	3.409
1969.000	3.408
1970.000	3.408
1971.000	3.407
1972.000	3.406
1973.000	3.405
1974.000	3.404
1975.000	3.403
1976.000	3.402
1977.000	3.401
1978.000	3.400
1979.000	3.399
1980.000	3.398
1981.000	3.277
1982.000	3.276
1983.000	3.275
1984.000	3.274
1985.000	3.273
1986.000	3.272
1987.000	3.271
1988.000	3.270
1989.000	3.269
1990.000	3.268
1991.000	3.267
1992.000	3.266
1993.000	3.266
1994.000	3.265
1995.000	3.265
1996.000	3.264
1997.000	3.263
1998.000	3.262
1999.000	3.261
2000.000	3.260
2001.000	3.259
2002.000	3.258
2003.000	3.257
2004.000	3.257
2005.000	3.256
2006.000	3.255
2007.000	3.254
2008.000	3.253
2009.000	3.252
2010.000	3.252
2011.000	3.251
2012.000	3.250
2013.000	3.249
2014.000	3.248
2015.000	3.248
2016.000	3.247
2017.000	3.246
2018.000	3.245
2019.000	3.244
2020.000	3.243
2021.000	3.242
2022.000	3.241
2023.000	3.241
2024.000	3.240
2025.000	3.239
2026.000	3.239
2027.000	3.238
2028.000	3.237
2029.000	3.236
2030.000	3.235
2031.000	3.234
2032.000	3.233
2033.000	3.232
2034.000	3.231
2035.000	3.230
2036.000	3.230
2037.000	3.230
2038.000	3.229
2039.000	3.228
2040.000	3.227
2041.000	3.226
2042.000	3.225
2043.000	3.224
2044.000	3.223
2045.000	3.222
2046.000	3.221
2047.000	3.220
2048.000	3.220
2049.000	3.220
2050.000	3.219
2051.000	3.218
2052.000	3.217
2053.000	3.216
2054.000	3.215
2055.000	3.214
2056.000	3.213
2057.000	3.212
2058.000	3.211
2059.000	3.211
2060.000	3.211
2061.000	3.210
2062.000	3.209
2063.000	3.208
2064.000	3.207
2065.000	3.206
2066.000	3.205
2067.000	3.204
2068.000	3.203
2069.000	3.202
2070.000	3.202
2071.000	3.202
2072.000	3.201
2073.000	3.200
2074.000	3.199
2075.000	3.198
2076.000	3.197
2077.000	3.196
2078.000	3.195
2079.000	3.194
2080.000	3.193
2081.000	3.193
2082.000	3.193
2083.000	3.192
2084.000	3.191
2085.000	3.190
2086.000	3.189
2087.000	3.188
2088.000	3.187
2089.000	3.186
2090.000	3.185
2091.000	3.185
2092.000	3.184
2093.000	3.184
2094.000	3.183
2095.000	3.182
2096.000	3.181
2097.000	3.180
2098.000	3.179
2099.000	3.178
2100.000	3.177
2101.000	3.177
2102.000	3.176
2103.000	3.175
2104.000	3.175
2105.000	3.174
2106.000	3.173
2107.000	3.172
2108.000	3.171
2109.000	3.170
2110.000	3.170
2111.000	3.169
2112.000	3.168
2113.000	3.167
2114.000	3.166
2115.000	3.166
2116.000	3.165
2117.000	3.164
2118.000	3.163
2119.000	3.162
2120.000	3.162
2121.000	3.161
2122.000	3.160
2123.000	3.159
2124.000	3.158
2125.000	3.157
2126.000	3.157
2127.000	3.156
2128.000	3.155
2129.000	3.155
2130.000	3.154
2131.000	3.153
2132.000	3.152
2133.000	3.151
2134.000	3.150
2135.000	3.149
2136.000	3.148
2137.000	3.148
2138.000	3.148
2139.000	3.147
2140.000	3.146
2141.000	3.145
2142.000	3.144
2143.000	3.143
2144.000	3.142
2145.000	3.142
2146.000	3.141
2147.000	3.140
2148.000	3.139
2149.000	3.139
2150.000	3.138
2151.000	3.137
2152.000	3.136
2153.000	3.135
2154.000	3.135
2155.000	3.134
2156.000	3.133
2157.000	3.132
2158.000	3.131
2159.000	3.130
2160.000	3.130
2161.000	3.129
2162.000	3.129
2163.000	3.128
2164.000	3.127
2165.000	3.126
2166.000	3.125
2167.000	3.124
2168.000	3.123
2169.000	3.123
2170.000	3.122
2171.000	3.122
2172.000	3.121
2173.000	3.120
2174.000	3.119
2175.000	3.118
2176.000	3.117
2177.000	3.117
2178.000	3.116
2179.000	3.115
2180.000	3.114
2181.000	3.113
2182.000	3.113
2183.000	3.112
2184.000	3.111
2185.000	3.111
2186.000	3.110
2187.000	3.109
2188.000	3.108
2189.000	3.107
2190.000	3.106
2191.000	3.105
2192.000	3.105
2193.000	3.105
2194.000	3.104
2195.000	3.103
2196.000	3.103
2197.000	3.102
2198.000	3.102
2199.000	3.101
2200.000	3.101
2201.000	3.100
2202.000	3.099
2203.000	3.099
2204.000	3.098
2205.000	3.098
2206.000	3.098
2207.000	3.097
2208.000	3.097
2209.000	3.096
2210.000	3.096
2211.000	3.095
2212.000	3.094
2213.000	3.094
2214.000	3.093
2215.000	3.093
2216.000	3.093
2217.000	3.092
2218.000	3.092
2219.000	3.091
2220.000	3.091
2221.000	3.090
2222.000	3.089
2223.000	3.089
2224.000	3.088
2225.000	3.088
2226.000	3.087
2227.000	3.087
2228.000	3.087
2229.000	3.086
2230.000	3.086
2231.000	3.085
2232.000	3.084
2233.000	3.084
2234.000	3.083
2235.000	3.083
2236.000	3.082
2237.000	3.082
2238.000	3.082
2239.000	3.081
2240.000	3.081
2241.000	3.080
2242.000	3.079
2243.000	3.079
2244.000	3.078
2245.000	3.078
2246.000	3.077
2247.000	3.077
2248.000	3.076
2249.000	3.076
2250.000	3.076
2251.000	3.076
2252.000	3.076
2253.000	3.076
2254.000	3.076
2255.000	3.076
2256.000	3.076
2257.000	3.076
2258.000	3.076
2259.000	3.076
2260.000	3.076
2261.000	3.076
2262.000	3.076
2263.000	3.076
2264.000	3.076
2265.000	3.076
2266.000	3.076
2267.000	3.076
2268.000	3.076
2269.000	3.076
2270.000	3.076
2271.000	3.076
2272.000	3.076
2273.000	3.076
2274.000	3.076
2275.000	3.076
2276.000	3.076
2277.000	3.076
2278.000	3.076
2279.000	3.076
2280.000	3.076
2281.000	3.076
2282.000	3.076
2283.000	3.076
2284.000	3.076
2285.000	3.076
2286.000	3.076
2287.000	3.076
2288.000	3.076
2289.000	3.076
2290.000	3.076
2291.000	3.076
2292.000	3.076
2293.000	3.076
2294.000	3.076
2295.000	3.076
2296.000	3.076
2297.000	3.076
2298.000	3.076
2299.000	3.076
2300.000	3.076
2301.000	3.076
2302.000	3.076
2303.000	3.076
2304.000	3.076
2305.000	3.076
2306.000	3.076
2307.000	3.076
2308.000	3.076
2309.000	3.076
2310.000	3.076
2311.000	3.076
2312.000	3.076
2313.000	3.076
2314.000	3.076
2315.000	3.076
2316.000	3.076
2317.000	3.076
2318.000	3.076
2319.000	3.076
2320.000	3.076
2321.000	3.076
2322.000	3.076
2323.000	3.076
2324.000	3.076
2325.000	3.076
2326.000	3.076
2327.000	3.076
2328.000	3.076
2329.000	3.076
2330.000	3.076
2331.000	3.076
2332.000	3.075
2333.000	3.075
2334.000	3.075
2335.000	3.074
2336.000	3.074
2337.000	3.074
2338.000	3.074
2339.000	3.074
2340.000	3.073
2341.000	3.073
2342.000	3.073
2343.000	3.073
2344.000	3.072
2345.000	3.072
2346.000	3.072
2347.000	3.072
2348.000	3.071
2349.000	3.071
2350.000	3.071
2351.000	3.071
2352.000	3.071
2353.000	3.070
2354.000	3.070
2355.000	3.070
2356.000	3.069
2357.000	3.069
2358.000	3.069
2359.000	3.069
2360.000	3.068
2361.000	3.068
2362.000	3.068
2363.000	3.068
2364.000	3.068
2365.000	3.067
2366.000	3.067
2367.000	3.067
2368.000	3.067
2369.000	3.066
2370.000	3.066
2371.000	3.066
2372.000	3.066
2373.000	3.066
2374.000	3.065
2375.000	3.065
2376.000	3.065
2377.000	3.065
2378.000	3.064
2379.000	3.064
2380.000	3.063
2381.000	3.063
2382.000	3.063
2383.000	3.063
2384.000	3.062
2385.000	3.062
2386.000	3.061
2387.000	3.061
2388.000	3.061
2389.000	3.060
2390.000	3.060
2391.000	3.059
2392.000	3.059
2393.000	3.058
2394.000	3.058
2395.000	3.058
2396.000	3.058
2397.000	3.057
2398.000	3.057
2399.000	3.056
2400.000	3.056
2401.000	3.056
2402.000	3.055
2403.000	3.055
2404.000	3.054
2405.000	3.054
2406.000	3.054
2407.000	3.053
2408.000	3.053
2409.000	3.052
2410.000	3.052
2411.000	3.051
2412.000	3.051
2413.000	3.050
2414.000	3.049
2415.000	3.049
2416.000	3.048
2417.000	3.048
2418.000	3.048
2419.000	3.047
2420.000	3.046
2421.000	3.046
2422.000	3.045
2423.000	3.044
2424.000	3.044
2425.000	3.043
2426.000	3.042
2427.000	3.042
2428.000	3.042
2429.000	3.041
2430.000	3.040
2431.000	3.040
2432.000	3.039
2433.000	3.038
2434.000	3.038
2435.000	3.037
2436.000	3.037
2437.000	3.036
2438.000	3.035
2439.000	3.035
2440.000	3.035
2441.000	3.034
2442.000	3.033
2443.000	3.033
2444.000	3.032
2445.000	3.031
2446.000	3.031
2447.000	3.030
2448.000	3.029
2449.000	3.029
2450.000	3.029
2451.000	3.028
2452.000	3.027
2453.000	3.027
2454.000	3.026
2455.000	3.025
2456.000	3.025
2457.000	3.024
2458.000	3.023
2459.000	3.023
2460.000	3.022
2461.000	3.022
2462.000	3.021
2463.000	3.021
2464.000	3.020
2465.000	3.019
2466.000	3.019
2467.000	3.018
2468.000	3.017
2469.000	3.017
2470.000	3.016
2471.000	3.015
2472.000	3.015
2473.000	3.015
2474.000	3.014
2475.000	3.013
2476.000	3.013
2477.000	3.012
2478.000	3.012
2479.000	3.011
2480.000	3.010
2481.000	3.010
2482.000	3.009
2483.000	3.008
2484.000	3.008
2485.000	3.008
2486.000	3.007
2487.000	3.006
2488.000	3.006
2489.000	3.005
2490.000	3.004
2491.000	3.004
2492.000	3.003
2493.000	3.002
2494.000	3.002
2495.000	3.002
2496.000	3.001
2497.000	3.000
2498.000	3.000
2499.000	2.999
2500.000	2.998
2501.000	2.998
2502.000	2.997
2503.000	2.996
2504.000	2.996
2505.000	2.995
2506.000	2.995
2507.000	2.994
2508.000	2.994
2509.000	2.993
2510.000	2.992
2511.000	2.992
2512.000	2.991
2513.000	2.991
2514.000	2.990
2515.000	2.989
2516.000	2.989
2517.000	2.989
2518.000	2.988
2519.000	2.987
2520.000	2.987
2521.000	2.986
2522.000	2.985
2523.000	2.985
2524.000	2.984
2525.000	2.983
2526.000	2.983
2527.000	2.982
2528.000	2.982
2529.000	2.981
2530.000	2.981
2531.000	2.980
2532.000	2.979
2533.000	2.979
2534.000	2.978
2535.000	2.978
2536.000	2.977
2537.000	2.976
2538.000	2.976
2539.000	2.976
2540.000	2.975
2541.000	2.974
2542.000	2.974
2543.000	2.973
2544.000	2.972
2545.000	2.972
2546.000	2.971
2547.000	2.970
2548.000	2.970
2549.000	2.969
2550.000	2.969
2551.000	2.969
2552.000	2.968
2553.000	2.967
2554.000	2.967
2555.000	2.966
2556.000	2.965
2557.000	2.965
2558.000	2.964
2559.000	2.963
2560.000	2.963
2561.000	2.962
2562.000	2.962
2563.000	2.961
2564.000	2.961
2565.000	2.960
2566.000	2.960
2567.000	2.959
2568.000	2.958
2569.000	2.958
2570.000	2.957
2571.000	2.956
2572.000	2.956
2573.000	2.956
2574.000	2.955
2575.000	2.954
2576.000	2.954
2577.000	2.953
2578.000	2.953
2579.000	2.952
2580.000	2.951
2581.000	2.951
2582.000	2.950
2583.000	2.949
2584.000	2.949
2585.000	2.949
2586.000	2.948
2587.000	2.947
2588.000	2.947
2589.000	2.946
2590.000	2.946
2591.000	2.945
2592.000	2.944
2593.000	2.944
2594.000	2.943
2595.000	2.943
2596.000	2.942
2597.000	2.942
2598.000	2.941
2599.000	2.941
2600.000	2.940
2601.000	2.939
2602.000	2.939
2603.000	2.938
2604.000	2.937
2605.000	2.937
2606.000	2.864
2607.000	2.864
2608.000	2.863
2609.000	2.862
2610.000	2.862
2611.000	2.861
2612.000	2.861
2613.000	2.860
2614.000	2.859
2615.000	2.859
2616.000	2.858
2617.000	2.858
2618.000	2.857
2619.000	2.857
2620.000	2.856
2621.000	2.856
2622.000	2.855
2623.000	2.854
2624.000	2.854
2625.000	2.853
2626.000	2.852
2627.000	2.852
2628.000	2.851
2629.000	2.851
2630.000	2.851
2631.000	2.850
2632.000	2.849
2633.000	2.849
2634.000	2.848
2635.000	2.847
2636.000	2.847
2637.000	2.846
2638.000	2.845
2639.000	2.845
2640.000	2.845
2641.000	2.844
2642.000	2.843
2643.000	2.843
2644.000	2.842
2645.000	2.841
2646.000	2.840
2647.000	2.840
2648.000	2.839
2649.000	2.838
2650.000	2.838
2651.000	2.838
2652.000	2.837
2653.000	2.836
2654.000	2.835
2655.000	2.835
2656.000	2.834
2657.000	2.833
2658.000	2.833
2659.000	2.832
2660.000	2.831
2661.000	2.830
2662.000	2.830
2663.000	2.830
2664.000	2.829
2665.000	2.828
2666.000	2.827
2667.000	2.827
2668.000	2.826
2669.000	2.825
2670.000	2.824
2671.000	2.824
2672.000	2.823
2673.000	2.823
2674.000	2.822
2675.000	2.821
2676.000	2.821
2677.000	2.820
2678.000	2.819
2679.000	2.819
2680.000	2.818
2681.000	2.817
2682.000	2.816
2683.000	2.816
2684.000	2.804
2685.000	2.804
2686.000	2.803
2687.000	2.802
2688.000	2.801
2689.000	2.801
2690.000	2.800
2691.000	2.799
2692.000	2.799
2693.000	2.798
2694.000	2.797
2695.000	2.796
2696.000	2.796
2697.000	2.796
2698.000	2.795
2699.000	2.794
2700.000	2.793
2701.000	2.793
2702.000	2.792
2703.000	2.791
2704.000	2.790
2705.000	2.790
2706.000	2.789
2707.000	2.789
2708.000	2.788
2709.000	2.788
2710.000	2.787
2711.000	2.786
2712.000	2.785
2713.000	2.785
2714.000	2.784
2715.000	2.783
2716.000	2.782
2717.000	2.782
2718.000	2.782
2719.000	2.781
2720.000	2.780
2721.000	2.780
2722.000	2.779
2723.000	2.778
2724.000	2.777
2725.000	2.777
2726.000	2.776
2727.000	2.775
2728.000	2.774
2729.000	2.774
2730.000	2.774
2731.000	2.773
2732.000	2.772
2733.000	2.772
2734.000	2.771
2735.000	2.770
2736.000	2.769
2737.000	2.769
2738.000	2.768
2739.000	2.767
2740.000	2.767
2741.000	2.766
2742.000	2.766
2743.000	2.765
2744.000	2.764
2745.000	2.764
2746.000	2.763
2747.000	2.762
2748.000	2.761
2749.000	2.761
2750.000	2.760
2751.000	2.760
2752.000	2.759
2753.000	2.759
2754.000	2.758
2755.000	2.757
2756.000	2.756
2757.000	2.756
2758.000	2.755
2759.000	2.754
2760.000	2.753
2761.000	2.753
2762.000	2.752
2763.000	2.752
2764.000	2.751
2765.000	2.750
2766.000	2.750
2767.000	2.749
2768.000	2.748
2769.000	2.747
2770.000	2.747
2771.000	2.746
2772.000	2.745
2773.000	2.744
2774.000	2.744
2775.000	2.744
2776.000	2.743
2777.000	2.742
2778.000	2.741
2779.000	2.741
2780.000	2.740
2781.000	2.739
2782.000	2.738
2783.000	2.737
2784.000	2.737
2785.000	2.737
2786.000	2.736
2787.000	2.735
2788.000	2.734
2789.000	2.733
2790.000	2.733
2791.000	2.732
2792.000	2.731
2793.000	2.730
2794.000	2.729
2795.000	2.729
2796.000	2.729
2797.000	2.728
2798.000	2.727
2799.000	2.726
2800.000	2.725
2801.000	2.725
2802.000	2.724
2803.000	2.723
2804.000	2.722
2805.000	2.721
2806.000	2.721
2807.000	2.721
2808.000	2.720
2809.000	2.719
2810.000	2.718
2811.000	2.718
2812.000	2.717
2813.000	2.716
2814.000	2.715
2815.000	2.714
2816.000	2.714
2817.000	2.713
2818.000	2.713
2819.000	2.712
2820.000	2.711
2821.000	2.710
2822.000	2.709
2823.000	2.709
2824.000	2.708
2825.000	2.707
2826.000	2.707
2827.000	2.706
2828.000	2.705
2829.000	2.705
2830.000	2.705
2831.000	2.704
2832.000	2.703
2833.000	2.703
2834.000	2.702
2835.000	2.701
2836.000	2.700
2837.000	2.700
2838.000	2.699
2839.000	2.698
2840.000	2.698
2841.000	2.698
2842.000	2.697
2843.000	2.696
2844.000	2.696
2845.000	2.695
2846.000	2.694
2847.000	2.694
2848.000	2.693
2849.000	2.692
2850.000	2.692
2851.000	2.691
2852.000	2.691
2853.000	2.690
2854.000	2.689
2855.000	2.689
2856.000	2.688
2857.000	2.687
2858.000	2.687
2859.000	2.686
2860.000	2.685
2861.000	2.684
2862.000	2.684
2863.000	2.684
2864.000	2.683
2865.000	2.682
2866.000	2.682
2867.000	2.681
2868.000	2.680
2869.000	2.679
2870.000	2.679
2871.000	2.678
2872.000	2.677
2873.000	2.676
2874.000	2.676
2875.000	2.676
2876.000	2.675
2877.000	2.674
2878.000	2.673
2879.000	2.672
2880.000	2.672
2881.000	2.671
2882.000	2.670
2883.000	2.670
2884.000	2.669
2885.000	2.669
2886.000	2.668
2887.000	2.668
2888.000	2.667
2889.000	2.666
2890.000	2.666
2891.000	2.665
2892.000	2.664
2893.000	2.664
2894.000	2.663
2895.000	2.662
2896.000	2.662
2897.000	2.662
2898.000	2.661
2899.000	2.660
2900.000	2.660
2901.000	2.659
2902.000	2.658
2903.000	2.658
2904.000	2.657
2905.000	2.656
2906.000	2.656
2907.000	2.655
2908.000	2.655
2909.000	2.654
2910.000	2.654
2911.000	2.653
2912.000	2.652
2913.000	2.651
2914.000	2.651
2915.000	2.650
2916.000	2.649
2917.000	2.649
2918.000	2.648
2919.000	2.648
2920.000	2.648
2921.000	2.647
2922.000	2.646
2923.000	2.646
2924.000	2.645
2925.000	2.645
2926.000	2.644
2927.000	2.643
2928.000	2.643
2929.000	2.642
2930.000	2.642
2931.000	2.642
2932.000	2.641
2933.000	2.641
2934.000	2.640
2935.000	2.640
2936.000	2.639
2937.000	2.638
2938.000	2.638
2939.000	2.637
2940.000	2.637
2941.000	2.637
2942.000	2.636
2943.000	2.636
2944.000	2.635
2945.000	2.634
2946.000	2.634
2947.000	2.633
2948.000	2.633
2949.000	2.632
2950.000	2.631
2951.000	2.631
2952.000	2.631
2953.000	2.630
2954.000	2.630
2955.000	2.629
2956.000	2.628
2957.000	2.628
2958.000	2.627
2959.000	2.626
2960.000	2.626
2961.000	2.625
2962.000	2.625
2963.000	2.625
2964.000	2.624
2965.000	2.623
2966.000	2.623
2967.000	2.622
2968.000	2.621
2969.000	2.621
2970.000	2.620
2971.000	2.619
2972.000	2.619
2973.000	2.618
2974.000	2.618
2975.000	2.618
2976.000	2.617
2977.000	2.616
2978.000	2.616
2979.000	2.615
2980.000	2.615
2981.000	2.614
2982.000	2.613
2983.000	2.613
2984.000	2.612
2985.000	2.611
2986.000	2.611
2987.000	2.611
2988.000	2.610
2989.000	2.610
2990.000	2.609
2991.000	2.608
2992.000	2.608
2993.000	2.607
2994.000	2.606
2995.000	2.606
2996.000	2.605
2997.000	2.605
2998.000	2.605
2999.000	2.604
3000.000	2.603
3001.000	2.603
3002.000	2.602
3003.000	2.601
3004.000	2.601
3005.000	2.600
3006.000	2.599
3007.000	2.599
3008.000	2.599
3009.000	2.598
3010.000	2.597
3011.000	2.597
3012.000	2.596
3013.000	2.595
3014.000	2.595
3015.000	2.594
3016.000	2.593
3017.000	2.593
3018.000	2.592
3019.000	2.592
3020.000	2.591
3021.000	2.590
3022.000	2.590
3023.000	2.589
3024.000	2.588
3025.000	2.588
3026.000	2.587
3027.000	2.586
3028.000	2.586
3029.000	2.585
3030.000	2.585
3031.000	2.584
3032.000	2.583
3033.000	2.583
3034.000	2.582
3035.000	2.581
3036.000	2.581
3037.000	2.580
3038.000	2.579
3039.000	2.579
3040.000	2.578
3041.000	2.577
3042.000	2.577
3043.000	2.577
3044.000	2.576
3045.000	2.575
3046.000	2.574
3047.000	2.574
3048.000	2.573
3049.000	2.572
3050.000	2.572
3051.000	2.571
3052.000	2.570
3053.000	2.570
3054.000	2.570
3055.000	2.569
3056.000	2.568
3057.000	2.568
3058.000	2.567
3059.000	2.566
3060.000	2.566
3061.000	2.565
3062.000	2.564
3063.000	2.563
3064.000	2.563
3065.000	2.563
3066.000	2.562
3067.000	2.561
3068.000	2.561
3069.000	2.560
3070.000	2.559
3071.000	2.559
3072.000	2.558
3073.000	2.557
3074.000	2.557
3075.000	2.557
3076.000	2.556
3077.000	2.555
3078.000	2.555
3079.000	2.554
3080.000	2.553
3081.000	2.552
3082.000	2.552
3083.000	2.551
3084.000	2.550
3085.000	2.550
3086.000	2.550
3087.000	2.549
3088.000	2.548
3089.000	2.548
3090.000	2.547
3091.000	2.546
3092.000	2.546
3093.000	2.545
3094.000	2.544
3095.000	2.543
3096.000	2.543
3097.000	2.534
3098.000	2.534
3099.000	2.533
3100.000	2.532
3101.000	2.532
3102.000	2.531
3103.000	2.530
3104.000	2.529
3105.000	2.529
3106.000	2.528
3107.000	2.527
3108.000	2.527
3109.000	2.526
3110.000	2.526
3111.000	2.525
3112.000	2.524
3113.000	2.523
3114.000	2.522
3115.000	2.522
3116.000	2.521
3117.000	2.520
3118.000	2.519
3119.000	2.519
3120.000	2.519
3121.000	2.518
3122.000	2.517
3123.000	2.516
3124.000	2.516
3125.000	2.515
3126.000	2.514
3127.000	2.513
3128.000	2.513
3129.000	2.512
3130.000	2.511
3131.000	2.503
3132.000	2.502
3133.000	2.502
3134.000	2.501
3135.000	2.500
3136.000	2.499
3137.000	2.499
3138.000	2.498
3139.000	2.497
3140.000	2.496
3141.000	2.496
3142.000	2.496
3143.000	2.495
3144.000	2.494
3145.000	2.493
3146.000	2.492
3147.000	2.492
3148.000	2.491
3149.000	2.490
3150.000	2.489
3151.000	2.489
3152.000	2.488
3153.000	2.487
3154.000	2.486
3155.000	2.485
3156.000	2.484
3157.000	2.484
3158.000	2.483
3159.000	2.482
3160.000	2.481
3161.000	2.481
3162.000	2.480
3163.000	2.479
3164.000	2.479
3165.000	2.478
3166.000	2.477
3167.000	2.477
3168.000	2.476
3169.000	2.475
3170.000	2.474
3171.000	2.473
3172.000	2.473
3173.000	2.472
3174.000	2.471
3175.000	2.471
3176.000	2.470
3177.000	2.470
3178.000	2.469
3179.000	2.468
3180.000	2.467
3181.000	2.466
3182.000	2.466
3183.000	2.465
3184.000	2.464
3185.000	2.463
3186.000	2.463
3187.000	2.463
3188.000	2.462
3189.000	2.461
3190.000	2.460
3191.000	2.460
3192.000	2.459
3193.000	2.458
3194.000	2.457
3195.000	2.457
3196.000	2.456
3197.000	2.455
3198.000	2.455
3199.000	2.455
3200.000	2.454
3201.000	2.453
3202.000	2.453
3203.000	2.452
3204.000	2.451
3205.000	2.450
3206.000	2.450
3207.000	2.449
3208.000	2.448
3209.000	2.448
3210.000	2.448
3211.000	2.447
3212.000	2.446
3213.000	2.446
3214.000	2.445
3215.000	2.444
3216.000	2.444
3217.000	2.443
3218.000	2.442
3219.000	2.442
3220.000	2.442
3221.000	2.441
3222.000	2.440
3223.000	2.440
3224.000	2.439
3225.000	2.438
3226.000	2.438
3227.000	2.437
3228.000	2.436
3229.000	2.436
3230.000	2.435
3231.000	2.435
3232.000	2.434
3233.000	2.434
3234.000	2.433
3235.000	2.432
3236.000	2.432
3237.000	2.431
3238.000	2.430
3239.000	2.430
3240.000	2.429
3241.000	2.428
3242.000	2.428
3243.000	2.428
3244.000	2.427
3245.000	2.426
3246.000	2.426
3247.000	2.425
3248.000	2.424
3249.000	2.424
3250.000	2.423
3251.000	2.422
3252.000	2.422
3253.000	2.421
3254.000	2.421
3255.000	2.420
3256.000	2.420
3257.000	2.419
3258.000	2.418
3259.000	2.418
3260.000	2.417
3261.000	2.416
3262.000	2.415
3263.000	2.415
3264.000	2.414
3265.000	2.414
3266.000	2.413
3267.000	2.413
3268.000	2.412
3269.000	2.411
3270.000	2.411
3271.000	2.410
3272.000	2.409
3273.000	2.408
3274.000	2.408
3275.000	2.407
3276.000	2.407
3277.000	2.406
3278.000	2.406
3279.000	2.405
3280.000	2.404
3281.000	2.404
3282.000	2.403
3283.000	2.402
3284.000	2.402
3285.000	2.401
3286.000	2.400
3287.000	2.395
3288.000	2.394
3289.000	2.394
3290.000	2.393
3291.000	2.392
3292.000	2.391
3293.000	2.391
3294.000	2.390
3295.000	2.389
3296.000	2.389
3297.000	2.388
3298.000	2.388
3299.000	2.387
3300.000	2.387
3301.000	2.386
3302.000	2.385
3303.000	2.385
3304.000	2.384
3305.000	2.383
3306.000	2.383
3307.000	2.382
3308.000	2.381
3309.000	2.381
3310.000	2.380
3311.000	2.380
3312.000	2.379
3313.000	2.378
3314.000	2.378
3315.000	2.377
3316.000	2.376
3317.000	2.376
3318.000	2.375
3319.000	2.374
3320.000	2.374
3321.000	2.374
3322.000	2.373
3323.000	2.372
3324.000	2.372
3325.000	2.371
3326.000	2.370
3327.000	2.370
3328.000	2.369
3329.000	2.368
3330.000	2.367
3331.000	2.367
3332.000	2.367
3333.000	2.366
3334.000	2.365
3335.000	2.365
3336.000	2.364
3337.000	2.364
3338.000	2.363
3339.000	2.362
3340.000	2.362
3341.000	2.361
3342.000	2.360
3343.000	2.360
3344.000	2.360
3345.000	2.359
3346.000	2.358
3347.000	2.358
3348.000	2.357
3349.000	2.356
3350.000	2.356
3351.000	2.355
3352.000	2.355
3353.000	2.354
3354.000	2.354
3355.000	2.353
3356.000	2.353
3357.000	2.352
3358.000	2.351
3359.000	2.351
3360.000	2.350
3361.000	2.349
3362.000	2.349
3363.000	2.348
3364.000	2.348
3365.000	2.348
3366.000	2.347
3367.000	2.346
3368.000	2.346
3369.000	2.345
3370.000	2.345
3371.000	2.344
3372.000	2.343
3373.000	2.343
3374.000	2.342
3375.000	2.342
3376.000	2.342
3377.000	2.341
3378.000	2.340
3379.000	2.340
3380.000	2.339
3381.000	2.339
3382.000	2.338
3383.000	2.337
3384.000	2.337
3385.000	2.336
3386.000	2.336
3387.000	2.336
3388.000	2.335
3389.000	2.334
3390.000	2.334
3391.000	2.333
3392.000	2.333
3393.000	2.332
3394.000	2.331
3395.000	2.331
3396.000	2.330
3397.000	2.330
3398.000	2.329
3399.000	2.329
3400.000	2.328
3401.000	2.328
3402.000	2.327
3403.000	2.327
3404.000	2.326
3405.000	2.326
3406.000	2.325
3407.000	2.324
3408.000	2.324
3409.000	2.323
3410.000	2.323
3411.000	2.323
3412.000	2.322
3413.000	2.322
3414.000	2.321
3415.000	2.321
3416.000	2.320
3417.000	2.320
3418.000	2.319
3419.000	2.319
3420.000	2.318
3421.000	2.318
3422.000	2.318
3423.000	2.317
3424.000	2.317
3425.000	2.316
3426.000	2.316
3427.000	2.315
3428.000	2.315
3429.000	2.314
3430.000	2.314
3431.000	2.313
3432.000	2.313
3433.000	2.313
3434.000	2.312
3435.000	2.312
3436.000	2.311
3437.000	2.311
3438.000	2.310
3439.000	2.310
3440.000	2.309
3441.000	2.309
3442.000	2.308
3443.000	2.308
3444.000	2.308
3445.000	2.307
3446.000	2.307
3447.000	2.306
3448.000	2.306
3449.000	2.306
3450.000	2.305
3451.000	2.305
3452.000	2.304
3453.000	2.304
3454.000	2.304
3455.000	2.303
3456.000	2.303
3457.000	2.302
3458.000	2.302
3459.000	2.301
3460.000	2.301
3461.000	2.300
3462.000	2.300
3463.000	2.300
3464.000	2.299
3465.000	2.299
3466.000	2.299
3467.000	2.298
3468.000	2.298
3469.000	2.297
3470.000	2.297
3471.000	2.296
3472.000	2.296
3473.000	2.296
3474.000	2.295
3475.000	2.295
3476.000	2.294
3477.000	2.294
3478.000	2.294
3479.000	2.294
3480.000	2.293
3481.000	2.293
3482.000	2.292
3483.000	2.292
3484.000	2.292
3485.000	2.291
3486.000	2.291
3487.000	2.290
3488.000	2.290
3489.000	2.290
3490.000	2.289
3491.000	2.289
3492.000	2.288
3493.000	2.288
3494.000	2.288
3495.000	2.287
3496.000	2.287
3497.000	2.286
3498.000	2.286
3499.000	2.286
3500.000	2.285
3501.000	2.285
3502.000	2.284
3503.000	2.284
3504.000	2.283
3505.000	2.283
3506.000	2.282
3507.000	2.282
3508.000	2.281
3509.000	2.281
3510.000	2.281
3511.000	2.281
3512.000	2.280
3513.000	2.280
3514.000	2.279
3515.000	2.279
3516.000	2.278
3517.000	2.278
3518.000	2.278
3519.000	2.277
3520.000	2.277
3521.000	2.277
3522.000	2.276
3523.000	2.276
3524.000	2.276
3525.000	2.275
3526.000	2.275
3527.000	2.274
3528.000	2.274
3529.000	2.274
3530.000	2.273
3531.000	2.273
3532.000	2.273
3533.000	2.272
3534.000	2.272
3535.000	2.271
3536.000	2.271
3537.000	2.270
3538.000	2.270
3539.000	2.269
3540.000	2.269
3541.000	2.268
3542.000	2.268
3543.000	2.267
3544.000	2.267
3545.000	2.267
3546.000	2.266
3547.000	2.266
3548.000	2.266
3549.000	2.265
3550.000	2.265
3551.000	2.264
3552.000	2.264
3553.000	2.263
3554.000	2.263
3555.000	2.263
3556.000	2.262
3557.000	2.262
3558.000	2.261
3559.000	2.261
3560.000	2.260
3561.000	2.260
3562.000	2.259
3563.000	2.259
3564.000	2.259
3565.000	2.258
3566.000	2.258
3567.000	2.258
3568.000	2.257
3569.000	2.257
3570.000	2.256
3571.000	2.256
3572.000	2.255
3573.000	2.255
3574.000	2.255
3575.000	2.254
3576.000	2.254
3577.000	2.254
3578.000	2.253
3579.000	2.253
3580.000	2.252
3581.000	2.252
3582.000	2.252
3583.000	2.251
3584.000	2.251
3585.000	2.250
3586.000	2.250
3587.000	2.249
3588.000	2.249
3589.000	2.249
3590.000	2.248
3591.000	2.248
3592.000	2.248
3593.000	2.247
3594.000	2.247
3595.000	2.246
3596.000	2.246
3597.000	2.245
3598.000	2.245
3599.000	2.245
3600.000	2.245
3601.000	2.244
3602.000	2.244
3603.000	2.243
3604.000	2.243
3605.000	2.242
3606.000	2.242
3607.000	2.241
3608.000	2.241
3609.000	2.241
3610.000	2.240
3611.000	2.240
3612.000	2.240
3613.000	2.239
3614.000	2.239
3615.000	2.238
3616.000	2.238
3617.000	2.238
3618.000	2.237
3619.000	2.237
3620.000	2.236
3621.000	2.236
3622.000	2.236
3623.000	2.235
3624.000	2.235
3625.000	2.234
3626.000	2.234
3627.000	2.234
3628.000	2.233
3629.000	2.233
3630.000	2.232
3631.000	2.232
3632.000	2.232
3633.000	2.232
3634.000	2.231
3635.000	2.231
3636.000	2.231
3637.000	2.230
3638.000	2.230
3639.000	2.229
3640.000	2.229
3641.000	2.229
3642.000	2.228
3643.000	2.228
3644.000	2.228
3645.000	2.228
3646.000	2.227
3647.000	2.227
3648.000	2.226
3649.000	2.226
3650.000	2.226
3651.000	2.225
3652.000	2.225
3653.000	2.225
3654.000	2.224
3655.000	2.224
3656.000	2.224
3657.000	2.224
3658.000	2.223
3659.000	2.223
3660.000	2.222
3661.000	2.222
3662.000	2.222
3663.000	2.221
3664.000	2.221
3665.000	2.221
3666.000	2.221
3667.000	2.220
3668.000	2.220
3669.000	2.220
3670.000	2.219
3671.000	2.219
3672.000	2.218
3673.000	2.218
3674.000	2.218
3675.000	2.217
3676.000	2.217
3677.000	2.217
3678.000	2.217
3679.000	2.216
3680.000	2.216
3681.000	2.216
3682.000	2.215
3683.000	2.215
3684.000	2.214
3685.000	2.214
3686.000	2.214
3687.000	2.213
3688.000	2.213
3689.000	2.213
3690.000	2.213
3691.000	2.212
3692.000	2.212
3693.000	2.212
3694.000	2.211
3695.000	2.211
3696.000	2.210
3697.000	2.210
3698.000	2.210
3699.000	2.209
3700.000	2.209
3701.000	2.209
3702.000	2.209
3703.000	2.208
3704.000	2.208
3705.000	2.208
3706.000	2.207
3707.000	2.207
3708.000	2.207
3709.000	2.206
3710.000	2.206
3711.000	2.206
3712.000	2.205
3713.000	2.205
3714.000	2.205
3715.000	2.204
3716.000	2.204
3717.000	2.204
3718.000	2.203
3719.000	2.203
3720.000	2.203
3721.000	2.202
3722.000	2.202
3723.000	2.202
3724.000	2.202
3725.000	2.201
3726.000	2.201
3727.000	2.200
3728.000	2.200
3729.000	2.200
3730.000	2.199
3731.000	2.199
3732.000	2.199
3733.000	2.199
3734.000	2.198
3735.000	2.198
3736.000	2.198
3737.000	2.197
3738.000	2.197
3739.000	2.197
3740.000	2.196
3741.000	2.196
3742.000	2.196
3743.000	2.195
3744.000	2.195
3745.000	2.195
3746.000	2.195
3747.000	2.195
3748.000	2.195
3749.000	2.195
3750.000	2.195
3751.000	2.195
3752.000	2.195
3753.000	2.195
3754.000	2.195
3755.000	2.195
3756.000	2.195
3757.000	2.195
3758.000	2.195
3759.000	2.195
3760.000	2.195
3761.000	2.195
3762.000	2.195
3763.000	2.195
3764.000	2.195
3765.000	2.195
3766.000	2.195
3767.000	2.195
3768.000	2.195
3769.000	2.195
3770.000	2.195
3771.000	2.195
3772.000	2.195
3773.000	2.195
3774.000	2.195
3775.000	2.195
3776.000	2.195
3777.000	2.195
3778.000	2.195
3779.000	2.195
3780.000	2.195
3781.000	2.195
3782.000	2.195
3783.000	2.195
3784.000	2.195
3785.000	2.195
3786.000	2.195
3787.000	2.195
3788.000	2.195
3789.000	2.195
3790.000	2.195
3791.000	2.195
3792.000	2.195
3793.000	2.195
3794.000	2.195
3795.000	2.195
3796.000	2.195
3797.000	2.180
3798.000	2.180
3799.000	2.180
3800.000	2.180
3801.000	2.180
3802.000	2.180
3803.000	2.180
3804.000	2.180
3805.000	2.180
3806.000	2.180
3807.000	2.180
3808.000	2.180
3809.000	2.180
3810.000	2.153
3811.000	2.153
3812.000	2.153
3813.000	2.153
3814.000	2.153
3815.000	2.153
3816.000	2.153
3817.000	2.139
3818.000	2.139
3819.000	2.139
3820.000	2.133
3821.000	2.133
3822.000	2.133
3823.000	2.133
3824.000	2.133
3825.000	2.132
3826.000	2.132
3827.000	2.132
3828.000	2.132
3829.000	2.132
3830.000	2.132
3831.000	2.132
3832.000	2.132
3833.000	2.132
3834.000	2.132
3835.000	2.132
3836.000	2.132
3837.000	2.132
3838.000	2.132
3839.000	2.132
3840.000	2.132
3841.000	2.132
3842.000	2.131
3843.000	2.131
3844.000	2.131
3845.000	2.131
3846.000	2.131
3847.000	2.131
3848.000	2.131
3849.000	2.131
3850.000	2.131
3851.000	2.131
3852.000	2.131
3853.000	2.116
3854.000	2.116
3855.000	2.116
3856.000	2.116
3857.000	2.116
3858.000	2.116
3859.000	2.116
3860.000	2.116
3861.000	2.098
3862.000	2.082
3863.000	2.082
3864.000	2.082
3865.000	2.082
3866.000	2.082
3867.000	2.082
3868.000	2.082
3869.000	2.082
3870.000	2.082
3871.000	2.082
3872.000	2.062
3873.000	2.062
3874.000	2.062
3875.000	2.062
3876.000	2.062
3877.000	2.062
3878.000	2.062
3879.000	2.062
3880.000	2.062
3881.000	2.062
3882.000	2.062
3883.000	2.062
3884.000	2.062
3885.000	2.062
3886.000	2.062
3887.000	2.062
3888.000	2.062
3889.000	2.062
3890.000	2.062
3891.000	2.062
3892.000	2.062
3893.000	2.062
3894.000	2.062
3895.000	2.062
3896.000	2.062
3897.000	2.062
3898.000	2.062
3899.000	2.062
3900.000	2.062
3901.000	2.062
3902.000	2.062
3903.000	2.062
3904.000	2.062
3905.000	2.062
3906.000	2.043
3907.000	2.043
3908.000	2.043
3909.000	2.043
3910.000	2.043
3911.000	2.043
3912.000	2.043
3913.000	2.043
3914.000	2.043
3915.000	2.043
3916.000	2.043
3917.000	2.043
3918.000	2.043
3919.000	2.043
3920.000	2.043
3921.000	2.043
3922.000	2.043
3923.000	2.037
3924.000	2.037
3925.000	2.037
3926.000	2.037
3927.000	2.037
3928.000	2.037
3929.000	2.037
3930.000	2.037
3931.000	2.037
3932.000	2.037
3933.000	2.037
3934.000	2.037
3935.000	2.037
3936.000	2.037
3937.000	2.037
3938.000	2.037
3939.000	2.037
3940.000	2.037
3941.000	2.037
3942.000	2.037
3943.000	2.037
3944.000	2.037
3945.000	2.037
3946.000	2.037
3947.000	2.037
3948.000	2.037
3949.000	2.037
3950.000	2.037
3951.000	2.037
3952.000	2.037
3953.000	2.037
3954.000	2.037
3955.000	2.037
3956.000	2.037
3957.000	2.037
3958.000	2.037
3959.000	2.037
3960.000	2.037
3961.000	2.037
3962.000	2.037
3963.000	2.037
3964.000	2.037
3965.000	2.037
3966.000	2.037
3967.000	2.037
3968.000	2.037
3969.000	2.037
3970.000	2.037
3971.000	2.037
3972.000	2.037
3973.000	2.037
3974.000	2.037
3975.000	2.037
3976.000	2.037
3977.000	2.037
3978.000	2.037
3979.000	2.037
3980.000	2.037
3981.000	2.037
3982.000	2.037
3983.000	2.037
3984.000	2.037
3985.000	2.037
3986.000	2.037
3987.000	2.037
3988.000	2.037
3989.000	2.037
3990.000	2.037
3991.000	2.037
3992.000	2.037
3993.000	2.037
3994.000	2.037
3995.000	2.037
3996.000	2.037
3997.000	2.037
3998.000	2.037
3999.000	2.037
4000.000	2.037
4001.000	2.037
4002.000	2.037
4003.000	2.037
4004.000	2.037
4005.000	2.037
4006.000	2.037
4007.000	2.037
4008.000	2.037
4009.000	2.037
4010.000	2.037
4011.000	2.037
4012.000	2.037
4013.000	2.037
4014.000	2.037
4015.000	2.037
4016.000	2.037
4017.000	2.037
4018.000	2.037
4019.000	2.037
4020.000	2.037
4021.000	2.037
4022.000	2.037
4023.000	2.037
4024.000	2.037
4025.000	2.037
4026.000	2.037
4027.000	2.037
4028.000	2.037
4029.000	2.037
4030.000	2.037
4031.000	2.037
4032.000	2.037
4033.000	2.037
4034.000	2.037
4035.000	2.037
4036.000	2.037
4037.000	2.037
4038.000	2.037
4039.000	2.037
4040.000	2.037
4041.000	2.037
4042.000	2.037
4043.000	2.037
4044.000	2.037
4045.000	2.037
4046.000	2.037
4047.000	2.037
4048.000	2.037
4049.000	2.037
4050.000	2.037
4051.000	2.037
4052.000	2.037
4053.000	2.037
4054.000	2.037
4055.000	2.037
4056.000	2.037
4057.000	2.037
4058.000	2.037
4059.000	2.037
4060.000	2.037
4061.000	2.037
4062.000	2.037
4063.000	2.037
4064.000	2.037
4065.000	2.037
4066.000	2.037
4067.000	2.037
4068.000	2.037
4069.000	2.037
4070.000	2.037
4071.000	2.037
4072.000	2.037
4073.000	2.037
4074.000	2.037
4075.000	2.037
4076.000	2.037
4077.000	2.037
4078.000	2.037
4079.000	2.037
4080.000	2.037
4081.000	2.037
4082.000	2.037
4083.000	2.037
4084.000	2.037
4085.000	2.037
4086.000	2.037
4087.000	2.037
4088.000	2.037
4089.000	2.037
4090.000	2.037
4091.000	2.037
4092.000	2.037
4093.000	2.037
4094.000	1.996
4095.000	1.973
