0.000	20.446
1.000	20.399
2.000	20.165
3.000	19.531
4.000	19.524
5.000	19.517
6.000	19.510
7.000	19.503
8.000	19.496
9.000	19.488
10.000	19.481
11.000	19.474
12.000	19.467
13.000	19.460
14.000	19.453
15.000	19.445
16.000	19.379
17.000	19.343
18.000	19.336
19.000	19.301
20.000	19.273
21.000	19.264
22.000	19.255
23.000	19.246
24.000	19.238
25.000	19.229
26.000	19.220
27.000	19.211
28.000	19.202
29.000	19.195
30.000	19.186
31.000	19.177
32.000	19.168
33.000	19.160
34.000	19.151
35.000	19.142
36.000	19.134
37.000	19.126
38.000	19.117
39.000	19.109
40.000	19.102
41.000	19.093
42.000	19.085
43.000	19.076
44.000	19.068
45.000	19.060
46.000	19.051
47.000	19.043
48.000	19.035
49.000	19.024
50.000	19.013
51.000	19.005
52.000	18.994
53.000	18.983
54.000	18.973
55.000	18.962
56.000	18.951
57.000	18.941
58.000	18.930
59.000	18.919
60.000	18.909
61.000	18.899
62.000	18.891
63.000	18.881
64.000	18.871
65.000	18.861
66.000	18.850
67.000	18.840
68.000	18.830
69.000	18.820
70.000	18.810
71.000	18.800
72.000	18.791
73.000	18.785
74.000	18.775
75.000	18.764
76.000	18.753
77.000	18.742
78.000	18.730
79.000	18.718
80.000	18.707
81.000	18.695
82.000	18.684
83.000	18.671
84.000	18.666
85.000	18.653
86.000	18.640
87.000	18.628
88.000	18.615
89.000	18.603
90.000	18.590
91.000	18.578
92.000	18.568
93.000	18.558
94.000	18.548
95.000	18.538
96.000	18.514
97.000	18.504
98.000	18.493
99.000	18.482
100.000	18.471
101.000	18.460
102.000	18.449
103.000	18.438
104.000	18.425
105.000	18.412
106.000	18.399
107.000	18.393
108.000	18.380
109.000	18.367
110.000	18.353
111.000	18.338
112.000	18.322
113.000	18.307
114.000	18.290
115.000	18.274
116.000	18.258
117.000	18.241
118.000	18.236
119.000	18.217
120.000	18.199
121.000	18.181
122.000	18.164
123.000	18.147
124.000	18.131
125.000	18.114
126.000	18.096
127.000	18.077
128.000	18.058
129.000	18.050
130.000	18.030
131.000	18.010
132.000	17.990
133.000	17.970
134.000	17.949
135.000	17.928
136.000	17.905
137.000	17.882
138.000	17.858
139.000	17.834
140.000	17.828
141.000	17.803
142.000	17.777
143.000	17.752
144.000	17.725
145.000	17.698
146.000	17.670
147.000	17.641
148.000	17.613
149.000	17.583
150.000	17.554
151.000	17.473
152.000	17.442
153.000	17.411
154.000	17.378
155.000	17.345
156.000	17.311
157.000	17.278
158.000	17.246
159.000	17.213
160.000	17.181
161.000	17.148
162.000	17.115
163.000	17.108
164.000	17.075
165.000	17.040
166.000	17.008
167.000	16.975
168.000	16.943
169.000	16.910
170.000	16.877
171.000	16.845
172.000	16.813
173.000	16.779
174.000	16.766
175.000	16.732
176.000	16.698
177.000	16.665
178.000	16.632
179.000	16.599
180.000	16.566
181.000	16.530
182.000	16.495
183.000	16.461
184.000	16.428
185.000	16.400
186.000	16.366
187.000	16.332
188.000	16.297
189.000	16.263
190.000	16.229
191.000	16.195
192.000	16.161
193.000	16.129
194.000	16.096
195.000	16.064
196.000	16.058
197.000	16.026
198.000	15.995
199.000	15.963
200.000	15.931
201.000	15.900
202.000	15.869
203.000	15.838
204.000	15.808
205.000	15.778
206.000	15.748
207.000	15.743
208.000	15.714
209.000	15.684
210.000	15.655
211.000	15.625
212.000	15.596
213.000	15.567
214.000	15.539
215.000	15.511
216.000	15.484
217.000	15.457
218.000	15.382
219.000	15.356
220.000	15.329
221.000	15.303
222.000	15.277
223.000	15.250
224.000	15.223
225.000	15.196
226.000	15.171
227.000	15.143
228.000	15.116
229.000	15.090
230.000	15.009
231.000	14.983
232.000	14.957
233.000	14.931
234.000	14.903
235.000	14.876
236.000	14.849
237.000	14.821
238.000	14.793
239.000	14.765
240.000	14.740
241.000	14.735
242.000	14.711
243.000	14.684
244.000	14.657
245.000	14.630
246.000	14.603
247.000	14.575
248.000	14.547
249.000	14.521
250.000	14.496
251.000	14.469
252.000	14.465
253.000	14.438
254.000	14.411
255.000	14.385
256.000	14.358
257.000	14.333
258.000	14.307
259.000	14.281
260.000	14.253
261.000	14.225
262.000	14.197
263.000	14.193
264.000	14.163
265.000	14.134
266.000	14.106
267.000	14.078
268.000	14.049
269.000	14.021
270.000	13.994
271.000	13.967
272.000	13.937
273.000	13.907
274.000	13.886
275.000	13.857
276.000	13.827
277.000	13.797
278.000	13.767
279.000	13.739
280.000	13.710
281.000	13.680
282.000	13.649
283.000	13.618
284.000	13.587
285.000	13.565
286.000	13.535
287.000	13.505
288.000	13.474
289.000	13.443
290.000	13.413
291.000	13.382
292.000	13.352
293.000	13.321
294.000	13.289
295.000	13.258
296.000	13.136
297.000	13.105
298.000	13.072
299.000	13.040
300.000	13.008
301.000	12.976
302.000	12.944
303.000	12.911
304.000	12.881
305.000	12.850
306.000	12.818
307.000	12.787
308.000	12.782
309.000	12.750
310.000	12.719
311.000	12.687
312.000	12.654
313.000	12.622
314.000	12.591
315.000	12.558
316.000	12.525
317.000	12.493
318.000	12.461
319.000	12.461
320.000	12.429
321.000	12.396
322.000	12.363
323.000	12.331
324.000	12.298
325.000	12.265
326.000	12.233
327.000	12.201
328.000	12.168
329.000	12.135
330.000	12.132
331.000	12.100
332.000	12.067
333.000	12.035
334.000	12.003
335.000	11.970
336.000	11.937
337.000	11.905
338.000	11.872
339.000	11.839
340.000	11.806
341.000	11.699
342.000	11.665
343.000	11.633
344.000	11.600
345.000	11.567
346.000	11.534
347.000	11.502
348.000	11.471
349.000	11.440
350.000	11.408
351.000	11.377
352.000	11.306
353.000	11.275
354.000	11.244
355.000	11.213
356.000	11.181
357.000	11.150
358.000	11.121
359.000	11.092
360.000	11.063
361.000	11.034
362.000	11.006
363.000	10.974
364.000	10.946
365.000	10.918
366.000	10.888
367.000	10.858
368.000	10.827
369.000	10.796
370.000	10.766
371.000	10.736
372.000	10.708
373.000	10.679
374.000	10.647
375.000	10.613
376.000	10.581
377.000	10.550
378.000	10.517
379.000	10.485
380.000	10.454
381.000	10.422
382.000	10.390
383.000	10.358
384.000	10.327
385.000	10.297
386.000	10.297
387.000	10.268
388.000	10.238
389.000	10.210
390.000	10.181
391.000	10.151
392.000	10.122
393.000	10.092
394.000	10.063
395.000	10.034
396.000	10.006
397.000	10.000
398.000	9.972
399.000	9.943
400.000	9.914
401.000	9.886
402.000	9.857
403.000	9.829
404.000	9.801
405.000	9.774
406.000	9.747
407.000	9.720
408.000	9.720
409.000	9.693
410.000	9.668
411.000	9.642
412.000	9.617
413.000	9.591
414.000	9.566
415.000	9.541
416.000	9.516
417.000	9.493
418.000	9.470
419.000	9.470
420.000	9.446
421.000	9.424
422.000	9.400
423.000	9.376
424.000	9.353
425.000	9.330
426.000	9.308
427.000	9.286
428.000	9.264
429.000	9.242
430.000	9.242
431.000	9.220
432.000	9.199
433.000	9.177
434.000	9.155
435.000	9.134
436.000	9.112
437.000	9.091
438.000	9.070
439.000	9.049
440.000	9.030
441.000	9.010
442.000	9.010
443.000	8.991
444.000	8.972
445.000	8.953
446.000	8.934
447.000	8.916
448.000	8.898
449.000	8.880
450.000	8.862
451.000	8.844
452.000	8.826
453.000	8.822
454.000	8.804
455.000	8.786
456.000	8.768
457.000	8.750
458.000	8.732
459.000	8.714
460.000	8.696
461.000	8.678
462.000	8.661
463.000	8.644
464.000	8.644
465.000	8.627
466.000	8.609
467.000	8.592
468.000	8.575
469.000	8.557
470.000	8.540
471.000	8.524
472.000	8.508
473.000	8.493
474.000	8.480
475.000	8.480
476.000	8.466
477.000	8.452
478.000	8.438
479.000	8.423
480.000	8.409
481.000	8.397
482.000	8.385
483.000	8.374
484.000	8.361
485.000	8.351
486.000	8.351
487.000	8.340
488.000	8.329
489.000	8.318
490.000	8.307
491.000	8.296
492.000	8.285
493.000	8.274
494.000	8.263
495.000	8.252
496.000	8.241
497.000	8.241
498.000	8.230
499.000	8.219
500.000	8.207
501.000	8.197
502.000	8.187
503.000	8.178
504.000	8.168
505.000	8.158
506.000	8.148
507.000	8.138
508.000	8.138
509.000	8.127
510.000	8.117
511.000	8.107
512.000	8.098
513.000	8.088
514.000	8.079
515.000	8.069
516.000	8.059
517.000	8.050
518.000	8.041
519.000	8.031
520.000	8.031
521.000	8.021
522.000	8.012
523.000	8.002
524.000	7.992
525.000	7.983
526.000	7.974
527.000	7.964
528.000	7.955
529.000	7.945
530.000	7.935
531.000	7.935
532.000	7.924
533.000	7.914
534.000	7.904
535.000	7.893
536.000	7.883
537.000	7.874
538.000	7.864
539.000	7.855
540.000	7.846
541.000	7.837
542.000	7.825
543.000	7.816
544.000	7.806
545.000	7.796
546.000	7.786
547.000	7.777
548.000	7.767
549.000	7.757
550.000	7.748
551.000	7.738
552.000	7.729
553.000	7.729
554.000	7.719
555.000	7.710
556.000	7.700
557.000	7.691
558.000	7.682
559.000	7.672
560.000	7.663
561.000	7.653
562.000	7.644
563.000	7.635
564.000	7.635
565.000	7.626
566.000	7.617
567.000	7.607
568.000	7.598
569.000	7.589
570.000	7.579
571.000	7.570
572.000	7.561
573.000	7.551
574.000	7.542
575.000	7.542
576.000	7.533
577.000	7.523
578.000	7.514
579.000	7.505
580.000	7.496
581.000	7.487
582.000	7.479
583.000	7.470
584.000	7.461
585.000	7.452
586.000	7.444
587.000	7.444
588.000	7.435
589.000	7.426
590.000	7.417
591.000	7.409
592.000	7.400
593.000	7.391
594.000	7.383
595.000	7.375
596.000	7.366
597.000	7.357
598.000	7.357
599.000	7.348
600.000	7.340
601.000	7.331
602.000	7.322
603.000	7.314
604.000	7.306
605.000	7.298
606.000	7.290
607.000	7.282
608.000	7.274
609.000	7.274
610.000	7.266
611.000	7.258
612.000	7.251
613.000	7.244
614.000	7.236
615.000	7.229
616.000	7.222
617.000	7.215
618.000	7.208
619.000	7.200
620.000	7.200
621.000	7.193
622.000	7.186
623.000	7.178
624.000	7.170
625.000	7.162
626.000	7.155
627.000	7.146
628.000	7.136
629.000	7.127
630.000	7.118
631.000	7.043
632.000	7.034
633.000	7.025
634.000	7.016
635.000	7.007
636.000	6.998
637.000	6.989
638.000	6.981
639.000	6.972
640.000	6.964
641.000	6.956
642.000	6.956
643.000	6.948
644.000	6.940
645.000	6.932
646.000	6.923
647.000	6.916
648.000	6.908
649.000	6.900
650.000	6.893
651.000	6.885
652.000	6.877
653.000	6.870
654.000	6.831
655.000	6.823
656.000	6.816
657.000	6.809
658.000	6.800
659.000	6.790
660.000	6.781
661.000	6.772
662.000	6.763
663.000	6.754
664.000	6.746
665.000	6.746
666.000	6.737
667.000	6.728
668.000	6.720
669.000	6.711
670.000	6.703
671.000	6.695
672.000	6.686
673.000	6.678
674.000	6.670
675.000	6.661
676.000	6.661
677.000	6.653
678.000	6.644
679.000	6.635
680.000	6.626
681.000	6.617
682.000	6.608
683.000	6.600
684.000	6.592
685.000	6.583
686.000	6.575
687.000	6.575
688.000	6.567
689.000	6.558
690.000	6.549
691.000	6.541
692.000	6.533
693.000	6.525
694.000	6.517
695.000	6.509
696.000	6.501
697.000	6.494
698.000	6.343
699.000	6.335
700.000	6.327
701.000	6.319
702.000	6.311
703.000	6.303
704.000	6.294
705.000	6.286
706.000	6.278
707.000	6.270
708.000	6.261
709.000	6.261
710.000	6.253
711.000	6.246
712.000	6.238
713.000	6.230
714.000	6.222
715.000	6.214
716.000	6.205
717.000	6.197
718.000	6.189
719.000	6.181
720.000	6.181
721.000	6.173
722.000	6.165
723.000	6.157
724.000	6.149
725.000	6.141
726.000	6.133
727.000	6.125
728.000	6.117
729.000	6.109
730.000	6.102
731.000	6.094
732.000	6.094
733.000	6.086
734.000	6.078
735.000	6.069
736.000	6.061
737.000	6.053
738.000	6.045
739.000	6.037
740.000	6.029
741.000	6.020
742.000	6.012
743.000	5.959
744.000	5.951
745.000	5.942
746.000	5.934
747.000	5.926
748.000	5.918
749.000	5.910
750.000	5.902
751.000	5.894
752.000	5.886
753.000	5.878
754.000	5.878
755.000	5.869
756.000	5.861
757.000	5.853
758.000	5.844
759.000	5.836
760.000	5.828
761.000	5.819
762.000	5.811
763.000	5.803
764.000	5.794
765.000	5.794
766.000	5.786
767.000	5.777
768.000	5.769
769.000	5.760
770.000	5.752
771.000	5.743
772.000	5.735
773.000	5.726
774.000	5.717
775.000	5.708
776.000	5.708
777.000	5.699
778.000	5.691
779.000	5.682
780.000	5.674
781.000	5.666
782.000	5.658
783.000	5.650
784.000	5.643
785.000	5.636
786.000	5.630
787.000	5.630
788.000	5.623
789.000	5.616
790.000	5.609
791.000	5.602
792.000	5.595
793.000	5.588
794.000	5.581
795.000	5.574
796.000	5.567
797.000	5.561
798.000	5.554
799.000	5.513
800.000	5.506
801.000	5.499
802.000	5.492
803.000	5.485
804.000	5.478
805.000	5.472
806.000	5.465
807.000	5.458
808.000	5.451
809.000	5.444
810.000	5.438
811.000	5.431
812.000	5.425
813.000	5.418
814.000	5.411
815.000	5.404
816.000	5.397
817.000	5.390
818.000	5.383
819.000	5.376
820.000	5.371
821.000	5.367
822.000	5.362
823.000	5.356
824.000	5.350
825.000	5.345
826.000	5.339
827.000	5.334
828.000	5.328
829.000	5.323
830.000	5.317
831.000	5.311
832.000	5.277
833.000	5.271
834.000	5.266
835.000	5.261
836.000	5.255
837.000	5.250
838.000	5.245
839.000	5.239
840.000	5.234
841.000	5.228
842.000	5.223
843.000	5.221
844.000	5.216
845.000	5.210
846.000	5.205
847.000	5.200
848.000	5.194
849.000	5.189
850.000	5.184
851.000	5.178
852.000	5.173
853.000	5.167
854.000	5.167
855.000	5.162
856.000	5.156
857.000	5.151
858.000	5.146
859.000	5.140
860.000	5.135
861.000	5.130
862.000	5.125
863.000	5.119
864.000	5.114
865.000	5.108
866.000	5.108
867.000	5.102
868.000	5.097
869.000	5.091
870.000	5.085
871.000	5.080
872.000	5.075
873.000	5.070
874.000	5.065
875.000	5.060
876.000	5.055
877.000	5.055
878.000	5.049
879.000	5.044
880.000	5.039
881.000	5.034
882.000	5.028
883.000	5.023
884.000	5.018
885.000	5.013
886.000	5.008
887.000	5.003
888.000	5.003
889.000	4.998
890.000	4.993
891.000	4.988
892.000	4.983
893.000	4.978
894.000	4.973
895.000	4.968
896.000	4.963
897.000	4.958
898.000	4.954
899.000	4.954
900.000	4.949
901.000	4.944
902.000	4.939
903.000	4.935
904.000	4.930
905.000	4.925
906.000	4.920
907.000	4.915
908.000	4.910
909.000	4.905
910.000	4.905
911.000	4.900
912.000	4.895
913.000	4.890
914.000	4.885
915.000	4.881
916.000	4.876
917.000	4.871
918.000	4.867
919.000	4.862
920.000	4.858
921.000	4.858
922.000	4.853
923.000	4.849
924.000	4.844
925.000	4.840
926.000	4.835
927.000	4.831
928.000	4.826
929.000	4.822
930.000	4.817
931.000	4.812
932.000	4.808
933.000	4.808
934.000	4.803
935.000	4.799
936.000	4.794
937.000	4.790
938.000	4.785
939.000	4.781
940.000	4.777
941.000	4.772
942.000	4.768
943.000	4.763
944.000	4.763
945.000	4.759
946.000	4.754
947.000	4.749
948.000	4.745
949.000	4.740
950.000	4.736
951.000	4.731
952.000	4.726
953.000	4.722
954.000	4.718
955.000	4.685
956.000	4.681
957.000	4.676
958.000	4.672
959.000	4.668
960.000	4.663
961.000	4.659
962.000	4.655
963.000	4.651
964.000	4.647
965.000	4.643
966.000	4.605
967.000	4.600
968.000	4.596
969.000	4.592
970.000	4.588
971.000	4.584
972.000	4.580
973.000	4.576
974.000	4.572
975.000	4.568
976.000	4.564
977.000	4.564
978.000	4.560
979.000	4.556
980.000	4.552
981.000	4.548
982.000	4.544
983.000	4.540
984.000	4.536
985.000	4.532
986.000	4.527
987.000	4.523
988.000	4.523
989.000	4.519
990.000	4.515
991.000	4.511
992.000	4.507
993.000	4.502
994.000	4.498
995.000	4.494
996.000	4.489
997.000	4.485
998.000	4.481
999.000	4.481
1000.000	4.476
1001.000	4.472
1002.000	4.468
1003.000	4.463
1004.000	4.459
1005.000	4.454
1006.000	4.450
1007.000	4.446
1008.000	4.442
1009.000	4.438
1010.000	4.433
1011.000	4.433
1012.000	4.429
1013.000	4.425
1014.000	4.421
1015.000	4.417
1016.000	4.413
1017.000	4.409
1018.000	4.405
1019.000	4.401
1020.000	4.397
1021.000	4.393
1022.000	4.393
1023.000	4.389
1024.000	4.385
1025.000	4.381
1026.000	4.377
1027.000	4.373
1028.000	4.369
1029.000	4.365
1030.000	4.361
1031.000	4.357
1032.000	4.353
1033.000	4.353
1034.000	4.349
1035.000	4.346
1036.000	4.342
1037.000	4.338
1038.000	4.334
1039.000	4.330
1040.000	4.327
1041.000	4.323
1042.000	4.319
1043.000	4.315
1044.000	4.315
1045.000	4.312
1046.000	4.308
1047.000	4.304
1048.000	4.301
1049.000	4.297
1050.000	4.294
1051.000	4.290
1052.000	4.287
1053.000	4.284
1054.000	4.280
1055.000	4.280
1056.000	4.277
1057.000	4.273
1058.000	4.270
1059.000	4.266
1060.000	4.263
1061.000	4.259
1062.000	4.256
1063.000	4.252
1064.000	4.249
1065.000	4.246
1066.000	4.246
1067.000	4.242
1068.000	4.239
1069.000	4.236
1070.000	4.233
1071.000	4.230
1072.000	4.227
1073.000	4.224
1074.000	4.221
1075.000	4.218
1076.000	4.215
1077.000	4.212
1078.000	4.212
1079.000	4.209
1080.000	4.206
1081.000	4.203
1082.000	4.200
1083.000	4.197
1084.000	4.194
1085.000	4.190
1086.000	4.187
1087.000	4.184
1088.000	4.181
1089.000	4.181
1090.000	4.178
1091.000	4.175
1092.000	4.172
1093.000	4.169
1094.000	4.166
1095.000	4.163
1096.000	4.160
1097.000	4.157
1098.000	4.155
1099.000	4.152
1100.000	4.135
1101.000	4.132
1102.000	4.129
1103.000	4.126
1104.000	4.123
1105.000	4.120
1106.000	4.117
1107.000	4.114
1108.000	4.111
1109.000	4.108
1110.000	4.105
1111.000	4.105
1112.000	4.102
1113.000	4.099
1114.000	4.096
1115.000	4.092
1116.000	4.089
1117.000	4.087
1118.000	4.084
1119.000	4.081
1120.000	4.078
1121.000	4.075
1122.000	4.075
1123.000	4.072
1124.000	4.069
1125.000	4.066
1126.000	4.063
1127.000	4.061
1128.000	4.058
1129.000	4.055
1130.000	4.052
1131.000	4.049
1132.000	4.046
1133.000	4.046
1134.000	4.043
1135.000	4.040
1136.000	4.038
1137.000	4.035
1138.000	4.032
1139.000	4.029
1140.000	4.026
1141.000	4.023
1142.000	4.021
1143.000	4.018
1144.000	4.015
1145.000	4.015
1146.000	4.012
1147.000	4.009
1148.000	4.006
1149.000	4.004
1150.000	4.001
1151.000	3.998
1152.000	3.996
1153.000	3.993
1154.000	3.990
1155.000	3.987
1156.000	3.987
1157.000	3.985
1158.000	3.982
1159.000	3.980
1160.000	3.977
1161.000	3.974
1162.000	3.972
1163.000	3.970
1164.000	3.967
1165.000	3.965
1166.000	3.962
1167.000	3.962
1168.000	3.960
1169.000	3.957
1170.000	3.955
1171.000	3.953
1172.000	3.951
1173.000	3.948
1174.000	3.946
1175.000	3.944
1176.000	3.941
1177.000	3.939
1178.000	3.939
1179.000	3.937
1180.000	3.935
1181.000	3.932
1182.000	3.930
1183.000	3.928
1184.000	3.926
1185.000	3.924
1186.000	3.922
1187.000	3.919
1188.000	3.917
1189.000	3.917
1190.000	3.915
1191.000	3.913
1192.000	3.911
1193.000	3.909
1194.000	3.906
1195.000	3.904
1196.000	3.902
1197.000	3.900
1198.000	3.898
1199.000	3.896
1200.000	3.896
1201.000	3.893
1202.000	3.891
1203.000	3.889
1204.000	3.887
1205.000	3.885
1206.000	3.883
1207.000	3.881
1208.000	3.879
1209.000	3.877
1210.000	3.876
1211.000	3.876
1212.000	3.874
1213.000	3.872
1214.000	3.870
1215.000	3.868
1216.000	3.866
1217.000	3.864
1218.000	3.862
1219.000	3.860
1220.000	3.858
1221.000	3.856
1222.000	3.854
1223.000	3.854
1224.000	3.852
1225.000	3.850
1226.000	3.849
1227.000	3.847
1228.000	3.845
1229.000	3.843
1230.000	3.841
1231.000	3.839
1232.000	3.837
1233.000	3.835
1234.000	3.835
1235.000	3.833
1236.000	3.831
1237.000	3.829
1238.000	3.827
1239.000	3.825
1240.000	3.824
1241.000	3.822
1242.000	3.820
1243.000	3.818
1244.000	3.816
1245.000	3.816
1246.000	3.814
1247.000	3.811
1248.000	3.809
1249.000	3.807
1250.000	3.805
1251.000	3.803
1252.000	3.800
1253.000	3.798
1254.000	3.796
1255.000	3.794
1256.000	3.794
1257.000	3.792
1258.000	3.790
1259.000	3.788
1260.000	3.786
1261.000	3.784
1262.000	3.782
1263.000	3.779
1264.000	3.777
1265.000	3.775
1266.000	3.773
1267.000	3.773
1268.000	3.770
1269.000	3.768
1270.000	3.766
1271.000	3.764
1272.000	3.761
1273.000	3.759
1274.000	3.757
1275.000	3.755
1276.000	3.752
1277.000	3.750
1278.000	3.750
1279.000	3.748
1280.000	3.746
1281.000	3.744
1282.000	3.742
1283.000	3.740
1284.000	3.738
1285.000	3.736
1286.000	3.734
1287.000	3.732
1288.000	3.730
1289.000	3.728
1290.000	3.728
1291.000	3.726
1292.000	3.724
1293.000	3.722
1294.000	3.720
1295.000	3.718
1296.000	3.716
1297.000	3.714
1298.000	3.712
1299.000	3.710
1300.000	3.708
1301.000	3.708
1302.000	3.707
1303.000	3.705
1304.000	3.703
1305.000	3.701
1306.000	3.699
1307.000	3.697
1308.000	3.696
1309.000	3.694
1310.000	3.692
1311.000	3.690
1312.000	3.690
1313.000	3.688
1314.000	3.687
1315.000	3.685
1316.000	3.683
1317.000	3.681
1318.000	3.679
1319.000	3.678
1320.000	3.676
1321.000	3.674
1322.000	3.672
1323.000	3.672
1324.000	3.670
1325.000	3.668
1326.000	3.667
1327.000	3.665
1328.000	3.663
1329.000	3.662
1330.000	3.660
1331.000	3.658
1332.000	3.657
1333.000	3.655
1334.000	3.655
1335.000	3.653
1336.000	3.652
1337.000	3.650
1338.000	3.648
1339.000	3.647
1340.000	3.645
1341.000	3.643
1342.000	3.642
1343.000	3.640
1344.000	3.638
1345.000	3.638
1346.000	3.636
1347.000	3.634
1348.000	3.631
1349.000	3.628
1350.000	3.625
1351.000	3.622
1352.000	3.619
1353.000	3.616
1354.000	3.613
1355.000	3.610
1356.000	3.608
1357.000	3.608
1358.000	3.605
1359.000	3.602
1360.000	3.599
1361.000	3.596
1362.000	3.593
1363.000	3.591
1364.000	3.588
1365.000	3.585
1366.000	3.582
1367.000	3.580
1368.000	3.580
1369.000	3.577
1370.000	3.574
1371.000	3.572
1372.000	3.569
1373.000	3.566
1374.000	3.564
1375.000	3.561
1376.000	3.559
1377.000	3.556
1378.000	3.554
1379.000	3.554
1380.000	3.551
1381.000	3.549
1382.000	3.546
1383.000	3.544
1384.000	3.541
1385.000	3.539
1386.000	3.537
1387.000	3.534
1388.000	3.532
1389.000	3.529
1390.000	3.489
1391.000	3.486
1392.000	3.484
1393.000	3.482
1394.000	3.479
1395.000	3.477
1396.000	3.474
1397.000	3.472
1398.000	3.469
1399.000	3.467
1400.000	3.465
1401.000	3.465
1402.000	3.462
1403.000	3.460
1404.000	3.458
1405.000	3.455
1406.000	3.453
1407.000	3.451
1408.000	3.449
1409.000	3.446
1410.000	3.444
1411.000	3.442
1412.000	3.442
1413.000	3.440
1414.000	3.437
1415.000	3.435
1416.000	3.433
1417.000	3.431
1418.000	3.428
1419.000	3.426
1420.000	3.424
1421.000	3.422
1422.000	3.419
1423.000	3.419
1424.000	3.417
1425.000	3.415
1426.000	3.413
1427.000	3.410
1428.000	3.408
1429.000	3.406
1430.000	3.404
1431.000	3.402
1432.000	3.399
1433.000	3.397
1434.000	3.395
1435.000	3.395
1436.000	3.393
1437.000	3.390
1438.000	3.388
1439.000	3.386
1440.000	3.384
1441.000	3.382
1442.000	3.379
1443.000	3.377
1444.000	3.375
1445.000	3.373
1446.000	3.373
1447.000	3.371
1448.000	3.368
1449.000	3.366
1450.000	3.364
1451.000	3.362
1452.000	3.360
1453.000	3.357
1454.000	3.355
1455.000	3.353
1456.000	3.351
1457.000	3.351
1458.000	3.349
1459.000	3.346
1460.000	3.344
1461.000	3.342
1462.000	3.340
1463.000	3.338
1464.000	3.336
1465.000	3.333
1466.000	3.331
1467.000	3.329
1468.000	3.329
1469.000	3.327
1470.000	3.325
1471.000	3.322
1472.000	3.320
1473.000	3.318
1474.000	3.316
1475.000	3.314
1476.000	3.312
1477.000	3.310
1478.000	3.308
1479.000	3.186
1480.000	3.184
1481.000	3.182
1482.000	3.180
1483.000	3.178
1484.000	3.176
1485.000	3.174
1486.000	3.172
1487.000	3.170
1488.000	3.168
1489.000	3.166
1490.000	3.166
1491.000	3.163
1492.000	3.161
1493.000	3.159
1494.000	3.157
1495.000	3.155
1496.000	3.154
1497.000	3.152
1498.000	3.150
1499.000	3.148
1500.000	3.146
1501.000	3.144
1502.000	3.144
1503.000	3.142
1504.000	3.140
1505.000	3.138
1506.000	3.137
1507.000	3.135
1508.000	3.133
1509.000	3.131
1510.000	3.129
1511.000	3.127
1512.000	3.125
1513.000	3.125
1514.000	3.124
1515.000	3.122
1516.000	3.120
1517.000	3.118
1518.000	3.116
1519.000	3.114
1520.000	3.113
1521.000	3.111
1522.000	3.109
1523.000	3.107
1524.000	3.107
1525.000	3.106
1526.000	3.104
1527.000	3.103
1528.000	3.101
1529.000	3.099
1530.000	3.098
1531.000	3.096
1532.000	3.095
1533.000	3.093
1534.000	3.092
1535.000	3.092
1536.000	3.090
1537.000	3.089
1538.000	3.087
1539.000	3.085
1540.000	3.084
1541.000	3.082
1542.000	3.081
1543.000	3.079
1544.000	3.078
1545.000	3.076
1546.000	3.076
1547.000	3.075
1548.000	3.074
1549.000	3.072
1550.000	3.071
1551.000	3.069
1552.000	3.068
1553.000	3.067
1554.000	3.065
1555.000	3.064
1556.000	3.063
1557.000	3.063
1558.000	3.061
1559.000	3.060
1560.000	3.059
1561.000	3.057
1562.000	3.056
1563.000	3.054
1564.000	3.053
1565.000	3.051
1566.000	3.049
1567.000	3.047
1568.000	3.046
1569.000	3.046
1570.000	3.044
1571.000	3.042
1572.000	3.040
1573.000	3.039
1574.000	3.037
1575.000	3.035
1576.000	3.033
1577.000	3.031
1578.000	3.029
1579.000	3.027
1580.000	3.027
1581.000	3.024
1582.000	3.022
1583.000	3.020
1584.000	3.018
1585.000	3.015
1586.000	3.013
1587.000	3.011
1588.000	3.008
1589.000	3.006
1590.000	3.004
1591.000	3.004
1592.000	3.001
1593.000	2.999
1594.000	2.997
1595.000	2.994
1596.000	2.992
1597.000	2.990
1598.000	2.987
1599.000	2.985
1600.000	2.983
1601.000	2.980
1602.000	2.980
1603.000	2.978
1604.000	2.976
1605.000	2.973
1606.000	2.971
1607.000	2.969
1608.000	2.967
1609.000	2.964
1610.000	2.962
1611.000	2.960
1612.000	2.957
1613.000	2.957
1614.000	2.955
1615.000	2.953
1616.000	2.950
1617.000	2.948
1618.000	2.946
1619.000	2.944
1620.000	2.941
1621.000	2.939
1622.000	2.937
1623.000	2.934
1624.000	2.934
1625.000	2.932
1626.000	2.929
1627.000	2.927
1628.000	2.924
1629.000	2.922
1630.000	2.919
1631.000	2.917
1632.000	2.914
1633.000	2.912
1634.000	2.909
1635.000	2.907
1636.000	2.907
1637.000	2.904
1638.000	2.902
1639.000	2.900
1640.000	2.897
1641.000	2.895
1642.000	2.893
1643.000	2.891
1644.000	2.889
1645.000	2.888
1646.000	2.886
1647.000	2.886
1648.000	2.885
1649.000	2.884
1650.000	2.882
1651.000	2.881
1652.000	2.880
1653.000	2.878
1654.000	2.877
1655.000	2.876
1656.000	2.875
1657.000	2.873
1658.000	2.873
1659.000	2.872
1660.000	2.871
1661.000	2.869
1662.000	2.868
1663.000	2.867
1664.000	2.865
1665.000	2.864
1666.000	2.863
1667.000	2.862
1668.000	2.860
1669.000	2.860
1670.000	2.859
1671.000	2.858
1672.000	2.856
1673.000	2.855
1674.000	2.854
1675.000	2.853
1676.000	2.851
1677.000	2.850
1678.000	2.849
1679.000	2.847
1680.000	2.847
1681.000	2.846
1682.000	2.845
1683.000	2.844
1684.000	2.842
1685.000	2.841
1686.000	2.840
1687.000	2.839
1688.000	2.837
1689.000	2.836
1690.000	2.835
1691.000	2.835
1692.000	2.833
1693.000	2.832
1694.000	2.831
1695.000	2.830
1696.000	2.828
1697.000	2.827
1698.000	2.826
1699.000	2.825
1700.000	2.823
1701.000	2.822
1702.000	2.822
1703.000	2.821
1704.000	2.819
1705.000	2.818
1706.000	2.816
1707.000	2.815
1708.000	2.813
1709.000	2.812
1710.000	2.810
1711.000	2.809
1712.000	2.807
1713.000	2.806
1714.000	2.806
1715.000	2.804
1716.000	2.803
1717.000	2.801
1718.000	2.800
1719.000	2.798
1720.000	2.797
1721.000	2.795
1722.000	2.794
1723.000	2.792
1724.000	2.791
1725.000	2.791
1726.000	2.789
1727.000	2.787
1728.000	2.786
1729.000	2.784
1730.000	2.783
1731.000	2.781
1732.000	2.779
1733.000	2.778
1734.000	2.776
1735.000	2.775
1736.000	2.775
1737.000	2.773
1738.000	2.771
1739.000	2.770
1740.000	2.768
1741.000	2.767
1742.000	2.765
1743.000	2.763
1744.000	2.762
1745.000	2.760
1746.000	2.759
1747.000	2.759
1748.000	2.757
1749.000	2.756
1750.000	2.754
1751.000	2.752
1752.000	2.751
1753.000	2.749
1754.000	2.748
1755.000	2.746
1756.000	2.744
1757.000	2.743
1758.000	2.743
1759.000	2.741
1760.000	2.740
1761.000	2.738
1762.000	2.737
1763.000	2.735
1764.000	2.733
1765.000	2.732
1766.000	2.730
1767.000	2.729
1768.000	2.727
1769.000	2.727
1770.000	2.726
1771.000	2.724
1772.000	2.722
1773.000	2.721
1774.000	2.719
1775.000	2.718
1776.000	2.716
1777.000	2.714
1778.000	2.713
1779.000	2.711
1780.000	2.709
1781.000	2.709
1782.000	2.708
1783.000	2.706
1784.000	2.704
1785.000	2.702
1786.000	2.700
1787.000	2.699
1788.000	2.697
1789.000	2.695
1790.000	2.693
1791.000	2.691
1792.000	2.691
1793.000	2.689
1794.000	2.687
1795.000	2.685
1796.000	2.684
1797.000	2.682
1798.000	2.680
1799.000	2.678
1800.000	2.676
1801.000	2.674
1802.000	2.672
1803.000	2.672
1804.000	2.671
1805.000	2.669
1806.000	2.667
1807.000	2.665
1808.000	2.663
1809.000	2.661
1810.000	2.659
1811.000	2.658
1812.000	2.656
1813.000	2.654
1814.000	2.654
1815.000	2.652
1816.000	2.650
1817.000	2.648
1818.000	2.646
1819.000	2.645
1820.000	2.643
1821.000	2.641
1822.000	2.639
1823.000	2.637
1824.000	2.635
1825.000	2.635
1826.000	2.633
1827.000	2.631
1828.000	2.630
1829.000	2.628
1830.000	2.626
1831.000	2.624
1832.000	2.622
1833.000	2.620
1834.000	2.618
1835.000	2.616
1836.000	2.616
1837.000	2.615
1838.000	2.613
1839.000	2.611
1840.000	2.609
1841.000	2.607
1842.000	2.605
1843.000	2.603
1844.000	2.602
1845.000	2.600
1846.000	2.598
1847.000	2.596
1848.000	2.596
1849.000	2.594
1850.000	2.592
1851.000	2.590
1852.000	2.588
1853.000	2.587
1854.000	2.585
1855.000	2.583
1856.000	2.581
1857.000	2.579
1858.000	2.577
1859.000	2.577
1860.000	2.575
1861.000	2.573
1862.000	2.572
1863.000	2.570
1864.000	2.568
1865.000	2.566
1866.000	2.564
1867.000	2.562
1868.000	2.560
1869.000	2.558
1870.000	2.558
1871.000	2.556
1872.000	2.554
1873.000	2.552
1874.000	2.550
1875.000	2.548
1876.000	2.546
1877.000	2.544
1878.000	2.542
1879.000	2.540
1880.000	2.539
1881.000	2.539
1882.000	2.537
1883.000	2.535
1884.000	2.533
1885.000	2.531
1886.000	2.529
1887.000	2.527
1888.000	2.525
1889.000	2.523
1890.000	2.521
1891.000	2.519
1892.000	2.519
1893.000	2.517
1894.000	2.515
1895.000	2.513
1896.000	2.511
1897.000	2.509
1898.000	2.507
1899.000	2.505
1900.000	2.503
1901.000	2.501
1902.000	2.499
1903.000	2.499
1904.000	2.498
1905.000	2.496
1906.000	2.494
1907.000	2.493
1908.000	2.491
1909.000	2.490
1910.000	2.488
1911.000	2.486
1912.000	2.485
1913.000	2.483
1914.000	2.483
1915.000	2.482
1916.000	2.480
1917.000	2.478
1918.000	2.477
1919.000	2.475
1920.000	2.474
1921.000	2.473
1922.000	2.472
1923.000	2.470
1924.000	2.469
1925.000	2.468
1926.000	2.468
1927.000	2.467
1928.000	2.466
1929.000	2.465
1930.000	2.463
1931.000	2.462
1932.000	2.461
1933.000	2.460
1934.000	2.459
1935.000	2.458
1936.000	2.457
1937.000	2.457
1938.000	2.456
1939.000	2.455
1940.000	2.454
1941.000	2.453
1942.000	2.452
1943.000	2.450
1944.000	2.449
1945.000	2.448
1946.000	2.447
1947.000	2.446
1948.000	2.446
1949.000	2.444
1950.000	2.443
1951.000	2.442
1952.000	2.441
1953.000	2.440
1954.000	2.438
1955.000	2.437
1956.000	2.436
1957.000	2.435
1958.000	2.433
1959.000	2.383
1960.000	2.382
1961.000	2.380
1962.000	2.379
1963.000	2.378
1964.000	2.377
1965.000	2.376
1966.000	2.374
1967.000	2.373
1968.000	2.372
1969.000	2.371
1970.000	2.371
1971.000	2.370
1972.000	2.369
1973.000	2.368
1974.000	2.367
1975.000	2.366
1976.000	2.365
1977.000	2.364
1978.000	2.363
1979.000	2.362
1980.000	2.361
1981.000	2.361
1982.000	2.360
1983.000	2.359
1984.000	2.358
1985.000	2.357
1986.000	2.356
1987.000	2.355
1988.000	2.354
1989.000	2.353
1990.000	2.352
1991.000	2.351
1992.000	2.350
1993.000	2.350
1994.000	2.349
1995.000	2.348
1996.000	2.347
1997.000	2.346
1998.000	2.345
1999.000	2.344
2000.000	2.344
2001.000	2.343
2002.000	2.342
2003.000	2.341
2004.000	2.341
2005.000	2.340
2006.000	2.339
2007.000	2.338
2008.000	2.337
2009.000	2.336
2010.000	2.335
2011.000	2.334
2012.000	2.333
2013.000	2.332
2014.000	2.331
2015.000	2.331
2016.000	2.330
2017.000	2.329
2018.000	2.328
2019.000	2.327
2020.000	2.326
2021.000	2.325
2022.000	2.324
2023.000	2.323
2024.000	2.323
2025.000	2.322
2026.000	2.322
2027.000	2.321
2028.000	2.320
2029.000	2.319
2030.000	2.318
2031.000	2.317
2032.000	2.316
2033.000	2.315
2034.000	2.314
2035.000	2.313
2036.000	2.312
2037.000	2.312
2038.000	2.311
2039.000	2.310
2040.000	2.309
2041.000	2.308
2042.000	2.307
2043.000	2.306
2044.000	2.305
2045.000	2.305
2046.000	2.304
2047.000	2.303
2048.000	2.303
2049.000	2.302
2050.000	2.301
2051.000	2.300
2052.000	2.299
2053.000	2.298
2054.000	2.297
2055.000	2.296
2056.000	2.295
2057.000	2.294
2058.000	2.293
2059.000	2.292
2060.000	2.292
2061.000	2.291
2062.000	2.290
2063.000	2.290
2064.000	2.289
2065.000	2.288
2066.000	2.287
2067.000	2.286
2068.000	2.285
2069.000	2.284
2070.000	2.283
2071.000	2.283
2072.000	2.282
2073.000	2.281
2074.000	2.281
2075.000	2.280
2076.000	2.279
2077.000	2.279
2078.000	2.278
2079.000	2.277
2080.000	2.276
2081.000	2.276
2082.000	2.276
2083.000	2.275
2084.000	2.274
2085.000	2.273
2086.000	2.273
2087.000	2.272
2088.000	2.271
2089.000	2.270
2090.000	2.269
2091.000	2.268
2092.000	2.268
2093.000	2.268
2094.000	2.267
2095.000	2.266
2096.000	2.265
2097.000	2.264
2098.000	2.264
2099.000	2.263
2100.000	2.262
2101.000	2.261
2102.000	2.261
2103.000	2.260
2104.000	2.260
2105.000	2.259
2106.000	2.259
2107.000	2.258
2108.000	2.257
2109.000	2.256
2110.000	2.256
2111.000	2.255
2112.000	2.254
2113.000	2.253
2114.000	2.253
2115.000	2.253
2116.000	2.252
2117.000	2.251
2118.000	2.250
2119.000	2.250
2120.000	2.249
2121.000	2.248
2122.000	2.248
2123.000	2.247
2124.000	2.246
2125.000	2.245
2126.000	2.245
2127.000	2.245
2128.000	2.244
2129.000	2.243
2130.000	2.242
2131.000	2.242
2132.000	2.241
2133.000	2.240
2134.000	2.240
2135.000	2.239
2136.000	2.238
2137.000	2.237
2138.000	2.237
2139.000	2.237
2140.000	2.236
2141.000	2.235
2142.000	2.235
2143.000	2.234
2144.000	2.233
2145.000	2.232
2146.000	2.232
2147.000	2.231
2148.000	2.230
2149.000	2.230
2150.000	2.229
2151.000	2.229
2152.000	2.228
2153.000	2.227
2154.000	2.227
2155.000	2.226
2156.000	2.225
2157.000	2.224
2158.000	2.224
2159.000	2.223
2160.000	2.223
2161.000	2.223
2162.000	2.222
2163.000	2.221
2164.000	2.221
2165.000	2.220
2166.000	2.220
2167.000	2.219
2168.000	2.218
2169.000	2.218
2170.000	2.218
2171.000	2.218
2172.000	2.217
2173.000	2.217
2174.000	2.216
2175.000	2.216
2176.000	2.215
2177.000	2.215
2178.000	2.214
2179.000	2.214
2180.000	2.214
2181.000	2.213
2182.000	2.213
2183.000	2.213
2184.000	2.212
2185.000	2.212
2186.000	2.211
2187.000	2.211
2188.000	2.210
2189.000	2.210
2190.000	2.210
2191.000	2.209
2192.000	2.209
2193.000	2.209
2194.000	2.208
2195.000	2.208
2196.000	2.207
2197.000	2.207
2198.000	2.206
2199.000	2.206
2200.000	2.206
2201.000	2.205
2202.000	2.205
2203.000	2.204
2204.000	2.204
2205.000	2.204
2206.000	2.203
2207.000	2.203
2208.000	2.202
2209.000	2.202
2210.000	2.201
2211.000	2.201
2212.000	2.200
2213.000	2.200
2214.000	2.199
2215.000	2.199
2216.000	2.199
2217.000	2.198
2218.000	2.198
2219.000	2.198
2220.000	2.197
2221.000	2.197
2222.000	2.196
2223.000	2.196
2224.000	2.195
2225.000	2.195
2226.000	2.194
2227.000	2.194
2228.000	2.194
2229.000	2.193
2230.000	2.193
2231.000	2.192
2232.000	2.192
2233.000	2.191
2234.000	2.191
2235.000	2.190
2236.000	2.190
2237.000	2.189
2238.000	2.189
2239.000	2.189
2240.000	2.189
2241.000	2.188
2242.000	2.188
2243.000	2.187
2244.000	2.187
2245.000	2.186
2246.000	2.186
2247.000	2.185
2248.000	2.185
2249.000	2.185
2250.000	2.184
2251.000	2.184
2252.000	2.184
2253.000	2.183
2254.000	2.183
2255.000	2.182
2256.000	2.182
2257.000	2.181
2258.000	2.181
2259.000	2.180
2260.000	2.180
2261.000	2.180
2262.000	2.179
2263.000	2.179
2264.000	2.179
2265.000	2.178
2266.000	2.178
2267.000	2.177
2268.000	2.177
2269.000	2.176
2270.000	2.176
2271.000	2.176
2272.000	2.176
2273.000	2.175
2274.000	2.175
2275.000	2.175
2276.000	2.174
2277.000	2.174
2278.000	2.174
2279.000	2.173
2280.000	2.173
2281.000	2.173
2282.000	2.172
2283.000	2.172
2284.000	2.172
2285.000	2.171
2286.000	2.171
2287.000	2.171
2288.000	2.170
2289.000	2.170
2290.000	2.169
2291.000	2.169
2292.000	2.169
2293.000	2.168
2294.000	2.168
2295.000	2.168
2296.000	2.168
2297.000	2.167
2298.000	2.167
2299.000	2.166
2300.000	2.166
2301.000	2.166
2302.000	2.165
2303.000	2.165
2304.000	2.164
2305.000	2.164
2306.000	2.164
2307.000	2.164
2308.000	2.163
2309.000	2.163
2310.000	2.163
2311.000	2.162
2312.000	2.162
2313.000	2.161
2314.000	2.161
2315.000	2.161
2316.000	2.161
2317.000	2.160
2318.000	2.160
2319.000	2.160
2320.000	2.159
2321.000	2.159
2322.000	2.158
2323.000	2.158
2324.000	2.158
2325.000	2.157
2326.000	2.157
2327.000	2.157
2328.000	2.156
2329.000	2.156
2330.000	2.156
2331.000	2.155
2332.000	2.155
2333.000	2.154
2334.000	2.154
2335.000	2.153
2336.000	2.153
2337.000	2.153
2338.000	2.152
2339.000	2.152
2340.000	2.152
2341.000	2.151
2342.000	2.151
2343.000	2.150
2344.000	2.150
2345.000	2.149
2346.000	2.149
2347.000	2.148
2348.000	2.148
2349.000	2.147
2350.000	2.147
2351.000	2.147
2352.000	2.147
2353.000	2.146
2354.000	2.146
2355.000	2.145
2356.000	2.145
2357.000	2.145
2358.000	2.144
2359.000	2.144
2360.000	2.144
2361.000	2.144
2362.000	2.143
2363.000	2.143
2364.000	2.142
2365.000	2.142
2366.000	2.142
2367.000	2.142
2368.000	2.141
2369.000	2.141
2370.000	2.141
2371.000	2.140
2372.000	2.140
2373.000	2.140
2374.000	2.140
2375.000	2.139
2376.000	2.139
2377.000	2.139
2378.000	2.138
2379.000	2.138
2380.000	2.138
2381.000	2.137
2382.000	2.137
2383.000	2.137
2384.000	2.137
2385.000	2.137
2386.000	2.136
2387.000	2.136
2388.000	2.136
2389.000	2.135
2390.000	2.135
2391.000	2.135
2392.000	2.134
2393.000	2.134
2394.000	2.134
2395.000	2.134
2396.000	2.133
2397.000	2.133
2398.000	2.133
2399.000	2.132
2400.000	2.132
2401.000	2.132
2402.000	2.131
2403.000	2.131
2404.000	2.131
2405.000	2.131
2406.000	2.130
2407.000	2.130
2408.000	2.130
2409.000	2.129
2410.000	2.129
2411.000	2.128
2412.000	2.128
2413.000	2.128
2414.000	2.127
2415.000	2.127
2416.000	2.127
2417.000	2.127
2418.000	2.126
2419.000	2.126
2420.000	2.126
2421.000	2.125
2422.000	2.125
2423.000	2.125
2424.000	2.124
2425.000	2.124
2426.000	2.124
2427.000	2.123
2428.000	2.123
2429.000	2.123
2430.000	2.123
2431.000	2.122
2432.000	2.122
2433.000	2.122
2434.000	2.121
2435.000	2.121
2436.000	2.121
2437.000	2.120
2438.000	2.120
2439.000	2.120
2440.000	2.120
2441.000	2.119
2442.000	2.119
2443.000	2.119
2444.000	2.118
2445.000	2.118
2446.000	2.118
2447.000	2.117
2448.000	2.117
2449.000	2.117
2450.000	2.117
2451.000	2.116
2452.000	2.116
2453.000	2.115
2454.000	2.115
2455.000	2.115
2456.000	2.114
2457.000	2.114
2458.000	2.114
2459.000	2.113
2460.000	2.113
2461.000	2.113
2462.000	2.113
2463.000	2.112
2464.000	2.112
2465.000	2.112
2466.000	2.111
2467.000	2.111
2468.000	2.111
2469.000	2.110
2470.000	2.110
2471.000	2.110
2472.000	2.110
2473.000	2.109
2474.000	2.109
2475.000	2.109
2476.000	2.108
2477.000	2.108
2478.000	2.108
2479.000	2.107
2480.000	2.107
2481.000	2.107
2482.000	2.106
2483.000	2.106
2484.000	2.106
2485.000	2.106
2486.000	2.105
2487.000	2.105
2488.000	2.105
2489.000	2.104
2490.000	2.104
2491.000	2.104
2492.000	2.103
2493.000	2.103
2494.000	2.103
2495.000	2.103
2496.000	2.102
2497.000	2.102
2498.000	2.102
2499.000	2.101
2500.000	2.101
2501.000	2.101
2502.000	2.100
2503.000	2.100
2504.000	2.100
2505.000	2.099
2506.000	2.099
2507.000	2.099
2508.000	2.099
2509.000	2.098
2510.000	2.098
2511.000	2.098
2512.000	2.097
2513.000	2.097
2514.000	2.097
2515.000	2.096
2516.000	2.096
2517.000	2.096
2518.000	2.096
2519.000	2.095
2520.000	2.095
2521.000	2.095
2522.000	2.094
2523.000	2.094
2524.000	2.094
2525.000	2.093
2526.000	2.093
2527.000	2.093
2528.000	2.093
2529.000	2.092
2530.000	2.092
2531.000	2.092
2532.000	2.092
2533.000	2.092
2534.000	2.091
2535.000	2.091
2536.000	2.091
2537.000	2.091
2538.000	2.090
2539.000	2.090
2540.000	2.090
2541.000	2.090
2542.000	2.090
2543.000	2.089
2544.000	2.089
2545.000	2.089
2546.000	2.089
2547.000	2.088
2548.000	2.088
2549.000	2.088
2550.000	2.088
2551.000	2.088
2552.000	2.088
2553.000	2.087
2554.000	2.087
2555.000	2.087
2556.000	2.086
2557.000	2.086
2558.000	2.086
2559.000	2.086
2560.000	2.085
2561.000	2.085
2562.000	2.085
2563.000	2.085
2564.000	2.084
2565.000	2.084
2566.000	2.084
2567.000	2.084
2568.000	2.083
2569.000	2.083
2570.000	2.083
2571.000	2.082
2572.000	2.082
2573.000	2.082
2574.000	2.082
2575.000	2.082
2576.000	2.081
2577.000	2.081
2578.000	2.081
2579.000	2.081
2580.000	2.080
2581.000	2.080
2582.000	2.080
2583.000	2.079
2584.000	2.079
2585.000	2.079
2586.000	2.079
2587.000	2.079
2588.000	2.078
2589.000	2.078
2590.000	2.078
2591.000	2.078
2592.000	2.077
2593.000	2.077
2594.000	2.077
2595.000	2.077
2596.000	2.076
2597.000	2.076
2598.000	2.076
2599.000	2.076
2600.000	2.075
2601.000	2.075
2602.000	2.075
2603.000	2.074
2604.000	2.074
2605.000	2.074
2606.000	2.074
2607.000	2.074
2608.000	2.073
2609.000	2.073
2610.000	2.073
2611.000	2.073
2612.000	2.072
2613.000	2.072
2614.000	2.072
2615.000	2.071
2616.000	2.071
2617.000	2.071
2618.000	2.071
2619.000	2.071
2620.000	2.070
2621.000	2.070
2622.000	2.070
2623.000	2.070
2624.000	2.069
2625.000	2.069
2626.000	2.069
2627.000	2.068
2628.000	2.068
2629.000	2.068
2630.000	2.068
2631.000	2.068
2632.000	2.067
2633.000	2.067
2634.000	2.067
2635.000	2.067
2636.000	2.066
2637.000	2.066
2638.000	2.066
2639.000	2.065
2640.000	2.065
2641.000	2.065
2642.000	2.065
2643.000	2.065
2644.000	2.064
2645.000	2.064
2646.000	2.064
2647.000	2.064
2648.000	2.063
2649.000	2.063
2650.000	2.063
2651.000	2.063
2652.000	2.062
2653.000	2.062
2654.000	2.062
2655.000	2.062
2656.000	2.061
2657.000	2.061
2658.000	2.061
2659.000	2.061
2660.000	2.060
2661.000	2.060
2662.000	2.060
2663.000	2.060
2664.000	2.060
2665.000	2.059
2666.000	2.059
2667.000	2.059
2668.000	2.058
2669.000	2.058
2670.000	2.058
2671.000	2.058
2672.000	2.057
2673.000	2.057
2674.000	2.057
2675.000	2.057
2676.000	2.057
2677.000	2.057
2678.000	2.056
2679.000	2.056
2680.000	2.056
2681.000	2.056
2682.000	2.055
2683.000	2.055
2684.000	2.055
2685.000	2.055
2686.000	2.055
2687.000	2.054
2688.000	2.054
2689.000	2.054
2690.000	2.054
2691.000	2.053
2692.000	2.053
2693.000	2.053
2694.000	2.053
2695.000	2.053
2696.000	2.053
2697.000	2.052
2698.000	2.052
2699.000	2.052
2700.000	2.052
2701.000	2.051
2702.000	2.051
2703.000	2.051
2704.000	2.051
2705.000	2.050
2706.000	2.050
2707.000	2.050
2708.000	2.050
2709.000	2.050
2710.000	2.049
2711.000	2.049
2712.000	2.049
2713.000	2.049
2714.000	2.048
2715.000	2.048
2716.000	2.048
2717.000	2.048
2718.000	2.048
2719.000	2.047
2720.000	2.047
2721.000	2.047
2722.000	2.047
2723.000	2.046
2724.000	2.046
2725.000	2.046
2726.000	2.046
2727.000	2.045
2728.000	2.045
2729.000	2.045
2730.000	2.045
2731.000	2.045
2732.000	2.044
2733.000	2.044
2734.000	2.044
2735.000	2.044
2736.000	2.043
2737.000	2.043
2738.000	2.043
2739.000	2.042
2740.000	2.042
2741.000	2.042
2742.000	2.042
2743.000	2.042
2744.000	2.041
2745.000	2.041
2746.000	2.041
2747.000	2.041
2748.000	2.040
2749.000	2.040
2750.000	2.040
2751.000	2.040
2752.000	2.040
2753.000	2.039
2754.000	2.039
2755.000	2.039
2756.000	2.039
2757.000	2.038
2758.000	2.038
2759.000	2.038
2760.000	2.037
2761.000	2.037
2762.000	2.037
2763.000	2.037
2764.000	2.037
2765.000	2.037
2766.000	2.036
2767.000	2.036
2768.000	2.036
2769.000	2.036
2770.000	2.035
2771.000	2.035
2772.000	2.035
2773.000	2.035
2774.000	2.035
2775.000	2.034
2776.000	2.034
2777.000	2.034
2778.000	2.034
2779.000	2.034
2780.000	2.033
2781.000	2.033
2782.000	2.033
2783.000	2.033
2784.000	2.032
2785.000	2.032
2786.000	2.032
2787.000	2.032
2788.000	2.032
2789.000	2.031
2790.000	2.031
2791.000	2.031
2792.000	2.030
2793.000	2.030
2794.000	2.030
2795.000	2.029
2796.000	2.029
2797.000	2.029
2798.000	2.029
2799.000	2.029
2800.000	2.028
2801.000	2.028
2802.000	2.028
2803.000	2.027
2804.000	2.027
2805.000	2.027
2806.000	2.027
2807.000	2.027
2808.000	2.026
2809.000	2.026
2810.000	2.026
2811.000	2.025
2812.000	2.025
2813.000	2.025
2814.000	2.024
2815.000	2.024
2816.000	2.024
2817.000	2.024
2818.000	2.024
2819.000	2.023
2820.000	2.023
2821.000	2.023
2822.000	2.022
2823.000	2.022
2824.000	2.022
2825.000	2.022
2826.000	2.021
2827.000	2.021
2828.000	2.021
2829.000	2.021
2830.000	2.021
2831.000	2.021
2832.000	2.020
2833.000	2.020
2834.000	2.020
2835.000	2.020
2836.000	2.019
2837.000	2.019
2838.000	2.019
2839.000	2.019
2840.000	2.018
2841.000	2.018
2842.000	2.018
2843.000	2.018
2844.000	2.018
2845.000	2.017
2846.000	2.017
2847.000	2.017
2848.000	2.017
2849.000	2.016
2850.000	2.016
2851.000	2.016
2852.000	2.016
2853.000	2.016
2854.000	2.015
2855.000	2.015
2856.000	2.015
2857.000	2.015
2858.000	2.014
2859.000	2.014
2860.000	2.014
2861.000	2.013
2862.000	2.013
2863.000	2.013
2864.000	2.013
2865.000	2.013
2866.000	2.012
2867.000	2.012
2868.000	2.012
2869.000	2.012
2870.000	2.011
2871.000	2.011
2872.000	2.011
2873.000	2.010
2874.000	2.010
2875.000	2.010
2876.000	2.010
2877.000	2.010
2878.000	2.009
2879.000	2.009
2880.000	2.009
2881.000	2.009
2882.000	2.008
2883.000	2.008
2884.000	2.008
2885.000	2.008
2886.000	2.007
2887.000	2.007
2888.000	2.007
2889.000	2.006
2890.000	2.006
2891.000	2.006
2892.000	2.006
2893.000	2.005
2894.000	2.005
2895.000	2.005
2896.000	2.005
2897.000	2.004
2898.000	2.004
2899.000	2.004
2900.000	2.003
2901.000	2.003
2902.000	2.003
2903.000	2.003
2904.000	2.002
2905.000	2.002
2906.000	2.002
2907.000	2.002
2908.000	2.002
2909.000	2.001
2910.000	2.001
2911.000	2.001
2912.000	2.001
2913.000	2.000
2914.000	2.000
2915.000	2.000
2916.000	1.999
2917.000	1.999
2918.000	1.999
2919.000	1.999
2920.000	1.999
2921.000	1.998
2922.000	1.998
2923.000	1.998
2924.000	1.998
2925.000	1.997
2926.000	1.997
2927.000	1.997
2928.000	1.997
2929.000	1.996
2930.000	1.996
2931.000	1.996
2932.000	1.996
2933.000	1.995
2934.000	1.995
2935.000	1.995
2936.000	1.995
2937.000	1.994
2938.000	1.994
2939.000	1.994
2940.000	1.994
2941.000	1.994
2942.000	1.993
2943.000	1.993
2944.000	1.993
2945.000	1.993
2946.000	1.992
2947.000	1.992
2948.000	1.992
2949.000	1.992
2950.000	1.991
2951.000	1.991
2952.000	1.991
2953.000	1.991
2954.000	1.990
2955.000	1.990
2956.000	1.990
2957.000	1.990
2958.000	1.989
2959.000	1.989
2960.000	1.989
2961.000	1.988
2962.000	1.988
2963.000	1.988
2964.000	1.988
2965.000	1.988
2966.000	1.987
2967.000	1.987
2968.000	1.987
2969.000	1.986
2970.000	1.986
2971.000	1.986
2972.000	1.986
2973.000	1.985
2974.000	1.985
2975.000	1.985
2976.000	1.985
2977.000	1.985
2978.000	1.984
2979.000	1.984
2980.000	1.984
2981.000	1.983
2982.000	1.983
2983.000	1.983
2984.000	1.983
2985.000	1.982
2986.000	1.982
2987.000	1.982
2988.000	1.982
2989.000	1.981
2990.000	1.981
2991.000	1.981
2992.000	1.981
2993.000	1.980
2994.000	1.980
2995.000	1.980
2996.000	1.979
2997.000	1.979
2998.000	1.979
2999.000	1.979
3000.000	1.979
3001.000	1.978
3002.000	1.978
3003.000	1.978
3004.000	1.977
3005.000	1.977
3006.000	1.977
3007.000	1.977
3008.000	1.977
3009.000	1.976
3010.000	1.976
3011.000	1.976
3012.000	1.975
3013.000	1.975
3014.000	1.975
3015.000	1.975
3016.000	1.974
3017.000	1.974
3018.000	1.974
3019.000	1.974
3020.000	1.974
3021.000	1.973
3022.000	1.973
3023.000	1.973
3024.000	1.972
3025.000	1.972
3026.000	1.972
3027.000	1.972
3028.000	1.971
3029.000	1.971
3030.000	1.971
3031.000	1.971
3032.000	1.970
3033.000	1.970
3034.000	1.970
3035.000	1.970
3036.000	1.969
3037.000	1.969
3038.000	1.969
3039.000	1.969
3040.000	1.968
3041.000	1.968
3042.000	1.968
3043.000	1.968
3044.000	1.967
3045.000	1.967
3046.000	1.967
3047.000	1.967
3048.000	1.966
3049.000	1.966
3050.000	1.966
3051.000	1.965
3052.000	1.965
3053.000	1.960
3054.000	1.960
3055.000	1.960
3056.000	1.959
3057.000	1.959
3058.000	1.959
3059.000	1.958
3060.000	1.958
3061.000	1.958
3062.000	1.958
3063.000	1.957
3064.000	1.957
3065.000	1.957
3066.000	1.957
3067.000	1.956
3068.000	1.956
3069.000	1.956
3070.000	1.956
3071.000	1.955
3072.000	1.955
3073.000	1.955
3074.000	1.954
3075.000	1.954
3076.000	1.954
3077.000	1.954
3078.000	1.954
3079.000	1.953
3080.000	1.953
3081.000	1.953
3082.000	1.952
3083.000	1.952
3084.000	1.952
3085.000	1.952
3086.000	1.952
3087.000	1.951
3088.000	1.951
3089.000	1.951
3090.000	1.951
3091.000	1.950
3092.000	1.950
3093.000	1.950
3094.000	1.950
3095.000	1.949
3096.000	1.949
3097.000	1.946
3098.000	1.946
3099.000	1.945
3100.000	1.945
3101.000	1.945
3102.000	1.945
3103.000	1.944
3104.000	1.944
3105.000	1.944
3106.000	1.943
3107.000	1.943
3108.000	1.943
3109.000	1.943
3110.000	1.943
3111.000	1.942
3112.000	1.942
3113.000	1.942
3114.000	1.941
3115.000	1.941
3116.000	1.941
3117.000	1.940
3118.000	1.940
3119.000	1.940
3120.000	1.940
3121.000	1.939
3122.000	1.939
3123.000	1.939
3124.000	1.939
3125.000	1.938
3126.000	1.938
3127.000	1.938
3128.000	1.937
3129.000	1.937
3130.000	1.937
3131.000	1.937
3132.000	1.936
3133.000	1.936
3134.000	1.936
3135.000	1.936
3136.000	1.935
3137.000	1.935
3138.000	1.935
3139.000	1.934
3140.000	1.934
3141.000	1.934
3142.000	1.934
3143.000	1.933
3144.000	1.933
3145.000	1.933
3146.000	1.932
3147.000	1.932
3148.000	1.932
3149.000	1.932
3150.000	1.931
3151.000	1.931
3152.000	1.931
3153.000	1.931
3154.000	1.930
3155.000	1.930
3156.000	1.930
3157.000	1.929
3158.000	1.929
3159.000	1.929
3160.000	1.929
3161.000	1.928
3162.000	1.928
3163.000	1.928
3164.000	1.928
3165.000	1.927
3166.000	1.927
3167.000	1.927
3168.000	1.926
3169.000	1.926
3170.000	1.926
3171.000	1.926
3172.000	1.925
3173.000	1.925
3174.000	1.924
3175.000	1.924
3176.000	1.924
3177.000	1.924
3178.000	1.923
3179.000	1.923
3180.000	1.923
3181.000	1.922
3182.000	1.922
3183.000	1.921
3184.000	1.921
3185.000	1.921
3186.000	1.920
3187.000	1.920
3188.000	1.920
3189.000	1.920
3190.000	1.919
3191.000	1.919
3192.000	1.919
3193.000	1.918
3194.000	1.918
3195.000	1.917
3196.000	1.917
3197.000	1.917
3198.000	1.917
3199.000	1.916
3200.000	1.916
3201.000	1.916
3202.000	1.915
3203.000	1.915
3204.000	1.914
3205.000	1.914
3206.000	1.914
3207.000	1.913
3208.000	1.913
3209.000	1.913
3210.000	1.913
3211.000	1.912
3212.000	1.912
3213.000	1.911
3214.000	1.911
3215.000	1.911
3216.000	1.910
3217.000	1.910
3218.000	1.910
3219.000	1.909
3220.000	1.909
3221.000	1.909
3222.000	1.909
3223.000	1.908
3224.000	1.908
3225.000	1.907
3226.000	1.907
3227.000	1.907
3228.000	1.906
3229.000	1.906
3230.000	1.906
3231.000	1.906
3232.000	1.905
3233.000	1.905
3234.000	1.905
3235.000	1.904
3236.000	1.904
3237.000	1.903
3238.000	1.903
3239.000	1.903
3240.000	1.902
3241.000	1.902
3242.000	1.902
3243.000	1.902
3244.000	1.901
3245.000	1.901
3246.000	1.901
3247.000	1.900
3248.000	1.900
3249.000	1.900
3250.000	1.899
3251.000	1.899
3252.000	1.899
3253.000	1.898
3254.000	1.898
3255.000	1.898
3256.000	1.898
3257.000	1.897
3258.000	1.897
3259.000	1.897
3260.000	1.896
3261.000	1.896
3262.000	1.896
3263.000	1.895
3264.000	1.895
3265.000	1.895
3266.000	1.895
3267.000	1.894
3268.000	1.894
3269.000	1.894
3270.000	1.893
3271.000	1.893
3272.000	1.893
3273.000	1.892
3274.000	1.892
3275.000	1.892
3276.000	1.892
3277.000	1.891
3278.000	1.891
3279.000	1.891
3280.000	1.890
3281.000	1.890
3282.000	1.890
3283.000	1.889
3284.000	1.889
3285.000	1.889
3286.000	1.888
3287.000	1.888
3288.000	1.888
3289.000	1.888
3290.000	1.887
3291.000	1.887
3292.000	1.887
3293.000	1.886
3294.000	1.886
3295.000	1.886
3296.000	1.885
3297.000	1.885
3298.000	1.885
3299.000	1.885
3300.000	1.885
3301.000	1.884
3302.000	1.884
3303.000	1.884
3304.000	1.883
3305.000	1.883
3306.000	1.883
3307.000	1.882
3308.000	1.882
3309.000	1.882
3310.000	1.882
3311.000	1.881
3312.000	1.881
3313.000	1.881
3314.000	1.880
3315.000	1.880
3316.000	1.880
3317.000	1.879
3318.000	1.879
3319.000	1.879
3320.000	1.879
3321.000	1.878
3322.000	1.878
3323.000	1.878
3324.000	1.878
3325.000	1.877
3326.000	1.877
3327.000	1.877
3328.000	1.876
3329.000	1.876
3330.000	1.876
3331.000	1.875
3332.000	1.875
3333.000	1.875
3334.000	1.875
3335.000	1.874
3336.000	1.874
3337.000	1.874
3338.000	1.873
3339.000	1.873
3340.000	1.873
3341.000	1.873
3342.000	1.872
3343.000	1.872
3344.000	1.872
3345.000	1.872
3346.000	1.871
3347.000	1.871
3348.000	1.871
3349.000	1.870
3350.000	1.870
3351.000	1.870
3352.000	1.869
3353.000	1.869
3354.000	1.869
3355.000	1.869
3356.000	1.869
3357.000	1.868
3358.000	1.868
3359.000	1.868
3360.000	1.867
3361.000	1.867
3362.000	1.867
3363.000	1.866
3364.000	1.866
3365.000	1.866
3366.000	1.866
3367.000	1.866
3368.000	1.865
3369.000	1.865
3370.000	1.865
3371.000	1.865
3372.000	1.864
3373.000	1.864
3374.000	1.864
3375.000	1.864
3376.000	1.864
3377.000	1.863
3378.000	1.863
3379.000	1.863
3380.000	1.863
3381.000	1.862
3382.000	1.862
3383.000	1.862
3384.000	1.862
3385.000	1.861
3386.000	1.861
3387.000	1.861
3388.000	1.861
3389.000	1.861
3390.000	1.860
3391.000	1.860
3392.000	1.860
3393.000	1.860
3394.000	1.859
3395.000	1.859
3396.000	1.859
3397.000	1.859
3398.000	1.858
3399.000	1.858
3400.000	1.858
3401.000	1.858
3402.000	1.858
3403.000	1.857
3404.000	1.857
3405.000	1.857
3406.000	1.857
3407.000	1.856
3408.000	1.856
3409.000	1.856
3410.000	1.856
3411.000	1.856
3412.000	1.856
3413.000	1.855
3414.000	1.855
3415.000	1.855
3416.000	1.855
3417.000	1.854
3418.000	1.854
3419.000	1.854
3420.000	1.854
3421.000	1.854
3422.000	1.853
3423.000	1.853
3424.000	1.853
3425.000	1.853
3426.000	1.852
3427.000	1.852
3428.000	1.852
3429.000	1.852
3430.000	1.852
3431.000	1.851
3432.000	1.851
3433.000	1.851
3434.000	1.851
3435.000	1.851
3436.000	1.850
3437.000	1.850
3438.000	1.850
3439.000	1.850
3440.000	1.849
3441.000	1.849
3442.000	1.849
3443.000	1.849
3444.000	1.849
3445.000	1.848
3446.000	1.848
3447.000	1.848
3448.000	1.848
3449.000	1.847
3450.000	1.847
3451.000	1.847
3452.000	1.847
3453.000	1.847
3454.000	1.847
3455.000	1.846
3456.000	1.846
3457.000	1.846
3458.000	1.846
3459.000	1.845
3460.000	1.845
3461.000	1.845
3462.000	1.845
3463.000	1.845
3464.000	1.844
3465.000	1.844
3466.000	1.844
3467.000	1.844
3468.000	1.844
3469.000	1.844
3470.000	1.843
3471.000	1.843
3472.000	1.843
3473.000	1.843
3474.000	1.842
3475.000	1.842
3476.000	1.842
3477.000	1.842
3478.000	1.842
3479.000	1.842
3480.000	1.841
3481.000	1.841
3482.000	1.841
3483.000	1.841
3484.000	1.841
3485.000	1.840
3486.000	1.840
3487.000	1.840
3488.000	1.840
3489.000	1.840
3490.000	1.839
3491.000	1.839
3492.000	1.839
3493.000	1.839
3494.000	1.839
3495.000	1.838
3496.000	1.838
3497.000	1.838
3498.000	1.838
3499.000	1.838
3500.000	1.837
3501.000	1.837
3502.000	1.837
3503.000	1.837
3504.000	1.836
3505.000	1.836
3506.000	1.836
3507.000	1.836
3508.000	1.835
3509.000	1.835
3510.000	1.835
3511.000	1.835
3512.000	1.835
3513.000	1.834
3514.000	1.834
3515.000	1.834
3516.000	1.834
3517.000	1.833
3518.000	1.833
3519.000	1.833
3520.000	1.833
3521.000	1.833
3522.000	1.832
3523.000	1.832
3524.000	1.832
3525.000	1.831
3526.000	1.831
3527.000	1.831
3528.000	1.831
3529.000	1.830
3530.000	1.830
3531.000	1.830
3532.000	1.830
3533.000	1.829
3534.000	1.829
3535.000	1.829
3536.000	1.828
3537.000	1.828
3538.000	1.828
3539.000	1.827
3540.000	1.827
3541.000	1.827
3542.000	1.827
3543.000	1.826
3544.000	1.826
3545.000	1.826
3546.000	1.826
3547.000	1.825
3548.000	1.825
3549.000	1.825
3550.000	1.824
3551.000	1.824
3552.000	1.824
3553.000	1.823
3554.000	1.823
3555.000	1.823
3556.000	1.823
3557.000	1.823
3558.000	1.822
3559.000	1.822
3560.000	1.822
3561.000	1.821
3562.000	1.821
3563.000	1.821
3564.000	1.820
3565.000	1.820
3566.000	1.820
3567.000	1.820
3568.000	1.820
3569.000	1.819
3570.000	1.819
3571.000	1.819
3572.000	1.818
3573.000	1.818
3574.000	1.818
3575.000	1.818
3576.000	1.817
3577.000	1.817
3578.000	1.817
3579.000	1.817
3580.000	1.816
3581.000	1.816
3582.000	1.816
3583.000	1.816
3584.000	1.815
3585.000	1.815
3586.000	1.815
3587.000	1.814
3588.000	1.814
3589.000	1.814
3590.000	1.814
3591.000	1.814
3592.000	1.813
3593.000	1.813
3594.000	1.813
3595.000	1.812
3596.000	1.812
3597.000	1.812
3598.000	1.812
3599.000	1.812
3600.000	1.811
3601.000	1.811
3602.000	1.811
3603.000	1.810
3604.000	1.810
3605.000	1.810
3606.000	1.810
3607.000	1.809
3608.000	1.809
3609.000	1.809
3610.000	1.808
3611.000	1.808
3612.000	1.808
3613.000	1.808
3614.000	1.808
3615.000	1.807
3616.000	1.807
3617.000	1.807
3618.000	1.806
3619.000	1.806
3620.000	1.806
3621.000	1.806
3622.000	1.806
3623.000	1.805
3624.000	1.805
3625.000	1.805
3626.000	1.804
3627.000	1.804
3628.000	1.804
3629.000	1.804
3630.000	1.803
3631.000	1.803
3632.000	1.803
3633.000	1.803
3634.000	1.802
3635.000	1.802
3636.000	1.802
3637.000	1.802
3638.000	1.801
3639.000	1.801
3640.000	1.801
3641.000	1.800
3642.000	1.800
3643.000	1.800
3644.000	1.800
3645.000	1.800
3646.000	1.799
3647.000	1.799
3648.000	1.799
3649.000	1.798
3650.000	1.798
3651.000	1.798
3652.000	1.798
3653.000	1.797
3654.000	1.797
3655.000	1.797
3656.000	1.797
3657.000	1.797
3658.000	1.796
3659.000	1.796
3660.000	1.796
3661.000	1.795
3662.000	1.795
3663.000	1.795
3664.000	1.795
3665.000	1.794
3666.000	1.794
3667.000	1.794
3668.000	1.794
3669.000	1.793
3670.000	1.793
3671.000	1.793
3672.000	1.793
3673.000	1.792
3674.000	1.792
3675.000	1.792
3676.000	1.791
3677.000	1.791
3678.000	1.791
3679.000	1.791
3680.000	1.791
3681.000	1.790
3682.000	1.790
3683.000	1.790
3684.000	1.789
3685.000	1.789
3686.000	1.789
3687.000	1.789
3688.000	1.788
3689.000	1.788
3690.000	1.788
3691.000	1.788
3692.000	1.787
3693.000	1.787
3694.000	1.787
3695.000	1.786
3696.000	1.786
3697.000	1.786
3698.000	1.786
3699.000	1.785
3700.000	1.785
3701.000	1.785
3702.000	1.785
3703.000	1.784
3704.000	1.784
3705.000	1.784
3706.000	1.784
3707.000	1.783
3708.000	1.783
3709.000	1.783
3710.000	1.782
3711.000	1.782
3712.000	1.782
3713.000	1.782
3714.000	1.782
3715.000	1.781
3716.000	1.781
3717.000	1.781
3718.000	1.780
3719.000	1.780
3720.000	1.780
3721.000	1.779
3722.000	1.779
3723.000	1.779
3724.000	1.779
3725.000	1.778
3726.000	1.778
3727.000	1.778
3728.000	1.777
3729.000	1.777
3730.000	1.777
3731.000	1.776
3732.000	1.776
3733.000	1.776
3734.000	1.776
3735.000	1.775
3736.000	1.775
3737.000	1.775
3738.000	1.774
3739.000	1.774
3740.000	1.774
3741.000	1.773
3742.000	1.773
3743.000	1.772
3744.000	1.772
3745.000	1.772
3746.000	1.772
3747.000	1.772
3748.000	1.772
3749.000	1.772
3750.000	1.772
3751.000	1.772
3752.000	1.772
3753.000	1.772
3754.000	1.772
3755.000	1.758
3756.000	1.758
3757.000	1.758
3758.000	1.758
3759.000	1.758
3760.000	1.758
3761.000	1.758
3762.000	1.758
3763.000	1.758
3764.000	1.758
3765.000	1.758
3766.000	1.758
3767.000	1.758
3768.000	1.758
3769.000	1.758
3770.000	1.758
3771.000	1.758
3772.000	1.758
3773.000	1.758
3774.000	1.758
3775.000	1.758
3776.000	1.758
3777.000	1.758
3778.000	1.758
3779.000	1.758
3780.000	1.758
3781.000	1.758
3782.000	1.758
3783.000	1.758
3784.000	1.758
3785.000	1.758
3786.000	1.758
3787.000	1.758
3788.000	1.758
3789.000	1.758
3790.000	1.758
3791.000	1.758
3792.000	1.758
3793.000	1.758
3794.000	1.758
3795.000	1.758
3796.000	1.758
3797.000	1.758
3798.000	1.758
3799.000	1.758
3800.000	1.758
3801.000	1.758
3802.000	1.758
3803.000	1.758
3804.000	1.758
3805.000	1.758
3806.000	1.758
3807.000	1.758
3808.000	1.758
3809.000	1.758
3810.000	1.745
3811.000	1.745
3812.000	1.745
3813.000	1.745
3814.000	1.745
3815.000	1.745
3816.000	1.745
3817.000	1.745
3818.000	1.745
3819.000	1.745
3820.000	1.745
3821.000	1.745
3822.000	1.745
3823.000	1.716
3824.000	1.716
3825.000	1.712
3826.000	1.712
3827.000	1.712
3828.000	1.712
3829.000	1.712
3830.000	1.712
3831.000	1.712
3832.000	1.712
3833.000	1.712
3834.000	1.712
3835.000	1.712
3836.000	1.712
3837.000	1.712
3838.000	1.712
3839.000	1.712
3840.000	1.712
3841.000	1.712
3842.000	1.712
3843.000	1.712
3844.000	1.712
3845.000	1.712
3846.000	1.712
3847.000	1.712
3848.000	1.691
3849.000	1.691
3850.000	1.691
3851.000	1.691
3852.000	1.691
3853.000	1.691
3854.000	1.691
3855.000	1.691
3856.000	1.691
3857.000	1.691
3858.000	1.674
3859.000	1.674
3860.000	1.674
3861.000	1.674
3862.000	1.674
3863.000	1.674
3864.000	1.674
3865.000	1.674
3866.000	1.674
3867.000	1.674
3868.000	1.674
3869.000	1.674
3870.000	1.674
3871.000	1.674
3872.000	1.674
3873.000	1.674
3874.000	1.674
3875.000	1.674
3876.000	1.674
3877.000	1.674
3878.000	1.674
3879.000	1.674
3880.000	1.674
3881.000	1.674
3882.000	1.674
3883.000	1.674
3884.000	1.674
3885.000	1.674
3886.000	1.674
3887.000	1.674
3888.000	1.674
3889.000	1.674
3890.000	1.674
3891.000	1.674
3892.000	1.674
3893.000	1.674
3894.000	1.674
3895.000	1.674
3896.000	1.674
3897.000	1.674
3898.000	1.674
3899.000	1.674
3900.000	1.674
3901.000	1.674
3902.000	1.674
3903.000	1.674
3904.000	1.674
3905.000	1.674
3906.000	1.674
3907.000	1.674
3908.000	1.674
3909.000	1.674
3910.000	1.674
3911.000	1.674
3912.000	1.674
3913.000	1.674
3914.000	1.674
3915.000	1.674
3916.000	1.674
3917.000	1.674
3918.000	1.674
3919.000	1.674
3920.000	1.674
3921.000	1.674
3922.000	1.674
3923.000	1.674
3924.000	1.674
3925.000	1.674
3926.000	1.674
3927.000	1.674
3928.000	1.674
3929.000	1.674
3930.000	1.674
3931.000	1.674
3932.000	1.674
3933.000	1.674
3934.000	1.674
3935.000	1.674
3936.000	1.674
3937.000	1.674
3938.000	1.674
3939.000	1.674
3940.000	1.674
3941.000	1.674
3942.000	1.674
3943.000	1.674
3944.000	1.674
3945.000	1.674
3946.000	1.674
3947.000	1.674
3948.000	1.674
3949.000	1.674
3950.000	1.674
3951.000	1.674
3952.000	1.674
3953.000	1.674
3954.000	1.674
3955.000	1.674
3956.000	1.674
3957.000	1.674
3958.000	1.674
3959.000	1.674
3960.000	1.674
3961.000	1.674
3962.000	1.671
3963.000	1.671
3964.000	1.671
3965.000	1.671
3966.000	1.671
3967.000	1.671
3968.000	1.671
3969.000	1.671
3970.000	1.671
3971.000	1.671
3972.000	1.671
3973.000	1.671
3974.000	1.671
3975.000	1.671
3976.000	1.671
3977.000	1.671
3978.000	1.671
3979.000	1.671
3980.000	1.671
3981.000	1.671
3982.000	1.671
3983.000	1.671
3984.000	1.671
3985.000	1.671
3986.000	1.671
3987.000	1.671
3988.000	1.671
3989.000	1.671
3990.000	1.671
3991.000	1.671
3992.000	1.671
3993.000	1.671
3994.000	1.671
3995.000	1.671
3996.000	1.671
3997.000	1.671
3998.000	1.671
3999.000	1.671
4000.000	1.671
4001.000	1.671
4002.000	1.671
4003.000	1.671
4004.000	1.671
4005.000	1.671
4006.000	1.671
4007.000	1.671
4008.000	1.671
4009.000	1.671
4010.000	1.671
4011.000	1.671
4012.000	1.671
4013.000	1.671
4014.000	1.671
4015.000	1.671
4016.000	1.671
4017.000	1.671
4018.000	1.671
4019.000	1.671
4020.000	1.671
4021.000	1.671
4022.000	1.671
4023.000	1.671
4024.000	1.671
4025.000	1.671
4026.000	1.671
4027.000	1.671
4028.000	1.671
4029.000	1.671
4030.000	1.671
4031.000	1.671
4032.000	1.657
4033.000	1.657
4034.000	1.657
4035.000	1.657
4036.000	1.657
4037.000	1.657
4038.000	1.657
4039.000	1.657
4040.000	1.657
4041.000	1.657
4042.000	1.657
4043.000	1.657
4044.000	1.657
4045.000	1.657
4046.000	1.657
4047.000	1.657
4048.000	1.657
4049.000	1.657
4050.000	1.657
4051.000	1.657
4052.000	1.657
4053.000	1.657
4054.000	1.657
4055.000	1.657
4056.000	1.657
4057.000	1.657
4058.000	1.657
4059.000	1.657
4060.000	1.657
4061.000	1.657
4062.000	1.657
4063.000	1.657
4064.000	1.639
4065.000	1.639
4066.000	1.639
4067.000	1.639
4068.000	1.639
4069.000	1.639
4070.000	1.639
4071.000	1.639
4072.000	1.639
4073.000	1.639
4074.000	1.639
4075.000	1.639
4076.000	1.639
4077.000	1.639
4078.000	1.638
4079.000	1.638
4080.000	1.638
4081.000	1.600
4082.000	1.600
4083.000	1.600
4084.000	1.600
4085.000	1.600
4086.000	1.600
4087.000	1.600
4088.000	1.600
4089.000	1.600
4090.000	1.600
4091.000	1.561
4092.000	1.550
4093.000	1.550
4094.000	1.550
4095.000	1.550
