0.000	17.699
1.000	17.699
2.000	17.139
3.000	17.139
4.000	17.139
5.000	17.139
6.000	17.139
7.000	17.139
8.000	17.139
9.000	17.139
10.000	17.139
11.000	17.139
12.000	17.139
13.000	17.139
14.000	17.139
15.000	17.139
16.000	17.139
17.000	17.122
18.000	17.122
19.000	17.104
20.000	17.104
21.000	17.104
22.000	17.104
23.000	17.103
24.000	17.103
25.000	17.103
26.000	17.102
27.000	17.102
28.000	17.102
29.000	17.102
30.000	17.101
31.000	17.100
32.000	17.100
33.000	17.099
34.000	17.099
35.000	17.098
36.000	17.097
37.000	17.097
38.000	17.096
39.000	17.095
40.000	17.095
41.000	17.095
42.000	17.094
43.000	17.094
44.000	17.093
45.000	17.093
46.000	17.092
47.000	17.092
48.000	17.091
49.000	17.091
50.000	17.090
51.000	17.090
52.000	17.089
53.000	17.088
54.000	17.087
55.000	17.086
56.000	17.085
57.000	17.083
58.000	17.083
59.000	17.082
60.000	17.081
61.000	17.080
62.000	17.080
63.000	17.079
64.000	17.078
65.000	17.077
66.000	17.075
67.000	17.073
68.000	17.071
69.000	17.069
70.000	17.067
71.000	17.065
72.000	17.064
73.000	17.064
74.000	17.062
75.000	17.060
76.000	17.057
77.000	17.055
78.000	17.053
79.000	17.051
80.000	17.049
81.000	17.047
82.000	17.044
83.000	17.042
84.000	17.005
85.000	17.003
86.000	17.000
87.000	16.998
88.000	16.995
89.000	16.993
90.000	16.989
91.000	16.986
92.000	16.982
93.000	16.978
94.000	16.974
95.000	16.970
96.000	16.964
97.000	16.960
98.000	16.955
99.000	16.951
100.000	16.946
101.000	16.942
102.000	16.937
103.000	16.932
104.000	16.926
105.000	16.921
106.000	16.915
107.000	16.915
108.000	16.908
109.000	16.902
110.000	16.895
111.000	16.888
112.000	16.881
113.000	16.874
114.000	16.867
115.000	16.859
116.000	16.851
117.000	16.842
118.000	16.822
119.000	16.813
120.000	16.803
121.000	16.793
122.000	16.783
123.000	16.773
124.000	16.763
125.000	16.751
126.000	16.739
127.000	16.726
128.000	16.712
129.000	16.702
130.000	16.688
131.000	16.675
132.000	16.661
133.000	16.646
134.000	16.630
135.000	16.614
136.000	16.597
137.000	16.580
138.000	16.563
139.000	16.545
140.000	16.533
141.000	16.515
142.000	16.496
143.000	16.477
144.000	16.456
145.000	16.434
146.000	16.412
147.000	16.391
148.000	16.370
149.000	16.349
150.000	16.327
151.000	16.327
152.000	16.305
153.000	16.283
154.000	16.261
155.000	16.239
156.000	16.215
157.000	16.191
158.000	16.166
159.000	16.139
160.000	16.112
161.000	16.085
162.000	16.058
163.000	16.018
164.000	15.991
165.000	15.963
166.000	15.934
167.000	15.906
168.000	15.876
169.000	15.847
170.000	15.818
171.000	15.789
172.000	15.760
173.000	15.730
174.000	15.730
175.000	15.700
176.000	15.670
177.000	15.640
178.000	15.610
179.000	15.579
180.000	15.549
181.000	15.517
182.000	15.487
183.000	15.456
184.000	15.427
185.000	15.427
186.000	15.397
187.000	15.366
188.000	15.335
189.000	15.304
190.000	15.273
191.000	15.242
192.000	15.211
193.000	15.180
194.000	15.150
195.000	15.119
196.000	15.102
197.000	15.071
198.000	15.041
199.000	15.009
200.000	14.979
201.000	14.948
202.000	14.918
203.000	14.889
204.000	14.858
205.000	14.831
206.000	14.802
207.000	14.748
208.000	14.720
209.000	14.690
210.000	14.661
211.000	14.633
212.000	14.603
213.000	14.574
214.000	14.544
215.000	14.515
216.000	14.485
217.000	14.454
218.000	14.410
219.000	14.379
220.000	14.350
221.000	14.320
222.000	14.292
223.000	14.264
224.000	14.236
225.000	14.209
226.000	14.182
227.000	14.154
228.000	14.126
229.000	14.099
230.000	14.067
231.000	14.040
232.000	14.014
233.000	13.988
234.000	13.962
235.000	13.935
236.000	13.909
237.000	13.882
238.000	13.855
239.000	13.829
240.000	13.802
241.000	13.747
242.000	13.720
243.000	13.694
244.000	13.667
245.000	13.641
246.000	13.613
247.000	13.585
248.000	13.558
249.000	13.532
250.000	13.506
251.000	13.480
252.000	13.460
253.000	13.435
254.000	13.409
255.000	13.385
256.000	13.360
257.000	13.334
258.000	13.309
259.000	13.284
260.000	13.259
261.000	13.234
262.000	13.208
263.000	13.205
264.000	13.179
265.000	13.153
266.000	13.127
267.000	13.102
268.000	13.076
269.000	13.051
270.000	13.024
271.000	12.998
272.000	12.973
273.000	12.947
274.000	12.905
275.000	12.879
276.000	12.853
277.000	12.827
278.000	12.800
279.000	12.774
280.000	12.747
281.000	12.721
282.000	12.695
283.000	12.668
284.000	12.642
285.000	12.642
286.000	12.615
287.000	12.589
288.000	12.562
289.000	12.535
290.000	12.508
291.000	12.481
292.000	12.454
293.000	12.428
294.000	12.401
295.000	12.374
296.000	12.371
297.000	12.345
298.000	12.318
299.000	12.291
300.000	12.264
301.000	12.238
302.000	12.211
303.000	12.184
304.000	12.156
305.000	12.130
306.000	12.103
307.000	12.075
308.000	11.986
309.000	11.958
310.000	11.931
311.000	11.903
312.000	11.875
313.000	11.848
314.000	11.820
315.000	11.793
316.000	11.766
317.000	11.738
318.000	11.711
319.000	11.661
320.000	11.633
321.000	11.605
322.000	11.577
323.000	11.549
324.000	11.522
325.000	11.494
326.000	11.466
327.000	11.439
328.000	11.413
329.000	11.385
330.000	11.326
331.000	11.298
332.000	11.270
333.000	11.242
334.000	11.213
335.000	11.185
336.000	11.155
337.000	11.126
338.000	11.096
339.000	11.067
340.000	11.039
341.000	11.007
342.000	10.978
343.000	10.950
344.000	10.921
345.000	10.892
346.000	10.862
347.000	10.834
348.000	10.806
349.000	10.777
350.000	10.749
351.000	10.721
352.000	10.717
353.000	10.689
354.000	10.661
355.000	10.633
356.000	10.606
357.000	10.579
358.000	10.552
359.000	10.526
360.000	10.499
361.000	10.473
362.000	10.448
363.000	10.436
364.000	10.410
365.000	10.385
366.000	10.361
367.000	10.336
368.000	10.312
369.000	10.287
370.000	10.262
371.000	10.238
372.000	10.213
373.000	10.189
374.000	10.166
375.000	10.150
376.000	10.125
377.000	10.101
378.000	10.078
379.000	10.054
380.000	10.031
381.000	10.008
382.000	9.985
383.000	9.962
384.000	9.939
385.000	9.917
386.000	9.879
387.000	9.857
388.000	9.834
389.000	9.811
390.000	9.789
391.000	9.766
392.000	9.744
393.000	9.722
394.000	9.700
395.000	9.679
396.000	9.657
397.000	9.635
398.000	9.613
399.000	9.592
400.000	9.570
401.000	9.549
402.000	9.528
403.000	9.507
404.000	9.486
405.000	9.466
406.000	9.445
407.000	9.425
408.000	9.422
409.000	9.402
410.000	9.382
411.000	9.362
412.000	9.342
413.000	9.322
414.000	9.302
415.000	9.283
416.000	9.264
417.000	9.245
418.000	9.226
419.000	9.226
420.000	9.207
421.000	9.188
422.000	9.170
423.000	9.152
424.000	9.134
425.000	9.116
426.000	9.098
427.000	9.081
428.000	9.064
429.000	9.046
430.000	9.010
431.000	8.992
432.000	8.975
433.000	8.958
434.000	8.942
435.000	8.925
436.000	8.909
437.000	8.892
438.000	8.876
439.000	8.860
440.000	8.844
441.000	8.828
442.000	8.819
443.000	8.803
444.000	8.788
445.000	8.772
446.000	8.757
447.000	8.743
448.000	8.728
449.000	8.714
450.000	8.699
451.000	8.684
452.000	8.670
453.000	8.613
454.000	8.599
455.000	8.584
456.000	8.570
457.000	8.555
458.000	8.541
459.000	8.527
460.000	8.512
461.000	8.498
462.000	8.484
463.000	8.469
464.000	8.408
465.000	8.393
466.000	8.379
467.000	8.364
468.000	8.350
469.000	8.335
470.000	8.320
471.000	8.305
472.000	8.290
473.000	8.276
474.000	8.262
475.000	8.261
476.000	8.247
477.000	8.233
478.000	8.219
479.000	8.204
480.000	8.190
481.000	8.176
482.000	8.162
483.000	8.149
484.000	8.135
485.000	8.121
486.000	8.121
487.000	8.107
488.000	8.093
489.000	8.080
490.000	8.066
491.000	8.053
492.000	8.039
493.000	8.026
494.000	8.013
495.000	8.000
496.000	7.988
497.000	7.987
498.000	7.975
499.000	7.962
500.000	7.950
501.000	7.938
502.000	7.925
503.000	7.913
504.000	7.901
505.000	7.889
506.000	7.876
507.000	7.864
508.000	7.821
509.000	7.810
510.000	7.798
511.000	7.786
512.000	7.774
513.000	7.762
514.000	7.751
515.000	7.739
516.000	7.728
517.000	7.717
518.000	7.705
519.000	7.694
520.000	7.694
521.000	7.682
522.000	7.671
523.000	7.660
524.000	7.649
525.000	7.638
526.000	7.627
527.000	7.616
528.000	7.606
529.000	7.595
530.000	7.585
531.000	7.584
532.000	7.574
533.000	7.563
534.000	7.552
535.000	7.542
536.000	7.532
537.000	7.521
538.000	7.510
539.000	7.500
540.000	7.489
541.000	7.479
542.000	7.465
543.000	7.455
544.000	7.445
545.000	7.435
546.000	7.425
547.000	7.415
548.000	7.405
549.000	7.395
550.000	7.385
551.000	7.375
552.000	7.365
553.000	7.364
554.000	7.354
555.000	7.345
556.000	7.335
557.000	7.325
558.000	7.316
559.000	7.306
560.000	7.297
561.000	7.288
562.000	7.278
563.000	7.269
564.000	7.269
565.000	7.259
566.000	7.250
567.000	7.241
568.000	7.231
569.000	7.222
570.000	7.212
571.000	7.203
572.000	7.194
573.000	7.185
574.000	7.176
575.000	7.176
576.000	7.167
577.000	7.158
578.000	7.150
579.000	7.141
580.000	7.132
581.000	7.124
582.000	7.116
583.000	7.107
584.000	7.098
585.000	7.089
586.000	7.081
587.000	7.080
588.000	7.071
589.000	7.063
590.000	7.054
591.000	7.046
592.000	7.037
593.000	7.029
594.000	7.021
595.000	7.013
596.000	7.005
597.000	6.998
598.000	6.985
599.000	6.977
600.000	6.969
601.000	6.961
602.000	6.954
603.000	6.946
604.000	6.939
605.000	6.932
606.000	6.925
607.000	6.918
608.000	6.911
609.000	6.877
610.000	6.870
611.000	6.863
612.000	6.856
613.000	6.849
614.000	6.843
615.000	6.836
616.000	6.830
617.000	6.823
618.000	6.817
619.000	6.810
620.000	6.809
621.000	6.803
622.000	6.796
623.000	6.788
624.000	6.780
625.000	6.771
626.000	6.763
627.000	6.755
628.000	6.747
629.000	6.739
630.000	6.731
631.000	6.679
632.000	6.671
633.000	6.663
634.000	6.655
635.000	6.648
636.000	6.640
637.000	6.633
638.000	6.625
639.000	6.617
640.000	6.608
641.000	6.600
642.000	6.599
643.000	6.591
644.000	6.583
645.000	6.575
646.000	6.567
647.000	6.559
648.000	6.550
649.000	6.542
650.000	6.534
651.000	6.526
652.000	6.518
653.000	6.510
654.000	6.510
655.000	6.502
656.000	6.494
657.000	6.486
658.000	6.477
659.000	6.469
660.000	6.461
661.000	6.452
662.000	6.444
663.000	6.436
664.000	6.428
665.000	6.428
666.000	6.420
667.000	6.411
668.000	6.404
669.000	6.395
670.000	6.387
671.000	6.379
672.000	6.371
673.000	6.363
674.000	6.355
675.000	6.347
676.000	6.347
677.000	6.339
678.000	6.331
679.000	6.324
680.000	6.316
681.000	6.308
682.000	6.301
683.000	6.293
684.000	6.285
685.000	6.277
686.000	6.270
687.000	6.269
688.000	6.261
689.000	6.254
690.000	6.246
691.000	6.239
692.000	6.232
693.000	6.224
694.000	6.217
695.000	6.210
696.000	6.202
697.000	6.195
698.000	6.194
699.000	6.187
700.000	6.180
701.000	6.172
702.000	6.165
703.000	6.158
704.000	6.150
705.000	6.143
706.000	6.136
707.000	6.128
708.000	6.121
709.000	6.121
710.000	6.114
711.000	6.107
712.000	6.100
713.000	6.094
714.000	6.087
715.000	6.080
716.000	6.073
717.000	6.066
718.000	6.059
719.000	6.052
720.000	6.052
721.000	6.045
722.000	6.038
723.000	6.031
724.000	6.024
725.000	6.017
726.000	6.010
727.000	6.003
728.000	5.996
729.000	5.989
730.000	5.982
731.000	5.975
732.000	5.971
733.000	5.964
734.000	5.958
735.000	5.951
736.000	5.944
737.000	5.938
738.000	5.931
739.000	5.924
740.000	5.917
741.000	5.910
742.000	5.903
743.000	5.821
744.000	5.814
745.000	5.807
746.000	5.800
747.000	5.794
748.000	5.787
749.000	5.780
750.000	5.773
751.000	5.766
752.000	5.759
753.000	5.751
754.000	5.749
755.000	5.742
756.000	5.735
757.000	5.728
758.000	5.720
759.000	5.713
760.000	5.706
761.000	5.699
762.000	5.692
763.000	5.684
764.000	5.677
765.000	5.677
766.000	5.670
767.000	5.662
768.000	5.655
769.000	5.648
770.000	5.640
771.000	5.633
772.000	5.626
773.000	5.618
774.000	5.611
775.000	5.604
776.000	5.566
777.000	5.559
778.000	5.553
779.000	5.547
780.000	5.542
781.000	5.536
782.000	5.530
783.000	5.524
784.000	5.518
785.000	5.513
786.000	5.507
787.000	5.507
788.000	5.501
789.000	5.495
790.000	5.489
791.000	5.484
792.000	5.478
793.000	5.472
794.000	5.466
795.000	5.460
796.000	5.455
797.000	5.450
798.000	5.444
799.000	5.444
800.000	5.439
801.000	5.434
802.000	5.429
803.000	5.424
804.000	5.419
805.000	5.414
806.000	5.409
807.000	5.404
808.000	5.399
809.000	5.394
810.000	5.394
811.000	5.389
812.000	5.384
813.000	5.379
814.000	5.375
815.000	5.370
816.000	5.365
817.000	5.360
818.000	5.355
819.000	5.351
820.000	5.346
821.000	5.346
822.000	5.342
823.000	5.337
824.000	5.333
825.000	5.328
826.000	5.324
827.000	5.319
828.000	5.314
829.000	5.310
830.000	5.305
831.000	5.300
832.000	5.300
833.000	5.296
834.000	5.291
835.000	5.287
836.000	5.283
837.000	5.279
838.000	5.274
839.000	5.270
840.000	5.266
841.000	5.262
842.000	5.257
843.000	5.257
844.000	5.253
845.000	5.249
846.000	5.245
847.000	5.240
848.000	5.236
849.000	5.232
850.000	5.228
851.000	5.223
852.000	5.219
853.000	5.215
854.000	5.203
855.000	5.198
856.000	5.194
857.000	5.190
858.000	5.186
859.000	5.181
860.000	5.177
861.000	5.173
862.000	5.169
863.000	5.165
864.000	5.161
865.000	5.156
866.000	5.156
867.000	5.152
868.000	5.148
869.000	5.144
870.000	5.140
871.000	5.136
872.000	5.132
873.000	5.128
874.000	5.124
875.000	5.120
876.000	5.116
877.000	5.116
878.000	5.112
879.000	5.107
880.000	5.103
881.000	5.099
882.000	5.095
883.000	5.091
884.000	5.087
885.000	5.083
886.000	5.078
887.000	5.074
888.000	5.074
889.000	5.070
890.000	5.066
891.000	5.062
892.000	5.058
893.000	5.055
894.000	5.051
895.000	5.047
896.000	5.043
897.000	5.039
898.000	5.035
899.000	5.035
900.000	5.031
901.000	5.027
902.000	5.023
903.000	5.019
904.000	5.015
905.000	5.011
906.000	5.008
907.000	5.004
908.000	5.000
909.000	4.996
910.000	4.996
911.000	4.992
912.000	4.988
913.000	4.984
914.000	4.981
915.000	4.977
916.000	4.973
917.000	4.969
918.000	4.965
919.000	4.961
920.000	4.958
921.000	4.958
922.000	4.954
923.000	4.950
924.000	4.946
925.000	4.942
926.000	4.939
927.000	4.935
928.000	4.931
929.000	4.928
930.000	4.924
931.000	4.920
932.000	4.916
933.000	4.899
934.000	4.895
935.000	4.892
936.000	4.888
937.000	4.885
938.000	4.881
939.000	4.878
940.000	4.874
941.000	4.871
942.000	4.867
943.000	4.863
944.000	4.863
945.000	4.860
946.000	4.856
947.000	4.852
948.000	4.849
949.000	4.845
950.000	4.842
951.000	4.838
952.000	4.835
953.000	4.831
954.000	4.828
955.000	4.828
956.000	4.824
957.000	4.821
958.000	4.817
959.000	4.814
960.000	4.810
961.000	4.807
962.000	4.803
963.000	4.800
964.000	4.796
965.000	4.793
966.000	4.777
967.000	4.774
968.000	4.771
969.000	4.767
970.000	4.764
971.000	4.761
972.000	4.758
973.000	4.755
974.000	4.751
975.000	4.748
976.000	4.745
977.000	4.745
978.000	4.741
979.000	4.738
980.000	4.735
981.000	4.732
982.000	4.728
983.000	4.725
984.000	4.721
985.000	4.718
986.000	4.715
987.000	4.712
988.000	4.707
989.000	4.703
990.000	4.700
991.000	4.697
992.000	4.694
993.000	4.691
994.000	4.688
995.000	4.684
996.000	4.681
997.000	4.678
998.000	4.675
999.000	4.665
1000.000	4.661
1001.000	4.658
1002.000	4.655
1003.000	4.652
1004.000	4.648
1005.000	4.645
1006.000	4.642
1007.000	4.639
1008.000	4.635
1009.000	4.632
1010.000	4.629
1011.000	4.629
1012.000	4.626
1013.000	4.623
1014.000	4.620
1015.000	4.617
1016.000	4.614
1017.000	4.610
1018.000	4.607
1019.000	4.604
1020.000	4.601
1021.000	4.598
1022.000	4.591
1023.000	4.587
1024.000	4.584
1025.000	4.581
1026.000	4.578
1027.000	4.575
1028.000	4.572
1029.000	4.569
1030.000	4.566
1031.000	4.563
1032.000	4.560
1033.000	4.560
1034.000	4.557
1035.000	4.553
1036.000	4.550
1037.000	4.547
1038.000	4.544
1039.000	4.541
1040.000	4.538
1041.000	4.535
1042.000	4.531
1043.000	4.528
1044.000	4.528
1045.000	4.525
1046.000	4.522
1047.000	4.519
1048.000	4.516
1049.000	4.513
1050.000	4.510
1051.000	4.507
1052.000	4.505
1053.000	4.502
1054.000	4.499
1055.000	4.499
1056.000	4.496
1057.000	4.493
1058.000	4.490
1059.000	4.487
1060.000	4.484
1061.000	4.481
1062.000	4.478
1063.000	4.475
1064.000	4.472
1065.000	4.469
1066.000	4.469
1067.000	4.466
1068.000	4.463
1069.000	4.461
1070.000	4.458
1071.000	4.455
1072.000	4.452
1073.000	4.449
1074.000	4.446
1075.000	4.443
1076.000	4.440
1077.000	4.438
1078.000	4.438
1079.000	4.435
1080.000	4.432
1081.000	4.429
1082.000	4.426
1083.000	4.423
1084.000	4.420
1085.000	4.417
1086.000	4.415
1087.000	4.412
1088.000	4.409
1089.000	4.395
1090.000	4.392
1091.000	4.389
1092.000	4.386
1093.000	4.383
1094.000	4.381
1095.000	4.378
1096.000	4.375
1097.000	4.372
1098.000	4.369
1099.000	4.366
1100.000	4.360
1101.000	4.357
1102.000	4.354
1103.000	4.351
1104.000	4.349
1105.000	4.346
1106.000	4.343
1107.000	4.340
1108.000	4.337
1109.000	4.335
1110.000	4.332
1111.000	4.332
1112.000	4.329
1113.000	4.326
1114.000	4.324
1115.000	4.321
1116.000	4.318
1117.000	4.316
1118.000	4.313
1119.000	4.310
1120.000	4.308
1121.000	4.305
1122.000	4.285
1123.000	4.282
1124.000	4.279
1125.000	4.277
1126.000	4.274
1127.000	4.271
1128.000	4.269
1129.000	4.266
1130.000	4.263
1131.000	4.260
1132.000	4.258
1133.000	4.258
1134.000	4.255
1135.000	4.252
1136.000	4.249
1137.000	4.247
1138.000	4.244
1139.000	4.241
1140.000	4.239
1141.000	4.236
1142.000	4.233
1143.000	4.231
1144.000	4.228
1145.000	4.228
1146.000	4.225
1147.000	4.223
1148.000	4.220
1149.000	4.218
1150.000	4.215
1151.000	4.212
1152.000	4.210
1153.000	4.207
1154.000	4.204
1155.000	4.202
1156.000	4.202
1157.000	4.199
1158.000	4.196
1159.000	4.194
1160.000	4.191
1161.000	4.188
1162.000	4.186
1163.000	4.184
1164.000	4.181
1165.000	4.179
1166.000	4.176
1167.000	4.176
1168.000	4.173
1169.000	4.171
1170.000	4.168
1171.000	4.166
1172.000	4.163
1173.000	4.160
1174.000	4.158
1175.000	4.155
1176.000	4.152
1177.000	4.150
1178.000	4.150
1179.000	4.147
1180.000	4.144
1181.000	4.142
1182.000	4.139
1183.000	4.137
1184.000	4.134
1185.000	4.131
1186.000	4.129
1187.000	4.126
1188.000	4.124
1189.000	4.124
1190.000	4.121
1191.000	4.118
1192.000	4.116
1193.000	4.113
1194.000	4.111
1195.000	4.108
1196.000	4.105
1197.000	4.103
1198.000	4.100
1199.000	4.098
1200.000	4.098
1201.000	4.095
1202.000	4.093
1203.000	4.090
1204.000	4.088
1205.000	4.085
1206.000	4.083
1207.000	4.080
1208.000	4.077
1209.000	4.075
1210.000	4.072
1211.000	4.072
1212.000	4.070
1213.000	4.067
1214.000	4.065
1215.000	4.063
1216.000	4.060
1217.000	4.058
1218.000	4.055
1219.000	4.053
1220.000	4.050
1221.000	4.048
1222.000	4.046
1223.000	4.046
1224.000	4.043
1225.000	4.041
1226.000	4.038
1227.000	4.036
1228.000	4.034
1229.000	4.031
1230.000	4.029
1231.000	4.027
1232.000	4.024
1233.000	4.022
1234.000	4.022
1235.000	4.020
1236.000	4.018
1237.000	4.015
1238.000	4.013
1239.000	4.011
1240.000	4.008
1241.000	4.006
1242.000	4.004
1243.000	4.002
1244.000	3.999
1245.000	3.988
1246.000	3.985
1247.000	3.983
1248.000	3.981
1249.000	3.978
1250.000	3.976
1251.000	3.974
1252.000	3.972
1253.000	3.969
1254.000	3.967
1255.000	3.965
1256.000	3.965
1257.000	3.962
1258.000	3.960
1259.000	3.958
1260.000	3.956
1261.000	3.953
1262.000	3.951
1263.000	3.949
1264.000	3.947
1265.000	3.944
1266.000	3.942
1267.000	3.942
1268.000	3.940
1269.000	3.938
1270.000	3.935
1271.000	3.933
1272.000	3.931
1273.000	3.929
1274.000	3.926
1275.000	3.924
1276.000	3.922
1277.000	3.920
1278.000	3.920
1279.000	3.918
1280.000	3.916
1281.000	3.914
1282.000	3.912
1283.000	3.909
1284.000	3.907
1285.000	3.905
1286.000	3.903
1287.000	3.901
1288.000	3.899
1289.000	3.897
1290.000	3.897
1291.000	3.895
1292.000	3.893
1293.000	3.890
1294.000	3.888
1295.000	3.886
1296.000	3.884
1297.000	3.881
1298.000	3.879
1299.000	3.877
1300.000	3.875
1301.000	3.875
1302.000	3.873
1303.000	3.871
1304.000	3.869
1305.000	3.867
1306.000	3.865
1307.000	3.862
1308.000	3.860
1309.000	3.858
1310.000	3.856
1311.000	3.854
1312.000	3.854
1313.000	3.852
1314.000	3.850
1315.000	3.848
1316.000	3.846
1317.000	3.844
1318.000	3.842
1319.000	3.840
1320.000	3.838
1321.000	3.836
1322.000	3.834
1323.000	3.834
1324.000	3.832
1325.000	3.830
1326.000	3.828
1327.000	3.826
1328.000	3.824
1329.000	3.822
1330.000	3.820
1331.000	3.818
1332.000	3.817
1333.000	3.815
1334.000	3.815
1335.000	3.813
1336.000	3.811
1337.000	3.809
1338.000	3.807
1339.000	3.805
1340.000	3.803
1341.000	3.801
1342.000	3.800
1343.000	3.798
1344.000	3.796
1345.000	3.796
1346.000	3.794
1347.000	3.792
1348.000	3.791
1349.000	3.789
1350.000	3.787
1351.000	3.785
1352.000	3.783
1353.000	3.782
1354.000	3.780
1355.000	3.778
1356.000	3.776
1357.000	3.776
1358.000	3.774
1359.000	3.772
1360.000	3.770
1361.000	3.769
1362.000	3.767
1363.000	3.765
1364.000	3.763
1365.000	3.761
1366.000	3.759
1367.000	3.757
1368.000	3.722
1369.000	3.721
1370.000	3.719
1371.000	3.717
1372.000	3.715
1373.000	3.713
1374.000	3.711
1375.000	3.709
1376.000	3.708
1377.000	3.706
1378.000	3.704
1379.000	3.704
1380.000	3.702
1381.000	3.700
1382.000	3.699
1383.000	3.697
1384.000	3.695
1385.000	3.694
1386.000	3.692
1387.000	3.690
1388.000	3.689
1389.000	3.687
1390.000	3.687
1391.000	3.686
1392.000	3.684
1393.000	3.682
1394.000	3.681
1395.000	3.679
1396.000	3.678
1397.000	3.676
1398.000	3.675
1399.000	3.673
1400.000	3.671
1401.000	3.671
1402.000	3.670
1403.000	3.668
1404.000	3.666
1405.000	3.665
1406.000	3.663
1407.000	3.662
1408.000	3.660
1409.000	3.658
1410.000	3.657
1411.000	3.655
1412.000	3.653
1413.000	3.651
1414.000	3.649
1415.000	3.648
1416.000	3.646
1417.000	3.645
1418.000	3.643
1419.000	3.642
1420.000	3.640
1421.000	3.639
1422.000	3.637
1423.000	3.637
1424.000	3.636
1425.000	3.634
1426.000	3.633
1427.000	3.631
1428.000	3.630
1429.000	3.629
1430.000	3.627
1431.000	3.626
1432.000	3.624
1433.000	3.623
1434.000	3.622
1435.000	3.622
1436.000	3.621
1437.000	3.619
1438.000	3.618
1439.000	3.617
1440.000	3.615
1441.000	3.614
1442.000	3.613
1443.000	3.612
1444.000	3.611
1445.000	3.610
1446.000	3.610
1447.000	3.608
1448.000	3.607
1449.000	3.606
1450.000	3.605
1451.000	3.603
1452.000	3.602
1453.000	3.601
1454.000	3.600
1455.000	3.599
1456.000	3.597
1457.000	3.597
1458.000	3.596
1459.000	3.595
1460.000	3.594
1461.000	3.592
1462.000	3.591
1463.000	3.590
1464.000	3.589
1465.000	3.588
1466.000	3.587
1467.000	3.585
1468.000	3.585
1469.000	3.584
1470.000	3.583
1471.000	3.581
1472.000	3.580
1473.000	3.579
1474.000	3.578
1475.000	3.576
1476.000	3.575
1477.000	3.574
1478.000	3.572
1479.000	3.572
1480.000	3.571
1481.000	3.570
1482.000	3.569
1483.000	3.567
1484.000	3.566
1485.000	3.565
1486.000	3.563
1487.000	3.562
1488.000	3.561
1489.000	3.560
1490.000	3.560
1491.000	3.558
1492.000	3.557
1493.000	3.556
1494.000	3.554
1495.000	3.553
1496.000	3.552
1497.000	3.551
1498.000	3.549
1499.000	3.548
1500.000	3.547
1501.000	3.546
1502.000	3.546
1503.000	3.545
1504.000	3.543
1505.000	3.542
1506.000	3.541
1507.000	3.539
1508.000	3.538
1509.000	3.537
1510.000	3.535
1511.000	3.534
1512.000	3.533
1513.000	3.533
1514.000	3.532
1515.000	3.530
1516.000	3.529
1517.000	3.528
1518.000	3.527
1519.000	3.525
1520.000	3.524
1521.000	3.523
1522.000	3.522
1523.000	3.521
1524.000	3.521
1525.000	3.519
1526.000	3.518
1527.000	3.517
1528.000	3.516
1529.000	3.515
1530.000	3.514
1531.000	3.513
1532.000	3.512
1533.000	3.510
1534.000	3.509
1535.000	3.509
1536.000	3.508
1537.000	3.507
1538.000	3.505
1539.000	3.504
1540.000	3.503
1541.000	3.502
1542.000	3.501
1543.000	3.499
1544.000	3.498
1545.000	3.497
1546.000	3.497
1547.000	3.496
1548.000	3.495
1549.000	3.493
1550.000	3.492
1551.000	3.491
1552.000	3.490
1553.000	3.488
1554.000	3.487
1555.000	3.486
1556.000	3.485
1557.000	3.485
1558.000	3.484
1559.000	3.483
1560.000	3.482
1561.000	3.481
1562.000	3.479
1563.000	3.478
1564.000	3.477
1565.000	3.476
1566.000	3.475
1567.000	3.474
1568.000	3.473
1569.000	3.473
1570.000	3.472
1571.000	3.470
1572.000	3.469
1573.000	3.468
1574.000	3.467
1575.000	3.466
1576.000	3.465
1577.000	3.464
1578.000	3.463
1579.000	3.462
1580.000	3.462
1581.000	3.461
1582.000	3.460
1583.000	3.459
1584.000	3.458
1585.000	3.457
1586.000	3.456
1587.000	3.455
1588.000	3.454
1589.000	3.453
1590.000	3.452
1591.000	3.452
1592.000	3.451
1593.000	3.450
1594.000	3.449
1595.000	3.448
1596.000	3.448
1597.000	3.447
1598.000	3.446
1599.000	3.445
1600.000	3.444
1601.000	3.443
1602.000	3.443
1603.000	3.442
1604.000	3.441
1605.000	3.440
1606.000	3.439
1607.000	3.438
1608.000	3.437
1609.000	3.437
1610.000	3.436
1611.000	3.435
1612.000	3.434
1613.000	3.397
1614.000	3.396
1615.000	3.395
1616.000	3.395
1617.000	3.394
1618.000	3.393
1619.000	3.392
1620.000	3.391
1621.000	3.390
1622.000	3.389
1623.000	3.389
1624.000	3.389
1625.000	3.388
1626.000	3.387
1627.000	3.386
1628.000	3.385
1629.000	3.385
1630.000	3.384
1631.000	3.383
1632.000	3.382
1633.000	3.381
1634.000	3.381
1635.000	3.380
1636.000	3.380
1637.000	3.379
1638.000	3.378
1639.000	3.378
1640.000	3.377
1641.000	3.376
1642.000	3.375
1643.000	3.374
1644.000	3.374
1645.000	3.373
1646.000	3.372
1647.000	3.372
1648.000	3.371
1649.000	3.370
1650.000	3.370
1651.000	3.369
1652.000	3.368
1653.000	3.368
1654.000	3.367
1655.000	3.366
1656.000	3.365
1657.000	3.365
1658.000	3.365
1659.000	3.364
1660.000	3.363
1661.000	3.363
1662.000	3.362
1663.000	3.362
1664.000	3.361
1665.000	3.360
1666.000	3.360
1667.000	3.359
1668.000	3.358
1669.000	3.358
1670.000	3.358
1671.000	3.357
1672.000	3.357
1673.000	3.356
1674.000	3.355
1675.000	3.355
1676.000	3.354
1677.000	3.354
1678.000	3.353
1679.000	3.353
1680.000	3.353
1681.000	3.352
1682.000	3.351
1683.000	3.351
1684.000	3.350
1685.000	3.350
1686.000	3.349
1687.000	3.348
1688.000	3.348
1689.000	3.347
1690.000	3.347
1691.000	3.347
1692.000	3.346
1693.000	3.345
1694.000	3.345
1695.000	3.344
1696.000	3.344
1697.000	3.343
1698.000	3.343
1699.000	3.342
1700.000	3.341
1701.000	3.341
1702.000	3.341
1703.000	3.340
1704.000	3.340
1705.000	3.339
1706.000	3.339
1707.000	3.338
1708.000	3.337
1709.000	3.337
1710.000	3.336
1711.000	3.336
1712.000	3.335
1713.000	3.335
1714.000	3.335
1715.000	3.334
1716.000	3.334
1717.000	3.333
1718.000	3.333
1719.000	3.332
1720.000	3.332
1721.000	3.331
1722.000	3.331
1723.000	3.330
1724.000	3.330
1725.000	3.330
1726.000	3.329
1727.000	3.329
1728.000	3.328
1729.000	3.328
1730.000	3.327
1731.000	3.327
1732.000	3.326
1733.000	3.326
1734.000	3.325
1735.000	3.324
1736.000	3.324
1737.000	3.323
1738.000	3.323
1739.000	3.322
1740.000	3.321
1741.000	3.321
1742.000	3.320
1743.000	3.319
1744.000	3.318
1745.000	3.318
1746.000	3.317
1747.000	3.317
1748.000	3.316
1749.000	3.315
1750.000	3.315
1751.000	3.314
1752.000	3.313
1753.000	3.312
1754.000	3.312
1755.000	3.311
1756.000	3.310
1757.000	3.310
1758.000	3.310
1759.000	3.309
1760.000	3.308
1761.000	3.307
1762.000	3.307
1763.000	3.306
1764.000	3.305
1765.000	3.304
1766.000	3.304
1767.000	3.303
1768.000	3.302
1769.000	3.302
1770.000	3.302
1771.000	3.301
1772.000	3.300
1773.000	3.300
1774.000	3.299
1775.000	3.298
1776.000	3.297
1777.000	3.297
1778.000	3.296
1779.000	3.295
1780.000	3.294
1781.000	3.294
1782.000	3.293
1783.000	3.293
1784.000	3.292
1785.000	3.291
1786.000	3.290
1787.000	3.289
1788.000	3.288
1789.000	3.287
1790.000	3.287
1791.000	3.286
1792.000	3.286
1793.000	3.285
1794.000	3.283
1795.000	3.282
1796.000	3.281
1797.000	3.279
1798.000	3.278
1799.000	3.277
1800.000	3.275
1801.000	3.274
1802.000	3.273
1803.000	3.273
1804.000	3.272
1805.000	3.270
1806.000	3.269
1807.000	3.268
1808.000	3.266
1809.000	3.265
1810.000	3.264
1811.000	3.262
1812.000	3.261
1813.000	3.260
1814.000	3.260
1815.000	3.259
1816.000	3.257
1817.000	3.256
1818.000	3.255
1819.000	3.253
1820.000	3.252
1821.000	3.251
1822.000	3.250
1823.000	3.248
1824.000	3.247
1825.000	3.247
1826.000	3.246
1827.000	3.244
1828.000	3.243
1829.000	3.242
1830.000	3.241
1831.000	3.239
1832.000	3.238
1833.000	3.237
1834.000	3.236
1835.000	3.234
1836.000	3.234
1837.000	3.233
1838.000	3.232
1839.000	3.231
1840.000	3.230
1841.000	3.229
1842.000	3.227
1843.000	3.226
1844.000	3.225
1845.000	3.224
1846.000	3.223
1847.000	3.222
1848.000	3.222
1849.000	3.220
1850.000	3.219
1851.000	3.218
1852.000	3.217
1853.000	3.216
1854.000	3.215
1855.000	3.213
1856.000	3.212
1857.000	3.211
1858.000	3.210
1859.000	3.210
1860.000	3.209
1861.000	3.208
1862.000	3.207
1863.000	3.205
1864.000	3.204
1865.000	3.203
1866.000	3.202
1867.000	3.201
1868.000	3.200
1869.000	3.199
1870.000	3.199
1871.000	3.198
1872.000	3.197
1873.000	3.196
1874.000	3.195
1875.000	3.194
1876.000	3.193
1877.000	3.192
1878.000	3.191
1879.000	3.190
1880.000	3.189
1881.000	3.189
1882.000	3.188
1883.000	3.187
1884.000	3.186
1885.000	3.185
1886.000	3.184
1887.000	3.183
1888.000	3.182
1889.000	3.181
1890.000	3.180
1891.000	3.179
1892.000	3.179
1893.000	3.178
1894.000	3.177
1895.000	3.176
1896.000	3.175
1897.000	3.174
1898.000	3.173
1899.000	3.172
1900.000	3.171
1901.000	3.170
1902.000	3.169
1903.000	3.169
1904.000	3.168
1905.000	3.167
1906.000	3.166
1907.000	3.165
1908.000	3.164
1909.000	3.163
1910.000	3.162
1911.000	3.161
1912.000	3.160
1913.000	3.159
1914.000	3.159
1915.000	3.158
1916.000	3.158
1917.000	3.157
1918.000	3.156
1919.000	3.155
1920.000	3.154
1921.000	3.153
1922.000	3.152
1923.000	3.151
1924.000	3.150
1925.000	3.149
1926.000	3.149
1927.000	3.148
1928.000	3.147
1929.000	3.146
1930.000	3.145
1931.000	3.144
1932.000	3.143
1933.000	3.142
1934.000	3.141
1935.000	3.140
1936.000	3.139
1937.000	3.139
1938.000	3.138
1939.000	3.137
1940.000	3.136
1941.000	3.135
1942.000	3.134
1943.000	3.133
1944.000	3.132
1945.000	3.131
1946.000	3.130
1947.000	3.129
1948.000	3.077
1949.000	3.076
1950.000	3.075
1951.000	3.074
1952.000	3.073
1953.000	3.072
1954.000	3.071
1955.000	3.070
1956.000	3.069
1957.000	3.068
1958.000	3.067
1959.000	3.067
1960.000	3.066
1961.000	3.065
1962.000	3.064
1963.000	3.063
1964.000	3.062
1965.000	3.061
1966.000	3.060
1967.000	3.059
1968.000	3.058
1969.000	3.057
1970.000	3.057
1971.000	3.057
1972.000	3.056
1973.000	3.055
1974.000	3.054
1975.000	3.053
1976.000	3.052
1977.000	3.051
1978.000	3.050
1979.000	3.049
1980.000	3.048
1981.000	3.048
1982.000	3.047
1983.000	3.046
1984.000	3.045
1985.000	3.044
1986.000	3.043
1987.000	3.042
1988.000	3.041
1989.000	3.040
1990.000	3.040
1991.000	3.039
1992.000	3.038
1993.000	3.038
1994.000	3.037
1995.000	3.036
1996.000	3.035
1997.000	3.034
1998.000	3.033
1999.000	3.032
2000.000	3.031
2001.000	3.030
2002.000	3.029
2003.000	3.028
2004.000	3.028
2005.000	3.027
2006.000	3.026
2007.000	3.025
2008.000	3.025
2009.000	3.024
2010.000	3.023
2011.000	3.022
2012.000	3.021
2013.000	3.020
2014.000	3.019
2015.000	3.019
2016.000	3.018
2017.000	3.017
2018.000	3.016
2019.000	3.015
2020.000	3.014
2021.000	3.013
2022.000	3.012
2023.000	3.012
2024.000	3.011
2025.000	3.010
2026.000	3.010
2027.000	3.009
2028.000	3.008
2029.000	3.007
2030.000	3.006
2031.000	3.005
2032.000	3.004
2033.000	3.003
2034.000	3.002
2035.000	3.001
2036.000	3.000
2037.000	3.000
2038.000	3.000
2039.000	2.999
2040.000	2.998
2041.000	2.997
2042.000	2.996
2043.000	2.995
2044.000	2.994
2045.000	2.993
2046.000	2.992
2047.000	2.991
2048.000	2.991
2049.000	2.990
2050.000	2.989
2051.000	2.989
2052.000	2.988
2053.000	2.987
2054.000	2.986
2055.000	2.985
2056.000	2.984
2057.000	2.983
2058.000	2.982
2059.000	2.981
2060.000	2.981
2061.000	2.980
2062.000	2.979
2063.000	2.978
2064.000	2.977
2065.000	2.976
2066.000	2.975
2067.000	2.974
2068.000	2.973
2069.000	2.972
2070.000	2.971
2071.000	2.971
2072.000	2.970
2073.000	2.969
2074.000	2.968
2075.000	2.966
2076.000	2.965
2077.000	2.964
2078.000	2.963
2079.000	2.962
2080.000	2.961
2081.000	2.960
2082.000	2.960
2083.000	2.959
2084.000	2.958
2085.000	2.957
2086.000	2.956
2087.000	2.954
2088.000	2.953
2089.000	2.952
2090.000	2.951
2091.000	2.950
2092.000	2.949
2093.000	2.949
2094.000	2.948
2095.000	2.947
2096.000	2.946
2097.000	2.945
2098.000	2.944
2099.000	2.943
2100.000	2.941
2101.000	2.940
2102.000	2.939
2103.000	2.938
2104.000	2.938
2105.000	2.937
2106.000	2.936
2107.000	2.935
2108.000	2.934
2109.000	2.933
2110.000	2.932
2111.000	2.931
2112.000	2.930
2113.000	2.929
2114.000	2.928
2115.000	2.928
2116.000	2.928
2117.000	2.927
2118.000	2.926
2119.000	2.925
2120.000	2.924
2121.000	2.923
2122.000	2.921
2123.000	2.920
2124.000	2.919
2125.000	2.918
2126.000	2.918
2127.000	2.917
2128.000	2.916
2129.000	2.915
2130.000	2.914
2131.000	2.913
2132.000	2.912
2133.000	2.911
2134.000	2.909
2135.000	2.908
2136.000	2.907
2137.000	2.906
2138.000	2.906
2139.000	2.905
2140.000	2.904
2141.000	2.903
2142.000	2.902
2143.000	2.901
2144.000	2.900
2145.000	2.899
2146.000	2.898
2147.000	2.897
2148.000	2.895
2149.000	2.895
2150.000	2.894
2151.000	2.893
2152.000	2.892
2153.000	2.891
2154.000	2.890
2155.000	2.889
2156.000	2.888
2157.000	2.887
2158.000	2.886
2159.000	2.885
2160.000	2.885
2161.000	2.884
2162.000	2.883
2163.000	2.882
2164.000	2.881
2165.000	2.880
2166.000	2.879
2167.000	2.879
2168.000	2.878
2169.000	2.877
2170.000	2.876
2171.000	2.876
2172.000	2.875
2173.000	2.874
2174.000	2.873
2175.000	2.872
2176.000	2.871
2177.000	2.871
2178.000	2.870
2179.000	2.869
2180.000	2.869
2181.000	2.869
2182.000	2.869
2183.000	2.868
2184.000	2.868
2185.000	2.867
2186.000	2.867
2187.000	2.866
2188.000	2.866
2189.000	2.865
2190.000	2.865
2191.000	2.864
2192.000	2.864
2193.000	2.864
2194.000	2.863
2195.000	2.863
2196.000	2.862
2197.000	2.862
2198.000	2.862
2199.000	2.861
2200.000	2.861
2201.000	2.860
2202.000	2.860
2203.000	2.859
2204.000	2.859
2205.000	2.859
2206.000	2.858
2207.000	2.858
2208.000	2.857
2209.000	2.857
2210.000	2.856
2211.000	2.856
2212.000	2.855
2213.000	2.855
2214.000	2.855
2215.000	2.854
2216.000	2.854
2217.000	2.854
2218.000	2.853
2219.000	2.853
2220.000	2.852
2221.000	2.852
2222.000	2.851
2223.000	2.851
2224.000	2.850
2225.000	2.850
2226.000	2.849
2227.000	2.849
2228.000	2.849
2229.000	2.849
2230.000	2.848
2231.000	2.848
2232.000	2.847
2233.000	2.847
2234.000	2.846
2235.000	2.846
2236.000	2.845
2237.000	2.845
2238.000	2.845
2239.000	2.844
2240.000	2.844
2241.000	2.843
2242.000	2.843
2243.000	2.843
2244.000	2.842
2245.000	2.842
2246.000	2.841
2247.000	2.841
2248.000	2.840
2249.000	2.840
2250.000	2.840
2251.000	2.839
2252.000	2.839
2253.000	2.838
2254.000	2.838
2255.000	2.837
2256.000	2.837
2257.000	2.837
2258.000	2.836
2259.000	2.836
2260.000	2.836
2261.000	2.835
2262.000	2.834
2263.000	2.834
2264.000	2.833
2265.000	2.832
2266.000	2.832
2267.000	2.831
2268.000	2.830
2269.000	2.830
2270.000	2.829
2271.000	2.829
2272.000	2.829
2273.000	2.828
2274.000	2.827
2275.000	2.826
2276.000	2.826
2277.000	2.825
2278.000	2.824
2279.000	2.823
2280.000	2.823
2281.000	2.822
2282.000	2.821
2283.000	2.821
2284.000	2.820
2285.000	2.820
2286.000	2.819
2287.000	2.818
2288.000	2.817
2289.000	2.817
2290.000	2.816
2291.000	2.815
2292.000	2.814
2293.000	2.814
2294.000	2.814
2295.000	2.813
2296.000	2.812
2297.000	2.811
2298.000	2.811
2299.000	2.810
2300.000	2.809
2301.000	2.808
2302.000	2.808
2303.000	2.807
2304.000	2.806
2305.000	2.806
2306.000	2.805
2307.000	2.805
2308.000	2.804
2309.000	2.803
2310.000	2.802
2311.000	2.802
2312.000	2.801
2313.000	2.800
2314.000	2.799
2315.000	2.799
2316.000	2.799
2317.000	2.798
2318.000	2.797
2319.000	2.796
2320.000	2.796
2321.000	2.795
2322.000	2.794
2323.000	2.793
2324.000	2.793
2325.000	2.792
2326.000	2.791
2327.000	2.791
2328.000	2.790
2329.000	2.790
2330.000	2.789
2331.000	2.788
2332.000	2.787
2333.000	2.787
2334.000	2.786
2335.000	2.785
2336.000	2.784
2337.000	2.784
2338.000	2.783
2339.000	2.783
2340.000	2.782
2341.000	2.781
2342.000	2.781
2343.000	2.780
2344.000	2.779
2345.000	2.778
2346.000	2.778
2347.000	2.777
2348.000	2.776
2349.000	2.775
2350.000	2.775
2351.000	2.775
2352.000	2.774
2353.000	2.773
2354.000	2.772
2355.000	2.772
2356.000	2.771
2357.000	2.770
2358.000	2.769
2359.000	2.768
2360.000	2.767
2361.000	2.767
2362.000	2.767
2363.000	2.766
2364.000	2.765
2365.000	2.764
2366.000	2.763
2367.000	2.762
2368.000	2.762
2369.000	2.761
2370.000	2.760
2371.000	2.759
2372.000	2.759
2373.000	2.758
2374.000	2.757
2375.000	2.757
2376.000	2.756
2377.000	2.755
2378.000	2.754
2379.000	2.753
2380.000	2.752
2381.000	2.752
2382.000	2.751
2383.000	2.751
2384.000	2.750
2385.000	2.749
2386.000	2.748
2387.000	2.747
2388.000	2.747
2389.000	2.746
2390.000	2.745
2391.000	2.744
2392.000	2.743
2393.000	2.743
2394.000	2.743
2395.000	2.742
2396.000	2.741
2397.000	2.740
2398.000	2.739
2399.000	2.738
2400.000	2.738
2401.000	2.737
2402.000	2.736
2403.000	2.735
2404.000	2.734
2405.000	2.734
2406.000	2.733
2407.000	2.733
2408.000	2.732
2409.000	2.731
2410.000	2.730
2411.000	2.729
2412.000	2.728
2413.000	2.728
2414.000	2.727
2415.000	2.726
2416.000	2.725
2417.000	2.725
2418.000	2.724
2419.000	2.723
2420.000	2.722
2421.000	2.722
2422.000	2.721
2423.000	2.720
2424.000	2.719
2425.000	2.718
2426.000	2.717
2427.000	2.716
2428.000	2.716
2429.000	2.716
2430.000	2.715
2431.000	2.714
2432.000	2.713
2433.000	2.712
2434.000	2.711
2435.000	2.711
2436.000	2.710
2437.000	2.709
2438.000	2.708
2439.000	2.708
2440.000	2.707
2441.000	2.706
2442.000	2.705
2443.000	2.705
2444.000	2.704
2445.000	2.703
2446.000	2.702
2447.000	2.701
2448.000	2.700
2449.000	2.700
2450.000	2.700
2451.000	2.699
2452.000	2.698
2453.000	2.697
2454.000	2.696
2455.000	2.695
2456.000	2.694
2457.000	2.694
2458.000	2.693
2459.000	2.692
2460.000	2.691
2461.000	2.691
2462.000	2.690
2463.000	2.689
2464.000	2.689
2465.000	2.688
2466.000	2.687
2467.000	2.686
2468.000	2.685
2469.000	2.684
2470.000	2.684
2471.000	2.683
2472.000	2.683
2473.000	2.682
2474.000	2.681
2475.000	2.680
2476.000	2.679
2477.000	2.678
2478.000	2.677
2479.000	2.676
2480.000	2.675
2481.000	2.674
2482.000	2.673
2483.000	2.672
2484.000	2.672
2485.000	2.671
2486.000	2.670
2487.000	2.669
2488.000	2.668
2489.000	2.667
2490.000	2.666
2491.000	2.665
2492.000	2.664
2493.000	2.663
2494.000	2.662
2495.000	2.662
2496.000	2.661
2497.000	2.660
2498.000	2.659
2499.000	2.658
2500.000	2.657
2501.000	2.656
2502.000	2.655
2503.000	2.654
2504.000	2.653
2505.000	2.652
2506.000	2.652
2507.000	2.651
2508.000	2.650
2509.000	2.650
2510.000	2.649
2511.000	2.648
2512.000	2.647
2513.000	2.646
2514.000	2.645
2515.000	2.644
2516.000	2.643
2517.000	2.643
2518.000	2.643
2519.000	2.642
2520.000	2.641
2521.000	2.640
2522.000	2.639
2523.000	2.638
2524.000	2.637
2525.000	2.637
2526.000	2.636
2527.000	2.635
2528.000	2.635
2529.000	2.634
2530.000	2.633
2531.000	2.632
2532.000	2.631
2533.000	2.630
2534.000	2.630
2535.000	2.629
2536.000	2.628
2537.000	2.627
2538.000	2.626
2539.000	2.626
2540.000	2.625
2541.000	2.624
2542.000	2.623
2543.000	2.622
2544.000	2.621
2545.000	2.621
2546.000	2.620
2547.000	2.619
2548.000	2.618
2549.000	2.617
2550.000	2.616
2551.000	2.616
2552.000	2.615
2553.000	2.614
2554.000	2.613
2555.000	2.613
2556.000	2.612
2557.000	2.611
2558.000	2.610
2559.000	2.609
2560.000	2.608
2561.000	2.607
2562.000	2.607
2563.000	2.606
2564.000	2.605
2565.000	2.604
2566.000	2.603
2567.000	2.602
2568.000	2.601
2569.000	2.601
2570.000	2.600
2571.000	2.599
2572.000	2.598
2573.000	2.598
2574.000	2.598
2575.000	2.597
2576.000	2.596
2577.000	2.595
2578.000	2.595
2579.000	2.594
2580.000	2.593
2581.000	2.592
2582.000	2.591
2583.000	2.591
2584.000	2.591
2585.000	2.590
2586.000	2.589
2587.000	2.588
2588.000	2.588
2589.000	2.587
2590.000	2.586
2591.000	2.585
2592.000	2.584
2593.000	2.584
2594.000	2.583
2595.000	2.583
2596.000	2.582
2597.000	2.581
2598.000	2.581
2599.000	2.580
2600.000	2.579
2601.000	2.578
2602.000	2.577
2603.000	2.577
2604.000	2.576
2605.000	2.575
2606.000	2.575
2607.000	2.574
2608.000	2.573
2609.000	2.573
2610.000	2.572
2611.000	2.571
2612.000	2.570
2613.000	2.569
2614.000	2.569
2615.000	2.568
2616.000	2.567
2617.000	2.567
2618.000	2.566
2619.000	2.565
2620.000	2.565
2621.000	2.564
2622.000	2.563
2623.000	2.562
2624.000	2.561
2625.000	2.561
2626.000	2.560
2627.000	2.559
2628.000	2.558
2629.000	2.558
2630.000	2.557
2631.000	2.557
2632.000	2.556
2633.000	2.555
2634.000	2.554
2635.000	2.553
2636.000	2.553
2637.000	2.552
2638.000	2.551
2639.000	2.550
2640.000	2.534
2641.000	2.533
2642.000	2.533
2643.000	2.532
2644.000	2.531
2645.000	2.530
2646.000	2.530
2647.000	2.529
2648.000	2.528
2649.000	2.527
2650.000	2.527
2651.000	2.527
2652.000	2.526
2653.000	2.525
2654.000	2.524
2655.000	2.524
2656.000	2.523
2657.000	2.522
2658.000	2.522
2659.000	2.521
2660.000	2.520
2661.000	2.519
2662.000	2.519
2663.000	2.519
2664.000	2.518
2665.000	2.517
2666.000	2.516
2667.000	2.516
2668.000	2.515
2669.000	2.514
2670.000	2.514
2671.000	2.513
2672.000	2.512
2673.000	2.512
2674.000	2.511
2675.000	2.511
2676.000	2.510
2677.000	2.509
2678.000	2.508
2679.000	2.508
2680.000	2.507
2681.000	2.506
2682.000	2.506
2683.000	2.505
2684.000	2.505
2685.000	2.504
2686.000	2.503
2687.000	2.503
2688.000	2.502
2689.000	2.501
2690.000	2.500
2691.000	2.500
2692.000	2.499
2693.000	2.498
2694.000	2.497
2695.000	2.497
2696.000	2.497
2697.000	2.496
2698.000	2.495
2699.000	2.494
2700.000	2.493
2701.000	2.492
2702.000	2.492
2703.000	2.491
2704.000	2.490
2705.000	2.489
2706.000	2.488
2707.000	2.488
2708.000	2.488
2709.000	2.487
2710.000	2.486
2711.000	2.485
2712.000	2.484
2713.000	2.484
2714.000	2.483
2715.000	2.482
2716.000	2.481
2717.000	2.480
2718.000	2.480
2719.000	2.480
2720.000	2.479
2721.000	2.478
2722.000	2.477
2723.000	2.476
2724.000	2.476
2725.000	2.475
2726.000	2.474
2727.000	2.473
2728.000	2.472
2729.000	2.472
2730.000	2.472
2731.000	2.471
2732.000	2.470
2733.000	2.469
2734.000	2.468
2735.000	2.467
2736.000	2.467
2737.000	2.466
2738.000	2.465
2739.000	2.465
2740.000	2.465
2741.000	2.464
2742.000	2.463
2743.000	2.463
2744.000	2.462
2745.000	2.461
2746.000	2.461
2747.000	2.460
2748.000	2.459
2749.000	2.459
2750.000	2.458
2751.000	2.458
2752.000	2.457
2753.000	2.457
2754.000	2.456
2755.000	2.455
2756.000	2.455
2757.000	2.454
2758.000	2.454
2759.000	2.453
2760.000	2.452
2761.000	2.452
2762.000	2.451
2763.000	2.451
2764.000	2.451
2765.000	2.450
2766.000	2.450
2767.000	2.449
2768.000	2.448
2769.000	2.448
2770.000	2.447
2771.000	2.447
2772.000	2.446
2773.000	2.446
2774.000	2.446
2775.000	2.445
2776.000	2.444
2777.000	2.444
2778.000	2.443
2779.000	2.443
2780.000	2.442
2781.000	2.442
2782.000	2.441
2783.000	2.440
2784.000	2.440
2785.000	2.440
2786.000	2.439
2787.000	2.439
2788.000	2.438
2789.000	2.437
2790.000	2.437
2791.000	2.436
2792.000	2.436
2793.000	2.435
2794.000	2.435
2795.000	2.434
2796.000	2.434
2797.000	2.433
2798.000	2.433
2799.000	2.432
2800.000	2.432
2801.000	2.431
2802.000	2.430
2803.000	2.430
2804.000	2.429
2805.000	2.429
2806.000	2.428
2807.000	2.428
2808.000	2.427
2809.000	2.427
2810.000	2.426
2811.000	2.426
2812.000	2.425
2813.000	2.424
2814.000	2.424
2815.000	2.423
2816.000	2.423
2817.000	2.422
2818.000	2.422
2819.000	2.421
2820.000	2.421
2821.000	2.420
2822.000	2.419
2823.000	2.419
2824.000	2.418
2825.000	2.417
2826.000	2.417
2827.000	2.416
2828.000	2.415
2829.000	2.415
2830.000	2.415
2831.000	2.414
2832.000	2.413
2833.000	2.413
2834.000	2.412
2835.000	2.411
2836.000	2.411
2837.000	2.410
2838.000	2.410
2839.000	2.409
2840.000	2.408
2841.000	2.408
2842.000	2.408
2843.000	2.407
2844.000	2.406
2845.000	2.406
2846.000	2.405
2847.000	2.404
2848.000	2.404
2849.000	2.403
2850.000	2.402
2851.000	2.402
2852.000	2.402
2853.000	2.401
2854.000	2.400
2855.000	2.400
2856.000	2.399
2857.000	2.399
2858.000	2.398
2859.000	2.397
2860.000	2.397
2861.000	2.396
2862.000	2.396
2863.000	2.396
2864.000	2.395
2865.000	2.395
2866.000	2.394
2867.000	2.393
2868.000	2.393
2869.000	2.392
2870.000	2.392
2871.000	2.391
2872.000	2.390
2873.000	2.390
2874.000	2.390
2875.000	2.389
2876.000	2.389
2877.000	2.388
2878.000	2.388
2879.000	2.387
2880.000	2.386
2881.000	2.386
2882.000	2.385
2883.000	2.385
2884.000	2.384
2885.000	2.384
2886.000	2.383
2887.000	2.383
2888.000	2.382
2889.000	2.382
2890.000	2.381
2891.000	2.381
2892.000	2.380
2893.000	2.379
2894.000	2.379
2895.000	2.378
2896.000	2.378
2897.000	2.378
2898.000	2.377
2899.000	2.376
2900.000	2.376
2901.000	2.375
2902.000	2.375
2903.000	2.374
2904.000	2.374
2905.000	2.373
2906.000	2.372
2907.000	2.372
2908.000	2.372
2909.000	2.371
2910.000	2.371
2911.000	2.370
2912.000	2.369
2913.000	2.369
2914.000	2.368
2915.000	2.368
2916.000	2.367
2917.000	2.367
2918.000	2.366
2919.000	2.366
2920.000	2.365
2921.000	2.365
2922.000	2.364
2923.000	2.364
2924.000	2.363
2925.000	2.363
2926.000	2.362
2927.000	2.361
2928.000	2.361
2929.000	2.360
2930.000	2.360
2931.000	2.360
2932.000	2.359
2933.000	2.359
2934.000	2.358
2935.000	2.357
2936.000	2.357
2937.000	2.356
2938.000	2.356
2939.000	2.355
2940.000	2.355
2941.000	2.355
2942.000	2.354
2943.000	2.354
2944.000	2.353
2945.000	2.352
2946.000	2.352
2947.000	2.351
2948.000	2.351
2949.000	2.350
2950.000	2.350
2951.000	2.349
2952.000	2.332
2953.000	2.331
2954.000	2.331
2955.000	2.330
2956.000	2.330
2957.000	2.329
2958.000	2.329
2959.000	2.328
2960.000	2.327
2961.000	2.327
2962.000	2.326
2963.000	2.326
2964.000	2.325
2965.000	2.325
2966.000	2.324
2967.000	2.324
2968.000	2.323
2969.000	2.322
2970.000	2.322
2971.000	2.321
2972.000	2.320
2973.000	2.320
2974.000	2.319
2975.000	2.319
2976.000	2.319
2977.000	2.318
2978.000	2.317
2979.000	2.317
2980.000	2.316
2981.000	2.316
2982.000	2.315
2983.000	2.314
2984.000	2.314
2985.000	2.313
2986.000	2.313
2987.000	2.313
2988.000	2.312
2989.000	2.311
2990.000	2.311
2991.000	2.310
2992.000	2.309
2993.000	2.309
2994.000	2.308
2995.000	2.308
2996.000	2.307
2997.000	2.307
2998.000	2.307
2999.000	2.306
3000.000	2.306
3001.000	2.305
3002.000	2.305
3003.000	2.304
3004.000	2.304
3005.000	2.303
3006.000	2.303
3007.000	2.302
3008.000	2.302
3009.000	2.302
3010.000	2.301
3011.000	2.301
3012.000	2.300
3013.000	2.300
3014.000	2.300
3015.000	2.299
3016.000	2.299
3017.000	2.298
3018.000	2.298
3019.000	2.298
3020.000	2.297
3021.000	2.297
3022.000	2.296
3023.000	2.296
3024.000	2.295
3025.000	2.295
3026.000	2.294
3027.000	2.294
3028.000	2.294
3029.000	2.293
3030.000	2.293
3031.000	2.293
3032.000	2.292
3033.000	2.292
3034.000	2.291
3035.000	2.291
3036.000	2.290
3037.000	2.290
3038.000	2.289
3039.000	2.289
3040.000	2.289
3041.000	2.288
3042.000	2.288
3043.000	2.288
3044.000	2.287
3045.000	2.287
3046.000	2.286
3047.000	2.286
3048.000	2.285
3049.000	2.285
3050.000	2.284
3051.000	2.284
3052.000	2.284
3053.000	2.284
3054.000	2.283
3055.000	2.283
3056.000	2.282
3057.000	2.282
3058.000	2.281
3059.000	2.281
3060.000	2.280
3061.000	2.280
3062.000	2.280
3063.000	2.279
3064.000	2.279
3065.000	2.279
3066.000	2.278
3067.000	2.278
3068.000	2.277
3069.000	2.277
3070.000	2.277
3071.000	2.276
3072.000	2.276
3073.000	2.275
3074.000	2.275
3075.000	2.275
3076.000	2.274
3077.000	2.274
3078.000	2.274
3079.000	2.273
3080.000	2.273
3081.000	2.272
3082.000	2.272
3083.000	2.271
3084.000	2.271
3085.000	2.270
3086.000	2.270
3087.000	2.270
3088.000	2.269
3089.000	2.269
3090.000	2.268
3091.000	2.268
3092.000	2.267
3093.000	2.267
3094.000	2.266
3095.000	2.266
3096.000	2.265
3097.000	2.265
3098.000	2.265
3099.000	2.265
3100.000	2.264
3101.000	2.264
3102.000	2.263
3103.000	2.263
3104.000	2.262
3105.000	2.262
3106.000	2.262
3107.000	2.261
3108.000	2.261
3109.000	2.261
3110.000	2.260
3111.000	2.260
3112.000	2.259
3113.000	2.259
3114.000	2.258
3115.000	2.258
3116.000	2.258
3117.000	2.257
3118.000	2.257
3119.000	2.256
3120.000	2.256
3121.000	2.256
3122.000	2.255
3123.000	2.255
3124.000	2.254
3125.000	2.254
3126.000	2.254
3127.000	2.253
3128.000	2.253
3129.000	2.252
3130.000	2.252
3131.000	2.252
3132.000	2.251
3133.000	2.251
3134.000	2.251
3135.000	2.250
3136.000	2.250
3137.000	2.249
3138.000	2.249
3139.000	2.248
3140.000	2.248
3141.000	2.248
3142.000	2.248
3143.000	2.247
3144.000	2.247
3145.000	2.246
3146.000	2.246
3147.000	2.246
3148.000	2.245
3149.000	2.245
3150.000	2.244
3151.000	2.244
3152.000	2.244
3153.000	2.244
3154.000	2.243
3155.000	2.243
3156.000	2.242
3157.000	2.242
3158.000	2.242
3159.000	2.241
3160.000	2.241
3161.000	2.240
3162.000	2.240
3163.000	2.240
3164.000	2.240
3165.000	2.239
3166.000	2.239
3167.000	2.238
3168.000	2.238
3169.000	2.238
3170.000	2.237
3171.000	2.237
3172.000	2.236
3173.000	2.236
3174.000	2.235
3175.000	2.235
3176.000	2.235
3177.000	2.235
3178.000	2.234
3179.000	2.234
3180.000	2.234
3181.000	2.233
3182.000	2.233
3183.000	2.232
3184.000	2.232
3185.000	2.232
3186.000	2.231
3187.000	2.231
3188.000	2.231
3189.000	2.230
3190.000	2.230
3191.000	2.230
3192.000	2.229
3193.000	2.229
3194.000	2.228
3195.000	2.228
3196.000	2.228
3197.000	2.227
3198.000	2.227
3199.000	2.227
3200.000	2.227
3201.000	2.226
3202.000	2.226
3203.000	2.225
3204.000	2.225
3205.000	2.225
3206.000	2.224
3207.000	2.224
3208.000	2.223
3209.000	2.223
3210.000	2.223
3211.000	2.223
3212.000	2.222
3213.000	2.222
3214.000	2.222
3215.000	2.221
3216.000	2.221
3217.000	2.220
3218.000	2.220
3219.000	2.220
3220.000	2.220
3221.000	2.219
3222.000	2.219
3223.000	2.218
3224.000	2.218
3225.000	2.218
3226.000	2.217
3227.000	2.217
3228.000	2.216
3229.000	2.216
3230.000	2.216
3231.000	2.216
3232.000	2.215
3233.000	2.215
3234.000	2.215
3235.000	2.214
3236.000	2.214
3237.000	2.213
3238.000	2.213
3239.000	2.213
3240.000	2.212
3241.000	2.212
3242.000	2.212
3243.000	2.212
3244.000	2.211
3245.000	2.211
3246.000	2.210
3247.000	2.210
3248.000	2.210
3249.000	2.209
3250.000	2.209
3251.000	2.209
3252.000	2.208
3253.000	2.208
3254.000	2.208
3255.000	2.208
3256.000	2.207
3257.000	2.207
3258.000	2.207
3259.000	2.206
3260.000	2.206
3261.000	2.206
3262.000	2.205
3263.000	2.205
3264.000	2.205
3265.000	2.205
3266.000	2.204
3267.000	2.204
3268.000	2.204
3269.000	2.204
3270.000	2.203
3271.000	2.203
3272.000	2.203
3273.000	2.202
3274.000	2.202
3275.000	2.202
3276.000	2.202
3277.000	2.201
3278.000	2.201
3279.000	2.201
3280.000	2.201
3281.000	2.200
3282.000	2.200
3283.000	2.200
3284.000	2.199
3285.000	2.199
3286.000	2.199
3287.000	2.199
3288.000	2.198
3289.000	2.198
3290.000	2.198
3291.000	2.198
3292.000	2.197
3293.000	2.197
3294.000	2.197
3295.000	2.196
3296.000	2.196
3297.000	2.196
3298.000	2.196
3299.000	2.195
3300.000	2.195
3301.000	2.195
3302.000	2.195
3303.000	2.194
3304.000	2.194
3305.000	2.194
3306.000	2.193
3307.000	2.193
3308.000	2.193
3309.000	2.193
3310.000	2.193
3311.000	2.192
3312.000	2.192
3313.000	2.192
3314.000	2.191
3315.000	2.191
3316.000	2.191
3317.000	2.191
3318.000	2.190
3319.000	2.190
3320.000	2.190
3321.000	2.190
3322.000	2.190
3323.000	2.189
3324.000	2.189
3325.000	2.189
3326.000	2.188
3327.000	2.188
3328.000	2.188
3329.000	2.188
3330.000	2.187
3331.000	2.187
3332.000	2.187
3333.000	2.187
3334.000	2.187
3335.000	2.186
3336.000	2.186
3337.000	2.186
3338.000	2.185
3339.000	2.185
3340.000	2.185
3341.000	2.184
3342.000	2.184
3343.000	2.184
3344.000	2.184
3345.000	2.183
3346.000	2.183
3347.000	2.183
3348.000	2.183
3349.000	2.182
3350.000	2.182
3351.000	2.182
3352.000	2.181
3353.000	2.181
3354.000	2.181
3355.000	2.181
3356.000	2.180
3357.000	2.180
3358.000	2.180
3359.000	2.179
3360.000	2.179
3361.000	2.179
3362.000	2.178
3363.000	2.178
3364.000	2.178
3365.000	2.178
3366.000	2.177
3367.000	2.177
3368.000	2.177
3369.000	2.176
3370.000	2.176
3371.000	2.176
3372.000	2.175
3373.000	2.175
3374.000	2.175
3375.000	2.174
3376.000	2.174
3377.000	2.174
3378.000	2.174
3379.000	2.173
3380.000	2.173
3381.000	2.173
3382.000	2.173
3383.000	2.172
3384.000	2.172
3385.000	2.172
3386.000	2.171
3387.000	2.171
3388.000	2.171
3389.000	2.171
3390.000	2.170
3391.000	2.170
3392.000	2.170
3393.000	2.170
3394.000	2.169
3395.000	2.169
3396.000	2.169
3397.000	2.168
3398.000	2.168
3399.000	2.168
3400.000	2.168
3401.000	2.167
3402.000	2.167
3403.000	2.167
3404.000	2.167
3405.000	2.166
3406.000	2.166
3407.000	2.166
3408.000	2.166
3409.000	2.165
3410.000	2.165
3411.000	2.165
3412.000	2.165
3413.000	2.165
3414.000	2.164
3415.000	2.164
3416.000	2.164
3417.000	2.164
3418.000	2.163
3419.000	2.163
3420.000	2.163
3421.000	2.163
3422.000	2.163
3423.000	2.162
3424.000	2.162
3425.000	2.162
3426.000	2.162
3427.000	2.161
3428.000	2.161
3429.000	2.161
3430.000	2.161
3431.000	2.160
3432.000	2.160
3433.000	2.160
3434.000	2.160
3435.000	2.160
3436.000	2.159
3437.000	2.159
3438.000	2.159
3439.000	2.159
3440.000	2.158
3441.000	2.158
3442.000	2.158
3443.000	2.158
3444.000	2.157
3445.000	2.157
3446.000	2.157
3447.000	2.157
3448.000	2.156
3449.000	2.156
3450.000	2.156
3451.000	2.156
3452.000	2.155
3453.000	2.155
3454.000	2.155
3455.000	2.155
3456.000	2.155
3457.000	2.154
3458.000	2.154
3459.000	2.154
3460.000	2.153
3461.000	2.153
3462.000	2.153
3463.000	2.153
3464.000	2.152
3465.000	2.152
3466.000	2.152
3467.000	2.152
3468.000	2.152
3469.000	2.151
3470.000	2.151
3471.000	2.151
3472.000	2.150
3473.000	2.150
3474.000	2.150
3475.000	2.150
3476.000	2.149
3477.000	2.149
3478.000	2.149
3479.000	2.149
3480.000	2.148
3481.000	2.148
3482.000	2.148
3483.000	2.148
3484.000	2.147
3485.000	2.147
3486.000	2.147
3487.000	2.146
3488.000	2.146
3489.000	2.146
3490.000	2.146
3491.000	2.146
3492.000	2.145
3493.000	2.145
3494.000	2.145
3495.000	2.144
3496.000	2.144
3497.000	2.144
3498.000	2.144
3499.000	2.144
3500.000	2.143
3501.000	2.143
3502.000	2.143
3503.000	2.142
3504.000	2.142
3505.000	2.142
3506.000	2.142
3507.000	2.141
3508.000	2.141
3509.000	2.141
3510.000	2.141
3511.000	2.140
3512.000	2.140
3513.000	2.140
3514.000	2.140
3515.000	2.139
3516.000	2.139
3517.000	2.139
3518.000	2.138
3519.000	2.138
3520.000	2.138
3521.000	2.138
3522.000	2.137
3523.000	2.137
3524.000	2.137
3525.000	2.136
3526.000	2.136
3527.000	2.136
3528.000	2.136
3529.000	2.135
3530.000	2.135
3531.000	2.135
3532.000	2.135
3533.000	2.134
3534.000	2.134
3535.000	2.134
3536.000	2.133
3537.000	2.133
3538.000	2.133
3539.000	2.133
3540.000	2.132
3541.000	2.132
3542.000	2.132
3543.000	2.131
3544.000	2.131
3545.000	2.131
3546.000	2.131
3547.000	2.130
3548.000	2.130
3549.000	2.130
3550.000	2.129
3551.000	2.129
3552.000	2.129
3553.000	2.129
3554.000	2.128
3555.000	2.128
3556.000	2.128
3557.000	2.128
3558.000	2.127
3559.000	2.127
3560.000	2.127
3561.000	2.126
3562.000	2.126
3563.000	2.126
3564.000	2.125
3565.000	2.125
3566.000	2.125
3567.000	2.125
3568.000	2.124
3569.000	2.124
3570.000	2.124
3571.000	2.124
3572.000	2.123
3573.000	2.123
3574.000	2.123
3575.000	2.123
3576.000	2.122
3577.000	2.122
3578.000	2.122
3579.000	2.122
3580.000	2.122
3581.000	2.121
3582.000	2.121
3583.000	2.121
3584.000	2.121
3585.000	2.120
3586.000	2.120
3587.000	2.120
3588.000	2.120
3589.000	2.119
3590.000	2.119
3591.000	2.119
3592.000	2.119
3593.000	2.118
3594.000	2.118
3595.000	2.118
3596.000	2.118
3597.000	2.117
3598.000	2.117
3599.000	2.117
3600.000	2.117
3601.000	2.117
3602.000	2.116
3603.000	2.116
3604.000	2.116
3605.000	2.116
3606.000	2.115
3607.000	2.115
3608.000	2.115
3609.000	2.115
3610.000	2.114
3611.000	2.114
3612.000	2.114
3613.000	2.114
3614.000	2.114
3615.000	2.113
3616.000	2.113
3617.000	2.113
3618.000	2.113
3619.000	2.112
3620.000	2.112
3621.000	2.112
3622.000	2.112
3623.000	2.111
3624.000	2.111
3625.000	2.111
3626.000	2.111
3627.000	2.110
3628.000	2.110
3629.000	2.110
3630.000	2.110
3631.000	2.109
3632.000	2.109
3633.000	2.109
3634.000	2.109
3635.000	2.109
3636.000	2.109
3637.000	2.108
3638.000	2.108
3639.000	2.108
3640.000	2.108
3641.000	2.107
3642.000	2.107
3643.000	2.107
3644.000	2.107
3645.000	2.107
3646.000	2.106
3647.000	2.106
3648.000	2.106
3649.000	2.106
3650.000	2.105
3651.000	2.105
3652.000	2.105
3653.000	2.105
3654.000	2.104
3655.000	2.104
3656.000	2.104
3657.000	2.104
3658.000	2.104
3659.000	2.104
3660.000	2.103
3661.000	2.103
3662.000	2.103
3663.000	2.103
3664.000	2.102
3665.000	2.102
3666.000	2.102
3667.000	2.102
3668.000	2.102
3669.000	2.101
3670.000	2.101
3671.000	2.101
3672.000	2.101
3673.000	2.100
3674.000	2.100
3675.000	2.100
3676.000	2.100
3677.000	2.099
3678.000	2.099
3679.000	2.099
3680.000	2.099
3681.000	2.099
3682.000	2.098
3683.000	2.098
3684.000	2.098
3685.000	2.098
3686.000	2.097
3687.000	2.097
3688.000	2.097
3689.000	2.097
3690.000	2.097
3691.000	2.096
3692.000	2.096
3693.000	2.096
3694.000	2.096
3695.000	2.095
3696.000	2.095
3697.000	2.095
3698.000	2.095
3699.000	2.095
3700.000	2.095
3701.000	2.094
3702.000	2.094
3703.000	2.094
3704.000	2.094
3705.000	2.093
3706.000	2.093
3707.000	2.093
3708.000	2.093
3709.000	2.092
3710.000	2.092
3711.000	2.092
3712.000	2.092
3713.000	2.092
3714.000	2.091
3715.000	2.091
3716.000	2.091
3717.000	2.091
3718.000	2.090
3719.000	2.090
3720.000	2.090
3721.000	2.090
3722.000	2.090
3723.000	2.090
3724.000	2.089
3725.000	2.089
3726.000	2.089
3727.000	2.089
3728.000	2.089
3729.000	2.088
3730.000	2.088
3731.000	2.088
3732.000	2.088
3733.000	2.088
3734.000	2.088
3735.000	2.087
3736.000	2.087
3737.000	2.087
3738.000	2.087
3739.000	2.087
3740.000	2.087
3741.000	2.086
3742.000	2.086
3743.000	2.086
3744.000	2.086
3745.000	2.086
3746.000	2.086
3747.000	2.086
3748.000	2.086
3749.000	2.086
3750.000	2.086
3751.000	2.086
3752.000	2.086
3753.000	2.086
3754.000	2.086
3755.000	2.086
3756.000	2.086
3757.000	2.086
3758.000	2.086
3759.000	2.086
3760.000	2.068
3761.000	2.068
3762.000	2.068
3763.000	2.068
3764.000	2.068
3765.000	2.068
3766.000	2.068
3767.000	2.068
3768.000	2.068
3769.000	2.068
3770.000	2.068
3771.000	2.068
3772.000	2.068
3773.000	2.068
3774.000	2.068
3775.000	2.068
3776.000	2.068
3777.000	2.068
3778.000	2.068
3779.000	2.068
3780.000	2.068
3781.000	2.068
3782.000	2.068
3783.000	2.068
3784.000	2.068
3785.000	2.068
3786.000	2.068
3787.000	2.068
3788.000	2.068
3789.000	2.058
3790.000	2.058
3791.000	2.058
3792.000	2.055
3793.000	2.055
3794.000	2.055
3795.000	2.055
3796.000	2.055
3797.000	2.055
3798.000	2.055
3799.000	2.055
3800.000	2.055
3801.000	2.055
3802.000	2.055
3803.000	2.055
3804.000	2.055
3805.000	2.046
3806.000	2.046
3807.000	2.046
3808.000	2.046
3809.000	2.046
3810.000	2.046
3811.000	2.046
3812.000	2.046
3813.000	2.046
3814.000	2.046
3815.000	2.046
3816.000	2.046
3817.000	2.046
3818.000	2.046
3819.000	2.046
3820.000	2.046
3821.000	2.046
3822.000	2.046
3823.000	2.046
3824.000	2.046
3825.000	2.046
3826.000	2.046
3827.000	2.046
3828.000	2.046
3829.000	2.046
3830.000	2.046
3831.000	2.046
3832.000	2.046
3833.000	2.046
3834.000	2.046
3835.000	2.046
3836.000	2.046
3837.000	2.046
3838.000	2.046
3839.000	2.046
3840.000	2.046
3841.000	2.046
3842.000	2.046
3843.000	2.033
3844.000	2.033
3845.000	2.033
3846.000	2.033
3847.000	2.033
3848.000	2.033
3849.000	2.033
3850.000	2.033
3851.000	2.033
3852.000	2.033
3853.000	2.033
3854.000	2.033
3855.000	2.033
3856.000	2.033
3857.000	2.033
3858.000	2.033
3859.000	2.033
3860.000	2.033
3861.000	2.033
3862.000	2.033
3863.000	2.033
3864.000	2.020
3865.000	2.020
3866.000	2.020
3867.000	2.020
3868.000	2.020
3869.000	2.020
3870.000	2.020
3871.000	2.020
3872.000	2.020
3873.000	2.020
3874.000	2.020
3875.000	2.020
3876.000	2.020
3877.000	2.020
3878.000	2.020
3879.000	2.020
3880.000	2.020
3881.000	2.020
3882.000	2.020
3883.000	2.020
3884.000	2.020
3885.000	2.020
3886.000	2.020
3887.000	2.020
3888.000	2.020
3889.000	2.020
3890.000	2.020
3891.000	2.020
3892.000	2.020
3893.000	2.020
3894.000	2.020
3895.000	2.020
3896.000	2.020
3897.000	2.020
3898.000	2.020
3899.000	2.020
3900.000	2.020
3901.000	2.020
3902.000	2.020
3903.000	2.020
3904.000	2.020
3905.000	2.020
3906.000	2.020
3907.000	2.020
3908.000	2.020
3909.000	2.020
3910.000	2.020
3911.000	2.020
3912.000	2.020
3913.000	2.020
3914.000	2.020
3915.000	2.020
3916.000	2.020
3917.000	2.020
3918.000	2.020
3919.000	2.020
3920.000	2.020
3921.000	2.020
3922.000	2.020
3923.000	2.020
3924.000	2.020
3925.000	2.020
3926.000	2.020
3927.000	2.020
3928.000	2.020
3929.000	2.020
3930.000	2.020
3931.000	2.020
3932.000	2.020
3933.000	2.020
3934.000	2.020
3935.000	2.020
3936.000	2.020
3937.000	2.020
3938.000	2.020
3939.000	2.020
3940.000	2.020
3941.000	2.020
3942.000	2.020
3943.000	2.020
3944.000	2.020
3945.000	2.020
3946.000	2.020
3947.000	2.020
3948.000	2.020
3949.000	2.020
3950.000	2.020
3951.000	2.020
3952.000	2.020
3953.000	2.020
3954.000	2.020
3955.000	2.020
3956.000	2.020
3957.000	2.020
3958.000	2.020
3959.000	2.020
3960.000	2.020
3961.000	2.020
3962.000	2.020
3963.000	2.020
3964.000	2.020
3965.000	2.020
3966.000	2.020
3967.000	2.020
3968.000	2.020
3969.000	2.020
3970.000	2.020
3971.000	2.020
3972.000	2.020
3973.000	2.020
3974.000	2.020
3975.000	2.020
3976.000	2.020
3977.000	2.020
3978.000	2.020
3979.000	2.020
3980.000	2.020
3981.000	2.020
3982.000	2.020
3983.000	2.020
3984.000	2.020
3985.000	2.020
3986.000	2.020
3987.000	2.020
3988.000	2.020
3989.000	2.020
3990.000	2.020
3991.000	2.020
3992.000	2.020
3993.000	2.020
3994.000	2.020
3995.000	2.020
3996.000	2.020
3997.000	2.020
3998.000	2.020
3999.000	2.020
4000.000	2.020
4001.000	2.020
4002.000	2.020
4003.000	2.020
4004.000	2.020
4005.000	2.020
4006.000	2.020
4007.000	2.020
4008.000	2.020
4009.000	2.012
4010.000	2.012
4011.000	2.012
4012.000	2.012
4013.000	2.012
4014.000	2.012
4015.000	2.012
4016.000	2.012
4017.000	2.012
4018.000	2.012
4019.000	2.012
4020.000	2.012
4021.000	2.012
4022.000	2.012
4023.000	2.012
4024.000	2.012
4025.000	2.012
4026.000	2.012
4027.000	2.012
4028.000	2.012
4029.000	2.012
4030.000	2.012
4031.000	2.012
4032.000	2.012
4033.000	2.012
4034.000	2.012
4035.000	2.012
4036.000	2.012
4037.000	2.012
4038.000	2.012
4039.000	2.012
4040.000	2.012
4041.000	2.012
4042.000	2.012
4043.000	2.012
4044.000	2.012
4045.000	2.012
4046.000	2.012
4047.000	2.012
4048.000	2.012
4049.000	2.012
4050.000	2.012
4051.000	2.012
4052.000	2.012
4053.000	2.012
4054.000	2.012
4055.000	2.012
4056.000	2.012
4057.000	2.012
4058.000	2.012
4059.000	2.012
4060.000	2.012
4061.000	2.012
4062.000	2.012
4063.000	2.012
4064.000	2.012
4065.000	2.012
4066.000	2.012
4067.000	2.012
4068.000	2.012
4069.000	2.012
4070.000	2.012
4071.000	2.011
4072.000	2.011
4073.000	2.011
4074.000	2.011
4075.000	2.011
4076.000	2.011
4077.000	2.011
4078.000	2.011
4079.000	2.011
4080.000	2.011
4081.000	2.011
4082.000	2.011
4083.000	2.011
4084.000	2.011
4085.000	2.011
4086.000	2.011
4087.000	2.011
4088.000	2.011
4089.000	2.011
4090.000	2.011
4091.000	2.011
4092.000	2.011
4093.000	2.011
4094.000	2.011
4095.000	2.011
