0.000	20.673
1.000	20.411
2.000	20.194
3.000	19.397
4.000	19.083
5.000	18.850
6.000	18.850
7.000	18.842
8.000	18.834
9.000	18.827
10.000	18.819
11.000	18.812
12.000	18.804
13.000	18.772
14.000	18.765
15.000	18.757
16.000	18.750
17.000	18.687
18.000	18.680
19.000	18.625
20.000	18.577
21.000	18.554
22.000	18.539
23.000	18.531
24.000	18.523
25.000	18.514
26.000	18.506
27.000	18.498
28.000	18.489
29.000	18.482
30.000	18.474
31.000	18.465
32.000	18.458
33.000	18.450
34.000	18.443
35.000	18.435
36.000	18.428
37.000	18.420
38.000	18.412
39.000	18.405
40.000	18.397
41.000	18.390
42.000	18.382
43.000	18.375
44.000	18.367
45.000	18.360
46.000	18.352
47.000	18.344
48.000	18.337
49.000	18.329
50.000	18.322
51.000	18.314
52.000	18.307
53.000	18.299
54.000	18.291
55.000	18.284
56.000	18.276
57.000	18.269
58.000	18.261
59.000	18.254
60.000	18.246
61.000	18.237
62.000	18.230
63.000	18.222
64.000	18.213
65.000	18.205
66.000	18.197
67.000	18.188
68.000	18.180
69.000	18.171
70.000	18.163
71.000	18.154
72.000	18.145
73.000	18.138
74.000	18.129
75.000	18.120
76.000	18.111
77.000	18.103
78.000	18.094
79.000	18.085
80.000	18.076
81.000	18.067
82.000	18.058
83.000	18.048
84.000	18.041
85.000	18.032
86.000	18.023
87.000	18.013
88.000	18.004
89.000	17.995
90.000	17.985
91.000	17.976
92.000	17.966
93.000	17.957
94.000	17.947
95.000	17.937
96.000	17.930
97.000	17.920
98.000	17.909
99.000	17.899
100.000	17.888
101.000	17.878
102.000	17.868
103.000	17.857
104.000	17.846
105.000	17.835
106.000	17.825
107.000	17.817
108.000	17.806
109.000	17.795
110.000	17.784
111.000	17.772
112.000	17.760
113.000	17.748
114.000	17.736
115.000	17.724
116.000	17.711
117.000	17.698
118.000	17.691
119.000	17.678
120.000	17.665
121.000	17.651
122.000	17.637
123.000	17.623
124.000	17.608
125.000	17.593
126.000	17.578
127.000	17.562
128.000	17.546
129.000	17.539
130.000	17.523
131.000	17.506
132.000	17.489
133.000	17.471
134.000	17.453
135.000	17.435
136.000	17.417
137.000	17.398
138.000	17.379
139.000	17.359
140.000	17.335
141.000	17.315
142.000	17.295
143.000	17.274
144.000	17.253
145.000	17.231
146.000	17.208
147.000	17.186
148.000	17.163
149.000	17.140
150.000	17.116
151.000	17.108
152.000	17.083
153.000	17.057
154.000	17.032
155.000	17.005
156.000	16.978
157.000	16.951
158.000	16.924
159.000	16.895
160.000	16.866
161.000	16.837
162.000	16.807
163.000	16.768
164.000	16.739
165.000	16.710
166.000	16.680
167.000	16.649
168.000	16.619
169.000	16.587
170.000	16.557
171.000	16.527
172.000	16.497
173.000	16.467
174.000	16.445
175.000	16.415
176.000	16.385
177.000	16.355
178.000	16.325
179.000	16.294
180.000	16.264
181.000	16.233
182.000	16.202
183.000	16.171
184.000	16.140
185.000	16.086
186.000	16.053
187.000	16.022
188.000	15.989
189.000	15.957
190.000	15.925
191.000	15.892
192.000	15.859
193.000	15.826
194.000	15.792
195.000	15.758
196.000	15.692
197.000	15.658
198.000	15.624
199.000	15.590
200.000	15.556
201.000	15.521
202.000	15.485
203.000	15.451
204.000	15.415
205.000	15.379
206.000	15.344
207.000	15.274
208.000	15.238
209.000	15.202
210.000	15.166
211.000	15.131
212.000	15.095
213.000	15.060
214.000	15.024
215.000	14.989
216.000	14.953
217.000	14.918
218.000	14.870
219.000	14.834
220.000	14.798
221.000	14.763
222.000	14.727
223.000	14.692
224.000	14.657
225.000	14.622
226.000	14.587
227.000	14.553
228.000	14.518
229.000	14.483
230.000	14.463
231.000	14.428
232.000	14.393
233.000	14.359
234.000	14.326
235.000	14.291
236.000	14.256
237.000	14.221
238.000	14.186
239.000	14.151
240.000	14.116
241.000	14.104
242.000	14.068
243.000	14.032
244.000	13.996
245.000	13.962
246.000	13.928
247.000	13.892
248.000	13.857
249.000	13.823
250.000	13.789
251.000	13.756
252.000	13.650
253.000	13.615
254.000	13.581
255.000	13.547
256.000	13.513
257.000	13.479
258.000	13.446
259.000	13.413
260.000	13.381
261.000	13.349
262.000	13.318
263.000	13.247
264.000	13.216
265.000	13.184
266.000	13.152
267.000	13.120
268.000	13.088
269.000	13.056
270.000	13.024
271.000	12.993
272.000	12.962
273.000	12.932
274.000	12.901
275.000	12.870
276.000	12.839
277.000	12.809
278.000	12.779
279.000	12.750
280.000	12.720
281.000	12.690
282.000	12.661
283.000	12.631
284.000	12.602
285.000	12.598
286.000	12.569
287.000	12.540
288.000	12.511
289.000	12.483
290.000	12.455
291.000	12.426
292.000	12.398
293.000	12.370
294.000	12.343
295.000	12.315
296.000	12.311
297.000	12.284
298.000	12.257
299.000	12.231
300.000	12.204
301.000	12.178
302.000	12.152
303.000	12.125
304.000	12.099
305.000	12.072
306.000	12.046
307.000	12.020
308.000	12.016
309.000	11.990
310.000	11.964
311.000	11.938
312.000	11.912
313.000	11.885
314.000	11.859
315.000	11.833
316.000	11.808
317.000	11.782
318.000	11.756
319.000	11.676
320.000	11.650
321.000	11.624
322.000	11.598
323.000	11.573
324.000	11.547
325.000	11.522
326.000	11.496
327.000	11.470
328.000	11.445
329.000	11.419
330.000	11.382
331.000	11.356
332.000	11.330
333.000	11.304
334.000	11.277
335.000	11.252
336.000	11.226
337.000	11.202
338.000	11.177
339.000	11.152
340.000	11.127
341.000	11.123
342.000	11.098
343.000	11.072
344.000	11.046
345.000	11.020
346.000	10.993
347.000	10.966
348.000	10.941
349.000	10.915
350.000	10.889
351.000	10.864
352.000	10.799
353.000	10.773
354.000	10.748
355.000	10.723
356.000	10.698
357.000	10.673
358.000	10.649
359.000	10.624
360.000	10.598
361.000	10.573
362.000	10.548
363.000	10.521
364.000	10.496
365.000	10.471
366.000	10.446
367.000	10.421
368.000	10.397
369.000	10.373
370.000	10.350
371.000	10.326
372.000	10.303
373.000	10.280
374.000	10.257
375.000	10.205
376.000	10.183
377.000	10.161
378.000	10.138
379.000	10.115
380.000	10.093
381.000	10.070
382.000	10.048
383.000	10.026
384.000	10.004
385.000	9.982
386.000	9.979
387.000	9.957
388.000	9.936
389.000	9.914
390.000	9.892
391.000	9.870
392.000	9.848
393.000	9.825
394.000	9.804
395.000	9.782
396.000	9.761
397.000	9.758
398.000	9.736
399.000	9.714
400.000	9.693
401.000	9.671
402.000	9.650
403.000	9.628
404.000	9.608
405.000	9.587
406.000	9.566
407.000	9.544
408.000	9.510
409.000	9.489
410.000	9.467
411.000	9.446
412.000	9.425
413.000	9.403
414.000	9.382
415.000	9.361
416.000	9.340
417.000	9.318
418.000	9.297
419.000	9.294
420.000	9.273
421.000	9.252
422.000	9.231
423.000	9.211
424.000	9.189
425.000	9.168
426.000	9.147
427.000	9.126
428.000	9.105
429.000	9.084
430.000	9.081
431.000	9.060
432.000	9.039
433.000	9.018
434.000	8.998
435.000	8.977
436.000	8.957
437.000	8.937
438.000	8.917
439.000	8.897
440.000	8.876
441.000	8.856
442.000	8.853
443.000	8.833
444.000	8.813
445.000	8.793
446.000	8.773
447.000	8.753
448.000	8.733
449.000	8.713
450.000	8.694
451.000	8.674
452.000	8.655
453.000	8.652
454.000	8.632
455.000	8.613
456.000	8.594
457.000	8.575
458.000	8.556
459.000	8.537
460.000	8.518
461.000	8.499
462.000	8.480
463.000	8.462
464.000	8.441
465.000	8.422
466.000	8.404
467.000	8.386
468.000	8.368
469.000	8.349
470.000	8.331
471.000	8.313
472.000	8.295
473.000	8.276
474.000	8.258
475.000	8.255
476.000	8.236
477.000	8.218
478.000	8.200
479.000	8.181
480.000	8.163
481.000	8.144
482.000	8.125
483.000	8.106
484.000	8.087
485.000	8.068
486.000	8.060
487.000	8.042
488.000	8.023
489.000	8.004
490.000	7.985
491.000	7.966
492.000	7.948
493.000	7.929
494.000	7.910
495.000	7.892
496.000	7.873
497.000	7.853
498.000	7.835
499.000	7.817
500.000	7.799
501.000	7.780
502.000	7.762
503.000	7.745
504.000	7.727
505.000	7.709
506.000	7.692
507.000	7.674
508.000	7.666
509.000	7.649
510.000	7.631
511.000	7.613
512.000	7.596
513.000	7.579
514.000	7.562
515.000	7.545
516.000	7.528
517.000	7.511
518.000	7.494
519.000	7.477
520.000	7.467
521.000	7.451
522.000	7.434
523.000	7.418
524.000	7.402
525.000	7.386
526.000	7.369
527.000	7.354
528.000	7.337
529.000	7.322
530.000	7.306
531.000	7.303
532.000	7.287
533.000	7.272
534.000	7.256
535.000	7.240
536.000	7.225
537.000	7.210
538.000	7.195
539.000	7.180
540.000	7.166
541.000	7.151
542.000	7.148
543.000	7.134
544.000	7.120
545.000	7.105
546.000	7.091
547.000	7.077
548.000	7.063
549.000	7.050
550.000	7.036
551.000	7.022
552.000	7.009
553.000	6.996
554.000	6.983
555.000	6.969
556.000	6.956
557.000	6.943
558.000	6.930
559.000	6.918
560.000	6.905
561.000	6.893
562.000	6.881
563.000	6.869
564.000	6.865
565.000	6.853
566.000	6.841
567.000	6.829
568.000	6.818
569.000	6.807
570.000	6.795
571.000	6.784
572.000	6.773
573.000	6.762
574.000	6.751
575.000	6.699
576.000	6.688
577.000	6.678
578.000	6.667
579.000	6.656
580.000	6.645
581.000	6.635
582.000	6.624
583.000	6.613
584.000	6.603
585.000	6.593
586.000	6.583
587.000	6.566
588.000	6.556
589.000	6.546
590.000	6.536
591.000	6.527
592.000	6.517
593.000	6.507
594.000	6.498
595.000	6.489
596.000	6.480
597.000	6.471
598.000	6.467
599.000	6.459
600.000	6.450
601.000	6.441
602.000	6.432
603.000	6.424
604.000	6.415
605.000	6.407
606.000	6.399
607.000	6.390
608.000	6.382
609.000	6.375
610.000	6.367
611.000	6.359
612.000	6.352
613.000	6.344
614.000	6.337
615.000	6.330
616.000	6.323
617.000	6.316
618.000	6.309
619.000	6.301
620.000	6.298
621.000	6.291
622.000	6.284
623.000	6.276
624.000	6.269
625.000	6.262
626.000	6.255
627.000	6.248
628.000	6.241
629.000	6.234
630.000	6.227
631.000	6.224
632.000	6.217
633.000	6.210
634.000	6.204
635.000	6.197
636.000	6.190
637.000	6.184
638.000	6.177
639.000	6.171
640.000	6.164
641.000	6.158
642.000	6.155
643.000	6.149
644.000	6.142
645.000	6.136
646.000	6.129
647.000	6.123
648.000	6.117
649.000	6.111
650.000	6.105
651.000	6.099
652.000	6.093
653.000	6.088
654.000	6.080
655.000	6.075
656.000	6.069
657.000	6.064
658.000	6.058
659.000	6.053
660.000	6.048
661.000	6.042
662.000	6.037
663.000	6.032
664.000	6.027
665.000	6.027
666.000	6.022
667.000	6.017
668.000	6.012
669.000	6.007
670.000	6.002
671.000	5.997
672.000	5.993
673.000	5.988
674.000	5.983
675.000	5.978
676.000	5.977
677.000	5.972
678.000	5.967
679.000	5.963
680.000	5.958
681.000	5.953
682.000	5.948
683.000	5.944
684.000	5.939
685.000	5.935
686.000	5.930
687.000	5.930
688.000	5.925
689.000	5.921
690.000	5.916
691.000	5.912
692.000	5.907
693.000	5.903
694.000	5.898
695.000	5.894
696.000	5.890
697.000	5.885
698.000	5.828
699.000	5.823
700.000	5.819
701.000	5.814
702.000	5.810
703.000	5.806
704.000	5.801
705.000	5.797
706.000	5.792
707.000	5.788
708.000	5.783
709.000	5.783
710.000	5.779
711.000	5.774
712.000	5.770
713.000	5.766
714.000	5.761
715.000	5.757
716.000	5.752
717.000	5.748
718.000	5.744
719.000	5.739
720.000	5.739
721.000	5.735
722.000	5.730
723.000	5.726
724.000	5.721
725.000	5.717
726.000	5.712
727.000	5.708
728.000	5.704
729.000	5.700
730.000	5.696
731.000	5.692
732.000	5.692
733.000	5.687
734.000	5.683
735.000	5.679
736.000	5.675
737.000	5.671
738.000	5.667
739.000	5.663
740.000	5.658
741.000	5.654
742.000	5.650
743.000	5.650
744.000	5.646
745.000	5.641
746.000	5.637
747.000	5.633
748.000	5.629
749.000	5.624
750.000	5.620
751.000	5.616
752.000	5.611
753.000	5.607
754.000	5.607
755.000	5.603
756.000	5.598
757.000	5.594
758.000	5.590
759.000	5.585
760.000	5.581
761.000	5.576
762.000	5.572
763.000	5.567
764.000	5.562
765.000	5.562
766.000	5.557
767.000	5.553
768.000	5.548
769.000	5.544
770.000	5.539
771.000	5.534
772.000	5.529
773.000	5.525
774.000	5.521
775.000	5.517
776.000	5.517
777.000	5.512
778.000	5.508
779.000	5.504
780.000	5.499
781.000	5.495
782.000	5.491
783.000	5.487
784.000	5.483
785.000	5.479
786.000	5.475
787.000	5.474
788.000	5.470
789.000	5.466
790.000	5.462
791.000	5.458
792.000	5.454
793.000	5.451
794.000	5.447
795.000	5.443
796.000	5.439
797.000	5.435
798.000	5.431
799.000	5.431
800.000	5.427
801.000	5.423
802.000	5.420
803.000	5.416
804.000	5.413
805.000	5.409
806.000	5.405
807.000	5.402
808.000	5.398
809.000	5.394
810.000	5.386
811.000	5.382
812.000	5.378
813.000	5.374
814.000	5.370
815.000	5.366
816.000	5.362
817.000	5.358
818.000	5.354
819.000	5.350
820.000	5.346
821.000	5.346
822.000	5.342
823.000	5.338
824.000	5.334
825.000	5.330
826.000	5.326
827.000	5.322
828.000	5.317
829.000	5.314
830.000	5.310
831.000	5.306
832.000	5.306
833.000	5.302
834.000	5.298
835.000	5.294
836.000	5.290
837.000	5.286
838.000	5.282
839.000	5.278
840.000	5.275
841.000	5.271
842.000	5.267
843.000	5.249
844.000	5.246
845.000	5.242
846.000	5.238
847.000	5.235
848.000	5.231
849.000	5.227
850.000	5.223
851.000	5.220
852.000	5.216
853.000	5.212
854.000	5.189
855.000	5.186
856.000	5.182
857.000	5.179
858.000	5.175
859.000	5.171
860.000	5.168
861.000	5.164
862.000	5.160
863.000	5.157
864.000	5.153
865.000	5.149
866.000	5.149
867.000	5.145
868.000	5.141
869.000	5.138
870.000	5.134
871.000	5.131
872.000	5.127
873.000	5.124
874.000	5.120
875.000	5.116
876.000	5.113
877.000	5.113
878.000	5.109
879.000	5.105
880.000	5.102
881.000	5.098
882.000	5.095
883.000	5.091
884.000	5.087
885.000	5.084
886.000	5.080
887.000	5.076
888.000	5.076
889.000	5.072
890.000	5.069
891.000	5.065
892.000	5.062
893.000	5.058
894.000	5.054
895.000	5.051
896.000	5.047
897.000	5.043
898.000	5.040
899.000	5.036
900.000	5.032
901.000	5.028
902.000	5.025
903.000	5.022
904.000	5.018
905.000	5.015
906.000	5.012
907.000	5.008
908.000	5.005
909.000	5.002
910.000	5.001
911.000	4.998
912.000	4.995
913.000	4.991
914.000	4.988
915.000	4.985
916.000	4.981
917.000	4.978
918.000	4.975
919.000	4.971
920.000	4.968
921.000	4.968
922.000	4.964
923.000	4.961
924.000	4.958
925.000	4.954
926.000	4.951
927.000	4.948
928.000	4.945
929.000	4.941
930.000	4.938
931.000	4.935
932.000	4.931
933.000	4.931
934.000	4.928
935.000	4.925
936.000	4.921
937.000	4.918
938.000	4.915
939.000	4.911
940.000	4.908
941.000	4.905
942.000	4.901
943.000	4.898
944.000	4.898
945.000	4.895
946.000	4.891
947.000	4.888
948.000	4.885
949.000	4.882
950.000	4.878
951.000	4.875
952.000	4.872
953.000	4.868
954.000	4.865
955.000	4.865
956.000	4.862
957.000	4.859
958.000	4.856
959.000	4.852
960.000	4.849
961.000	4.846
962.000	4.843
963.000	4.840
964.000	4.837
965.000	4.833
966.000	4.826
967.000	4.823
968.000	4.820
969.000	4.816
970.000	4.813
971.000	4.810
972.000	4.807
973.000	4.804
974.000	4.801
975.000	4.797
976.000	4.794
977.000	4.772
978.000	4.769
979.000	4.766
980.000	4.763
981.000	4.760
982.000	4.757
983.000	4.753
984.000	4.750
985.000	4.747
986.000	4.744
987.000	4.740
988.000	4.740
989.000	4.737
990.000	4.734
991.000	4.730
992.000	4.727
993.000	4.724
994.000	4.721
995.000	4.717
996.000	4.714
997.000	4.711
998.000	4.708
999.000	4.708
1000.000	4.705
1001.000	4.702
1002.000	4.699
1003.000	4.696
1004.000	4.693
1005.000	4.690
1006.000	4.687
1007.000	4.684
1008.000	4.681
1009.000	4.678
1010.000	4.675
1011.000	4.657
1012.000	4.654
1013.000	4.651
1014.000	4.648
1015.000	4.645
1016.000	4.642
1017.000	4.639
1018.000	4.636
1019.000	4.633
1020.000	4.630
1021.000	4.627
1022.000	4.627
1023.000	4.624
1024.000	4.621
1025.000	4.618
1026.000	4.615
1027.000	4.612
1028.000	4.609
1029.000	4.606
1030.000	4.603
1031.000	4.600
1032.000	4.597
1033.000	4.597
1034.000	4.594
1035.000	4.591
1036.000	4.588
1037.000	4.585
1038.000	4.582
1039.000	4.579
1040.000	4.576
1041.000	4.573
1042.000	4.570
1043.000	4.567
1044.000	4.551
1045.000	4.548
1046.000	4.546
1047.000	4.543
1048.000	4.540
1049.000	4.537
1050.000	4.534
1051.000	4.531
1052.000	4.528
1053.000	4.526
1054.000	4.523
1055.000	4.523
1056.000	4.520
1057.000	4.517
1058.000	4.514
1059.000	4.511
1060.000	4.508
1061.000	4.505
1062.000	4.503
1063.000	4.500
1064.000	4.497
1065.000	4.494
1066.000	4.494
1067.000	4.491
1068.000	4.488
1069.000	4.485
1070.000	4.483
1071.000	4.480
1072.000	4.477
1073.000	4.474
1074.000	4.471
1075.000	4.469
1076.000	4.466
1077.000	4.463
1078.000	4.463
1079.000	4.460
1080.000	4.457
1081.000	4.455
1082.000	4.452
1083.000	4.449
1084.000	4.447
1085.000	4.444
1086.000	4.441
1087.000	4.438
1088.000	4.436
1089.000	4.435
1090.000	4.433
1091.000	4.430
1092.000	4.427
1093.000	4.424
1094.000	4.422
1095.000	4.419
1096.000	4.416
1097.000	4.413
1098.000	4.410
1099.000	4.408
1100.000	4.386
1101.000	4.383
1102.000	4.381
1103.000	4.378
1104.000	4.375
1105.000	4.372
1106.000	4.370
1107.000	4.367
1108.000	4.364
1109.000	4.362
1110.000	4.359
1111.000	4.359
1112.000	4.356
1113.000	4.353
1114.000	4.351
1115.000	4.348
1116.000	4.345
1117.000	4.342
1118.000	4.340
1119.000	4.337
1120.000	4.334
1121.000	4.331
1122.000	4.331
1123.000	4.328
1124.000	4.326
1125.000	4.323
1126.000	4.320
1127.000	4.317
1128.000	4.314
1129.000	4.312
1130.000	4.309
1131.000	4.306
1132.000	4.304
1133.000	4.304
1134.000	4.301
1135.000	4.298
1136.000	4.296
1137.000	4.293
1138.000	4.290
1139.000	4.287
1140.000	4.285
1141.000	4.282
1142.000	4.279
1143.000	4.276
1144.000	4.274
1145.000	4.273
1146.000	4.271
1147.000	4.268
1148.000	4.265
1149.000	4.262
1150.000	4.260
1151.000	4.257
1152.000	4.254
1153.000	4.251
1154.000	4.248
1155.000	4.246
1156.000	4.245
1157.000	4.243
1158.000	4.240
1159.000	4.237
1160.000	4.235
1161.000	4.232
1162.000	4.229
1163.000	4.226
1164.000	4.223
1165.000	4.221
1166.000	4.218
1167.000	4.218
1168.000	4.215
1169.000	4.212
1170.000	4.209
1171.000	4.206
1172.000	4.204
1173.000	4.201
1174.000	4.198
1175.000	4.195
1176.000	4.192
1177.000	4.190
1178.000	4.181
1179.000	4.178
1180.000	4.175
1181.000	4.173
1182.000	4.170
1183.000	4.167
1184.000	4.164
1185.000	4.162
1186.000	4.159
1187.000	4.156
1188.000	4.153
1189.000	4.153
1190.000	4.150
1191.000	4.148
1192.000	4.145
1193.000	4.142
1194.000	4.139
1195.000	4.136
1196.000	4.134
1197.000	4.131
1198.000	4.128
1199.000	4.126
1200.000	4.126
1201.000	4.123
1202.000	4.120
1203.000	4.118
1204.000	4.115
1205.000	4.112
1206.000	4.110
1207.000	4.107
1208.000	4.105
1209.000	4.102
1210.000	4.099
1211.000	4.099
1212.000	4.097
1213.000	4.094
1214.000	4.092
1215.000	4.089
1216.000	4.086
1217.000	4.084
1218.000	4.081
1219.000	4.079
1220.000	4.076
1221.000	4.073
1222.000	4.071
1223.000	4.071
1224.000	4.068
1225.000	4.065
1226.000	4.063
1227.000	4.060
1228.000	4.058
1229.000	4.055
1230.000	4.053
1231.000	4.050
1232.000	4.048
1233.000	4.045
1234.000	4.045
1235.000	4.042
1236.000	4.039
1237.000	4.037
1238.000	4.034
1239.000	4.031
1240.000	4.029
1241.000	4.026
1242.000	4.023
1243.000	4.021
1244.000	4.018
1245.000	4.018
1246.000	4.015
1247.000	4.013
1248.000	4.010
1249.000	4.008
1250.000	4.005
1251.000	4.002
1252.000	4.000
1253.000	3.997
1254.000	3.994
1255.000	3.992
1256.000	3.992
1257.000	3.989
1258.000	3.987
1259.000	3.984
1260.000	3.982
1261.000	3.979
1262.000	3.976
1263.000	3.974
1264.000	3.971
1265.000	3.969
1266.000	3.966
1267.000	3.966
1268.000	3.963
1269.000	3.961
1270.000	3.958
1271.000	3.955
1272.000	3.953
1273.000	3.950
1274.000	3.948
1275.000	3.945
1276.000	3.943
1277.000	3.940
1278.000	3.940
1279.000	3.937
1280.000	3.935
1281.000	3.932
1282.000	3.930
1283.000	3.927
1284.000	3.925
1285.000	3.922
1286.000	3.920
1287.000	3.917
1288.000	3.915
1289.000	3.912
1290.000	3.899
1291.000	3.896
1292.000	3.894
1293.000	3.891
1294.000	3.889
1295.000	3.886
1296.000	3.884
1297.000	3.881
1298.000	3.878
1299.000	3.876
1300.000	3.873
1301.000	3.873
1302.000	3.871
1303.000	3.868
1304.000	3.866
1305.000	3.863
1306.000	3.861
1307.000	3.858
1308.000	3.856
1309.000	3.853
1310.000	3.851
1311.000	3.848
1312.000	3.848
1313.000	3.845
1314.000	3.843
1315.000	3.840
1316.000	3.838
1317.000	3.835
1318.000	3.832
1319.000	3.830
1320.000	3.827
1321.000	3.825
1322.000	3.822
1323.000	3.822
1324.000	3.820
1325.000	3.817
1326.000	3.815
1327.000	3.812
1328.000	3.810
1329.000	3.807
1330.000	3.805
1331.000	3.802
1332.000	3.799
1333.000	3.797
1334.000	3.797
1335.000	3.794
1336.000	3.792
1337.000	3.789
1338.000	3.787
1339.000	3.785
1340.000	3.782
1341.000	3.780
1342.000	3.778
1343.000	3.775
1344.000	3.773
1345.000	3.773
1346.000	3.770
1347.000	3.768
1348.000	3.766
1349.000	3.764
1350.000	3.761
1351.000	3.759
1352.000	3.757
1353.000	3.754
1354.000	3.752
1355.000	3.750
1356.000	3.747
1357.000	3.705
1358.000	3.703
1359.000	3.700
1360.000	3.698
1361.000	3.695
1362.000	3.693
1363.000	3.690
1364.000	3.688
1365.000	3.685
1366.000	3.683
1367.000	3.680
1368.000	3.680
1369.000	3.678
1370.000	3.675
1371.000	3.673
1372.000	3.670
1373.000	3.668
1374.000	3.665
1375.000	3.663
1376.000	3.660
1377.000	3.658
1378.000	3.655
1379.000	3.655
1380.000	3.652
1381.000	3.650
1382.000	3.647
1383.000	3.645
1384.000	3.643
1385.000	3.640
1386.000	3.638
1387.000	3.635
1388.000	3.633
1389.000	3.631
1390.000	3.630
1391.000	3.628
1392.000	3.626
1393.000	3.623
1394.000	3.621
1395.000	3.619
1396.000	3.616
1397.000	3.614
1398.000	3.612
1399.000	3.610
1400.000	3.607
1401.000	3.607
1402.000	3.605
1403.000	3.603
1404.000	3.600
1405.000	3.598
1406.000	3.596
1407.000	3.594
1408.000	3.592
1409.000	3.589
1410.000	3.587
1411.000	3.585
1412.000	3.585
1413.000	3.583
1414.000	3.581
1415.000	3.579
1416.000	3.577
1417.000	3.575
1418.000	3.573
1419.000	3.571
1420.000	3.569
1421.000	3.566
1422.000	3.564
1423.000	3.564
1424.000	3.562
1425.000	3.560
1426.000	3.558
1427.000	3.557
1428.000	3.555
1429.000	3.553
1430.000	3.551
1431.000	3.549
1432.000	3.547
1433.000	3.545
1434.000	3.544
1435.000	3.543
1436.000	3.542
1437.000	3.540
1438.000	3.538
1439.000	3.536
1440.000	3.534
1441.000	3.533
1442.000	3.531
1443.000	3.529
1444.000	3.527
1445.000	3.526
1446.000	3.525
1447.000	3.524
1448.000	3.522
1449.000	3.520
1450.000	3.519
1451.000	3.517
1452.000	3.515
1453.000	3.513
1454.000	3.512
1455.000	3.510
1456.000	3.508
1457.000	3.508
1458.000	3.506
1459.000	3.505
1460.000	3.503
1461.000	3.501
1462.000	3.500
1463.000	3.498
1464.000	3.496
1465.000	3.495
1466.000	3.493
1467.000	3.492
1468.000	3.491
1469.000	3.490
1470.000	3.488
1471.000	3.486
1472.000	3.485
1473.000	3.483
1474.000	3.482
1475.000	3.480
1476.000	3.478
1477.000	3.477
1478.000	3.475
1479.000	3.475
1480.000	3.473
1481.000	3.472
1482.000	3.470
1483.000	3.469
1484.000	3.467
1485.000	3.465
1486.000	3.464
1487.000	3.462
1488.000	3.461
1489.000	3.459
1490.000	3.459
1491.000	3.458
1492.000	3.456
1493.000	3.455
1494.000	3.453
1495.000	3.452
1496.000	3.450
1497.000	3.449
1498.000	3.447
1499.000	3.446
1500.000	3.444
1501.000	3.443
1502.000	3.443
1503.000	3.441
1504.000	3.440
1505.000	3.438
1506.000	3.437
1507.000	3.435
1508.000	3.434
1509.000	3.433
1510.000	3.432
1511.000	3.430
1512.000	3.429
1513.000	3.429
1514.000	3.428
1515.000	3.426
1516.000	3.425
1517.000	3.424
1518.000	3.423
1519.000	3.421
1520.000	3.420
1521.000	3.419
1522.000	3.418
1523.000	3.416
1524.000	3.416
1525.000	3.415
1526.000	3.414
1527.000	3.413
1528.000	3.411
1529.000	3.410
1530.000	3.409
1531.000	3.408
1532.000	3.406
1533.000	3.405
1534.000	3.404
1535.000	3.404
1536.000	3.403
1537.000	3.402
1538.000	3.400
1539.000	3.399
1540.000	3.398
1541.000	3.397
1542.000	3.396
1543.000	3.395
1544.000	3.394
1545.000	3.393
1546.000	3.393
1547.000	3.392
1548.000	3.391
1549.000	3.390
1550.000	3.389
1551.000	3.388
1552.000	3.387
1553.000	3.386
1554.000	3.385
1555.000	3.384
1556.000	3.383
1557.000	3.383
1558.000	3.382
1559.000	3.381
1560.000	3.380
1561.000	3.379
1562.000	3.378
1563.000	3.377
1564.000	3.376
1565.000	3.375
1566.000	3.374
1567.000	3.373
1568.000	3.372
1569.000	3.372
1570.000	3.371
1571.000	3.370
1572.000	3.369
1573.000	3.368
1574.000	3.367
1575.000	3.366
1576.000	3.365
1577.000	3.364
1578.000	3.363
1579.000	3.362
1580.000	3.362
1581.000	3.361
1582.000	3.360
1583.000	3.359
1584.000	3.359
1585.000	3.358
1586.000	3.357
1587.000	3.356
1588.000	3.355
1589.000	3.355
1590.000	3.354
1591.000	3.354
1592.000	3.353
1593.000	3.352
1594.000	3.351
1595.000	3.351
1596.000	3.350
1597.000	3.349
1598.000	3.348
1599.000	3.348
1600.000	3.347
1601.000	3.346
1602.000	3.346
1603.000	3.346
1604.000	3.345
1605.000	3.344
1606.000	3.344
1607.000	3.343
1608.000	3.342
1609.000	3.342
1610.000	3.341
1611.000	3.340
1612.000	3.340
1613.000	3.340
1614.000	3.339
1615.000	3.338
1616.000	3.338
1617.000	3.337
1618.000	3.336
1619.000	3.336
1620.000	3.335
1621.000	3.334
1622.000	3.334
1623.000	3.333
1624.000	3.333
1625.000	3.332
1626.000	3.332
1627.000	3.331
1628.000	3.331
1629.000	3.330
1630.000	3.329
1631.000	3.329
1632.000	3.328
1633.000	3.328
1634.000	3.327
1635.000	3.326
1636.000	3.326
1637.000	3.326
1638.000	3.325
1639.000	3.324
1640.000	3.324
1641.000	3.323
1642.000	3.323
1643.000	3.322
1644.000	3.321
1645.000	3.321
1646.000	3.320
1647.000	3.320
1648.000	3.319
1649.000	3.319
1650.000	3.318
1651.000	3.318
1652.000	3.317
1653.000	3.317
1654.000	3.316
1655.000	3.316
1656.000	3.315
1657.000	3.315
1658.000	3.315
1659.000	3.314
1660.000	3.314
1661.000	3.313
1662.000	3.313
1663.000	3.312
1664.000	3.312
1665.000	3.312
1666.000	3.311
1667.000	3.310
1668.000	3.309
1669.000	3.309
1670.000	3.307
1671.000	3.306
1672.000	3.304
1673.000	3.303
1674.000	3.302
1675.000	3.300
1676.000	3.299
1677.000	3.298
1678.000	3.296
1679.000	3.295
1680.000	3.295
1681.000	3.294
1682.000	3.292
1683.000	3.291
1684.000	3.290
1685.000	3.288
1686.000	3.287
1687.000	3.286
1688.000	3.284
1689.000	3.283
1690.000	3.282
1691.000	3.282
1692.000	3.280
1693.000	3.279
1694.000	3.278
1695.000	3.276
1696.000	3.275
1697.000	3.274
1698.000	3.272
1699.000	3.271
1700.000	3.270
1701.000	3.269
1702.000	3.268
1703.000	3.267
1704.000	3.266
1705.000	3.265
1706.000	3.263
1707.000	3.262
1708.000	3.261
1709.000	3.259
1710.000	3.258
1711.000	3.257
1712.000	3.255
1713.000	3.254
1714.000	3.254
1715.000	3.253
1716.000	3.251
1717.000	3.250
1718.000	3.249
1719.000	3.248
1720.000	3.246
1721.000	3.245
1722.000	3.244
1723.000	3.242
1724.000	3.241
1725.000	3.241
1726.000	3.240
1727.000	3.238
1728.000	3.237
1729.000	3.236
1730.000	3.234
1731.000	3.233
1732.000	3.232
1733.000	3.231
1734.000	3.229
1735.000	3.228
1736.000	3.228
1737.000	3.227
1738.000	3.225
1739.000	3.224
1740.000	3.223
1741.000	3.222
1742.000	3.220
1743.000	3.219
1744.000	3.218
1745.000	3.216
1746.000	3.215
1747.000	3.215
1748.000	3.214
1749.000	3.212
1750.000	3.211
1751.000	3.210
1752.000	3.209
1753.000	3.207
1754.000	3.206
1755.000	3.205
1756.000	3.204
1757.000	3.202
1758.000	3.202
1759.000	3.201
1760.000	3.200
1761.000	3.198
1762.000	3.197
1763.000	3.196
1764.000	3.195
1765.000	3.193
1766.000	3.192
1767.000	3.191
1768.000	3.189
1769.000	3.189
1770.000	3.188
1771.000	3.187
1772.000	3.186
1773.000	3.184
1774.000	3.183
1775.000	3.182
1776.000	3.180
1777.000	3.179
1778.000	3.178
1779.000	3.177
1780.000	3.175
1781.000	3.175
1782.000	3.174
1783.000	3.173
1784.000	3.172
1785.000	3.170
1786.000	3.169
1787.000	3.168
1788.000	3.167
1789.000	3.165
1790.000	3.164
1791.000	3.163
1792.000	3.163
1793.000	3.161
1794.000	3.160
1795.000	3.159
1796.000	3.158
1797.000	3.156
1798.000	3.155
1799.000	3.154
1800.000	3.153
1801.000	3.151
1802.000	3.150
1803.000	3.150
1804.000	3.149
1805.000	3.148
1806.000	3.146
1807.000	3.145
1808.000	3.144
1809.000	3.143
1810.000	3.141
1811.000	3.140
1812.000	3.139
1813.000	3.138
1814.000	3.137
1815.000	3.136
1816.000	3.135
1817.000	3.134
1818.000	3.133
1819.000	3.131
1820.000	3.130
1821.000	3.129
1822.000	3.128
1823.000	3.126
1824.000	3.125
1825.000	3.125
1826.000	3.124
1827.000	3.122
1828.000	3.121
1829.000	3.120
1830.000	3.119
1831.000	3.118
1832.000	3.116
1833.000	3.115
1834.000	3.114
1835.000	3.113
1836.000	3.113
1837.000	3.111
1838.000	3.110
1839.000	3.109
1840.000	3.108
1841.000	3.106
1842.000	3.105
1843.000	3.104
1844.000	3.103
1845.000	3.102
1846.000	3.100
1847.000	3.099
1848.000	3.099
1849.000	3.098
1850.000	3.096
1851.000	3.095
1852.000	3.094
1853.000	3.093
1854.000	3.092
1855.000	3.090
1856.000	3.089
1857.000	3.088
1858.000	3.087
1859.000	3.087
1860.000	3.085
1861.000	3.084
1862.000	3.083
1863.000	3.082
1864.000	3.081
1865.000	3.079
1866.000	3.078
1867.000	3.077
1868.000	3.076
1869.000	3.074
1870.000	3.074
1871.000	3.073
1872.000	3.072
1873.000	3.071
1874.000	3.069
1875.000	3.068
1876.000	3.067
1877.000	3.066
1878.000	3.065
1879.000	3.063
1880.000	3.062
1881.000	3.062
1882.000	3.061
1883.000	3.060
1884.000	3.059
1885.000	3.057
1886.000	3.056
1887.000	3.055
1888.000	3.054
1889.000	3.053
1890.000	3.051
1891.000	3.050
1892.000	3.050
1893.000	3.049
1894.000	3.048
1895.000	3.046
1896.000	3.045
1897.000	3.044
1898.000	3.043
1899.000	3.042
1900.000	3.040
1901.000	3.039
1902.000	3.038
1903.000	3.038
1904.000	3.037
1905.000	3.035
1906.000	3.034
1907.000	3.033
1908.000	3.032
1909.000	3.031
1910.000	3.030
1911.000	3.028
1912.000	3.027
1913.000	3.026
1914.000	3.026
1915.000	3.025
1916.000	3.023
1917.000	3.022
1918.000	3.021
1919.000	3.020
1920.000	3.019
1921.000	3.018
1922.000	3.016
1923.000	3.015
1924.000	3.014
1925.000	3.013
1926.000	3.013
1927.000	3.011
1928.000	3.010
1929.000	3.009
1930.000	3.008
1931.000	3.007
1932.000	3.006
1933.000	3.004
1934.000	3.003
1935.000	3.002
1936.000	3.001
1937.000	3.001
1938.000	3.000
1939.000	2.998
1940.000	2.997
1941.000	2.996
1942.000	2.995
1943.000	2.994
1944.000	2.993
1945.000	2.991
1946.000	2.990
1947.000	2.989
1948.000	2.989
1949.000	2.988
1950.000	2.986
1951.000	2.985
1952.000	2.984
1953.000	2.983
1954.000	2.982
1955.000	2.981
1956.000	2.979
1957.000	2.978
1958.000	2.977
1959.000	2.977
1960.000	2.976
1961.000	2.975
1962.000	2.974
1963.000	2.972
1964.000	2.971
1965.000	2.970
1966.000	2.969
1967.000	2.968
1968.000	2.967
1969.000	2.965
1970.000	2.965
1971.000	2.964
1972.000	2.963
1973.000	2.962
1974.000	2.961
1975.000	2.959
1976.000	2.958
1977.000	2.957
1978.000	2.956
1979.000	2.955
1980.000	2.954
1981.000	2.953
1982.000	2.952
1983.000	2.951
1984.000	2.950
1985.000	2.949
1986.000	2.948
1987.000	2.947
1988.000	2.946
1989.000	2.944
1990.000	2.943
1991.000	2.942
1992.000	2.941
1993.000	2.941
1994.000	2.940
1995.000	2.939
1996.000	2.938
1997.000	2.937
1998.000	2.935
1999.000	2.934
2000.000	2.933
2001.000	2.932
2002.000	2.931
2003.000	2.930
2004.000	2.930
2005.000	2.929
2006.000	2.928
2007.000	2.926
2008.000	2.925
2009.000	2.924
2010.000	2.923
2011.000	2.922
2012.000	2.921
2013.000	2.920
2014.000	2.919
2015.000	2.919
2016.000	2.917
2017.000	2.916
2018.000	2.915
2019.000	2.914
2020.000	2.913
2021.000	2.912
2022.000	2.911
2023.000	2.910
2024.000	2.909
2025.000	2.908
2026.000	2.908
2027.000	2.907
2028.000	2.906
2029.000	2.905
2030.000	2.905
2031.000	2.905
2032.000	2.905
2033.000	2.905
2034.000	2.904
2035.000	2.904
2036.000	2.904
2037.000	2.904
2038.000	2.904
2039.000	2.903
2040.000	2.903
2041.000	2.903
2042.000	2.902
2043.000	2.901
2044.000	2.901
2045.000	2.900
2046.000	2.899
2047.000	2.899
2048.000	2.898
2049.000	2.898
2050.000	2.897
2051.000	2.896
2052.000	2.895
2053.000	2.895
2054.000	2.894
2055.000	2.893
2056.000	2.892
2057.000	2.892
2058.000	2.891
2059.000	2.890
2060.000	2.890
2061.000	2.889
2062.000	2.888
2063.000	2.888
2064.000	2.887
2065.000	2.886
2066.000	2.885
2067.000	2.884
2068.000	2.884
2069.000	2.883
2070.000	2.882
2071.000	2.882
2072.000	2.881
2073.000	2.881
2074.000	2.880
2075.000	2.879
2076.000	2.878
2077.000	2.878
2078.000	2.877
2079.000	2.876
2080.000	2.875
2081.000	2.874
2082.000	2.874
2083.000	2.874
2084.000	2.873
2085.000	2.872
2086.000	2.871
2087.000	2.871
2088.000	2.870
2089.000	2.869
2090.000	2.868
2091.000	2.868
2092.000	2.867
2093.000	2.867
2094.000	2.866
2095.000	2.865
2096.000	2.864
2097.000	2.864
2098.000	2.863
2099.000	2.862
2100.000	2.862
2101.000	2.861
2102.000	2.860
2103.000	2.859
2104.000	2.859
2105.000	2.858
2106.000	2.857
2107.000	2.856
2108.000	2.855
2109.000	2.855
2110.000	2.854
2111.000	2.853
2112.000	2.852
2113.000	2.851
2114.000	2.850
2115.000	2.850
2116.000	2.849
2117.000	2.848
2118.000	2.848
2119.000	2.847
2120.000	2.846
2121.000	2.845
2122.000	2.844
2123.000	2.843
2124.000	2.842
2125.000	2.842
2126.000	2.841
2127.000	2.841
2128.000	2.840
2129.000	2.839
2130.000	2.838
2131.000	2.837
2132.000	2.836
2133.000	2.835
2134.000	2.834
2135.000	2.833
2136.000	2.832
2137.000	2.831
2138.000	2.831
2139.000	2.830
2140.000	2.829
2141.000	2.828
2142.000	2.827
2143.000	2.826
2144.000	2.825
2145.000	2.824
2146.000	2.823
2147.000	2.822
2148.000	2.821
2149.000	2.821
2150.000	2.820
2151.000	2.819
2152.000	2.818
2153.000	2.817
2154.000	2.816
2155.000	2.815
2156.000	2.814
2157.000	2.813
2158.000	2.812
2159.000	2.812
2160.000	2.811
2161.000	2.810
2162.000	2.809
2163.000	2.808
2164.000	2.807
2165.000	2.807
2166.000	2.806
2167.000	2.805
2168.000	2.804
2169.000	2.803
2170.000	2.802
2171.000	2.802
2172.000	2.801
2173.000	2.800
2174.000	2.799
2175.000	2.798
2176.000	2.797
2177.000	2.796
2178.000	2.795
2179.000	2.794
2180.000	2.793
2181.000	2.792
2182.000	2.792
2183.000	2.791
2184.000	2.790
2185.000	2.789
2186.000	2.788
2187.000	2.786
2188.000	2.785
2189.000	2.784
2190.000	2.783
2191.000	2.782
2192.000	2.781
2193.000	2.781
2194.000	2.780
2195.000	2.779
2196.000	2.777
2197.000	2.776
2198.000	2.775
2199.000	2.774
2200.000	2.773
2201.000	2.772
2202.000	2.771
2203.000	2.770
2204.000	2.769
2205.000	2.768
2206.000	2.767
2207.000	2.766
2208.000	2.765
2209.000	2.764
2210.000	2.763
2211.000	2.762
2212.000	2.761
2213.000	2.759
2214.000	2.758
2215.000	2.757
2216.000	2.757
2217.000	2.756
2218.000	2.754
2219.000	2.753
2220.000	2.752
2221.000	2.751
2222.000	2.750
2223.000	2.749
2224.000	2.747
2225.000	2.746
2226.000	2.745
2227.000	2.745
2228.000	2.744
2229.000	2.743
2230.000	2.741
2231.000	2.740
2232.000	2.739
2233.000	2.738
2234.000	2.737
2235.000	2.736
2236.000	2.734
2237.000	2.733
2238.000	2.733
2239.000	2.732
2240.000	2.731
2241.000	2.730
2242.000	2.729
2243.000	2.728
2244.000	2.726
2245.000	2.725
2246.000	2.724
2247.000	2.723
2248.000	2.722
2249.000	2.722
2250.000	2.720
2251.000	2.719
2252.000	2.718
2253.000	2.717
2254.000	2.716
2255.000	2.715
2256.000	2.713
2257.000	2.712
2258.000	2.711
2259.000	2.710
2260.000	2.710
2261.000	2.709
2262.000	2.708
2263.000	2.706
2264.000	2.705
2265.000	2.704
2266.000	2.703
2267.000	2.702
2268.000	2.701
2269.000	2.700
2270.000	2.698
2271.000	2.697
2272.000	2.697
2273.000	2.696
2274.000	2.695
2275.000	2.694
2276.000	2.693
2277.000	2.691
2278.000	2.690
2279.000	2.689
2280.000	2.688
2281.000	2.687
2282.000	2.685
2283.000	2.685
2284.000	2.684
2285.000	2.683
2286.000	2.681
2287.000	2.680
2288.000	2.679
2289.000	2.677
2290.000	2.676
2291.000	2.675
2292.000	2.674
2293.000	2.672
2294.000	2.672
2295.000	2.671
2296.000	2.670
2297.000	2.668
2298.000	2.667
2299.000	2.666
2300.000	2.665
2301.000	2.663
2302.000	2.662
2303.000	2.661
2304.000	2.659
2305.000	2.611
2306.000	2.610
2307.000	2.609
2308.000	2.607
2309.000	2.606
2310.000	2.605
2311.000	2.603
2312.000	2.602
2313.000	2.601
2314.000	2.600
2315.000	2.598
2316.000	2.598
2317.000	2.597
2318.000	2.596
2319.000	2.595
2320.000	2.593
2321.000	2.592
2322.000	2.591
2323.000	2.589
2324.000	2.588
2325.000	2.587
2326.000	2.586
2327.000	2.586
2328.000	2.584
2329.000	2.583
2330.000	2.582
2331.000	2.581
2332.000	2.579
2333.000	2.578
2334.000	2.577
2335.000	2.576
2336.000	2.574
2337.000	2.573
2338.000	2.572
2339.000	2.572
2340.000	2.571
2341.000	2.569
2342.000	2.568
2343.000	2.567
2344.000	2.566
2345.000	2.564
2346.000	2.563
2347.000	2.562
2348.000	2.561
2349.000	2.559
2350.000	2.559
2351.000	2.558
2352.000	2.557
2353.000	2.555
2354.000	2.554
2355.000	2.553
2356.000	2.552
2357.000	2.550
2358.000	2.549
2359.000	2.548
2360.000	2.546
2361.000	2.546
2362.000	2.545
2363.000	2.544
2364.000	2.543
2365.000	2.541
2366.000	2.540
2367.000	2.539
2368.000	2.538
2369.000	2.536
2370.000	2.535
2371.000	2.534
2372.000	2.534
2373.000	2.533
2374.000	2.531
2375.000	2.530
2376.000	2.529
2377.000	2.527
2378.000	2.526
2379.000	2.525
2380.000	2.524
2381.000	2.522
2382.000	2.521
2383.000	2.521
2384.000	2.520
2385.000	2.518
2386.000	2.517
2387.000	2.516
2388.000	2.514
2389.000	2.513
2390.000	2.512
2391.000	2.511
2392.000	2.509
2393.000	2.508
2394.000	2.508
2395.000	2.507
2396.000	2.505
2397.000	2.504
2398.000	2.503
2399.000	2.501
2400.000	2.500
2401.000	2.499
2402.000	2.497
2403.000	2.496
2404.000	2.494
2405.000	2.494
2406.000	2.493
2407.000	2.491
2408.000	2.490
2409.000	2.489
2410.000	2.487
2411.000	2.486
2412.000	2.484
2413.000	2.483
2414.000	2.482
2415.000	2.480
2416.000	2.479
2417.000	2.479
2418.000	2.477
2419.000	2.476
2420.000	2.475
2421.000	2.473
2422.000	2.472
2423.000	2.470
2424.000	2.469
2425.000	2.467
2426.000	2.466
2427.000	2.465
2428.000	2.465
2429.000	2.463
2430.000	2.462
2431.000	2.460
2432.000	2.459
2433.000	2.458
2434.000	2.456
2435.000	2.455
2436.000	2.453
2437.000	2.452
2438.000	2.451
2439.000	2.451
2440.000	2.449
2441.000	2.448
2442.000	2.446
2443.000	2.445
2444.000	2.444
2445.000	2.442
2446.000	2.441
2447.000	2.439
2448.000	2.438
2449.000	2.436
2450.000	2.436
2451.000	2.435
2452.000	2.434
2453.000	2.432
2454.000	2.431
2455.000	2.429
2456.000	2.428
2457.000	2.426
2458.000	2.425
2459.000	2.424
2460.000	2.422
2461.000	2.422
2462.000	2.421
2463.000	2.419
2464.000	2.418
2465.000	2.416
2466.000	2.415
2467.000	2.414
2468.000	2.412
2469.000	2.411
2470.000	2.409
2471.000	2.408
2472.000	2.408
2473.000	2.407
2474.000	2.405
2475.000	2.404
2476.000	2.403
2477.000	2.402
2478.000	2.401
2479.000	2.400
2480.000	2.399
2481.000	2.398
2482.000	2.397
2483.000	2.396
2484.000	2.396
2485.000	2.395
2486.000	2.394
2487.000	2.393
2488.000	2.392
2489.000	2.391
2490.000	2.391
2491.000	2.390
2492.000	2.389
2493.000	2.388
2494.000	2.387
2495.000	2.387
2496.000	2.386
2497.000	2.385
2498.000	2.384
2499.000	2.383
2500.000	2.382
2501.000	2.381
2502.000	2.380
2503.000	2.379
2504.000	2.378
2505.000	2.377
2506.000	2.377
2507.000	2.376
2508.000	2.376
2509.000	2.375
2510.000	2.374
2511.000	2.373
2512.000	2.372
2513.000	2.371
2514.000	2.370
2515.000	2.369
2516.000	2.368
2517.000	2.368
2518.000	2.367
2519.000	2.366
2520.000	2.365
2521.000	2.364
2522.000	2.363
2523.000	2.362
2524.000	2.361
2525.000	2.360
2526.000	2.359
2527.000	2.358
2528.000	2.358
2529.000	2.357
2530.000	2.356
2531.000	2.355
2532.000	2.354
2533.000	2.353
2534.000	2.352
2535.000	2.351
2536.000	2.350
2537.000	2.349
2538.000	2.348
2539.000	2.348
2540.000	2.347
2541.000	2.346
2542.000	2.345
2543.000	2.344
2544.000	2.343
2545.000	2.342
2546.000	2.341
2547.000	2.340
2548.000	2.339
2549.000	2.338
2550.000	2.337
2551.000	2.337
2552.000	2.337
2553.000	2.336
2554.000	2.335
2555.000	2.334
2556.000	2.333
2557.000	2.332
2558.000	2.331
2559.000	2.330
2560.000	2.329
2561.000	2.328
2562.000	2.328
2563.000	2.327
2564.000	2.326
2565.000	2.326
2566.000	2.325
2567.000	2.324
2568.000	2.323
2569.000	2.322
2570.000	2.321
2571.000	2.320
2572.000	2.319
2573.000	2.319
2574.000	2.318
2575.000	2.317
2576.000	2.316
2577.000	2.315
2578.000	2.314
2579.000	2.313
2580.000	2.312
2581.000	2.311
2582.000	2.311
2583.000	2.310
2584.000	2.310
2585.000	2.309
2586.000	2.308
2587.000	2.307
2588.000	2.306
2589.000	2.305
2590.000	2.305
2591.000	2.304
2592.000	2.303
2593.000	2.302
2594.000	2.301
2595.000	2.301
2596.000	2.300
2597.000	2.299
2598.000	2.298
2599.000	2.298
2600.000	2.297
2601.000	2.296
2602.000	2.295
2603.000	2.294
2604.000	2.293
2605.000	2.292
2606.000	2.271
2607.000	2.270
2608.000	2.269
2609.000	2.268
2610.000	2.267
2611.000	2.266
2612.000	2.265
2613.000	2.264
2614.000	2.263
2615.000	2.263
2616.000	2.262
2617.000	2.262
2618.000	2.261
2619.000	2.260
2620.000	2.259
2621.000	2.258
2622.000	2.257
2623.000	2.256
2624.000	2.255
2625.000	2.255
2626.000	2.254
2627.000	2.253
2628.000	2.252
2629.000	2.252
2630.000	2.251
2631.000	2.250
2632.000	2.249
2633.000	2.248
2634.000	2.247
2635.000	2.247
2636.000	2.246
2637.000	2.245
2638.000	2.244
2639.000	2.243
2640.000	2.243
2641.000	2.242
2642.000	2.241
2643.000	2.240
2644.000	2.240
2645.000	2.239
2646.000	2.238
2647.000	2.237
2648.000	2.236
2649.000	2.235
2650.000	2.235
2651.000	2.235
2652.000	2.234
2653.000	2.233
2654.000	2.232
2655.000	2.232
2656.000	2.231
2657.000	2.230
2658.000	2.229
2659.000	2.228
2660.000	2.228
2661.000	2.227
2662.000	2.227
2663.000	2.226
2664.000	2.225
2665.000	2.225
2666.000	2.224
2667.000	2.223
2668.000	2.222
2669.000	2.221
2670.000	2.221
2671.000	2.220
2672.000	2.219
2673.000	2.219
2674.000	2.218
2675.000	2.218
2676.000	2.217
2677.000	2.216
2678.000	2.215
2679.000	2.215
2680.000	2.214
2681.000	2.213
2682.000	2.213
2683.000	2.212
2684.000	2.212
2685.000	2.211
2686.000	2.211
2687.000	2.210
2688.000	2.209
2689.000	2.208
2690.000	2.208
2691.000	2.207
2692.000	2.206
2693.000	2.206
2694.000	2.205
2695.000	2.204
2696.000	2.204
2697.000	2.204
2698.000	2.203
2699.000	2.202
2700.000	2.201
2701.000	2.201
2702.000	2.200
2703.000	2.199
2704.000	2.199
2705.000	2.198
2706.000	2.197
2707.000	2.197
2708.000	2.197
2709.000	2.196
2710.000	2.195
2711.000	2.194
2712.000	2.194
2713.000	2.193
2714.000	2.192
2715.000	2.192
2716.000	2.191
2717.000	2.190
2718.000	2.190
2719.000	2.190
2720.000	2.189
2721.000	2.188
2722.000	2.188
2723.000	2.187
2724.000	2.186
2725.000	2.186
2726.000	2.185
2727.000	2.184
2728.000	2.184
2729.000	2.184
2730.000	2.183
2731.000	2.182
2732.000	2.182
2733.000	2.181
2734.000	2.180
2735.000	2.180
2736.000	2.179
2737.000	2.178
2738.000	2.178
2739.000	2.177
2740.000	2.177
2741.000	2.176
2742.000	2.176
2743.000	2.175
2744.000	2.174
2745.000	2.174
2746.000	2.173
2747.000	2.172
2748.000	2.172
2749.000	2.171
2750.000	2.170
2751.000	2.170
2752.000	2.170
2753.000	2.169
2754.000	2.168
2755.000	2.168
2756.000	2.167
2757.000	2.166
2758.000	2.166
2759.000	2.165
2760.000	2.164
2761.000	2.164
2762.000	2.163
2763.000	2.163
2764.000	2.163
2765.000	2.162
2766.000	2.161
2767.000	2.161
2768.000	2.160
2769.000	2.160
2770.000	2.159
2771.000	2.159
2772.000	2.158
2773.000	2.158
2774.000	2.158
2775.000	2.157
2776.000	2.156
2777.000	2.156
2778.000	2.155
2779.000	2.155
2780.000	2.154
2781.000	2.154
2782.000	2.153
2783.000	2.153
2784.000	2.152
2785.000	2.151
2786.000	2.151
2787.000	2.150
2788.000	2.150
2789.000	2.149
2790.000	2.148
2791.000	2.148
2792.000	2.147
2793.000	2.147
2794.000	2.146
2795.000	2.146
2796.000	2.146
2797.000	2.145
2798.000	2.145
2799.000	2.144
2800.000	2.143
2801.000	2.143
2802.000	2.142
2803.000	2.142
2804.000	2.141
2805.000	2.141
2806.000	2.140
2807.000	2.140
2808.000	2.139
2809.000	2.139
2810.000	2.138
2811.000	2.138
2812.000	2.137
2813.000	2.137
2814.000	2.136
2815.000	2.135
2816.000	2.135
2817.000	2.134
2818.000	2.134
2819.000	2.133
2820.000	2.133
2821.000	2.132
2822.000	2.132
2823.000	2.131
2824.000	2.130
2825.000	2.130
2826.000	2.129
2827.000	2.129
2828.000	2.128
2829.000	2.128
2830.000	2.127
2831.000	2.127
2832.000	2.126
2833.000	2.125
2834.000	2.125
2835.000	2.124
2836.000	2.123
2837.000	2.123
2838.000	2.122
2839.000	2.121
2840.000	2.121
2841.000	2.104
2842.000	2.103
2843.000	2.103
2844.000	2.102
2845.000	2.101
2846.000	2.101
2847.000	2.100
2848.000	2.100
2849.000	2.099
2850.000	2.098
2851.000	2.098
2852.000	2.098
2853.000	2.097
2854.000	2.097
2855.000	2.096
2856.000	2.095
2857.000	2.095
2858.000	2.094
2859.000	2.093
2860.000	2.093
2861.000	2.092
2862.000	2.092
2863.000	2.092
2864.000	2.091
2865.000	2.090
2866.000	2.090
2867.000	2.089
2868.000	2.088
2869.000	2.088
2870.000	2.087
2871.000	2.087
2872.000	2.086
2873.000	2.085
2874.000	2.085
2875.000	2.085
2876.000	2.084
2877.000	2.083
2878.000	2.083
2879.000	2.082
2880.000	2.082
2881.000	2.081
2882.000	2.080
2883.000	2.080
2884.000	2.079
2885.000	2.079
2886.000	2.079
2887.000	2.078
2888.000	2.077
2889.000	2.077
2890.000	2.076
2891.000	2.076
2892.000	2.075
2893.000	2.074
2894.000	2.074
2895.000	2.073
2896.000	2.073
2897.000	2.072
2898.000	2.072
2899.000	2.071
2900.000	2.071
2901.000	2.070
2902.000	2.070
2903.000	2.069
2904.000	2.068
2905.000	2.068
2906.000	2.067
2907.000	2.067
2908.000	2.067
2909.000	2.066
2910.000	2.066
2911.000	2.065
2912.000	2.065
2913.000	2.064
2914.000	2.064
2915.000	2.063
2916.000	2.063
2917.000	2.062
2918.000	2.062
2919.000	2.062
2920.000	2.061
2921.000	2.061
2922.000	2.060
2923.000	2.060
2924.000	2.059
2925.000	2.059
2926.000	2.058
2927.000	2.058
2928.000	2.057
2929.000	2.057
2930.000	2.057
2931.000	2.056
2932.000	2.056
2933.000	2.055
2934.000	2.055
2935.000	2.054
2936.000	2.054
2937.000	2.053
2938.000	2.053
2939.000	2.052
2940.000	2.051
2941.000	2.051
2942.000	2.051
2943.000	2.050
2944.000	2.050
2945.000	2.049
2946.000	2.049
2947.000	2.048
2948.000	2.048
2949.000	2.047
2950.000	2.047
2951.000	2.046
2952.000	2.046
2953.000	2.045
2954.000	2.045
2955.000	2.044
2956.000	2.044
2957.000	2.043
2958.000	2.043
2959.000	2.042
2960.000	2.042
2961.000	2.041
2962.000	2.041
2963.000	2.041
2964.000	2.040
2965.000	2.040
2966.000	2.039
2967.000	2.039
2968.000	2.038
2969.000	2.038
2970.000	2.037
2971.000	2.037
2972.000	2.036
2973.000	2.036
2974.000	2.035
2975.000	2.035
2976.000	2.034
2977.000	2.034
2978.000	2.033
2979.000	2.033
2980.000	2.032
2981.000	2.032
2982.000	2.031
2983.000	2.031
2984.000	2.030
2985.000	2.030
2986.000	2.030
2987.000	2.029
2988.000	2.029
2989.000	2.028
2990.000	2.028
2991.000	2.027
2992.000	2.027
2993.000	2.026
2994.000	2.026
2995.000	2.025
2996.000	2.025
2997.000	2.025
2998.000	2.024
2999.000	2.024
3000.000	2.023
3001.000	2.023
3002.000	2.022
3003.000	2.022
3004.000	2.021
3005.000	2.021
3006.000	2.020
3007.000	2.020
3008.000	2.020
3009.000	2.019
3010.000	2.019
3011.000	2.018
3012.000	2.018
3013.000	2.017
3014.000	2.016
3015.000	2.016
3016.000	2.015
3017.000	2.015
3018.000	2.014
3019.000	2.014
3020.000	2.014
3021.000	2.013
3022.000	2.013
3023.000	2.012
3024.000	2.012
3025.000	2.011
3026.000	2.011
3027.000	2.010
3028.000	2.010
3029.000	2.009
3030.000	2.009
3031.000	2.009
3032.000	2.008
3033.000	2.008
3034.000	2.007
3035.000	2.007
3036.000	2.006
3037.000	2.006
3038.000	2.005
3039.000	2.005
3040.000	2.004
3041.000	2.003
3042.000	2.003
3043.000	2.003
3044.000	2.003
3045.000	2.002
3046.000	2.002
3047.000	2.001
3048.000	2.001
3049.000	2.000
3050.000	2.000
3051.000	1.999
3052.000	1.999
3053.000	1.999
3054.000	1.998
3055.000	1.998
3056.000	1.997
3057.000	1.997
3058.000	1.996
3059.000	1.996
3060.000	1.995
3061.000	1.995
3062.000	1.994
3063.000	1.994
3064.000	1.994
3065.000	1.993
3066.000	1.993
3067.000	1.992
3068.000	1.992
3069.000	1.991
3070.000	1.991
3071.000	1.990
3072.000	1.990
3073.000	1.989
3074.000	1.989
3075.000	1.989
3076.000	1.988
3077.000	1.987
3078.000	1.987
3079.000	1.986
3080.000	1.986
3081.000	1.985
3082.000	1.985
3083.000	1.984
3084.000	1.984
3085.000	1.984
3086.000	1.984
3087.000	1.983
3088.000	1.983
3089.000	1.982
3090.000	1.982
3091.000	1.981
3092.000	1.981
3093.000	1.980
3094.000	1.980
3095.000	1.979
3096.000	1.979
3097.000	1.979
3098.000	1.978
3099.000	1.978
3100.000	1.977
3101.000	1.977
3102.000	1.976
3103.000	1.976
3104.000	1.975
3105.000	1.975
3106.000	1.974
3107.000	1.974
3108.000	1.974
3109.000	1.973
3110.000	1.973
3111.000	1.972
3112.000	1.972
3113.000	1.972
3114.000	1.971
3115.000	1.971
3116.000	1.970
3117.000	1.970
3118.000	1.969
3119.000	1.969
3120.000	1.969
3121.000	1.968
3122.000	1.968
3123.000	1.968
3124.000	1.967
3125.000	1.967
3126.000	1.966
3127.000	1.966
3128.000	1.965
3129.000	1.965
3130.000	1.965
3131.000	1.965
3132.000	1.964
3133.000	1.964
3134.000	1.963
3135.000	1.963
3136.000	1.962
3137.000	1.962
3138.000	1.961
3139.000	1.961
3140.000	1.961
3141.000	1.960
3142.000	1.960
3143.000	1.960
3144.000	1.959
3145.000	1.959
3146.000	1.958
3147.000	1.958
3148.000	1.958
3149.000	1.957
3150.000	1.957
3151.000	1.956
3152.000	1.956
3153.000	1.956
3154.000	1.955
3155.000	1.955
3156.000	1.955
3157.000	1.954
3158.000	1.954
3159.000	1.953
3160.000	1.953
3161.000	1.953
3162.000	1.952
3163.000	1.952
3164.000	1.952
3165.000	1.951
3166.000	1.951
3167.000	1.950
3168.000	1.950
3169.000	1.950
3170.000	1.949
3171.000	1.949
3172.000	1.948
3173.000	1.948
3174.000	1.948
3175.000	1.948
3176.000	1.947
3177.000	1.947
3178.000	1.946
3179.000	1.946
3180.000	1.946
3181.000	1.945
3182.000	1.945
3183.000	1.944
3184.000	1.944
3185.000	1.944
3186.000	1.943
3187.000	1.943
3188.000	1.943
3189.000	1.942
3190.000	1.942
3191.000	1.942
3192.000	1.941
3193.000	1.941
3194.000	1.940
3195.000	1.940
3196.000	1.940
3197.000	1.939
3198.000	1.939
3199.000	1.939
3200.000	1.938
3201.000	1.938
3202.000	1.937
3203.000	1.937
3204.000	1.937
3205.000	1.936
3206.000	1.936
3207.000	1.935
3208.000	1.935
3209.000	1.935
3210.000	1.935
3211.000	1.934
3212.000	1.934
3213.000	1.934
3214.000	1.933
3215.000	1.933
3216.000	1.932
3217.000	1.932
3218.000	1.932
3219.000	1.931
3220.000	1.931
3221.000	1.931
3222.000	1.931
3223.000	1.930
3224.000	1.930
3225.000	1.929
3226.000	1.929
3227.000	1.928
3228.000	1.928
3229.000	1.928
3230.000	1.927
3231.000	1.927
3232.000	1.927
3233.000	1.926
3234.000	1.926
3235.000	1.925
3236.000	1.925
3237.000	1.925
3238.000	1.924
3239.000	1.924
3240.000	1.923
3241.000	1.923
3242.000	1.923
3243.000	1.922
3244.000	1.922
3245.000	1.922
3246.000	1.921
3247.000	1.921
3248.000	1.920
3249.000	1.920
3250.000	1.919
3251.000	1.919
3252.000	1.919
3253.000	1.918
3254.000	1.918
3255.000	1.918
3256.000	1.917
3257.000	1.917
3258.000	1.916
3259.000	1.916
3260.000	1.916
3261.000	1.915
3262.000	1.915
3263.000	1.914
3264.000	1.914
3265.000	1.914
3266.000	1.913
3267.000	1.913
3268.000	1.913
3269.000	1.912
3270.000	1.912
3271.000	1.911
3272.000	1.911
3273.000	1.911
3274.000	1.910
3275.000	1.910
3276.000	1.910
3277.000	1.909
3278.000	1.909
3279.000	1.908
3280.000	1.908
3281.000	1.908
3282.000	1.907
3283.000	1.907
3284.000	1.906
3285.000	1.906
3286.000	1.905
3287.000	1.905
3288.000	1.905
3289.000	1.905
3290.000	1.904
3291.000	1.904
3292.000	1.903
3293.000	1.903
3294.000	1.902
3295.000	1.902
3296.000	1.902
3297.000	1.901
3298.000	1.901
3299.000	1.901
3300.000	1.900
3301.000	1.900
3302.000	1.900
3303.000	1.899
3304.000	1.899
3305.000	1.898
3306.000	1.898
3307.000	1.897
3308.000	1.897
3309.000	1.897
3310.000	1.897
3311.000	1.896
3312.000	1.896
3313.000	1.895
3314.000	1.895
3315.000	1.895
3316.000	1.894
3317.000	1.894
3318.000	1.893
3319.000	1.893
3320.000	1.893
3321.000	1.892
3322.000	1.892
3323.000	1.892
3324.000	1.891
3325.000	1.891
3326.000	1.890
3327.000	1.890
3328.000	1.889
3329.000	1.889
3330.000	1.889
3331.000	1.888
3332.000	1.888
3333.000	1.888
3334.000	1.887
3335.000	1.887
3336.000	1.886
3337.000	1.886
3338.000	1.885
3339.000	1.885
3340.000	1.885
3341.000	1.884
3342.000	1.884
3343.000	1.884
3344.000	1.883
3345.000	1.883
3346.000	1.882
3347.000	1.882
3348.000	1.882
3349.000	1.881
3350.000	1.881
3351.000	1.880
3352.000	1.880
3353.000	1.879
3354.000	1.879
3355.000	1.879
3356.000	1.878
3357.000	1.878
3358.000	1.878
3359.000	1.877
3360.000	1.877
3361.000	1.876
3362.000	1.876
3363.000	1.875
3364.000	1.875
3365.000	1.875
3366.000	1.874
3367.000	1.874
3368.000	1.874
3369.000	1.873
3370.000	1.873
3371.000	1.872
3372.000	1.872
3373.000	1.871
3374.000	1.871
3375.000	1.870
3376.000	1.870
3377.000	1.870
3378.000	1.870
3379.000	1.869
3380.000	1.869
3381.000	1.868
3382.000	1.868
3383.000	1.867
3384.000	1.867
3385.000	1.866
3386.000	1.866
3387.000	1.866
3388.000	1.866
3389.000	1.865
3390.000	1.865
3391.000	1.864
3392.000	1.864
3393.000	1.863
3394.000	1.863
3395.000	1.863
3396.000	1.862
3397.000	1.862
3398.000	1.861
3399.000	1.861
3400.000	1.861
3401.000	1.861
3402.000	1.860
3403.000	1.860
3404.000	1.859
3405.000	1.859
3406.000	1.858
3407.000	1.858
3408.000	1.858
3409.000	1.857
3410.000	1.857
3411.000	1.857
3412.000	1.856
3413.000	1.856
3414.000	1.856
3415.000	1.855
3416.000	1.855
3417.000	1.854
3418.000	1.854
3419.000	1.854
3420.000	1.853
3421.000	1.853
3422.000	1.853
3423.000	1.853
3424.000	1.852
3425.000	1.852
3426.000	1.851
3427.000	1.851
3428.000	1.851
3429.000	1.850
3430.000	1.850
3431.000	1.850
3432.000	1.850
3433.000	1.849
3434.000	1.849
3435.000	1.849
3436.000	1.848
3437.000	1.848
3438.000	1.847
3439.000	1.847
3440.000	1.847
3441.000	1.846
3442.000	1.846
3443.000	1.846
3444.000	1.846
3445.000	1.845
3446.000	1.845
3447.000	1.845
3448.000	1.844
3449.000	1.844
3450.000	1.843
3451.000	1.843
3452.000	1.843
3453.000	1.842
3454.000	1.842
3455.000	1.842
3456.000	1.842
3457.000	1.841
3458.000	1.841
3459.000	1.841
3460.000	1.840
3461.000	1.840
3462.000	1.839
3463.000	1.839
3464.000	1.839
3465.000	1.838
3466.000	1.838
3467.000	1.838
3468.000	1.838
3469.000	1.837
3470.000	1.837
3471.000	1.836
3472.000	1.836
3473.000	1.836
3474.000	1.835
3475.000	1.835
3476.000	1.834
3477.000	1.834
3478.000	1.834
3479.000	1.834
3480.000	1.833
3481.000	1.833
3482.000	1.833
3483.000	1.832
3484.000	1.832
3485.000	1.831
3486.000	1.831
3487.000	1.831
3488.000	1.831
3489.000	1.830
3490.000	1.830
3491.000	1.830
3492.000	1.829
3493.000	1.829
3494.000	1.829
3495.000	1.828
3496.000	1.828
3497.000	1.828
3498.000	1.827
3499.000	1.827
3500.000	1.827
3501.000	1.826
3502.000	1.826
3503.000	1.826
3504.000	1.825
3505.000	1.825
3506.000	1.825
3507.000	1.824
3508.000	1.824
3509.000	1.824
3510.000	1.824
3511.000	1.823
3512.000	1.823
3513.000	1.822
3514.000	1.822
3515.000	1.822
3516.000	1.821
3517.000	1.821
3518.000	1.820
3519.000	1.820
3520.000	1.820
3521.000	1.820
3522.000	1.819
3523.000	1.819
3524.000	1.818
3525.000	1.818
3526.000	1.818
3527.000	1.817
3528.000	1.817
3529.000	1.817
3530.000	1.816
3531.000	1.816
3532.000	1.816
3533.000	1.815
3534.000	1.815
3535.000	1.815
3536.000	1.814
3537.000	1.814
3538.000	1.813
3539.000	1.813
3540.000	1.813
3541.000	1.812
3542.000	1.812
3543.000	1.811
3544.000	1.811
3545.000	1.811
3546.000	1.811
3547.000	1.810
3548.000	1.810
3549.000	1.810
3550.000	1.809
3551.000	1.809
3552.000	1.809
3553.000	1.808
3554.000	1.808
3555.000	1.808
3556.000	1.808
3557.000	1.807
3558.000	1.807
3559.000	1.807
3560.000	1.806
3561.000	1.806
3562.000	1.806
3563.000	1.805
3564.000	1.805
3565.000	1.805
3566.000	1.805
3567.000	1.804
3568.000	1.804
3569.000	1.804
3570.000	1.803
3571.000	1.803
3572.000	1.803
3573.000	1.802
3574.000	1.802
3575.000	1.802
3576.000	1.801
3577.000	1.801
3578.000	1.801
3579.000	1.800
3580.000	1.800
3581.000	1.800
3582.000	1.799
3583.000	1.799
3584.000	1.799
3585.000	1.798
3586.000	1.798
3587.000	1.798
3588.000	1.798
3589.000	1.797
3590.000	1.797
3591.000	1.797
3592.000	1.796
3593.000	1.796
3594.000	1.796
3595.000	1.795
3596.000	1.795
3597.000	1.795
3598.000	1.794
3599.000	1.794
3600.000	1.794
3601.000	1.794
3602.000	1.793
3603.000	1.793
3604.000	1.793
3605.000	1.792
3606.000	1.792
3607.000	1.792
3608.000	1.791
3609.000	1.791
3610.000	1.791
3611.000	1.791
3612.000	1.790
3613.000	1.790
3614.000	1.790
3615.000	1.789
3616.000	1.789
3617.000	1.789
3618.000	1.788
3619.000	1.788
3620.000	1.788
3621.000	1.787
3622.000	1.787
3623.000	1.787
3624.000	1.787
3625.000	1.786
3626.000	1.786
3627.000	1.786
3628.000	1.785
3629.000	1.785
3630.000	1.785
3631.000	1.784
3632.000	1.784
3633.000	1.784
3634.000	1.784
3635.000	1.783
3636.000	1.783
3637.000	1.783
3638.000	1.783
3639.000	1.782
3640.000	1.782
3641.000	1.782
3642.000	1.781
3643.000	1.781
3644.000	1.781
3645.000	1.781
3646.000	1.780
3647.000	1.780
3648.000	1.780
3649.000	1.780
3650.000	1.779
3651.000	1.779
3652.000	1.779
3653.000	1.778
3654.000	1.778
3655.000	1.778
3656.000	1.778
3657.000	1.777
3658.000	1.777
3659.000	1.777
3660.000	1.776
3661.000	1.776
3662.000	1.776
3663.000	1.775
3664.000	1.775
3665.000	1.775
3666.000	1.775
3667.000	1.774
3668.000	1.774
3669.000	1.774
3670.000	1.773
3671.000	1.773
3672.000	1.773
3673.000	1.772
3674.000	1.772
3675.000	1.772
3676.000	1.771
3677.000	1.771
3678.000	1.771
3679.000	1.771
3680.000	1.770
3681.000	1.770
3682.000	1.770
3683.000	1.770
3684.000	1.769
3685.000	1.769
3686.000	1.769
3687.000	1.768
3688.000	1.768
3689.000	1.768
3690.000	1.768
3691.000	1.767
3692.000	1.767
3693.000	1.767
3694.000	1.766
3695.000	1.766
3696.000	1.766
3697.000	1.765
3698.000	1.765
3699.000	1.765
3700.000	1.765
3701.000	1.765
3702.000	1.764
3703.000	1.764
3704.000	1.764
3705.000	1.763
3706.000	1.763
3707.000	1.763
3708.000	1.762
3709.000	1.762
3710.000	1.762
3711.000	1.762
3712.000	1.761
3713.000	1.761
3714.000	1.761
3715.000	1.760
3716.000	1.760
3717.000	1.760
3718.000	1.760
3719.000	1.759
3720.000	1.759
3721.000	1.759
3722.000	1.759
3723.000	1.758
3724.000	1.758
3725.000	1.758
3726.000	1.758
3727.000	1.757
3728.000	1.757
3729.000	1.757
3730.000	1.756
3731.000	1.756
3732.000	1.756
3733.000	1.756
3734.000	1.755
3735.000	1.755
3736.000	1.755
3737.000	1.754
3738.000	1.754
3739.000	1.754
3740.000	1.753
3741.000	1.753
3742.000	1.753
3743.000	1.752
3744.000	1.752
3745.000	1.752
3746.000	1.752
3747.000	1.752
3748.000	1.752
3749.000	1.752
3750.000	1.752
3751.000	1.752
3752.000	1.752
3753.000	1.752
3754.000	1.752
3755.000	1.752
3756.000	1.752
3757.000	1.752
3758.000	1.752
3759.000	1.752
3760.000	1.752
3761.000	1.752
3762.000	1.752
3763.000	1.752
3764.000	1.752
3765.000	1.752
3766.000	1.752
3767.000	1.752
3768.000	1.752
3769.000	1.752
3770.000	1.752
3771.000	1.752
3772.000	1.752
3773.000	1.752
3774.000	1.752
3775.000	1.752
3776.000	1.752
3777.000	1.752
3778.000	1.752
3779.000	1.752
3780.000	1.752
3781.000	1.752
3782.000	1.752
3783.000	1.752
3784.000	1.752
3785.000	1.752
3786.000	1.752
3787.000	1.752
3788.000	1.742
3789.000	1.742
3790.000	1.733
3791.000	1.733
3792.000	1.733
3793.000	1.733
3794.000	1.733
3795.000	1.733
3796.000	1.733
3797.000	1.733
3798.000	1.733
3799.000	1.733
3800.000	1.733
3801.000	1.733
3802.000	1.733
3803.000	1.733
3804.000	1.733
3805.000	1.733
3806.000	1.733
3807.000	1.733
3808.000	1.731
3809.000	1.731
3810.000	1.731
3811.000	1.731
3812.000	1.731
3813.000	1.731
3814.000	1.730
3815.000	1.730
3816.000	1.730
3817.000	1.730
3818.000	1.730
3819.000	1.730
3820.000	1.730
3821.000	1.730
3822.000	1.730
3823.000	1.730
3824.000	1.730
3825.000	1.730
3826.000	1.730
3827.000	1.730
3828.000	1.730
3829.000	1.730
3830.000	1.725
3831.000	1.725
3832.000	1.725
3833.000	1.721
3834.000	1.719
3835.000	1.719
3836.000	1.719
3837.000	1.719
3838.000	1.719
3839.000	1.719
3840.000	1.719
3841.000	1.719
3842.000	1.719
3843.000	1.719
3844.000	1.719
3845.000	1.705
3846.000	1.705
3847.000	1.705
3848.000	1.705
3849.000	1.705
3850.000	1.705
3851.000	1.705
3852.000	1.705
3853.000	1.705
3854.000	1.705
3855.000	1.705
3856.000	1.705
3857.000	1.705
3858.000	1.698
3859.000	1.698
3860.000	1.698
3861.000	1.698
3862.000	1.698
3863.000	1.698
3864.000	1.698
3865.000	1.698
3866.000	1.698
3867.000	1.698
3868.000	1.698
3869.000	1.698
3870.000	1.698
3871.000	1.698
3872.000	1.698
3873.000	1.698
3874.000	1.698
3875.000	1.698
3876.000	1.698
3877.000	1.698
3878.000	1.698
3879.000	1.698
3880.000	1.698
3881.000	1.698
3882.000	1.698
3883.000	1.698
3884.000	1.698
3885.000	1.698
3886.000	1.698
3887.000	1.698
3888.000	1.698
3889.000	1.698
3890.000	1.698
3891.000	1.698
3892.000	1.698
3893.000	1.698
3894.000	1.698
3895.000	1.698
3896.000	1.698
3897.000	1.698
3898.000	1.698
3899.000	1.698
3900.000	1.698
3901.000	1.698
3902.000	1.698
3903.000	1.698
3904.000	1.698
3905.000	1.698
3906.000	1.698
3907.000	1.698
3908.000	1.698
3909.000	1.698
3910.000	1.698
3911.000	1.698
3912.000	1.698
3913.000	1.698
3914.000	1.698
3915.000	1.698
3916.000	1.698
3917.000	1.698
3918.000	1.698
3919.000	1.698
3920.000	1.698
3921.000	1.698
3922.000	1.698
3923.000	1.698
3924.000	1.698
3925.000	1.698
3926.000	1.698
3927.000	1.698
3928.000	1.698
3929.000	1.698
3930.000	1.698
3931.000	1.698
3932.000	1.698
3933.000	1.698
3934.000	1.698
3935.000	1.698
3936.000	1.698
3937.000	1.698
3938.000	1.698
3939.000	1.698
3940.000	1.698
3941.000	1.698
3942.000	1.698
3943.000	1.698
3944.000	1.698
3945.000	1.698
3946.000	1.698
3947.000	1.698
3948.000	1.698
3949.000	1.698
3950.000	1.698
3951.000	1.698
3952.000	1.698
3953.000	1.698
3954.000	1.698
3955.000	1.698
3956.000	1.698
3957.000	1.698
3958.000	1.698
3959.000	1.698
3960.000	1.698
3961.000	1.698
3962.000	1.698
3963.000	1.698
3964.000	1.698
3965.000	1.698
3966.000	1.698
3967.000	1.698
3968.000	1.698
3969.000	1.698
3970.000	1.698
3971.000	1.698
3972.000	1.698
3973.000	1.698
3974.000	1.698
3975.000	1.698
3976.000	1.698
3977.000	1.698
3978.000	1.698
3979.000	1.698
3980.000	1.698
3981.000	1.698
3982.000	1.698
3983.000	1.681
3984.000	1.680
3985.000	1.680
3986.000	1.680
3987.000	1.680
3988.000	1.680
3989.000	1.680
3990.000	1.680
3991.000	1.673
3992.000	1.673
3993.000	1.673
3994.000	1.673
3995.000	1.673
3996.000	1.673
3997.000	1.673
3998.000	1.673
3999.000	1.673
4000.000	1.673
4001.000	1.673
4002.000	1.673
4003.000	1.673
4004.000	1.673
4005.000	1.673
4006.000	1.673
4007.000	1.673
4008.000	1.673
4009.000	1.673
4010.000	1.673
4011.000	1.673
4012.000	1.673
4013.000	1.673
4014.000	1.673
4015.000	1.673
4016.000	1.673
4017.000	1.673
4018.000	1.673
4019.000	1.673
4020.000	1.673
4021.000	1.673
4022.000	1.673
4023.000	1.673
4024.000	1.673
4025.000	1.673
4026.000	1.673
4027.000	1.673
4028.000	1.673
4029.000	1.673
4030.000	1.673
4031.000	1.673
4032.000	1.673
4033.000	1.673
4034.000	1.667
4035.000	1.667
4036.000	1.667
4037.000	1.652
4038.000	1.652
4039.000	1.652
4040.000	1.652
4041.000	1.652
4042.000	1.652
4043.000	1.652
4044.000	1.652
4045.000	1.652
4046.000	1.652
4047.000	1.652
4048.000	1.652
4049.000	1.652
4050.000	1.652
4051.000	1.652
4052.000	1.652
4053.000	1.652
4054.000	1.652
4055.000	1.652
4056.000	1.652
4057.000	1.652
4058.000	1.652
4059.000	1.651
4060.000	1.651
4061.000	1.651
4062.000	1.651
4063.000	1.651
4064.000	1.651
4065.000	1.651
4066.000	1.651
4067.000	1.651
4068.000	1.651
4069.000	1.651
4070.000	1.651
4071.000	1.651
4072.000	1.651
4073.000	1.651
4074.000	1.651
4075.000	1.651
4076.000	1.651
4077.000	1.651
4078.000	1.651
4079.000	1.635
4080.000	1.635
4081.000	1.635
4082.000	1.635
4083.000	1.635
4084.000	1.635
4085.000	1.635
4086.000	1.635
4087.000	1.635
4088.000	1.635
4089.000	1.635
4090.000	1.635
4091.000	1.635
4092.000	1.635
4093.000	1.608
4094.000	1.606
4095.000	1.606
