0.000	35.781
1.000	35.781
2.000	35.781
3.000	35.780
4.000	35.780
5.000	35.780
6.000	35.780
7.000	35.779
8.000	35.779
9.000	35.779
10.000	35.779
11.000	35.778
12.000	35.778
13.000	35.778
14.000	35.778
15.000	35.778
16.000	35.777
17.000	35.777
18.000	35.777
19.000	35.777
20.000	35.776
21.000	35.776
22.000	35.776
23.000	35.776
24.000	35.776
25.000	35.775
26.000	35.775
27.000	35.775
28.000	35.775
29.000	35.774
30.000	35.774
31.000	35.774
32.000	35.774
33.000	35.774
34.000	35.773
35.000	35.773
36.000	35.773
37.000	35.773
38.000	35.772
39.000	35.772
40.000	35.772
41.000	35.772
42.000	35.771
43.000	35.771
44.000	35.771
45.000	35.771
46.000	35.771
47.000	35.770
48.000	35.770
49.000	35.770
50.000	35.770
51.000	35.769
52.000	35.769
53.000	35.769
54.000	35.769
55.000	35.769
56.000	35.768
57.000	35.768
58.000	35.768
59.000	35.768
60.000	35.767
61.000	35.767
62.000	35.767
63.000	35.767
64.000	35.767
65.000	35.766
66.000	35.766
67.000	35.766
68.000	35.766
69.000	35.765
70.000	35.765
71.000	35.765
72.000	35.765
73.000	35.765
74.000	35.764
75.000	35.764
76.000	35.764
77.000	35.764
78.000	35.763
79.000	35.763
80.000	35.763
81.000	35.763
82.000	35.762
83.000	35.762
84.000	35.762
85.000	35.762
86.000	35.762
87.000	35.761
88.000	35.761
89.000	35.761
90.000	35.761
91.000	35.760
92.000	35.760
93.000	35.760
94.000	35.760
95.000	35.760
96.000	35.759
97.000	35.759
98.000	35.759
99.000	35.759
100.000	35.758
101.000	35.758
102.000	35.758
103.000	35.758
104.000	35.758
105.000	35.757
106.000	35.757
107.000	35.757
108.000	35.757
109.000	35.756
110.000	35.756
111.000	35.756
112.000	35.756
113.000	35.755
114.000	35.755
115.000	35.755
116.000	35.755
117.000	35.755
118.000	35.754
119.000	35.754
120.000	35.754
121.000	35.754
122.000	35.753
123.000	35.753
124.000	35.753
125.000	35.753
126.000	35.753
127.000	35.752
128.000	35.752
129.000	35.752
130.000	35.752
131.000	35.751
132.000	35.751
133.000	35.751
134.000	35.751
135.000	35.751
136.000	35.750
137.000	35.750
138.000	35.750
139.000	35.750
140.000	35.749
141.000	35.749
142.000	35.749
143.000	35.749
144.000	35.748
145.000	35.748
146.000	35.748
147.000	35.748
148.000	35.748
149.000	35.747
150.000	35.747
151.000	35.747
152.000	35.747
153.000	35.746
154.000	35.746
155.000	35.746
156.000	35.746
157.000	35.746
158.000	35.745
159.000	35.745
160.000	35.745
161.000	35.745
162.000	35.744
163.000	35.744
164.000	35.744
165.000	35.744
166.000	35.744
167.000	35.743
168.000	35.743
169.000	35.743
170.000	35.743
171.000	35.742
172.000	35.742
173.000	35.742
174.000	35.742
175.000	35.742
176.000	35.741
177.000	35.741
178.000	35.741
179.000	35.741
180.000	35.740
181.000	35.740
182.000	35.740
183.000	35.740
184.000	35.739
185.000	35.739
186.000	35.739
187.000	35.739
188.000	35.739
189.000	35.738
190.000	35.738
191.000	35.738
192.000	35.738
193.000	35.737
194.000	35.737
195.000	35.737
196.000	35.737
197.000	35.737
198.000	35.736
199.000	35.736
200.000	35.736
201.000	35.736
202.000	35.735
203.000	35.735
204.000	35.735
205.000	35.735
206.000	35.735
207.000	35.734
208.000	35.734
209.000	35.734
210.000	35.734
211.000	35.733
212.000	35.733
213.000	35.733
214.000	35.733
215.000	35.732
216.000	35.732
217.000	35.732
218.000	35.732
219.000	35.732
220.000	35.731
221.000	35.731
222.000	35.731
223.000	35.731
224.000	35.730
225.000	35.730
226.000	35.730
227.000	35.730
228.000	35.730
229.000	35.729
230.000	35.729
231.000	35.729
232.000	35.729
233.000	35.728
234.000	35.728
235.000	35.728
236.000	35.728
237.000	35.728
238.000	35.727
239.000	35.727
240.000	35.727
241.000	35.727
242.000	35.726
243.000	35.726
244.000	35.726
245.000	35.726
246.000	35.725
247.000	35.725
248.000	35.725
249.000	35.725
250.000	35.725
251.000	35.724
252.000	35.724
253.000	35.724
254.000	35.724
255.000	35.723
256.000	35.723
257.000	35.723
258.000	35.723
259.000	35.723
260.000	35.722
261.000	35.722
262.000	35.722
263.000	35.722
264.000	35.721
265.000	35.721
266.000	35.721
267.000	35.721
268.000	35.721
269.000	35.720
270.000	35.720
271.000	35.720
272.000	35.720
273.000	35.719
274.000	35.719
275.000	35.719
276.000	35.719
277.000	35.719
278.000	35.718
279.000	35.718
280.000	35.718
281.000	35.718
282.000	35.717
283.000	35.717
284.000	35.717
285.000	35.717
286.000	35.716
287.000	35.716
288.000	35.716
289.000	35.716
290.000	35.716
291.000	35.715
292.000	35.715
293.000	35.715
294.000	35.715
295.000	35.714
296.000	35.714
297.000	35.714
298.000	35.714
299.000	35.714
300.000	35.713
301.000	35.713
302.000	35.713
303.000	35.713
304.000	35.712
305.000	35.712
306.000	35.712
307.000	35.712
308.000	35.712
309.000	35.711
310.000	35.711
311.000	35.711
312.000	35.711
313.000	35.710
314.000	35.710
315.000	35.710
316.000	35.710
317.000	35.709
318.000	35.709
319.000	35.709
320.000	35.709
321.000	35.709
322.000	35.708
323.000	35.708
324.000	35.708
325.000	35.708
326.000	35.707
327.000	35.707
328.000	35.707
329.000	35.707
330.000	35.707
331.000	35.706
332.000	35.706
333.000	35.706
334.000	35.706
335.000	35.705
336.000	35.705
337.000	35.705
338.000	35.705
339.000	35.705
340.000	35.704
341.000	35.704
342.000	35.704
343.000	35.704
344.000	35.703
345.000	35.703
346.000	35.703
347.000	35.703
348.000	35.702
349.000	35.702
350.000	35.702
351.000	35.702
352.000	35.702
353.000	35.701
354.000	35.701
355.000	35.701
356.000	35.701
357.000	35.700
358.000	35.700
359.000	35.700
360.000	35.700
361.000	35.700
362.000	35.699
363.000	35.699
364.000	35.699
365.000	35.699
366.000	35.698
367.000	35.698
368.000	35.698
369.000	35.698
370.000	35.698
371.000	35.697
372.000	35.697
373.000	35.697
374.000	35.697
375.000	35.696
376.000	35.696
377.000	35.696
378.000	35.696
379.000	35.695
380.000	35.695
381.000	35.695
382.000	35.695
383.000	35.695
384.000	35.694
385.000	35.694
386.000	35.694
387.000	35.694
388.000	35.693
389.000	35.693
390.000	35.693
391.000	35.693
392.000	35.693
393.000	35.692
394.000	35.692
395.000	35.692
396.000	35.692
397.000	35.691
398.000	35.691
399.000	35.691
400.000	35.691
401.000	35.691
402.000	35.690
403.000	35.690
404.000	35.690
405.000	35.690
406.000	35.689
407.000	35.689
408.000	35.689
409.000	35.689
410.000	35.689
411.000	35.688
412.000	35.688
413.000	35.688
414.000	35.688
415.000	35.687
416.000	35.687
417.000	35.687
418.000	35.687
419.000	35.686
420.000	35.686
421.000	35.686
422.000	35.686
423.000	35.686
424.000	35.685
425.000	35.685
426.000	35.685
427.000	35.685
428.000	35.684
429.000	35.684
430.000	35.684
431.000	35.684
432.000	35.684
433.000	35.683
434.000	35.683
435.000	35.683
436.000	35.683
437.000	35.682
438.000	35.682
439.000	35.682
440.000	35.682
441.000	35.682
442.000	35.681
443.000	35.681
444.000	35.681
445.000	35.681
446.000	35.680
447.000	35.680
448.000	35.680
449.000	35.680
450.000	35.679
451.000	35.679
452.000	35.679
453.000	35.679
454.000	35.679
455.000	35.678
456.000	35.678
457.000	35.678
458.000	35.678
459.000	35.677
460.000	35.677
461.000	35.677
462.000	35.677
463.000	35.677
464.000	35.676
465.000	35.676
466.000	35.676
467.000	35.676
468.000	35.675
469.000	35.675
470.000	35.675
471.000	35.675
472.000	35.675
473.000	35.674
474.000	35.674
475.000	35.674
476.000	35.674
477.000	35.673
478.000	35.673
479.000	35.673
480.000	35.673
481.000	35.672
482.000	35.672
483.000	35.672
484.000	35.672
485.000	35.672
486.000	35.671
487.000	35.671
488.000	35.671
489.000	35.671
490.000	35.670
491.000	35.670
492.000	35.670
493.000	35.670
494.000	35.670
495.000	35.669
496.000	35.669
497.000	35.669
498.000	35.669
499.000	35.668
500.000	35.668
501.000	35.668
502.000	35.668
503.000	35.668
504.000	35.667
505.000	35.667
506.000	35.667
507.000	35.667
508.000	35.666
509.000	35.666
510.000	35.666
511.000	35.666
512.000	35.666
513.000	35.665
514.000	35.665
515.000	35.665
516.000	35.665
517.000	35.664
518.000	35.664
519.000	35.664
520.000	35.664
521.000	35.663
522.000	35.663
523.000	35.663
524.000	35.663
525.000	35.663
526.000	35.662
527.000	35.662
528.000	35.662
529.000	35.662
530.000	35.661
531.000	35.661
532.000	35.661
533.000	35.661
534.000	35.661
535.000	35.660
536.000	35.660
537.000	35.660
538.000	35.660
539.000	35.659
540.000	35.659
541.000	35.659
542.000	35.659
543.000	35.659
544.000	35.658
545.000	35.658
546.000	35.658
547.000	35.658
548.000	35.657
549.000	35.657
550.000	35.657
551.000	35.657
552.000	35.656
553.000	35.656
554.000	35.656
555.000	35.656
556.000	35.656
557.000	35.655
558.000	35.655
559.000	35.655
560.000	35.655
561.000	35.654
562.000	35.654
563.000	35.654
564.000	35.654
565.000	35.654
566.000	35.653
567.000	35.653
568.000	35.653
569.000	35.653
570.000	35.652
571.000	35.652
572.000	35.652
573.000	35.652
574.000	35.652
575.000	35.651
576.000	35.651
577.000	35.651
578.000	35.651
579.000	35.650
580.000	35.650
581.000	35.650
582.000	35.650
583.000	35.649
584.000	35.649
585.000	35.649
586.000	35.649
587.000	35.649
588.000	35.648
589.000	35.648
590.000	35.648
591.000	35.648
592.000	35.647
593.000	35.647
594.000	35.647
595.000	35.647
596.000	35.647
597.000	35.646
598.000	35.646
599.000	35.646
600.000	35.646
601.000	35.645
602.000	35.645
603.000	35.645
604.000	35.645
605.000	35.645
606.000	35.644
607.000	35.644
608.000	35.644
609.000	35.644
610.000	35.643
611.000	35.643
612.000	35.643
613.000	35.643
614.000	35.643
615.000	35.642
616.000	35.642
617.000	35.642
618.000	35.642
619.000	35.641
620.000	35.641
621.000	35.641
622.000	35.641
623.000	35.640
624.000	35.640
625.000	35.640
626.000	35.640
627.000	35.640
628.000	35.639
629.000	35.639
630.000	35.639
631.000	35.639
632.000	35.638
633.000	35.638
634.000	35.638
635.000	35.638
636.000	35.638
637.000	35.637
638.000	35.637
639.000	35.637
640.000	35.637
641.000	35.636
642.000	35.636
643.000	35.636
644.000	35.636
645.000	35.636
646.000	35.635
647.000	35.635
648.000	35.635
649.000	35.635
650.000	35.634
651.000	35.634
652.000	35.634
653.000	35.634
654.000	35.633
655.000	35.633
656.000	35.633
657.000	35.633
658.000	35.633
659.000	35.632
660.000	35.632
661.000	35.632
662.000	35.632
663.000	35.631
664.000	35.631
665.000	35.631
666.000	35.631
667.000	35.631
668.000	35.630
669.000	35.630
670.000	35.630
671.000	35.630
672.000	35.629
673.000	35.629
674.000	35.629
675.000	35.629
676.000	35.629
677.000	35.628
678.000	35.628
679.000	35.628
680.000	35.628
681.000	35.627
682.000	35.627
683.000	35.627
684.000	35.627
685.000	35.626
686.000	35.626
687.000	35.626
688.000	35.626
689.000	35.626
690.000	35.625
691.000	35.625
692.000	35.625
693.000	35.625
694.000	35.624
695.000	35.624
696.000	35.624
697.000	35.624
698.000	35.624
699.000	35.623
700.000	35.623
701.000	35.623
702.000	35.623
703.000	35.622
704.000	35.622
705.000	35.622
706.000	35.622
707.000	35.622
708.000	35.621
709.000	35.621
710.000	35.621
711.000	35.621
712.000	35.620
713.000	35.620
714.000	35.620
715.000	35.620
716.000	35.620
717.000	35.619
718.000	35.619
719.000	35.619
720.000	35.619
721.000	35.618
722.000	35.618
723.000	35.618
724.000	35.618
725.000	35.617
726.000	35.617
727.000	35.617
728.000	35.617
729.000	35.617
730.000	35.616
731.000	35.616
732.000	35.616
733.000	35.616
734.000	35.615
735.000	35.615
736.000	35.615
737.000	35.615
738.000	35.615
739.000	35.614
740.000	35.614
741.000	35.614
742.000	35.614
743.000	35.613
744.000	35.613
745.000	35.613
746.000	35.613
747.000	35.613
748.000	35.612
749.000	35.612
750.000	35.612
751.000	35.612
752.000	35.611
753.000	35.611
754.000	35.611
755.000	35.611
756.000	35.610
757.000	35.610
758.000	35.610
759.000	35.610
760.000	35.610
761.000	35.609
762.000	35.609
763.000	35.609
764.000	35.609
765.000	35.608
766.000	35.608
767.000	35.608
768.000	35.608
769.000	35.608
770.000	35.607
771.000	35.607
772.000	35.607
773.000	35.607
774.000	35.606
775.000	35.606
776.000	35.606
777.000	35.606
778.000	35.606
779.000	35.605
780.000	35.605
781.000	35.605
782.000	35.605
783.000	35.604
784.000	35.604
785.000	35.604
786.000	35.604
787.000	35.603
788.000	35.603
789.000	35.603
790.000	35.603
791.000	35.603
792.000	35.602
793.000	35.602
794.000	35.602
795.000	35.602
796.000	35.601
797.000	35.601
798.000	35.601
799.000	35.601
800.000	35.601
801.000	35.600
802.000	35.600
803.000	35.600
804.000	35.600
805.000	35.599
806.000	35.599
807.000	35.599
808.000	35.599
809.000	35.599
810.000	35.598
811.000	35.598
812.000	35.598
813.000	35.598
814.000	35.597
815.000	35.597
816.000	35.597
817.000	35.597
818.000	35.596
819.000	35.596
820.000	35.596
821.000	35.596
822.000	35.596
823.000	35.595
824.000	35.595
825.000	35.595
826.000	35.595
827.000	35.594
828.000	35.594
829.000	35.594
830.000	35.594
831.000	35.594
832.000	35.593
833.000	35.593
834.000	35.593
835.000	35.593
836.000	35.592
837.000	35.592
838.000	35.592
839.000	35.592
840.000	35.592
841.000	35.591
842.000	35.591
843.000	35.591
844.000	35.591
845.000	35.590
846.000	35.590
847.000	35.590
848.000	35.590
849.000	35.590
850.000	35.589
851.000	35.589
852.000	35.589
853.000	35.589
854.000	35.588
855.000	35.588
856.000	35.588
857.000	35.588
858.000	35.587
859.000	35.587
860.000	35.587
861.000	35.587
862.000	35.587
863.000	35.586
864.000	35.586
865.000	35.586
866.000	35.586
867.000	35.585
868.000	35.585
869.000	35.585
870.000	35.585
871.000	35.585
872.000	35.584
873.000	35.584
874.000	35.584
875.000	35.584
876.000	35.583
877.000	35.583
878.000	35.583
879.000	35.583
880.000	35.583
881.000	35.582
882.000	35.582
883.000	35.582
884.000	35.582
885.000	35.581
886.000	35.581
887.000	35.581
888.000	35.581
889.000	35.580
890.000	35.580
891.000	35.580
892.000	35.580
893.000	35.580
894.000	35.579
895.000	35.579
896.000	35.579
897.000	35.579
898.000	35.578
899.000	35.578
900.000	35.578
901.000	35.578
902.000	35.578
903.000	35.577
904.000	35.577
905.000	35.577
906.000	35.577
907.000	35.576
908.000	35.576
909.000	35.576
910.000	35.576
911.000	35.576
912.000	35.575
913.000	35.575
914.000	35.575
915.000	35.575
916.000	35.574
917.000	35.574
918.000	35.574
919.000	35.574
920.000	35.573
921.000	35.573
922.000	35.573
923.000	35.573
924.000	35.573
925.000	35.572
926.000	35.572
927.000	35.572
928.000	35.572
929.000	35.571
930.000	35.571
931.000	35.571
932.000	35.571
933.000	35.571
934.000	35.570
935.000	35.570
936.000	35.570
937.000	35.570
938.000	35.569
939.000	35.569
940.000	35.569
941.000	35.569
942.000	35.569
943.000	35.568
944.000	35.568
945.000	35.568
946.000	35.568
947.000	35.567
948.000	35.567
949.000	35.567
950.000	35.567
951.000	35.567
952.000	35.566
953.000	35.566
954.000	35.566
955.000	35.566
956.000	35.565
957.000	35.565
958.000	35.565
959.000	35.565
960.000	35.564
961.000	35.564
962.000	35.564
963.000	35.564
964.000	35.564
965.000	35.563
966.000	35.563
967.000	35.563
968.000	35.563
969.000	35.562
970.000	35.562
971.000	35.562
972.000	35.562
973.000	35.562
974.000	35.561
975.000	35.561
976.000	35.561
977.000	35.561
978.000	35.560
979.000	35.560
980.000	35.560
981.000	35.560
982.000	35.560
983.000	35.559
984.000	35.559
985.000	35.559
986.000	35.559
987.000	35.558
988.000	35.558
989.000	35.558
990.000	35.558
991.000	35.557
992.000	35.557
993.000	35.557
994.000	35.557
995.000	35.557
996.000	35.556
997.000	35.556
998.000	35.556
999.000	35.556
1000.000	35.555
1001.000	35.555
1002.000	35.555
1003.000	35.555
1004.000	35.555
1005.000	35.554
1006.000	35.554
1007.000	35.554
1008.000	35.554
1009.000	35.553
1010.000	35.553
1011.000	35.553
1012.000	35.553
1013.000	35.553
1014.000	35.552
1015.000	35.552
1016.000	35.552
1017.000	35.552
1018.000	35.551
1019.000	35.551
1020.000	35.551
1021.000	35.551
1022.000	35.550
1023.000	35.550
1024.000	35.550
1025.000	35.550
1026.000	35.550
1027.000	35.549
1028.000	35.549
1029.000	35.549
1030.000	35.549
1031.000	35.548
1032.000	35.548
1033.000	35.548
1034.000	35.548
1035.000	35.548
1036.000	35.547
1037.000	35.547
1038.000	35.547
1039.000	35.547
1040.000	35.546
1041.000	35.546
1042.000	35.546
1043.000	35.546
1044.000	35.546
1045.000	35.545
1046.000	35.545
1047.000	35.545
1048.000	35.545
1049.000	35.544
1050.000	35.544
1051.000	35.544
1052.000	35.544
1053.000	35.544
1054.000	35.543
1055.000	35.543
1056.000	35.543
1057.000	35.543
1058.000	35.542
1059.000	35.542
1060.000	35.542
1061.000	35.542
1062.000	35.541
1063.000	35.541
1064.000	35.541
1065.000	35.541
1066.000	35.541
1067.000	35.540
1068.000	35.540
1069.000	35.540
1070.000	35.540
1071.000	35.539
1072.000	35.539
1073.000	35.539
1074.000	35.539
1075.000	35.539
1076.000	35.538
1077.000	35.538
1078.000	35.538
1079.000	35.538
1080.000	35.537
1081.000	35.537
1082.000	35.537
1083.000	35.537
1084.000	35.537
1085.000	35.536
1086.000	35.536
1087.000	35.536
1088.000	35.536
1089.000	35.535
1090.000	35.535
1091.000	35.535
1092.000	35.535
1093.000	35.534
1094.000	35.534
1095.000	35.534
1096.000	35.534
1097.000	35.534
1098.000	35.533
1099.000	35.533
1100.000	35.533
1101.000	35.533
1102.000	35.532
1103.000	35.532
1104.000	35.532
1105.000	35.532
1106.000	35.532
1107.000	35.531
1108.000	35.531
1109.000	35.531
1110.000	35.531
1111.000	35.530
1112.000	35.530
1113.000	35.530
1114.000	35.530
1115.000	35.530
1116.000	35.529
1117.000	35.529
1118.000	35.529
1119.000	35.529
1120.000	35.528
1121.000	35.528
1122.000	35.528
1123.000	35.528
1124.000	35.527
1125.000	35.527
1126.000	35.527
1127.000	35.527
1128.000	35.527
1129.000	35.526
1130.000	35.526
1131.000	35.526
1132.000	35.526
1133.000	35.525
1134.000	35.525
1135.000	35.525
1136.000	35.525
1137.000	35.525
1138.000	35.524
1139.000	35.524
1140.000	35.524
1141.000	35.524
1142.000	35.523
1143.000	35.523
1144.000	35.523
1145.000	35.523
1146.000	35.523
1147.000	35.522
1148.000	35.522
1149.000	35.522
1150.000	35.522
1151.000	35.521
1152.000	35.521
1153.000	35.521
1154.000	35.521
1155.000	35.521
1156.000	35.520
1157.000	35.520
1158.000	35.520
1159.000	35.520
1160.000	35.519
1161.000	35.519
1162.000	35.519
1163.000	35.519
1164.000	35.518
1165.000	35.518
1166.000	35.518
1167.000	35.518
1168.000	35.518
1169.000	35.517
1170.000	35.517
1171.000	35.517
1172.000	35.517
1173.000	35.516
1174.000	35.516
1175.000	35.516
1176.000	35.516
1177.000	35.516
1178.000	35.515
1179.000	35.515
1180.000	35.515
1181.000	35.515
1182.000	35.514
1183.000	35.514
1184.000	35.514
1185.000	35.514
1186.000	35.514
1187.000	35.513
1188.000	35.513
1189.000	35.513
1190.000	35.513
1191.000	35.512
1192.000	35.512
1193.000	35.512
1194.000	35.512
1195.000	35.511
1196.000	35.511
1197.000	35.511
1198.000	35.511
1199.000	35.511
1200.000	35.510
1201.000	35.510
1202.000	35.510
1203.000	35.510
1204.000	35.509
1205.000	35.509
1206.000	35.509
1207.000	35.509
1208.000	35.509
1209.000	35.508
1210.000	35.508
1211.000	35.508
1212.000	35.508
1213.000	35.507
1214.000	35.507
1215.000	35.507
1216.000	35.507
1217.000	35.507
1218.000	35.506
1219.000	35.506
1220.000	35.506
1221.000	35.506
1222.000	35.505
1223.000	35.505
1224.000	35.505
1225.000	35.505
1226.000	35.504
1227.000	35.504
1228.000	35.504
1229.000	35.504
1230.000	35.504
1231.000	35.503
1232.000	35.503
1233.000	35.503
1234.000	35.503
1235.000	35.502
1236.000	35.502
1237.000	35.502
1238.000	35.502
1239.000	35.502
1240.000	35.501
1241.000	35.501
1242.000	35.501
1243.000	35.501
1244.000	35.500
1245.000	35.500
1246.000	35.500
1247.000	35.500
1248.000	35.500
1249.000	35.499
1250.000	35.499
1251.000	35.499
1252.000	35.499
1253.000	35.498
1254.000	35.498
1255.000	35.498
1256.000	35.498
1257.000	35.498
1258.000	35.497
1259.000	35.497
1260.000	35.497
1261.000	35.497
1262.000	35.496
1263.000	35.496
1264.000	35.496
1265.000	35.496
1266.000	35.495
1267.000	35.495
1268.000	35.495
1269.000	35.495
1270.000	35.495
1271.000	35.494
1272.000	35.494
1273.000	35.494
1274.000	35.494
1275.000	35.493
1276.000	35.493
1277.000	35.493
1278.000	35.493
1279.000	35.493
1280.000	35.492
1281.000	35.492
1282.000	35.492
1283.000	35.492
1284.000	35.491
1285.000	35.491
1286.000	35.491
1287.000	35.491
1288.000	35.491
1289.000	35.490
1290.000	35.490
1291.000	35.490
1292.000	35.490
1293.000	35.489
1294.000	35.489
1295.000	35.489
1296.000	35.489
1297.000	35.488
1298.000	35.488
1299.000	35.488
1300.000	35.488
1301.000	35.488
1302.000	35.487
1303.000	35.487
1304.000	35.487
1305.000	35.487
1306.000	35.486
1307.000	35.486
1308.000	35.486
1309.000	35.486
1310.000	35.486
1311.000	35.485
1312.000	35.485
1313.000	35.485
1314.000	35.485
1315.000	35.484
1316.000	35.484
1317.000	35.484
1318.000	35.484
1319.000	35.484
1320.000	35.483
1321.000	35.483
1322.000	35.483
1323.000	35.483
1324.000	35.482
1325.000	35.482
1326.000	35.482
1327.000	35.482
1328.000	35.481
1329.000	35.481
1330.000	35.481
1331.000	35.481
1332.000	35.481
1333.000	35.480
1334.000	35.480
1335.000	35.480
1336.000	35.480
1337.000	35.479
1338.000	35.479
1339.000	35.479
1340.000	35.479
1341.000	35.479
1342.000	35.478
1343.000	35.478
1344.000	35.478
1345.000	35.478
1346.000	35.477
1347.000	35.477
1348.000	35.477
1349.000	35.477
1350.000	35.477
1351.000	35.476
1352.000	35.476
1353.000	35.476
1354.000	35.476
1355.000	35.475
1356.000	35.475
1357.000	35.475
1358.000	35.475
1359.000	35.474
1360.000	35.474
1361.000	35.474
1362.000	35.474
1363.000	35.474
1364.000	35.473
1365.000	35.473
1366.000	35.473
1367.000	35.473
1368.000	35.472
1369.000	35.472
1370.000	35.472
1371.000	35.472
1372.000	35.472
1373.000	35.471
1374.000	35.471
1375.000	35.471
1376.000	35.471
1377.000	35.470
1378.000	35.470
1379.000	35.470
1380.000	35.470
1381.000	35.470
1382.000	35.469
1383.000	35.469
1384.000	35.469
1385.000	35.469
1386.000	35.468
1387.000	35.468
1388.000	35.468
1389.000	35.468
1390.000	35.468
1391.000	35.467
1392.000	35.467
1393.000	35.467
1394.000	35.467
1395.000	35.466
1396.000	35.466
1397.000	35.466
1398.000	35.466
1399.000	35.465
1400.000	35.465
1401.000	35.465
1402.000	35.465
1403.000	35.465
1404.000	35.464
1405.000	35.464
1406.000	35.464
1407.000	35.464
1408.000	35.463
1409.000	35.463
1410.000	35.463
1411.000	35.463
1412.000	35.463
1413.000	35.462
1414.000	35.462
1415.000	35.462
1416.000	35.462
1417.000	35.461
1418.000	35.461
1419.000	35.461
1420.000	35.461
1421.000	35.461
1422.000	35.460
1423.000	35.460
1424.000	35.460
1425.000	35.460
1426.000	35.459
1427.000	35.459
1428.000	35.459
1429.000	35.459
1430.000	35.458
1431.000	35.458
1432.000	35.458
1433.000	35.458
1434.000	35.458
1435.000	35.457
1436.000	35.457
1437.000	35.457
1438.000	35.457
1439.000	35.456
1440.000	35.456
1441.000	35.456
1442.000	35.456
1443.000	35.456
1444.000	35.455
1445.000	35.455
1446.000	35.455
1447.000	35.455
1448.000	35.454
1449.000	35.454
1450.000	35.454
1451.000	35.454
1452.000	35.454
1453.000	35.453
1454.000	35.453
1455.000	35.453
1456.000	35.453
1457.000	35.452
1458.000	35.452
1459.000	35.452
1460.000	35.452
1461.000	35.451
1462.000	35.451
1463.000	35.451
1464.000	35.451
1465.000	35.451
1466.000	35.450
1467.000	35.450
1468.000	35.450
1469.000	35.450
1470.000	35.449
1471.000	35.449
1472.000	35.449
1473.000	35.449
1474.000	35.449
1475.000	35.448
1476.000	35.448
1477.000	35.448
1478.000	35.448
1479.000	35.447
1480.000	35.447
1481.000	35.447
1482.000	35.447
1483.000	35.447
1484.000	35.446
1485.000	35.446
1486.000	35.446
1487.000	35.446
1488.000	35.445
1489.000	35.445
1490.000	35.445
1491.000	35.445
1492.000	35.445
1493.000	35.444
1494.000	35.444
1495.000	35.444
1496.000	35.444
1497.000	35.443
1498.000	35.443
1499.000	35.443
1500.000	35.443
1501.000	35.442
1502.000	35.442
1503.000	35.442
1504.000	35.442
1505.000	35.442
1506.000	35.441
1507.000	35.441
1508.000	35.441
1509.000	35.441
1510.000	35.440
1511.000	35.440
1512.000	35.440
1513.000	35.440
1514.000	35.440
1515.000	35.439
1516.000	35.439
1517.000	35.439
1518.000	35.439
1519.000	35.438
1520.000	35.438
1521.000	35.438
1522.000	35.438
1523.000	35.438
1524.000	35.437
1525.000	35.437
1526.000	35.437
1527.000	35.437
1528.000	35.436
1529.000	35.436
1530.000	35.436
1531.000	35.436
1532.000	35.435
1533.000	35.435
1534.000	35.435
1535.000	35.435
1536.000	35.435
1537.000	35.434
1538.000	35.434
1539.000	35.434
1540.000	35.434
1541.000	35.433
1542.000	35.433
1543.000	35.433
1544.000	35.433
1545.000	35.433
1546.000	35.432
1547.000	35.432
1548.000	35.432
1549.000	35.432
1550.000	35.431
1551.000	35.431
1552.000	35.431
1553.000	35.431
1554.000	35.431
1555.000	35.430
1556.000	35.430
1557.000	35.430
1558.000	35.430
1559.000	35.429
1560.000	35.429
1561.000	35.429
1562.000	35.429
1563.000	35.428
1564.000	35.428
1565.000	35.428
1566.000	35.428
1567.000	35.428
1568.000	35.427
1569.000	35.427
1570.000	35.427
1571.000	35.427
1572.000	35.426
1573.000	35.426
1574.000	35.426
1575.000	35.426
1576.000	35.426
1577.000	35.425
1578.000	35.425
1579.000	35.425
1580.000	35.425
1581.000	35.424
1582.000	35.424
1583.000	35.424
1584.000	35.424
1585.000	35.424
1586.000	35.423
1587.000	35.423
1588.000	35.423
1589.000	35.423
1590.000	35.422
1591.000	35.422
1592.000	35.422
1593.000	35.422
1594.000	35.422
1595.000	35.421
1596.000	35.421
1597.000	35.421
1598.000	35.421
1599.000	35.420
1600.000	35.420
1601.000	35.420
1602.000	35.420
1603.000	35.419
1604.000	35.419
1605.000	35.419
1606.000	35.419
1607.000	35.419
1608.000	35.418
1609.000	35.418
1610.000	35.418
1611.000	35.418
1612.000	35.417
1613.000	35.417
1614.000	35.417
1615.000	35.417
1616.000	35.417
1617.000	35.416
1618.000	35.416
1619.000	35.416
1620.000	35.416
1621.000	35.415
1622.000	35.415
1623.000	35.415
1624.000	35.415
1625.000	35.415
1626.000	35.414
1627.000	35.414
1628.000	35.414
1629.000	35.414
1630.000	35.413
1631.000	35.413
1632.000	35.413
1633.000	35.413
1634.000	35.412
1635.000	35.412
1636.000	35.412
1637.000	35.412
1638.000	35.412
1639.000	35.411
1640.000	35.411
1641.000	35.411
1642.000	35.411
1643.000	35.410
1644.000	35.410
1645.000	35.410
1646.000	35.410
1647.000	35.410
1648.000	35.409
1649.000	35.409
1650.000	35.409
1651.000	35.409
1652.000	35.408
1653.000	35.408
1654.000	35.408
1655.000	35.408
1656.000	35.408
1657.000	35.407
1658.000	35.407
1659.000	35.407
1660.000	35.407
1661.000	35.406
1662.000	35.406
1663.000	35.406
1664.000	35.406
1665.000	35.405
1666.000	35.405
1667.000	35.405
1668.000	35.405
1669.000	35.405
1670.000	35.404
1671.000	35.404
1672.000	35.404
1673.000	35.404
1674.000	35.403
1675.000	35.403
1676.000	35.403
1677.000	35.403
1678.000	35.403
1679.000	35.402
1680.000	35.402
1681.000	35.402
1682.000	35.402
1683.000	35.401
1684.000	35.401
1685.000	35.401
1686.000	35.401
1687.000	35.401
1688.000	35.400
1689.000	35.400
1690.000	35.400
1691.000	35.400
1692.000	35.399
1693.000	35.399
1694.000	35.399
1695.000	35.399
1696.000	35.399
1697.000	35.398
1698.000	35.398
1699.000	35.398
1700.000	35.398
1701.000	35.397
1702.000	35.397
1703.000	35.397
1704.000	35.397
1705.000	35.396
1706.000	35.396
1707.000	35.396
1708.000	35.396
1709.000	35.396
1710.000	35.395
1711.000	35.395
1712.000	35.395
1713.000	35.395
1714.000	35.394
1715.000	35.394
1716.000	35.394
1717.000	35.394
1718.000	35.394
1719.000	35.393
1720.000	35.393
1721.000	35.393
1722.000	35.393
1723.000	35.392
1724.000	35.392
1725.000	35.392
1726.000	35.392
1727.000	35.392
1728.000	35.391
1729.000	35.391
1730.000	35.391
1731.000	35.391
1732.000	35.390
1733.000	35.390
1734.000	35.390
1735.000	35.390
1736.000	35.389
1737.000	35.389
1738.000	35.389
1739.000	35.389
1740.000	35.389
1741.000	35.388
1742.000	35.388
1743.000	35.388
1744.000	35.388
1745.000	35.387
1746.000	35.387
1747.000	35.387
1748.000	35.387
1749.000	35.387
1750.000	35.386
1751.000	35.386
1752.000	35.386
1753.000	35.386
1754.000	35.385
1755.000	35.385
1756.000	35.385
1757.000	35.385
1758.000	35.385
1759.000	35.384
1760.000	35.384
1761.000	35.384
1762.000	35.384
1763.000	35.383
1764.000	35.383
1765.000	35.383
1766.000	35.383
1767.000	35.382
1768.000	35.382
1769.000	35.382
1770.000	35.382
1771.000	35.382
1772.000	35.381
1773.000	35.381
1774.000	35.381
1775.000	35.381
1776.000	35.380
1777.000	35.380
1778.000	35.380
1779.000	35.380
1780.000	35.380
1781.000	35.379
1782.000	35.379
1783.000	35.379
1784.000	35.379
1785.000	35.378
1786.000	35.378
1787.000	35.378
1788.000	35.378
1789.000	35.378
1790.000	35.377
1791.000	35.377
1792.000	35.377
1793.000	35.377
1794.000	35.376
1795.000	35.376
1796.000	35.376
1797.000	35.376
1798.000	35.376
1799.000	35.375
1800.000	35.375
1801.000	35.375
1802.000	35.375
1803.000	35.374
1804.000	35.374
1805.000	35.374
1806.000	35.374
1807.000	35.373
1808.000	35.373
1809.000	35.373
1810.000	35.373
1811.000	35.373
1812.000	35.372
1813.000	35.372
1814.000	35.372
1815.000	35.372
1816.000	35.371
1817.000	35.371
1818.000	35.371
1819.000	35.371
1820.000	35.371
1821.000	35.370
1822.000	35.370
1823.000	35.370
1824.000	35.370
1825.000	35.369
1826.000	35.369
1827.000	35.369
1828.000	35.369
1829.000	35.369
1830.000	35.368
1831.000	35.368
1832.000	35.368
1833.000	35.368
1834.000	35.367
1835.000	35.367
1836.000	35.367
1837.000	35.367
1838.000	35.366
1839.000	35.366
1840.000	35.366
1841.000	35.366
1842.000	35.366
1843.000	35.365
1844.000	35.365
1845.000	35.365
1846.000	35.365
1847.000	35.364
1848.000	35.364
1849.000	35.364
1850.000	35.364
1851.000	35.364
1852.000	35.363
1853.000	35.363
1854.000	35.363
1855.000	35.363
1856.000	35.362
1857.000	35.362
1858.000	35.362
1859.000	35.362
1860.000	35.362
1861.000	35.361
1862.000	35.361
1863.000	35.361
1864.000	35.361
1865.000	35.360
1866.000	35.360
1867.000	35.360
1868.000	35.360
1869.000	35.359
1870.000	35.359
1871.000	35.359
1872.000	35.359
1873.000	35.359
1874.000	35.358
1875.000	35.358
1876.000	35.358
1877.000	35.358
1878.000	35.357
1879.000	35.357
1880.000	35.357
1881.000	35.357
1882.000	35.357
1883.000	35.356
1884.000	35.356
1885.000	35.356
1886.000	35.356
1887.000	35.355
1888.000	35.355
1889.000	35.355
1890.000	35.355
1891.000	35.355
1892.000	35.354
1893.000	35.354
1894.000	35.354
1895.000	35.354
1896.000	35.353
1897.000	35.353
1898.000	35.353
1899.000	35.353
1900.000	35.352
1901.000	35.352
1902.000	35.352
1903.000	35.352
1904.000	35.352
1905.000	35.351
1906.000	35.351
1907.000	35.351
1908.000	35.351
1909.000	35.350
1910.000	35.350
1911.000	35.350
1912.000	35.350
1913.000	35.350
1914.000	35.349
1915.000	35.349
1916.000	35.349
1917.000	35.349
1918.000	35.348
1919.000	35.348
1920.000	35.348
1921.000	35.348
1922.000	35.348
1923.000	35.347
1924.000	35.347
1925.000	35.347
1926.000	35.347
1927.000	35.346
1928.000	35.346
1929.000	35.346
1930.000	35.346
1931.000	35.346
1932.000	35.345
1933.000	35.345
1934.000	35.345
1935.000	35.345
1936.000	35.344
1937.000	35.344
1938.000	35.344
1939.000	35.344
1940.000	35.343
1941.000	35.343
1942.000	35.343
1943.000	35.343
1944.000	35.343
1945.000	35.342
1946.000	35.342
1947.000	35.342
1948.000	35.342
1949.000	35.341
1950.000	35.341
1951.000	35.341
1952.000	35.341
1953.000	35.341
1954.000	35.340
1955.000	35.340
1956.000	35.340
1957.000	35.340
1958.000	35.339
1959.000	35.339
1960.000	35.339
1961.000	35.339
1962.000	35.339
1963.000	35.338
1964.000	35.338
1965.000	35.338
1966.000	35.338
1967.000	35.337
1968.000	35.337
1969.000	35.337
1970.000	35.337
1971.000	35.336
1972.000	35.336
1973.000	35.336
1974.000	35.336
1975.000	35.336
1976.000	35.335
1977.000	35.335
1978.000	35.335
1979.000	35.335
1980.000	35.334
1981.000	35.334
1982.000	35.334
1983.000	35.334
1984.000	35.334
1985.000	35.333
1986.000	35.333
1987.000	35.333
1988.000	35.333
1989.000	35.332
1990.000	35.332
1991.000	35.332
1992.000	35.332
1993.000	35.332
1994.000	35.331
1995.000	35.331
1996.000	35.331
1997.000	35.331
1998.000	35.330
1999.000	35.330
2000.000	35.330
2001.000	35.330
2002.000	35.329
2003.000	35.329
2004.000	35.329
2005.000	35.329
2006.000	35.329
2007.000	35.328
2008.000	35.328
2009.000	35.328
2010.000	35.328
2011.000	35.327
2012.000	35.327
2013.000	35.327
2014.000	35.327
2015.000	35.327
2016.000	35.326
2017.000	35.326
2018.000	35.326
2019.000	35.326
2020.000	35.325
2021.000	35.325
2022.000	35.325
2023.000	35.325
2024.000	35.325
2025.000	35.324
2026.000	35.324
2027.000	35.324
2028.000	35.324
2029.000	35.323
2030.000	35.323
2031.000	35.323
2032.000	35.323
2033.000	35.323
2034.000	35.322
2035.000	35.322
2036.000	35.322
2037.000	35.322
2038.000	35.321
2039.000	35.321
2040.000	35.321
2041.000	35.321
2042.000	35.320
2043.000	35.320
2044.000	35.320
2045.000	35.320
2046.000	35.320
2047.000	35.319
2048.000	35.319
2049.000	35.319
2050.000	35.319
2051.000	35.318
2052.000	35.318
2053.000	35.318
2054.000	35.318
2055.000	35.318
2056.000	35.317
2057.000	35.317
2058.000	35.317
2059.000	35.317
2060.000	35.316
2061.000	35.316
2062.000	35.316
2063.000	35.316
2064.000	35.316
2065.000	35.315
2066.000	35.315
2067.000	35.315
2068.000	35.315
2069.000	35.314
2070.000	35.314
2071.000	35.314
2072.000	35.314
2073.000	35.313
2074.000	35.313
2075.000	35.313
2076.000	35.313
2077.000	35.313
2078.000	35.312
2079.000	35.312
2080.000	35.312
2081.000	35.312
2082.000	35.311
2083.000	35.311
2084.000	35.311
2085.000	35.311
2086.000	35.311
2087.000	35.310
2088.000	35.310
2089.000	35.310
2090.000	35.310
2091.000	35.309
2092.000	35.309
2093.000	35.309
2094.000	35.309
2095.000	35.309
2096.000	35.308
2097.000	35.308
2098.000	35.308
2099.000	35.308
2100.000	35.307
2101.000	35.307
2102.000	35.307
2103.000	35.307
2104.000	35.306
2105.000	35.306
2106.000	35.306
2107.000	35.306
2108.000	35.306
2109.000	35.305
2110.000	35.305
2111.000	35.305
2112.000	35.305
2113.000	35.304
2114.000	35.304
2115.000	35.304
2116.000	35.304
2117.000	35.304
2118.000	35.303
2119.000	35.303
2120.000	35.303
2121.000	35.303
2122.000	35.302
2123.000	35.302
2124.000	35.302
2125.000	35.302
2126.000	35.302
2127.000	35.301
2128.000	35.301
2129.000	35.301
2130.000	35.301
2131.000	35.300
2132.000	35.300
2133.000	35.300
2134.000	35.300
2135.000	35.300
2136.000	35.299
2137.000	35.299
2138.000	35.299
2139.000	35.299
2140.000	35.298
2141.000	35.298
2142.000	35.298
2143.000	35.298
2144.000	35.297
2145.000	35.297
2146.000	35.297
2147.000	35.297
2148.000	35.297
2149.000	35.296
2150.000	35.296
2151.000	35.296
2152.000	35.296
2153.000	35.295
2154.000	35.295
2155.000	35.295
2156.000	35.295
2157.000	35.295
2158.000	35.294
2159.000	35.294
2160.000	35.294
2161.000	35.294
2162.000	35.293
2163.000	35.293
2164.000	35.293
2165.000	35.293
2166.000	35.293
2167.000	35.292
2168.000	35.292
2169.000	35.292
2170.000	35.292
2171.000	35.291
2172.000	35.291
2173.000	35.291
2174.000	35.291
2175.000	35.290
2176.000	35.290
2177.000	35.290
2178.000	35.290
2179.000	35.290
2180.000	35.289
2181.000	35.289
2182.000	35.289
2183.000	35.289
2184.000	35.288
2185.000	35.288
2186.000	35.288
2187.000	35.288
2188.000	35.288
2189.000	35.287
2190.000	35.287
2191.000	35.287
2192.000	35.287
2193.000	35.286
2194.000	35.286
2195.000	35.286
2196.000	35.286
2197.000	35.286
2198.000	35.285
2199.000	35.285
2200.000	35.285
2201.000	35.285
2202.000	35.284
2203.000	35.284
2204.000	35.284
2205.000	35.284
2206.000	35.283
2207.000	35.283
2208.000	35.283
2209.000	35.283
2210.000	35.283
2211.000	35.282
2212.000	35.282
2213.000	35.282
2214.000	35.282
2215.000	35.281
2216.000	35.281
2217.000	35.281
2218.000	35.281
2219.000	35.281
2220.000	35.280
2221.000	35.280
2222.000	35.280
2223.000	35.280
2224.000	35.279
2225.000	35.279
2226.000	35.279
2227.000	35.279
2228.000	35.279
2229.000	35.278
2230.000	35.278
2231.000	35.278
2232.000	35.278
2233.000	35.277
2234.000	35.277
2235.000	35.277
2236.000	35.277
2237.000	35.277
2238.000	35.276
2239.000	35.276
2240.000	35.276
2241.000	35.276
2242.000	35.275
2243.000	35.275
2244.000	35.275
2245.000	35.275
2246.000	35.274
2247.000	35.274
2248.000	35.274
2249.000	35.274
2250.000	35.274
2251.000	35.273
2252.000	35.273
2253.000	35.273
2254.000	35.273
2255.000	35.272
2256.000	35.272
2257.000	35.272
2258.000	35.272
2259.000	35.272
2260.000	35.271
2261.000	35.271
2262.000	35.271
2263.000	35.271
2264.000	35.270
2265.000	35.270
2266.000	35.270
2267.000	35.270
2268.000	35.270
2269.000	35.269
2270.000	35.269
2271.000	35.269
2272.000	35.269
2273.000	35.268
2274.000	35.268
2275.000	35.268
2276.000	35.268
2277.000	35.267
2278.000	35.267
2279.000	35.267
2280.000	35.267
2281.000	35.267
2282.000	35.266
2283.000	35.266
2284.000	35.266
2285.000	35.266
2286.000	35.265
2287.000	35.265
2288.000	35.265
2289.000	35.265
2290.000	35.265
2291.000	35.264
2292.000	35.264
2293.000	35.264
2294.000	35.264
2295.000	35.263
2296.000	35.263
2297.000	35.263
2298.000	35.263
2299.000	35.263
2300.000	35.262
2301.000	35.262
2302.000	35.262
2303.000	35.262
2304.000	35.261
2305.000	35.261
2306.000	35.261
2307.000	35.261
2308.000	35.260
2309.000	35.260
2310.000	35.260
2311.000	35.260
2312.000	35.260
2313.000	35.259
2314.000	35.259
2315.000	35.259
2316.000	35.259
2317.000	35.258
2318.000	35.258
2319.000	35.258
2320.000	35.258
2321.000	35.258
2322.000	35.257
2323.000	35.257
2324.000	35.257
2325.000	35.257
2326.000	35.256
2327.000	35.256
2328.000	35.256
2329.000	35.256
2330.000	35.256
2331.000	35.255
2332.000	35.255
2333.000	35.255
2334.000	35.255
2335.000	35.254
2336.000	35.254
2337.000	35.254
2338.000	35.254
2339.000	35.253
2340.000	35.253
2341.000	35.253
2342.000	35.253
2343.000	35.253
2344.000	35.252
2345.000	35.252
2346.000	35.252
2347.000	35.252
2348.000	35.251
2349.000	35.251
2350.000	35.251
2351.000	35.251
2352.000	35.251
2353.000	35.250
2354.000	35.250
2355.000	35.250
2356.000	35.250
2357.000	35.249
2358.000	35.249
2359.000	35.249
2360.000	35.249
2361.000	35.249
2362.000	35.248
2363.000	35.248
2364.000	35.248
2365.000	35.248
2366.000	35.247
2367.000	35.247
2368.000	35.247
2369.000	35.247
2370.000	35.247
2371.000	35.246
2372.000	35.246
2373.000	35.246
2374.000	35.246
2375.000	35.245
2376.000	35.245
2377.000	35.245
2378.000	35.245
2379.000	35.244
2380.000	35.244
2381.000	35.244
2382.000	35.244
2383.000	35.244
2384.000	35.243
2385.000	35.243
2386.000	35.243
2387.000	35.243
2388.000	35.242
2389.000	35.242
2390.000	35.242
2391.000	35.242
2392.000	35.242
2393.000	35.241
2394.000	35.241
2395.000	35.241
2396.000	35.241
2397.000	35.240
2398.000	35.240
2399.000	35.240
2400.000	35.240
2401.000	35.240
2402.000	35.239
2403.000	35.239
2404.000	35.239
2405.000	35.239
2406.000	35.238
2407.000	35.238
2408.000	35.238
2409.000	35.238
2410.000	35.237
2411.000	35.237
2412.000	35.237
2413.000	35.237
2414.000	35.237
2415.000	35.236
2416.000	35.236
2417.000	35.236
2418.000	35.236
2419.000	35.235
2420.000	35.235
2421.000	35.235
2422.000	35.235
2423.000	35.235
2424.000	35.234
2425.000	35.234
2426.000	35.234
2427.000	35.234
2428.000	35.233
2429.000	35.233
2430.000	35.233
2431.000	35.233
2432.000	35.233
2433.000	35.232
2434.000	35.232
2435.000	35.232
2436.000	35.232
2437.000	35.231
2438.000	35.231
2439.000	35.231
2440.000	35.231
2441.000	35.230
2442.000	35.230
2443.000	35.230
2444.000	35.230
2445.000	35.230
2446.000	35.229
2447.000	35.229
2448.000	35.229
2449.000	35.229
2450.000	35.228
2451.000	35.228
2452.000	35.228
2453.000	35.228
2454.000	35.228
2455.000	35.227
2456.000	35.227
2457.000	35.227
2458.000	35.227
2459.000	35.226
2460.000	35.226
2461.000	35.226
2462.000	35.226
2463.000	35.226
2464.000	35.225
2465.000	35.225
2466.000	35.225
2467.000	35.225
2468.000	35.224
2469.000	35.224
2470.000	35.224
2471.000	35.224
2472.000	35.224
2473.000	35.223
2474.000	35.223
2475.000	35.223
2476.000	35.223
2477.000	35.222
2478.000	35.222
2479.000	35.222
2480.000	35.222
2481.000	35.221
2482.000	35.221
2483.000	35.221
2484.000	35.221
2485.000	35.221
2486.000	35.220
2487.000	35.220
2488.000	35.220
2489.000	35.220
2490.000	35.219
2491.000	35.219
2492.000	35.219
2493.000	35.219
2494.000	35.219
2495.000	35.218
2496.000	35.218
2497.000	35.218
2498.000	35.218
2499.000	35.217
2500.000	35.217
2501.000	35.217
2502.000	35.217
2503.000	35.217
2504.000	35.216
2505.000	35.216
2506.000	35.216
2507.000	35.216
2508.000	35.215
2509.000	35.215
2510.000	35.215
2511.000	35.215
2512.000	35.214
2513.000	35.214
2514.000	35.214
2515.000	35.214
2516.000	35.214
2517.000	35.213
2518.000	35.213
2519.000	35.213
2520.000	35.213
2521.000	35.212
2522.000	35.212
2523.000	35.212
2524.000	35.212
2525.000	35.212
2526.000	35.211
2527.000	35.211
2528.000	35.211
2529.000	35.211
2530.000	35.210
2531.000	35.210
2532.000	35.210
2533.000	35.210
2534.000	35.210
2535.000	35.209
2536.000	35.209
2537.000	35.209
2538.000	35.209
2539.000	35.208
2540.000	35.208
2541.000	35.208
2542.000	35.208
2543.000	35.207
2544.000	35.207
2545.000	35.207
2546.000	35.207
2547.000	35.207
2548.000	35.206
2549.000	35.206
2550.000	35.206
2551.000	35.206
2552.000	35.205
2553.000	35.205
2554.000	35.205
2555.000	35.205
2556.000	35.205
2557.000	35.204
2558.000	35.204
2559.000	35.204
2560.000	35.204
2561.000	35.203
2562.000	35.203
2563.000	35.203
2564.000	35.203
2565.000	35.203
2566.000	35.202
2567.000	35.202
2568.000	35.202
2569.000	35.202
2570.000	35.201
2571.000	35.201
2572.000	35.201
2573.000	35.201
2574.000	35.201
2575.000	35.200
2576.000	35.200
2577.000	35.200
2578.000	35.200
2579.000	35.199
2580.000	35.199
2581.000	35.199
2582.000	35.199
2583.000	35.198
2584.000	35.198
2585.000	35.198
2586.000	35.198
2587.000	35.198
2588.000	35.197
2589.000	35.197
2590.000	35.197
2591.000	35.197
2592.000	35.196
2593.000	35.196
2594.000	35.196
2595.000	35.196
2596.000	35.196
2597.000	35.195
2598.000	35.195
2599.000	35.195
2600.000	35.195
2601.000	35.194
2602.000	35.194
2603.000	35.194
2604.000	35.194
2605.000	35.194
2606.000	35.193
2607.000	35.193
2608.000	35.193
2609.000	35.193
2610.000	35.192
2611.000	35.192
2612.000	35.192
2613.000	35.192
2614.000	35.191
2615.000	35.191
2616.000	35.191
2617.000	35.191
2618.000	35.191
2619.000	35.190
2620.000	35.190
2621.000	35.190
2622.000	35.190
2623.000	35.189
2624.000	35.189
2625.000	35.189
2626.000	35.189
2627.000	35.189
2628.000	35.188
2629.000	35.188
2630.000	35.188
2631.000	35.188
2632.000	35.187
2633.000	35.187
2634.000	35.187
2635.000	35.187
2636.000	35.187
2637.000	35.186
2638.000	35.186
2639.000	35.186
2640.000	35.186
2641.000	35.185
2642.000	35.185
2643.000	35.185
2644.000	35.185
2645.000	35.184
2646.000	35.184
2647.000	35.184
2648.000	35.184
2649.000	35.184
2650.000	35.183
2651.000	35.183
2652.000	35.183
2653.000	35.183
2654.000	35.182
2655.000	35.182
2656.000	35.182
2657.000	35.182
2658.000	35.182
2659.000	35.181
2660.000	35.181
2661.000	35.181
2662.000	35.181
2663.000	35.180
2664.000	35.180
2665.000	35.180
2666.000	35.180
2667.000	35.180
2668.000	35.179
2669.000	35.179
2670.000	35.179
2671.000	35.179
2672.000	35.178
2673.000	35.178
2674.000	35.178
2675.000	35.178
2676.000	35.178
2677.000	35.177
2678.000	35.177
2679.000	35.177
2680.000	35.177
2681.000	35.176
2682.000	35.176
2683.000	35.176
2684.000	35.176
2685.000	35.175
2686.000	35.175
2687.000	35.175
2688.000	35.175
2689.000	35.175
2690.000	35.174
2691.000	35.174
2692.000	35.174
2693.000	35.174
2694.000	35.173
2695.000	35.173
2696.000	35.173
2697.000	35.173
2698.000	35.173
2699.000	35.172
2700.000	35.172
2701.000	35.172
2702.000	35.172
2703.000	35.171
2704.000	35.171
2705.000	35.171
2706.000	35.171
2707.000	35.171
2708.000	35.170
2709.000	35.170
2710.000	35.170
2711.000	35.170
2712.000	35.169
2713.000	35.169
2714.000	35.169
2715.000	35.169
2716.000	35.168
2717.000	35.168
2718.000	35.168
2719.000	35.168
2720.000	35.168
2721.000	35.167
2722.000	35.167
2723.000	35.167
2724.000	35.167
2725.000	35.166
2726.000	35.166
2727.000	35.166
2728.000	35.166
2729.000	35.166
2730.000	35.165
2731.000	35.165
2732.000	35.165
2733.000	35.165
2734.000	35.164
2735.000	35.164
2736.000	35.164
2737.000	35.164
2738.000	35.164
2739.000	35.163
2740.000	35.163
2741.000	35.163
2742.000	35.163
2743.000	35.162
2744.000	35.162
2745.000	35.162
2746.000	35.162
2747.000	35.161
2748.000	35.161
2749.000	35.161
2750.000	35.161
2751.000	35.161
2752.000	35.160
2753.000	35.160
2754.000	35.160
2755.000	35.160
2756.000	35.159
2757.000	35.159
2758.000	35.159
2759.000	35.159
2760.000	35.159
2761.000	35.158
2762.000	35.158
2763.000	35.158
2764.000	35.158
2765.000	35.157
2766.000	35.157
2767.000	35.157
2768.000	35.157
2769.000	35.157
2770.000	35.156
2771.000	35.156
2772.000	35.156
2773.000	35.156
2774.000	35.155
2775.000	35.155
2776.000	35.155
2777.000	35.155
2778.000	35.155
2779.000	35.154
2780.000	35.154
2781.000	35.154
2782.000	35.154
2783.000	35.153
2784.000	35.153
2785.000	35.153
2786.000	35.153
2787.000	35.152
2788.000	35.152
2789.000	35.152
2790.000	35.152
2791.000	35.152
2792.000	35.151
2793.000	35.151
2794.000	35.151
2795.000	35.151
2796.000	35.150
2797.000	35.150
2798.000	35.150
2799.000	35.150
2800.000	35.149
2801.000	35.149
2802.000	35.149
2803.000	35.149
2804.000	35.148
2805.000	35.148
2806.000	35.148
2807.000	35.148
2808.000	35.147
2809.000	35.147
2810.000	35.147
2811.000	35.147
2812.000	35.146
2813.000	35.146
2814.000	35.146
2815.000	35.145
2816.000	35.145
2817.000	35.145
2818.000	35.145
2819.000	35.144
2820.000	35.144
2821.000	35.144
2822.000	35.144
2823.000	35.143
2824.000	35.143
2825.000	35.143
2826.000	35.142
2827.000	35.142
2828.000	35.142
2829.000	35.142
2830.000	35.141
2831.000	35.141
2832.000	35.141
2833.000	35.140
2834.000	35.140
2835.000	35.140
2836.000	35.140
2837.000	35.139
2838.000	35.139
2839.000	35.139
2840.000	35.138
2841.000	35.138
2842.000	35.138
2843.000	35.138
2844.000	35.137
2845.000	35.137
2846.000	35.137
2847.000	35.137
2848.000	35.136
2849.000	35.136
2850.000	35.136
2851.000	35.135
2852.000	35.135
2853.000	35.135
2854.000	35.135
2855.000	35.134
2856.000	35.134
2857.000	35.134
2858.000	35.133
2859.000	35.133
2860.000	35.133
2861.000	35.133
2862.000	35.132
2863.000	35.132
2864.000	35.132
2865.000	35.132
2866.000	35.131
2867.000	35.131
2868.000	35.131
2869.000	35.130
2870.000	35.130
2871.000	35.130
2872.000	35.130
2873.000	35.129
2874.000	35.129
2875.000	35.129
2876.000	35.128
2877.000	35.128
2878.000	35.128
2879.000	35.128
2880.000	35.127
2881.000	35.127
2882.000	35.127
2883.000	35.126
2884.000	35.126
2885.000	35.126
2886.000	35.126
2887.000	35.125
2888.000	35.125
2889.000	35.125
2890.000	35.125
2891.000	35.124
2892.000	35.124
2893.000	35.124
2894.000	35.123
2895.000	35.123
2896.000	35.123
2897.000	35.123
2898.000	35.122
2899.000	35.122
2900.000	35.122
2901.000	35.121
2902.000	35.121
2903.000	35.121
2904.000	35.121
2905.000	35.120
2906.000	35.120
2907.000	35.120
2908.000	35.120
2909.000	35.119
2910.000	35.119
2911.000	35.119
2912.000	35.118
2913.000	35.118
2914.000	35.118
2915.000	35.118
2916.000	35.117
2917.000	35.117
2918.000	35.117
2919.000	35.116
2920.000	35.116
2921.000	35.116
2922.000	35.116
2923.000	35.115
2924.000	35.115
2925.000	35.115
2926.000	35.115
2927.000	35.114
2928.000	35.114
2929.000	35.114
2930.000	35.113
2931.000	35.113
2932.000	35.113
2933.000	35.113
2934.000	35.112
2935.000	35.112
2936.000	35.112
2937.000	35.111
2938.000	35.111
2939.000	35.111
2940.000	35.111
2941.000	35.110
2942.000	35.110
2943.000	35.110
2944.000	35.110
2945.000	35.109
2946.000	35.109
2947.000	35.109
2948.000	35.108
2949.000	35.108
2950.000	35.108
2951.000	35.108
2952.000	35.107
2953.000	35.107
2954.000	35.107
2955.000	35.106
2956.000	35.106
2957.000	35.106
2958.000	35.106
2959.000	35.105
2960.000	35.105
2961.000	35.105
2962.000	35.104
2963.000	35.104
2964.000	35.104
2965.000	35.104
2966.000	35.103
2967.000	35.103
2968.000	35.103
2969.000	35.103
2970.000	35.102
2971.000	35.102
2972.000	35.102
2973.000	35.101
2974.000	35.101
2975.000	35.101
2976.000	35.101
2977.000	35.100
2978.000	35.100
2979.000	35.100
2980.000	35.100
2981.000	35.099
2982.000	35.099
2983.000	35.099
2984.000	35.098
2985.000	35.098
2986.000	35.098
2987.000	35.098
2988.000	35.097
2989.000	35.097
2990.000	35.097
2991.000	35.096
2992.000	35.096
2993.000	35.096
2994.000	35.096
2995.000	35.095
2996.000	35.095
2997.000	35.095
2998.000	35.095
2999.000	35.094
3000.000	35.094
3001.000	35.094
3002.000	35.093
3003.000	35.093
3004.000	35.093
3005.000	35.093
3006.000	35.092
3007.000	35.092
3008.000	35.092
3009.000	35.092
3010.000	35.091
3011.000	35.091
3012.000	35.091
3013.000	35.090
3014.000	35.090
3015.000	35.090
3016.000	35.090
3017.000	35.089
3018.000	35.089
3019.000	35.089
3020.000	35.088
3021.000	35.088
3022.000	35.088
3023.000	35.088
3024.000	35.087
3025.000	35.087
3026.000	35.087
3027.000	35.087
3028.000	35.086
3029.000	35.086
3030.000	35.086
3031.000	35.085
3032.000	35.085
3033.000	35.085
3034.000	35.085
3035.000	35.084
3036.000	35.084
3037.000	35.084
3038.000	35.083
3039.000	35.083
3040.000	35.083
3041.000	35.083
3042.000	35.082
3043.000	35.082
3044.000	35.082
3045.000	35.082
3046.000	35.081
3047.000	35.081
3048.000	35.081
3049.000	35.080
3050.000	35.080
3051.000	35.080
3052.000	35.080
3053.000	35.079
3054.000	35.079
3055.000	35.079
3056.000	35.079
3057.000	35.078
3058.000	35.078
3059.000	35.078
3060.000	35.077
3061.000	35.077
3062.000	35.077
3063.000	35.077
3064.000	35.076
3065.000	35.076
3066.000	35.076
3067.000	35.076
3068.000	35.075
3069.000	35.075
3070.000	35.075
3071.000	35.074
3072.000	35.074
3073.000	35.074
3074.000	35.074
3075.000	35.073
3076.000	35.073
3077.000	35.073
3078.000	35.072
3079.000	35.072
3080.000	35.072
3081.000	35.072
3082.000	35.071
3083.000	35.071
3084.000	35.071
3085.000	35.071
3086.000	35.070
3087.000	35.070
3088.000	35.070
3089.000	35.069
3090.000	35.069
3091.000	35.069
3092.000	35.069
3093.000	35.068
3094.000	35.068
3095.000	35.068
3096.000	35.068
3097.000	35.067
3098.000	35.067
3099.000	35.067
3100.000	35.066
3101.000	35.066
3102.000	35.066
3103.000	35.066
3104.000	35.065
3105.000	35.065
3106.000	35.065
3107.000	35.064
3108.000	35.064
3109.000	35.064
3110.000	35.064
3111.000	35.063
3112.000	35.063
3113.000	35.063
3114.000	35.063
3115.000	35.062
3116.000	35.062
3117.000	35.062
3118.000	35.061
3119.000	35.061
3120.000	35.061
3121.000	35.061
3122.000	35.060
3123.000	35.060
3124.000	35.060
3125.000	35.060
3126.000	35.059
3127.000	35.059
3128.000	35.059
3129.000	35.058
3130.000	35.058
3131.000	35.058
3132.000	35.058
3133.000	35.057
3134.000	35.057
3135.000	35.057
3136.000	35.057
3137.000	35.056
3138.000	35.056
3139.000	35.056
3140.000	35.055
3141.000	35.055
3142.000	35.055
3143.000	35.055
3144.000	35.054
3145.000	35.054
3146.000	35.054
3147.000	35.054
3148.000	35.053
3149.000	35.053
3150.000	35.053
3151.000	35.052
3152.000	35.052
3153.000	35.052
3154.000	35.052
3155.000	35.051
3156.000	35.051
3157.000	35.051
3158.000	35.051
3159.000	35.050
3160.000	35.050
3161.000	35.050
3162.000	35.049
3163.000	35.049
3164.000	35.049
3165.000	35.049
3166.000	35.048
3167.000	35.048
3168.000	35.048
3169.000	35.047
3170.000	35.047
3171.000	35.047
3172.000	35.047
3173.000	35.046
3174.000	35.046
3175.000	35.046
3176.000	35.046
3177.000	35.045
3178.000	35.045
3179.000	35.045
3180.000	35.044
3181.000	35.044
3182.000	35.044
3183.000	35.044
3184.000	35.043
3185.000	35.043
3186.000	35.043
3187.000	35.043
3188.000	35.042
3189.000	35.042
3190.000	35.042
3191.000	35.041
3192.000	35.041
3193.000	35.041
3194.000	35.041
3195.000	35.040
3196.000	35.040
3197.000	35.040
3198.000	35.040
3199.000	35.039
3200.000	35.039
3201.000	35.039
3202.000	35.038
3203.000	35.038
3204.000	35.038
3205.000	35.038
3206.000	35.037
3207.000	35.037
3208.000	35.037
3209.000	35.037
3210.000	35.036
3211.000	35.036
3212.000	35.036
3213.000	35.035
3214.000	35.035
3215.000	35.035
3216.000	35.035
3217.000	35.034
3218.000	35.034
3219.000	35.034
3220.000	35.034
3221.000	35.033
3222.000	35.033
3223.000	35.033
3224.000	35.032
3225.000	35.032
3226.000	35.032
3227.000	35.032
3228.000	35.031
3229.000	35.031
3230.000	35.031
3231.000	35.031
3232.000	35.030
3233.000	35.030
3234.000	35.030
3235.000	35.029
3236.000	35.029
3237.000	35.029
3238.000	35.029
3239.000	35.028
3240.000	35.028
3241.000	35.028
3242.000	35.028
3243.000	35.027
3244.000	35.027
3245.000	35.027
3246.000	35.026
3247.000	35.026
3248.000	35.026
3249.000	35.026
3250.000	35.025
3251.000	35.025
3252.000	35.025
3253.000	35.025
3254.000	35.024
3255.000	35.024
3256.000	35.024
3257.000	35.023
3258.000	35.023
3259.000	35.023
3260.000	35.023
3261.000	35.022
3262.000	35.022
3263.000	35.022
3264.000	35.022
3265.000	35.021
3266.000	35.021
3267.000	35.021
3268.000	35.020
3269.000	35.020
3270.000	35.020
3271.000	35.020
3272.000	35.019
3273.000	35.019
3274.000	35.019
3275.000	35.019
3276.000	35.018
3277.000	35.018
3278.000	35.018
3279.000	35.017
3280.000	35.017
3281.000	35.017
3282.000	35.017
3283.000	35.016
3284.000	35.016
3285.000	35.016
3286.000	35.016
3287.000	35.015
3288.000	35.015
3289.000	35.015
3290.000	35.014
3291.000	35.014
3292.000	35.014
3293.000	35.014
3294.000	35.013
3295.000	35.013
3296.000	35.013
3297.000	35.013
3298.000	35.012
3299.000	35.012
3300.000	35.012
3301.000	35.011
3302.000	35.011
3303.000	35.011
3304.000	35.011
3305.000	35.010
3306.000	35.010
3307.000	35.010
3308.000	35.010
3309.000	35.009
3310.000	35.009
3311.000	35.009
3312.000	35.008
3313.000	35.008
3314.000	35.008
3315.000	35.008
3316.000	35.007
3317.000	35.007
3318.000	35.007
3319.000	35.007
3320.000	35.006
3321.000	35.006
3322.000	35.006
3323.000	35.005
3324.000	35.005
3325.000	35.005
3326.000	35.005
3327.000	35.004
3328.000	35.004
3329.000	35.004
3330.000	35.004
3331.000	35.003
3332.000	35.003
3333.000	35.003
3334.000	35.002
3335.000	35.002
3336.000	35.002
3337.000	35.002
3338.000	35.001
3339.000	35.001
3340.000	35.001
3341.000	35.001
3342.000	35.000
3343.000	35.000
3344.000	35.000
3345.000	35.000
3346.000	34.999
3347.000	34.999
3348.000	34.999
3349.000	34.998
3350.000	34.998
3351.000	34.998
3352.000	34.998
3353.000	34.997
3354.000	34.997
3355.000	34.997
3356.000	34.997
3357.000	34.996
3358.000	34.996
3359.000	34.996
3360.000	34.995
3361.000	34.995
3362.000	34.995
3363.000	34.995
3364.000	34.994
3365.000	34.994
3366.000	34.994
3367.000	34.994
3368.000	34.993
3369.000	34.993
3370.000	34.993
3371.000	34.992
3372.000	34.992
3373.000	34.992
3374.000	34.992
3375.000	34.991
3376.000	34.991
3377.000	34.991
3378.000	34.991
3379.000	34.990
3380.000	34.990
3381.000	34.990
3382.000	34.990
3383.000	34.989
3384.000	34.989
3385.000	34.989
3386.000	34.989
3387.000	34.988
3388.000	34.988
3389.000	34.988
3390.000	34.988
3391.000	34.987
3392.000	34.987
3393.000	34.987
3394.000	34.987
3395.000	34.986
3396.000	34.986
3397.000	34.986
3398.000	34.986
3399.000	34.985
3400.000	34.985
3401.000	34.985
3402.000	34.985
3403.000	34.984
3404.000	34.984
3405.000	34.984
3406.000	34.984
3407.000	34.984
3408.000	34.983
3409.000	34.983
3410.000	34.983
3411.000	34.983
3412.000	34.982
3413.000	34.982
3414.000	34.982
3415.000	34.982
3416.000	34.982
3417.000	34.981
3418.000	34.981
3419.000	34.981
3420.000	34.981
3421.000	34.980
3422.000	34.980
3423.000	34.980
3424.000	34.980
3425.000	34.980
3426.000	34.979
3427.000	34.979
3428.000	34.979
3429.000	34.979
3430.000	34.978
3431.000	34.978
3432.000	34.978
3433.000	34.978
3434.000	34.978
3435.000	34.977
3436.000	34.977
3437.000	34.977
3438.000	34.977
3439.000	34.976
3440.000	34.976
3441.000	34.976
3442.000	34.976
3443.000	34.975
3444.000	34.975
3445.000	34.975
3446.000	34.975
3447.000	34.975
3448.000	34.974
3449.000	34.974
3450.000	34.974
3451.000	34.974
3452.000	34.973
3453.000	34.973
3454.000	34.973
3455.000	34.973
3456.000	34.972
3457.000	34.972
3458.000	34.972
3459.000	34.972
3460.000	34.971
3461.000	34.971
3462.000	34.971
3463.000	34.971
3464.000	34.970
3465.000	34.970
3466.000	34.970
3467.000	34.970
3468.000	34.970
3469.000	34.969
3470.000	34.969
3471.000	34.969
3472.000	34.969
3473.000	34.968
3474.000	34.968
3475.000	34.968
3476.000	34.967
3477.000	34.967
3478.000	34.967
3479.000	34.967
3480.000	34.966
3481.000	34.966
3482.000	34.966
3483.000	34.965
3484.000	34.965
3485.000	34.965
3486.000	34.965
3487.000	34.964
3488.000	34.964
3489.000	34.964
3490.000	34.963
3491.000	34.963
3492.000	34.963
3493.000	34.963
3494.000	34.962
3495.000	34.962
3496.000	34.962
3497.000	34.961
3498.000	34.961
3499.000	34.961
3500.000	34.960
3501.000	34.960
3502.000	34.960
3503.000	34.959
3504.000	34.959
3505.000	34.959
3506.000	34.958
3507.000	34.958
3508.000	34.957
3509.000	34.957
3510.000	34.957
3511.000	34.956
3512.000	34.956
3513.000	34.956
3514.000	34.955
3515.000	34.955
3516.000	34.954
3517.000	34.954
3518.000	34.954
3519.000	34.953
3520.000	34.953
3521.000	34.952
3522.000	34.952
3523.000	34.951
3524.000	34.951
3525.000	34.950
3526.000	34.950
3527.000	34.949
3528.000	34.949
3529.000	34.948
3530.000	34.948
3531.000	34.947
3532.000	34.947
3533.000	34.946
3534.000	34.946
3535.000	34.945
3536.000	34.945
3537.000	34.944
3538.000	34.943
3539.000	34.943
3540.000	34.942
3541.000	34.942
3542.000	34.941
3543.000	34.941
3544.000	34.940
3545.000	34.940
3546.000	34.939
3547.000	34.939
3548.000	34.938
3549.000	34.938
3550.000	34.937
3551.000	34.936
3552.000	34.936
3553.000	34.935
3554.000	34.935
3555.000	34.934
3556.000	34.934
3557.000	34.933
3558.000	34.933
3559.000	34.932
3560.000	34.932
3561.000	34.931
3562.000	34.931
3563.000	34.930
3564.000	34.929
3565.000	34.929
3566.000	34.929
3567.000	34.928
3568.000	34.927
3569.000	34.927
3570.000	34.926
3571.000	34.926
3572.000	34.925
3573.000	34.925
3574.000	34.924
3575.000	34.924
3576.000	34.923
3577.000	34.923
3578.000	34.922
3579.000	34.922
3580.000	34.921
3581.000	34.920
3582.000	34.920
3583.000	34.919
3584.000	34.919
3585.000	34.918
3586.000	34.918
3587.000	34.917
3588.000	34.917
3589.000	34.916
3590.000	34.916
3591.000	34.915
3592.000	34.915
3593.000	34.914
3594.000	34.913
3595.000	34.913
3596.000	34.912
3597.000	34.912
3598.000	34.912
3599.000	34.911
3600.000	34.910
3601.000	34.910
3602.000	34.909
3603.000	34.909
3604.000	34.908
3605.000	34.908
3606.000	34.907
3607.000	34.907
3608.000	34.906
3609.000	34.905
3610.000	34.905
3611.000	34.905
3612.000	34.904
3613.000	34.903
3614.000	34.903
3615.000	34.902
3616.000	34.902
3617.000	34.901
3618.000	34.901
3619.000	34.900
3620.000	34.900
3621.000	34.899
3622.000	34.899
3623.000	34.898
3624.000	34.898
3625.000	34.897
3626.000	34.897
3627.000	34.896
3628.000	34.895
3629.000	34.895
3630.000	34.894
3631.000	34.894
3632.000	34.894
3633.000	34.893
3634.000	34.892
3635.000	34.892
3636.000	34.891
3637.000	34.891
3638.000	34.890
3639.000	34.890
3640.000	34.889
3641.000	34.888
3642.000	34.888
3643.000	34.888
3644.000	34.887
3645.000	34.887
3646.000	34.886
3647.000	34.885
3648.000	34.885
3649.000	34.884
3650.000	34.884
3651.000	34.883
3652.000	34.883
3653.000	34.882
3654.000	34.882
3655.000	34.881
3656.000	34.881
3657.000	34.880
3658.000	34.880
3659.000	34.879
3660.000	34.879
3661.000	34.878
3662.000	34.877
3663.000	34.877
3664.000	34.876
3665.000	34.876
3666.000	34.876
3667.000	34.875
3668.000	34.874
3669.000	34.874
3670.000	34.873
3671.000	34.873
3672.000	34.872
3673.000	34.872
3674.000	34.871
3675.000	34.871
3676.000	34.870
3677.000	34.870
3678.000	34.869
3679.000	34.869
3680.000	34.868
3681.000	34.868
3682.000	34.867
3683.000	34.866
3684.000	34.866
3685.000	34.865
3686.000	34.865
3687.000	34.864
3688.000	34.864
3689.000	34.863
3690.000	34.863
3691.000	34.862
3692.000	34.862
3693.000	34.861
3694.000	34.861
3695.000	34.860
3696.000	34.859
3697.000	34.859
3698.000	34.858
3699.000	34.858
3700.000	34.857
3701.000	34.857
3702.000	34.856
3703.000	34.856
3704.000	34.855
3705.000	34.854
3706.000	34.854
3707.000	34.853
3708.000	34.853
3709.000	34.852
3710.000	34.852
3711.000	34.851
3712.000	34.851
3713.000	34.850
3714.000	34.849
3715.000	34.849
3716.000	34.848
3717.000	34.848
3718.000	34.847
3719.000	34.847
3720.000	34.846
3721.000	34.846
3722.000	34.845
3723.000	34.845
3724.000	34.844
3725.000	34.843
3726.000	34.843
3727.000	34.842
3728.000	34.842
3729.000	34.841
3730.000	34.840
3731.000	34.840
3732.000	34.840
3733.000	34.839
3734.000	34.838
3735.000	34.838
3736.000	34.837
3737.000	34.837
3738.000	34.836
3739.000	34.835
3740.000	34.835
3741.000	34.834
3742.000	34.834
3743.000	34.833
3744.000	34.833
3745.000	34.833
3746.000	34.832
3747.000	34.832
3748.000	34.832
3749.000	34.832
3750.000	34.831
3751.000	34.831
3752.000	34.831
3753.000	34.831
3754.000	34.830
3755.000	34.830
3756.000	34.830
3757.000	34.830
3758.000	34.830
3759.000	34.829
3760.000	34.829
3761.000	34.829
3762.000	34.829
3763.000	34.828
3764.000	34.828
3765.000	34.828
3766.000	34.828
3767.000	34.828
3768.000	34.827
3769.000	34.827
3770.000	34.827
3771.000	34.827
3772.000	34.826
3773.000	34.826
3774.000	34.826
3775.000	34.826
3776.000	34.813
3777.000	34.812
3778.000	34.812
3779.000	34.812
3780.000	34.812
3781.000	34.811
3782.000	34.811
3783.000	34.811
3784.000	34.811
3785.000	34.810
3786.000	34.810
3787.000	34.810
3788.000	34.810
3789.000	34.810
3790.000	34.809
3791.000	34.809
3792.000	34.809
3793.000	34.809
3794.000	34.808
3795.000	34.801
3796.000	34.801
3797.000	34.801
3798.000	34.784
3799.000	34.783
3800.000	34.783
3801.000	34.783
3802.000	34.783
3803.000	34.783
3804.000	34.782
3805.000	34.782
3806.000	34.773
3807.000	34.773
3808.000	34.773
3809.000	34.773
3810.000	34.772
3811.000	34.772
3812.000	34.772
3813.000	34.772
3814.000	34.772
3815.000	34.771
3816.000	34.771
3817.000	34.771
3818.000	34.771
3819.000	34.770
3820.000	34.770
3821.000	34.749
3822.000	34.749
3823.000	34.748
3824.000	34.748
3825.000	34.748
3826.000	34.748
3827.000	34.741
3828.000	34.741
3829.000	34.715
3830.000	34.715
3831.000	34.715
3832.000	34.715
3833.000	34.715
3834.000	34.714
3835.000	34.714
3836.000	34.698
3837.000	34.698
3838.000	34.697
3839.000	34.697
3840.000	34.697
3841.000	34.697
3842.000	34.696
3843.000	34.696
3844.000	34.696
3845.000	34.696
3846.000	34.696
3847.000	34.695
3848.000	34.695
3849.000	34.695
3850.000	34.667
3851.000	34.623
3852.000	34.623
3853.000	34.623
3854.000	34.616
3855.000	34.615
3856.000	34.602
3857.000	34.589
3858.000	34.588
3859.000	34.580
3860.000	34.579
3861.000	34.579
3862.000	34.579
3863.000	34.579
3864.000	34.578
3865.000	34.578
3866.000	34.578
3867.000	34.578
3868.000	34.578
3869.000	34.577
3870.000	34.577
3871.000	34.577
3872.000	34.577
3873.000	34.576
3874.000	34.576
3875.000	34.576
3876.000	34.576
3877.000	34.575
3878.000	34.575
3879.000	34.575
3880.000	34.575
3881.000	34.575
3882.000	34.574
3883.000	34.574
3884.000	34.574
3885.000	34.574
3886.000	34.573
3887.000	34.573
3888.000	34.573
3889.000	34.573
3890.000	34.573
3891.000	34.572
3892.000	34.572
3893.000	34.572
3894.000	34.572
3895.000	34.571
3896.000	34.571
3897.000	34.571
3898.000	34.571
3899.000	34.571
3900.000	34.570
3901.000	34.570
3902.000	34.570
3903.000	34.570
3904.000	34.569
3905.000	34.569
3906.000	34.569
3907.000	34.569
3908.000	34.569
3909.000	34.568
3910.000	34.568
3911.000	34.568
3912.000	34.568
3913.000	34.567
3914.000	34.567
3915.000	34.567
3916.000	34.567
3917.000	34.566
3918.000	34.566
3919.000	34.566
3920.000	34.566
3921.000	34.566
3922.000	34.565
3923.000	34.565
3924.000	34.565
3925.000	34.565
3926.000	34.564
3927.000	34.564
3928.000	34.564
3929.000	34.564
3930.000	34.564
3931.000	34.563
3932.000	34.563
3933.000	34.563
3934.000	34.563
3935.000	34.562
3936.000	34.562
3937.000	34.562
3938.000	34.562
3939.000	34.562
3940.000	34.561
3941.000	34.561
3942.000	34.561
3943.000	34.561
3944.000	34.560
3945.000	34.560
3946.000	34.560
3947.000	34.560
3948.000	34.559
3949.000	34.559
3950.000	34.559
3951.000	34.559
3952.000	34.559
3953.000	34.558
3954.000	34.558
3955.000	34.558
3956.000	34.558
3957.000	34.557
3958.000	34.557
3959.000	34.557
3960.000	34.557
3961.000	34.557
3962.000	34.556
3963.000	34.556
3964.000	34.556
3965.000	34.556
3966.000	34.555
3967.000	34.555
3968.000	34.555
3969.000	34.555
3970.000	34.555
3971.000	34.554
3972.000	34.554
3973.000	34.554
3974.000	34.554
3975.000	34.553
3976.000	34.553
3977.000	34.553
3978.000	34.553
3979.000	34.552
3980.000	34.552
3981.000	34.552
3982.000	34.552
3983.000	34.552
3984.000	34.551
3985.000	34.551
3986.000	34.551
3987.000	34.551
3988.000	34.550
3989.000	34.550
3990.000	34.550
3991.000	34.550
3992.000	34.550
3993.000	34.549
3994.000	34.549
3995.000	34.549
3996.000	34.549
3997.000	34.548
3998.000	34.548
3999.000	34.548
4000.000	34.548
4001.000	34.548
4002.000	34.547
4003.000	34.547
4004.000	34.547
4005.000	34.547
4006.000	34.546
4007.000	34.546
4008.000	34.546
4009.000	34.546
4010.000	34.546
4011.000	34.545
4012.000	34.545
4013.000	34.545
4014.000	34.545
4015.000	34.544
4016.000	34.544
4017.000	34.544
4018.000	34.544
4019.000	34.543
4020.000	34.543
4021.000	34.543
4022.000	34.543
4023.000	34.543
4024.000	34.542
4025.000	34.542
4026.000	34.542
4027.000	34.542
4028.000	34.541
4029.000	34.541
4030.000	34.541
4031.000	34.541
4032.000	34.541
4033.000	34.540
4034.000	34.539
4035.000	34.539
4036.000	34.539
4037.000	34.514
4038.000	34.514
4039.000	34.514
4040.000	34.514
4041.000	34.513
4042.000	34.513
4043.000	34.513
4044.000	34.513
4045.000	34.512
4046.000	34.512
4047.000	34.512
4048.000	34.512
4049.000	34.511
4050.000	34.511
4051.000	34.511
4052.000	34.511
4053.000	34.511
4054.000	34.510
4055.000	34.510
4056.000	34.510
4057.000	34.509
4058.000	34.509
4059.000	34.508
4060.000	34.508
4061.000	34.508
4062.000	34.508
4063.000	34.507
4064.000	34.507
4065.000	34.507
4066.000	34.507
4067.000	34.507
4068.000	34.506
4069.000	34.506
4070.000	34.506
4071.000	34.506
4072.000	34.498
4073.000	34.498
4074.000	34.498
4075.000	34.498
4076.000	34.497
4077.000	34.497
4078.000	34.497
4079.000	34.497
4080.000	34.497
4081.000	34.496
4082.000	34.496
4083.000	34.496
4084.000	34.496
4085.000	34.495
4086.000	34.495
4087.000	34.495
4088.000	34.495
4089.000	34.495
4090.000	34.494
4091.000	34.494
4092.000	34.494
4093.000	34.486
4094.000	34.485
4095.000	0.000
