0.000	17.568
1.000	17.568
2.000	17.467
3.000	17.467
4.000	17.467
5.000	17.467
6.000	17.467
7.000	17.467
8.000	17.467
9.000	17.467
10.000	17.467
11.000	17.467
12.000	17.467
13.000	17.467
14.000	17.467
15.000	17.467
16.000	17.467
17.000	17.462
18.000	17.462
19.000	17.458
20.000	17.457
21.000	17.455
22.000	17.454
23.000	17.453
24.000	17.451
25.000	17.449
26.000	17.447
27.000	17.445
28.000	17.443
29.000	17.440
30.000	17.438
31.000	17.437
32.000	17.435
33.000	17.433
34.000	17.431
35.000	17.429
36.000	17.427
37.000	17.425
38.000	17.423
39.000	17.421
40.000	17.403
41.000	17.402
42.000	17.400
43.000	17.398
44.000	17.396
45.000	17.395
46.000	17.393
47.000	17.392
48.000	17.390
49.000	17.388
50.000	17.387
51.000	17.387
52.000	17.385
53.000	17.383
54.000	17.382
55.000	17.380
56.000	17.379
57.000	17.377
58.000	17.375
59.000	17.374
60.000	17.373
61.000	17.372
62.000	17.372
63.000	17.371
64.000	17.369
65.000	17.368
66.000	17.366
67.000	17.365
68.000	17.363
69.000	17.362
70.000	17.360
71.000	17.358
72.000	17.355
73.000	17.355
74.000	17.353
75.000	17.351
76.000	17.349
77.000	17.345
78.000	17.342
79.000	17.339
80.000	17.336
81.000	17.332
82.000	17.329
83.000	17.325
84.000	17.325
85.000	17.321
86.000	17.317
87.000	17.313
88.000	17.310
89.000	17.306
90.000	17.302
91.000	17.298
92.000	17.293
93.000	17.290
94.000	17.286
95.000	17.282
96.000	17.282
97.000	17.277
98.000	17.272
99.000	17.267
100.000	17.262
101.000	17.257
102.000	17.251
103.000	17.246
104.000	17.240
105.000	17.234
106.000	17.226
107.000	17.226
108.000	17.219
109.000	17.212
110.000	17.204
111.000	17.197
112.000	17.190
113.000	17.182
114.000	17.175
115.000	17.166
116.000	17.157
117.000	17.148
118.000	17.148
119.000	17.138
120.000	17.129
121.000	17.120
122.000	17.110
123.000	17.099
124.000	17.088
125.000	17.077
126.000	17.066
127.000	17.054
128.000	17.041
129.000	17.027
130.000	17.014
131.000	17.001
132.000	16.987
133.000	16.973
134.000	16.958
135.000	16.943
136.000	16.926
137.000	16.910
138.000	16.893
139.000	16.876
140.000	16.870
141.000	16.853
142.000	16.836
143.000	16.819
144.000	16.802
145.000	16.782
146.000	16.763
147.000	16.743
148.000	16.724
149.000	16.704
150.000	16.682
151.000	16.662
152.000	16.641
153.000	16.619
154.000	16.595
155.000	16.571
156.000	16.547
157.000	16.523
158.000	16.500
159.000	16.476
160.000	16.451
161.000	16.425
162.000	16.400
163.000	16.400
164.000	16.375
165.000	16.350
166.000	16.323
167.000	16.295
168.000	16.264
169.000	16.233
170.000	16.203
171.000	16.173
172.000	16.143
173.000	16.114
174.000	16.100
175.000	16.070
176.000	16.039
177.000	16.008
178.000	15.976
179.000	15.945
180.000	15.914
181.000	15.883
182.000	15.852
183.000	15.821
184.000	15.790
185.000	15.790
186.000	15.759
187.000	15.729
188.000	15.698
189.000	15.668
190.000	15.637
191.000	15.606
192.000	15.575
193.000	15.545
194.000	15.514
195.000	15.484
196.000	15.484
197.000	15.453
198.000	15.423
199.000	15.392
200.000	15.362
201.000	15.332
202.000	15.301
203.000	15.270
204.000	15.239
205.000	15.208
206.000	15.178
207.000	15.161
208.000	15.131
209.000	15.101
210.000	15.070
211.000	15.040
212.000	15.010
213.000	14.981
214.000	14.951
215.000	14.922
216.000	14.894
217.000	14.866
218.000	14.824
219.000	14.796
220.000	14.767
221.000	14.738
222.000	14.709
223.000	14.680
224.000	14.653
225.000	14.626
226.000	14.599
227.000	14.571
228.000	14.543
229.000	14.514
230.000	14.498
231.000	14.468
232.000	14.441
233.000	14.413
234.000	14.389
235.000	14.363
236.000	14.338
237.000	14.312
238.000	14.286
239.000	14.259
240.000	14.233
241.000	14.233
242.000	14.206
243.000	14.181
244.000	14.155
245.000	14.128
246.000	14.102
247.000	14.077
248.000	14.050
249.000	14.023
250.000	13.997
251.000	13.971
252.000	13.971
253.000	13.945
254.000	13.919
255.000	13.893
256.000	13.867
257.000	13.842
258.000	13.815
259.000	13.788
260.000	13.763
261.000	13.738
262.000	13.712
263.000	13.679
264.000	13.654
265.000	13.629
266.000	13.605
267.000	13.582
268.000	13.556
269.000	13.531
270.000	13.506
271.000	13.479
272.000	13.452
273.000	13.425
274.000	13.425
275.000	13.398
276.000	13.372
277.000	13.345
278.000	13.317
279.000	13.290
280.000	13.262
281.000	13.235
282.000	13.207
283.000	13.180
284.000	13.152
285.000	13.111
286.000	13.083
287.000	13.055
288.000	13.027
289.000	12.999
290.000	12.971
291.000	12.942
292.000	12.914
293.000	12.886
294.000	12.857
295.000	12.828
296.000	12.828
297.000	12.800
298.000	12.772
299.000	12.743
300.000	12.714
301.000	12.685
302.000	12.655
303.000	12.626
304.000	12.597
305.000	12.568
306.000	12.539
307.000	12.510
308.000	12.507
309.000	12.479
310.000	12.450
311.000	12.421
312.000	12.391
313.000	12.362
314.000	12.333
315.000	12.303
316.000	12.275
317.000	12.245
318.000	12.216
319.000	12.192
320.000	12.163
321.000	12.134
322.000	12.105
323.000	12.075
324.000	12.044
325.000	12.015
326.000	11.986
327.000	11.957
328.000	11.927
329.000	11.898
330.000	11.825
331.000	11.796
332.000	11.767
333.000	11.737
334.000	11.708
335.000	11.678
336.000	11.648
337.000	11.618
338.000	11.587
339.000	11.556
340.000	11.525
341.000	11.511
342.000	11.481
343.000	11.452
344.000	11.423
345.000	11.392
346.000	11.362
347.000	11.332
348.000	11.301
349.000	11.269
350.000	11.237
351.000	11.205
352.000	11.186
353.000	11.154
354.000	11.123
355.000	11.093
356.000	11.063
357.000	11.035
358.000	11.007
359.000	10.979
360.000	10.951
361.000	10.924
362.000	10.897
363.000	10.890
364.000	10.863
365.000	10.836
366.000	10.810
367.000	10.785
368.000	10.759
369.000	10.733
370.000	10.708
371.000	10.684
372.000	10.659
373.000	10.635
374.000	10.612
375.000	10.603
376.000	10.580
377.000	10.557
378.000	10.533
379.000	10.510
380.000	10.487
381.000	10.465
382.000	10.443
383.000	10.421
384.000	10.398
385.000	10.376
386.000	10.372
387.000	10.350
388.000	10.327
389.000	10.305
390.000	10.283
391.000	10.262
392.000	10.241
393.000	10.220
394.000	10.199
395.000	10.178
396.000	10.156
397.000	10.153
398.000	10.132
399.000	10.111
400.000	10.090
401.000	10.069
402.000	10.048
403.000	10.027
404.000	10.007
405.000	9.987
406.000	9.967
407.000	9.948
408.000	9.944
409.000	9.925
410.000	9.905
411.000	9.885
412.000	9.865
413.000	9.846
414.000	9.827
415.000	9.808
416.000	9.789
417.000	9.771
418.000	9.752
419.000	9.752
420.000	9.734
421.000	9.717
422.000	9.699
423.000	9.682
424.000	9.665
425.000	9.647
426.000	9.630
427.000	9.613
428.000	9.597
429.000	9.580
430.000	9.578
431.000	9.561
432.000	9.545
433.000	9.529
434.000	9.513
435.000	9.497
436.000	9.481
437.000	9.466
438.000	9.451
439.000	9.436
440.000	9.420
441.000	9.405
442.000	9.351
443.000	9.336
444.000	9.321
445.000	9.306
446.000	9.292
447.000	9.277
448.000	9.263
449.000	9.249
450.000	9.235
451.000	9.222
452.000	9.208
453.000	9.193
454.000	9.180
455.000	9.167
456.000	9.153
457.000	9.140
458.000	9.127
459.000	9.114
460.000	9.100
461.000	9.087
462.000	9.073
463.000	9.059
464.000	9.051
465.000	9.037
466.000	9.023
467.000	9.010
468.000	8.996
469.000	8.982
470.000	8.968
471.000	8.954
472.000	8.940
473.000	8.926
474.000	8.912
475.000	8.855
476.000	8.841
477.000	8.827
478.000	8.813
479.000	8.799
480.000	8.785
481.000	8.770
482.000	8.756
483.000	8.741
484.000	8.726
485.000	8.712
486.000	8.693
487.000	8.679
488.000	8.665
489.000	8.650
490.000	8.636
491.000	8.621
492.000	8.607
493.000	8.593
494.000	8.580
495.000	8.567
496.000	8.554
497.000	8.552
498.000	8.538
499.000	8.525
500.000	8.511
501.000	8.498
502.000	8.485
503.000	8.471
504.000	8.458
505.000	8.445
506.000	8.432
507.000	8.419
508.000	8.410
509.000	8.398
510.000	8.385
511.000	8.372
512.000	8.360
513.000	8.347
514.000	8.335
515.000	8.322
516.000	8.309
517.000	8.296
518.000	8.284
519.000	8.271
520.000	8.267
521.000	8.255
522.000	8.242
523.000	8.230
524.000	8.218
525.000	8.206
526.000	8.194
527.000	8.182
528.000	8.170
529.000	8.158
530.000	8.146
531.000	8.123
532.000	8.111
533.000	8.099
534.000	8.087
535.000	8.075
536.000	8.063
537.000	8.051
538.000	8.038
539.000	8.027
540.000	8.015
541.000	8.003
542.000	7.968
543.000	7.957
544.000	7.945
545.000	7.933
546.000	7.922
547.000	7.910
548.000	7.898
549.000	7.887
550.000	7.875
551.000	7.864
552.000	7.852
553.000	7.842
554.000	7.830
555.000	7.819
556.000	7.808
557.000	7.796
558.000	7.785
559.000	7.773
560.000	7.762
561.000	7.751
562.000	7.739
563.000	7.728
564.000	7.726
565.000	7.715
566.000	7.704
567.000	7.693
568.000	7.681
569.000	7.670
570.000	7.659
571.000	7.648
572.000	7.636
573.000	7.626
574.000	7.615
575.000	7.579
576.000	7.568
577.000	7.557
578.000	7.546
579.000	7.535
580.000	7.523
581.000	7.512
582.000	7.502
583.000	7.491
584.000	7.480
585.000	7.469
586.000	7.458
587.000	7.439
588.000	7.429
589.000	7.418
590.000	7.408
591.000	7.397
592.000	7.387
593.000	7.376
594.000	7.366
595.000	7.356
596.000	7.346
597.000	7.336
598.000	7.309
599.000	7.299
600.000	7.289
601.000	7.280
602.000	7.270
603.000	7.260
604.000	7.251
605.000	7.241
606.000	7.231
607.000	7.222
608.000	7.212
609.000	7.204
610.000	7.195
611.000	7.185
612.000	7.176
613.000	7.166
614.000	7.157
615.000	7.148
616.000	7.139
617.000	7.130
618.000	7.121
619.000	7.112
620.000	7.082
621.000	7.073
622.000	7.065
623.000	7.056
624.000	7.047
625.000	7.039
626.000	7.030
627.000	7.021
628.000	7.012
629.000	7.003
630.000	6.995
631.000	6.993
632.000	6.985
633.000	6.976
634.000	6.968
635.000	6.959
636.000	6.951
637.000	6.942
638.000	6.934
639.000	6.926
640.000	6.918
641.000	6.910
642.000	6.864
643.000	6.856
644.000	6.848
645.000	6.840
646.000	6.832
647.000	6.824
648.000	6.816
649.000	6.808
650.000	6.801
651.000	6.793
652.000	6.786
653.000	6.778
654.000	6.776
655.000	6.769
656.000	6.762
657.000	6.754
658.000	6.747
659.000	6.740
660.000	6.733
661.000	6.726
662.000	6.719
663.000	6.712
664.000	6.705
665.000	6.703
666.000	6.697
667.000	6.690
668.000	6.684
669.000	6.677
670.000	6.670
671.000	6.663
672.000	6.656
673.000	6.649
674.000	6.642
675.000	6.635
676.000	6.634
677.000	6.627
678.000	6.620
679.000	6.613
680.000	6.606
681.000	6.599
682.000	6.592
683.000	6.586
684.000	6.579
685.000	6.573
686.000	6.566
687.000	6.551
688.000	6.545
689.000	6.538
690.000	6.532
691.000	6.526
692.000	6.519
693.000	6.513
694.000	6.507
695.000	6.500
696.000	6.494
697.000	6.488
698.000	6.488
699.000	6.482
700.000	6.476
701.000	6.471
702.000	6.465
703.000	6.459
704.000	6.453
705.000	6.447
706.000	6.441
707.000	6.435
708.000	6.429
709.000	6.422
710.000	6.416
711.000	6.411
712.000	6.405
713.000	6.399
714.000	6.394
715.000	6.388
716.000	6.382
717.000	6.377
718.000	6.371
719.000	6.366
720.000	6.366
721.000	6.360
722.000	6.354
723.000	6.349
724.000	6.343
725.000	6.338
726.000	6.333
727.000	6.327
728.000	6.322
729.000	6.316
730.000	6.311
731.000	6.306
732.000	6.305
733.000	6.300
734.000	6.295
735.000	6.290
736.000	6.285
737.000	6.279
738.000	6.274
739.000	6.269
740.000	6.263
741.000	6.258
742.000	6.253
743.000	6.176
744.000	6.170
745.000	6.165
746.000	6.160
747.000	6.154
748.000	6.149
749.000	6.143
750.000	6.138
751.000	6.132
752.000	6.127
753.000	6.121
754.000	6.121
755.000	6.116
756.000	6.110
757.000	6.105
758.000	6.100
759.000	6.094
760.000	6.089
761.000	6.084
762.000	6.079
763.000	6.073
764.000	6.068
765.000	6.068
766.000	6.063
767.000	6.057
768.000	6.052
769.000	6.046
770.000	6.041
771.000	6.036
772.000	6.030
773.000	6.025
774.000	6.019
775.000	6.014
776.000	6.013
777.000	6.008
778.000	6.002
779.000	5.997
780.000	5.991
781.000	5.986
782.000	5.981
783.000	5.975
784.000	5.970
785.000	5.965
786.000	5.960
787.000	5.960
788.000	5.955
789.000	5.950
790.000	5.944
791.000	5.939
792.000	5.934
793.000	5.929
794.000	5.924
795.000	5.919
796.000	5.914
797.000	5.909
798.000	5.904
799.000	5.904
800.000	5.899
801.000	5.893
802.000	5.888
803.000	5.883
804.000	5.879
805.000	5.874
806.000	5.869
807.000	5.864
808.000	5.859
809.000	5.854
810.000	5.833
811.000	5.828
812.000	5.823
813.000	5.818
814.000	5.812
815.000	5.807
816.000	5.802
817.000	5.797
818.000	5.792
819.000	5.787
820.000	5.782
821.000	5.782
822.000	5.777
823.000	5.771
824.000	5.766
825.000	5.761
826.000	5.756
827.000	5.750
828.000	5.745
829.000	5.740
830.000	5.734
831.000	5.729
832.000	5.729
833.000	5.724
834.000	5.719
835.000	5.714
836.000	5.709
837.000	5.704
838.000	5.699
839.000	5.694
840.000	5.689
841.000	5.685
842.000	5.680
843.000	5.680
844.000	5.675
845.000	5.670
846.000	5.666
847.000	5.661
848.000	5.657
849.000	5.652
850.000	5.647
851.000	5.642
852.000	5.638
853.000	5.633
854.000	5.633
855.000	5.628
856.000	5.623
857.000	5.619
858.000	5.614
859.000	5.609
860.000	5.604
861.000	5.599
862.000	5.595
863.000	5.590
864.000	5.585
865.000	5.581
866.000	5.580
867.000	5.576
868.000	5.571
869.000	5.566
870.000	5.562
871.000	5.557
872.000	5.552
873.000	5.548
874.000	5.543
875.000	5.538
876.000	5.534
877.000	5.533
878.000	5.529
879.000	5.524
880.000	5.519
881.000	5.514
882.000	5.509
883.000	5.505
884.000	5.500
885.000	5.496
886.000	5.491
887.000	5.487
888.000	5.486
889.000	5.482
890.000	5.477
891.000	5.473
892.000	5.468
893.000	5.464
894.000	5.459
895.000	5.454
896.000	5.450
897.000	5.445
898.000	5.441
899.000	5.398
900.000	5.393
901.000	5.389
902.000	5.384
903.000	5.380
904.000	5.376
905.000	5.371
906.000	5.366
907.000	5.362
908.000	5.358
909.000	5.353
910.000	5.353
911.000	5.348
912.000	5.344
913.000	5.339
914.000	5.335
915.000	5.330
916.000	5.326
917.000	5.322
918.000	5.317
919.000	5.313
920.000	5.309
921.000	5.309
922.000	5.304
923.000	5.300
924.000	5.295
925.000	5.291
926.000	5.287
927.000	5.282
928.000	5.278
929.000	5.274
930.000	5.269
931.000	5.265
932.000	5.261
933.000	5.261
934.000	5.256
935.000	5.252
936.000	5.247
937.000	5.243
938.000	5.239
939.000	5.235
940.000	5.230
941.000	5.226
942.000	5.221
943.000	5.217
944.000	5.217
945.000	5.213
946.000	5.208
947.000	5.204
948.000	5.200
949.000	5.196
950.000	5.192
951.000	5.188
952.000	5.184
953.000	5.180
954.000	5.176
955.000	5.175
956.000	5.171
957.000	5.167
958.000	5.163
959.000	5.159
960.000	5.156
961.000	5.152
962.000	5.148
963.000	5.144
964.000	5.140
965.000	5.135
966.000	5.135
967.000	5.131
968.000	5.127
969.000	5.123
970.000	5.119
971.000	5.115
972.000	5.111
973.000	5.107
974.000	5.103
975.000	5.099
976.000	5.095
977.000	5.095
978.000	5.091
979.000	5.087
980.000	5.083
981.000	5.079
982.000	5.075
983.000	5.071
984.000	5.066
985.000	5.062
986.000	5.058
987.000	5.054
988.000	5.054
989.000	5.050
990.000	5.046
991.000	5.042
992.000	5.038
993.000	5.034
994.000	5.030
995.000	5.026
996.000	5.022
997.000	5.018
998.000	5.014
999.000	5.014
1000.000	5.010
1001.000	5.006
1002.000	5.003
1003.000	4.999
1004.000	4.995
1005.000	4.991
1006.000	4.987
1007.000	4.983
1008.000	4.979
1009.000	4.976
1010.000	4.972
1011.000	4.972
1012.000	4.968
1013.000	4.964
1014.000	4.960
1015.000	4.956
1016.000	4.953
1017.000	4.949
1018.000	4.945
1019.000	4.941
1020.000	4.938
1021.000	4.934
1022.000	4.934
1023.000	4.930
1024.000	4.927
1025.000	4.923
1026.000	4.919
1027.000	4.916
1028.000	4.912
1029.000	4.908
1030.000	4.904
1031.000	4.901
1032.000	4.897
1033.000	4.897
1034.000	4.893
1035.000	4.889
1036.000	4.886
1037.000	4.882
1038.000	4.879
1039.000	4.875
1040.000	4.872
1041.000	4.868
1042.000	4.864
1043.000	4.861
1044.000	4.860
1045.000	4.857
1046.000	4.853
1047.000	4.849
1048.000	4.846
1049.000	4.842
1050.000	4.839
1051.000	4.835
1052.000	4.832
1053.000	4.828
1054.000	4.825
1055.000	4.825
1056.000	4.821
1057.000	4.818
1058.000	4.815
1059.000	4.811
1060.000	4.808
1061.000	4.805
1062.000	4.801
1063.000	4.798
1064.000	4.795
1065.000	4.792
1066.000	4.792
1067.000	4.788
1068.000	4.785
1069.000	4.782
1070.000	4.779
1071.000	4.776
1072.000	4.772
1073.000	4.769
1074.000	4.766
1075.000	4.763
1076.000	4.760
1077.000	4.757
1078.000	4.757
1079.000	4.754
1080.000	4.751
1081.000	4.747
1082.000	4.744
1083.000	4.741
1084.000	4.738
1085.000	4.735
1086.000	4.732
1087.000	4.729
1088.000	4.726
1089.000	4.726
1090.000	4.722
1091.000	4.719
1092.000	4.716
1093.000	4.713
1094.000	4.710
1095.000	4.706
1096.000	4.703
1097.000	4.700
1098.000	4.697
1099.000	4.694
1100.000	4.694
1101.000	4.691
1102.000	4.687
1103.000	4.684
1104.000	4.681
1105.000	4.678
1106.000	4.675
1107.000	4.672
1108.000	4.669
1109.000	4.666
1110.000	4.663
1111.000	4.663
1112.000	4.660
1113.000	4.657
1114.000	4.654
1115.000	4.651
1116.000	4.648
1117.000	4.646
1118.000	4.643
1119.000	4.640
1120.000	4.637
1121.000	4.634
1122.000	4.634
1123.000	4.631
1124.000	4.628
1125.000	4.625
1126.000	4.622
1127.000	4.619
1128.000	4.616
1129.000	4.614
1130.000	4.611
1131.000	4.608
1132.000	4.605
1133.000	4.605
1134.000	4.602
1135.000	4.599
1136.000	4.596
1137.000	4.593
1138.000	4.590
1139.000	4.587
1140.000	4.584
1141.000	4.581
1142.000	4.578
1143.000	4.575
1144.000	4.572
1145.000	4.572
1146.000	4.569
1147.000	4.567
1148.000	4.564
1149.000	4.561
1150.000	4.558
1151.000	4.555
1152.000	4.552
1153.000	4.550
1154.000	4.547
1155.000	4.544
1156.000	4.544
1157.000	4.541
1158.000	4.538
1159.000	4.535
1160.000	4.533
1161.000	4.530
1162.000	4.527
1163.000	4.525
1164.000	4.522
1165.000	4.519
1166.000	4.517
1167.000	4.516
1168.000	4.514
1169.000	4.511
1170.000	4.508
1171.000	4.505
1172.000	4.503
1173.000	4.500
1174.000	4.497
1175.000	4.494
1176.000	4.492
1177.000	4.489
1178.000	4.489
1179.000	4.486
1180.000	4.483
1181.000	4.480
1182.000	4.477
1183.000	4.474
1184.000	4.472
1185.000	4.469
1186.000	4.466
1187.000	4.464
1188.000	4.461
1189.000	4.461
1190.000	4.459
1191.000	4.456
1192.000	4.453
1193.000	4.451
1194.000	4.449
1195.000	4.446
1196.000	4.444
1197.000	4.441
1198.000	4.439
1199.000	4.436
1200.000	4.399
1201.000	4.397
1202.000	4.394
1203.000	4.392
1204.000	4.389
1205.000	4.387
1206.000	4.384
1207.000	4.382
1208.000	4.380
1209.000	4.377
1210.000	4.375
1211.000	4.375
1212.000	4.372
1213.000	4.370
1214.000	4.367
1215.000	4.365
1216.000	4.362
1217.000	4.360
1218.000	4.358
1219.000	4.355
1220.000	4.353
1221.000	4.351
1222.000	4.348
1223.000	4.348
1224.000	4.346
1225.000	4.344
1226.000	4.341
1227.000	4.339
1228.000	4.337
1229.000	4.334
1230.000	4.332
1231.000	4.330
1232.000	4.327
1233.000	4.325
1234.000	4.325
1235.000	4.322
1236.000	4.320
1237.000	4.318
1238.000	4.315
1239.000	4.313
1240.000	4.311
1241.000	4.308
1242.000	4.306
1243.000	4.304
1244.000	4.301
1245.000	4.301
1246.000	4.299
1247.000	4.297
1248.000	4.295
1249.000	4.292
1250.000	4.290
1251.000	4.288
1252.000	4.286
1253.000	4.283
1254.000	4.281
1255.000	4.279
1256.000	4.279
1257.000	4.276
1258.000	4.274
1259.000	4.272
1260.000	4.270
1261.000	4.268
1262.000	4.266
1263.000	4.263
1264.000	4.261
1265.000	4.259
1266.000	4.257
1267.000	4.257
1268.000	4.255
1269.000	4.253
1270.000	4.251
1271.000	4.249
1272.000	4.247
1273.000	4.244
1274.000	4.242
1275.000	4.240
1276.000	4.238
1277.000	4.236
1278.000	4.235
1279.000	4.233
1280.000	4.231
1281.000	4.229
1282.000	4.227
1283.000	4.225
1284.000	4.223
1285.000	4.220
1286.000	4.218
1287.000	4.216
1288.000	4.214
1289.000	4.212
1290.000	4.212
1291.000	4.210
1292.000	4.208
1293.000	4.206
1294.000	4.204
1295.000	4.202
1296.000	4.199
1297.000	4.197
1298.000	4.195
1299.000	4.193
1300.000	4.191
1301.000	4.191
1302.000	4.189
1303.000	4.187
1304.000	4.184
1305.000	4.182
1306.000	4.180
1307.000	4.178
1308.000	4.176
1309.000	4.174
1310.000	4.171
1311.000	4.169
1312.000	4.169
1313.000	4.167
1314.000	4.165
1315.000	4.163
1316.000	4.160
1317.000	4.158
1318.000	4.156
1319.000	4.154
1320.000	4.152
1321.000	4.149
1322.000	4.147
1323.000	4.136
1324.000	4.134
1325.000	4.132
1326.000	4.130
1327.000	4.128
1328.000	4.126
1329.000	4.124
1330.000	4.122
1331.000	4.120
1332.000	4.118
1333.000	4.116
1334.000	4.116
1335.000	4.114
1336.000	4.112
1337.000	4.110
1338.000	4.109
1339.000	4.107
1340.000	4.105
1341.000	4.103
1342.000	4.101
1343.000	4.100
1344.000	4.098
1345.000	4.098
1346.000	4.096
1347.000	4.094
1348.000	4.092
1349.000	4.090
1350.000	4.088
1351.000	4.086
1352.000	4.084
1353.000	4.082
1354.000	4.081
1355.000	4.079
1356.000	4.077
1357.000	4.077
1358.000	4.075
1359.000	4.073
1360.000	4.071
1361.000	4.069
1362.000	4.067
1363.000	4.065
1364.000	4.064
1365.000	4.062
1366.000	4.060
1367.000	4.058
1368.000	4.058
1369.000	4.056
1370.000	4.054
1371.000	4.052
1372.000	4.051
1373.000	4.049
1374.000	4.047
1375.000	4.045
1376.000	4.044
1377.000	4.042
1378.000	4.040
1379.000	4.040
1380.000	4.038
1381.000	4.037
1382.000	4.035
1383.000	4.033
1384.000	4.032
1385.000	4.030
1386.000	4.029
1387.000	4.027
1388.000	4.025
1389.000	4.024
1390.000	4.024
1391.000	4.022
1392.000	4.020
1393.000	4.019
1394.000	4.017
1395.000	4.016
1396.000	4.014
1397.000	4.013
1398.000	4.011
1399.000	4.010
1400.000	4.009
1401.000	3.982
1402.000	3.981
1403.000	3.980
1404.000	3.978
1405.000	3.977
1406.000	3.975
1407.000	3.974
1408.000	3.973
1409.000	3.971
1410.000	3.970
1411.000	3.969
1412.000	3.969
1413.000	3.967
1414.000	3.966
1415.000	3.965
1416.000	3.963
1417.000	3.962
1418.000	3.961
1419.000	3.959
1420.000	3.958
1421.000	3.957
1422.000	3.955
1423.000	3.955
1424.000	3.954
1425.000	3.953
1426.000	3.951
1427.000	3.950
1428.000	3.949
1429.000	3.948
1430.000	3.946
1431.000	3.945
1432.000	3.944
1433.000	3.943
1434.000	3.942
1435.000	3.941
1436.000	3.940
1437.000	3.939
1438.000	3.938
1439.000	3.937
1440.000	3.936
1441.000	3.934
1442.000	3.933
1443.000	3.932
1444.000	3.931
1445.000	3.930
1446.000	3.930
1447.000	3.929
1448.000	3.928
1449.000	3.927
1450.000	3.926
1451.000	3.925
1452.000	3.923
1453.000	3.922
1454.000	3.921
1455.000	3.920
1456.000	3.919
1457.000	3.919
1458.000	3.918
1459.000	3.917
1460.000	3.916
1461.000	3.915
1462.000	3.914
1463.000	3.913
1464.000	3.912
1465.000	3.910
1466.000	3.909
1467.000	3.908
1468.000	3.908
1469.000	3.907
1470.000	3.906
1471.000	3.905
1472.000	3.904
1473.000	3.903
1474.000	3.902
1475.000	3.901
1476.000	3.900
1477.000	3.899
1478.000	3.898
1479.000	3.898
1480.000	3.897
1481.000	3.896
1482.000	3.895
1483.000	3.895
1484.000	3.894
1485.000	3.893
1486.000	3.892
1487.000	3.891
1488.000	3.890
1489.000	3.889
1490.000	3.889
1491.000	3.888
1492.000	3.887
1493.000	3.887
1494.000	3.886
1495.000	3.885
1496.000	3.884
1497.000	3.883
1498.000	3.882
1499.000	3.881
1500.000	3.881
1501.000	3.880
1502.000	3.880
1503.000	3.879
1504.000	3.878
1505.000	3.877
1506.000	3.876
1507.000	3.876
1508.000	3.875
1509.000	3.874
1510.000	3.873
1511.000	3.873
1512.000	3.872
1513.000	3.872
1514.000	3.871
1515.000	3.870
1516.000	3.870
1517.000	3.869
1518.000	3.868
1519.000	3.868
1520.000	3.867
1521.000	3.867
1522.000	3.866
1523.000	3.865
1524.000	3.865
1525.000	3.865
1526.000	3.864
1527.000	3.863
1528.000	3.863
1529.000	3.862
1530.000	3.861
1531.000	3.861
1532.000	3.860
1533.000	3.859
1534.000	3.859
1535.000	3.859
1536.000	3.858
1537.000	3.857
1538.000	3.857
1539.000	3.856
1540.000	3.856
1541.000	3.855
1542.000	3.854
1543.000	3.854
1544.000	3.853
1545.000	3.852
1546.000	3.852
1547.000	3.852
1548.000	3.851
1549.000	3.850
1550.000	3.850
1551.000	3.849
1552.000	3.848
1553.000	3.848
1554.000	3.847
1555.000	3.847
1556.000	3.846
1557.000	3.846
1558.000	3.846
1559.000	3.845
1560.000	3.845
1561.000	3.844
1562.000	3.844
1563.000	3.843
1564.000	3.843
1565.000	3.842
1566.000	3.842
1567.000	3.841
1568.000	3.841
1569.000	3.841
1570.000	3.840
1571.000	3.840
1572.000	3.839
1573.000	3.838
1574.000	3.838
1575.000	3.837
1576.000	3.837
1577.000	3.836
1578.000	3.835
1579.000	3.834
1580.000	3.834
1581.000	3.834
1582.000	3.833
1583.000	3.832
1584.000	3.831
1585.000	3.829
1586.000	3.827
1587.000	3.825
1588.000	3.823
1589.000	3.822
1590.000	3.820
1591.000	3.820
1592.000	3.818
1593.000	3.816
1594.000	3.814
1595.000	3.813
1596.000	3.811
1597.000	3.809
1598.000	3.807
1599.000	3.806
1600.000	3.804
1601.000	3.802
1602.000	3.802
1603.000	3.800
1604.000	3.798
1605.000	3.797
1606.000	3.795
1607.000	3.793
1608.000	3.791
1609.000	3.790
1610.000	3.788
1611.000	3.786
1612.000	3.785
1613.000	3.784
1614.000	3.783
1615.000	3.781
1616.000	3.779
1617.000	3.778
1618.000	3.776
1619.000	3.774
1620.000	3.772
1621.000	3.771
1622.000	3.769
1623.000	3.767
1624.000	3.767
1625.000	3.765
1626.000	3.764
1627.000	3.762
1628.000	3.760
1629.000	3.759
1630.000	3.757
1631.000	3.755
1632.000	3.753
1633.000	3.752
1634.000	3.750
1635.000	3.748
1636.000	3.748
1637.000	3.747
1638.000	3.745
1639.000	3.743
1640.000	3.741
1641.000	3.740
1642.000	3.738
1643.000	3.737
1644.000	3.735
1645.000	3.734
1646.000	3.732
1647.000	3.732
1648.000	3.730
1649.000	3.729
1650.000	3.727
1651.000	3.726
1652.000	3.724
1653.000	3.723
1654.000	3.721
1655.000	3.720
1656.000	3.718
1657.000	3.717
1658.000	3.717
1659.000	3.715
1660.000	3.713
1661.000	3.712
1662.000	3.710
1663.000	3.709
1664.000	3.707
1665.000	3.706
1666.000	3.704
1667.000	3.703
1668.000	3.701
1669.000	3.701
1670.000	3.700
1671.000	3.698
1672.000	3.697
1673.000	3.695
1674.000	3.694
1675.000	3.692
1676.000	3.691
1677.000	3.689
1678.000	3.687
1679.000	3.686
1680.000	3.686
1681.000	3.684
1682.000	3.683
1683.000	3.681
1684.000	3.680
1685.000	3.678
1686.000	3.677
1687.000	3.675
1688.000	3.674
1689.000	3.672
1690.000	3.671
1691.000	3.671
1692.000	3.669
1693.000	3.668
1694.000	3.666
1695.000	3.665
1696.000	3.663
1697.000	3.662
1698.000	3.660
1699.000	3.659
1700.000	3.657
1701.000	3.656
1702.000	3.655
1703.000	3.654
1704.000	3.652
1705.000	3.651
1706.000	3.649
1707.000	3.648
1708.000	3.646
1709.000	3.645
1710.000	3.643
1711.000	3.642
1712.000	3.640
1713.000	3.639
1714.000	3.639
1715.000	3.637
1716.000	3.636
1717.000	3.634
1718.000	3.633
1719.000	3.631
1720.000	3.630
1721.000	3.628
1722.000	3.627
1723.000	3.625
1724.000	3.624
1725.000	3.624
1726.000	3.622
1727.000	3.621
1728.000	3.619
1729.000	3.618
1730.000	3.616
1731.000	3.615
1732.000	3.613
1733.000	3.612
1734.000	3.611
1735.000	3.609
1736.000	3.609
1737.000	3.607
1738.000	3.606
1739.000	3.604
1740.000	3.603
1741.000	3.602
1742.000	3.600
1743.000	3.599
1744.000	3.597
1745.000	3.596
1746.000	3.594
1747.000	3.594
1748.000	3.593
1749.000	3.591
1750.000	3.590
1751.000	3.588
1752.000	3.587
1753.000	3.585
1754.000	3.584
1755.000	3.582
1756.000	3.581
1757.000	3.579
1758.000	3.579
1759.000	3.578
1760.000	3.576
1761.000	3.575
1762.000	3.573
1763.000	3.572
1764.000	3.571
1765.000	3.569
1766.000	3.568
1767.000	3.566
1768.000	3.565
1769.000	3.565
1770.000	3.563
1771.000	3.562
1772.000	3.560
1773.000	3.559
1774.000	3.557
1775.000	3.556
1776.000	3.554
1777.000	3.553
1778.000	3.552
1779.000	3.550
1780.000	3.549
1781.000	3.549
1782.000	3.547
1783.000	3.546
1784.000	3.544
1785.000	3.543
1786.000	3.541
1787.000	3.540
1788.000	3.538
1789.000	3.537
1790.000	3.536
1791.000	3.534
1792.000	3.534
1793.000	3.533
1794.000	3.531
1795.000	3.530
1796.000	3.528
1797.000	3.527
1798.000	3.525
1799.000	3.524
1800.000	3.523
1801.000	3.521
1802.000	3.520
1803.000	3.520
1804.000	3.518
1805.000	3.517
1806.000	3.515
1807.000	3.514
1808.000	3.512
1809.000	3.511
1810.000	3.510
1811.000	3.508
1812.000	3.507
1813.000	3.505
1814.000	3.505
1815.000	3.504
1816.000	3.502
1817.000	3.501
1818.000	3.499
1819.000	3.498
1820.000	3.497
1821.000	3.495
1822.000	3.494
1823.000	3.492
1824.000	3.491
1825.000	3.491
1826.000	3.489
1827.000	3.488
1828.000	3.487
1829.000	3.485
1830.000	3.484
1831.000	3.482
1832.000	3.481
1833.000	3.480
1834.000	3.478
1835.000	3.477
1836.000	3.477
1837.000	3.475
1838.000	3.474
1839.000	3.472
1840.000	3.471
1841.000	3.470
1842.000	3.468
1843.000	3.467
1844.000	3.465
1845.000	3.464
1846.000	3.462
1847.000	3.461
1848.000	3.461
1849.000	3.460
1850.000	3.458
1851.000	3.457
1852.000	3.455
1853.000	3.454
1854.000	3.453
1855.000	3.451
1856.000	3.450
1857.000	3.448
1858.000	3.447
1859.000	3.447
1860.000	3.445
1861.000	3.444
1862.000	3.443
1863.000	3.441
1864.000	3.440
1865.000	3.438
1866.000	3.437
1867.000	3.436
1868.000	3.434
1869.000	3.433
1870.000	3.433
1871.000	3.431
1872.000	3.430
1873.000	3.429
1874.000	3.427
1875.000	3.426
1876.000	3.424
1877.000	3.423
1878.000	3.422
1879.000	3.420
1880.000	3.419
1881.000	3.419
1882.000	3.417
1883.000	3.416
1884.000	3.415
1885.000	3.413
1886.000	3.412
1887.000	3.411
1888.000	3.409
1889.000	3.408
1890.000	3.406
1891.000	3.405
1892.000	3.405
1893.000	3.404
1894.000	3.402
1895.000	3.401
1896.000	3.399
1897.000	3.398
1898.000	3.397
1899.000	3.395
1900.000	3.394
1901.000	3.393
1902.000	3.391
1903.000	3.391
1904.000	3.390
1905.000	3.388
1906.000	3.387
1907.000	3.386
1908.000	3.384
1909.000	3.383
1910.000	3.381
1911.000	3.380
1912.000	3.378
1913.000	3.376
1914.000	3.376
1915.000	3.375
1916.000	3.373
1917.000	3.372
1918.000	3.370
1919.000	3.368
1920.000	3.367
1921.000	3.366
1922.000	3.364
1923.000	3.363
1924.000	3.361
1925.000	3.360
1926.000	3.360
1927.000	3.358
1928.000	3.357
1929.000	3.356
1930.000	3.355
1931.000	3.355
1932.000	3.354
1933.000	3.354
1934.000	3.354
1935.000	3.353
1936.000	3.353
1937.000	3.352
1938.000	3.352
1939.000	3.352
1940.000	3.351
1941.000	3.351
1942.000	3.350
1943.000	3.350
1944.000	3.349
1945.000	3.349
1946.000	3.348
1947.000	3.348
1948.000	3.348
1949.000	3.347
1950.000	3.347
1951.000	3.346
1952.000	3.346
1953.000	3.345
1954.000	3.345
1955.000	3.344
1956.000	3.344
1957.000	3.343
1958.000	3.343
1959.000	3.343
1960.000	3.342
1961.000	3.342
1962.000	3.341
1963.000	3.341
1964.000	3.340
1965.000	3.340
1966.000	3.339
1967.000	3.339
1968.000	3.338
1969.000	3.337
1970.000	3.337
1971.000	3.337
1972.000	3.336
1973.000	3.335
1974.000	3.335
1975.000	3.334
1976.000	3.333
1977.000	3.333
1978.000	3.332
1979.000	3.332
1980.000	3.331
1981.000	3.331
1982.000	3.330
1983.000	3.330
1984.000	3.329
1985.000	3.328
1986.000	3.328
1987.000	3.327
1988.000	3.327
1989.000	3.326
1990.000	3.325
1991.000	3.324
1992.000	3.324
1993.000	3.323
1994.000	3.323
1995.000	3.322
1996.000	3.321
1997.000	3.320
1998.000	3.320
1999.000	3.319
2000.000	3.318
2001.000	3.317
2002.000	3.316
2003.000	3.315
2004.000	3.315
2005.000	3.315
2006.000	3.314
2007.000	3.313
2008.000	3.312
2009.000	3.311
2010.000	3.310
2011.000	3.310
2012.000	3.309
2013.000	3.308
2014.000	3.307
2015.000	3.307
2016.000	3.306
2017.000	3.306
2018.000	3.305
2019.000	3.304
2020.000	3.303
2021.000	3.302
2022.000	3.302
2023.000	3.301
2024.000	3.300
2025.000	3.299
2026.000	3.299
2027.000	3.298
2028.000	3.297
2029.000	3.297
2030.000	3.296
2031.000	3.295
2032.000	3.294
2033.000	3.294
2034.000	3.293
2035.000	3.292
2036.000	3.291
2037.000	3.291
2038.000	3.290
2039.000	3.289
2040.000	3.289
2041.000	3.288
2042.000	3.287
2043.000	3.286
2044.000	3.286
2045.000	3.285
2046.000	3.284
2047.000	3.283
2048.000	3.283
2049.000	3.282
2050.000	3.281
2051.000	3.280
2052.000	3.279
2053.000	3.278
2054.000	3.277
2055.000	3.276
2056.000	3.275
2057.000	3.274
2058.000	3.273
2059.000	3.272
2060.000	3.272
2061.000	3.271
2062.000	3.270
2063.000	3.269
2064.000	3.268
2065.000	3.267
2066.000	3.266
2067.000	3.265
2068.000	3.264
2069.000	3.263
2070.000	3.262
2071.000	3.262
2072.000	3.261
2073.000	3.260
2074.000	3.259
2075.000	3.258
2076.000	3.257
2077.000	3.256
2078.000	3.255
2079.000	3.254
2080.000	3.253
2081.000	3.252
2082.000	3.251
2083.000	3.250
2084.000	3.249
2085.000	3.248
2086.000	3.247
2087.000	3.246
2088.000	3.245
2089.000	3.244
2090.000	3.243
2091.000	3.242
2092.000	3.241
2093.000	3.241
2094.000	3.240
2095.000	3.239
2096.000	3.238
2097.000	3.237
2098.000	3.236
2099.000	3.235
2100.000	3.234
2101.000	3.233
2102.000	3.232
2103.000	3.231
2104.000	3.231
2105.000	3.230
2106.000	3.229
2107.000	3.228
2108.000	3.227
2109.000	3.226
2110.000	3.225
2111.000	3.224
2112.000	3.223
2113.000	3.222
2114.000	3.221
2115.000	3.221
2116.000	3.220
2117.000	3.220
2118.000	3.219
2119.000	3.218
2120.000	3.217
2121.000	3.216
2122.000	3.215
2123.000	3.214
2124.000	3.213
2125.000	3.212
2126.000	3.212
2127.000	3.211
2128.000	3.210
2129.000	3.209
2130.000	3.208
2131.000	3.207
2132.000	3.206
2133.000	3.205
2134.000	3.204
2135.000	3.203
2136.000	3.202
2137.000	3.201
2138.000	3.201
2139.000	3.200
2140.000	3.199
2141.000	3.198
2142.000	3.197
2143.000	3.196
2144.000	3.195
2145.000	3.194
2146.000	3.193
2147.000	3.192
2148.000	3.191
2149.000	3.191
2150.000	3.190
2151.000	3.189
2152.000	3.187
2153.000	3.186
2154.000	3.185
2155.000	3.184
2156.000	3.183
2157.000	3.182
2158.000	3.181
2159.000	3.180
2160.000	3.180
2161.000	3.179
2162.000	3.178
2163.000	3.176
2164.000	3.175
2165.000	3.174
2166.000	3.173
2167.000	3.172
2168.000	3.171
2169.000	3.170
2170.000	3.169
2171.000	3.169
2172.000	3.168
2173.000	3.167
2174.000	3.166
2175.000	3.164
2176.000	3.163
2177.000	3.162
2178.000	3.161
2179.000	3.160
2180.000	3.159
2181.000	3.158
2182.000	3.158
2183.000	3.157
2184.000	3.156
2185.000	3.155
2186.000	3.154
2187.000	3.153
2188.000	3.151
2189.000	3.150
2190.000	3.149
2191.000	3.148
2192.000	3.147
2193.000	3.147
2194.000	3.146
2195.000	3.145
2196.000	3.144
2197.000	3.143
2198.000	3.142
2199.000	3.141
2200.000	3.140
2201.000	3.139
2202.000	3.138
2203.000	3.137
2204.000	3.135
2205.000	3.135
2206.000	3.134
2207.000	3.133
2208.000	3.132
2209.000	3.131
2210.000	3.130
2211.000	3.129
2212.000	3.128
2213.000	3.127
2214.000	3.126
2215.000	3.125
2216.000	3.125
2217.000	3.124
2218.000	3.123
2219.000	3.122
2220.000	3.121
2221.000	3.120
2222.000	3.119
2223.000	3.118
2224.000	3.116
2225.000	3.115
2226.000	3.114
2227.000	3.114
2228.000	3.113
2229.000	3.112
2230.000	3.111
2231.000	3.110
2232.000	3.109
2233.000	3.108
2234.000	3.107
2235.000	3.106
2236.000	3.105
2237.000	3.104
2238.000	3.104
2239.000	3.103
2240.000	3.102
2241.000	3.101
2242.000	3.100
2243.000	3.099
2244.000	3.098
2245.000	3.097
2246.000	3.096
2247.000	3.095
2248.000	3.094
2249.000	3.094
2250.000	3.093
2251.000	3.092
2252.000	3.091
2253.000	3.090
2254.000	3.089
2255.000	3.087
2256.000	3.086
2257.000	3.085
2258.000	3.084
2259.000	3.083
2260.000	3.083
2261.000	3.082
2262.000	3.081
2263.000	3.080
2264.000	3.079
2265.000	3.078
2266.000	3.077
2267.000	3.076
2268.000	3.075
2269.000	3.074
2270.000	3.073
2271.000	3.072
2272.000	3.072
2273.000	3.071
2274.000	3.070
2275.000	3.069
2276.000	3.068
2277.000	3.067
2278.000	3.066
2279.000	3.065
2280.000	3.064
2281.000	3.063
2282.000	3.062
2283.000	3.062
2284.000	3.061
2285.000	3.060
2286.000	3.059
2287.000	3.058
2288.000	3.057
2289.000	3.056
2290.000	3.055
2291.000	3.054
2292.000	3.053
2293.000	3.052
2294.000	3.052
2295.000	3.051
2296.000	3.050
2297.000	3.049
2298.000	3.048
2299.000	3.047
2300.000	3.046
2301.000	3.045
2302.000	3.044
2303.000	3.043
2304.000	3.042
2305.000	3.042
2306.000	3.041
2307.000	3.040
2308.000	3.039
2309.000	3.038
2310.000	3.037
2311.000	3.036
2312.000	3.035
2313.000	3.034
2314.000	3.033
2315.000	3.032
2316.000	3.032
2317.000	3.031
2318.000	3.030
2319.000	3.029
2320.000	3.028
2321.000	3.028
2322.000	3.027
2323.000	3.026
2324.000	3.025
2325.000	3.025
2326.000	3.024
2327.000	3.024
2328.000	3.023
2329.000	3.023
2330.000	3.022
2331.000	3.021
2332.000	3.020
2333.000	3.019
2334.000	3.019
2335.000	3.018
2336.000	3.017
2337.000	3.016
2338.000	3.016
2339.000	3.016
2340.000	3.015
2341.000	3.014
2342.000	3.013
2343.000	3.013
2344.000	3.012
2345.000	3.011
2346.000	3.010
2347.000	3.010
2348.000	3.009
2349.000	3.008
2350.000	2.945
2351.000	2.944
2352.000	2.943
2353.000	2.942
2354.000	2.941
2355.000	2.941
2356.000	2.940
2357.000	2.939
2358.000	2.938
2359.000	2.938
2360.000	2.937
2361.000	2.937
2362.000	2.936
2363.000	2.935
2364.000	2.934
2365.000	2.934
2366.000	2.933
2367.000	2.932
2368.000	2.931
2369.000	2.930
2370.000	2.930
2371.000	2.929
2372.000	2.929
2373.000	2.928
2374.000	2.927
2375.000	2.927
2376.000	2.926
2377.000	2.925
2378.000	2.924
2379.000	2.923
2380.000	2.923
2381.000	2.922
2382.000	2.921
2383.000	2.921
2384.000	2.920
2385.000	2.920
2386.000	2.919
2387.000	2.919
2388.000	2.918
2389.000	2.917
2390.000	2.917
2391.000	2.916
2392.000	2.915
2393.000	2.915
2394.000	2.915
2395.000	2.914
2396.000	2.913
2397.000	2.913
2398.000	2.912
2399.000	2.912
2400.000	2.911
2401.000	2.910
2402.000	2.910
2403.000	2.909
2404.000	2.908
2405.000	2.908
2406.000	2.908
2407.000	2.907
2408.000	2.906
2409.000	2.906
2410.000	2.905
2411.000	2.905
2412.000	2.904
2413.000	2.903
2414.000	2.903
2415.000	2.902
2416.000	2.902
2417.000	2.902
2418.000	2.901
2419.000	2.901
2420.000	2.900
2421.000	2.900
2422.000	2.899
2423.000	2.899
2424.000	2.898
2425.000	2.898
2426.000	2.897
2427.000	2.897
2428.000	2.897
2429.000	2.897
2430.000	2.896
2431.000	2.896
2432.000	2.895
2433.000	2.895
2434.000	2.894
2435.000	2.894
2436.000	2.893
2437.000	2.893
2438.000	2.892
2439.000	2.892
2440.000	2.892
2441.000	2.891
2442.000	2.891
2443.000	2.891
2444.000	2.890
2445.000	2.890
2446.000	2.889
2447.000	2.889
2448.000	2.888
2449.000	2.888
2450.000	2.888
2451.000	2.887
2452.000	2.887
2453.000	2.886
2454.000	2.886
2455.000	2.885
2456.000	2.885
2457.000	2.884
2458.000	2.884
2459.000	2.883
2460.000	2.883
2461.000	2.883
2462.000	2.882
2463.000	2.882
2464.000	2.881
2465.000	2.881
2466.000	2.880
2467.000	2.880
2468.000	2.879
2469.000	2.879
2470.000	2.878
2471.000	2.878
2472.000	2.878
2473.000	2.877
2474.000	2.876
2475.000	2.876
2476.000	2.875
2477.000	2.875
2478.000	2.874
2479.000	2.874
2480.000	2.873
2481.000	2.873
2482.000	2.872
2483.000	2.872
2484.000	2.872
2485.000	2.871
2486.000	2.871
2487.000	2.871
2488.000	2.870
2489.000	2.870
2490.000	2.870
2491.000	2.869
2492.000	2.869
2493.000	2.869
2494.000	2.868
2495.000	2.868
2496.000	2.868
2497.000	2.868
2498.000	2.867
2499.000	2.867
2500.000	2.867
2501.000	2.866
2502.000	2.866
2503.000	2.866
2504.000	2.866
2505.000	2.865
2506.000	2.865
2507.000	2.865
2508.000	2.865
2509.000	2.864
2510.000	2.864
2511.000	2.863
2512.000	2.863
2513.000	2.862
2514.000	2.862
2515.000	2.862
2516.000	2.861
2517.000	2.861
2518.000	2.861
2519.000	2.860
2520.000	2.860
2521.000	2.860
2522.000	2.859
2523.000	2.859
2524.000	2.858
2525.000	2.858
2526.000	2.858
2527.000	2.857
2528.000	2.857
2529.000	2.857
2530.000	2.856
2531.000	2.856
2532.000	2.856
2533.000	2.855
2534.000	2.855
2535.000	2.854
2536.000	2.854
2537.000	2.854
2538.000	2.853
2539.000	2.853
2540.000	2.853
2541.000	2.852
2542.000	2.852
2543.000	2.851
2544.000	2.851
2545.000	2.851
2546.000	2.850
2547.000	2.850
2548.000	2.849
2549.000	2.849
2550.000	2.848
2551.000	2.840
2552.000	2.839
2553.000	2.839
2554.000	2.838
2555.000	2.837
2556.000	2.837
2557.000	2.836
2558.000	2.836
2559.000	2.835
2560.000	2.835
2561.000	2.834
2562.000	2.834
2563.000	2.834
2564.000	2.833
2565.000	2.833
2566.000	2.832
2567.000	2.832
2568.000	2.831
2569.000	2.831
2570.000	2.830
2571.000	2.830
2572.000	2.829
2573.000	2.829
2574.000	2.829
2575.000	2.828
2576.000	2.828
2577.000	2.827
2578.000	2.827
2579.000	2.826
2580.000	2.826
2581.000	2.825
2582.000	2.825
2583.000	2.824
2584.000	2.824
2585.000	2.824
2586.000	2.823
2587.000	2.822
2588.000	2.822
2589.000	2.821
2590.000	2.821
2591.000	2.820
2592.000	2.820
2593.000	2.819
2594.000	2.819
2595.000	2.819
2596.000	2.818
2597.000	2.818
2598.000	2.817
2599.000	2.817
2600.000	2.817
2601.000	2.816
2602.000	2.816
2603.000	2.815
2604.000	2.815
2605.000	2.815
2606.000	2.815
2607.000	2.814
2608.000	2.814
2609.000	2.813
2610.000	2.813
2611.000	2.812
2612.000	2.812
2613.000	2.811
2614.000	2.811
2615.000	2.810
2616.000	2.810
2617.000	2.810
2618.000	2.809
2619.000	2.809
2620.000	2.808
2621.000	2.808
2622.000	2.808
2623.000	2.807
2624.000	2.807
2625.000	2.806
2626.000	2.806
2627.000	2.805
2628.000	2.805
2629.000	2.805
2630.000	2.804
2631.000	2.804
2632.000	2.803
2633.000	2.803
2634.000	2.802
2635.000	2.802
2636.000	2.801
2637.000	2.801
2638.000	2.800
2639.000	2.800
2640.000	2.800
2641.000	2.799
2642.000	2.799
2643.000	2.799
2644.000	2.798
2645.000	2.798
2646.000	2.797
2647.000	2.797
2648.000	2.796
2649.000	2.796
2650.000	2.795
2651.000	2.795
2652.000	2.795
2653.000	2.794
2654.000	2.794
2655.000	2.793
2656.000	2.793
2657.000	2.792
2658.000	2.792
2659.000	2.791
2660.000	2.791
2661.000	2.790
2662.000	2.790
2663.000	2.790
2664.000	2.789
2665.000	2.789
2666.000	2.788
2667.000	2.788
2668.000	2.787
2669.000	2.787
2670.000	2.786
2671.000	2.786
2672.000	2.785
2673.000	2.785
2674.000	2.785
2675.000	2.784
2676.000	2.784
2677.000	2.783
2678.000	2.783
2679.000	2.782
2680.000	2.782
2681.000	2.781
2682.000	2.781
2683.000	2.780
2684.000	2.780
2685.000	2.780
2686.000	2.779
2687.000	2.779
2688.000	2.778
2689.000	2.778
2690.000	2.777
2691.000	2.777
2692.000	2.776
2693.000	2.776
2694.000	2.775
2695.000	2.775
2696.000	2.775
2697.000	2.774
2698.000	2.774
2699.000	2.773
2700.000	2.773
2701.000	2.772
2702.000	2.772
2703.000	2.771
2704.000	2.771
2705.000	2.770
2706.000	2.770
2707.000	2.770
2708.000	2.769
2709.000	2.769
2710.000	2.768
2711.000	2.768
2712.000	2.767
2713.000	2.767
2714.000	2.766
2715.000	2.766
2716.000	2.765
2717.000	2.765
2718.000	2.765
2719.000	2.764
2720.000	2.764
2721.000	2.763
2722.000	2.762
2723.000	2.762
2724.000	2.761
2725.000	2.761
2726.000	2.760
2727.000	2.760
2728.000	2.759
2729.000	2.759
2730.000	2.759
2731.000	2.758
2732.000	2.758
2733.000	2.757
2734.000	2.757
2735.000	2.756
2736.000	2.756
2737.000	2.755
2738.000	2.755
2739.000	2.754
2740.000	2.754
2741.000	2.754
2742.000	2.753
2743.000	2.753
2744.000	2.752
2745.000	2.752
2746.000	2.751
2747.000	2.750
2748.000	2.750
2749.000	2.749
2750.000	2.749
2751.000	2.749
2752.000	2.748
2753.000	2.748
2754.000	2.747
2755.000	2.747
2756.000	2.746
2757.000	2.746
2758.000	2.745
2759.000	2.745
2760.000	2.744
2761.000	2.744
2762.000	2.743
2763.000	2.743
2764.000	2.743
2765.000	2.742
2766.000	2.742
2767.000	2.741
2768.000	2.741
2769.000	2.740
2770.000	2.740
2771.000	2.739
2772.000	2.739
2773.000	2.738
2774.000	2.738
2775.000	2.738
2776.000	2.737
2777.000	2.737
2778.000	2.736
2779.000	2.735
2780.000	2.735
2781.000	2.734
2782.000	2.734
2783.000	2.733
2784.000	2.733
2785.000	2.733
2786.000	2.732
2787.000	2.732
2788.000	2.731
2789.000	2.731
2790.000	2.730
2791.000	2.730
2792.000	2.729
2793.000	2.729
2794.000	2.728
2795.000	2.728
2796.000	2.728
2797.000	2.727
2798.000	2.727
2799.000	2.726
2800.000	2.726
2801.000	2.726
2802.000	2.725
2803.000	2.725
2804.000	2.724
2805.000	2.724
2806.000	2.723
2807.000	2.723
2808.000	2.723
2809.000	2.722
2810.000	2.721
2811.000	2.721
2812.000	2.720
2813.000	2.720
2814.000	2.719
2815.000	2.719
2816.000	2.718
2817.000	2.718
2818.000	2.718
2819.000	2.717
2820.000	2.717
2821.000	2.716
2822.000	2.716
2823.000	2.715
2824.000	2.715
2825.000	2.714
2826.000	2.714
2827.000	2.713
2828.000	2.713
2829.000	2.713
2830.000	2.712
2831.000	2.712
2832.000	2.711
2833.000	2.711
2834.000	2.710
2835.000	2.710
2836.000	2.709
2837.000	2.709
2838.000	2.708
2839.000	2.708
2840.000	2.707
2841.000	2.707
2842.000	2.707
2843.000	2.706
2844.000	2.706
2845.000	2.705
2846.000	2.705
2847.000	2.704
2848.000	2.704
2849.000	2.703
2850.000	2.703
2851.000	2.702
2852.000	2.702
2853.000	2.702
2854.000	2.701
2855.000	2.701
2856.000	2.701
2857.000	2.700
2858.000	2.700
2859.000	2.699
2860.000	2.699
2861.000	2.698
2862.000	2.698
2863.000	2.698
2864.000	2.697
2865.000	2.697
2866.000	2.696
2867.000	2.696
2868.000	2.695
2869.000	2.695
2870.000	2.694
2871.000	2.694
2872.000	2.694
2873.000	2.693
2874.000	2.693
2875.000	2.693
2876.000	2.692
2877.000	2.692
2878.000	2.691
2879.000	2.691
2880.000	2.690
2881.000	2.690
2882.000	2.689
2883.000	2.689
2884.000	2.688
2885.000	2.688
2886.000	2.688
2887.000	2.687
2888.000	2.687
2889.000	2.686
2890.000	2.686
2891.000	2.686
2892.000	2.685
2893.000	2.685
2894.000	2.684
2895.000	2.684
2896.000	2.684
2897.000	2.683
2898.000	2.683
2899.000	2.682
2900.000	2.682
2901.000	2.681
2902.000	2.681
2903.000	2.680
2904.000	2.680
2905.000	2.679
2906.000	2.679
2907.000	2.678
2908.000	2.664
2909.000	2.664
2910.000	2.663
2911.000	2.663
2912.000	2.662
2913.000	2.662
2914.000	2.662
2915.000	2.661
2916.000	2.661
2917.000	2.660
2918.000	2.660
2919.000	2.660
2920.000	2.659
2921.000	2.659
2922.000	2.658
2923.000	2.658
2924.000	2.657
2925.000	2.657
2926.000	2.656
2927.000	2.656
2928.000	2.655
2929.000	2.655
2930.000	2.655
2931.000	2.654
2932.000	2.654
2933.000	2.654
2934.000	2.653
2935.000	2.653
2936.000	2.652
2937.000	2.652
2938.000	2.651
2939.000	2.651
2940.000	2.650
2941.000	2.650
2942.000	2.650
2943.000	2.649
2944.000	2.649
2945.000	2.648
2946.000	2.648
2947.000	2.648
2948.000	2.647
2949.000	2.647
2950.000	2.646
2951.000	2.646
2952.000	2.646
2953.000	2.645
2954.000	2.645
2955.000	2.644
2956.000	2.644
2957.000	2.643
2958.000	2.643
2959.000	2.643
2960.000	2.642
2961.000	2.642
2962.000	2.641
2963.000	2.641
2964.000	2.641
2965.000	2.640
2966.000	2.640
2967.000	2.639
2968.000	2.639
2969.000	2.639
2970.000	2.638
2971.000	2.638
2972.000	2.637
2973.000	2.637
2974.000	2.636
2975.000	2.636
2976.000	2.636
2977.000	2.636
2978.000	2.635
2979.000	2.635
2980.000	2.634
2981.000	2.634
2982.000	2.634
2983.000	2.633
2984.000	2.633
2985.000	2.632
2986.000	2.632
2987.000	2.632
2988.000	2.632
2989.000	2.631
2990.000	2.631
2991.000	2.630
2992.000	2.630
2993.000	2.630
2994.000	2.629
2995.000	2.629
2996.000	2.628
2997.000	2.628
2998.000	2.628
2999.000	2.628
3000.000	2.627
3001.000	2.627
3002.000	2.626
3003.000	2.626
3004.000	2.626
3005.000	2.625
3006.000	2.625
3007.000	2.624
3008.000	2.624
3009.000	2.624
3010.000	2.624
3011.000	2.623
3012.000	2.623
3013.000	2.622
3014.000	2.622
3015.000	2.622
3016.000	2.621
3017.000	2.621
3018.000	2.620
3019.000	2.620
3020.000	2.620
3021.000	2.619
3022.000	2.619
3023.000	2.619
3024.000	2.618
3025.000	2.618
3026.000	2.617
3027.000	2.617
3028.000	2.616
3029.000	2.616
3030.000	2.616
3031.000	2.616
3032.000	2.615
3033.000	2.615
3034.000	2.614
3035.000	2.614
3036.000	2.614
3037.000	2.613
3038.000	2.613
3039.000	2.613
3040.000	2.612
3041.000	2.612
3042.000	2.612
3043.000	2.612
3044.000	2.611
3045.000	2.611
3046.000	2.611
3047.000	2.610
3048.000	2.610
3049.000	2.609
3050.000	2.609
3051.000	2.609
3052.000	2.608
3053.000	2.608
3054.000	2.608
3055.000	2.608
3056.000	2.607
3057.000	2.607
3058.000	2.606
3059.000	2.606
3060.000	2.606
3061.000	2.605
3062.000	2.605
3063.000	2.605
3064.000	2.605
3065.000	2.604
3066.000	2.604
3067.000	2.603
3068.000	2.603
3069.000	2.603
3070.000	2.602
3071.000	2.602
3072.000	2.602
3073.000	2.601
3074.000	2.601
3075.000	2.601
3076.000	2.600
3077.000	2.600
3078.000	2.600
3079.000	2.599
3080.000	2.599
3081.000	2.599
3082.000	2.598
3083.000	2.598
3084.000	2.598
3085.000	2.598
3086.000	2.598
3087.000	2.597
3088.000	2.597
3089.000	2.597
3090.000	2.596
3091.000	2.596
3092.000	2.596
3093.000	2.596
3094.000	2.595
3095.000	2.595
3096.000	2.595
3097.000	2.595
3098.000	2.595
3099.000	2.594
3100.000	2.594
3101.000	2.594
3102.000	2.593
3103.000	2.593
3104.000	2.593
3105.000	2.593
3106.000	2.592
3107.000	2.592
3108.000	2.592
3109.000	2.592
3110.000	2.591
3111.000	2.591
3112.000	2.591
3113.000	2.591
3114.000	2.590
3115.000	2.590
3116.000	2.590
3117.000	2.590
3118.000	2.589
3119.000	2.589
3120.000	2.589
3121.000	2.589
3122.000	2.588
3123.000	2.588
3124.000	2.588
3125.000	2.588
3126.000	2.587
3127.000	2.587
3128.000	2.587
3129.000	2.586
3130.000	2.586
3131.000	2.586
3132.000	2.586
3133.000	2.586
3134.000	2.585
3135.000	2.585
3136.000	2.585
3137.000	2.585
3138.000	2.584
3139.000	2.584
3140.000	2.584
3141.000	2.583
3142.000	2.583
3143.000	2.583
3144.000	2.583
3145.000	2.583
3146.000	2.582
3147.000	2.582
3148.000	2.582
3149.000	2.582
3150.000	2.581
3151.000	2.581
3152.000	2.581
3153.000	2.581
3154.000	2.581
3155.000	2.580
3156.000	2.580
3157.000	2.580
3158.000	2.580
3159.000	2.580
3160.000	2.579
3161.000	2.579
3162.000	2.579
3163.000	2.579
3164.000	2.579
3165.000	2.579
3166.000	2.578
3167.000	2.578
3168.000	2.578
3169.000	2.578
3170.000	2.578
3171.000	2.578
3172.000	2.577
3173.000	2.577
3174.000	2.577
3175.000	2.577
3176.000	2.577
3177.000	2.577
3178.000	2.576
3179.000	2.576
3180.000	2.576
3181.000	2.576
3182.000	2.575
3183.000	2.575
3184.000	2.575
3185.000	2.575
3186.000	2.574
3187.000	2.574
3188.000	2.574
3189.000	2.574
3190.000	2.574
3191.000	2.573
3192.000	2.573
3193.000	2.573
3194.000	2.573
3195.000	2.572
3196.000	2.572
3197.000	2.572
3198.000	2.572
3199.000	2.572
3200.000	2.571
3201.000	2.571
3202.000	2.571
3203.000	2.571
3204.000	2.570
3205.000	2.570
3206.000	2.570
3207.000	2.570
3208.000	2.569
3209.000	2.569
3210.000	2.569
3211.000	2.569
3212.000	2.569
3213.000	2.569
3214.000	2.568
3215.000	2.568
3216.000	2.568
3217.000	2.568
3218.000	2.567
3219.000	2.567
3220.000	2.567
3221.000	2.567
3222.000	2.567
3223.000	2.567
3224.000	2.566
3225.000	2.566
3226.000	2.566
3227.000	2.566
3228.000	2.565
3229.000	2.565
3230.000	2.565
3231.000	2.565
3232.000	2.565
3233.000	2.565
3234.000	2.564
3235.000	2.564
3236.000	2.564
3237.000	2.564
3238.000	2.564
3239.000	2.563
3240.000	2.563
3241.000	2.563
3242.000	2.563
3243.000	2.563
3244.000	2.562
3245.000	2.562
3246.000	2.562
3247.000	2.562
3248.000	2.562
3249.000	2.561
3250.000	2.561
3251.000	2.561
3252.000	2.561
3253.000	2.561
3254.000	2.561
3255.000	2.560
3256.000	2.560
3257.000	2.560
3258.000	2.560
3259.000	2.560
3260.000	2.559
3261.000	2.559
3262.000	2.559
3263.000	2.559
3264.000	2.559
3265.000	2.559
3266.000	2.558
3267.000	2.558
3268.000	2.558
3269.000	2.558
3270.000	2.558
3271.000	2.557
3272.000	2.557
3273.000	2.557
3274.000	2.557
3275.000	2.557
3276.000	2.557
3277.000	2.556
3278.000	2.556
3279.000	2.556
3280.000	2.556
3281.000	2.556
3282.000	2.555
3283.000	2.555
3284.000	2.555
3285.000	2.555
3286.000	2.555
3287.000	2.555
3288.000	2.555
3289.000	2.554
3290.000	2.554
3291.000	2.554
3292.000	2.554
3293.000	2.554
3294.000	2.553
3295.000	2.553
3296.000	2.553
3297.000	2.553
3298.000	2.553
3299.000	2.553
3300.000	2.553
3301.000	2.552
3302.000	2.552
3303.000	2.552
3304.000	2.552
3305.000	2.552
3306.000	2.551
3307.000	2.551
3308.000	2.551
3309.000	2.551
3310.000	2.551
3311.000	2.551
3312.000	2.551
3313.000	2.550
3314.000	2.550
3315.000	2.550
3316.000	2.550
3317.000	2.550
3318.000	2.549
3319.000	2.549
3320.000	2.549
3321.000	2.549
3322.000	2.549
3323.000	2.549
3324.000	2.549
3325.000	2.548
3326.000	2.548
3327.000	2.548
3328.000	2.548
3329.000	2.548
3330.000	2.548
3331.000	2.547
3332.000	2.547
3333.000	2.547
3334.000	2.547
3335.000	2.547
3336.000	2.547
3337.000	2.546
3338.000	2.546
3339.000	2.546
3340.000	2.546
3341.000	2.546
3342.000	2.546
3343.000	2.546
3344.000	2.545
3345.000	2.545
3346.000	2.545
3347.000	2.545
3348.000	2.545
3349.000	2.544
3350.000	2.544
3351.000	2.544
3352.000	2.544
3353.000	2.544
3354.000	2.544
3355.000	2.544
3356.000	2.543
3357.000	2.543
3358.000	2.543
3359.000	2.543
3360.000	2.543
3361.000	2.542
3362.000	2.542
3363.000	2.542
3364.000	2.542
3365.000	2.542
3366.000	2.542
3367.000	2.542
3368.000	2.541
3369.000	2.541
3370.000	2.541
3371.000	2.541
3372.000	2.541
3373.000	2.541
3374.000	2.540
3375.000	2.540
3376.000	2.540
3377.000	2.540
3378.000	2.540
3379.000	2.540
3380.000	2.539
3381.000	2.539
3382.000	2.539
3383.000	2.539
3384.000	2.539
3385.000	2.539
3386.000	2.538
3387.000	2.538
3388.000	2.538
3389.000	2.538
3390.000	2.538
3391.000	2.538
3392.000	2.538
3393.000	2.537
3394.000	2.537
3395.000	2.537
3396.000	2.537
3397.000	2.537
3398.000	2.537
3399.000	2.537
3400.000	2.537
3401.000	2.537
3402.000	2.536
3403.000	2.536
3404.000	2.536
3405.000	2.536
3406.000	2.536
3407.000	2.536
3408.000	2.536
3409.000	2.535
3410.000	2.535
3411.000	2.535
3412.000	2.535
3413.000	2.535
3414.000	2.535
3415.000	2.535
3416.000	2.535
3417.000	2.535
3418.000	2.534
3419.000	2.534
3420.000	2.534
3421.000	2.534
3422.000	2.534
3423.000	2.534
3424.000	2.534
3425.000	2.534
3426.000	2.533
3427.000	2.533
3428.000	2.533
3429.000	2.533
3430.000	2.533
3431.000	2.533
3432.000	2.533
3433.000	2.533
3434.000	2.533
3435.000	2.532
3436.000	2.532
3437.000	2.532
3438.000	2.532
3439.000	2.532
3440.000	2.532
3441.000	2.532
3442.000	2.532
3443.000	2.532
3444.000	2.531
3445.000	2.531
3446.000	2.531
3447.000	2.531
3448.000	2.531
3449.000	2.531
3450.000	2.531
3451.000	2.531
3452.000	2.530
3453.000	2.530
3454.000	2.530
3455.000	2.530
3456.000	2.530
3457.000	2.530
3458.000	2.530
3459.000	2.530
3460.000	2.529
3461.000	2.529
3462.000	2.529
3463.000	2.529
3464.000	2.529
3465.000	2.529
3466.000	2.529
3467.000	2.529
3468.000	2.529
3469.000	2.528
3470.000	2.528
3471.000	2.528
3472.000	2.528
3473.000	2.528
3474.000	2.528
3475.000	2.528
3476.000	2.528
3477.000	2.528
3478.000	2.527
3479.000	2.527
3480.000	2.527
3481.000	2.527
3482.000	2.527
3483.000	2.527
3484.000	2.527
3485.000	2.526
3486.000	2.526
3487.000	2.526
3488.000	2.526
3489.000	2.526
3490.000	2.526
3491.000	2.526
3492.000	2.526
3493.000	2.526
3494.000	2.526
3495.000	2.525
3496.000	2.525
3497.000	2.525
3498.000	2.525
3499.000	2.525
3500.000	2.525
3501.000	2.525
3502.000	2.525
3503.000	2.525
3504.000	2.524
3505.000	2.524
3506.000	2.524
3507.000	2.524
3508.000	2.524
3509.000	2.524
3510.000	2.524
3511.000	2.524
3512.000	2.524
3513.000	2.523
3514.000	2.523
3515.000	2.523
3516.000	2.523
3517.000	2.523
3518.000	2.523
3519.000	2.523
3520.000	2.523
3521.000	2.523
3522.000	2.523
3523.000	2.522
3524.000	2.522
3525.000	2.522
3526.000	2.522
3527.000	2.522
3528.000	2.522
3529.000	2.522
3530.000	2.522
3531.000	2.521
3532.000	2.521
3533.000	2.521
3534.000	2.521
3535.000	2.521
3536.000	2.521
3537.000	2.521
3538.000	2.521
3539.000	2.521
3540.000	2.520
3541.000	2.520
3542.000	2.520
3543.000	2.520
3544.000	2.520
3545.000	2.520
3546.000	2.520
3547.000	2.520
3548.000	2.520
3549.000	2.520
3550.000	2.519
3551.000	2.519
3552.000	2.519
3553.000	2.519
3554.000	2.519
3555.000	2.519
3556.000	2.519
3557.000	2.519
3558.000	2.519
3559.000	2.518
3560.000	2.518
3561.000	2.518
3562.000	2.518
3563.000	2.518
3564.000	2.518
3565.000	2.518
3566.000	2.518
3567.000	2.518
3568.000	2.518
3569.000	2.517
3570.000	2.517
3571.000	2.517
3572.000	2.517
3573.000	2.517
3574.000	2.517
3575.000	2.517
3576.000	2.517
3577.000	2.517
3578.000	2.516
3579.000	2.516
3580.000	2.516
3581.000	2.516
3582.000	2.516
3583.000	2.516
3584.000	2.516
3585.000	2.516
3586.000	2.516
3587.000	2.515
3588.000	2.515
3589.000	2.515
3590.000	2.515
3591.000	2.515
3592.000	2.515
3593.000	2.515
3594.000	2.515
3595.000	2.515
3596.000	2.514
3597.000	2.514
3598.000	2.514
3599.000	2.514
3600.000	2.514
3601.000	2.514
3602.000	2.514
3603.000	2.514
3604.000	2.514
3605.000	2.514
3606.000	2.513
3607.000	2.513
3608.000	2.513
3609.000	2.513
3610.000	2.513
3611.000	2.513
3612.000	2.513
3613.000	2.513
3614.000	2.513
3615.000	2.513
3616.000	2.512
3617.000	2.512
3618.000	2.512
3619.000	2.512
3620.000	2.512
3621.000	2.512
3622.000	2.512
3623.000	2.512
3624.000	2.512
3625.000	2.512
3626.000	2.511
3627.000	2.511
3628.000	2.511
3629.000	2.511
3630.000	2.511
3631.000	2.511
3632.000	2.511
3633.000	2.511
3634.000	2.511
3635.000	2.511
3636.000	2.511
3637.000	2.510
3638.000	2.510
3639.000	2.510
3640.000	2.510
3641.000	2.510
3642.000	2.510
3643.000	2.510
3644.000	2.510
3645.000	2.510
3646.000	2.509
3647.000	2.509
3648.000	2.509
3649.000	2.509
3650.000	2.509
3651.000	2.509
3652.000	2.509
3653.000	2.508
3654.000	2.508
3655.000	2.508
3656.000	2.508
3657.000	2.508
3658.000	2.508
3659.000	2.508
3660.000	2.508
3661.000	2.507
3662.000	2.507
3663.000	2.507
3664.000	2.507
3665.000	2.507
3666.000	2.507
3667.000	2.507
3668.000	2.506
3669.000	2.506
3670.000	2.506
3671.000	2.506
3672.000	2.506
3673.000	2.506
3674.000	2.506
3675.000	2.506
3676.000	2.506
3677.000	2.505
3678.000	2.505
3679.000	2.505
3680.000	2.505
3681.000	2.505
3682.000	2.505
3683.000	2.505
3684.000	2.505
3685.000	2.505
3686.000	2.504
3687.000	2.504
3688.000	2.504
3689.000	2.504
3690.000	2.504
3691.000	2.504
3692.000	2.504
3693.000	2.504
3694.000	2.503
3695.000	2.503
3696.000	2.503
3697.000	2.503
3698.000	2.503
3699.000	2.503
3700.000	2.503
3701.000	2.502
3702.000	2.502
3703.000	2.502
3704.000	2.502
3705.000	2.502
3706.000	2.502
3707.000	2.501
3708.000	2.501
3709.000	2.501
3710.000	2.501
3711.000	2.501
3712.000	2.501
3713.000	2.500
3714.000	2.500
3715.000	2.500
3716.000	2.500
3717.000	2.500
3718.000	2.499
3719.000	2.499
3720.000	2.499
3721.000	2.499
3722.000	2.499
3723.000	2.499
3724.000	2.498
3725.000	2.498
3726.000	2.498
3727.000	2.498
3728.000	2.497
3729.000	2.497
3730.000	2.497
3731.000	2.497
3732.000	2.497
3733.000	2.497
3734.000	2.496
3735.000	2.496
3736.000	2.496
3737.000	2.496
3738.000	2.495
3739.000	2.495
3740.000	2.495
3741.000	2.494
3742.000	2.494
3743.000	2.494
3744.000	2.494
3745.000	2.494
3746.000	2.494
3747.000	2.494
3748.000	2.494
3749.000	2.494
3750.000	2.494
3751.000	2.494
3752.000	2.494
3753.000	2.494
3754.000	2.494
3755.000	2.494
3756.000	2.494
3757.000	2.494
3758.000	2.494
3759.000	2.494
3760.000	2.494
3761.000	2.494
3762.000	2.494
3763.000	2.494
3764.000	2.494
3765.000	2.494
3766.000	2.494
3767.000	2.494
3768.000	2.494
3769.000	2.494
3770.000	2.494
3771.000	2.494
3772.000	2.494
3773.000	2.494
3774.000	2.494
3775.000	2.494
3776.000	2.494
3777.000	2.494
3778.000	2.494
3779.000	2.494
3780.000	2.494
3781.000	2.494
3782.000	2.494
3783.000	2.494
3784.000	2.494
3785.000	2.494
3786.000	2.494
3787.000	2.494
3788.000	2.494
3789.000	2.494
3790.000	2.494
3791.000	2.494
3792.000	2.494
3793.000	2.494
3794.000	2.494
3795.000	2.494
3796.000	2.494
3797.000	2.494
3798.000	2.494
3799.000	2.494
3800.000	2.494
3801.000	2.494
3802.000	2.494
3803.000	2.494
3804.000	2.494
3805.000	2.494
3806.000	2.494
3807.000	2.494
3808.000	2.494
3809.000	2.494
3810.000	2.494
3811.000	2.494
3812.000	2.494
3813.000	2.494
3814.000	2.494
3815.000	2.494
3816.000	2.494
3817.000	2.494
3818.000	2.494
3819.000	2.494
3820.000	2.494
3821.000	2.494
3822.000	2.494
3823.000	2.494
3824.000	2.494
3825.000	2.494
3826.000	2.494
3827.000	2.494
3828.000	2.494
3829.000	2.494
3830.000	2.494
3831.000	2.494
3832.000	2.494
3833.000	2.494
3834.000	2.494
3835.000	2.494
3836.000	2.494
3837.000	2.494
3838.000	2.494
3839.000	2.494
3840.000	2.494
3841.000	2.494
3842.000	2.494
3843.000	2.494
3844.000	2.494
3845.000	2.494
3846.000	2.494
3847.000	2.494
3848.000	2.494
3849.000	2.494
3850.000	2.494
3851.000	2.494
3852.000	2.494
3853.000	2.494
3854.000	2.494
3855.000	2.494
3856.000	2.494
3857.000	2.494
3858.000	2.494
3859.000	2.494
3860.000	2.494
3861.000	2.494
3862.000	2.494
3863.000	2.494
3864.000	2.494
3865.000	2.494
3866.000	2.494
3867.000	2.494
3868.000	2.494
3869.000	2.494
3870.000	2.494
3871.000	2.494
3872.000	2.494
3873.000	2.494
3874.000	2.494
3875.000	2.494
3876.000	2.494
3877.000	2.494
3878.000	2.494
3879.000	2.494
3880.000	2.494
3881.000	2.494
3882.000	2.494
3883.000	2.494
3884.000	2.494
3885.000	2.494
3886.000	2.494
3887.000	2.494
3888.000	2.494
3889.000	2.494
3890.000	2.494
3891.000	2.494
3892.000	2.494
3893.000	2.494
3894.000	2.494
3895.000	2.494
3896.000	2.494
3897.000	2.494
3898.000	2.494
3899.000	2.494
3900.000	2.494
3901.000	2.494
3902.000	2.494
3903.000	2.494
3904.000	2.494
3905.000	2.494
3906.000	2.494
3907.000	2.494
3908.000	2.494
3909.000	2.494
3910.000	2.494
3911.000	2.494
3912.000	2.494
3913.000	2.494
3914.000	2.494
3915.000	2.494
3916.000	2.494
3917.000	2.494
3918.000	2.494
3919.000	2.494
3920.000	2.494
3921.000	2.494
3922.000	2.494
3923.000	2.494
3924.000	2.494
3925.000	2.494
3926.000	2.494
3927.000	2.494
3928.000	2.494
3929.000	2.494
3930.000	2.494
3931.000	2.494
3932.000	2.494
3933.000	2.494
3934.000	2.494
3935.000	2.494
3936.000	2.494
3937.000	2.494
3938.000	2.494
3939.000	2.494
3940.000	2.494
3941.000	2.494
3942.000	2.494
3943.000	2.494
3944.000	2.494
3945.000	2.494
3946.000	2.494
3947.000	2.494
3948.000	2.494
3949.000	2.494
3950.000	2.494
3951.000	2.494
3952.000	2.494
3953.000	2.494
3954.000	2.494
3955.000	2.494
3956.000	2.494
3957.000	2.494
3958.000	2.494
3959.000	2.494
3960.000	2.494
3961.000	2.494
3962.000	2.494
3963.000	2.494
3964.000	2.494
3965.000	2.494
3966.000	2.494
3967.000	2.494
3968.000	2.494
3969.000	2.494
3970.000	2.494
3971.000	2.494
3972.000	2.494
3973.000	2.494
3974.000	2.494
3975.000	2.494
3976.000	2.494
3977.000	2.494
3978.000	2.494
3979.000	2.494
3980.000	2.494
3981.000	2.494
3982.000	2.494
3983.000	2.455
3984.000	2.452
3985.000	2.452
3986.000	2.452
3987.000	2.452
3988.000	2.452
3989.000	2.452
3990.000	2.452
3991.000	2.452
3992.000	2.452
3993.000	2.452
3994.000	2.452
3995.000	2.452
3996.000	2.452
3997.000	2.452
3998.000	2.452
3999.000	2.452
4000.000	2.452
4001.000	2.452
4002.000	2.452
4003.000	2.452
4004.000	2.452
4005.000	2.452
4006.000	2.452
4007.000	2.452
4008.000	2.452
4009.000	2.452
4010.000	2.452
4011.000	2.452
4012.000	2.452
4013.000	2.452
4014.000	2.452
4015.000	2.452
4016.000	2.452
4017.000	2.452
4018.000	2.452
4019.000	2.452
4020.000	2.452
4021.000	2.452
4022.000	2.452
4023.000	2.452
4024.000	2.452
4025.000	2.452
4026.000	2.452
4027.000	2.452
4028.000	2.452
4029.000	2.452
4030.000	2.452
4031.000	2.452
4032.000	2.452
4033.000	2.452
4034.000	2.416
4035.000	2.416
4036.000	2.416
4037.000	2.416
4038.000	2.409
4039.000	2.409
4040.000	2.409
4041.000	2.409
4042.000	2.409
4043.000	2.409
4044.000	2.409
4045.000	2.409
4046.000	2.409
4047.000	2.409
4048.000	2.409
4049.000	2.409
4050.000	2.409
4051.000	2.409
4052.000	2.409
4053.000	2.386
4054.000	2.386
4055.000	2.386
4056.000	2.386
4057.000	2.386
4058.000	2.386
4059.000	2.386
4060.000	2.386
4061.000	2.386
4062.000	2.386
4063.000	2.386
4064.000	2.386
4065.000	2.386
4066.000	2.386
4067.000	2.386
4068.000	2.386
4069.000	2.386
4070.000	2.386
4071.000	2.386
4072.000	2.386
4073.000	2.386
4074.000	2.376
4075.000	2.376
4076.000	2.376
4077.000	2.376
4078.000	2.376
4079.000	2.376
4080.000	2.376
4081.000	2.359
4082.000	2.352
4083.000	2.352
4084.000	2.352
4085.000	2.352
4086.000	2.334
4087.000	2.334
4088.000	2.334
4089.000	2.334
4090.000	2.334
4091.000	2.334
4092.000	2.334
4093.000	2.334
4094.000	2.323
4095.000	2.296
