0.000	35.413
1.000	35.413
2.000	35.413
3.000	35.413
4.000	35.412
5.000	35.412
6.000	35.412
7.000	35.412
8.000	35.412
9.000	35.411
10.000	35.411
11.000	35.411
12.000	35.411
13.000	35.411
14.000	35.410
15.000	35.410
16.000	35.410
17.000	35.410
18.000	35.409
19.000	35.409
20.000	35.409
21.000	35.409
22.000	35.409
23.000	35.408
24.000	35.408
25.000	35.408
26.000	35.408
27.000	35.408
28.000	35.407
29.000	35.407
30.000	35.407
31.000	35.407
32.000	35.407
33.000	35.406
34.000	35.406
35.000	35.406
36.000	35.406
37.000	35.406
38.000	35.405
39.000	35.405
40.000	35.405
41.000	35.405
42.000	35.404
43.000	35.404
44.000	35.404
45.000	35.404
46.000	35.404
47.000	35.403
48.000	35.403
49.000	35.403
50.000	35.403
51.000	35.403
52.000	35.402
53.000	35.402
54.000	35.402
55.000	35.402
56.000	35.402
57.000	35.401
58.000	35.401
59.000	35.401
60.000	35.401
61.000	35.401
62.000	35.400
63.000	35.400
64.000	35.400
65.000	35.400
66.000	35.399
67.000	35.399
68.000	35.399
69.000	35.399
70.000	35.399
71.000	35.398
72.000	35.398
73.000	35.398
74.000	35.398
75.000	35.398
76.000	35.397
77.000	35.397
78.000	35.397
79.000	35.397
80.000	35.397
81.000	35.396
82.000	35.396
83.000	35.396
84.000	35.396
85.000	35.396
86.000	35.395
87.000	35.395
88.000	35.395
89.000	35.395
90.000	35.394
91.000	35.394
92.000	35.394
93.000	35.394
94.000	35.394
95.000	35.393
96.000	35.393
97.000	35.393
98.000	35.393
99.000	35.393
100.000	35.392
101.000	35.392
102.000	35.392
103.000	35.392
104.000	35.392
105.000	35.391
106.000	35.391
107.000	35.391
108.000	35.391
109.000	35.391
110.000	35.390
111.000	35.390
112.000	35.390
113.000	35.390
114.000	35.389
115.000	35.389
116.000	35.389
117.000	35.389
118.000	35.389
119.000	35.388
120.000	35.388
121.000	35.388
122.000	35.388
123.000	35.388
124.000	35.387
125.000	35.387
126.000	35.387
127.000	35.387
128.000	35.387
129.000	35.386
130.000	35.386
131.000	35.386
132.000	35.386
133.000	35.386
134.000	35.385
135.000	35.385
136.000	35.385
137.000	35.385
138.000	35.384
139.000	35.384
140.000	35.384
141.000	35.384
142.000	35.384
143.000	35.383
144.000	35.383
145.000	35.383
146.000	35.383
147.000	35.383
148.000	35.382
149.000	35.382
150.000	35.382
151.000	35.382
152.000	35.382
153.000	35.381
154.000	35.381
155.000	35.381
156.000	35.381
157.000	35.381
158.000	35.380
159.000	35.380
160.000	35.380
161.000	35.380
162.000	35.379
163.000	35.379
164.000	35.379
165.000	35.379
166.000	35.379
167.000	35.378
168.000	35.378
169.000	35.378
170.000	35.378
171.000	35.378
172.000	35.377
173.000	35.377
174.000	35.377
175.000	35.377
176.000	35.377
177.000	35.376
178.000	35.376
179.000	35.376
180.000	35.376
181.000	35.376
182.000	35.375
183.000	35.375
184.000	35.375
185.000	35.375
186.000	35.374
187.000	35.374
188.000	35.374
189.000	35.374
190.000	35.374
191.000	35.373
192.000	35.373
193.000	35.373
194.000	35.373
195.000	35.373
196.000	35.372
197.000	35.372
198.000	35.372
199.000	35.372
200.000	35.372
201.000	35.371
202.000	35.371
203.000	35.371
204.000	35.371
205.000	35.371
206.000	35.370
207.000	35.370
208.000	35.370
209.000	35.370
210.000	35.369
211.000	35.369
212.000	35.369
213.000	35.369
214.000	35.369
215.000	35.368
216.000	35.368
217.000	35.368
218.000	35.368
219.000	35.368
220.000	35.367
221.000	35.367
222.000	35.367
223.000	35.367
224.000	35.367
225.000	35.366
226.000	35.366
227.000	35.366
228.000	35.366
229.000	35.366
230.000	35.365
231.000	35.365
232.000	35.365
233.000	35.365
234.000	35.364
235.000	35.364
236.000	35.364
237.000	35.364
238.000	35.364
239.000	35.363
240.000	35.363
241.000	35.363
242.000	35.363
243.000	35.363
244.000	35.362
245.000	35.362
246.000	35.362
247.000	35.362
248.000	35.362
249.000	35.361
250.000	35.361
251.000	35.361
252.000	35.361
253.000	35.361
254.000	35.360
255.000	35.360
256.000	35.360
257.000	35.360
258.000	35.359
259.000	35.359
260.000	35.359
261.000	35.359
262.000	35.359
263.000	35.358
264.000	35.358
265.000	35.358
266.000	35.358
267.000	35.358
268.000	35.357
269.000	35.357
270.000	35.357
271.000	35.357
272.000	35.357
273.000	35.356
274.000	35.356
275.000	35.356
276.000	35.356
277.000	35.356
278.000	35.355
279.000	35.355
280.000	35.355
281.000	35.355
282.000	35.354
283.000	35.354
284.000	35.354
285.000	35.354
286.000	35.354
287.000	35.353
288.000	35.353
289.000	35.353
290.000	35.353
291.000	35.353
292.000	35.352
293.000	35.352
294.000	35.352
295.000	35.352
296.000	35.352
297.000	35.351
298.000	35.351
299.000	35.351
300.000	35.351
301.000	35.351
302.000	35.350
303.000	35.350
304.000	35.350
305.000	35.350
306.000	35.349
307.000	35.349
308.000	35.349
309.000	35.349
310.000	35.349
311.000	35.348
312.000	35.348
313.000	35.348
314.000	35.348
315.000	35.348
316.000	35.347
317.000	35.347
318.000	35.347
319.000	35.347
320.000	35.347
321.000	35.346
322.000	35.346
323.000	35.346
324.000	35.346
325.000	35.346
326.000	35.345
327.000	35.345
328.000	35.345
329.000	35.345
330.000	35.345
331.000	35.344
332.000	35.344
333.000	35.344
334.000	35.344
335.000	35.343
336.000	35.343
337.000	35.343
338.000	35.343
339.000	35.343
340.000	35.342
341.000	35.342
342.000	35.342
343.000	35.342
344.000	35.342
345.000	35.341
346.000	35.341
347.000	35.341
348.000	35.341
349.000	35.341
350.000	35.340
351.000	35.340
352.000	35.340
353.000	35.340
354.000	35.340
355.000	35.339
356.000	35.339
357.000	35.339
358.000	35.339
359.000	35.338
360.000	35.338
361.000	35.338
362.000	35.338
363.000	35.338
364.000	35.337
365.000	35.337
366.000	35.337
367.000	35.337
368.000	35.337
369.000	35.336
370.000	35.336
371.000	35.336
372.000	35.336
373.000	35.336
374.000	35.335
375.000	35.335
376.000	35.335
377.000	35.335
378.000	35.335
379.000	35.334
380.000	35.334
381.000	35.334
382.000	35.334
383.000	35.333
384.000	35.333
385.000	35.333
386.000	35.333
387.000	35.333
388.000	35.332
389.000	35.332
390.000	35.332
391.000	35.332
392.000	35.332
393.000	35.331
394.000	35.331
395.000	35.331
396.000	35.331
397.000	35.331
398.000	35.330
399.000	35.330
400.000	35.330
401.000	35.330
402.000	35.330
403.000	35.329
404.000	35.329
405.000	35.329
406.000	35.329
407.000	35.328
408.000	35.328
409.000	35.328
410.000	35.328
411.000	35.328
412.000	35.327
413.000	35.327
414.000	35.327
415.000	35.327
416.000	35.327
417.000	35.326
418.000	35.326
419.000	35.326
420.000	35.326
421.000	35.326
422.000	35.325
423.000	35.325
424.000	35.325
425.000	35.325
426.000	35.325
427.000	35.324
428.000	35.324
429.000	35.324
430.000	35.324
431.000	35.323
432.000	35.323
433.000	35.323
434.000	35.323
435.000	35.323
436.000	35.322
437.000	35.322
438.000	35.322
439.000	35.322
440.000	35.322
441.000	35.321
442.000	35.321
443.000	35.321
444.000	35.321
445.000	35.321
446.000	35.320
447.000	35.320
448.000	35.320
449.000	35.320
450.000	35.320
451.000	35.319
452.000	35.319
453.000	35.319
454.000	35.319
455.000	35.318
456.000	35.318
457.000	35.318
458.000	35.318
459.000	35.318
460.000	35.317
461.000	35.317
462.000	35.317
463.000	35.317
464.000	35.317
465.000	35.316
466.000	35.316
467.000	35.316
468.000	35.316
469.000	35.316
470.000	35.315
471.000	35.315
472.000	35.315
473.000	35.315
474.000	35.315
475.000	35.314
476.000	35.314
477.000	35.314
478.000	35.314
479.000	35.313
480.000	35.313
481.000	35.313
482.000	35.313
483.000	35.313
484.000	35.312
485.000	35.312
486.000	35.312
487.000	35.312
488.000	35.312
489.000	35.311
490.000	35.311
491.000	35.311
492.000	35.311
493.000	35.311
494.000	35.310
495.000	35.310
496.000	35.310
497.000	35.310
498.000	35.310
499.000	35.309
500.000	35.309
501.000	35.309
502.000	35.309
503.000	35.308
504.000	35.308
505.000	35.308
506.000	35.308
507.000	35.308
508.000	35.307
509.000	35.307
510.000	35.307
511.000	35.307
512.000	35.307
513.000	35.306
514.000	35.306
515.000	35.306
516.000	35.306
517.000	35.306
518.000	35.305
519.000	35.305
520.000	35.305
521.000	35.305
522.000	35.305
523.000	35.304
524.000	35.304
525.000	35.304
526.000	35.304
527.000	35.303
528.000	35.303
529.000	35.303
530.000	35.303
531.000	35.303
532.000	35.302
533.000	35.302
534.000	35.302
535.000	35.302
536.000	35.302
537.000	35.301
538.000	35.301
539.000	35.301
540.000	35.301
541.000	35.301
542.000	35.300
543.000	35.300
544.000	35.300
545.000	35.300
546.000	35.300
547.000	35.299
548.000	35.299
549.000	35.299
550.000	35.299
551.000	35.298
552.000	35.298
553.000	35.298
554.000	35.298
555.000	35.298
556.000	35.297
557.000	35.297
558.000	35.297
559.000	35.297
560.000	35.297
561.000	35.296
562.000	35.296
563.000	35.296
564.000	35.296
565.000	35.296
566.000	35.295
567.000	35.295
568.000	35.295
569.000	35.295
570.000	35.295
571.000	35.294
572.000	35.294
573.000	35.294
574.000	35.294
575.000	35.293
576.000	35.293
577.000	35.293
578.000	35.293
579.000	35.293
580.000	35.292
581.000	35.292
582.000	35.292
583.000	35.292
584.000	35.292
585.000	35.291
586.000	35.291
587.000	35.291
588.000	35.291
589.000	35.291
590.000	35.290
591.000	35.290
592.000	35.290
593.000	35.290
594.000	35.290
595.000	35.289
596.000	35.289
597.000	35.289
598.000	35.289
599.000	35.288
600.000	35.288
601.000	35.288
602.000	35.288
603.000	35.288
604.000	35.287
605.000	35.287
606.000	35.287
607.000	35.287
608.000	35.287
609.000	35.286
610.000	35.286
611.000	35.286
612.000	35.286
613.000	35.286
614.000	35.285
615.000	35.285
616.000	35.285
617.000	35.285
618.000	35.285
619.000	35.284
620.000	35.284
621.000	35.284
622.000	35.284
623.000	35.283
624.000	35.283
625.000	35.283
626.000	35.283
627.000	35.283
628.000	35.282
629.000	35.282
630.000	35.282
631.000	35.282
632.000	35.282
633.000	35.281
634.000	35.281
635.000	35.281
636.000	35.281
637.000	35.281
638.000	35.280
639.000	35.280
640.000	35.280
641.000	35.280
642.000	35.280
643.000	35.279
644.000	35.279
645.000	35.279
646.000	35.279
647.000	35.278
648.000	35.278
649.000	35.278
650.000	35.278
651.000	35.278
652.000	35.277
653.000	35.277
654.000	35.277
655.000	35.277
656.000	35.277
657.000	35.276
658.000	35.276
659.000	35.276
660.000	35.276
661.000	35.276
662.000	35.275
663.000	35.275
664.000	35.275
665.000	35.275
666.000	35.275
667.000	35.274
668.000	35.274
669.000	35.274
670.000	35.274
671.000	35.273
672.000	35.273
673.000	35.273
674.000	35.273
675.000	35.273
676.000	35.272
677.000	35.272
678.000	35.272
679.000	35.272
680.000	35.272
681.000	35.271
682.000	35.271
683.000	35.271
684.000	35.271
685.000	35.271
686.000	35.270
687.000	35.270
688.000	35.270
689.000	35.270
690.000	35.270
691.000	35.269
692.000	35.269
693.000	35.269
694.000	35.269
695.000	35.268
696.000	35.268
697.000	35.268
698.000	35.268
699.000	35.268
700.000	35.267
701.000	35.267
702.000	35.267
703.000	35.267
704.000	35.267
705.000	35.266
706.000	35.266
707.000	35.266
708.000	35.266
709.000	35.266
710.000	35.265
711.000	35.265
712.000	35.265
713.000	35.265
714.000	35.265
715.000	35.264
716.000	35.264
717.000	35.264
718.000	35.264
719.000	35.263
720.000	35.263
721.000	35.263
722.000	35.263
723.000	35.263
724.000	35.262
725.000	35.262
726.000	35.262
727.000	35.262
728.000	35.262
729.000	35.261
730.000	35.261
731.000	35.261
732.000	35.261
733.000	35.261
734.000	35.260
735.000	35.260
736.000	35.260
737.000	35.260
738.000	35.260
739.000	35.259
740.000	35.259
741.000	35.259
742.000	35.259
743.000	35.258
744.000	35.258
745.000	35.258
746.000	35.258
747.000	35.258
748.000	35.257
749.000	35.257
750.000	35.257
751.000	35.257
752.000	35.257
753.000	35.256
754.000	35.256
755.000	35.256
756.000	35.256
757.000	35.256
758.000	35.255
759.000	35.255
760.000	35.255
761.000	35.255
762.000	35.255
763.000	35.254
764.000	35.254
765.000	35.254
766.000	35.254
767.000	35.253
768.000	35.253
769.000	35.253
770.000	35.253
771.000	35.253
772.000	35.252
773.000	35.252
774.000	35.252
775.000	35.252
776.000	35.252
777.000	35.251
778.000	35.251
779.000	35.251
780.000	35.251
781.000	35.251
782.000	35.250
783.000	35.250
784.000	35.250
785.000	35.250
786.000	35.250
787.000	35.249
788.000	35.249
789.000	35.249
790.000	35.249
791.000	35.249
792.000	35.248
793.000	35.248
794.000	35.248
795.000	35.248
796.000	35.247
797.000	35.247
798.000	35.247
799.000	35.247
800.000	35.247
801.000	35.246
802.000	35.246
803.000	35.246
804.000	35.246
805.000	35.246
806.000	35.245
807.000	35.245
808.000	35.245
809.000	35.245
810.000	35.245
811.000	35.244
812.000	35.244
813.000	35.244
814.000	35.244
815.000	35.244
816.000	35.243
817.000	35.243
818.000	35.243
819.000	35.243
820.000	35.242
821.000	35.242
822.000	35.242
823.000	35.242
824.000	35.242
825.000	35.241
826.000	35.241
827.000	35.241
828.000	35.241
829.000	35.241
830.000	35.240
831.000	35.240
832.000	35.240
833.000	35.240
834.000	35.240
835.000	35.239
836.000	35.239
837.000	35.239
838.000	35.239
839.000	35.239
840.000	35.238
841.000	35.238
842.000	35.238
843.000	35.238
844.000	35.237
845.000	35.237
846.000	35.237
847.000	35.237
848.000	35.237
849.000	35.236
850.000	35.236
851.000	35.236
852.000	35.236
853.000	35.236
854.000	35.235
855.000	35.235
856.000	35.235
857.000	35.235
858.000	35.235
859.000	35.234
860.000	35.234
861.000	35.234
862.000	35.234
863.000	35.234
864.000	35.233
865.000	35.233
866.000	35.233
867.000	35.233
868.000	35.232
869.000	35.232
870.000	35.232
871.000	35.232
872.000	35.232
873.000	35.231
874.000	35.231
875.000	35.231
876.000	35.231
877.000	35.231
878.000	35.230
879.000	35.230
880.000	35.230
881.000	35.230
882.000	35.230
883.000	35.229
884.000	35.229
885.000	35.229
886.000	35.229
887.000	35.229
888.000	35.228
889.000	35.228
890.000	35.228
891.000	35.228
892.000	35.227
893.000	35.227
894.000	35.227
895.000	35.227
896.000	35.227
897.000	35.226
898.000	35.226
899.000	35.226
900.000	35.226
901.000	35.226
902.000	35.225
903.000	35.225
904.000	35.225
905.000	35.225
906.000	35.225
907.000	35.224
908.000	35.224
909.000	35.224
910.000	35.224
911.000	35.224
912.000	35.223
913.000	35.223
914.000	35.223
915.000	35.223
916.000	35.222
917.000	35.222
918.000	35.222
919.000	35.222
920.000	35.222
921.000	35.221
922.000	35.221
923.000	35.221
924.000	35.221
925.000	35.221
926.000	35.220
927.000	35.220
928.000	35.220
929.000	35.220
930.000	35.220
931.000	35.219
932.000	35.219
933.000	35.219
934.000	35.219
935.000	35.219
936.000	35.218
937.000	35.218
938.000	35.218
939.000	35.218
940.000	35.217
941.000	35.217
942.000	35.217
943.000	35.217
944.000	35.217
945.000	35.216
946.000	35.216
947.000	35.216
948.000	35.216
949.000	35.216
950.000	35.215
951.000	35.215
952.000	35.215
953.000	35.215
954.000	35.215
955.000	35.214
956.000	35.214
957.000	35.214
958.000	35.214
959.000	35.214
960.000	35.213
961.000	35.213
962.000	35.213
963.000	35.213
964.000	35.212
965.000	35.212
966.000	35.212
967.000	35.212
968.000	35.212
969.000	35.211
970.000	35.211
971.000	35.211
972.000	35.211
973.000	35.211
974.000	35.210
975.000	35.210
976.000	35.210
977.000	35.210
978.000	35.210
979.000	35.209
980.000	35.209
981.000	35.209
982.000	35.209
983.000	35.209
984.000	35.208
985.000	35.208
986.000	35.208
987.000	35.208
988.000	35.207
989.000	35.207
990.000	35.207
991.000	35.207
992.000	35.207
993.000	35.206
994.000	35.206
995.000	35.206
996.000	35.206
997.000	35.206
998.000	35.205
999.000	35.205
1000.000	35.205
1001.000	35.205
1002.000	35.205
1003.000	35.204
1004.000	35.204
1005.000	35.204
1006.000	35.204
1007.000	35.204
1008.000	35.203
1009.000	35.203
1010.000	35.203
1011.000	35.203
1012.000	35.202
1013.000	35.202
1014.000	35.202
1015.000	35.202
1016.000	35.202
1017.000	35.201
1018.000	35.201
1019.000	35.201
1020.000	35.201
1021.000	35.201
1022.000	35.200
1023.000	35.200
1024.000	35.200
1025.000	35.200
1026.000	35.200
1027.000	35.199
1028.000	35.199
1029.000	35.199
1030.000	35.199
1031.000	35.199
1032.000	35.198
1033.000	35.198
1034.000	35.198
1035.000	35.198
1036.000	35.197
1037.000	35.197
1038.000	35.197
1039.000	35.197
1040.000	35.197
1041.000	35.196
1042.000	35.196
1043.000	35.196
1044.000	35.196
1045.000	35.196
1046.000	35.195
1047.000	35.195
1048.000	35.195
1049.000	35.195
1050.000	35.195
1051.000	35.194
1052.000	35.194
1053.000	35.194
1054.000	35.194
1055.000	35.194
1056.000	35.193
1057.000	35.193
1058.000	35.193
1059.000	35.193
1060.000	35.192
1061.000	35.192
1062.000	35.192
1063.000	35.192
1064.000	35.192
1065.000	35.191
1066.000	35.191
1067.000	35.191
1068.000	35.191
1069.000	35.191
1070.000	35.190
1071.000	35.190
1072.000	35.190
1073.000	35.190
1074.000	35.190
1075.000	35.189
1076.000	35.189
1077.000	35.189
1078.000	35.189
1079.000	35.189
1080.000	35.188
1081.000	35.188
1082.000	35.188
1083.000	35.188
1084.000	35.187
1085.000	35.187
1086.000	35.187
1087.000	35.187
1088.000	35.187
1089.000	35.186
1090.000	35.186
1091.000	35.186
1092.000	35.186
1093.000	35.186
1094.000	35.185
1095.000	35.185
1096.000	35.185
1097.000	35.185
1098.000	35.185
1099.000	35.184
1100.000	35.184
1101.000	35.184
1102.000	35.184
1103.000	35.184
1104.000	35.183
1105.000	35.183
1106.000	35.183
1107.000	35.183
1108.000	35.182
1109.000	35.182
1110.000	35.182
1111.000	35.182
1112.000	35.182
1113.000	35.181
1114.000	35.181
1115.000	35.181
1116.000	35.181
1117.000	35.181
1118.000	35.180
1119.000	35.180
1120.000	35.180
1121.000	35.180
1122.000	35.180
1123.000	35.179
1124.000	35.179
1125.000	35.179
1126.000	35.179
1127.000	35.179
1128.000	35.178
1129.000	35.178
1130.000	35.178
1131.000	35.178
1132.000	35.177
1133.000	35.177
1134.000	35.177
1135.000	35.177
1136.000	35.177
1137.000	35.176
1138.000	35.176
1139.000	35.176
1140.000	35.176
1141.000	35.176
1142.000	35.175
1143.000	35.175
1144.000	35.175
1145.000	35.175
1146.000	35.175
1147.000	35.174
1148.000	35.174
1149.000	35.174
1150.000	35.174
1151.000	35.174
1152.000	35.173
1153.000	35.173
1154.000	35.173
1155.000	35.173
1156.000	35.172
1157.000	35.172
1158.000	35.172
1159.000	35.172
1160.000	35.172
1161.000	35.171
1162.000	35.171
1163.000	35.171
1164.000	35.171
1165.000	35.171
1166.000	35.170
1167.000	35.170
1168.000	35.170
1169.000	35.170
1170.000	35.170
1171.000	35.169
1172.000	35.169
1173.000	35.169
1174.000	35.169
1175.000	35.169
1176.000	35.168
1177.000	35.168
1178.000	35.168
1179.000	35.168
1180.000	35.167
1181.000	35.167
1182.000	35.167
1183.000	35.167
1184.000	35.167
1185.000	35.166
1186.000	35.166
1187.000	35.166
1188.000	35.166
1189.000	35.166
1190.000	35.165
1191.000	35.165
1192.000	35.165
1193.000	35.165
1194.000	35.165
1195.000	35.164
1196.000	35.164
1197.000	35.164
1198.000	35.164
1199.000	35.164
1200.000	35.163
1201.000	35.163
1202.000	35.163
1203.000	35.163
1204.000	35.162
1205.000	35.162
1206.000	35.162
1207.000	35.162
1208.000	35.162
1209.000	35.161
1210.000	35.161
1211.000	35.161
1212.000	35.161
1213.000	35.161
1214.000	35.160
1215.000	35.160
1216.000	35.160
1217.000	35.160
1218.000	35.160
1219.000	35.159
1220.000	35.159
1221.000	35.159
1222.000	35.159
1223.000	35.159
1224.000	35.158
1225.000	35.158
1226.000	35.158
1227.000	35.158
1228.000	35.157
1229.000	35.157
1230.000	35.157
1231.000	35.157
1232.000	35.157
1233.000	35.156
1234.000	35.156
1235.000	35.156
1236.000	35.156
1237.000	35.156
1238.000	35.155
1239.000	35.155
1240.000	35.155
1241.000	35.155
1242.000	35.155
1243.000	35.154
1244.000	35.154
1245.000	35.154
1246.000	35.154
1247.000	35.154
1248.000	35.153
1249.000	35.153
1250.000	35.153
1251.000	35.153
1252.000	35.153
1253.000	35.152
1254.000	35.152
1255.000	35.152
1256.000	35.152
1257.000	35.151
1258.000	35.151
1259.000	35.151
1260.000	35.151
1261.000	35.151
1262.000	35.150
1263.000	35.150
1264.000	35.150
1265.000	35.150
1266.000	35.150
1267.000	35.149
1268.000	35.149
1269.000	35.149
1270.000	35.149
1271.000	35.149
1272.000	35.148
1273.000	35.148
1274.000	35.148
1275.000	35.148
1276.000	35.148
1277.000	35.147
1278.000	35.147
1279.000	35.147
1280.000	35.147
1281.000	35.146
1282.000	35.146
1283.000	35.146
1284.000	35.146
1285.000	35.146
1286.000	35.145
1287.000	35.145
1288.000	35.145
1289.000	35.145
1290.000	35.145
1291.000	35.144
1292.000	35.144
1293.000	35.144
1294.000	35.144
1295.000	35.144
1296.000	35.143
1297.000	35.143
1298.000	35.143
1299.000	35.143
1300.000	35.143
1301.000	35.142
1302.000	35.142
1303.000	35.142
1304.000	35.142
1305.000	35.141
1306.000	35.141
1307.000	35.141
1308.000	35.141
1309.000	35.141
1310.000	35.140
1311.000	35.140
1312.000	35.140
1313.000	35.140
1314.000	35.140
1315.000	35.139
1316.000	35.139
1317.000	35.139
1318.000	35.139
1319.000	35.139
1320.000	35.138
1321.000	35.138
1322.000	35.138
1323.000	35.138
1324.000	35.138
1325.000	35.137
1326.000	35.137
1327.000	35.137
1328.000	35.137
1329.000	35.136
1330.000	35.136
1331.000	35.136
1332.000	35.136
1333.000	35.136
1334.000	35.135
1335.000	35.135
1336.000	35.135
1337.000	35.135
1338.000	35.135
1339.000	35.134
1340.000	35.134
1341.000	35.134
1342.000	35.134
1343.000	35.134
1344.000	35.133
1345.000	35.133
1346.000	35.133
1347.000	35.133
1348.000	35.133
1349.000	35.132
1350.000	35.132
1351.000	35.132
1352.000	35.132
1353.000	35.131
1354.000	35.131
1355.000	35.131
1356.000	35.131
1357.000	35.131
1358.000	35.130
1359.000	35.130
1360.000	35.130
1361.000	35.130
1362.000	35.130
1363.000	35.129
1364.000	35.129
1365.000	35.129
1366.000	35.129
1367.000	35.129
1368.000	35.128
1369.000	35.128
1370.000	35.128
1371.000	35.128
1372.000	35.128
1373.000	35.127
1374.000	35.127
1375.000	35.127
1376.000	35.127
1377.000	35.126
1378.000	35.126
1379.000	35.126
1380.000	35.126
1381.000	35.126
1382.000	35.125
1383.000	35.125
1384.000	35.125
1385.000	35.125
1386.000	35.125
1387.000	35.124
1388.000	35.124
1389.000	35.124
1390.000	35.124
1391.000	35.124
1392.000	35.123
1393.000	35.123
1394.000	35.123
1395.000	35.123
1396.000	35.123
1397.000	35.122
1398.000	35.122
1399.000	35.122
1400.000	35.122
1401.000	35.121
1402.000	35.121
1403.000	35.121
1404.000	35.121
1405.000	35.121
1406.000	35.120
1407.000	35.120
1408.000	35.120
1409.000	35.120
1410.000	35.120
1411.000	35.119
1412.000	35.119
1413.000	35.119
1414.000	35.119
1415.000	35.119
1416.000	35.118
1417.000	35.118
1418.000	35.118
1419.000	35.118
1420.000	35.118
1421.000	35.117
1422.000	35.117
1423.000	35.117
1424.000	35.117
1425.000	35.116
1426.000	35.116
1427.000	35.116
1428.000	35.116
1429.000	35.116
1430.000	35.115
1431.000	35.115
1432.000	35.115
1433.000	35.115
1434.000	35.115
1435.000	35.114
1436.000	35.114
1437.000	35.114
1438.000	35.114
1439.000	35.114
1440.000	35.113
1441.000	35.113
1442.000	35.113
1443.000	35.113
1444.000	35.113
1445.000	35.112
1446.000	35.112
1447.000	35.112
1448.000	35.112
1449.000	35.111
1450.000	35.111
1451.000	35.111
1452.000	35.111
1453.000	35.111
1454.000	35.110
1455.000	35.110
1456.000	35.110
1457.000	35.110
1458.000	35.110
1459.000	35.109
1460.000	35.109
1461.000	35.109
1462.000	35.109
1463.000	35.109
1464.000	35.108
1465.000	35.108
1466.000	35.108
1467.000	35.108
1468.000	35.108
1469.000	35.107
1470.000	35.107
1471.000	35.107
1472.000	35.107
1473.000	35.106
1474.000	35.106
1475.000	35.106
1476.000	35.106
1477.000	35.106
1478.000	35.105
1479.000	35.105
1480.000	35.105
1481.000	35.105
1482.000	35.105
1483.000	35.104
1484.000	35.104
1485.000	35.104
1486.000	35.104
1487.000	35.104
1488.000	35.103
1489.000	35.103
1490.000	35.103
1491.000	35.103
1492.000	35.103
1493.000	35.102
1494.000	35.102
1495.000	35.102
1496.000	35.102
1497.000	35.101
1498.000	35.101
1499.000	35.101
1500.000	35.101
1501.000	35.101
1502.000	35.100
1503.000	35.100
1504.000	35.100
1505.000	35.100
1506.000	35.100
1507.000	35.099
1508.000	35.099
1509.000	35.099
1510.000	35.099
1511.000	35.099
1512.000	35.098
1513.000	35.098
1514.000	35.098
1515.000	35.098
1516.000	35.098
1517.000	35.097
1518.000	35.097
1519.000	35.097
1520.000	35.097
1521.000	35.096
1522.000	35.096
1523.000	35.096
1524.000	35.096
1525.000	35.096
1526.000	35.095
1527.000	35.095
1528.000	35.095
1529.000	35.095
1530.000	35.095
1531.000	35.094
1532.000	35.094
1533.000	35.094
1534.000	35.094
1535.000	35.094
1536.000	35.093
1537.000	35.093
1538.000	35.093
1539.000	35.093
1540.000	35.093
1541.000	35.092
1542.000	35.092
1543.000	35.092
1544.000	35.092
1545.000	35.091
1546.000	35.091
1547.000	35.091
1548.000	35.091
1549.000	35.091
1550.000	35.090
1551.000	35.090
1552.000	35.090
1553.000	35.090
1554.000	35.090
1555.000	35.089
1556.000	35.089
1557.000	35.089
1558.000	35.089
1559.000	35.089
1560.000	35.088
1561.000	35.088
1562.000	35.088
1563.000	35.088
1564.000	35.088
1565.000	35.087
1566.000	35.087
1567.000	35.087
1568.000	35.087
1569.000	35.086
1570.000	35.086
1571.000	35.086
1572.000	35.086
1573.000	35.086
1574.000	35.085
1575.000	35.085
1576.000	35.085
1577.000	35.085
1578.000	35.085
1579.000	35.084
1580.000	35.084
1581.000	35.084
1582.000	35.084
1583.000	35.084
1584.000	35.083
1585.000	35.083
1586.000	35.083
1587.000	35.083
1588.000	35.083
1589.000	35.082
1590.000	35.082
1591.000	35.082
1592.000	35.082
1593.000	35.081
1594.000	35.081
1595.000	35.081
1596.000	35.081
1597.000	35.081
1598.000	35.080
1599.000	35.080
1600.000	35.080
1601.000	35.080
1602.000	35.080
1603.000	35.079
1604.000	35.079
1605.000	35.079
1606.000	35.079
1607.000	35.079
1608.000	35.078
1609.000	35.078
1610.000	35.078
1611.000	35.078
1612.000	35.078
1613.000	35.077
1614.000	35.077
1615.000	35.077
1616.000	35.077
1617.000	35.076
1618.000	35.076
1619.000	35.076
1620.000	35.076
1621.000	35.076
1622.000	35.075
1623.000	35.075
1624.000	35.075
1625.000	35.075
1626.000	35.075
1627.000	35.074
1628.000	35.074
1629.000	35.074
1630.000	35.074
1631.000	35.074
1632.000	35.073
1633.000	35.073
1634.000	35.073
1635.000	35.073
1636.000	35.073
1637.000	35.072
1638.000	35.072
1639.000	35.072
1640.000	35.072
1641.000	35.071
1642.000	35.071
1643.000	35.071
1644.000	35.071
1645.000	35.071
1646.000	35.070
1647.000	35.070
1648.000	35.070
1649.000	35.070
1650.000	35.070
1651.000	35.069
1652.000	35.069
1653.000	35.069
1654.000	35.069
1655.000	35.069
1656.000	35.068
1657.000	35.068
1658.000	35.068
1659.000	35.068
1660.000	35.068
1661.000	35.067
1662.000	35.067
1663.000	35.067
1664.000	35.067
1665.000	35.066
1666.000	35.066
1667.000	35.066
1668.000	35.066
1669.000	35.066
1670.000	35.065
1671.000	35.065
1672.000	35.065
1673.000	35.065
1674.000	35.065
1675.000	35.064
1676.000	35.064
1677.000	35.064
1678.000	35.064
1679.000	35.064
1680.000	35.063
1681.000	35.063
1682.000	35.063
1683.000	35.063
1684.000	35.063
1685.000	35.062
1686.000	35.062
1687.000	35.062
1688.000	35.062
1689.000	35.061
1690.000	35.061
1691.000	35.061
1692.000	35.061
1693.000	35.061
1694.000	35.060
1695.000	35.060
1696.000	35.060
1697.000	35.060
1698.000	35.060
1699.000	35.059
1700.000	35.059
1701.000	35.059
1702.000	35.059
1703.000	35.059
1704.000	35.058
1705.000	35.058
1706.000	35.058
1707.000	35.058
1708.000	35.058
1709.000	35.057
1710.000	35.057
1711.000	35.057
1712.000	35.057
1713.000	35.057
1714.000	35.056
1715.000	35.056
1716.000	35.056
1717.000	35.056
1718.000	35.055
1719.000	35.055
1720.000	35.055
1721.000	35.055
1722.000	35.055
1723.000	35.054
1724.000	35.054
1725.000	35.054
1726.000	35.054
1727.000	35.054
1728.000	35.053
1729.000	35.053
1730.000	35.053
1731.000	35.053
1732.000	35.053
1733.000	35.052
1734.000	35.052
1735.000	35.052
1736.000	35.052
1737.000	35.052
1738.000	35.051
1739.000	35.051
1740.000	35.051
1741.000	35.051
1742.000	35.050
1743.000	35.050
1744.000	35.050
1745.000	35.050
1746.000	35.050
1747.000	35.049
1748.000	35.049
1749.000	35.049
1750.000	35.049
1751.000	35.049
1752.000	35.048
1753.000	35.048
1754.000	35.048
1755.000	35.048
1756.000	35.048
1757.000	35.047
1758.000	35.047
1759.000	35.047
1760.000	35.047
1761.000	35.047
1762.000	35.046
1763.000	35.046
1764.000	35.046
1765.000	35.046
1766.000	35.045
1767.000	35.045
1768.000	35.045
1769.000	35.045
1770.000	35.045
1771.000	35.044
1772.000	35.044
1773.000	35.044
1774.000	35.044
1775.000	35.044
1776.000	35.043
1777.000	35.043
1778.000	35.043
1779.000	35.043
1780.000	35.043
1781.000	35.042
1782.000	35.042
1783.000	35.042
1784.000	35.042
1785.000	35.042
1786.000	35.041
1787.000	35.041
1788.000	35.041
1789.000	35.041
1790.000	35.040
1791.000	35.040
1792.000	35.040
1793.000	35.040
1794.000	35.040
1795.000	35.039
1796.000	35.039
1797.000	35.039
1798.000	35.039
1799.000	35.039
1800.000	35.038
1801.000	35.038
1802.000	35.038
1803.000	35.038
1804.000	35.038
1805.000	35.037
1806.000	35.037
1807.000	35.037
1808.000	35.037
1809.000	35.037
1810.000	35.036
1811.000	35.036
1812.000	35.036
1813.000	35.036
1814.000	35.035
1815.000	35.035
1816.000	35.035
1817.000	35.035
1818.000	35.035
1819.000	35.034
1820.000	35.034
1821.000	35.034
1822.000	35.034
1823.000	35.034
1824.000	35.033
1825.000	35.033
1826.000	35.033
1827.000	35.033
1828.000	35.033
1829.000	35.032
1830.000	35.032
1831.000	35.032
1832.000	35.032
1833.000	35.032
1834.000	35.031
1835.000	35.031
1836.000	35.031
1837.000	35.031
1838.000	35.030
1839.000	35.030
1840.000	35.030
1841.000	35.030
1842.000	35.030
1843.000	35.029
1844.000	35.029
1845.000	35.029
1846.000	35.029
1847.000	35.029
1848.000	35.028
1849.000	35.028
1850.000	35.028
1851.000	35.028
1852.000	35.028
1853.000	35.027
1854.000	35.027
1855.000	35.027
1856.000	35.027
1857.000	35.027
1858.000	35.026
1859.000	35.026
1860.000	35.026
1861.000	35.026
1862.000	35.025
1863.000	35.025
1864.000	35.025
1865.000	35.025
1866.000	35.025
1867.000	35.024
1868.000	35.024
1869.000	35.024
1870.000	35.024
1871.000	35.024
1872.000	35.023
1873.000	35.023
1874.000	35.023
1875.000	35.023
1876.000	35.023
1877.000	35.022
1878.000	35.022
1879.000	35.022
1880.000	35.022
1881.000	35.022
1882.000	35.021
1883.000	35.021
1884.000	35.021
1885.000	35.021
1886.000	35.020
1887.000	35.020
1888.000	35.020
1889.000	35.020
1890.000	35.020
1891.000	35.019
1892.000	35.019
1893.000	35.019
1894.000	35.019
1895.000	35.019
1896.000	35.018
1897.000	35.018
1898.000	35.018
1899.000	35.018
1900.000	35.018
1901.000	35.017
1902.000	35.017
1903.000	35.017
1904.000	35.017
1905.000	35.017
1906.000	35.016
1907.000	35.016
1908.000	35.016
1909.000	35.016
1910.000	35.015
1911.000	35.015
1912.000	35.015
1913.000	35.015
1914.000	35.015
1915.000	35.014
1916.000	35.014
1917.000	35.014
1918.000	35.014
1919.000	35.014
1920.000	35.013
1921.000	35.013
1922.000	35.013
1923.000	35.013
1924.000	35.013
1925.000	35.012
1926.000	35.012
1927.000	35.012
1928.000	35.012
1929.000	35.012
1930.000	35.011
1931.000	35.011
1932.000	35.011
1933.000	35.011
1934.000	35.010
1935.000	35.010
1936.000	35.010
1937.000	35.010
1938.000	35.010
1939.000	35.009
1940.000	35.009
1941.000	35.009
1942.000	35.009
1943.000	35.009
1944.000	35.008
1945.000	35.008
1946.000	35.008
1947.000	35.008
1948.000	35.008
1949.000	35.007
1950.000	35.007
1951.000	35.007
1952.000	35.007
1953.000	35.007
1954.000	35.006
1955.000	35.006
1956.000	35.006
1957.000	35.006
1958.000	35.005
1959.000	35.005
1960.000	35.005
1961.000	35.005
1962.000	35.005
1963.000	35.004
1964.000	35.004
1965.000	35.004
1966.000	35.004
1967.000	35.004
1968.000	35.003
1969.000	35.003
1970.000	35.003
1971.000	35.003
1972.000	35.003
1973.000	35.002
1974.000	35.002
1975.000	35.002
1976.000	35.002
1977.000	35.002
1978.000	35.001
1979.000	35.001
1980.000	35.001
1981.000	35.001
1982.000	35.000
1983.000	35.000
1984.000	35.000
1985.000	35.000
1986.000	35.000
1987.000	34.999
1988.000	34.999
1989.000	34.999
1990.000	34.999
1991.000	34.999
1992.000	34.998
1993.000	34.998
1994.000	34.998
1995.000	34.998
1996.000	34.998
1997.000	34.997
1998.000	34.997
1999.000	34.997
2000.000	34.997
2001.000	34.997
2002.000	34.996
2003.000	34.996
2004.000	34.996
2005.000	34.996
2006.000	34.995
2007.000	34.995
2008.000	34.995
2009.000	34.995
2010.000	34.995
2011.000	34.994
2012.000	34.994
2013.000	34.994
2014.000	34.994
2015.000	34.994
2016.000	34.993
2017.000	34.993
2018.000	34.993
2019.000	34.993
2020.000	34.993
2021.000	34.992
2022.000	34.992
2023.000	34.992
2024.000	34.992
2025.000	34.992
2026.000	34.991
2027.000	34.991
2028.000	34.991
2029.000	34.991
2030.000	34.990
2031.000	34.990
2032.000	34.990
2033.000	34.990
2034.000	34.990
2035.000	34.989
2036.000	34.989
2037.000	34.989
2038.000	34.989
2039.000	34.989
2040.000	34.988
2041.000	34.988
2042.000	34.988
2043.000	34.988
2044.000	34.988
2045.000	34.987
2046.000	34.987
2047.000	34.987
2048.000	34.987
2049.000	34.987
2050.000	34.986
2051.000	34.986
2052.000	34.986
2053.000	34.986
2054.000	34.985
2055.000	34.985
2056.000	34.985
2057.000	34.985
2058.000	34.985
2059.000	34.984
2060.000	34.984
2061.000	34.984
2062.000	34.984
2063.000	34.984
2064.000	34.983
2065.000	34.983
2066.000	34.983
2067.000	34.983
2068.000	34.983
2069.000	34.982
2070.000	34.982
2071.000	34.982
2072.000	34.982
2073.000	34.982
2074.000	34.981
2075.000	34.981
2076.000	34.981
2077.000	34.981
2078.000	34.980
2079.000	34.980
2080.000	34.980
2081.000	34.980
2082.000	34.980
2083.000	34.979
2084.000	34.979
2085.000	34.979
2086.000	34.979
2087.000	34.979
2088.000	34.978
2089.000	34.978
2090.000	34.978
2091.000	34.978
2092.000	34.978
2093.000	34.977
2094.000	34.977
2095.000	34.977
2096.000	34.977
2097.000	34.977
2098.000	34.976
2099.000	34.976
2100.000	34.976
2101.000	34.976
2102.000	34.975
2103.000	34.975
2104.000	34.975
2105.000	34.975
2106.000	34.975
2107.000	34.974
2108.000	34.974
2109.000	34.974
2110.000	34.974
2111.000	34.974
2112.000	34.973
2113.000	34.973
2114.000	34.973
2115.000	34.973
2116.000	34.973
2117.000	34.972
2118.000	34.972
2119.000	34.972
2120.000	34.972
2121.000	34.972
2122.000	34.971
2123.000	34.971
2124.000	34.971
2125.000	34.971
2126.000	34.970
2127.000	34.970
2128.000	34.970
2129.000	34.970
2130.000	34.970
2131.000	34.969
2132.000	34.969
2133.000	34.969
2134.000	34.969
2135.000	34.969
2136.000	34.968
2137.000	34.968
2138.000	34.968
2139.000	34.968
2140.000	34.968
2141.000	34.967
2142.000	34.967
2143.000	34.967
2144.000	34.967
2145.000	34.967
2146.000	34.966
2147.000	34.966
2148.000	34.966
2149.000	34.966
2150.000	34.965
2151.000	34.965
2152.000	34.965
2153.000	34.965
2154.000	34.965
2155.000	34.964
2156.000	34.964
2157.000	34.964
2158.000	34.964
2159.000	34.964
2160.000	34.963
2161.000	34.963
2162.000	34.963
2163.000	34.963
2164.000	34.963
2165.000	34.962
2166.000	34.962
2167.000	34.962
2168.000	34.962
2169.000	34.962
2170.000	34.961
2171.000	34.961
2172.000	34.961
2173.000	34.961
2174.000	34.961
2175.000	34.960
2176.000	34.960
2177.000	34.960
2178.000	34.960
2179.000	34.959
2180.000	34.959
2181.000	34.959
2182.000	34.959
2183.000	34.959
2184.000	34.958
2185.000	34.958
2186.000	34.958
2187.000	34.958
2188.000	34.958
2189.000	34.957
2190.000	34.957
2191.000	34.957
2192.000	34.957
2193.000	34.957
2194.000	34.956
2195.000	34.956
2196.000	34.956
2197.000	34.956
2198.000	34.956
2199.000	34.955
2200.000	34.955
2201.000	34.955
2202.000	34.955
2203.000	34.954
2204.000	34.954
2205.000	34.954
2206.000	34.954
2207.000	34.954
2208.000	34.953
2209.000	34.953
2210.000	34.953
2211.000	34.953
2212.000	34.953
2213.000	34.952
2214.000	34.952
2215.000	34.952
2216.000	34.952
2217.000	34.952
2218.000	34.951
2219.000	34.951
2220.000	34.951
2221.000	34.951
2222.000	34.951
2223.000	34.950
2224.000	34.950
2225.000	34.950
2226.000	34.950
2227.000	34.949
2228.000	34.949
2229.000	34.949
2230.000	34.949
2231.000	34.949
2232.000	34.948
2233.000	34.948
2234.000	34.948
2235.000	34.948
2236.000	34.948
2237.000	34.947
2238.000	34.947
2239.000	34.947
2240.000	34.947
2241.000	34.947
2242.000	34.946
2243.000	34.946
2244.000	34.946
2245.000	34.946
2246.000	34.946
2247.000	34.945
2248.000	34.945
2249.000	34.945
2250.000	34.945
2251.000	34.944
2252.000	34.944
2253.000	34.944
2254.000	34.944
2255.000	34.944
2256.000	34.943
2257.000	34.943
2258.000	34.943
2259.000	34.943
2260.000	34.943
2261.000	34.942
2262.000	34.942
2263.000	34.942
2264.000	34.942
2265.000	34.942
2266.000	34.941
2267.000	34.941
2268.000	34.941
2269.000	34.941
2270.000	34.941
2271.000	34.940
2272.000	34.940
2273.000	34.940
2274.000	34.940
2275.000	34.939
2276.000	34.939
2277.000	34.939
2278.000	34.939
2279.000	34.939
2280.000	34.938
2281.000	34.938
2282.000	34.938
2283.000	34.938
2284.000	34.938
2285.000	34.937
2286.000	34.937
2287.000	34.937
2288.000	34.937
2289.000	34.937
2290.000	34.936
2291.000	34.936
2292.000	34.936
2293.000	34.936
2294.000	34.936
2295.000	34.935
2296.000	34.935
2297.000	34.935
2298.000	34.935
2299.000	34.934
2300.000	34.934
2301.000	34.934
2302.000	34.934
2303.000	34.934
2304.000	34.933
2305.000	34.933
2306.000	34.933
2307.000	34.933
2308.000	34.933
2309.000	34.932
2310.000	34.932
2311.000	34.932
2312.000	34.932
2313.000	34.932
2314.000	34.931
2315.000	34.931
2316.000	34.931
2317.000	34.931
2318.000	34.931
2319.000	34.930
2320.000	34.930
2321.000	34.930
2322.000	34.930
2323.000	34.929
2324.000	34.929
2325.000	34.929
2326.000	34.929
2327.000	34.929
2328.000	34.928
2329.000	34.928
2330.000	34.928
2331.000	34.928
2332.000	34.928
2333.000	34.927
2334.000	34.927
2335.000	34.927
2336.000	34.927
2337.000	34.927
2338.000	34.926
2339.000	34.926
2340.000	34.926
2341.000	34.926
2342.000	34.926
2343.000	34.925
2344.000	34.925
2345.000	34.925
2346.000	34.925
2347.000	34.924
2348.000	34.924
2349.000	34.924
2350.000	34.924
2351.000	34.924
2352.000	34.923
2353.000	34.923
2354.000	34.923
2355.000	34.923
2356.000	34.923
2357.000	34.922
2358.000	34.922
2359.000	34.922
2360.000	34.922
2361.000	34.922
2362.000	34.921
2363.000	34.921
2364.000	34.921
2365.000	34.921
2366.000	34.921
2367.000	34.920
2368.000	34.920
2369.000	34.920
2370.000	34.920
2371.000	34.919
2372.000	34.919
2373.000	34.919
2374.000	34.919
2375.000	34.919
2376.000	34.918
2377.000	34.918
2378.000	34.918
2379.000	34.918
2380.000	34.918
2381.000	34.917
2382.000	34.917
2383.000	34.917
2384.000	34.917
2385.000	34.917
2386.000	34.916
2387.000	34.916
2388.000	34.916
2389.000	34.916
2390.000	34.916
2391.000	34.915
2392.000	34.915
2393.000	34.915
2394.000	34.915
2395.000	34.914
2396.000	34.914
2397.000	34.914
2398.000	34.914
2399.000	34.914
2400.000	34.913
2401.000	34.913
2402.000	34.913
2403.000	34.913
2404.000	34.913
2405.000	34.912
2406.000	34.912
2407.000	34.912
2408.000	34.912
2409.000	34.912
2410.000	34.911
2411.000	34.911
2412.000	34.911
2413.000	34.911
2414.000	34.911
2415.000	34.910
2416.000	34.910
2417.000	34.910
2418.000	34.910
2419.000	34.909
2420.000	34.909
2421.000	34.909
2422.000	34.909
2423.000	34.909
2424.000	34.908
2425.000	34.908
2426.000	34.908
2427.000	34.908
2428.000	34.908
2429.000	34.907
2430.000	34.907
2431.000	34.907
2432.000	34.907
2433.000	34.907
2434.000	34.906
2435.000	34.906
2436.000	34.906
2437.000	34.906
2438.000	34.906
2439.000	34.905
2440.000	34.905
2441.000	34.905
2442.000	34.905
2443.000	34.904
2444.000	34.904
2445.000	34.904
2446.000	34.904
2447.000	34.904
2448.000	34.903
2449.000	34.903
2450.000	34.903
2451.000	34.903
2452.000	34.903
2453.000	34.902
2454.000	34.902
2455.000	34.902
2456.000	34.902
2457.000	34.902
2458.000	34.901
2459.000	34.901
2460.000	34.901
2461.000	34.901
2462.000	34.901
2463.000	34.900
2464.000	34.900
2465.000	34.900
2466.000	34.900
2467.000	34.899
2468.000	34.899
2469.000	34.899
2470.000	34.899
2471.000	34.899
2472.000	34.898
2473.000	34.898
2474.000	34.898
2475.000	34.898
2476.000	34.898
2477.000	34.897
2478.000	34.897
2479.000	34.897
2480.000	34.897
2481.000	34.897
2482.000	34.896
2483.000	34.896
2484.000	34.896
2485.000	34.896
2486.000	34.896
2487.000	34.895
2488.000	34.895
2489.000	34.895
2490.000	34.895
2491.000	34.894
2492.000	34.894
2493.000	34.894
2494.000	34.894
2495.000	34.894
2496.000	34.893
2497.000	34.893
2498.000	34.893
2499.000	34.893
2500.000	34.893
2501.000	34.892
2502.000	34.892
2503.000	34.892
2504.000	34.892
2505.000	34.892
2506.000	34.891
2507.000	34.891
2508.000	34.891
2509.000	34.891
2510.000	34.891
2511.000	34.890
2512.000	34.890
2513.000	34.890
2514.000	34.890
2515.000	34.889
2516.000	34.889
2517.000	34.889
2518.000	34.889
2519.000	34.889
2520.000	34.888
2521.000	34.888
2522.000	34.888
2523.000	34.888
2524.000	34.888
2525.000	34.887
2526.000	34.887
2527.000	34.887
2528.000	34.887
2529.000	34.887
2530.000	34.886
2531.000	34.886
2532.000	34.886
2533.000	34.886
2534.000	34.886
2535.000	34.885
2536.000	34.885
2537.000	34.885
2538.000	34.885
2539.000	34.884
2540.000	34.884
2541.000	34.884
2542.000	34.884
2543.000	34.884
2544.000	34.883
2545.000	34.883
2546.000	34.883
2547.000	34.883
2548.000	34.883
2549.000	34.882
2550.000	34.882
2551.000	34.882
2552.000	34.882
2553.000	34.882
2554.000	34.881
2555.000	34.881
2556.000	34.881
2557.000	34.881
2558.000	34.881
2559.000	34.880
2560.000	34.880
2561.000	34.880
2562.000	34.880
2563.000	34.879
2564.000	34.879
2565.000	34.879
2566.000	34.879
2567.000	34.879
2568.000	34.878
2569.000	34.878
2570.000	34.878
2571.000	34.878
2572.000	34.878
2573.000	34.877
2574.000	34.877
2575.000	34.877
2576.000	34.877
2577.000	34.877
2578.000	34.876
2579.000	34.876
2580.000	34.876
2581.000	34.876
2582.000	34.876
2583.000	34.875
2584.000	34.875
2585.000	34.875
2586.000	34.875
2587.000	34.874
2588.000	34.874
2589.000	34.874
2590.000	34.874
2591.000	34.874
2592.000	34.873
2593.000	34.873
2594.000	34.873
2595.000	34.873
2596.000	34.873
2597.000	34.872
2598.000	34.872
2599.000	34.872
2600.000	34.872
2601.000	34.872
2602.000	34.871
2603.000	34.871
2604.000	34.871
2605.000	34.871
2606.000	34.871
2607.000	34.870
2608.000	34.870
2609.000	34.870
2610.000	34.870
2611.000	34.869
2612.000	34.869
2613.000	34.869
2614.000	34.869
2615.000	34.869
2616.000	34.868
2617.000	34.868
2618.000	34.868
2619.000	34.868
2620.000	34.868
2621.000	34.867
2622.000	34.867
2623.000	34.867
2624.000	34.867
2625.000	34.867
2626.000	34.866
2627.000	34.866
2628.000	34.866
2629.000	34.866
2630.000	34.866
2631.000	34.865
2632.000	34.865
2633.000	34.865
2634.000	34.865
2635.000	34.865
2636.000	34.864
2637.000	34.864
2638.000	34.864
2639.000	34.864
2640.000	34.863
2641.000	34.863
2642.000	34.863
2643.000	34.863
2644.000	34.863
2645.000	34.862
2646.000	34.862
2647.000	34.862
2648.000	34.862
2649.000	34.862
2650.000	34.861
2651.000	34.861
2652.000	34.861
2653.000	34.861
2654.000	34.861
2655.000	34.860
2656.000	34.860
2657.000	34.860
2658.000	34.860
2659.000	34.860
2660.000	34.859
2661.000	34.859
2662.000	34.859
2663.000	34.859
2664.000	34.858
2665.000	34.858
2666.000	34.858
2667.000	34.858
2668.000	34.858
2669.000	34.857
2670.000	34.857
2671.000	34.857
2672.000	34.857
2673.000	34.857
2674.000	34.856
2675.000	34.856
2676.000	34.856
2677.000	34.856
2678.000	34.856
2679.000	34.855
2680.000	34.855
2681.000	34.855
2682.000	34.855
2683.000	34.855
2684.000	34.854
2685.000	34.854
2686.000	34.854
2687.000	34.854
2688.000	34.853
2689.000	34.853
2690.000	34.853
2691.000	34.853
2692.000	34.853
2693.000	34.852
2694.000	34.852
2695.000	34.852
2696.000	34.852
2697.000	34.852
2698.000	34.851
2699.000	34.851
2700.000	34.851
2701.000	34.851
2702.000	34.851
2703.000	34.850
2704.000	34.850
2705.000	34.850
2706.000	34.850
2707.000	34.850
2708.000	34.849
2709.000	34.849
2710.000	34.849
2711.000	34.849
2712.000	34.848
2713.000	34.848
2714.000	34.848
2715.000	34.848
2716.000	34.848
2717.000	34.847
2718.000	34.847
2719.000	34.847
2720.000	34.847
2721.000	34.847
2722.000	34.846
2723.000	34.846
2724.000	34.846
2725.000	34.846
2726.000	34.846
2727.000	34.845
2728.000	34.845
2729.000	34.845
2730.000	34.845
2731.000	34.845
2732.000	34.844
2733.000	34.844
2734.000	34.844
2735.000	34.844
2736.000	34.843
2737.000	34.843
2738.000	34.843
2739.000	34.843
2740.000	34.843
2741.000	34.842
2742.000	34.842
2743.000	34.842
2744.000	34.842
2745.000	34.842
2746.000	34.841
2747.000	34.841
2748.000	34.841
2749.000	34.841
2750.000	34.841
2751.000	34.840
2752.000	34.840
2753.000	34.840
2754.000	34.840
2755.000	34.840
2756.000	34.839
2757.000	34.839
2758.000	34.839
2759.000	34.839
2760.000	34.838
2761.000	34.838
2762.000	34.838
2763.000	34.838
2764.000	34.838
2765.000	34.837
2766.000	34.837
2767.000	34.837
2768.000	34.837
2769.000	34.837
2770.000	34.836
2771.000	34.836
2772.000	34.836
2773.000	34.836
2774.000	34.836
2775.000	34.835
2776.000	34.835
2777.000	34.835
2778.000	34.835
2779.000	34.835
2780.000	34.834
2781.000	34.834
2782.000	34.834
2783.000	34.834
2784.000	34.833
2785.000	34.833
2786.000	34.833
2787.000	34.833
2788.000	34.833
2789.000	34.832
2790.000	34.832
2791.000	34.832
2792.000	34.832
2793.000	34.832
2794.000	34.831
2795.000	34.831
2796.000	34.831
2797.000	34.831
2798.000	34.831
2799.000	34.830
2800.000	34.830
2801.000	34.830
2802.000	34.830
2803.000	34.830
2804.000	34.829
2805.000	34.829
2806.000	34.829
2807.000	34.829
2808.000	34.828
2809.000	34.828
2810.000	34.828
2811.000	34.828
2812.000	34.828
2813.000	34.827
2814.000	34.827
2815.000	34.827
2816.000	34.827
2817.000	34.827
2818.000	34.826
2819.000	34.826
2820.000	34.826
2821.000	34.826
2822.000	34.826
2823.000	34.825
2824.000	34.825
2825.000	34.825
2826.000	34.825
2827.000	34.825
2828.000	34.824
2829.000	34.824
2830.000	34.824
2831.000	34.824
2832.000	34.823
2833.000	34.823
2834.000	34.823
2835.000	34.823
2836.000	34.823
2837.000	34.822
2838.000	34.822
2839.000	34.822
2840.000	34.822
2841.000	34.822
2842.000	34.821
2843.000	34.821
2844.000	34.821
2845.000	34.821
2846.000	34.821
2847.000	34.820
2848.000	34.820
2849.000	34.820
2850.000	34.820
2851.000	34.820
2852.000	34.819
2853.000	34.819
2854.000	34.819
2855.000	34.819
2856.000	34.818
2857.000	34.818
2858.000	34.818
2859.000	34.818
2860.000	34.818
2861.000	34.817
2862.000	34.817
2863.000	34.817
2864.000	34.817
2865.000	34.817
2866.000	34.816
2867.000	34.816
2868.000	34.816
2869.000	34.816
2870.000	34.816
2871.000	34.815
2872.000	34.815
2873.000	34.815
2874.000	34.815
2875.000	34.815
2876.000	34.814
2877.000	34.814
2878.000	34.814
2879.000	34.814
2880.000	34.813
2881.000	34.813
2882.000	34.813
2883.000	34.813
2884.000	34.813
2885.000	34.812
2886.000	34.812
2887.000	34.812
2888.000	34.812
2889.000	34.812
2890.000	34.811
2891.000	34.811
2892.000	34.811
2893.000	34.811
2894.000	34.811
2895.000	34.810
2896.000	34.810
2897.000	34.810
2898.000	34.810
2899.000	34.810
2900.000	34.809
2901.000	34.809
2902.000	34.809
2903.000	34.809
2904.000	34.808
2905.000	34.808
2906.000	34.808
2907.000	34.808
2908.000	34.808
2909.000	34.807
2910.000	34.807
2911.000	34.807
2912.000	34.807
2913.000	34.807
2914.000	34.806
2915.000	34.806
2916.000	34.806
2917.000	34.806
2918.000	34.806
2919.000	34.805
2920.000	34.805
2921.000	34.805
2922.000	34.805
2923.000	34.805
2924.000	34.804
2925.000	34.804
2926.000	34.804
2927.000	34.804
2928.000	34.803
2929.000	34.803
2930.000	34.803
2931.000	34.803
2932.000	34.803
2933.000	34.802
2934.000	34.802
2935.000	34.802
2936.000	34.802
2937.000	34.802
2938.000	34.801
2939.000	34.801
2940.000	34.801
2941.000	34.801
2942.000	34.801
2943.000	34.800
2944.000	34.800
2945.000	34.800
2946.000	34.800
2947.000	34.800
2948.000	34.799
2949.000	34.799
2950.000	34.799
2951.000	34.799
2952.000	34.798
2953.000	34.798
2954.000	34.798
2955.000	34.798
2956.000	34.798
2957.000	34.797
2958.000	34.797
2959.000	34.797
2960.000	34.797
2961.000	34.797
2962.000	34.796
2963.000	34.796
2964.000	34.796
2965.000	34.796
2966.000	34.796
2967.000	34.795
2968.000	34.795
2969.000	34.795
2970.000	34.795
2971.000	34.795
2972.000	34.794
2973.000	34.794
2974.000	34.794
2975.000	34.794
2976.000	34.793
2977.000	34.793
2978.000	34.793
2979.000	34.793
2980.000	34.793
2981.000	34.792
2982.000	34.792
2983.000	34.792
2984.000	34.792
2985.000	34.792
2986.000	34.791
2987.000	34.791
2988.000	34.791
2989.000	34.791
2990.000	34.791
2991.000	34.790
2992.000	34.790
2993.000	34.790
2994.000	34.790
2995.000	34.790
2996.000	34.789
2997.000	34.789
2998.000	34.789
2999.000	34.789
3000.000	34.788
3001.000	34.788
3002.000	34.788
3003.000	34.788
3004.000	34.788
3005.000	34.787
3006.000	34.787
3007.000	34.787
3008.000	34.787
3009.000	34.787
3010.000	34.786
3011.000	34.786
3012.000	34.786
3013.000	34.786
3014.000	34.786
3015.000	34.785
3016.000	34.785
3017.000	34.785
3018.000	34.785
3019.000	34.785
3020.000	34.784
3021.000	34.784
3022.000	34.784
3023.000	34.784
3024.000	34.783
3025.000	34.783
3026.000	34.783
3027.000	34.783
3028.000	34.783
3029.000	34.782
3030.000	34.782
3031.000	34.782
3032.000	34.782
3033.000	34.782
3034.000	34.781
3035.000	34.781
3036.000	34.781
3037.000	34.781
3038.000	34.781
3039.000	34.780
3040.000	34.780
3041.000	34.780
3042.000	34.780
3043.000	34.780
3044.000	34.779
3045.000	34.779
3046.000	34.779
3047.000	34.779
3048.000	34.778
3049.000	34.778
3050.000	34.778
3051.000	34.778
3052.000	34.778
3053.000	34.777
3054.000	34.777
3055.000	34.777
3056.000	34.777
3057.000	34.777
3058.000	34.776
3059.000	34.776
3060.000	34.776
3061.000	34.776
3062.000	34.776
3063.000	34.775
3064.000	34.775
3065.000	34.775
3066.000	34.775
3067.000	34.775
3068.000	34.774
3069.000	34.774
3070.000	34.774
3071.000	34.774
3072.000	34.773
3073.000	34.773
3074.000	34.773
3075.000	34.773
3076.000	34.773
3077.000	34.772
3078.000	34.772
3079.000	34.772
3080.000	34.772
3081.000	34.772
3082.000	34.771
3083.000	34.771
3084.000	34.771
3085.000	34.771
3086.000	34.771
3087.000	34.770
3088.000	34.770
3089.000	34.770
3090.000	34.770
3091.000	34.770
3092.000	34.769
3093.000	34.769
3094.000	34.769
3095.000	34.769
3096.000	34.769
3097.000	34.768
3098.000	34.768
3099.000	34.768
3100.000	34.768
3101.000	34.767
3102.000	34.767
3103.000	34.767
3104.000	34.767
3105.000	34.767
3106.000	34.766
3107.000	34.766
3108.000	34.766
3109.000	34.766
3110.000	34.766
3111.000	34.765
3112.000	34.765
3113.000	34.765
3114.000	34.765
3115.000	34.765
3116.000	34.764
3117.000	34.764
3118.000	34.764
3119.000	34.764
3120.000	34.764
3121.000	34.763
3122.000	34.763
3123.000	34.763
3124.000	34.763
3125.000	34.762
3126.000	34.762
3127.000	34.762
3128.000	34.762
3129.000	34.762
3130.000	34.761
3131.000	34.761
3132.000	34.761
3133.000	34.761
3134.000	34.761
3135.000	34.760
3136.000	34.760
3137.000	34.760
3138.000	34.760
3139.000	34.760
3140.000	34.759
3141.000	34.759
3142.000	34.759
3143.000	34.759
3144.000	34.759
3145.000	34.758
3146.000	34.758
3147.000	34.758
3148.000	34.758
3149.000	34.757
3150.000	34.757
3151.000	34.757
3152.000	34.757
3153.000	34.757
3154.000	34.756
3155.000	34.756
3156.000	34.756
3157.000	34.756
3158.000	34.756
3159.000	34.755
3160.000	34.755
3161.000	34.755
3162.000	34.755
3163.000	34.755
3164.000	34.754
3165.000	34.754
3166.000	34.754
3167.000	34.754
3168.000	34.754
3169.000	34.753
3170.000	34.753
3171.000	34.753
3172.000	34.753
3173.000	34.752
3174.000	34.752
3175.000	34.752
3176.000	34.752
3177.000	34.752
3178.000	34.751
3179.000	34.751
3180.000	34.751
3181.000	34.751
3182.000	34.751
3183.000	34.750
3184.000	34.750
3185.000	34.750
3186.000	34.750
3187.000	34.750
3188.000	34.749
3189.000	34.749
3190.000	34.749
3191.000	34.749
3192.000	34.749
3193.000	34.748
3194.000	34.748
3195.000	34.748
3196.000	34.748
3197.000	34.747
3198.000	34.747
3199.000	34.747
3200.000	34.747
3201.000	34.747
3202.000	34.746
3203.000	34.746
3204.000	34.746
3205.000	34.746
3206.000	34.746
3207.000	34.745
3208.000	34.745
3209.000	34.745
3210.000	34.745
3211.000	34.745
3212.000	34.744
3213.000	34.744
3214.000	34.744
3215.000	34.744
3216.000	34.744
3217.000	34.743
3218.000	34.743
3219.000	34.743
3220.000	34.743
3221.000	34.742
3222.000	34.742
3223.000	34.742
3224.000	34.742
3225.000	34.742
3226.000	34.741
3227.000	34.741
3228.000	34.741
3229.000	34.741
3230.000	34.741
3231.000	34.740
3232.000	34.740
3233.000	34.740
3234.000	34.740
3235.000	34.740
3236.000	34.739
3237.000	34.739
3238.000	34.739
3239.000	34.739
3240.000	34.739
3241.000	34.738
3242.000	34.738
3243.000	34.738
3244.000	34.738
3245.000	34.737
3246.000	34.737
3247.000	34.737
3248.000	34.737
3249.000	34.737
3250.000	34.736
3251.000	34.736
3252.000	34.736
3253.000	34.736
3254.000	34.736
3255.000	34.735
3256.000	34.735
3257.000	34.735
3258.000	34.735
3259.000	34.735
3260.000	34.734
3261.000	34.734
3262.000	34.734
3263.000	34.734
3264.000	34.734
3265.000	34.733
3266.000	34.733
3267.000	34.733
3268.000	34.733
3269.000	34.732
3270.000	34.732
3271.000	34.732
3272.000	34.732
3273.000	34.732
3274.000	34.731
3275.000	34.731
3276.000	34.731
3277.000	34.731
3278.000	34.731
3279.000	34.730
3280.000	34.730
3281.000	34.730
3282.000	34.730
3283.000	34.730
3284.000	34.729
3285.000	34.729
3286.000	34.729
3287.000	34.729
3288.000	34.729
3289.000	34.728
3290.000	34.728
3291.000	34.728
3292.000	34.728
3293.000	34.727
3294.000	34.727
3295.000	34.727
3296.000	34.727
3297.000	34.727
3298.000	34.726
3299.000	34.726
3300.000	34.726
3301.000	34.726
3302.000	34.726
3303.000	34.725
3304.000	34.725
3305.000	34.725
3306.000	34.725
3307.000	34.725
3308.000	34.724
3309.000	34.724
3310.000	34.724
3311.000	34.724
3312.000	34.724
3313.000	34.723
3314.000	34.723
3315.000	34.723
3316.000	34.723
3317.000	34.722
3318.000	34.722
3319.000	34.722
3320.000	34.722
3321.000	34.722
3322.000	34.721
3323.000	34.721
3324.000	34.721
3325.000	34.721
3326.000	34.721
3327.000	34.720
3328.000	34.720
3329.000	34.720
3330.000	34.720
3331.000	34.720
3332.000	34.719
3333.000	34.719
3334.000	34.719
3335.000	34.719
3336.000	34.719
3337.000	34.718
3338.000	34.718
3339.000	34.718
3340.000	34.718
3341.000	34.717
3342.000	34.717
3343.000	34.717
3344.000	34.717
3345.000	34.717
3346.000	34.716
3347.000	34.716
3348.000	34.716
3349.000	34.716
3350.000	34.716
3351.000	34.715
3352.000	34.715
3353.000	34.715
3354.000	34.715
3355.000	34.715
3356.000	34.714
3357.000	34.714
3358.000	34.714
3359.000	34.714
3360.000	34.714
3361.000	34.713
3362.000	34.713
3363.000	34.713
3364.000	34.713
3365.000	34.712
3366.000	34.712
3367.000	34.712
3368.000	34.712
3369.000	34.712
3370.000	34.711
3371.000	34.711
3372.000	34.711
3373.000	34.711
3374.000	34.711
3375.000	34.710
3376.000	34.710
3377.000	34.710
3378.000	34.710
3379.000	34.710
3380.000	34.709
3381.000	34.709
3382.000	34.709
3383.000	34.709
3384.000	34.709
3385.000	34.708
3386.000	34.708
3387.000	34.708
3388.000	34.708
3389.000	34.707
3390.000	34.707
3391.000	34.707
3392.000	34.707
3393.000	34.707
3394.000	34.706
3395.000	34.706
3396.000	34.706
3397.000	34.706
3398.000	34.706
3399.000	34.705
3400.000	34.705
3401.000	34.705
3402.000	34.705
3403.000	34.705
3404.000	34.704
3405.000	34.704
3406.000	34.704
3407.000	34.704
3408.000	34.704
3409.000	34.703
3410.000	34.703
3411.000	34.703
3412.000	34.703
3413.000	34.702
3414.000	34.702
3415.000	34.702
3416.000	34.702
3417.000	34.702
3418.000	34.701
3419.000	34.701
3420.000	34.701
3421.000	34.701
3422.000	34.701
3423.000	34.700
3424.000	34.700
3425.000	34.700
3426.000	34.700
3427.000	34.700
3428.000	34.699
3429.000	34.699
3430.000	34.699
3431.000	34.699
3432.000	34.699
3433.000	34.698
3434.000	34.698
3435.000	34.698
3436.000	34.698
3437.000	34.697
3438.000	34.697
3439.000	34.697
3440.000	34.697
3441.000	34.697
3442.000	34.696
3443.000	34.696
3444.000	34.696
3445.000	34.696
3446.000	34.696
3447.000	34.695
3448.000	34.695
3449.000	34.695
3450.000	34.695
3451.000	34.695
3452.000	34.694
3453.000	34.694
3454.000	34.694
3455.000	34.694
3456.000	34.694
3457.000	34.693
3458.000	34.693
3459.000	34.693
3460.000	34.693
3461.000	34.692
3462.000	34.692
3463.000	34.692
3464.000	34.692
3465.000	34.692
3466.000	34.691
3467.000	34.691
3468.000	34.691
3469.000	34.691
3470.000	34.691
3471.000	34.690
3472.000	34.690
3473.000	34.690
3474.000	34.690
3475.000	34.690
3476.000	34.689
3477.000	34.689
3478.000	34.689
3479.000	34.689
3480.000	34.688
3481.000	34.688
3482.000	34.688
3483.000	34.688
3484.000	34.688
3485.000	34.687
3486.000	34.687
3487.000	34.687
3488.000	34.687
3489.000	34.687
3490.000	34.686
3491.000	34.686
3492.000	34.686
3493.000	34.686
3494.000	34.686
3495.000	34.685
3496.000	34.685
3497.000	34.685
3498.000	34.685
3499.000	34.684
3500.000	34.684
3501.000	34.684
3502.000	34.684
3503.000	34.684
3504.000	34.683
3505.000	34.683
3506.000	34.683
3507.000	34.683
3508.000	34.683
3509.000	34.682
3510.000	34.682
3511.000	34.682
3512.000	34.682
3513.000	34.681
3514.000	34.681
3515.000	34.681
3516.000	34.681
3517.000	34.681
3518.000	34.680
3519.000	34.680
3520.000	34.680
3521.000	34.680
3522.000	34.680
3523.000	34.679
3524.000	34.679
3525.000	34.679
3526.000	34.679
3527.000	34.678
3528.000	34.678
3529.000	34.678
3530.000	34.678
3531.000	34.678
3532.000	34.677
3533.000	34.677
3534.000	34.677
3535.000	34.677
3536.000	34.677
3537.000	34.676
3538.000	34.676
3539.000	34.676
3540.000	34.676
3541.000	34.676
3542.000	34.675
3543.000	34.675
3544.000	34.675
3545.000	34.675
3546.000	34.674
3547.000	34.674
3548.000	34.674
3549.000	34.674
3550.000	34.674
3551.000	34.673
3552.000	34.673
3553.000	34.673
3554.000	34.673
3555.000	34.673
3556.000	34.672
3557.000	34.672
3558.000	34.672
3559.000	34.672
3560.000	34.671
3561.000	34.671
3562.000	34.671
3563.000	34.671
3564.000	34.671
3565.000	34.670
3566.000	34.670
3567.000	34.670
3568.000	34.670
3569.000	34.670
3570.000	34.669
3571.000	34.669
3572.000	34.669
3573.000	34.669
3574.000	34.669
3575.000	34.668
3576.000	34.668
3577.000	34.668
3578.000	34.668
3579.000	34.667
3580.000	34.667
3581.000	34.667
3582.000	34.667
3583.000	34.667
3584.000	34.666
3585.000	34.666
3586.000	34.666
3587.000	34.666
3588.000	34.666
3589.000	34.665
3590.000	34.665
3591.000	34.665
3592.000	34.665
3593.000	34.664
3594.000	34.664
3595.000	34.664
3596.000	34.664
3597.000	34.664
3598.000	34.663
3599.000	34.663
3600.000	34.663
3601.000	34.663
3602.000	34.663
3603.000	34.662
3604.000	34.662
3605.000	34.662
3606.000	34.662
3607.000	34.661
3608.000	34.661
3609.000	34.661
3610.000	34.661
3611.000	34.661
3612.000	34.660
3613.000	34.660
3614.000	34.660
3615.000	34.660
3616.000	34.660
3617.000	34.659
3618.000	34.659
3619.000	34.659
3620.000	34.659
3621.000	34.659
3622.000	34.658
3623.000	34.658
3624.000	34.658
3625.000	34.658
3626.000	34.657
3627.000	34.657
3628.000	34.657
3629.000	34.657
3630.000	34.657
3631.000	34.656
3632.000	34.656
3633.000	34.656
3634.000	34.656
3635.000	34.656
3636.000	34.655
3637.000	34.655
3638.000	34.655
3639.000	34.655
3640.000	34.654
3641.000	34.654
3642.000	34.654
3643.000	34.654
3644.000	34.654
3645.000	34.653
3646.000	34.653
3647.000	34.653
3648.000	34.653
3649.000	34.653
3650.000	34.652
3651.000	34.652
3652.000	34.652
3653.000	34.652
3654.000	34.652
3655.000	34.651
3656.000	34.651
3657.000	34.651
3658.000	34.651
3659.000	34.650
3660.000	34.650
3661.000	34.650
3662.000	34.650
3663.000	34.650
3664.000	34.649
3665.000	34.649
3666.000	34.649
3667.000	34.649
3668.000	34.649
3669.000	34.648
3670.000	34.648
3671.000	34.648
3672.000	34.648
3673.000	34.647
3674.000	34.647
3675.000	34.647
3676.000	34.647
3677.000	34.647
3678.000	34.646
3679.000	34.646
3680.000	34.646
3681.000	34.646
3682.000	34.646
3683.000	34.645
3684.000	34.645
3685.000	34.645
3686.000	34.645
3687.000	34.644
3688.000	34.644
3689.000	34.644
3690.000	34.644
3691.000	34.644
3692.000	34.643
3693.000	34.643
3694.000	34.643
3695.000	34.643
3696.000	34.643
3697.000	34.642
3698.000	34.642
3699.000	34.642
3700.000	34.642
3701.000	34.642
3702.000	34.641
3703.000	34.641
3704.000	34.641
3705.000	34.641
3706.000	34.640
3707.000	34.640
3708.000	34.640
3709.000	34.640
3710.000	34.640
3711.000	34.639
3712.000	34.639
3713.000	34.639
3714.000	34.639
3715.000	34.639
3716.000	34.638
3717.000	34.638
3718.000	34.638
3719.000	34.638
3720.000	34.637
3721.000	34.637
3722.000	34.637
3723.000	34.637
3724.000	34.637
3725.000	34.636
3726.000	34.636
3727.000	34.636
3728.000	34.636
3729.000	34.636
3730.000	34.635
3731.000	34.635
3732.000	34.635
3733.000	34.635
3734.000	34.635
3735.000	34.634
3736.000	34.634
3737.000	34.634
3738.000	34.634
3739.000	34.633
3740.000	34.633
3741.000	34.633
3742.000	34.633
3743.000	34.633
3744.000	34.632
3745.000	34.632
3746.000	34.632
3747.000	34.632
3748.000	34.632
3749.000	34.631
3750.000	34.631
3751.000	34.631
3752.000	34.631
3753.000	34.631
3754.000	34.630
3755.000	34.630
3756.000	34.630
3757.000	34.630
3758.000	34.629
3759.000	34.629
3760.000	34.629
3761.000	34.629
3762.000	34.629
3763.000	34.628
3764.000	34.628
3765.000	34.628
3766.000	34.628
3767.000	34.628
3768.000	34.627
3769.000	34.627
3770.000	34.627
3771.000	34.627
3772.000	34.627
3773.000	34.626
3774.000	34.626
3775.000	34.626
3776.000	34.626
3777.000	34.626
3778.000	34.625
3779.000	34.625
3780.000	34.625
3781.000	34.625
3782.000	34.624
3783.000	34.624
3784.000	34.624
3785.000	34.624
3786.000	34.624
3787.000	34.623
3788.000	34.623
3789.000	34.623
3790.000	34.623
3791.000	34.623
3792.000	34.622
3793.000	34.622
3794.000	34.622
3795.000	34.622
3796.000	34.618
3797.000	34.618
3798.000	34.618
3799.000	34.618
3800.000	34.618
3801.000	34.617
3802.000	34.617
3803.000	34.617
3804.000	34.617
3805.000	34.617
3806.000	34.616
3807.000	34.616
3808.000	34.616
3809.000	34.616
3810.000	34.615
3811.000	34.615
3812.000	34.615
3813.000	34.615
3814.000	34.615
3815.000	34.614
3816.000	34.614
3817.000	34.614
3818.000	34.614
3819.000	34.614
3820.000	34.613
3821.000	34.613
3822.000	34.613
3823.000	34.613
3824.000	34.613
3825.000	34.612
3826.000	34.612
3827.000	34.612
3828.000	34.612
3829.000	34.612
3830.000	34.611
3831.000	34.611
3832.000	34.611
3833.000	34.611
3834.000	34.611
3835.000	34.610
3836.000	34.610
3837.000	34.610
3838.000	34.610
3839.000	34.609
3840.000	34.609
3841.000	34.609
3842.000	34.609
3843.000	34.609
3844.000	34.608
3845.000	34.608
3846.000	34.608
3847.000	34.608
3848.000	34.608
3849.000	34.607
3850.000	34.607
3851.000	34.607
3852.000	34.607
3853.000	34.607
3854.000	34.606
3855.000	34.606
3856.000	34.606
3857.000	34.606
3858.000	34.606
3859.000	34.605
3860.000	34.605
3861.000	34.605
3862.000	34.605
3863.000	34.604
3864.000	34.604
3865.000	34.604
3866.000	34.604
3867.000	34.604
3868.000	34.603
3869.000	34.603
3870.000	34.603
3871.000	34.603
3872.000	34.603
3873.000	34.602
3874.000	34.602
3875.000	34.602
3876.000	34.602
3877.000	34.602
3878.000	34.601
3879.000	34.601
3880.000	34.601
3881.000	34.601
3882.000	34.601
3883.000	34.600
3884.000	34.600
3885.000	34.600
3886.000	34.600
3887.000	34.599
3888.000	34.599
3889.000	34.599
3890.000	34.599
3891.000	34.599
3892.000	34.598
3893.000	34.598
3894.000	34.598
3895.000	34.598
3896.000	34.598
3897.000	34.597
3898.000	34.597
3899.000	34.597
3900.000	34.597
3901.000	34.597
3902.000	34.596
3903.000	34.596
3904.000	34.596
3905.000	34.596
3906.000	34.596
3907.000	34.595
3908.000	34.595
3909.000	34.595
3910.000	34.595
3911.000	34.594
3912.000	34.594
3913.000	34.594
3914.000	34.594
3915.000	34.594
3916.000	34.593
3917.000	34.593
3918.000	34.593
3919.000	34.593
3920.000	34.593
3921.000	34.592
3922.000	34.592
3923.000	34.592
3924.000	34.592
3925.000	34.592
3926.000	34.591
3927.000	34.591
3928.000	34.591
3929.000	34.591
3930.000	34.591
3931.000	34.590
3932.000	34.590
3933.000	34.590
3934.000	34.590
3935.000	34.589
3936.000	34.589
3937.000	34.589
3938.000	34.589
3939.000	34.589
3940.000	34.588
3941.000	34.588
3942.000	34.588
3943.000	34.588
3944.000	34.588
3945.000	34.587
3946.000	34.587
3947.000	34.587
3948.000	34.587
3949.000	34.587
3950.000	34.586
3951.000	34.586
3952.000	34.586
3953.000	34.586
3954.000	34.586
3955.000	34.585
3956.000	34.585
3957.000	34.585
3958.000	34.585
3959.000	34.584
3960.000	34.584
3961.000	34.584
3962.000	34.584
3963.000	34.584
3964.000	34.583
3965.000	34.583
3966.000	34.583
3967.000	34.583
3968.000	34.583
3969.000	34.582
3970.000	34.582
3971.000	34.582
3972.000	34.582
3973.000	34.582
3974.000	34.581
3975.000	34.581
3976.000	34.581
3977.000	34.581
3978.000	34.581
3979.000	34.580
3980.000	34.580
3981.000	34.580
3982.000	34.580
3983.000	34.579
3984.000	34.579
3985.000	34.579
3986.000	34.579
3987.000	34.579
3988.000	34.578
3989.000	34.578
3990.000	34.578
3991.000	34.578
3992.000	34.578
3993.000	34.577
3994.000	34.577
3995.000	34.577
3996.000	34.577
3997.000	34.577
3998.000	34.576
3999.000	34.576
4000.000	34.576
4001.000	34.576
4002.000	34.576
4003.000	34.575
4004.000	34.575
4005.000	34.575
4006.000	34.575
4007.000	34.574
4008.000	34.574
4009.000	34.574
4010.000	34.574
4011.000	34.574
4012.000	34.573
4013.000	34.573
4014.000	34.573
4015.000	34.573
4016.000	34.573
4017.000	34.572
4018.000	34.572
4019.000	34.572
4020.000	34.572
4021.000	34.572
4022.000	34.571
4023.000	34.571
4024.000	34.571
4025.000	34.571
4026.000	34.571
4027.000	34.570
4028.000	34.570
4029.000	34.570
4030.000	34.570
4031.000	34.569
4032.000	34.569
4033.000	34.569
4034.000	34.569
4035.000	34.569
4036.000	34.568
4037.000	34.568
4038.000	34.568
4039.000	34.568
4040.000	34.568
4041.000	34.567
4042.000	34.567
4043.000	34.567
4044.000	34.567
4045.000	34.567
4046.000	34.566
4047.000	34.566
4048.000	34.566
4049.000	34.566
4050.000	34.566
4051.000	34.565
4052.000	34.565
4053.000	34.565
4054.000	34.565
4055.000	34.564
4056.000	34.564
4057.000	34.564
4058.000	34.564
4059.000	34.564
4060.000	34.563
4061.000	34.563
4062.000	34.563
4063.000	34.563
4064.000	34.563
4065.000	34.562
4066.000	34.562
4067.000	34.562
4068.000	34.562
4069.000	34.562
4070.000	34.561
4071.000	34.561
4072.000	34.561
4073.000	34.561
4074.000	34.561
4075.000	34.560
4076.000	34.560
4077.000	34.560
4078.000	34.560
4079.000	34.559
4080.000	34.559
4081.000	34.559
4082.000	34.559
4083.000	34.559
4084.000	34.558
4085.000	34.558
4086.000	34.558
4087.000	34.558
4088.000	34.558
4089.000	34.557
4090.000	34.557
4091.000	34.557
4092.000	34.557
4093.000	34.557
4094.000	34.556
4095.000	0.000
