0.000	17.648
1.000	17.646
2.000	17.543
3.000	17.540
4.000	17.538
5.000	17.535
6.000	17.533
7.000	17.531
8.000	17.528
9.000	17.526
10.000	17.524
11.000	17.521
12.000	17.519
13.000	17.516
14.000	17.514
15.000	17.512
16.000	17.509
17.000	17.504
18.000	17.502
19.000	17.496
20.000	17.494
21.000	17.491
22.000	17.489
23.000	17.487
24.000	17.484
25.000	17.482
26.000	17.479
27.000	17.477
28.000	17.475
29.000	17.472
30.000	17.470
31.000	17.468
32.000	17.465
33.000	17.463
34.000	17.461
35.000	17.458
36.000	17.456
37.000	17.453
38.000	17.451
39.000	17.449
40.000	17.446
41.000	17.444
42.000	17.442
43.000	17.439
44.000	17.437
45.000	17.434
46.000	17.432
47.000	17.430
48.000	17.427
49.000	17.425
50.000	17.423
51.000	17.420
52.000	17.418
53.000	17.415
54.000	17.413
55.000	17.411
56.000	17.408
57.000	17.406
58.000	17.403
59.000	17.400
60.000	17.398
61.000	17.395
62.000	17.392
63.000	17.389
64.000	17.386
65.000	17.383
66.000	17.380
67.000	17.377
68.000	17.374
69.000	17.371
70.000	17.368
71.000	17.364
72.000	17.360
73.000	17.358
74.000	17.354
75.000	17.351
76.000	17.347
77.000	17.344
78.000	17.340
79.000	17.336
80.000	17.333
81.000	17.329
82.000	17.325
83.000	17.321
84.000	17.319
85.000	17.315
86.000	17.310
87.000	17.306
88.000	17.301
89.000	17.297
90.000	17.292
91.000	17.287
92.000	17.283
93.000	17.277
94.000	17.271
95.000	17.266
96.000	17.264
97.000	17.258
98.000	17.252
99.000	17.246
100.000	17.240
101.000	17.233
102.000	17.227
103.000	17.220
104.000	17.214
105.000	17.207
106.000	17.199
107.000	17.189
108.000	17.181
109.000	17.174
110.000	17.165
111.000	17.157
112.000	17.148
113.000	17.139
114.000	17.130
115.000	17.120
116.000	17.110
117.000	17.101
118.000	17.099
119.000	17.089
120.000	17.079
121.000	17.069
122.000	17.058
123.000	17.047
124.000	17.035
125.000	17.023
126.000	17.010
127.000	16.996
128.000	16.983
129.000	16.941
130.000	16.927
131.000	16.913
132.000	16.898
133.000	16.882
134.000	16.866
135.000	16.850
136.000	16.833
137.000	16.816
138.000	16.797
139.000	16.779
140.000	16.762
141.000	16.742
142.000	16.723
143.000	16.703
144.000	16.682
145.000	16.661
146.000	16.640
147.000	16.618
148.000	16.595
149.000	16.573
150.000	16.551
151.000	16.549
152.000	16.526
153.000	16.503
154.000	16.480
155.000	16.457
156.000	16.435
157.000	16.412
158.000	16.389
159.000	16.367
160.000	16.346
161.000	16.322
162.000	16.298
163.000	16.293
164.000	16.268
165.000	16.244
166.000	16.220
167.000	16.197
168.000	16.173
169.000	16.147
170.000	16.122
171.000	16.095
172.000	16.068
173.000	16.042
174.000	15.952
175.000	15.925
176.000	15.898
177.000	15.870
178.000	15.843
179.000	15.815
180.000	15.786
181.000	15.759
182.000	15.731
183.000	15.703
184.000	15.676
185.000	15.673
186.000	15.644
187.000	15.616
188.000	15.587
189.000	15.558
190.000	15.529
191.000	15.501
192.000	15.472
193.000	15.443
194.000	15.414
195.000	15.386
196.000	15.384
197.000	15.355
198.000	15.326
199.000	15.298
200.000	15.271
201.000	15.242
202.000	15.214
203.000	15.185
204.000	15.157
205.000	15.129
206.000	15.101
207.000	15.057
208.000	15.029
209.000	15.002
210.000	14.974
211.000	14.946
212.000	14.918
213.000	14.889
214.000	14.861
215.000	14.833
216.000	14.804
217.000	14.776
218.000	14.742
219.000	14.714
220.000	14.685
221.000	14.655
222.000	14.625
223.000	14.596
224.000	14.565
225.000	14.535
226.000	14.506
227.000	14.476
228.000	14.447
229.000	14.418
230.000	14.396
231.000	14.366
232.000	14.336
233.000	14.306
234.000	14.277
235.000	14.249
236.000	14.220
237.000	14.191
238.000	14.163
239.000	14.135
240.000	14.105
241.000	14.046
242.000	14.017
243.000	13.989
244.000	13.960
245.000	13.933
246.000	13.904
247.000	13.876
248.000	13.848
249.000	13.821
250.000	13.794
251.000	13.768
252.000	13.766
253.000	13.740
254.000	13.713
255.000	13.688
256.000	13.659
257.000	13.632
258.000	13.604
259.000	13.577
260.000	13.551
261.000	13.525
262.000	13.499
263.000	13.497
264.000	13.472
265.000	13.445
266.000	13.416
267.000	13.389
268.000	13.362
269.000	13.335
270.000	13.308
271.000	13.281
272.000	13.253
273.000	13.225
274.000	13.216
275.000	13.188
276.000	13.161
277.000	13.134
278.000	13.106
279.000	13.079
280.000	13.051
281.000	13.023
282.000	12.996
283.000	12.968
284.000	12.940
285.000	12.938
286.000	12.911
287.000	12.883
288.000	12.855
289.000	12.827
290.000	12.799
291.000	12.771
292.000	12.743
293.000	12.715
294.000	12.687
295.000	12.659
296.000	12.657
297.000	12.629
298.000	12.601
299.000	12.573
300.000	12.545
301.000	12.516
302.000	12.488
303.000	12.460
304.000	12.432
305.000	12.404
306.000	12.376
307.000	12.348
308.000	12.344
309.000	12.316
310.000	12.287
311.000	12.258
312.000	12.229
313.000	12.200
314.000	12.171
315.000	12.142
316.000	12.114
317.000	12.086
318.000	12.058
319.000	12.035
320.000	12.006
321.000	11.978
322.000	11.949
323.000	11.921
324.000	11.892
325.000	11.863
326.000	11.833
327.000	11.804
328.000	11.776
329.000	11.746
330.000	11.677
331.000	11.647
332.000	11.617
333.000	11.587
334.000	11.557
335.000	11.526
336.000	11.496
337.000	11.466
338.000	11.435
339.000	11.407
340.000	11.378
341.000	11.338
342.000	11.309
343.000	11.279
344.000	11.250
345.000	11.220
346.000	11.190
347.000	11.160
348.000	11.129
349.000	11.101
350.000	11.073
351.000	11.046
352.000	11.032
353.000	11.004
354.000	10.976
355.000	10.948
356.000	10.919
357.000	10.890
358.000	10.862
359.000	10.834
360.000	10.807
361.000	10.781
362.000	10.754
363.000	10.750
364.000	10.724
365.000	10.698
366.000	10.673
367.000	10.648
368.000	10.622
369.000	10.597
370.000	10.572
371.000	10.547
372.000	10.522
373.000	10.497
374.000	10.472
375.000	10.451
376.000	10.426
377.000	10.402
378.000	10.377
379.000	10.353
380.000	10.329
381.000	10.305
382.000	10.281
383.000	10.258
384.000	10.234
385.000	10.211
386.000	10.207
387.000	10.184
388.000	10.161
389.000	10.138
390.000	10.116
391.000	10.093
392.000	10.071
393.000	10.049
394.000	10.027
395.000	10.005
396.000	9.983
397.000	9.979
398.000	9.958
399.000	9.937
400.000	9.915
401.000	9.894
402.000	9.872
403.000	9.852
404.000	9.831
405.000	9.811
406.000	9.791
407.000	9.771
408.000	9.767
409.000	9.747
410.000	9.727
411.000	9.707
412.000	9.687
413.000	9.667
414.000	9.648
415.000	9.629
416.000	9.610
417.000	9.590
418.000	9.572
419.000	9.544
420.000	9.525
421.000	9.506
422.000	9.488
423.000	9.470
424.000	9.452
425.000	9.434
426.000	9.416
427.000	9.398
428.000	9.381
429.000	9.364
430.000	9.362
431.000	9.345
432.000	9.327
433.000	9.310
434.000	9.293
435.000	9.276
436.000	9.259
437.000	9.243
438.000	9.226
439.000	9.210
440.000	9.194
441.000	9.178
442.000	9.176
443.000	9.160
444.000	9.144
445.000	9.128
446.000	9.112
447.000	9.097
448.000	9.081
449.000	9.066
450.000	9.050
451.000	9.035
452.000	9.020
453.000	9.019
454.000	9.003
455.000	8.988
456.000	8.973
457.000	8.957
458.000	8.942
459.000	8.927
460.000	8.913
461.000	8.898
462.000	8.884
463.000	8.869
464.000	8.867
465.000	8.853
466.000	8.838
467.000	8.823
468.000	8.808
469.000	8.793
470.000	8.778
471.000	8.763
472.000	8.747
473.000	8.733
474.000	8.718
475.000	8.699
476.000	8.684
477.000	8.670
478.000	8.656
479.000	8.642
480.000	8.628
481.000	8.614
482.000	8.599
483.000	8.585
484.000	8.570
485.000	8.556
486.000	8.555
487.000	8.541
488.000	8.527
489.000	8.514
490.000	8.500
491.000	8.487
492.000	8.473
493.000	8.459
494.000	8.446
495.000	8.432
496.000	8.419
497.000	8.406
498.000	8.392
499.000	8.379
500.000	8.366
501.000	8.352
502.000	8.339
503.000	8.325
504.000	8.311
505.000	8.298
506.000	8.286
507.000	8.273
508.000	8.272
509.000	8.259
510.000	8.246
511.000	8.233
512.000	8.220
513.000	8.208
514.000	8.195
515.000	8.183
516.000	8.170
517.000	8.157
518.000	8.144
519.000	8.132
520.000	8.130
521.000	8.118
522.000	8.106
523.000	8.093
524.000	8.081
525.000	8.069
526.000	8.056
527.000	8.044
528.000	8.032
529.000	8.020
530.000	8.008
531.000	8.007
532.000	7.995
533.000	7.983
534.000	7.972
535.000	7.960
536.000	7.948
537.000	7.937
538.000	7.925
539.000	7.914
540.000	7.902
541.000	7.891
542.000	7.883
543.000	7.871
544.000	7.860
545.000	7.849
546.000	7.838
547.000	7.827
548.000	7.816
549.000	7.805
550.000	7.794
551.000	7.784
552.000	7.773
553.000	7.772
554.000	7.761
555.000	7.751
556.000	7.740
557.000	7.730
558.000	7.719
559.000	7.709
560.000	7.698
561.000	7.688
562.000	7.678
563.000	7.667
564.000	7.666
565.000	7.656
566.000	7.646
567.000	7.636
568.000	7.626
569.000	7.615
570.000	7.605
571.000	7.596
572.000	7.586
573.000	7.576
574.000	7.566
575.000	7.565
576.000	7.555
577.000	7.546
578.000	7.536
579.000	7.527
580.000	7.517
581.000	7.508
582.000	7.499
583.000	7.490
584.000	7.481
585.000	7.472
586.000	7.463
587.000	7.462
588.000	7.453
589.000	7.444
590.000	7.435
591.000	7.426
592.000	7.418
593.000	7.409
594.000	7.400
595.000	7.392
596.000	7.383
597.000	7.374
598.000	7.372
599.000	7.364
600.000	7.355
601.000	7.347
602.000	7.338
603.000	7.330
604.000	7.322
605.000	7.314
606.000	7.306
607.000	7.297
608.000	7.289
609.000	7.287
610.000	7.279
611.000	7.271
612.000	7.263
613.000	7.255
614.000	7.247
615.000	7.240
616.000	7.231
617.000	7.223
618.000	7.216
619.000	7.207
620.000	7.205
621.000	7.197
622.000	7.188
623.000	7.180
624.000	7.171
625.000	7.163
626.000	7.154
627.000	7.146
628.000	7.138
629.000	7.130
630.000	7.122
631.000	7.066
632.000	7.058
633.000	7.050
634.000	7.042
635.000	7.035
636.000	7.027
637.000	7.018
638.000	7.010
639.000	7.001
640.000	6.993
641.000	6.985
642.000	6.970
643.000	6.962
644.000	6.954
645.000	6.946
646.000	6.938
647.000	6.931
648.000	6.923
649.000	6.915
650.000	6.907
651.000	6.900
652.000	6.892
653.000	6.884
654.000	6.852
655.000	6.844
656.000	6.837
657.000	6.829
658.000	6.821
659.000	6.814
660.000	6.806
661.000	6.799
662.000	6.791
663.000	6.784
664.000	6.776
665.000	6.775
666.000	6.767
667.000	6.760
668.000	6.753
669.000	6.745
670.000	6.737
671.000	6.730
672.000	6.722
673.000	6.715
674.000	6.708
675.000	6.701
676.000	6.643
677.000	6.636
678.000	6.628
679.000	6.621
680.000	6.614
681.000	6.607
682.000	6.600
683.000	6.593
684.000	6.586
685.000	6.579
686.000	6.572
687.000	6.570
688.000	6.563
689.000	6.556
690.000	6.549
691.000	6.542
692.000	6.535
693.000	6.528
694.000	6.521
695.000	6.514
696.000	6.507
697.000	6.500
698.000	6.499
699.000	6.492
700.000	6.485
701.000	6.479
702.000	6.472
703.000	6.465
704.000	6.459
705.000	6.452
706.000	6.446
707.000	6.439
708.000	6.432
709.000	6.432
710.000	6.425
711.000	6.418
712.000	6.412
713.000	6.405
714.000	6.399
715.000	6.392
716.000	6.386
717.000	6.379
718.000	6.372
719.000	6.366
720.000	6.331
721.000	6.324
722.000	6.317
723.000	6.310
724.000	6.304
725.000	6.297
726.000	6.290
727.000	6.284
728.000	6.277
729.000	6.270
730.000	6.263
731.000	6.256
732.000	6.256
733.000	6.250
734.000	6.243
735.000	6.236
736.000	6.230
737.000	6.223
738.000	6.216
739.000	6.209
740.000	6.203
741.000	6.196
742.000	6.189
743.000	6.120
744.000	6.113
745.000	6.107
746.000	6.100
747.000	6.094
748.000	6.087
749.000	6.080
750.000	6.074
751.000	6.067
752.000	6.061
753.000	6.054
754.000	6.054
755.000	6.047
756.000	6.041
757.000	6.034
758.000	6.027
759.000	6.021
760.000	6.014
761.000	6.008
762.000	6.001
763.000	5.995
764.000	5.988
765.000	5.988
766.000	5.982
767.000	5.975
768.000	5.969
769.000	5.962
770.000	5.956
771.000	5.949
772.000	5.943
773.000	5.936
774.000	5.931
775.000	5.925
776.000	5.925
777.000	5.920
778.000	5.914
779.000	5.908
780.000	5.903
781.000	5.897
782.000	5.891
783.000	5.886
784.000	5.880
785.000	5.874
786.000	5.868
787.000	5.868
788.000	5.863
789.000	5.857
790.000	5.851
791.000	5.845
792.000	5.839
793.000	5.833
794.000	5.828
795.000	5.822
796.000	5.817
797.000	5.812
798.000	5.807
799.000	5.807
800.000	5.802
801.000	5.796
802.000	5.791
803.000	5.786
804.000	5.781
805.000	5.775
806.000	5.770
807.000	5.765
808.000	5.760
809.000	5.755
810.000	5.755
811.000	5.749
812.000	5.744
813.000	5.739
814.000	5.734
815.000	5.729
816.000	5.724
817.000	5.719
818.000	5.714
819.000	5.709
820.000	5.704
821.000	5.704
822.000	5.699
823.000	5.694
824.000	5.690
825.000	5.685
826.000	5.680
827.000	5.675
828.000	5.670
829.000	5.666
830.000	5.661
831.000	5.656
832.000	5.656
833.000	5.651
834.000	5.646
835.000	5.642
836.000	5.637
837.000	5.632
838.000	5.628
839.000	5.623
840.000	5.618
841.000	5.613
842.000	5.608
843.000	5.608
844.000	5.604
845.000	5.599
846.000	5.594
847.000	5.589
848.000	5.584
849.000	5.580
850.000	5.575
851.000	5.570
852.000	5.566
853.000	5.561
854.000	5.561
855.000	5.557
856.000	5.552
857.000	5.548
858.000	5.543
859.000	5.539
860.000	5.534
861.000	5.529
862.000	5.525
863.000	5.521
864.000	5.516
865.000	5.512
866.000	5.512
867.000	5.507
868.000	5.503
869.000	5.499
870.000	5.494
871.000	5.490
872.000	5.485
873.000	5.481
874.000	5.476
875.000	5.472
876.000	5.468
877.000	5.459
878.000	5.455
879.000	5.451
880.000	5.446
881.000	5.442
882.000	5.438
883.000	5.434
884.000	5.430
885.000	5.425
886.000	5.421
887.000	5.417
888.000	5.417
889.000	5.413
890.000	5.409
891.000	5.404
892.000	5.400
893.000	5.396
894.000	5.392
895.000	5.388
896.000	5.384
897.000	5.380
898.000	5.376
899.000	5.376
900.000	5.372
901.000	5.368
902.000	5.364
903.000	5.360
904.000	5.356
905.000	5.352
906.000	5.348
907.000	5.344
908.000	5.340
909.000	5.336
910.000	5.336
911.000	5.332
912.000	5.328
913.000	5.324
914.000	5.321
915.000	5.317
916.000	5.313
917.000	5.309
918.000	5.306
919.000	5.302
920.000	5.298
921.000	5.298
922.000	5.294
923.000	5.291
924.000	5.287
925.000	5.283
926.000	5.279
927.000	5.275
928.000	5.271
929.000	5.267
930.000	5.264
931.000	5.260
932.000	5.256
933.000	5.256
934.000	5.252
935.000	5.249
936.000	5.245
937.000	5.241
938.000	5.237
939.000	5.234
940.000	5.230
941.000	5.226
942.000	5.223
943.000	5.219
944.000	5.198
945.000	5.194
946.000	5.190
947.000	5.187
948.000	5.183
949.000	5.180
950.000	5.176
951.000	5.172
952.000	5.169
953.000	5.165
954.000	5.162
955.000	5.162
956.000	5.158
957.000	5.155
958.000	5.151
959.000	5.148
960.000	5.144
961.000	5.141
962.000	5.137
963.000	5.134
964.000	5.130
965.000	5.127
966.000	5.127
967.000	5.124
968.000	5.120
969.000	5.117
970.000	5.113
971.000	5.110
972.000	5.107
973.000	5.103
974.000	5.100
975.000	5.097
976.000	5.094
977.000	5.094
978.000	5.091
979.000	5.087
980.000	5.084
981.000	5.081
982.000	5.078
983.000	5.075
984.000	5.072
985.000	5.068
986.000	5.065
987.000	5.062
988.000	5.062
989.000	5.059
990.000	5.056
991.000	5.053
992.000	5.049
993.000	5.046
994.000	5.043
995.000	5.040
996.000	5.036
997.000	5.033
998.000	5.030
999.000	5.030
1000.000	5.027
1001.000	5.024
1002.000	5.021
1003.000	5.017
1004.000	5.014
1005.000	5.011
1006.000	5.008
1007.000	5.005
1008.000	5.002
1009.000	4.999
1010.000	4.995
1011.000	4.995
1012.000	4.992
1013.000	4.989
1014.000	4.986
1015.000	4.983
1016.000	4.979
1017.000	4.976
1018.000	4.973
1019.000	4.970
1020.000	4.967
1021.000	4.963
1022.000	4.932
1023.000	4.929
1024.000	4.926
1025.000	4.923
1026.000	4.920
1027.000	4.917
1028.000	4.914
1029.000	4.910
1030.000	4.907
1031.000	4.904
1032.000	4.901
1033.000	4.893
1034.000	4.890
1035.000	4.887
1036.000	4.884
1037.000	4.881
1038.000	4.878
1039.000	4.875
1040.000	4.872
1041.000	4.869
1042.000	4.866
1043.000	4.863
1044.000	4.863
1045.000	4.860
1046.000	4.857
1047.000	4.854
1048.000	4.851
1049.000	4.848
1050.000	4.845
1051.000	4.842
1052.000	4.839
1053.000	4.836
1054.000	4.833
1055.000	4.833
1056.000	4.830
1057.000	4.827
1058.000	4.823
1059.000	4.820
1060.000	4.817
1061.000	4.814
1062.000	4.811
1063.000	4.808
1064.000	4.805
1065.000	4.802
1066.000	4.802
1067.000	4.799
1068.000	4.796
1069.000	4.793
1070.000	4.790
1071.000	4.787
1072.000	4.783
1073.000	4.780
1074.000	4.777
1075.000	4.774
1076.000	4.771
1077.000	4.768
1078.000	4.768
1079.000	4.765
1080.000	4.762
1081.000	4.759
1082.000	4.756
1083.000	4.752
1084.000	4.749
1085.000	4.746
1086.000	4.743
1087.000	4.740
1088.000	4.737
1089.000	4.730
1090.000	4.727
1091.000	4.724
1092.000	4.721
1093.000	4.718
1094.000	4.715
1095.000	4.712
1096.000	4.709
1097.000	4.706
1098.000	4.703
1099.000	4.700
1100.000	4.700
1101.000	4.697
1102.000	4.694
1103.000	4.691
1104.000	4.688
1105.000	4.685
1106.000	4.682
1107.000	4.679
1108.000	4.676
1109.000	4.673
1110.000	4.670
1111.000	4.670
1112.000	4.667
1113.000	4.664
1114.000	4.661
1115.000	4.658
1116.000	4.655
1117.000	4.652
1118.000	4.649
1119.000	4.646
1120.000	4.643
1121.000	4.640
1122.000	4.635
1123.000	4.632
1124.000	4.629
1125.000	4.626
1126.000	4.623
1127.000	4.620
1128.000	4.617
1129.000	4.614
1130.000	4.611
1131.000	4.609
1132.000	4.606
1133.000	4.606
1134.000	4.602
1135.000	4.599
1136.000	4.596
1137.000	4.593
1138.000	4.591
1139.000	4.588
1140.000	4.585
1141.000	4.582
1142.000	4.579
1143.000	4.576
1144.000	4.573
1145.000	4.573
1146.000	4.570
1147.000	4.567
1148.000	4.564
1149.000	4.561
1150.000	4.558
1151.000	4.555
1152.000	4.553
1153.000	4.550
1154.000	4.547
1155.000	4.544
1156.000	4.544
1157.000	4.541
1158.000	4.538
1159.000	4.535
1160.000	4.532
1161.000	4.529
1162.000	4.526
1163.000	4.523
1164.000	4.520
1165.000	4.517
1166.000	4.514
1167.000	4.510
1168.000	4.507
1169.000	4.504
1170.000	4.501
1171.000	4.499
1172.000	4.496
1173.000	4.493
1174.000	4.490
1175.000	4.487
1176.000	4.484
1177.000	4.482
1178.000	4.455
1179.000	4.452
1180.000	4.449
1181.000	4.446
1182.000	4.444
1183.000	4.441
1184.000	4.438
1185.000	4.436
1186.000	4.433
1187.000	4.430
1188.000	4.428
1189.000	4.428
1190.000	4.425
1191.000	4.422
1192.000	4.419
1193.000	4.416
1194.000	4.414
1195.000	4.411
1196.000	4.408
1197.000	4.405
1198.000	4.402
1199.000	4.400
1200.000	4.393
1201.000	4.390
1202.000	4.387
1203.000	4.385
1204.000	4.382
1205.000	4.379
1206.000	4.376
1207.000	4.373
1208.000	4.370
1209.000	4.368
1210.000	4.365
1211.000	4.365
1212.000	4.362
1213.000	4.359
1214.000	4.357
1215.000	4.354
1216.000	4.351
1217.000	4.349
1218.000	4.346
1219.000	4.343
1220.000	4.340
1221.000	4.338
1222.000	4.335
1223.000	4.335
1224.000	4.332
1225.000	4.329
1226.000	4.327
1227.000	4.324
1228.000	4.321
1229.000	4.318
1230.000	4.316
1231.000	4.313
1232.000	4.310
1233.000	4.307
1234.000	4.307
1235.000	4.305
1236.000	4.302
1237.000	4.299
1238.000	4.296
1239.000	4.294
1240.000	4.291
1241.000	4.288
1242.000	4.285
1243.000	4.283
1244.000	4.280
1245.000	4.278
1246.000	4.276
1247.000	4.273
1248.000	4.270
1249.000	4.268
1250.000	4.265
1251.000	4.262
1252.000	4.260
1253.000	4.257
1254.000	4.254
1255.000	4.252
1256.000	4.245
1257.000	4.242
1258.000	4.240
1259.000	4.237
1260.000	4.234
1261.000	4.231
1262.000	4.228
1263.000	4.226
1264.000	4.223
1265.000	4.220
1266.000	4.217
1267.000	4.217
1268.000	4.215
1269.000	4.212
1270.000	4.209
1271.000	4.207
1272.000	4.204
1273.000	4.201
1274.000	4.198
1275.000	4.196
1276.000	4.193
1277.000	4.190
1278.000	4.190
1279.000	4.187
1280.000	4.185
1281.000	4.182
1282.000	4.179
1283.000	4.176
1284.000	4.174
1285.000	4.171
1286.000	4.168
1287.000	4.166
1288.000	4.163
1289.000	4.160
1290.000	4.160
1291.000	4.158
1292.000	4.155
1293.000	4.153
1294.000	4.150
1295.000	4.148
1296.000	4.145
1297.000	4.143
1298.000	4.140
1299.000	4.138
1300.000	4.135
1301.000	4.135
1302.000	4.132
1303.000	4.130
1304.000	4.127
1305.000	4.124
1306.000	4.122
1307.000	4.119
1308.000	4.116
1309.000	4.114
1310.000	4.111
1311.000	4.108
1312.000	4.108
1313.000	4.106
1314.000	4.103
1315.000	4.101
1316.000	4.098
1317.000	4.096
1318.000	4.093
1319.000	4.091
1320.000	4.089
1321.000	4.086
1322.000	4.084
1323.000	4.084
1324.000	4.081
1325.000	4.079
1326.000	4.076
1327.000	4.074
1328.000	4.071
1329.000	4.069
1330.000	4.067
1331.000	4.064
1332.000	4.062
1333.000	4.059
1334.000	4.059
1335.000	4.057
1336.000	4.055
1337.000	4.052
1338.000	4.050
1339.000	4.048
1340.000	4.045
1341.000	4.043
1342.000	4.041
1343.000	4.039
1344.000	4.036
1345.000	4.036
1346.000	4.034
1347.000	4.032
1348.000	4.030
1349.000	4.027
1350.000	4.025
1351.000	4.023
1352.000	4.021
1353.000	4.019
1354.000	4.016
1355.000	4.014
1356.000	4.012
1357.000	4.012
1358.000	4.010
1359.000	4.008
1360.000	4.006
1361.000	4.004
1362.000	4.002
1363.000	4.000
1364.000	3.998
1365.000	3.996
1366.000	3.995
1367.000	3.993
1368.000	3.987
1369.000	3.985
1370.000	3.983
1371.000	3.982
1372.000	3.980
1373.000	3.978
1374.000	3.976
1375.000	3.974
1376.000	3.972
1377.000	3.970
1378.000	3.968
1379.000	3.968
1380.000	3.967
1381.000	3.965
1382.000	3.963
1383.000	3.961
1384.000	3.960
1385.000	3.958
1386.000	3.956
1387.000	3.954
1388.000	3.953
1389.000	3.951
1390.000	3.951
1391.000	3.949
1392.000	3.948
1393.000	3.946
1394.000	3.945
1395.000	3.943
1396.000	3.941
1397.000	3.940
1398.000	3.938
1399.000	3.937
1400.000	3.935
1401.000	3.935
1402.000	3.933
1403.000	3.932
1404.000	3.930
1405.000	3.929
1406.000	3.927
1407.000	3.926
1408.000	3.924
1409.000	3.922
1410.000	3.921
1411.000	3.919
1412.000	3.919
1413.000	3.918
1414.000	3.916
1415.000	3.914
1416.000	3.913
1417.000	3.911
1418.000	3.910
1419.000	3.908
1420.000	3.907
1421.000	3.905
1422.000	3.904
1423.000	3.904
1424.000	3.902
1425.000	3.901
1426.000	3.900
1427.000	3.898
1428.000	3.897
1429.000	3.895
1430.000	3.894
1431.000	3.892
1432.000	3.891
1433.000	3.889
1434.000	3.888
1435.000	3.888
1436.000	3.887
1437.000	3.885
1438.000	3.884
1439.000	3.882
1440.000	3.881
1441.000	3.880
1442.000	3.878
1443.000	3.877
1444.000	3.875
1445.000	3.874
1446.000	3.874
1447.000	3.873
1448.000	3.871
1449.000	3.870
1450.000	3.868
1451.000	3.867
1452.000	3.866
1453.000	3.864
1454.000	3.863
1455.000	3.861
1456.000	3.860
1457.000	3.860
1458.000	3.859
1459.000	3.858
1460.000	3.856
1461.000	3.855
1462.000	3.854
1463.000	3.852
1464.000	3.851
1465.000	3.850
1466.000	3.848
1467.000	3.847
1468.000	3.847
1469.000	3.846
1470.000	3.845
1471.000	3.843
1472.000	3.842
1473.000	3.841
1474.000	3.839
1475.000	3.838
1476.000	3.837
1477.000	3.836
1478.000	3.835
1479.000	3.835
1480.000	3.833
1481.000	3.832
1482.000	3.831
1483.000	3.830
1484.000	3.829
1485.000	3.828
1486.000	3.826
1487.000	3.825
1488.000	3.824
1489.000	3.823
1490.000	3.823
1491.000	3.822
1492.000	3.821
1493.000	3.820
1494.000	3.819
1495.000	3.818
1496.000	3.816
1497.000	3.815
1498.000	3.814
1499.000	3.813
1500.000	3.812
1501.000	3.811
1502.000	3.811
1503.000	3.810
1504.000	3.809
1505.000	3.808
1506.000	3.807
1507.000	3.806
1508.000	3.805
1509.000	3.805
1510.000	3.804
1511.000	3.803
1512.000	3.802
1513.000	3.802
1514.000	3.801
1515.000	3.800
1516.000	3.799
1517.000	3.798
1518.000	3.797
1519.000	3.796
1520.000	3.796
1521.000	3.795
1522.000	3.794
1523.000	3.793
1524.000	3.793
1525.000	3.792
1526.000	3.791
1527.000	3.790
1528.000	3.790
1529.000	3.789
1530.000	3.788
1531.000	3.787
1532.000	3.786
1533.000	3.786
1534.000	3.785
1535.000	3.785
1536.000	3.784
1537.000	3.783
1538.000	3.783
1539.000	3.782
1540.000	3.781
1541.000	3.781
1542.000	3.780
1543.000	3.780
1544.000	3.779
1545.000	3.779
1546.000	3.779
1547.000	3.778
1548.000	3.777
1549.000	3.777
1550.000	3.776
1551.000	3.776
1552.000	3.775
1553.000	3.775
1554.000	3.774
1555.000	3.774
1556.000	3.773
1557.000	3.773
1558.000	3.773
1559.000	3.772
1560.000	3.772
1561.000	3.771
1562.000	3.771
1563.000	3.770
1564.000	3.770
1565.000	3.770
1566.000	3.769
1567.000	3.769
1568.000	3.768
1569.000	3.768
1570.000	3.768
1571.000	3.767
1572.000	3.767
1573.000	3.766
1574.000	3.766
1575.000	3.766
1576.000	3.765
1577.000	3.765
1578.000	3.764
1579.000	3.764
1580.000	3.764
1581.000	3.764
1582.000	3.763
1583.000	3.763
1584.000	3.763
1585.000	3.762
1586.000	3.762
1587.000	3.762
1588.000	3.761
1589.000	3.761
1590.000	3.761
1591.000	3.761
1592.000	3.760
1593.000	3.760
1594.000	3.760
1595.000	3.760
1596.000	3.760
1597.000	3.759
1598.000	3.759
1599.000	3.759
1600.000	3.759
1601.000	3.759
1602.000	3.759
1603.000	3.759
1604.000	3.758
1605.000	3.758
1606.000	3.758
1607.000	3.758
1608.000	3.758
1609.000	3.758
1610.000	3.757
1611.000	3.757
1612.000	3.757
1613.000	3.757
1614.000	3.757
1615.000	3.757
1616.000	3.757
1617.000	3.756
1618.000	3.756
1619.000	3.756
1620.000	3.756
1621.000	3.756
1622.000	3.756
1623.000	3.756
1624.000	3.756
1625.000	3.755
1626.000	3.755
1627.000	3.755
1628.000	3.755
1629.000	3.755
1630.000	3.755
1631.000	3.755
1632.000	3.755
1633.000	3.754
1634.000	3.754
1635.000	3.754
1636.000	3.754
1637.000	3.754
1638.000	3.754
1639.000	3.754
1640.000	3.754
1641.000	3.752
1642.000	3.751
1643.000	3.749
1644.000	3.748
1645.000	3.746
1646.000	3.745
1647.000	3.745
1648.000	3.743
1649.000	3.742
1650.000	3.740
1651.000	3.739
1652.000	3.737
1653.000	3.736
1654.000	3.734
1655.000	3.733
1656.000	3.731
1657.000	3.730
1658.000	3.730
1659.000	3.728
1660.000	3.727
1661.000	3.726
1662.000	3.724
1663.000	3.723
1664.000	3.721
1665.000	3.720
1666.000	3.718
1667.000	3.717
1668.000	3.715
1669.000	3.715
1670.000	3.714
1671.000	3.712
1672.000	3.711
1673.000	3.709
1674.000	3.708
1675.000	3.707
1676.000	3.705
1677.000	3.704
1678.000	3.702
1679.000	3.701
1680.000	3.701
1681.000	3.699
1682.000	3.698
1683.000	3.696
1684.000	3.695
1685.000	3.693
1686.000	3.692
1687.000	3.691
1688.000	3.689
1689.000	3.688
1690.000	3.686
1691.000	3.686
1692.000	3.685
1693.000	3.683
1694.000	3.682
1695.000	3.680
1696.000	3.679
1697.000	3.678
1698.000	3.676
1699.000	3.675
1700.000	3.673
1701.000	3.672
1702.000	3.672
1703.000	3.670
1704.000	3.669
1705.000	3.667
1706.000	3.666
1707.000	3.665
1708.000	3.663
1709.000	3.662
1710.000	3.660
1711.000	3.659
1712.000	3.657
1713.000	3.656
1714.000	3.656
1715.000	3.655
1716.000	3.653
1717.000	3.652
1718.000	3.651
1719.000	3.649
1720.000	3.648
1721.000	3.647
1722.000	3.645
1723.000	3.644
1724.000	3.643
1725.000	3.643
1726.000	3.641
1727.000	3.640
1728.000	3.639
1729.000	3.638
1730.000	3.636
1731.000	3.635
1732.000	3.634
1733.000	3.632
1734.000	3.631
1735.000	3.630
1736.000	3.630
1737.000	3.629
1738.000	3.627
1739.000	3.626
1740.000	3.625
1741.000	3.623
1742.000	3.622
1743.000	3.621
1744.000	3.620
1745.000	3.618
1746.000	3.617
1747.000	3.617
1748.000	3.616
1749.000	3.614
1750.000	3.613
1751.000	3.612
1752.000	3.611
1753.000	3.609
1754.000	3.608
1755.000	3.607
1756.000	3.605
1757.000	3.604
1758.000	3.604
1759.000	3.603
1760.000	3.602
1761.000	3.600
1762.000	3.599
1763.000	3.598
1764.000	3.597
1765.000	3.595
1766.000	3.594
1767.000	3.593
1768.000	3.591
1769.000	3.591
1770.000	3.590
1771.000	3.589
1772.000	3.588
1773.000	3.586
1774.000	3.585
1775.000	3.584
1776.000	3.583
1777.000	3.581
1778.000	3.580
1779.000	3.579
1780.000	3.578
1781.000	3.578
1782.000	3.576
1783.000	3.575
1784.000	3.574
1785.000	3.573
1786.000	3.571
1787.000	3.570
1788.000	3.569
1789.000	3.567
1790.000	3.566
1791.000	3.565
1792.000	3.565
1793.000	3.564
1794.000	3.562
1795.000	3.561
1796.000	3.560
1797.000	3.559
1798.000	3.557
1799.000	3.556
1800.000	3.555
1801.000	3.554
1802.000	3.552
1803.000	3.552
1804.000	3.551
1805.000	3.550
1806.000	3.549
1807.000	3.548
1808.000	3.546
1809.000	3.545
1810.000	3.544
1811.000	3.543
1812.000	3.541
1813.000	3.540
1814.000	3.540
1815.000	3.539
1816.000	3.538
1817.000	3.536
1818.000	3.535
1819.000	3.534
1820.000	3.533
1821.000	3.531
1822.000	3.530
1823.000	3.529
1824.000	3.528
1825.000	3.528
1826.000	3.526
1827.000	3.525
1828.000	3.524
1829.000	3.523
1830.000	3.522
1831.000	3.520
1832.000	3.519
1833.000	3.518
1834.000	3.517
1835.000	3.515
1836.000	3.515
1837.000	3.514
1838.000	3.513
1839.000	3.512
1840.000	3.511
1841.000	3.509
1842.000	3.508
1843.000	3.507
1844.000	3.506
1845.000	3.504
1846.000	3.503
1847.000	3.502
1848.000	3.502
1849.000	3.501
1850.000	3.500
1851.000	3.498
1852.000	3.497
1853.000	3.495
1854.000	3.494
1855.000	3.493
1856.000	3.491
1857.000	3.489
1858.000	3.487
1859.000	3.487
1860.000	3.486
1861.000	3.484
1862.000	3.482
1863.000	3.481
1864.000	3.479
1865.000	3.477
1866.000	3.475
1867.000	3.474
1868.000	3.472
1869.000	3.470
1870.000	3.470
1871.000	3.468
1872.000	3.467
1873.000	3.465
1874.000	3.463
1875.000	3.462
1876.000	3.460
1877.000	3.458
1878.000	3.456
1879.000	3.455
1880.000	3.453
1881.000	3.453
1882.000	3.451
1883.000	3.450
1884.000	3.448
1885.000	3.446
1886.000	3.444
1887.000	3.443
1888.000	3.441
1889.000	3.439
1890.000	3.438
1891.000	3.436
1892.000	3.436
1893.000	3.434
1894.000	3.432
1895.000	3.431
1896.000	3.429
1897.000	3.427
1898.000	3.426
1899.000	3.424
1900.000	3.422
1901.000	3.421
1902.000	3.419
1903.000	3.419
1904.000	3.417
1905.000	3.415
1906.000	3.414
1907.000	3.412
1908.000	3.410
1909.000	3.409
1910.000	3.407
1911.000	3.405
1912.000	3.404
1913.000	3.402
1914.000	3.402
1915.000	3.400
1916.000	3.399
1917.000	3.397
1918.000	3.395
1919.000	3.393
1920.000	3.392
1921.000	3.390
1922.000	3.388
1923.000	3.387
1924.000	3.385
1925.000	3.383
1926.000	3.383
1927.000	3.382
1928.000	3.380
1929.000	3.378
1930.000	3.377
1931.000	3.375
1932.000	3.373
1933.000	3.372
1934.000	3.370
1935.000	3.368
1936.000	3.367
1937.000	3.367
1938.000	3.365
1939.000	3.363
1940.000	3.362
1941.000	3.360
1942.000	3.358
1943.000	3.357
1944.000	3.355
1945.000	3.353
1946.000	3.352
1947.000	3.350
1948.000	3.350
1949.000	3.348
1950.000	3.347
1951.000	3.345
1952.000	3.343
1953.000	3.342
1954.000	3.340
1955.000	3.338
1956.000	3.337
1957.000	3.335
1958.000	3.333
1959.000	3.333
1960.000	3.332
1961.000	3.330
1962.000	3.328
1963.000	3.327
1964.000	3.325
1965.000	3.324
1966.000	3.322
1967.000	3.320
1968.000	3.319
1969.000	3.317
1970.000	3.317
1971.000	3.315
1972.000	3.314
1973.000	3.312
1974.000	3.310
1975.000	3.309
1976.000	3.307
1977.000	3.305
1978.000	3.304
1979.000	3.302
1980.000	3.301
1981.000	3.301
1982.000	3.299
1983.000	3.297
1984.000	3.296
1985.000	3.294
1986.000	3.292
1987.000	3.291
1988.000	3.289
1989.000	3.287
1990.000	3.286
1991.000	3.284
1992.000	3.283
1993.000	3.283
1994.000	3.281
1995.000	3.279
1996.000	3.278
1997.000	3.277
1998.000	3.277
1999.000	3.276
2000.000	3.276
2001.000	3.275
2002.000	3.275
2003.000	3.274
2004.000	3.274
2005.000	3.274
2006.000	3.273
2007.000	3.273
2008.000	3.272
2009.000	3.272
2010.000	3.271
2011.000	3.271
2012.000	3.270
2013.000	3.270
2014.000	3.269
2015.000	3.269
2016.000	3.269
2017.000	3.268
2018.000	3.268
2019.000	3.268
2020.000	3.267
2021.000	3.267
2022.000	3.266
2023.000	3.266
2024.000	3.265
2025.000	3.265
2026.000	3.265
2027.000	3.264
2028.000	3.264
2029.000	3.263
2030.000	3.263
2031.000	3.262
2032.000	3.262
2033.000	3.261
2034.000	3.261
2035.000	3.260
2036.000	3.260
2037.000	3.187
2038.000	3.186
2039.000	3.186
2040.000	3.185
2041.000	3.185
2042.000	3.184
2043.000	3.184
2044.000	3.183
2045.000	3.183
2046.000	3.183
2047.000	3.182
2048.000	3.182
2049.000	3.182
2050.000	3.181
2051.000	3.181
2052.000	3.180
2053.000	3.180
2054.000	3.179
2055.000	3.178
2056.000	3.178
2057.000	3.177
2058.000	3.177
2059.000	3.176
2060.000	3.176
2061.000	3.176
2062.000	3.175
2063.000	3.175
2064.000	3.174
2065.000	3.174
2066.000	3.173
2067.000	3.173
2068.000	3.172
2069.000	3.172
2070.000	3.171
2071.000	3.171
2072.000	3.170
2073.000	3.170
2074.000	3.169
2075.000	3.169
2076.000	3.168
2077.000	3.168
2078.000	3.167
2079.000	3.167
2080.000	3.166
2081.000	3.166
2082.000	3.166
2083.000	3.165
2084.000	3.165
2085.000	3.164
2086.000	3.164
2087.000	3.163
2088.000	3.162
2089.000	3.162
2090.000	3.161
2091.000	3.160
2092.000	3.160
2093.000	3.160
2094.000	3.159
2095.000	3.158
2096.000	3.158
2097.000	3.157
2098.000	3.156
2099.000	3.155
2100.000	3.154
2101.000	3.154
2102.000	3.153
2103.000	3.152
2104.000	3.152
2105.000	3.151
2106.000	3.150
2107.000	3.149
2108.000	3.149
2109.000	3.148
2110.000	3.147
2111.000	3.146
2112.000	3.145
2113.000	3.144
2114.000	3.144
2115.000	3.144
2116.000	3.143
2117.000	3.142
2118.000	3.141
2119.000	3.140
2120.000	3.139
2121.000	3.139
2122.000	3.138
2123.000	3.137
2124.000	3.136
2125.000	3.135
2126.000	3.135
2127.000	3.134
2128.000	3.133
2129.000	3.132
2130.000	3.132
2131.000	3.131
2132.000	3.130
2133.000	3.129
2134.000	3.128
2135.000	3.127
2136.000	3.126
2137.000	3.125
2138.000	3.125
2139.000	3.124
2140.000	3.123
2141.000	3.123
2142.000	3.122
2143.000	3.121
2144.000	3.120
2145.000	3.119
2146.000	3.118
2147.000	3.117
2148.000	3.116
2149.000	3.116
2150.000	3.115
2151.000	3.114
2152.000	3.113
2153.000	3.113
2154.000	3.112
2155.000	3.111
2156.000	3.110
2157.000	3.109
2158.000	3.108
2159.000	3.107
2160.000	3.107
2161.000	3.106
2162.000	3.105
2163.000	3.104
2164.000	3.104
2165.000	3.103
2166.000	3.102
2167.000	3.101
2168.000	3.100
2169.000	3.099
2170.000	3.098
2171.000	3.098
2172.000	3.097
2173.000	3.096
2174.000	3.096
2175.000	3.095
2176.000	3.094
2177.000	3.093
2178.000	3.092
2179.000	3.091
2180.000	3.090
2181.000	3.089
2182.000	3.089
2183.000	3.088
2184.000	3.088
2185.000	3.087
2186.000	3.086
2187.000	3.085
2188.000	3.084
2189.000	3.083
2190.000	3.082
2191.000	3.081
2192.000	3.080
2193.000	3.080
2194.000	3.080
2195.000	3.079
2196.000	3.078
2197.000	3.077
2198.000	3.076
2199.000	3.075
2200.000	3.074
2201.000	3.073
2202.000	3.072
2203.000	3.072
2204.000	3.071
2205.000	3.071
2206.000	3.070
2207.000	3.069
2208.000	3.068
2209.000	3.067
2210.000	3.066
2211.000	3.065
2212.000	3.064
2213.000	3.064
2214.000	3.063
2215.000	3.062
2216.000	3.062
2217.000	3.061
2218.000	3.060
2219.000	3.059
2220.000	3.058
2221.000	3.057
2222.000	3.056
2223.000	3.055
2224.000	3.054
2225.000	3.053
2226.000	3.052
2227.000	3.052
2228.000	3.051
2229.000	3.050
2230.000	3.048
2231.000	3.047
2232.000	3.046
2233.000	3.045
2234.000	3.044
2235.000	3.043
2236.000	3.042
2237.000	3.041
2238.000	3.041
2239.000	3.040
2240.000	3.039
2241.000	3.038
2242.000	3.037
2243.000	3.036
2244.000	3.035
2245.000	3.034
2246.000	3.033
2247.000	3.032
2248.000	3.031
2249.000	3.031
2250.000	3.030
2251.000	3.029
2252.000	3.028
2253.000	3.027
2254.000	3.026
2255.000	3.026
2256.000	3.025
2257.000	3.024
2258.000	3.024
2259.000	3.023
2260.000	3.023
2261.000	3.023
2262.000	3.022
2263.000	3.021
2264.000	3.021
2265.000	3.020
2266.000	3.019
2267.000	3.019
2268.000	3.018
2269.000	3.018
2270.000	3.017
2271.000	3.016
2272.000	3.016
2273.000	3.016
2274.000	3.015
2275.000	3.015
2276.000	3.014
2277.000	3.013
2278.000	3.013
2279.000	3.012
2280.000	3.012
2281.000	3.011
2282.000	3.010
2283.000	3.010
2284.000	3.010
2285.000	3.009
2286.000	3.008
2287.000	3.008
2288.000	3.007
2289.000	3.007
2290.000	3.006
2291.000	3.005
2292.000	3.005
2293.000	3.004
2294.000	3.004
2295.000	3.004
2296.000	3.003
2297.000	3.002
2298.000	3.002
2299.000	3.001
2300.000	3.001
2301.000	3.000
2302.000	2.999
2303.000	2.999
2304.000	2.998
2305.000	2.998
2306.000	2.998
2307.000	2.997
2308.000	2.996
2309.000	2.996
2310.000	2.995
2311.000	2.995
2312.000	2.994
2313.000	2.993
2314.000	2.993
2315.000	2.992
2316.000	2.992
2317.000	2.992
2318.000	2.991
2319.000	2.990
2320.000	2.990
2321.000	2.989
2322.000	2.988
2323.000	2.988
2324.000	2.987
2325.000	2.986
2326.000	2.986
2327.000	2.986
2328.000	2.985
2329.000	2.985
2330.000	2.984
2331.000	2.983
2332.000	2.983
2333.000	2.982
2334.000	2.981
2335.000	2.981
2336.000	2.980
2337.000	2.980
2338.000	2.979
2339.000	2.979
2340.000	2.978
2341.000	2.978
2342.000	2.977
2343.000	2.976
2344.000	2.976
2345.000	2.975
2346.000	2.975
2347.000	2.974
2348.000	2.973
2349.000	2.973
2350.000	2.973
2351.000	2.972
2352.000	2.971
2353.000	2.971
2354.000	2.970
2355.000	2.970
2356.000	2.969
2357.000	2.968
2358.000	2.968
2359.000	2.967
2360.000	2.966
2361.000	2.966
2362.000	2.965
2363.000	2.965
2364.000	2.964
2365.000	2.963
2366.000	2.963
2367.000	2.962
2368.000	2.961
2369.000	2.961
2370.000	2.960
2371.000	2.959
2372.000	2.959
2373.000	2.959
2374.000	2.958
2375.000	2.957
2376.000	2.957
2377.000	2.956
2378.000	2.955
2379.000	2.955
2380.000	2.954
2381.000	2.953
2382.000	2.953
2383.000	2.953
2384.000	2.952
2385.000	2.951
2386.000	2.950
2387.000	2.949
2388.000	2.949
2389.000	2.948
2390.000	2.947
2391.000	2.946
2392.000	2.946
2393.000	2.945
2394.000	2.945
2395.000	2.944
2396.000	2.943
2397.000	2.943
2398.000	2.942
2399.000	2.941
2400.000	2.940
2401.000	2.939
2402.000	2.939
2403.000	2.938
2404.000	2.937
2405.000	2.937
2406.000	2.936
2407.000	2.936
2408.000	2.935
2409.000	2.934
2410.000	2.933
2411.000	2.932
2412.000	2.932
2413.000	2.931
2414.000	2.930
2415.000	2.929
2416.000	2.928
2417.000	2.928
2418.000	2.928
2419.000	2.927
2420.000	2.926
2421.000	2.925
2422.000	2.924
2423.000	2.923
2424.000	2.923
2425.000	2.922
2426.000	2.921
2427.000	2.920
2428.000	2.920
2429.000	2.919
2430.000	2.918
2431.000	2.917
2432.000	2.916
2433.000	2.916
2434.000	2.915
2435.000	2.914
2436.000	2.913
2437.000	2.912
2438.000	2.911
2439.000	2.911
2440.000	2.910
2441.000	2.909
2442.000	2.909
2443.000	2.908
2444.000	2.907
2445.000	2.906
2446.000	2.905
2447.000	2.904
2448.000	2.903
2449.000	2.902
2450.000	2.902
2451.000	2.902
2452.000	2.901
2453.000	2.900
2454.000	2.899
2455.000	2.898
2456.000	2.897
2457.000	2.896
2458.000	2.895
2459.000	2.895
2460.000	2.894
2461.000	2.894
2462.000	2.893
2463.000	2.892
2464.000	2.891
2465.000	2.890
2466.000	2.889
2467.000	2.888
2468.000	2.888
2469.000	2.887
2470.000	2.886
2471.000	2.885
2472.000	2.885
2473.000	2.884
2474.000	2.883
2475.000	2.882
2476.000	2.882
2477.000	2.881
2478.000	2.880
2479.000	2.879
2480.000	2.878
2481.000	2.877
2482.000	2.876
2483.000	2.875
2484.000	2.875
2485.000	2.875
2486.000	2.874
2487.000	2.873
2488.000	2.872
2489.000	2.871
2490.000	2.870
2491.000	2.869
2492.000	2.868
2493.000	2.867
2494.000	2.866
2495.000	2.866
2496.000	2.866
2497.000	2.865
2498.000	2.864
2499.000	2.863
2500.000	2.862
2501.000	2.861
2502.000	2.860
2503.000	2.859
2504.000	2.858
2505.000	2.858
2506.000	2.858
2507.000	2.857
2508.000	2.856
2509.000	2.855
2510.000	2.854
2511.000	2.853
2512.000	2.852
2513.000	2.851
2514.000	2.851
2515.000	2.850
2516.000	2.849
2517.000	2.849
2518.000	2.848
2519.000	2.847
2520.000	2.846
2521.000	2.845
2522.000	2.844
2523.000	2.843
2524.000	2.843
2525.000	2.842
2526.000	2.841
2527.000	2.840
2528.000	2.840
2529.000	2.839
2530.000	2.838
2531.000	2.837
2532.000	2.837
2533.000	2.836
2534.000	2.835
2535.000	2.834
2536.000	2.834
2537.000	2.833
2538.000	2.832
2539.000	2.816
2540.000	2.816
2541.000	2.815
2542.000	2.814
2543.000	2.814
2544.000	2.813
2545.000	2.813
2546.000	2.812
2547.000	2.811
2548.000	2.811
2549.000	2.810
2550.000	2.809
2551.000	2.809
2552.000	2.809
2553.000	2.808
2554.000	2.808
2555.000	2.807
2556.000	2.806
2557.000	2.806
2558.000	2.805
2559.000	2.805
2560.000	2.804
2561.000	2.803
2562.000	2.803
2563.000	2.803
2564.000	2.802
2565.000	2.802
2566.000	2.801
2567.000	2.800
2568.000	2.800
2569.000	2.799
2570.000	2.799
2571.000	2.798
2572.000	2.797
2573.000	2.797
2574.000	2.797
2575.000	2.796
2576.000	2.796
2577.000	2.795
2578.000	2.794
2579.000	2.794
2580.000	2.793
2581.000	2.793
2582.000	2.792
2583.000	2.792
2584.000	2.792
2585.000	2.791
2586.000	2.791
2587.000	2.790
2588.000	2.790
2589.000	2.789
2590.000	2.789
2591.000	2.788
2592.000	2.788
2593.000	2.787
2594.000	2.786
2595.000	2.786
2596.000	2.786
2597.000	2.785
2598.000	2.785
2599.000	2.784
2600.000	2.784
2601.000	2.783
2602.000	2.783
2603.000	2.782
2604.000	2.782
2605.000	2.781
2606.000	2.781
2607.000	2.781
2608.000	2.780
2609.000	2.780
2610.000	2.779
2611.000	2.779
2612.000	2.778
2613.000	2.777
2614.000	2.777
2615.000	2.776
2616.000	2.776
2617.000	2.776
2618.000	2.775
2619.000	2.775
2620.000	2.774
2621.000	2.774
2622.000	2.773
2623.000	2.773
2624.000	2.772
2625.000	2.772
2626.000	2.771
2627.000	2.771
2628.000	2.770
2629.000	2.770
2630.000	2.770
2631.000	2.769
2632.000	2.769
2633.000	2.768
2634.000	2.768
2635.000	2.767
2636.000	2.766
2637.000	2.766
2638.000	2.765
2639.000	2.765
2640.000	2.762
2641.000	2.762
2642.000	2.761
2643.000	2.761
2644.000	2.760
2645.000	2.759
2646.000	2.759
2647.000	2.758
2648.000	2.758
2649.000	2.757
2650.000	2.757
2651.000	2.757
2652.000	2.756
2653.000	2.756
2654.000	2.755
2655.000	2.755
2656.000	2.754
2657.000	2.754
2658.000	2.753
2659.000	2.753
2660.000	2.752
2661.000	2.752
2662.000	2.752
2663.000	2.751
2664.000	2.751
2665.000	2.750
2666.000	2.750
2667.000	2.749
2668.000	2.749
2669.000	2.748
2670.000	2.748
2671.000	2.747
2672.000	2.747
2673.000	2.747
2674.000	2.746
2675.000	2.746
2676.000	2.745
2677.000	2.745
2678.000	2.744
2679.000	2.744
2680.000	2.743
2681.000	2.743
2682.000	2.742
2683.000	2.742
2684.000	2.742
2685.000	2.741
2686.000	2.740
2687.000	2.740
2688.000	2.740
2689.000	2.739
2690.000	2.739
2691.000	2.739
2692.000	2.738
2693.000	2.738
2694.000	2.737
2695.000	2.737
2696.000	2.737
2697.000	2.737
2698.000	2.736
2699.000	2.736
2700.000	2.736
2701.000	2.735
2702.000	2.735
2703.000	2.735
2704.000	2.734
2705.000	2.734
2706.000	2.734
2707.000	2.734
2708.000	2.733
2709.000	2.733
2710.000	2.732
2711.000	2.732
2712.000	2.732
2713.000	2.731
2714.000	2.731
2715.000	2.731
2716.000	2.730
2717.000	2.730
2718.000	2.719
2719.000	2.718
2720.000	2.718
2721.000	2.718
2722.000	2.717
2723.000	2.717
2724.000	2.717
2725.000	2.716
2726.000	2.716
2727.000	2.716
2728.000	2.715
2729.000	2.715
2730.000	2.715
2731.000	2.715
2732.000	2.714
2733.000	2.714
2734.000	2.713
2735.000	2.713
2736.000	2.713
2737.000	2.712
2738.000	2.712
2739.000	2.712
2740.000	2.712
2741.000	2.711
2742.000	2.711
2743.000	2.711
2744.000	2.710
2745.000	2.710
2746.000	2.710
2747.000	2.709
2748.000	2.709
2749.000	2.709
2750.000	2.708
2751.000	2.708
2752.000	2.708
2753.000	2.708
2754.000	2.707
2755.000	2.707
2756.000	2.707
2757.000	2.706
2758.000	2.706
2759.000	2.706
2760.000	2.705
2761.000	2.705
2762.000	2.705
2763.000	2.705
2764.000	2.704
2765.000	2.704
2766.000	2.704
2767.000	2.703
2768.000	2.703
2769.000	2.702
2770.000	2.702
2771.000	2.702
2772.000	2.701
2773.000	2.701
2774.000	2.701
2775.000	2.701
2776.000	2.700
2777.000	2.700
2778.000	2.700
2779.000	2.699
2780.000	2.699
2781.000	2.699
2782.000	2.698
2783.000	2.698
2784.000	2.697
2785.000	2.697
2786.000	2.697
2787.000	2.697
2788.000	2.696
2789.000	2.696
2790.000	2.696
2791.000	2.695
2792.000	2.695
2793.000	2.695
2794.000	2.694
2795.000	2.694
2796.000	2.694
2797.000	2.693
2798.000	2.693
2799.000	2.693
2800.000	2.692
2801.000	2.692
2802.000	2.692
2803.000	2.691
2804.000	2.691
2805.000	2.690
2806.000	2.690
2807.000	2.690
2808.000	2.690
2809.000	2.689
2810.000	2.689
2811.000	2.689
2812.000	2.688
2813.000	2.688
2814.000	2.687
2815.000	2.687
2816.000	2.687
2817.000	2.686
2818.000	2.686
2819.000	2.686
2820.000	2.686
2821.000	2.685
2822.000	2.685
2823.000	2.684
2824.000	2.684
2825.000	2.684
2826.000	2.683
2827.000	2.683
2828.000	2.682
2829.000	2.682
2830.000	2.682
2831.000	2.682
2832.000	2.681
2833.000	2.681
2834.000	2.680
2835.000	2.680
2836.000	2.679
2837.000	2.679
2838.000	2.678
2839.000	2.678
2840.000	2.677
2841.000	2.677
2842.000	2.677
2843.000	2.676
2844.000	2.676
2845.000	2.675
2846.000	2.675
2847.000	2.674
2848.000	2.673
2849.000	2.673
2850.000	2.672
2851.000	2.672
2852.000	2.672
2853.000	2.671
2854.000	2.671
2855.000	2.670
2856.000	2.670
2857.000	2.669
2858.000	2.669
2859.000	2.668
2860.000	2.667
2861.000	2.667
2862.000	2.666
2863.000	2.666
2864.000	2.666
2865.000	2.665
2866.000	2.665
2867.000	2.664
2868.000	2.663
2869.000	2.663
2870.000	2.662
2871.000	2.661
2872.000	2.661
2873.000	2.660
2874.000	2.660
2875.000	2.660
2876.000	2.659
2877.000	2.658
2878.000	2.658
2879.000	2.657
2880.000	2.656
2881.000	2.656
2882.000	2.655
2883.000	2.655
2884.000	2.654
2885.000	2.654
2886.000	2.654
2887.000	2.653
2888.000	2.652
2889.000	2.652
2890.000	2.651
2891.000	2.651
2892.000	2.650
2893.000	2.650
2894.000	2.649
2895.000	2.649
2896.000	2.649
2897.000	2.648
2898.000	2.648
2899.000	2.647
2900.000	2.646
2901.000	2.646
2902.000	2.645
2903.000	2.645
2904.000	2.644
2905.000	2.644
2906.000	2.643
2907.000	2.643
2908.000	2.643
2909.000	2.642
2910.000	2.642
2911.000	2.641
2912.000	2.641
2913.000	2.640
2914.000	2.640
2915.000	2.639
2916.000	2.639
2917.000	2.638
2918.000	2.638
2919.000	2.638
2920.000	2.637
2921.000	2.637
2922.000	2.636
2923.000	2.635
2924.000	2.635
2925.000	2.634
2926.000	2.634
2927.000	2.633
2928.000	2.633
2929.000	2.632
2930.000	2.632
2931.000	2.632
2932.000	2.631
2933.000	2.631
2934.000	2.630
2935.000	2.630
2936.000	2.629
2937.000	2.629
2938.000	2.628
2939.000	2.628
2940.000	2.627
2941.000	2.627
2942.000	2.627
2943.000	2.626
2944.000	2.626
2945.000	2.625
2946.000	2.625
2947.000	2.625
2948.000	2.624
2949.000	2.624
2950.000	2.623
2951.000	2.623
2952.000	2.623
2953.000	2.622
2954.000	2.622
2955.000	2.621
2956.000	2.621
2957.000	2.620
2958.000	2.620
2959.000	2.619
2960.000	2.619
2961.000	2.618
2962.000	2.618
2963.000	2.618
2964.000	2.617
2965.000	2.617
2966.000	2.617
2967.000	2.616
2968.000	2.616
2969.000	2.615
2970.000	2.615
2971.000	2.614
2972.000	2.614
2973.000	2.613
2974.000	2.613
2975.000	2.613
2976.000	2.612
2977.000	2.612
2978.000	2.611
2979.000	2.611
2980.000	2.610
2981.000	2.610
2982.000	2.610
2983.000	2.609
2984.000	2.609
2985.000	2.608
2986.000	2.608
2987.000	2.608
2988.000	2.607
2989.000	2.607
2990.000	2.606
2991.000	2.606
2992.000	2.605
2993.000	2.605
2994.000	2.604
2995.000	2.604
2996.000	2.604
2997.000	2.604
2998.000	2.603
2999.000	2.603
3000.000	2.602
3001.000	2.602
3002.000	2.601
3003.000	2.601
3004.000	2.600
3005.000	2.600
3006.000	2.599
3007.000	2.599
3008.000	2.599
3009.000	2.599
3010.000	2.598
3011.000	2.598
3012.000	2.597
3013.000	2.597
3014.000	2.597
3015.000	2.596
3016.000	2.596
3017.000	2.595
3018.000	2.595
3019.000	2.595
3020.000	2.595
3021.000	2.594
3022.000	2.594
3023.000	2.593
3024.000	2.593
3025.000	2.593
3026.000	2.592
3027.000	2.592
3028.000	2.591
3029.000	2.591
3030.000	2.591
3031.000	2.591
3032.000	2.590
3033.000	2.590
3034.000	2.589
3035.000	2.589
3036.000	2.589
3037.000	2.588
3038.000	2.588
3039.000	2.588
3040.000	2.587
3041.000	2.587
3042.000	2.587
3043.000	2.586
3044.000	2.586
3045.000	2.586
3046.000	2.585
3047.000	2.585
3048.000	2.584
3049.000	2.584
3050.000	2.584
3051.000	2.583
3052.000	2.583
3053.000	2.583
3054.000	2.582
3055.000	2.582
3056.000	2.582
3057.000	2.581
3058.000	2.581
3059.000	2.580
3060.000	2.580
3061.000	2.580
3062.000	2.579
3063.000	2.579
3064.000	2.579
3065.000	2.579
3066.000	2.578
3067.000	2.578
3068.000	2.577
3069.000	2.577
3070.000	2.577
3071.000	2.576
3072.000	2.576
3073.000	2.575
3074.000	2.575
3075.000	2.575
3076.000	2.575
3077.000	2.574
3078.000	2.574
3079.000	2.573
3080.000	2.573
3081.000	2.573
3082.000	2.572
3083.000	2.572
3084.000	2.572
3085.000	2.571
3086.000	2.571
3087.000	2.571
3088.000	2.570
3089.000	2.570
3090.000	2.570
3091.000	2.569
3092.000	2.569
3093.000	2.568
3094.000	2.568
3095.000	2.568
3096.000	2.567
3097.000	2.567
3098.000	2.567
3099.000	2.566
3100.000	2.566
3101.000	2.566
3102.000	2.565
3103.000	2.565
3104.000	2.564
3105.000	2.564
3106.000	2.563
3107.000	2.563
3108.000	2.563
3109.000	2.563
3110.000	2.562
3111.000	2.562
3112.000	2.561
3113.000	2.561
3114.000	2.560
3115.000	2.560
3116.000	2.559
3117.000	2.559
3118.000	2.558
3119.000	2.558
3120.000	2.558
3121.000	2.557
3122.000	2.557
3123.000	2.556
3124.000	2.556
3125.000	2.555
3126.000	2.555
3127.000	2.554
3128.000	2.554
3129.000	2.553
3130.000	2.553
3131.000	2.553
3132.000	2.552
3133.000	2.552
3134.000	2.551
3135.000	2.551
3136.000	2.550
3137.000	2.550
3138.000	2.549
3139.000	2.549
3140.000	2.548
3141.000	2.548
3142.000	2.548
3143.000	2.548
3144.000	2.547
3145.000	2.547
3146.000	2.546
3147.000	2.546
3148.000	2.545
3149.000	2.545
3150.000	2.544
3151.000	2.544
3152.000	2.543
3153.000	2.543
3154.000	2.543
3155.000	2.542
3156.000	2.542
3157.000	2.541
3158.000	2.541
3159.000	2.540
3160.000	2.540
3161.000	2.539
3162.000	2.539
3163.000	2.538
3164.000	2.538
3165.000	2.538
3166.000	2.537
3167.000	2.537
3168.000	2.536
3169.000	2.536
3170.000	2.535
3171.000	2.535
3172.000	2.534
3173.000	2.534
3174.000	2.533
3175.000	2.533
3176.000	2.533
3177.000	2.533
3178.000	2.532
3179.000	2.532
3180.000	2.531
3181.000	2.531
3182.000	2.530
3183.000	2.530
3184.000	2.529
3185.000	2.529
3186.000	2.528
3187.000	2.528
3188.000	2.528
3189.000	2.527
3190.000	2.527
3191.000	2.526
3192.000	2.526
3193.000	2.525
3194.000	2.525
3195.000	2.524
3196.000	2.524
3197.000	2.523
3198.000	2.523
3199.000	2.523
3200.000	2.522
3201.000	2.522
3202.000	2.522
3203.000	2.521
3204.000	2.521
3205.000	2.520
3206.000	2.520
3207.000	2.519
3208.000	2.519
3209.000	2.519
3210.000	2.518
3211.000	2.518
3212.000	2.517
3213.000	2.517
3214.000	2.516
3215.000	2.516
3216.000	2.515
3217.000	2.515
3218.000	2.514
3219.000	2.514
3220.000	2.514
3221.000	2.513
3222.000	2.513
3223.000	2.512
3224.000	2.512
3225.000	2.512
3226.000	2.511
3227.000	2.511
3228.000	2.510
3229.000	2.510
3230.000	2.509
3231.000	2.509
3232.000	2.509
3233.000	2.508
3234.000	2.508
3235.000	2.507
3236.000	2.507
3237.000	2.506
3238.000	2.506
3239.000	2.505
3240.000	2.505
3241.000	2.504
3242.000	2.504
3243.000	2.504
3244.000	2.503
3245.000	2.503
3246.000	2.503
3247.000	2.502
3248.000	2.502
3249.000	2.501
3250.000	2.501
3251.000	2.500
3252.000	2.500
3253.000	2.499
3254.000	2.499
3255.000	2.499
3256.000	2.498
3257.000	2.498
3258.000	2.497
3259.000	2.497
3260.000	2.496
3261.000	2.496
3262.000	2.495
3263.000	2.495
3264.000	2.495
3265.000	2.495
3266.000	2.494
3267.000	2.494
3268.000	2.493
3269.000	2.493
3270.000	2.492
3271.000	2.492
3272.000	2.491
3273.000	2.491
3274.000	2.490
3275.000	2.490
3276.000	2.490
3277.000	2.489
3278.000	2.489
3279.000	2.488
3280.000	2.488
3281.000	2.488
3282.000	2.487
3283.000	2.487
3284.000	2.486
3285.000	2.486
3286.000	2.485
3287.000	2.485
3288.000	2.485
3289.000	2.484
3290.000	2.484
3291.000	2.483
3292.000	2.483
3293.000	2.482
3294.000	2.482
3295.000	2.481
3296.000	2.481
3297.000	2.481
3298.000	2.481
3299.000	2.480
3300.000	2.480
3301.000	2.479
3302.000	2.479
3303.000	2.478
3304.000	2.478
3305.000	2.477
3306.000	2.477
3307.000	2.476
3308.000	2.476
3309.000	2.476
3310.000	2.475
3311.000	2.475
3312.000	2.475
3313.000	2.474
3314.000	2.474
3315.000	2.473
3316.000	2.473
3317.000	2.472
3318.000	2.472
3319.000	2.471
3320.000	2.471
3321.000	2.471
3322.000	2.470
3323.000	2.470
3324.000	2.469
3325.000	2.469
3326.000	2.469
3327.000	2.468
3328.000	2.468
3329.000	2.467
3330.000	2.467
3331.000	2.466
3332.000	2.466
3333.000	2.466
3334.000	2.465
3335.000	2.465
3336.000	2.464
3337.000	2.464
3338.000	2.463
3339.000	2.463
3340.000	2.463
3341.000	2.462
3342.000	2.462
3343.000	2.462
3344.000	2.461
3345.000	2.461
3346.000	2.460
3347.000	2.460
3348.000	2.459
3349.000	2.459
3350.000	2.458
3351.000	2.458
3352.000	2.457
3353.000	2.457
3354.000	2.457
3355.000	2.457
3356.000	2.456
3357.000	2.456
3358.000	2.455
3359.000	2.455
3360.000	2.454
3361.000	2.454
3362.000	2.454
3363.000	2.453
3364.000	2.453
3365.000	2.453
3366.000	2.452
3367.000	2.452
3368.000	2.451
3369.000	2.451
3370.000	2.451
3371.000	2.450
3372.000	2.450
3373.000	2.449
3374.000	2.449
3375.000	2.448
3376.000	2.448
3377.000	2.448
3378.000	2.448
3379.000	2.447
3380.000	2.447
3381.000	2.446
3382.000	2.446
3383.000	2.445
3384.000	2.445
3385.000	2.445
3386.000	2.444
3387.000	2.444
3388.000	2.444
3389.000	2.443
3390.000	2.443
3391.000	2.442
3392.000	2.442
3393.000	2.442
3394.000	2.441
3395.000	2.441
3396.000	2.440
3397.000	2.440
3398.000	2.440
3399.000	2.440
3400.000	2.439
3401.000	2.439
3402.000	2.439
3403.000	2.438
3404.000	2.438
3405.000	2.437
3406.000	2.437
3407.000	2.437
3408.000	2.436
3409.000	2.436
3410.000	2.436
3411.000	2.435
3412.000	2.435
3413.000	2.434
3414.000	2.434
3415.000	2.434
3416.000	2.433
3417.000	2.433
3418.000	2.433
3419.000	2.432
3420.000	2.432
3421.000	2.432
3422.000	2.432
3423.000	2.431
3424.000	2.431
3425.000	2.431
3426.000	2.430
3427.000	2.430
3428.000	2.430
3429.000	2.429
3430.000	2.429
3431.000	2.429
3432.000	2.429
3433.000	2.429
3434.000	2.428
3435.000	2.428
3436.000	2.428
3437.000	2.427
3438.000	2.427
3439.000	2.427
3440.000	2.427
3441.000	2.426
3442.000	2.426
3443.000	2.426
3444.000	2.426
3445.000	2.426
3446.000	2.425
3447.000	2.425
3448.000	2.425
3449.000	2.425
3450.000	2.424
3451.000	2.424
3452.000	2.424
3453.000	2.424
3454.000	2.424
3455.000	2.424
3456.000	2.423
3457.000	2.423
3458.000	2.423
3459.000	2.423
3460.000	2.423
3461.000	2.422
3462.000	2.422
3463.000	2.422
3464.000	2.422
3465.000	2.421
3466.000	2.421
3467.000	2.421
3468.000	2.421
3469.000	2.421
3470.000	2.421
3471.000	2.420
3472.000	2.420
3473.000	2.420
3474.000	2.420
3475.000	2.419
3476.000	2.419
3477.000	2.419
3478.000	2.419
3479.000	2.419
3480.000	2.418
3481.000	2.418
3482.000	2.418
3483.000	2.418
3484.000	2.417
3485.000	2.417
3486.000	2.417
3487.000	2.417
3488.000	2.417
3489.000	2.416
3490.000	2.416
3491.000	2.416
3492.000	2.416
3493.000	2.415
3494.000	2.415
3495.000	2.415
3496.000	2.414
3497.000	2.414
3498.000	2.414
3499.000	2.414
3500.000	2.414
3501.000	2.413
3502.000	2.413
3503.000	2.413
3504.000	2.413
3505.000	2.412
3506.000	2.412
3507.000	2.412
3508.000	2.411
3509.000	2.411
3510.000	2.411
3511.000	2.411
3512.000	2.410
3513.000	2.410
3514.000	2.410
3515.000	2.409
3516.000	2.409
3517.000	2.409
3518.000	2.408
3519.000	2.408
3520.000	2.408
3521.000	2.408
3522.000	2.407
3523.000	2.407
3524.000	2.406
3525.000	2.406
3526.000	2.406
3527.000	2.405
3528.000	2.405
3529.000	2.405
3530.000	2.404
3531.000	2.404
3532.000	2.404
3533.000	2.404
3534.000	2.403
3535.000	2.403
3536.000	2.402
3537.000	2.402
3538.000	2.402
3539.000	2.401
3540.000	2.401
3541.000	2.401
3542.000	2.400
3543.000	2.400
3544.000	2.400
3545.000	2.400
3546.000	2.399
3547.000	2.399
3548.000	2.399
3549.000	2.398
3550.000	2.398
3551.000	2.398
3552.000	2.397
3553.000	2.397
3554.000	2.397
3555.000	2.397
3556.000	2.396
3557.000	2.396
3558.000	2.396
3559.000	2.395
3560.000	2.395
3561.000	2.395
3562.000	2.394
3563.000	2.394
3564.000	2.394
3565.000	2.393
3566.000	2.393
3567.000	2.393
3568.000	2.393
3569.000	2.392
3570.000	2.392
3571.000	2.391
3572.000	2.391
3573.000	2.391
3574.000	2.390
3575.000	2.390
3576.000	2.390
3577.000	2.390
3578.000	2.389
3579.000	2.389
3580.000	2.389
3581.000	2.388
3582.000	2.388
3583.000	2.388
3584.000	2.387
3585.000	2.387
3586.000	2.387
3587.000	2.386
3588.000	2.386
3589.000	2.386
3590.000	2.386
3591.000	2.385
3592.000	2.385
3593.000	2.385
3594.000	2.384
3595.000	2.384
3596.000	2.384
3597.000	2.383
3598.000	2.383
3599.000	2.383
3600.000	2.383
3601.000	2.382
3602.000	2.382
3603.000	2.382
3604.000	2.381
3605.000	2.381
3606.000	2.381
3607.000	2.380
3608.000	2.380
3609.000	2.380
3610.000	2.379
3611.000	2.379
3612.000	2.379
3613.000	2.379
3614.000	2.378
3615.000	2.378
3616.000	2.378
3617.000	2.377
3618.000	2.377
3619.000	2.377
3620.000	2.376
3621.000	2.376
3622.000	2.376
3623.000	2.375
3624.000	2.375
3625.000	2.375
3626.000	2.374
3627.000	2.374
3628.000	2.374
3629.000	2.373
3630.000	2.373
3631.000	2.373
3632.000	2.372
3633.000	2.372
3634.000	2.372
3635.000	2.372
3636.000	2.371
3637.000	2.371
3638.000	2.371
3639.000	2.370
3640.000	2.370
3641.000	2.370
3642.000	2.369
3643.000	2.369
3644.000	2.369
3645.000	2.369
3646.000	2.368
3647.000	2.368
3648.000	2.368
3649.000	2.367
3650.000	2.367
3651.000	2.367
3652.000	2.366
3653.000	2.366
3654.000	2.366
3655.000	2.366
3656.000	2.365
3657.000	2.365
3658.000	2.365
3659.000	2.364
3660.000	2.364
3661.000	2.364
3662.000	2.363
3663.000	2.363
3664.000	2.363
3665.000	2.362
3666.000	2.362
3667.000	2.362
3668.000	2.362
3669.000	2.361
3670.000	2.361
3671.000	2.361
3672.000	2.360
3673.000	2.360
3674.000	2.360
3675.000	2.359
3676.000	2.359
3677.000	2.359
3678.000	2.359
3679.000	2.358
3680.000	2.358
3681.000	2.358
3682.000	2.357
3683.000	2.357
3684.000	2.356
3685.000	2.356
3686.000	2.356
3687.000	2.355
3688.000	2.355
3689.000	2.355
3690.000	2.355
3691.000	2.354
3692.000	2.354
3693.000	2.354
3694.000	2.353
3695.000	2.353
3696.000	2.353
3697.000	2.352
3698.000	2.352
3699.000	2.352
3700.000	2.352
3701.000	2.351
3702.000	2.351
3703.000	2.350
3704.000	2.350
3705.000	2.350
3706.000	2.349
3707.000	2.349
3708.000	2.349
3709.000	2.348
3710.000	2.348
3711.000	2.348
3712.000	2.348
3713.000	2.347
3714.000	2.347
3715.000	2.347
3716.000	2.346
3717.000	2.346
3718.000	2.346
3719.000	2.345
3720.000	2.345
3721.000	2.345
3722.000	2.345
3723.000	2.344
3724.000	2.344
3725.000	2.343
3726.000	2.343
3727.000	2.343
3728.000	2.342
3729.000	2.342
3730.000	2.342
3731.000	2.341
3732.000	2.341
3733.000	2.341
3734.000	2.341
3735.000	2.340
3736.000	2.340
3737.000	2.339
3738.000	2.339
3739.000	2.339
3740.000	2.338
3741.000	2.338
3742.000	2.338
3743.000	2.337
3744.000	2.337
3745.000	2.337
3746.000	2.337
3747.000	2.337
3748.000	2.337
3749.000	2.337
3750.000	2.337
3751.000	2.337
3752.000	2.337
3753.000	2.337
3754.000	2.337
3755.000	2.337
3756.000	2.337
3757.000	2.337
3758.000	2.337
3759.000	2.337
3760.000	2.337
3761.000	2.337
3762.000	2.337
3763.000	2.337
3764.000	2.337
3765.000	2.337
3766.000	2.337
3767.000	2.337
3768.000	2.337
3769.000	2.337
3770.000	2.337
3771.000	2.337
3772.000	2.337
3773.000	2.337
3774.000	2.337
3775.000	2.337
3776.000	2.337
3777.000	2.337
3778.000	2.337
3779.000	2.337
3780.000	2.337
3781.000	2.337
3782.000	2.337
3783.000	2.337
3784.000	2.337
3785.000	2.337
3786.000	2.337
3787.000	2.337
3788.000	2.288
3789.000	2.288
3790.000	2.288
3791.000	2.288
3792.000	2.288
3793.000	2.281
3794.000	2.281
3795.000	2.281
3796.000	2.281
3797.000	2.281
3798.000	2.281
3799.000	2.281
3800.000	2.276
3801.000	2.276
3802.000	2.276
3803.000	2.276
3804.000	2.276
3805.000	2.276
3806.000	2.276
3807.000	2.276
3808.000	2.269
3809.000	2.264
3810.000	2.264
3811.000	2.264
3812.000	2.264
3813.000	2.264
3814.000	2.264
3815.000	2.264
3816.000	2.264
3817.000	2.264
3818.000	2.264
3819.000	2.264
3820.000	2.264
3821.000	2.264
3822.000	2.249
3823.000	2.249
3824.000	2.249
3825.000	2.246
3826.000	2.246
3827.000	2.246
3828.000	2.246
3829.000	2.246
3830.000	2.246
3831.000	2.246
3832.000	2.246
3833.000	2.246
3834.000	2.246
3835.000	2.229
3836.000	2.225
3837.000	2.225
3838.000	2.225
3839.000	2.225
3840.000	2.225
3841.000	2.225
3842.000	2.199
3843.000	2.199
3844.000	2.199
3845.000	2.199
3846.000	2.199
3847.000	2.199
3848.000	2.199
3849.000	2.191
3850.000	2.191
3851.000	2.191
3852.000	2.191
3853.000	2.191
3854.000	2.191
3855.000	2.191
3856.000	2.191
3857.000	2.191
3858.000	2.191
3859.000	2.180
3860.000	2.180
3861.000	2.180
3862.000	2.180
3863.000	2.180
3864.000	2.180
3865.000	2.180
3866.000	2.180
3867.000	2.180
3868.000	2.180
3869.000	2.180
3870.000	2.180
3871.000	2.180
3872.000	2.180
3873.000	2.180
3874.000	2.180
3875.000	2.180
3876.000	2.180
3877.000	2.180
3878.000	2.180
3879.000	2.180
3880.000	2.180
3881.000	2.180
3882.000	2.180
3883.000	2.180
3884.000	2.180
3885.000	2.180
3886.000	2.180
3887.000	2.180
3888.000	2.180
3889.000	2.180
3890.000	2.180
3891.000	2.180
3892.000	2.180
3893.000	2.180
3894.000	2.180
3895.000	2.180
3896.000	2.180
3897.000	2.180
3898.000	2.180
3899.000	2.180
3900.000	2.180
3901.000	2.180
3902.000	2.180
3903.000	2.180
3904.000	2.180
3905.000	2.180
3906.000	2.180
3907.000	2.180
3908.000	2.180
3909.000	2.180
3910.000	2.180
3911.000	2.180
3912.000	2.180
3913.000	2.180
3914.000	2.180
3915.000	2.180
3916.000	2.180
3917.000	2.180
3918.000	2.180
3919.000	2.180
3920.000	2.180
3921.000	2.180
3922.000	2.180
3923.000	2.180
3924.000	2.180
3925.000	2.180
3926.000	2.180
3927.000	2.180
3928.000	2.180
3929.000	2.180
3930.000	2.180
3931.000	2.180
3932.000	2.180
3933.000	2.180
3934.000	2.180
3935.000	2.180
3936.000	2.180
3937.000	2.180
3938.000	2.180
3939.000	2.180
3940.000	2.180
3941.000	2.180
3942.000	2.180
3943.000	2.180
3944.000	2.180
3945.000	2.180
3946.000	2.180
3947.000	2.180
3948.000	2.180
3949.000	2.180
3950.000	2.180
3951.000	2.180
3952.000	2.180
3953.000	2.180
3954.000	2.180
3955.000	2.180
3956.000	2.180
3957.000	2.180
3958.000	2.180
3959.000	2.180
3960.000	2.180
3961.000	2.180
3962.000	2.180
3963.000	2.180
3964.000	2.180
3965.000	2.180
3966.000	2.180
3967.000	2.180
3968.000	2.180
3969.000	2.180
3970.000	2.180
3971.000	2.180
3972.000	2.180
3973.000	2.180
3974.000	2.180
3975.000	2.180
3976.000	2.180
3977.000	2.180
3978.000	2.180
3979.000	2.180
3980.000	2.180
3981.000	2.180
3982.000	2.180
3983.000	2.180
3984.000	2.180
3985.000	2.180
3986.000	2.180
3987.000	2.180
3988.000	2.180
3989.000	2.180
3990.000	2.180
3991.000	2.180
3992.000	2.180
3993.000	2.180
3994.000	2.180
3995.000	2.180
3996.000	2.180
3997.000	2.180
3998.000	2.180
3999.000	2.180
4000.000	2.180
4001.000	2.180
4002.000	2.180
4003.000	2.180
4004.000	2.180
4005.000	2.180
4006.000	2.180
4007.000	2.180
4008.000	2.180
4009.000	2.180
4010.000	2.180
4011.000	2.180
4012.000	2.180
4013.000	2.180
4014.000	2.180
4015.000	2.166
4016.000	2.166
4017.000	2.166
4018.000	2.166
4019.000	2.166
4020.000	2.166
4021.000	2.166
4022.000	2.166
4023.000	2.166
4024.000	2.166
4025.000	2.166
4026.000	2.166
4027.000	2.166
4028.000	2.166
4029.000	2.166
4030.000	2.166
4031.000	2.166
4032.000	2.166
4033.000	2.166
4034.000	2.166
4035.000	2.166
4036.000	2.166
4037.000	2.166
4038.000	2.166
4039.000	2.166
4040.000	2.166
4041.000	2.166
4042.000	2.166
4043.000	2.166
4044.000	2.166
4045.000	2.166
4046.000	2.166
4047.000	2.166
4048.000	2.166
4049.000	2.166
4050.000	2.166
4051.000	2.166
4052.000	2.166
4053.000	2.166
4054.000	2.166
4055.000	2.166
4056.000	2.166
4057.000	2.166
4058.000	2.166
4059.000	2.166
4060.000	2.166
4061.000	2.166
4062.000	2.166
4063.000	2.166
4064.000	2.166
4065.000	2.166
4066.000	2.166
4067.000	2.166
4068.000	2.166
4069.000	2.166
4070.000	2.166
4071.000	2.166
4072.000	2.166
4073.000	2.151
4074.000	2.151
4075.000	2.151
4076.000	2.151
4077.000	2.151
4078.000	2.151
4079.000	2.151
4080.000	2.151
4081.000	2.151
4082.000	2.151
4083.000	2.151
4084.000	2.151
4085.000	2.151
4086.000	2.151
4087.000	2.151
4088.000	2.151
4089.000	2.151
4090.000	2.151
4091.000	2.151
4092.000	2.151
4093.000	2.151
4094.000	2.151
4095.000	2.151
