0.000	35.439
1.000	35.439
2.000	35.439
3.000	35.438
4.000	35.438
5.000	35.438
6.000	35.438
7.000	35.438
8.000	35.437
9.000	35.437
10.000	35.437
11.000	35.437
12.000	35.437
13.000	35.436
14.000	35.436
15.000	35.436
16.000	35.436
17.000	35.435
18.000	35.435
19.000	35.435
20.000	35.435
21.000	35.435
22.000	35.434
23.000	35.434
24.000	35.434
25.000	35.434
26.000	35.434
27.000	35.433
28.000	35.433
29.000	35.433
30.000	35.433
31.000	35.433
32.000	35.432
33.000	35.432
34.000	35.432
35.000	35.432
36.000	35.432
37.000	35.431
38.000	35.431
39.000	35.431
40.000	35.431
41.000	35.431
42.000	35.430
43.000	35.430
44.000	35.430
45.000	35.430
46.000	35.429
47.000	35.429
48.000	35.429
49.000	35.429
50.000	35.429
51.000	35.428
52.000	35.428
53.000	35.428
54.000	35.428
55.000	35.428
56.000	35.427
57.000	35.427
58.000	35.427
59.000	35.427
60.000	35.427
61.000	35.426
62.000	35.426
63.000	35.426
64.000	35.426
65.000	35.426
66.000	35.425
67.000	35.425
68.000	35.425
69.000	35.425
70.000	35.424
71.000	35.424
72.000	35.424
73.000	35.424
74.000	35.424
75.000	35.423
76.000	35.423
77.000	35.423
78.000	35.423
79.000	35.423
80.000	35.422
81.000	35.422
82.000	35.422
83.000	35.422
84.000	35.422
85.000	35.421
86.000	35.421
87.000	35.421
88.000	35.421
89.000	35.421
90.000	35.420
91.000	35.420
92.000	35.420
93.000	35.420
94.000	35.420
95.000	35.419
96.000	35.419
97.000	35.419
98.000	35.419
99.000	35.418
100.000	35.418
101.000	35.418
102.000	35.418
103.000	35.418
104.000	35.417
105.000	35.417
106.000	35.417
107.000	35.417
108.000	35.417
109.000	35.416
110.000	35.416
111.000	35.416
112.000	35.416
113.000	35.416
114.000	35.415
115.000	35.415
116.000	35.415
117.000	35.415
118.000	35.415
119.000	35.414
120.000	35.414
121.000	35.414
122.000	35.414
123.000	35.413
124.000	35.413
125.000	35.413
126.000	35.413
127.000	35.413
128.000	35.412
129.000	35.412
130.000	35.412
131.000	35.412
132.000	35.412
133.000	35.411
134.000	35.411
135.000	35.411
136.000	35.411
137.000	35.411
138.000	35.410
139.000	35.410
140.000	35.410
141.000	35.410
142.000	35.410
143.000	35.409
144.000	35.409
145.000	35.409
146.000	35.409
147.000	35.409
148.000	35.408
149.000	35.408
150.000	35.408
151.000	35.408
152.000	35.407
153.000	35.407
154.000	35.407
155.000	35.407
156.000	35.407
157.000	35.406
158.000	35.406
159.000	35.406
160.000	35.406
161.000	35.406
162.000	35.405
163.000	35.405
164.000	35.405
165.000	35.405
166.000	35.405
167.000	35.404
168.000	35.404
169.000	35.404
170.000	35.404
171.000	35.404
172.000	35.403
173.000	35.403
174.000	35.403
175.000	35.403
176.000	35.402
177.000	35.402
178.000	35.402
179.000	35.402
180.000	35.402
181.000	35.401
182.000	35.401
183.000	35.401
184.000	35.401
185.000	35.401
186.000	35.400
187.000	35.400
188.000	35.400
189.000	35.400
190.000	35.400
191.000	35.399
192.000	35.399
193.000	35.399
194.000	35.399
195.000	35.399
196.000	35.398
197.000	35.398
198.000	35.398
199.000	35.398
200.000	35.398
201.000	35.397
202.000	35.397
203.000	35.397
204.000	35.397
205.000	35.396
206.000	35.396
207.000	35.396
208.000	35.396
209.000	35.396
210.000	35.395
211.000	35.395
212.000	35.395
213.000	35.395
214.000	35.395
215.000	35.394
216.000	35.394
217.000	35.394
218.000	35.394
219.000	35.394
220.000	35.393
221.000	35.393
222.000	35.393
223.000	35.393
224.000	35.393
225.000	35.392
226.000	35.392
227.000	35.392
228.000	35.392
229.000	35.391
230.000	35.391
231.000	35.391
232.000	35.391
233.000	35.391
234.000	35.390
235.000	35.390
236.000	35.390
237.000	35.390
238.000	35.390
239.000	35.389
240.000	35.389
241.000	35.389
242.000	35.389
243.000	35.389
244.000	35.388
245.000	35.388
246.000	35.388
247.000	35.388
248.000	35.388
249.000	35.387
250.000	35.387
251.000	35.387
252.000	35.387
253.000	35.386
254.000	35.386
255.000	35.386
256.000	35.386
257.000	35.386
258.000	35.385
259.000	35.385
260.000	35.385
261.000	35.385
262.000	35.385
263.000	35.384
264.000	35.384
265.000	35.384
266.000	35.384
267.000	35.384
268.000	35.383
269.000	35.383
270.000	35.383
271.000	35.383
272.000	35.383
273.000	35.382
274.000	35.382
275.000	35.382
276.000	35.382
277.000	35.382
278.000	35.381
279.000	35.381
280.000	35.381
281.000	35.381
282.000	35.380
283.000	35.380
284.000	35.380
285.000	35.380
286.000	35.380
287.000	35.379
288.000	35.379
289.000	35.379
290.000	35.379
291.000	35.379
292.000	35.378
293.000	35.378
294.000	35.378
295.000	35.378
296.000	35.378
297.000	35.377
298.000	35.377
299.000	35.377
300.000	35.377
301.000	35.377
302.000	35.376
303.000	35.376
304.000	35.376
305.000	35.376
306.000	35.375
307.000	35.375
308.000	35.375
309.000	35.375
310.000	35.375
311.000	35.374
312.000	35.374
313.000	35.374
314.000	35.374
315.000	35.374
316.000	35.373
317.000	35.373
318.000	35.373
319.000	35.373
320.000	35.373
321.000	35.372
322.000	35.372
323.000	35.372
324.000	35.372
325.000	35.372
326.000	35.371
327.000	35.371
328.000	35.371
329.000	35.371
330.000	35.371
331.000	35.370
332.000	35.370
333.000	35.370
334.000	35.370
335.000	35.369
336.000	35.369
337.000	35.369
338.000	35.369
339.000	35.369
340.000	35.368
341.000	35.368
342.000	35.368
343.000	35.368
344.000	35.368
345.000	35.367
346.000	35.367
347.000	35.367
348.000	35.367
349.000	35.367
350.000	35.366
351.000	35.366
352.000	35.366
353.000	35.366
354.000	35.366
355.000	35.365
356.000	35.365
357.000	35.365
358.000	35.365
359.000	35.364
360.000	35.364
361.000	35.364
362.000	35.364
363.000	35.364
364.000	35.363
365.000	35.363
366.000	35.363
367.000	35.363
368.000	35.363
369.000	35.362
370.000	35.362
371.000	35.362
372.000	35.362
373.000	35.362
374.000	35.361
375.000	35.361
376.000	35.361
377.000	35.361
378.000	35.361
379.000	35.360
380.000	35.360
381.000	35.360
382.000	35.360
383.000	35.360
384.000	35.359
385.000	35.359
386.000	35.359
387.000	35.359
388.000	35.358
389.000	35.358
390.000	35.358
391.000	35.358
392.000	35.358
393.000	35.357
394.000	35.357
395.000	35.357
396.000	35.357
397.000	35.357
398.000	35.356
399.000	35.356
400.000	35.356
401.000	35.356
402.000	35.356
403.000	35.355
404.000	35.355
405.000	35.355
406.000	35.355
407.000	35.355
408.000	35.354
409.000	35.354
410.000	35.354
411.000	35.354
412.000	35.353
413.000	35.353
414.000	35.353
415.000	35.353
416.000	35.353
417.000	35.352
418.000	35.352
419.000	35.352
420.000	35.352
421.000	35.352
422.000	35.351
423.000	35.351
424.000	35.351
425.000	35.351
426.000	35.351
427.000	35.350
428.000	35.350
429.000	35.350
430.000	35.350
431.000	35.350
432.000	35.349
433.000	35.349
434.000	35.349
435.000	35.349
436.000	35.349
437.000	35.348
438.000	35.348
439.000	35.348
440.000	35.348
441.000	35.347
442.000	35.347
443.000	35.347
444.000	35.347
445.000	35.347
446.000	35.346
447.000	35.346
448.000	35.346
449.000	35.346
450.000	35.346
451.000	35.345
452.000	35.345
453.000	35.345
454.000	35.345
455.000	35.345
456.000	35.344
457.000	35.344
458.000	35.344
459.000	35.344
460.000	35.344
461.000	35.343
462.000	35.343
463.000	35.343
464.000	35.343
465.000	35.342
466.000	35.342
467.000	35.342
468.000	35.342
469.000	35.342
470.000	35.341
471.000	35.341
472.000	35.341
473.000	35.341
474.000	35.341
475.000	35.340
476.000	35.340
477.000	35.340
478.000	35.340
479.000	35.340
480.000	35.339
481.000	35.339
482.000	35.339
483.000	35.339
484.000	35.339
485.000	35.338
486.000	35.338
487.000	35.338
488.000	35.338
489.000	35.338
490.000	35.337
491.000	35.337
492.000	35.337
493.000	35.337
494.000	35.336
495.000	35.336
496.000	35.336
497.000	35.336
498.000	35.336
499.000	35.335
500.000	35.335
501.000	35.335
502.000	35.335
503.000	35.335
504.000	35.334
505.000	35.334
506.000	35.334
507.000	35.334
508.000	35.334
509.000	35.333
510.000	35.333
511.000	35.333
512.000	35.333
513.000	35.333
514.000	35.332
515.000	35.332
516.000	35.332
517.000	35.332
518.000	35.331
519.000	35.331
520.000	35.331
521.000	35.331
522.000	35.331
523.000	35.330
524.000	35.330
525.000	35.330
526.000	35.330
527.000	35.330
528.000	35.329
529.000	35.329
530.000	35.329
531.000	35.329
532.000	35.329
533.000	35.328
534.000	35.328
535.000	35.328
536.000	35.328
537.000	35.328
538.000	35.327
539.000	35.327
540.000	35.327
541.000	35.327
542.000	35.327
543.000	35.326
544.000	35.326
545.000	35.326
546.000	35.326
547.000	35.325
548.000	35.325
549.000	35.325
550.000	35.325
551.000	35.325
552.000	35.324
553.000	35.324
554.000	35.324
555.000	35.324
556.000	35.324
557.000	35.323
558.000	35.323
559.000	35.323
560.000	35.323
561.000	35.323
562.000	35.322
563.000	35.322
564.000	35.322
565.000	35.322
566.000	35.322
567.000	35.321
568.000	35.321
569.000	35.321
570.000	35.321
571.000	35.320
572.000	35.320
573.000	35.320
574.000	35.320
575.000	35.320
576.000	35.319
577.000	35.319
578.000	35.319
579.000	35.319
580.000	35.319
581.000	35.318
582.000	35.318
583.000	35.318
584.000	35.318
585.000	35.318
586.000	35.317
587.000	35.317
588.000	35.317
589.000	35.317
590.000	35.317
591.000	35.316
592.000	35.316
593.000	35.316
594.000	35.316
595.000	35.316
596.000	35.315
597.000	35.315
598.000	35.315
599.000	35.315
600.000	35.314
601.000	35.314
602.000	35.314
603.000	35.314
604.000	35.314
605.000	35.313
606.000	35.313
607.000	35.313
608.000	35.313
609.000	35.313
610.000	35.312
611.000	35.312
612.000	35.312
613.000	35.312
614.000	35.312
615.000	35.311
616.000	35.311
617.000	35.311
618.000	35.311
619.000	35.311
620.000	35.310
621.000	35.310
622.000	35.310
623.000	35.310
624.000	35.309
625.000	35.309
626.000	35.309
627.000	35.309
628.000	35.309
629.000	35.308
630.000	35.308
631.000	35.308
632.000	35.308
633.000	35.308
634.000	35.307
635.000	35.307
636.000	35.307
637.000	35.307
638.000	35.307
639.000	35.306
640.000	35.306
641.000	35.306
642.000	35.306
643.000	35.306
644.000	35.305
645.000	35.305
646.000	35.305
647.000	35.305
648.000	35.305
649.000	35.304
650.000	35.304
651.000	35.304
652.000	35.304
653.000	35.303
654.000	35.303
655.000	35.303
656.000	35.303
657.000	35.303
658.000	35.302
659.000	35.302
660.000	35.302
661.000	35.302
662.000	35.302
663.000	35.301
664.000	35.301
665.000	35.301
666.000	35.301
667.000	35.301
668.000	35.300
669.000	35.300
670.000	35.300
671.000	35.300
672.000	35.300
673.000	35.299
674.000	35.299
675.000	35.299
676.000	35.299
677.000	35.298
678.000	35.298
679.000	35.298
680.000	35.298
681.000	35.298
682.000	35.297
683.000	35.297
684.000	35.297
685.000	35.297
686.000	35.297
687.000	35.296
688.000	35.296
689.000	35.296
690.000	35.296
691.000	35.296
692.000	35.295
693.000	35.295
694.000	35.295
695.000	35.295
696.000	35.295
697.000	35.294
698.000	35.294
699.000	35.294
700.000	35.294
701.000	35.293
702.000	35.293
703.000	35.293
704.000	35.293
705.000	35.293
706.000	35.292
707.000	35.292
708.000	35.292
709.000	35.292
710.000	35.292
711.000	35.291
712.000	35.291
713.000	35.291
714.000	35.291
715.000	35.291
716.000	35.290
717.000	35.290
718.000	35.290
719.000	35.290
720.000	35.290
721.000	35.289
722.000	35.289
723.000	35.289
724.000	35.289
725.000	35.289
726.000	35.288
727.000	35.288
728.000	35.288
729.000	35.288
730.000	35.287
731.000	35.287
732.000	35.287
733.000	35.287
734.000	35.287
735.000	35.286
736.000	35.286
737.000	35.286
738.000	35.286
739.000	35.286
740.000	35.285
741.000	35.285
742.000	35.285
743.000	35.285
744.000	35.285
745.000	35.284
746.000	35.284
747.000	35.284
748.000	35.284
749.000	35.284
750.000	35.283
751.000	35.283
752.000	35.283
753.000	35.283
754.000	35.282
755.000	35.282
756.000	35.282
757.000	35.282
758.000	35.282
759.000	35.281
760.000	35.281
761.000	35.281
762.000	35.281
763.000	35.281
764.000	35.280
765.000	35.280
766.000	35.280
767.000	35.280
768.000	35.280
769.000	35.279
770.000	35.279
771.000	35.279
772.000	35.279
773.000	35.279
774.000	35.278
775.000	35.278
776.000	35.278
777.000	35.278
778.000	35.278
779.000	35.277
780.000	35.277
781.000	35.277
782.000	35.277
783.000	35.276
784.000	35.276
785.000	35.276
786.000	35.276
787.000	35.276
788.000	35.275
789.000	35.275
790.000	35.275
791.000	35.275
792.000	35.275
793.000	35.274
794.000	35.274
795.000	35.274
796.000	35.274
797.000	35.274
798.000	35.273
799.000	35.273
800.000	35.273
801.000	35.273
802.000	35.273
803.000	35.272
804.000	35.272
805.000	35.272
806.000	35.272
807.000	35.271
808.000	35.271
809.000	35.271
810.000	35.271
811.000	35.271
812.000	35.270
813.000	35.270
814.000	35.270
815.000	35.270
816.000	35.270
817.000	35.269
818.000	35.269
819.000	35.269
820.000	35.269
821.000	35.269
822.000	35.268
823.000	35.268
824.000	35.268
825.000	35.268
826.000	35.268
827.000	35.267
828.000	35.267
829.000	35.267
830.000	35.267
831.000	35.267
832.000	35.266
833.000	35.266
834.000	35.266
835.000	35.266
836.000	35.265
837.000	35.265
838.000	35.265
839.000	35.265
840.000	35.265
841.000	35.264
842.000	35.264
843.000	35.264
844.000	35.264
845.000	35.264
846.000	35.263
847.000	35.263
848.000	35.263
849.000	35.263
850.000	35.263
851.000	35.262
852.000	35.262
853.000	35.262
854.000	35.262
855.000	35.262
856.000	35.261
857.000	35.261
858.000	35.261
859.000	35.261
860.000	35.260
861.000	35.260
862.000	35.260
863.000	35.260
864.000	35.260
865.000	35.259
866.000	35.259
867.000	35.259
868.000	35.259
869.000	35.259
870.000	35.258
871.000	35.258
872.000	35.258
873.000	35.258
874.000	35.258
875.000	35.257
876.000	35.257
877.000	35.257
878.000	35.257
879.000	35.257
880.000	35.256
881.000	35.256
882.000	35.256
883.000	35.256
884.000	35.256
885.000	35.255
886.000	35.255
887.000	35.255
888.000	35.255
889.000	35.254
890.000	35.254
891.000	35.254
892.000	35.254
893.000	35.254
894.000	35.253
895.000	35.253
896.000	35.253
897.000	35.253
898.000	35.253
899.000	35.252
900.000	35.252
901.000	35.252
902.000	35.252
903.000	35.252
904.000	35.251
905.000	35.251
906.000	35.251
907.000	35.251
908.000	35.251
909.000	35.250
910.000	35.250
911.000	35.250
912.000	35.250
913.000	35.249
914.000	35.249
915.000	35.249
916.000	35.249
917.000	35.249
918.000	35.248
919.000	35.248
920.000	35.248
921.000	35.248
922.000	35.248
923.000	35.247
924.000	35.247
925.000	35.247
926.000	35.247
927.000	35.247
928.000	35.246
929.000	35.246
930.000	35.246
931.000	35.246
932.000	35.246
933.000	35.245
934.000	35.245
935.000	35.245
936.000	35.245
937.000	35.245
938.000	35.244
939.000	35.244
940.000	35.244
941.000	35.244
942.000	35.243
943.000	35.243
944.000	35.243
945.000	35.243
946.000	35.243
947.000	35.242
948.000	35.242
949.000	35.242
950.000	35.242
951.000	35.242
952.000	35.241
953.000	35.241
954.000	35.241
955.000	35.241
956.000	35.241
957.000	35.240
958.000	35.240
959.000	35.240
960.000	35.240
961.000	35.240
962.000	35.239
963.000	35.239
964.000	35.239
965.000	35.239
966.000	35.238
967.000	35.238
968.000	35.238
969.000	35.238
970.000	35.238
971.000	35.237
972.000	35.237
973.000	35.237
974.000	35.237
975.000	35.237
976.000	35.236
977.000	35.236
978.000	35.236
979.000	35.236
980.000	35.236
981.000	35.235
982.000	35.235
983.000	35.235
984.000	35.235
985.000	35.235
986.000	35.234
987.000	35.234
988.000	35.234
989.000	35.234
990.000	35.234
991.000	35.233
992.000	35.233
993.000	35.233
994.000	35.233
995.000	35.232
996.000	35.232
997.000	35.232
998.000	35.232
999.000	35.232
1000.000	35.231
1001.000	35.231
1002.000	35.231
1003.000	35.231
1004.000	35.231
1005.000	35.230
1006.000	35.230
1007.000	35.230
1008.000	35.230
1009.000	35.230
1010.000	35.229
1011.000	35.229
1012.000	35.229
1013.000	35.229
1014.000	35.229
1015.000	35.228
1016.000	35.228
1017.000	35.228
1018.000	35.228
1019.000	35.227
1020.000	35.227
1021.000	35.227
1022.000	35.227
1023.000	35.227
1024.000	35.226
1025.000	35.226
1026.000	35.226
1027.000	35.226
1028.000	35.226
1029.000	35.225
1030.000	35.225
1031.000	35.225
1032.000	35.225
1033.000	35.225
1034.000	35.224
1035.000	35.224
1036.000	35.224
1037.000	35.224
1038.000	35.224
1039.000	35.223
1040.000	35.223
1041.000	35.223
1042.000	35.223
1043.000	35.223
1044.000	35.222
1045.000	35.222
1046.000	35.222
1047.000	35.222
1048.000	35.221
1049.000	35.221
1050.000	35.221
1051.000	35.221
1052.000	35.221
1053.000	35.220
1054.000	35.220
1055.000	35.220
1056.000	35.220
1057.000	35.220
1058.000	35.219
1059.000	35.219
1060.000	35.219
1061.000	35.219
1062.000	35.219
1063.000	35.218
1064.000	35.218
1065.000	35.218
1066.000	35.218
1067.000	35.218
1068.000	35.217
1069.000	35.217
1070.000	35.217
1071.000	35.217
1072.000	35.216
1073.000	35.216
1074.000	35.216
1075.000	35.216
1076.000	35.216
1077.000	35.215
1078.000	35.215
1079.000	35.215
1080.000	35.215
1081.000	35.215
1082.000	35.214
1083.000	35.214
1084.000	35.214
1085.000	35.214
1086.000	35.214
1087.000	35.213
1088.000	35.213
1089.000	35.213
1090.000	35.213
1091.000	35.213
1092.000	35.212
1093.000	35.212
1094.000	35.212
1095.000	35.212
1096.000	35.212
1097.000	35.211
1098.000	35.211
1099.000	35.211
1100.000	35.211
1101.000	35.210
1102.000	35.210
1103.000	35.210
1104.000	35.210
1105.000	35.210
1106.000	35.209
1107.000	35.209
1108.000	35.209
1109.000	35.209
1110.000	35.209
1111.000	35.208
1112.000	35.208
1113.000	35.208
1114.000	35.208
1115.000	35.208
1116.000	35.207
1117.000	35.207
1118.000	35.207
1119.000	35.207
1120.000	35.207
1121.000	35.206
1122.000	35.206
1123.000	35.206
1124.000	35.206
1125.000	35.205
1126.000	35.205
1127.000	35.205
1128.000	35.205
1129.000	35.205
1130.000	35.204
1131.000	35.204
1132.000	35.204
1133.000	35.204
1134.000	35.204
1135.000	35.203
1136.000	35.203
1137.000	35.203
1138.000	35.203
1139.000	35.203
1140.000	35.202
1141.000	35.202
1142.000	35.202
1143.000	35.202
1144.000	35.202
1145.000	35.201
1146.000	35.201
1147.000	35.201
1148.000	35.201
1149.000	35.201
1150.000	35.200
1151.000	35.200
1152.000	35.200
1153.000	35.200
1154.000	35.199
1155.000	35.199
1156.000	35.199
1157.000	35.199
1158.000	35.199
1159.000	35.198
1160.000	35.198
1161.000	35.198
1162.000	35.198
1163.000	35.198
1164.000	35.197
1165.000	35.197
1166.000	35.197
1167.000	35.197
1168.000	35.197
1169.000	35.196
1170.000	35.196
1171.000	35.196
1172.000	35.196
1173.000	35.196
1174.000	35.195
1175.000	35.195
1176.000	35.195
1177.000	35.195
1178.000	35.194
1179.000	35.194
1180.000	35.194
1181.000	35.194
1182.000	35.194
1183.000	35.193
1184.000	35.193
1185.000	35.193
1186.000	35.193
1187.000	35.193
1188.000	35.192
1189.000	35.192
1190.000	35.192
1191.000	35.192
1192.000	35.192
1193.000	35.191
1194.000	35.191
1195.000	35.191
1196.000	35.191
1197.000	35.191
1198.000	35.190
1199.000	35.190
1200.000	35.190
1201.000	35.190
1202.000	35.189
1203.000	35.189
1204.000	35.189
1205.000	35.189
1206.000	35.189
1207.000	35.188
1208.000	35.188
1209.000	35.188
1210.000	35.188
1211.000	35.188
1212.000	35.187
1213.000	35.187
1214.000	35.187
1215.000	35.187
1216.000	35.187
1217.000	35.186
1218.000	35.186
1219.000	35.186
1220.000	35.186
1221.000	35.186
1222.000	35.185
1223.000	35.185
1224.000	35.185
1225.000	35.185
1226.000	35.185
1227.000	35.184
1228.000	35.184
1229.000	35.184
1230.000	35.184
1231.000	35.183
1232.000	35.183
1233.000	35.183
1234.000	35.183
1235.000	35.183
1236.000	35.182
1237.000	35.182
1238.000	35.182
1239.000	35.182
1240.000	35.182
1241.000	35.181
1242.000	35.181
1243.000	35.181
1244.000	35.181
1245.000	35.181
1246.000	35.180
1247.000	35.180
1248.000	35.180
1249.000	35.180
1250.000	35.180
1251.000	35.179
1252.000	35.179
1253.000	35.179
1254.000	35.179
1255.000	35.178
1256.000	35.178
1257.000	35.178
1258.000	35.178
1259.000	35.178
1260.000	35.177
1261.000	35.177
1262.000	35.177
1263.000	35.177
1264.000	35.177
1265.000	35.176
1266.000	35.176
1267.000	35.176
1268.000	35.176
1269.000	35.176
1270.000	35.175
1271.000	35.175
1272.000	35.175
1273.000	35.175
1274.000	35.175
1275.000	35.174
1276.000	35.174
1277.000	35.174
1278.000	35.174
1279.000	35.174
1280.000	35.173
1281.000	35.173
1282.000	35.173
1283.000	35.173
1284.000	35.172
1285.000	35.172
1286.000	35.172
1287.000	35.172
1288.000	35.172
1289.000	35.171
1290.000	35.171
1291.000	35.171
1292.000	35.171
1293.000	35.171
1294.000	35.170
1295.000	35.170
1296.000	35.170
1297.000	35.170
1298.000	35.170
1299.000	35.169
1300.000	35.169
1301.000	35.169
1302.000	35.169
1303.000	35.169
1304.000	35.168
1305.000	35.168
1306.000	35.168
1307.000	35.168
1308.000	35.167
1309.000	35.167
1310.000	35.167
1311.000	35.167
1312.000	35.167
1313.000	35.166
1314.000	35.166
1315.000	35.166
1316.000	35.166
1317.000	35.166
1318.000	35.165
1319.000	35.165
1320.000	35.165
1321.000	35.165
1322.000	35.165
1323.000	35.164
1324.000	35.164
1325.000	35.164
1326.000	35.164
1327.000	35.164
1328.000	35.163
1329.000	35.163
1330.000	35.163
1331.000	35.163
1332.000	35.163
1333.000	35.162
1334.000	35.162
1335.000	35.162
1336.000	35.162
1337.000	35.161
1338.000	35.161
1339.000	35.161
1340.000	35.161
1341.000	35.161
1342.000	35.160
1343.000	35.160
1344.000	35.160
1345.000	35.160
1346.000	35.160
1347.000	35.159
1348.000	35.159
1349.000	35.159
1350.000	35.159
1351.000	35.159
1352.000	35.158
1353.000	35.158
1354.000	35.158
1355.000	35.158
1356.000	35.158
1357.000	35.157
1358.000	35.157
1359.000	35.157
1360.000	35.157
1361.000	35.156
1362.000	35.156
1363.000	35.156
1364.000	35.156
1365.000	35.156
1366.000	35.155
1367.000	35.155
1368.000	35.155
1369.000	35.155
1370.000	35.155
1371.000	35.154
1372.000	35.154
1373.000	35.154
1374.000	35.154
1375.000	35.154
1376.000	35.153
1377.000	35.153
1378.000	35.153
1379.000	35.153
1380.000	35.153
1381.000	35.152
1382.000	35.152
1383.000	35.152
1384.000	35.152
1385.000	35.152
1386.000	35.151
1387.000	35.151
1388.000	35.151
1389.000	35.151
1390.000	35.150
1391.000	35.150
1392.000	35.150
1393.000	35.150
1394.000	35.150
1395.000	35.149
1396.000	35.149
1397.000	35.149
1398.000	35.149
1399.000	35.149
1400.000	35.148
1401.000	35.148
1402.000	35.148
1403.000	35.148
1404.000	35.148
1405.000	35.147
1406.000	35.147
1407.000	35.147
1408.000	35.147
1409.000	35.147
1410.000	35.146
1411.000	35.146
1412.000	35.146
1413.000	35.146
1414.000	35.145
1415.000	35.145
1416.000	35.145
1417.000	35.145
1418.000	35.145
1419.000	35.144
1420.000	35.144
1421.000	35.144
1422.000	35.144
1423.000	35.144
1424.000	35.143
1425.000	35.143
1426.000	35.143
1427.000	35.143
1428.000	35.143
1429.000	35.142
1430.000	35.142
1431.000	35.142
1432.000	35.142
1433.000	35.142
1434.000	35.141
1435.000	35.141
1436.000	35.141
1437.000	35.141
1438.000	35.141
1439.000	35.140
1440.000	35.140
1441.000	35.140
1442.000	35.140
1443.000	35.139
1444.000	35.139
1445.000	35.139
1446.000	35.139
1447.000	35.139
1448.000	35.138
1449.000	35.138
1450.000	35.138
1451.000	35.138
1452.000	35.138
1453.000	35.137
1454.000	35.137
1455.000	35.137
1456.000	35.137
1457.000	35.137
1458.000	35.136
1459.000	35.136
1460.000	35.136
1461.000	35.136
1462.000	35.136
1463.000	35.135
1464.000	35.135
1465.000	35.135
1466.000	35.135
1467.000	35.134
1468.000	35.134
1469.000	35.134
1470.000	35.134
1471.000	35.134
1472.000	35.133
1473.000	35.133
1474.000	35.133
1475.000	35.133
1476.000	35.133
1477.000	35.132
1478.000	35.132
1479.000	35.132
1480.000	35.132
1481.000	35.132
1482.000	35.131
1483.000	35.131
1484.000	35.131
1485.000	35.131
1486.000	35.131
1487.000	35.130
1488.000	35.130
1489.000	35.130
1490.000	35.130
1491.000	35.130
1492.000	35.129
1493.000	35.129
1494.000	35.129
1495.000	35.129
1496.000	35.128
1497.000	35.128
1498.000	35.128
1499.000	35.128
1500.000	35.128
1501.000	35.127
1502.000	35.127
1503.000	35.127
1504.000	35.127
1505.000	35.127
1506.000	35.126
1507.000	35.126
1508.000	35.126
1509.000	35.126
1510.000	35.126
1511.000	35.125
1512.000	35.125
1513.000	35.125
1514.000	35.125
1515.000	35.125
1516.000	35.124
1517.000	35.124
1518.000	35.124
1519.000	35.124
1520.000	35.123
1521.000	35.123
1522.000	35.123
1523.000	35.123
1524.000	35.123
1525.000	35.122
1526.000	35.122
1527.000	35.122
1528.000	35.122
1529.000	35.122
1530.000	35.121
1531.000	35.121
1532.000	35.121
1533.000	35.121
1534.000	35.121
1535.000	35.120
1536.000	35.120
1537.000	35.120
1538.000	35.120
1539.000	35.120
1540.000	35.119
1541.000	35.119
1542.000	35.119
1543.000	35.119
1544.000	35.119
1545.000	35.118
1546.000	35.118
1547.000	35.118
1548.000	35.118
1549.000	35.117
1550.000	35.117
1551.000	35.117
1552.000	35.117
1553.000	35.117
1554.000	35.116
1555.000	35.116
1556.000	35.116
1557.000	35.116
1558.000	35.116
1559.000	35.115
1560.000	35.115
1561.000	35.115
1562.000	35.115
1563.000	35.115
1564.000	35.114
1565.000	35.114
1566.000	35.114
1567.000	35.114
1568.000	35.114
1569.000	35.113
1570.000	35.113
1571.000	35.113
1572.000	35.113
1573.000	35.112
1574.000	35.112
1575.000	35.112
1576.000	35.112
1577.000	35.112
1578.000	35.111
1579.000	35.111
1580.000	35.111
1581.000	35.111
1582.000	35.111
1583.000	35.110
1584.000	35.110
1585.000	35.110
1586.000	35.110
1587.000	35.110
1588.000	35.109
1589.000	35.109
1590.000	35.109
1591.000	35.109
1592.000	35.109
1593.000	35.108
1594.000	35.108
1595.000	35.108
1596.000	35.108
1597.000	35.108
1598.000	35.107
1599.000	35.107
1600.000	35.107
1601.000	35.107
1602.000	35.106
1603.000	35.106
1604.000	35.106
1605.000	35.106
1606.000	35.106
1607.000	35.105
1608.000	35.105
1609.000	35.105
1610.000	35.105
1611.000	35.105
1612.000	35.104
1613.000	35.104
1614.000	35.104
1615.000	35.104
1616.000	35.104
1617.000	35.103
1618.000	35.103
1619.000	35.103
1620.000	35.103
1621.000	35.103
1622.000	35.102
1623.000	35.102
1624.000	35.102
1625.000	35.102
1626.000	35.101
1627.000	35.101
1628.000	35.101
1629.000	35.101
1630.000	35.101
1631.000	35.100
1632.000	35.100
1633.000	35.100
1634.000	35.100
1635.000	35.100
1636.000	35.099
1637.000	35.099
1638.000	35.099
1639.000	35.099
1640.000	35.099
1641.000	35.098
1642.000	35.098
1643.000	35.098
1644.000	35.098
1645.000	35.098
1646.000	35.097
1647.000	35.097
1648.000	35.097
1649.000	35.097
1650.000	35.096
1651.000	35.096
1652.000	35.096
1653.000	35.096
1654.000	35.096
1655.000	35.095
1656.000	35.095
1657.000	35.095
1658.000	35.095
1659.000	35.095
1660.000	35.094
1661.000	35.094
1662.000	35.094
1663.000	35.094
1664.000	35.094
1665.000	35.093
1666.000	35.093
1667.000	35.093
1668.000	35.093
1669.000	35.093
1670.000	35.092
1671.000	35.092
1672.000	35.092
1673.000	35.092
1674.000	35.092
1675.000	35.091
1676.000	35.091
1677.000	35.091
1678.000	35.091
1679.000	35.090
1680.000	35.090
1681.000	35.090
1682.000	35.090
1683.000	35.090
1684.000	35.089
1685.000	35.089
1686.000	35.089
1687.000	35.089
1688.000	35.089
1689.000	35.088
1690.000	35.088
1691.000	35.088
1692.000	35.088
1693.000	35.088
1694.000	35.087
1695.000	35.087
1696.000	35.087
1697.000	35.087
1698.000	35.087
1699.000	35.086
1700.000	35.086
1701.000	35.086
1702.000	35.086
1703.000	35.085
1704.000	35.085
1705.000	35.085
1706.000	35.085
1707.000	35.085
1708.000	35.084
1709.000	35.084
1710.000	35.084
1711.000	35.084
1712.000	35.084
1713.000	35.083
1714.000	35.083
1715.000	35.083
1716.000	35.083
1717.000	35.083
1718.000	35.082
1719.000	35.082
1720.000	35.082
1721.000	35.082
1722.000	35.082
1723.000	35.081
1724.000	35.081
1725.000	35.081
1726.000	35.081
1727.000	35.081
1728.000	35.080
1729.000	35.080
1730.000	35.080
1731.000	35.080
1732.000	35.079
1733.000	35.079
1734.000	35.079
1735.000	35.079
1736.000	35.079
1737.000	35.078
1738.000	35.078
1739.000	35.078
1740.000	35.078
1741.000	35.078
1742.000	35.077
1743.000	35.077
1744.000	35.077
1745.000	35.077
1746.000	35.077
1747.000	35.076
1748.000	35.076
1749.000	35.076
1750.000	35.076
1751.000	35.076
1752.000	35.075
1753.000	35.075
1754.000	35.075
1755.000	35.075
1756.000	35.074
1757.000	35.074
1758.000	35.074
1759.000	35.074
1760.000	35.074
1761.000	35.073
1762.000	35.073
1763.000	35.073
1764.000	35.073
1765.000	35.073
1766.000	35.072
1767.000	35.072
1768.000	35.072
1769.000	35.072
1770.000	35.072
1771.000	35.071
1772.000	35.071
1773.000	35.071
1774.000	35.071
1775.000	35.071
1776.000	35.070
1777.000	35.070
1778.000	35.070
1779.000	35.070
1780.000	35.070
1781.000	35.069
1782.000	35.069
1783.000	35.069
1784.000	35.069
1785.000	35.068
1786.000	35.068
1787.000	35.068
1788.000	35.068
1789.000	35.068
1790.000	35.067
1791.000	35.067
1792.000	35.067
1793.000	35.067
1794.000	35.067
1795.000	35.066
1796.000	35.066
1797.000	35.066
1798.000	35.066
1799.000	35.066
1800.000	35.065
1801.000	35.065
1802.000	35.065
1803.000	35.065
1804.000	35.065
1805.000	35.064
1806.000	35.064
1807.000	35.064
1808.000	35.064
1809.000	35.063
1810.000	35.063
1811.000	35.063
1812.000	35.063
1813.000	35.063
1814.000	35.062
1815.000	35.062
1816.000	35.062
1817.000	35.062
1818.000	35.062
1819.000	35.061
1820.000	35.061
1821.000	35.061
1822.000	35.061
1823.000	35.061
1824.000	35.060
1825.000	35.060
1826.000	35.060
1827.000	35.060
1828.000	35.060
1829.000	35.059
1830.000	35.059
1831.000	35.059
1832.000	35.059
1833.000	35.059
1834.000	35.058
1835.000	35.058
1836.000	35.058
1837.000	35.058
1838.000	35.057
1839.000	35.057
1840.000	35.057
1841.000	35.057
1842.000	35.057
1843.000	35.056
1844.000	35.056
1845.000	35.056
1846.000	35.056
1847.000	35.056
1848.000	35.055
1849.000	35.055
1850.000	35.055
1851.000	35.055
1852.000	35.055
1853.000	35.054
1854.000	35.054
1855.000	35.054
1856.000	35.054
1857.000	35.054
1858.000	35.053
1859.000	35.053
1860.000	35.053
1861.000	35.053
1862.000	35.052
1863.000	35.052
1864.000	35.052
1865.000	35.052
1866.000	35.052
1867.000	35.051
1868.000	35.051
1869.000	35.051
1870.000	35.051
1871.000	35.051
1872.000	35.050
1873.000	35.050
1874.000	35.050
1875.000	35.050
1876.000	35.050
1877.000	35.049
1878.000	35.049
1879.000	35.049
1880.000	35.049
1881.000	35.049
1882.000	35.048
1883.000	35.048
1884.000	35.048
1885.000	35.048
1886.000	35.048
1887.000	35.047
1888.000	35.047
1889.000	35.047
1890.000	35.047
1891.000	35.046
1892.000	35.046
1893.000	35.046
1894.000	35.046
1895.000	35.046
1896.000	35.045
1897.000	35.045
1898.000	35.045
1899.000	35.045
1900.000	35.045
1901.000	35.044
1902.000	35.044
1903.000	35.044
1904.000	35.044
1905.000	35.044
1906.000	35.043
1907.000	35.043
1908.000	35.043
1909.000	35.043
1910.000	35.043
1911.000	35.042
1912.000	35.042
1913.000	35.042
1914.000	35.042
1915.000	35.041
1916.000	35.041
1917.000	35.041
1918.000	35.041
1919.000	35.041
1920.000	35.040
1921.000	35.040
1922.000	35.040
1923.000	35.040
1924.000	35.040
1925.000	35.039
1926.000	35.039
1927.000	35.039
1928.000	35.039
1929.000	35.039
1930.000	35.038
1931.000	35.038
1932.000	35.038
1933.000	35.038
1934.000	35.038
1935.000	35.037
1936.000	35.037
1937.000	35.037
1938.000	35.037
1939.000	35.037
1940.000	35.036
1941.000	35.036
1942.000	35.036
1943.000	35.036
1944.000	35.035
1945.000	35.035
1946.000	35.035
1947.000	35.035
1948.000	35.035
1949.000	35.034
1950.000	35.034
1951.000	35.034
1952.000	35.034
1953.000	35.034
1954.000	35.033
1955.000	35.033
1956.000	35.033
1957.000	35.033
1958.000	35.033
1959.000	35.032
1960.000	35.032
1961.000	35.032
1962.000	35.032
1963.000	35.032
1964.000	35.031
1965.000	35.031
1966.000	35.031
1967.000	35.031
1968.000	35.030
1969.000	35.030
1970.000	35.030
1971.000	35.030
1972.000	35.030
1973.000	35.029
1974.000	35.029
1975.000	35.029
1976.000	35.029
1977.000	35.029
1978.000	35.028
1979.000	35.028
1980.000	35.028
1981.000	35.028
1982.000	35.028
1983.000	35.027
1984.000	35.027
1985.000	35.027
1986.000	35.027
1987.000	35.027
1988.000	35.026
1989.000	35.026
1990.000	35.026
1991.000	35.026
1992.000	35.026
1993.000	35.025
1994.000	35.025
1995.000	35.025
1996.000	35.025
1997.000	35.024
1998.000	35.024
1999.000	35.024
2000.000	35.024
2001.000	35.024
2002.000	35.023
2003.000	35.023
2004.000	35.023
2005.000	35.023
2006.000	35.023
2007.000	35.022
2008.000	35.022
2009.000	35.022
2010.000	35.022
2011.000	35.022
2012.000	35.021
2013.000	35.021
2014.000	35.021
2015.000	35.021
2016.000	35.021
2017.000	35.020
2018.000	35.020
2019.000	35.020
2020.000	35.020
2021.000	35.019
2022.000	35.019
2023.000	35.019
2024.000	35.019
2025.000	35.019
2026.000	35.018
2027.000	35.018
2028.000	35.018
2029.000	35.018
2030.000	35.018
2031.000	35.017
2032.000	35.017
2033.000	35.017
2034.000	35.017
2035.000	35.017
2036.000	35.016
2037.000	35.016
2038.000	35.016
2039.000	35.016
2040.000	35.016
2041.000	35.015
2042.000	35.015
2043.000	35.015
2044.000	35.015
2045.000	35.015
2046.000	35.014
2047.000	35.014
2048.000	35.014
2049.000	35.014
2050.000	35.013
2051.000	35.013
2052.000	35.013
2053.000	35.013
2054.000	35.013
2055.000	35.012
2056.000	35.012
2057.000	35.012
2058.000	35.012
2059.000	35.012
2060.000	35.011
2061.000	35.011
2062.000	35.011
2063.000	35.011
2064.000	35.011
2065.000	35.010
2066.000	35.010
2067.000	35.010
2068.000	35.010
2069.000	35.010
2070.000	35.009
2071.000	35.009
2072.000	35.009
2073.000	35.009
2074.000	35.008
2075.000	35.008
2076.000	35.008
2077.000	35.008
2078.000	35.008
2079.000	35.007
2080.000	35.007
2081.000	35.007
2082.000	35.007
2083.000	35.007
2084.000	35.006
2085.000	35.006
2086.000	35.006
2087.000	35.006
2088.000	35.006
2089.000	35.005
2090.000	35.005
2091.000	35.005
2092.000	35.005
2093.000	35.005
2094.000	35.004
2095.000	35.004
2096.000	35.004
2097.000	35.004
2098.000	35.004
2099.000	35.003
2100.000	35.003
2101.000	35.003
2102.000	35.003
2103.000	35.002
2104.000	35.002
2105.000	35.002
2106.000	35.002
2107.000	35.002
2108.000	35.001
2109.000	35.001
2110.000	35.001
2111.000	35.001
2112.000	35.001
2113.000	35.000
2114.000	35.000
2115.000	35.000
2116.000	35.000
2117.000	35.000
2118.000	34.999
2119.000	34.999
2120.000	34.999
2121.000	34.999
2122.000	34.999
2123.000	34.998
2124.000	34.998
2125.000	34.998
2126.000	34.998
2127.000	34.997
2128.000	34.997
2129.000	34.997
2130.000	34.997
2131.000	34.997
2132.000	34.996
2133.000	34.996
2134.000	34.996
2135.000	34.996
2136.000	34.996
2137.000	34.995
2138.000	34.995
2139.000	34.995
2140.000	34.995
2141.000	34.995
2142.000	34.994
2143.000	34.994
2144.000	34.994
2145.000	34.994
2146.000	34.994
2147.000	34.993
2148.000	34.993
2149.000	34.993
2150.000	34.993
2151.000	34.992
2152.000	34.992
2153.000	34.992
2154.000	34.992
2155.000	34.992
2156.000	34.991
2157.000	34.991
2158.000	34.991
2159.000	34.991
2160.000	34.991
2161.000	34.990
2162.000	34.990
2163.000	34.990
2164.000	34.990
2165.000	34.990
2166.000	34.989
2167.000	34.989
2168.000	34.989
2169.000	34.989
2170.000	34.989
2171.000	34.988
2172.000	34.988
2173.000	34.988
2174.000	34.988
2175.000	34.988
2176.000	34.987
2177.000	34.987
2178.000	34.987
2179.000	34.987
2180.000	34.986
2181.000	34.986
2182.000	34.986
2183.000	34.986
2184.000	34.986
2185.000	34.985
2186.000	34.985
2187.000	34.985
2188.000	34.985
2189.000	34.985
2190.000	34.984
2191.000	34.984
2192.000	34.984
2193.000	34.984
2194.000	34.984
2195.000	34.983
2196.000	34.983
2197.000	34.983
2198.000	34.983
2199.000	34.983
2200.000	34.982
2201.000	34.982
2202.000	34.982
2203.000	34.982
2204.000	34.981
2205.000	34.981
2206.000	34.981
2207.000	34.981
2208.000	34.981
2209.000	34.980
2210.000	34.980
2211.000	34.980
2212.000	34.980
2213.000	34.980
2214.000	34.979
2215.000	34.979
2216.000	34.979
2217.000	34.979
2218.000	34.979
2219.000	34.978
2220.000	34.978
2221.000	34.978
2222.000	34.978
2223.000	34.978
2224.000	34.977
2225.000	34.977
2226.000	34.977
2227.000	34.977
2228.000	34.977
2229.000	34.976
2230.000	34.976
2231.000	34.976
2232.000	34.976
2233.000	34.975
2234.000	34.975
2235.000	34.975
2236.000	34.975
2237.000	34.975
2238.000	34.974
2239.000	34.974
2240.000	34.974
2241.000	34.974
2242.000	34.974
2243.000	34.973
2244.000	34.973
2245.000	34.973
2246.000	34.973
2247.000	34.973
2248.000	34.972
2249.000	34.972
2250.000	34.972
2251.000	34.972
2252.000	34.972
2253.000	34.971
2254.000	34.971
2255.000	34.971
2256.000	34.971
2257.000	34.970
2258.000	34.970
2259.000	34.970
2260.000	34.970
2261.000	34.970
2262.000	34.969
2263.000	34.969
2264.000	34.969
2265.000	34.969
2266.000	34.969
2267.000	34.968
2268.000	34.968
2269.000	34.968
2270.000	34.968
2271.000	34.968
2272.000	34.967
2273.000	34.967
2274.000	34.967
2275.000	34.967
2276.000	34.967
2277.000	34.966
2278.000	34.966
2279.000	34.966
2280.000	34.966
2281.000	34.966
2282.000	34.965
2283.000	34.965
2284.000	34.965
2285.000	34.965
2286.000	34.964
2287.000	34.964
2288.000	34.964
2289.000	34.964
2290.000	34.964
2291.000	34.963
2292.000	34.963
2293.000	34.963
2294.000	34.963
2295.000	34.963
2296.000	34.962
2297.000	34.962
2298.000	34.962
2299.000	34.962
2300.000	34.962
2301.000	34.961
2302.000	34.961
2303.000	34.961
2304.000	34.961
2305.000	34.961
2306.000	34.960
2307.000	34.960
2308.000	34.960
2309.000	34.960
2310.000	34.959
2311.000	34.959
2312.000	34.959
2313.000	34.959
2314.000	34.959
2315.000	34.958
2316.000	34.958
2317.000	34.958
2318.000	34.958
2319.000	34.958
2320.000	34.957
2321.000	34.957
2322.000	34.957
2323.000	34.957
2324.000	34.957
2325.000	34.956
2326.000	34.956
2327.000	34.956
2328.000	34.956
2329.000	34.956
2330.000	34.955
2331.000	34.955
2332.000	34.955
2333.000	34.955
2334.000	34.955
2335.000	34.954
2336.000	34.954
2337.000	34.954
2338.000	34.954
2339.000	34.953
2340.000	34.953
2341.000	34.953
2342.000	34.953
2343.000	34.953
2344.000	34.952
2345.000	34.952
2346.000	34.952
2347.000	34.952
2348.000	34.952
2349.000	34.951
2350.000	34.951
2351.000	34.951
2352.000	34.951
2353.000	34.951
2354.000	34.950
2355.000	34.950
2356.000	34.950
2357.000	34.950
2358.000	34.950
2359.000	34.949
2360.000	34.949
2361.000	34.949
2362.000	34.949
2363.000	34.948
2364.000	34.948
2365.000	34.948
2366.000	34.948
2367.000	34.948
2368.000	34.947
2369.000	34.947
2370.000	34.947
2371.000	34.947
2372.000	34.947
2373.000	34.946
2374.000	34.946
2375.000	34.946
2376.000	34.946
2377.000	34.946
2378.000	34.945
2379.000	34.945
2380.000	34.945
2381.000	34.945
2382.000	34.945
2383.000	34.944
2384.000	34.944
2385.000	34.944
2386.000	34.944
2387.000	34.944
2388.000	34.943
2389.000	34.943
2390.000	34.943
2391.000	34.943
2392.000	34.942
2393.000	34.942
2394.000	34.942
2395.000	34.942
2396.000	34.942
2397.000	34.941
2398.000	34.941
2399.000	34.941
2400.000	34.941
2401.000	34.941
2402.000	34.940
2403.000	34.940
2404.000	34.940
2405.000	34.940
2406.000	34.940
2407.000	34.939
2408.000	34.939
2409.000	34.939
2410.000	34.939
2411.000	34.939
2412.000	34.938
2413.000	34.938
2414.000	34.938
2415.000	34.938
2416.000	34.937
2417.000	34.937
2418.000	34.937
2419.000	34.937
2420.000	34.937
2421.000	34.936
2422.000	34.936
2423.000	34.936
2424.000	34.936
2425.000	34.936
2426.000	34.935
2427.000	34.935
2428.000	34.935
2429.000	34.935
2430.000	34.935
2431.000	34.934
2432.000	34.934
2433.000	34.934
2434.000	34.934
2435.000	34.934
2436.000	34.933
2437.000	34.933
2438.000	34.933
2439.000	34.933
2440.000	34.933
2441.000	34.932
2442.000	34.932
2443.000	34.932
2444.000	34.932
2445.000	34.931
2446.000	34.931
2447.000	34.931
2448.000	34.931
2449.000	34.931
2450.000	34.930
2451.000	34.930
2452.000	34.930
2453.000	34.930
2454.000	34.930
2455.000	34.929
2456.000	34.929
2457.000	34.929
2458.000	34.929
2459.000	34.929
2460.000	34.928
2461.000	34.928
2462.000	34.928
2463.000	34.928
2464.000	34.928
2465.000	34.927
2466.000	34.927
2467.000	34.927
2468.000	34.927
2469.000	34.926
2470.000	34.926
2471.000	34.926
2472.000	34.926
2473.000	34.926
2474.000	34.925
2475.000	34.925
2476.000	34.925
2477.000	34.925
2478.000	34.925
2479.000	34.924
2480.000	34.924
2481.000	34.924
2482.000	34.924
2483.000	34.924
2484.000	34.923
2485.000	34.923
2486.000	34.923
2487.000	34.923
2488.000	34.923
2489.000	34.922
2490.000	34.922
2491.000	34.922
2492.000	34.922
2493.000	34.922
2494.000	34.921
2495.000	34.921
2496.000	34.921
2497.000	34.921
2498.000	34.920
2499.000	34.920
2500.000	34.920
2501.000	34.920
2502.000	34.920
2503.000	34.919
2504.000	34.919
2505.000	34.919
2506.000	34.919
2507.000	34.919
2508.000	34.918
2509.000	34.918
2510.000	34.918
2511.000	34.918
2512.000	34.918
2513.000	34.917
2514.000	34.917
2515.000	34.917
2516.000	34.917
2517.000	34.917
2518.000	34.916
2519.000	34.916
2520.000	34.916
2521.000	34.916
2522.000	34.915
2523.000	34.915
2524.000	34.915
2525.000	34.915
2526.000	34.915
2527.000	34.914
2528.000	34.914
2529.000	34.914
2530.000	34.914
2531.000	34.914
2532.000	34.913
2533.000	34.913
2534.000	34.913
2535.000	34.913
2536.000	34.913
2537.000	34.912
2538.000	34.912
2539.000	34.912
2540.000	34.912
2541.000	34.912
2542.000	34.911
2543.000	34.911
2544.000	34.911
2545.000	34.911
2546.000	34.911
2547.000	34.910
2548.000	34.910
2549.000	34.910
2550.000	34.910
2551.000	34.909
2552.000	34.909
2553.000	34.909
2554.000	34.909
2555.000	34.909
2556.000	34.908
2557.000	34.908
2558.000	34.908
2559.000	34.908
2560.000	34.908
2561.000	34.907
2562.000	34.907
2563.000	34.907
2564.000	34.907
2565.000	34.907
2566.000	34.906
2567.000	34.906
2568.000	34.906
2569.000	34.906
2570.000	34.906
2571.000	34.905
2572.000	34.905
2573.000	34.905
2574.000	34.905
2575.000	34.904
2576.000	34.904
2577.000	34.904
2578.000	34.904
2579.000	34.904
2580.000	34.903
2581.000	34.903
2582.000	34.903
2583.000	34.903
2584.000	34.903
2585.000	34.902
2586.000	34.902
2587.000	34.902
2588.000	34.902
2589.000	34.902
2590.000	34.901
2591.000	34.901
2592.000	34.901
2593.000	34.901
2594.000	34.901
2595.000	34.900
2596.000	34.900
2597.000	34.900
2598.000	34.900
2599.000	34.899
2600.000	34.899
2601.000	34.899
2602.000	34.899
2603.000	34.899
2604.000	34.898
2605.000	34.898
2606.000	34.898
2607.000	34.898
2608.000	34.898
2609.000	34.897
2610.000	34.897
2611.000	34.897
2612.000	34.897
2613.000	34.897
2614.000	34.896
2615.000	34.896
2616.000	34.896
2617.000	34.896
2618.000	34.896
2619.000	34.895
2620.000	34.895
2621.000	34.895
2622.000	34.895
2623.000	34.895
2624.000	34.894
2625.000	34.894
2626.000	34.894
2627.000	34.894
2628.000	34.893
2629.000	34.893
2630.000	34.893
2631.000	34.893
2632.000	34.893
2633.000	34.892
2634.000	34.892
2635.000	34.892
2636.000	34.892
2637.000	34.892
2638.000	34.891
2639.000	34.891
2640.000	34.891
2641.000	34.891
2642.000	34.891
2643.000	34.890
2644.000	34.890
2645.000	34.890
2646.000	34.890
2647.000	34.890
2648.000	34.889
2649.000	34.889
2650.000	34.889
2651.000	34.889
2652.000	34.888
2653.000	34.888
2654.000	34.888
2655.000	34.888
2656.000	34.888
2657.000	34.887
2658.000	34.887
2659.000	34.887
2660.000	34.887
2661.000	34.887
2662.000	34.886
2663.000	34.886
2664.000	34.886
2665.000	34.886
2666.000	34.886
2667.000	34.885
2668.000	34.885
2669.000	34.885
2670.000	34.885
2671.000	34.885
2672.000	34.884
2673.000	34.884
2674.000	34.884
2675.000	34.884
2676.000	34.884
2677.000	34.883
2678.000	34.883
2679.000	34.883
2680.000	34.883
2681.000	34.882
2682.000	34.882
2683.000	34.882
2684.000	34.882
2685.000	34.882
2686.000	34.881
2687.000	34.881
2688.000	34.881
2689.000	34.881
2690.000	34.881
2691.000	34.880
2692.000	34.880
2693.000	34.880
2694.000	34.880
2695.000	34.880
2696.000	34.879
2697.000	34.879
2698.000	34.879
2699.000	34.879
2700.000	34.879
2701.000	34.878
2702.000	34.878
2703.000	34.878
2704.000	34.878
2705.000	34.877
2706.000	34.877
2707.000	34.877
2708.000	34.877
2709.000	34.877
2710.000	34.876
2711.000	34.876
2712.000	34.876
2713.000	34.876
2714.000	34.876
2715.000	34.875
2716.000	34.875
2717.000	34.875
2718.000	34.875
2719.000	34.875
2720.000	34.874
2721.000	34.874
2722.000	34.874
2723.000	34.874
2724.000	34.874
2725.000	34.873
2726.000	34.873
2727.000	34.873
2728.000	34.873
2729.000	34.873
2730.000	34.872
2731.000	34.872
2732.000	34.872
2733.000	34.872
2734.000	34.871
2735.000	34.871
2736.000	34.871
2737.000	34.871
2738.000	34.871
2739.000	34.870
2740.000	34.870
2741.000	34.870
2742.000	34.870
2743.000	34.870
2744.000	34.869
2745.000	34.869
2746.000	34.869
2747.000	34.869
2748.000	34.869
2749.000	34.868
2750.000	34.868
2751.000	34.868
2752.000	34.868
2753.000	34.868
2754.000	34.867
2755.000	34.867
2756.000	34.867
2757.000	34.867
2758.000	34.866
2759.000	34.866
2760.000	34.866
2761.000	34.866
2762.000	34.866
2763.000	34.865
2764.000	34.865
2765.000	34.865
2766.000	34.865
2767.000	34.865
2768.000	34.864
2769.000	34.864
2770.000	34.864
2771.000	34.864
2772.000	34.864
2773.000	34.863
2774.000	34.863
2775.000	34.863
2776.000	34.863
2777.000	34.863
2778.000	34.862
2779.000	34.862
2780.000	34.862
2781.000	34.862
2782.000	34.862
2783.000	34.861
2784.000	34.861
2785.000	34.861
2786.000	34.861
2787.000	34.860
2788.000	34.860
2789.000	34.860
2790.000	34.860
2791.000	34.860
2792.000	34.859
2793.000	34.859
2794.000	34.859
2795.000	34.859
2796.000	34.859
2797.000	34.858
2798.000	34.858
2799.000	34.858
2800.000	34.858
2801.000	34.858
2802.000	34.857
2803.000	34.857
2804.000	34.857
2805.000	34.857
2806.000	34.857
2807.000	34.856
2808.000	34.856
2809.000	34.856
2810.000	34.856
2811.000	34.855
2812.000	34.855
2813.000	34.855
2814.000	34.855
2815.000	34.855
2816.000	34.854
2817.000	34.854
2818.000	34.854
2819.000	34.854
2820.000	34.854
2821.000	34.853
2822.000	34.853
2823.000	34.853
2824.000	34.853
2825.000	34.853
2826.000	34.852
2827.000	34.852
2828.000	34.852
2829.000	34.852
2830.000	34.852
2831.000	34.851
2832.000	34.851
2833.000	34.851
2834.000	34.851
2835.000	34.851
2836.000	34.850
2837.000	34.850
2838.000	34.850
2839.000	34.850
2840.000	34.849
2841.000	34.849
2842.000	34.849
2843.000	34.849
2844.000	34.849
2845.000	34.848
2846.000	34.848
2847.000	34.848
2848.000	34.848
2849.000	34.848
2850.000	34.847
2851.000	34.847
2852.000	34.847
2853.000	34.847
2854.000	34.847
2855.000	34.846
2856.000	34.846
2857.000	34.846
2858.000	34.846
2859.000	34.846
2860.000	34.845
2861.000	34.845
2862.000	34.845
2863.000	34.845
2864.000	34.844
2865.000	34.844
2866.000	34.844
2867.000	34.844
2868.000	34.844
2869.000	34.843
2870.000	34.843
2871.000	34.843
2872.000	34.843
2873.000	34.843
2874.000	34.842
2875.000	34.842
2876.000	34.842
2877.000	34.842
2878.000	34.842
2879.000	34.841
2880.000	34.841
2881.000	34.841
2882.000	34.841
2883.000	34.841
2884.000	34.840
2885.000	34.840
2886.000	34.840
2887.000	34.840
2888.000	34.840
2889.000	34.839
2890.000	34.839
2891.000	34.839
2892.000	34.839
2893.000	34.838
2894.000	34.838
2895.000	34.838
2896.000	34.838
2897.000	34.838
2898.000	34.837
2899.000	34.837
2900.000	34.837
2901.000	34.837
2902.000	34.837
2903.000	34.836
2904.000	34.836
2905.000	34.836
2906.000	34.836
2907.000	34.836
2908.000	34.835
2909.000	34.835
2910.000	34.835
2911.000	34.835
2912.000	34.835
2913.000	34.834
2914.000	34.834
2915.000	34.834
2916.000	34.834
2917.000	34.833
2918.000	34.833
2919.000	34.833
2920.000	34.833
2921.000	34.833
2922.000	34.832
2923.000	34.832
2924.000	34.832
2925.000	34.832
2926.000	34.832
2927.000	34.831
2928.000	34.831
2929.000	34.831
2930.000	34.831
2931.000	34.831
2932.000	34.830
2933.000	34.830
2934.000	34.830
2935.000	34.830
2936.000	34.830
2937.000	34.829
2938.000	34.829
2939.000	34.829
2940.000	34.829
2941.000	34.829
2942.000	34.828
2943.000	34.828
2944.000	34.828
2945.000	34.828
2946.000	34.827
2947.000	34.827
2948.000	34.827
2949.000	34.827
2950.000	34.827
2951.000	34.826
2952.000	34.826
2953.000	34.826
2954.000	34.826
2955.000	34.826
2956.000	34.825
2957.000	34.825
2958.000	34.825
2959.000	34.825
2960.000	34.825
2961.000	34.824
2962.000	34.824
2963.000	34.824
2964.000	34.824
2965.000	34.824
2966.000	34.823
2967.000	34.823
2968.000	34.823
2969.000	34.823
2970.000	34.822
2971.000	34.822
2972.000	34.822
2973.000	34.822
2974.000	34.822
2975.000	34.821
2976.000	34.821
2977.000	34.821
2978.000	34.821
2979.000	34.821
2980.000	34.820
2981.000	34.820
2982.000	34.820
2983.000	34.820
2984.000	34.820
2985.000	34.819
2986.000	34.819
2987.000	34.819
2988.000	34.819
2989.000	34.819
2990.000	34.818
2991.000	34.818
2992.000	34.818
2993.000	34.818
2994.000	34.818
2995.000	34.817
2996.000	34.817
2997.000	34.817
2998.000	34.817
2999.000	34.816
3000.000	34.816
3001.000	34.816
3002.000	34.816
3003.000	34.816
3004.000	34.815
3005.000	34.815
3006.000	34.815
3007.000	34.815
3008.000	34.815
3009.000	34.814
3010.000	34.814
3011.000	34.814
3012.000	34.814
3013.000	34.814
3014.000	34.813
3015.000	34.813
3016.000	34.813
3017.000	34.813
3018.000	34.813
3019.000	34.812
3020.000	34.812
3021.000	34.812
3022.000	34.812
3023.000	34.811
3024.000	34.811
3025.000	34.811
3026.000	34.811
3027.000	34.811
3028.000	34.810
3029.000	34.810
3030.000	34.810
3031.000	34.810
3032.000	34.810
3033.000	34.809
3034.000	34.809
3035.000	34.809
3036.000	34.809
3037.000	34.809
3038.000	34.808
3039.000	34.808
3040.000	34.808
3041.000	34.808
3042.000	34.808
3043.000	34.807
3044.000	34.807
3045.000	34.807
3046.000	34.807
3047.000	34.807
3048.000	34.806
3049.000	34.806
3050.000	34.806
3051.000	34.806
3052.000	34.805
3053.000	34.805
3054.000	34.805
3055.000	34.805
3056.000	34.805
3057.000	34.804
3058.000	34.804
3059.000	34.804
3060.000	34.804
3061.000	34.804
3062.000	34.803
3063.000	34.803
3064.000	34.803
3065.000	34.803
3066.000	34.803
3067.000	34.802
3068.000	34.802
3069.000	34.802
3070.000	34.802
3071.000	34.802
3072.000	34.801
3073.000	34.801
3074.000	34.801
3075.000	34.801
3076.000	34.800
3077.000	34.800
3078.000	34.800
3079.000	34.800
3080.000	34.800
3081.000	34.799
3082.000	34.799
3083.000	34.799
3084.000	34.799
3085.000	34.799
3086.000	34.798
3087.000	34.798
3088.000	34.798
3089.000	34.798
3090.000	34.798
3091.000	34.797
3092.000	34.797
3093.000	34.797
3094.000	34.797
3095.000	34.797
3096.000	34.796
3097.000	34.796
3098.000	34.796
3099.000	34.796
3100.000	34.795
3101.000	34.795
3102.000	34.795
3103.000	34.795
3104.000	34.795
3105.000	34.794
3106.000	34.794
3107.000	34.794
3108.000	34.794
3109.000	34.794
3110.000	34.793
3111.000	34.793
3112.000	34.793
3113.000	34.793
3114.000	34.793
3115.000	34.792
3116.000	34.792
3117.000	34.792
3118.000	34.792
3119.000	34.792
3120.000	34.791
3121.000	34.791
3122.000	34.791
3123.000	34.791
3124.000	34.791
3125.000	34.790
3126.000	34.790
3127.000	34.790
3128.000	34.790
3129.000	34.789
3130.000	34.789
3131.000	34.789
3132.000	34.789
3133.000	34.789
3134.000	34.788
3135.000	34.788
3136.000	34.788
3137.000	34.788
3138.000	34.788
3139.000	34.787
3140.000	34.787
3141.000	34.787
3142.000	34.787
3143.000	34.787
3144.000	34.786
3145.000	34.786
3146.000	34.786
3147.000	34.786
3148.000	34.786
3149.000	34.785
3150.000	34.785
3151.000	34.785
3152.000	34.785
3153.000	34.784
3154.000	34.784
3155.000	34.784
3156.000	34.784
3157.000	34.784
3158.000	34.783
3159.000	34.783
3160.000	34.783
3161.000	34.783
3162.000	34.783
3163.000	34.782
3164.000	34.782
3165.000	34.782
3166.000	34.782
3167.000	34.782
3168.000	34.781
3169.000	34.781
3170.000	34.781
3171.000	34.781
3172.000	34.781
3173.000	34.780
3174.000	34.780
3175.000	34.780
3176.000	34.780
3177.000	34.780
3178.000	34.779
3179.000	34.779
3180.000	34.779
3181.000	34.779
3182.000	34.778
3183.000	34.778
3184.000	34.778
3185.000	34.778
3186.000	34.778
3187.000	34.777
3188.000	34.777
3189.000	34.777
3190.000	34.777
3191.000	34.777
3192.000	34.776
3193.000	34.776
3194.000	34.776
3195.000	34.776
3196.000	34.776
3197.000	34.775
3198.000	34.775
3199.000	34.775
3200.000	34.775
3201.000	34.775
3202.000	34.774
3203.000	34.774
3204.000	34.774
3205.000	34.774
3206.000	34.773
3207.000	34.773
3208.000	34.773
3209.000	34.773
3210.000	34.773
3211.000	34.772
3212.000	34.772
3213.000	34.772
3214.000	34.772
3215.000	34.772
3216.000	34.771
3217.000	34.771
3218.000	34.771
3219.000	34.771
3220.000	34.771
3221.000	34.770
3222.000	34.770
3223.000	34.770
3224.000	34.770
3225.000	34.770
3226.000	34.769
3227.000	34.769
3228.000	34.769
3229.000	34.769
3230.000	34.769
3231.000	34.768
3232.000	34.768
3233.000	34.768
3234.000	34.768
3235.000	34.767
3236.000	34.767
3237.000	34.767
3238.000	34.767
3239.000	34.767
3240.000	34.766
3241.000	34.766
3242.000	34.766
3243.000	34.766
3244.000	34.766
3245.000	34.765
3246.000	34.765
3247.000	34.765
3248.000	34.765
3249.000	34.765
3250.000	34.764
3251.000	34.764
3252.000	34.764
3253.000	34.764
3254.000	34.764
3255.000	34.763
3256.000	34.763
3257.000	34.763
3258.000	34.763
3259.000	34.762
3260.000	34.762
3261.000	34.762
3262.000	34.762
3263.000	34.762
3264.000	34.761
3265.000	34.761
3266.000	34.761
3267.000	34.761
3268.000	34.761
3269.000	34.760
3270.000	34.760
3271.000	34.760
3272.000	34.760
3273.000	34.760
3274.000	34.759
3275.000	34.759
3276.000	34.759
3277.000	34.759
3278.000	34.759
3279.000	34.758
3280.000	34.758
3281.000	34.758
3282.000	34.758
3283.000	34.758
3284.000	34.757
3285.000	34.757
3286.000	34.757
3287.000	34.757
3288.000	34.756
3289.000	34.756
3290.000	34.756
3291.000	34.756
3292.000	34.756
3293.000	34.755
3294.000	34.755
3295.000	34.755
3296.000	34.755
3297.000	34.755
3298.000	34.754
3299.000	34.754
3300.000	34.754
3301.000	34.754
3302.000	34.754
3303.000	34.753
3304.000	34.753
3305.000	34.753
3306.000	34.753
3307.000	34.753
3308.000	34.752
3309.000	34.752
3310.000	34.752
3311.000	34.752
3312.000	34.751
3313.000	34.751
3314.000	34.751
3315.000	34.751
3316.000	34.751
3317.000	34.750
3318.000	34.750
3319.000	34.750
3320.000	34.750
3321.000	34.750
3322.000	34.749
3323.000	34.749
3324.000	34.749
3325.000	34.749
3326.000	34.749
3327.000	34.748
3328.000	34.748
3329.000	34.748
3330.000	34.748
3331.000	34.748
3332.000	34.747
3333.000	34.747
3334.000	34.747
3335.000	34.747
3336.000	34.747
3337.000	34.746
3338.000	34.746
3339.000	34.746
3340.000	34.746
3341.000	34.745
3342.000	34.745
3343.000	34.745
3344.000	34.745
3345.000	34.745
3346.000	34.744
3347.000	34.744
3348.000	34.744
3349.000	34.744
3350.000	34.744
3351.000	34.743
3352.000	34.743
3353.000	34.743
3354.000	34.743
3355.000	34.743
3356.000	34.742
3357.000	34.742
3358.000	34.742
3359.000	34.742
3360.000	34.742
3361.000	34.741
3362.000	34.741
3363.000	34.741
3364.000	34.741
3365.000	34.740
3366.000	34.740
3367.000	34.740
3368.000	34.740
3369.000	34.740
3370.000	34.739
3371.000	34.739
3372.000	34.739
3373.000	34.739
3374.000	34.739
3375.000	34.738
3376.000	34.738
3377.000	34.738
3378.000	34.738
3379.000	34.738
3380.000	34.737
3381.000	34.737
3382.000	34.737
3383.000	34.737
3384.000	34.737
3385.000	34.736
3386.000	34.736
3387.000	34.736
3388.000	34.736
3389.000	34.736
3390.000	34.735
3391.000	34.735
3392.000	34.735
3393.000	34.735
3394.000	34.734
3395.000	34.734
3396.000	34.734
3397.000	34.734
3398.000	34.734
3399.000	34.733
3400.000	34.733
3401.000	34.733
3402.000	34.733
3403.000	34.733
3404.000	34.732
3405.000	34.732
3406.000	34.732
3407.000	34.732
3408.000	34.732
3409.000	34.731
3410.000	34.731
3411.000	34.731
3412.000	34.731
3413.000	34.731
3414.000	34.730
3415.000	34.730
3416.000	34.730
3417.000	34.730
3418.000	34.729
3419.000	34.729
3420.000	34.729
3421.000	34.729
3422.000	34.729
3423.000	34.728
3424.000	34.728
3425.000	34.728
3426.000	34.728
3427.000	34.728
3428.000	34.727
3429.000	34.727
3430.000	34.727
3431.000	34.727
3432.000	34.727
3433.000	34.726
3434.000	34.726
3435.000	34.726
3436.000	34.726
3437.000	34.726
3438.000	34.725
3439.000	34.725
3440.000	34.725
3441.000	34.725
3442.000	34.725
3443.000	34.724
3444.000	34.724
3445.000	34.724
3446.000	34.724
3447.000	34.723
3448.000	34.723
3449.000	34.723
3450.000	34.723
3451.000	34.723
3452.000	34.722
3453.000	34.722
3454.000	34.722
3455.000	34.722
3456.000	34.721
3457.000	34.721
3458.000	34.721
3459.000	34.721
3460.000	34.721
3461.000	34.720
3462.000	34.720
3463.000	34.720
3464.000	34.720
3465.000	34.720
3466.000	34.719
3467.000	34.719
3468.000	34.719
3469.000	34.719
3470.000	34.718
3471.000	34.718
3472.000	34.718
3473.000	34.718
3474.000	34.717
3475.000	34.717
3476.000	34.717
3477.000	34.717
3478.000	34.716
3479.000	34.716
3480.000	34.716
3481.000	34.716
3482.000	34.715
3483.000	34.715
3484.000	34.715
3485.000	34.715
3486.000	34.714
3487.000	34.714
3488.000	34.714
3489.000	34.714
3490.000	34.714
3491.000	34.713
3492.000	34.713
3493.000	34.713
3494.000	34.712
3495.000	34.712
3496.000	34.712
3497.000	34.712
3498.000	34.712
3499.000	34.711
3500.000	34.711
3501.000	34.711
3502.000	34.710
3503.000	34.710
3504.000	34.710
3505.000	34.710
3506.000	34.709
3507.000	34.709
3508.000	34.709
3509.000	34.709
3510.000	34.709
3511.000	34.708
3512.000	34.708
3513.000	34.708
3514.000	34.707
3515.000	34.707
3516.000	34.707
3517.000	34.707
3518.000	34.706
3519.000	34.706
3520.000	34.706
3521.000	34.706
3522.000	34.705
3523.000	34.705
3524.000	34.705
3525.000	34.705
3526.000	34.704
3527.000	34.704
3528.000	34.704
3529.000	34.704
3530.000	34.703
3531.000	34.703
3532.000	34.703
3533.000	34.703
3534.000	34.702
3535.000	34.702
3536.000	34.702
3537.000	34.702
3538.000	34.701
3539.000	34.701
3540.000	34.701
3541.000	34.701
3542.000	34.700
3543.000	34.700
3544.000	34.700
3545.000	34.700
3546.000	34.699
3547.000	34.699
3548.000	34.699
3549.000	34.699
3550.000	34.698
3551.000	34.698
3552.000	34.698
3553.000	34.698
3554.000	34.697
3555.000	34.697
3556.000	34.697
3557.000	34.697
3558.000	34.696
3559.000	34.696
3560.000	34.696
3561.000	34.696
3562.000	34.695
3563.000	34.695
3564.000	34.695
3565.000	34.695
3566.000	34.694
3567.000	34.694
3568.000	34.694
3569.000	34.694
3570.000	34.693
3571.000	34.693
3572.000	34.693
3573.000	34.693
3574.000	34.692
3575.000	34.692
3576.000	34.692
3577.000	34.692
3578.000	34.691
3579.000	34.691
3580.000	34.691
3581.000	34.691
3582.000	34.690
3583.000	34.690
3584.000	34.690
3585.000	34.690
3586.000	34.689
3587.000	34.689
3588.000	34.689
3589.000	34.689
3590.000	34.688
3591.000	34.688
3592.000	34.688
3593.000	34.688
3594.000	34.687
3595.000	34.687
3596.000	34.687
3597.000	34.687
3598.000	34.686
3599.000	34.686
3600.000	34.686
3601.000	34.686
3602.000	34.685
3603.000	34.685
3604.000	34.685
3605.000	34.685
3606.000	34.684
3607.000	34.684
3608.000	34.684
3609.000	34.684
3610.000	34.683
3611.000	34.683
3612.000	34.683
3613.000	34.683
3614.000	34.682
3615.000	34.682
3616.000	34.682
3617.000	34.682
3618.000	34.681
3619.000	34.681
3620.000	34.681
3621.000	34.681
3622.000	34.681
3623.000	34.680
3624.000	34.680
3625.000	34.680
3626.000	34.679
3627.000	34.679
3628.000	34.679
3629.000	34.679
3630.000	34.678
3631.000	34.678
3632.000	34.678
3633.000	34.678
3634.000	34.678
3635.000	34.677
3636.000	34.677
3637.000	34.677
3638.000	34.676
3639.000	34.676
3640.000	34.676
3641.000	34.676
3642.000	34.675
3643.000	34.675
3644.000	34.675
3645.000	34.675
3646.000	34.675
3647.000	34.674
3648.000	34.674
3649.000	34.674
3650.000	34.673
3651.000	34.673
3652.000	34.673
3653.000	34.673
3654.000	34.673
3655.000	34.672
3656.000	34.672
3657.000	34.672
3658.000	34.672
3659.000	34.671
3660.000	34.671
3661.000	34.671
3662.000	34.671
3663.000	34.670
3664.000	34.670
3665.000	34.670
3666.000	34.670
3667.000	34.669
3668.000	34.669
3669.000	34.669
3670.000	34.669
3671.000	34.668
3672.000	34.668
3673.000	34.668
3674.000	34.668
3675.000	34.667
3676.000	34.667
3677.000	34.667
3678.000	34.667
3679.000	34.666
3680.000	34.666
3681.000	34.666
3682.000	34.666
3683.000	34.665
3684.000	34.665
3685.000	34.665
3686.000	34.665
3687.000	34.664
3688.000	34.664
3689.000	34.664
3690.000	34.664
3691.000	34.663
3692.000	34.663
3693.000	34.663
3694.000	34.663
3695.000	34.662
3696.000	34.662
3697.000	34.662
3698.000	34.662
3699.000	34.661
3700.000	34.661
3701.000	34.661
3702.000	34.661
3703.000	34.660
3704.000	34.660
3705.000	34.660
3706.000	34.660
3707.000	34.659
3708.000	34.659
3709.000	34.659
3710.000	34.659
3711.000	34.658
3712.000	34.658
3713.000	34.658
3714.000	34.658
3715.000	34.657
3716.000	34.657
3717.000	34.657
3718.000	34.657
3719.000	34.656
3720.000	34.656
3721.000	34.656
3722.000	34.656
3723.000	34.655
3724.000	34.655
3725.000	34.655
3726.000	34.655
3727.000	34.654
3728.000	34.654
3729.000	34.654
3730.000	34.654
3731.000	34.653
3732.000	34.653
3733.000	34.653
3734.000	34.653
3735.000	34.652
3736.000	34.652
3737.000	34.652
3738.000	34.652
3739.000	34.651
3740.000	34.651
3741.000	34.651
3742.000	34.651
3743.000	34.650
3744.000	34.650
3745.000	34.650
3746.000	34.650
3747.000	34.650
3748.000	34.649
3749.000	34.649
3750.000	34.649
3751.000	34.649
3752.000	34.648
3753.000	34.648
3754.000	34.648
3755.000	34.648
3756.000	34.648
3757.000	34.647
3758.000	34.647
3759.000	34.647
3760.000	34.647
3761.000	34.647
3762.000	34.646
3763.000	34.646
3764.000	34.646
3765.000	34.640
3766.000	34.640
3767.000	34.640
3768.000	34.640
3769.000	34.640
3770.000	34.639
3771.000	34.639
3772.000	34.639
3773.000	34.639
3774.000	34.639
3775.000	34.638
3776.000	34.638
3777.000	34.638
3778.000	34.638
3779.000	34.638
3780.000	34.637
3781.000	34.637
3782.000	34.637
3783.000	34.637
3784.000	34.636
3785.000	34.636
3786.000	34.636
3787.000	34.636
3788.000	34.636
3789.000	34.635
3790.000	34.635
3791.000	34.635
3792.000	34.635
3793.000	34.635
3794.000	34.614
3795.000	34.614
3796.000	34.614
3797.000	34.613
3798.000	34.613
3799.000	34.613
3800.000	34.613
3801.000	34.613
3802.000	34.612
3803.000	34.612
3804.000	34.612
3805.000	34.612
3806.000	34.612
3807.000	34.611
3808.000	34.611
3809.000	34.608
3810.000	34.608
3811.000	34.607
3812.000	34.607
3813.000	34.606
3814.000	34.605
3815.000	34.604
3816.000	34.604
3817.000	34.604
3818.000	34.604
3819.000	34.603
3820.000	34.603
3821.000	34.603
3822.000	34.603
3823.000	34.603
3824.000	34.602
3825.000	34.602
3826.000	34.602
3827.000	34.602
3828.000	34.602
3829.000	34.601
3830.000	34.601
3831.000	34.601
3832.000	34.601
3833.000	34.601
3834.000	34.600
3835.000	34.600
3836.000	34.600
3837.000	34.600
3838.000	34.599
3839.000	34.599
3840.000	34.599
3841.000	34.599
3842.000	34.599
3843.000	34.598
3844.000	34.598
3845.000	34.598
3846.000	34.598
3847.000	34.598
3848.000	34.597
3849.000	34.597
3850.000	34.597
3851.000	34.597
3852.000	34.597
3853.000	34.596
3854.000	34.596
3855.000	34.596
3856.000	34.596
3857.000	34.596
3858.000	34.595
3859.000	34.595
3860.000	34.595
3861.000	34.595
3862.000	34.594
3863.000	34.594
3864.000	34.594
3865.000	34.594
3866.000	34.594
3867.000	34.593
3868.000	34.593
3869.000	34.593
3870.000	34.593
3871.000	34.593
3872.000	34.592
3873.000	34.592
3874.000	34.592
3875.000	34.592
3876.000	34.592
3877.000	34.591
3878.000	34.591
3879.000	34.591
3880.000	34.591
3881.000	34.591
3882.000	34.590
3883.000	34.590
3884.000	34.590
3885.000	34.590
3886.000	34.590
3887.000	34.589
3888.000	34.589
3889.000	34.589
3890.000	34.589
3891.000	34.588
3892.000	34.588
3893.000	34.588
3894.000	34.588
3895.000	34.588
3896.000	34.587
3897.000	34.587
3898.000	34.587
3899.000	34.587
3900.000	34.587
3901.000	34.586
3902.000	34.586
3903.000	34.586
3904.000	34.586
3905.000	34.586
3906.000	34.585
3907.000	34.585
3908.000	34.585
3909.000	34.585
3910.000	34.585
3911.000	34.584
3912.000	34.584
3913.000	34.584
3914.000	34.584
3915.000	34.583
3916.000	34.583
3917.000	34.583
3918.000	34.583
3919.000	34.583
3920.000	34.582
3921.000	34.582
3922.000	34.582
3923.000	34.582
3924.000	34.582
3925.000	34.581
3926.000	34.581
3927.000	34.581
3928.000	34.581
3929.000	34.581
3930.000	34.580
3931.000	34.580
3932.000	34.580
3933.000	34.580
3934.000	34.580
3935.000	34.579
3936.000	34.579
3937.000	34.579
3938.000	34.579
3939.000	34.579
3940.000	34.578
3941.000	34.578
3942.000	34.578
3943.000	34.578
3944.000	34.577
3945.000	34.577
3946.000	34.577
3947.000	34.577
3948.000	34.577
3949.000	34.576
3950.000	34.576
3951.000	34.576
3952.000	34.576
3953.000	34.576
3954.000	34.575
3955.000	34.575
3956.000	34.575
3957.000	34.575
3958.000	34.575
3959.000	34.574
3960.000	34.574
3961.000	34.574
3962.000	34.574
3963.000	34.574
3964.000	34.573
3965.000	34.573
3966.000	34.573
3967.000	34.573
3968.000	34.572
3969.000	34.572
3970.000	34.572
3971.000	34.572
3972.000	34.572
3973.000	34.571
3974.000	34.571
3975.000	34.571
3976.000	34.571
3977.000	34.571
3978.000	34.570
3979.000	34.570
3980.000	34.570
3981.000	34.570
3982.000	34.570
3983.000	34.569
3984.000	34.569
3985.000	34.569
3986.000	34.569
3987.000	34.569
3988.000	34.568
3989.000	34.568
3990.000	34.568
3991.000	34.568
3992.000	34.567
3993.000	34.567
3994.000	34.567
3995.000	34.567
3996.000	34.567
3997.000	34.566
3998.000	34.566
3999.000	34.566
4000.000	34.566
4001.000	34.566
4002.000	34.565
4003.000	34.565
4004.000	34.565
4005.000	34.565
4006.000	34.565
4007.000	34.564
4008.000	34.564
4009.000	34.564
4010.000	34.564
4011.000	34.564
4012.000	34.563
4013.000	34.563
4014.000	34.563
4015.000	34.563
4016.000	34.563
4017.000	34.562
4018.000	34.562
4019.000	34.562
4020.000	34.562
4021.000	34.561
4022.000	34.561
4023.000	34.561
4024.000	34.561
4025.000	34.561
4026.000	34.560
4027.000	34.560
4028.000	34.560
4029.000	34.560
4030.000	34.560
4031.000	34.559
4032.000	34.559
4033.000	34.559
4034.000	34.559
4035.000	34.559
4036.000	34.558
4037.000	34.558
4038.000	34.558
4039.000	34.558
4040.000	34.558
4041.000	34.557
4042.000	34.557
4043.000	34.557
4044.000	34.557
4045.000	34.556
4046.000	34.556
4047.000	34.556
4048.000	34.556
4049.000	34.556
4050.000	34.555
4051.000	34.555
4052.000	34.555
4053.000	34.555
4054.000	34.555
4055.000	34.554
4056.000	34.554
4057.000	34.554
4058.000	34.554
4059.000	34.554
4060.000	34.553
4061.000	34.553
4062.000	34.553
4063.000	34.553
4064.000	34.553
4065.000	34.552
4066.000	34.552
4067.000	34.552
4068.000	34.552
4069.000	34.552
4070.000	34.551
4071.000	34.551
4072.000	34.551
4073.000	34.551
4074.000	34.550
4075.000	34.550
4076.000	34.550
4077.000	34.550
4078.000	34.550
4079.000	34.549
4080.000	34.549
4081.000	34.549
4082.000	34.549
4083.000	34.549
4084.000	34.548
4085.000	34.548
4086.000	34.548
4087.000	34.548
4088.000	34.548
4089.000	34.547
4090.000	34.547
4091.000	34.547
4092.000	34.546
4093.000	34.546
4094.000	34.546
4095.000	0.000
