0.000	17.603
1.000	17.601
2.000	17.294
3.000	17.292
4.000	17.290
5.000	17.288
6.000	17.286
7.000	17.284
8.000	17.282
9.000	17.280
10.000	17.278
11.000	17.276
12.000	17.274
13.000	17.272
14.000	17.270
15.000	17.268
16.000	17.266
17.000	17.255
18.000	17.253
19.000	17.241
20.000	17.239
21.000	17.236
22.000	17.234
23.000	17.231
24.000	17.228
25.000	17.226
26.000	17.223
27.000	17.220
28.000	17.218
29.000	17.216
30.000	17.213
31.000	17.210
32.000	17.208
33.000	17.205
34.000	17.202
35.000	17.200
36.000	17.197
37.000	17.194
38.000	17.192
39.000	17.189
40.000	17.181
41.000	17.178
42.000	17.175
43.000	17.173
44.000	17.170
45.000	17.168
46.000	17.165
47.000	17.163
48.000	17.161
49.000	17.159
50.000	17.157
51.000	17.155
52.000	17.152
53.000	17.150
54.000	17.148
55.000	17.146
56.000	17.143
57.000	17.141
58.000	17.139
59.000	17.137
60.000	17.135
61.000	17.132
62.000	17.131
63.000	17.128
64.000	17.126
65.000	17.123
66.000	17.121
67.000	17.119
68.000	17.116
69.000	17.114
70.000	17.112
71.000	17.109
72.000	17.107
73.000	17.105
74.000	17.102
75.000	17.100
76.000	17.097
77.000	17.094
78.000	17.091
79.000	17.088
80.000	17.085
81.000	17.082
82.000	17.078
83.000	17.075
84.000	17.073
85.000	17.070
86.000	17.067
87.000	17.063
88.000	17.060
89.000	17.056
90.000	17.053
91.000	17.049
92.000	17.046
93.000	17.042
94.000	17.038
95.000	17.034
96.000	17.032
97.000	17.027
98.000	17.023
99.000	17.019
100.000	17.014
101.000	17.010
102.000	17.005
103.000	17.000
104.000	16.995
105.000	16.990
106.000	16.984
107.000	16.982
108.000	16.977
109.000	16.971
110.000	16.965
111.000	16.959
112.000	16.952
113.000	16.946
114.000	16.940
115.000	16.933
116.000	16.926
117.000	16.918
118.000	16.902
119.000	16.895
120.000	16.886
121.000	16.878
122.000	16.870
123.000	16.862
124.000	16.853
125.000	16.844
126.000	16.836
127.000	16.826
128.000	16.816
129.000	16.814
130.000	16.804
131.000	16.794
132.000	16.783
133.000	16.772
134.000	16.761
135.000	16.750
136.000	16.738
137.000	16.726
138.000	16.713
139.000	16.700
140.000	16.674
141.000	16.661
142.000	16.648
143.000	16.633
144.000	16.619
145.000	16.605
146.000	16.590
147.000	16.574
148.000	16.559
149.000	16.542
150.000	16.526
151.000	16.524
152.000	16.507
153.000	16.489
154.000	16.472
155.000	16.454
156.000	16.437
157.000	16.419
158.000	16.401
159.000	16.382
160.000	16.363
161.000	16.344
162.000	16.325
163.000	16.307
164.000	16.288
165.000	16.269
166.000	16.251
167.000	16.233
168.000	16.212
169.000	16.192
170.000	16.171
171.000	16.151
172.000	16.130
173.000	16.109
174.000	16.095
175.000	16.073
176.000	16.051
177.000	16.029
178.000	16.006
179.000	15.983
180.000	15.959
181.000	15.935
182.000	15.910
183.000	15.885
184.000	15.860
185.000	15.796
186.000	15.771
187.000	15.747
188.000	15.722
189.000	15.696
190.000	15.670
191.000	15.643
192.000	15.615
193.000	15.588
194.000	15.560
195.000	15.531
196.000	15.499
197.000	15.470
198.000	15.441
199.000	15.412
200.000	15.383
201.000	15.353
202.000	15.322
203.000	15.292
204.000	15.262
205.000	15.231
206.000	15.199
207.000	15.145
208.000	15.114
209.000	15.082
210.000	15.050
211.000	15.019
212.000	14.987
213.000	14.955
214.000	14.922
215.000	14.890
216.000	14.857
217.000	14.824
218.000	14.750
219.000	14.716
220.000	14.683
221.000	14.649
222.000	14.615
223.000	14.581
224.000	14.547
225.000	14.513
226.000	14.479
227.000	14.445
228.000	14.409
229.000	14.374
230.000	14.346
231.000	14.311
232.000	14.274
233.000	14.237
234.000	14.202
235.000	14.167
236.000	14.132
237.000	14.096
238.000	14.060
239.000	14.026
240.000	13.991
241.000	13.953
242.000	13.919
243.000	13.885
244.000	13.851
245.000	13.818
246.000	13.786
247.000	13.753
248.000	13.718
249.000	13.685
250.000	13.649
251.000	13.614
252.000	13.530
253.000	13.493
254.000	13.457
255.000	13.422
256.000	13.386
257.000	13.350
258.000	13.314
259.000	13.279
260.000	13.246
261.000	13.212
262.000	13.178
263.000	13.141
264.000	13.107
265.000	13.073
266.000	13.040
267.000	13.007
268.000	12.975
269.000	12.942
270.000	12.909
271.000	12.877
272.000	12.845
273.000	12.813
274.000	12.803
275.000	12.772
276.000	12.740
277.000	12.709
278.000	12.678
279.000	12.647
280.000	12.617
281.000	12.587
282.000	12.556
283.000	12.527
284.000	12.497
285.000	12.495
286.000	12.465
287.000	12.435
288.000	12.406
289.000	12.378
290.000	12.349
291.000	12.321
292.000	12.292
293.000	12.264
294.000	12.236
295.000	12.209
296.000	12.208
297.000	12.180
298.000	12.153
299.000	12.126
300.000	12.099
301.000	12.072
302.000	12.045
303.000	12.018
304.000	11.992
305.000	11.966
306.000	11.940
307.000	11.914
308.000	11.914
309.000	11.888
310.000	11.863
311.000	11.838
312.000	11.813
313.000	11.789
314.000	11.764
315.000	11.739
316.000	11.714
317.000	11.689
318.000	11.665
319.000	11.646
320.000	11.622
321.000	11.598
322.000	11.573
323.000	11.549
324.000	11.523
325.000	11.498
326.000	11.473
327.000	11.448
328.000	11.424
329.000	11.401
330.000	11.388
331.000	11.365
332.000	11.341
333.000	11.320
334.000	11.298
335.000	11.277
336.000	11.256
337.000	11.236
338.000	11.215
339.000	11.195
340.000	11.175
341.000	11.172
342.000	11.152
343.000	11.132
344.000	11.111
345.000	11.090
346.000	11.070
347.000	11.050
348.000	11.030
349.000	11.009
350.000	10.989
351.000	10.969
352.000	10.951
353.000	10.931
354.000	10.911
355.000	10.891
356.000	10.872
357.000	10.852
358.000	10.832
359.000	10.813
360.000	10.794
361.000	10.774
362.000	10.755
363.000	10.748
364.000	10.728
365.000	10.709
366.000	10.689
367.000	10.670
368.000	10.652
369.000	10.633
370.000	10.614
371.000	10.596
372.000	10.578
373.000	10.560
374.000	10.543
375.000	10.533
376.000	10.515
377.000	10.498
378.000	10.481
379.000	10.464
380.000	10.446
381.000	10.429
382.000	10.411
383.000	10.392
384.000	10.373
385.000	10.354
386.000	10.303
387.000	10.284
388.000	10.266
389.000	10.248
390.000	10.230
391.000	10.212
392.000	10.195
393.000	10.177
394.000	10.160
395.000	10.143
396.000	10.126
397.000	10.117
398.000	10.099
399.000	10.081
400.000	10.064
401.000	10.047
402.000	10.029
403.000	10.012
404.000	9.994
405.000	9.977
406.000	9.959
407.000	9.942
408.000	9.941
409.000	9.923
410.000	9.905
411.000	9.887
412.000	9.869
413.000	9.852
414.000	9.834
415.000	9.816
416.000	9.798
417.000	9.780
418.000	9.762
419.000	9.761
420.000	9.743
421.000	9.726
422.000	9.709
423.000	9.691
424.000	9.673
425.000	9.656
426.000	9.638
427.000	9.620
428.000	9.603
429.000	9.585
430.000	9.584
431.000	9.566
432.000	9.549
433.000	9.531
434.000	9.514
435.000	9.496
436.000	9.478
437.000	9.460
438.000	9.442
439.000	9.423
440.000	9.405
441.000	9.387
442.000	9.386
443.000	9.369
444.000	9.351
445.000	9.333
446.000	9.315
447.000	9.297
448.000	9.279
449.000	9.261
450.000	9.243
451.000	9.225
452.000	9.208
453.000	9.182
454.000	9.164
455.000	9.146
456.000	9.129
457.000	9.111
458.000	9.094
459.000	9.076
460.000	9.059
461.000	9.041
462.000	9.023
463.000	9.005
464.000	8.975
465.000	8.958
466.000	8.940
467.000	8.923
468.000	8.905
469.000	8.888
470.000	8.871
471.000	8.853
472.000	8.836
473.000	8.818
474.000	8.801
475.000	8.768
476.000	8.751
477.000	8.733
478.000	8.715
479.000	8.697
480.000	8.679
481.000	8.661
482.000	8.643
483.000	8.624
484.000	8.605
485.000	8.587
486.000	8.573
487.000	8.555
488.000	8.537
489.000	8.519
490.000	8.501
491.000	8.485
492.000	8.469
493.000	8.452
494.000	8.436
495.000	8.420
496.000	8.403
497.000	8.349
498.000	8.332
499.000	8.316
500.000	8.299
501.000	8.282
502.000	8.265
503.000	8.248
504.000	8.231
505.000	8.214
506.000	8.197
507.000	8.180
508.000	8.127
509.000	8.111
510.000	8.094
511.000	8.078
512.000	8.061
513.000	8.044
514.000	8.028
515.000	8.011
516.000	7.995
517.000	7.979
518.000	7.962
519.000	7.946
520.000	7.931
521.000	7.915
522.000	7.900
523.000	7.884
524.000	7.868
525.000	7.852
526.000	7.836
527.000	7.821
528.000	7.805
529.000	7.790
530.000	7.774
531.000	7.756
532.000	7.740
533.000	7.724
534.000	7.710
535.000	7.694
536.000	7.679
537.000	7.664
538.000	7.649
539.000	7.634
540.000	7.619
541.000	7.604
542.000	7.587
543.000	7.572
544.000	7.557
545.000	7.543
546.000	7.529
547.000	7.514
548.000	7.500
549.000	7.486
550.000	7.472
551.000	7.458
552.000	7.444
553.000	7.418
554.000	7.405
555.000	7.391
556.000	7.378
557.000	7.365
558.000	7.352
559.000	7.339
560.000	7.325
561.000	7.312
562.000	7.298
563.000	7.286
564.000	7.270
565.000	7.258
566.000	7.245
567.000	7.233
568.000	7.220
569.000	7.208
570.000	7.195
571.000	7.183
572.000	7.171
573.000	7.159
574.000	7.147
575.000	7.129
576.000	7.117
577.000	7.105
578.000	7.093
579.000	7.081
580.000	7.069
581.000	7.057
582.000	7.046
583.000	7.035
584.000	7.024
585.000	7.013
586.000	7.002
587.000	6.987
588.000	6.976
589.000	6.966
590.000	6.955
591.000	6.944
592.000	6.934
593.000	6.923
594.000	6.913
595.000	6.901
596.000	6.891
597.000	6.880
598.000	6.861
599.000	6.850
600.000	6.840
601.000	6.829
602.000	6.819
603.000	6.808
604.000	6.798
605.000	6.787
606.000	6.777
607.000	6.767
608.000	6.757
609.000	6.750
610.000	6.740
611.000	6.729
612.000	6.719
613.000	6.709
614.000	6.699
615.000	6.688
616.000	6.678
617.000	6.667
618.000	6.657
619.000	6.647
620.000	6.607
621.000	6.597
622.000	6.587
623.000	6.577
624.000	6.567
625.000	6.557
626.000	6.547
627.000	6.537
628.000	6.527
629.000	6.517
630.000	6.507
631.000	6.506
632.000	6.496
633.000	6.485
634.000	6.475
635.000	6.466
636.000	6.456
637.000	6.446
638.000	6.437
639.000	6.427
640.000	6.418
641.000	6.408
642.000	6.405
643.000	6.395
644.000	6.386
645.000	6.377
646.000	6.367
647.000	6.358
648.000	6.349
649.000	6.339
650.000	6.330
651.000	6.321
652.000	6.312
653.000	6.303
654.000	6.302
655.000	6.294
656.000	6.285
657.000	6.276
658.000	6.268
659.000	6.260
660.000	6.251
661.000	6.243
662.000	6.234
663.000	6.226
664.000	6.218
665.000	6.216
666.000	6.208
667.000	6.200
668.000	6.192
669.000	6.184
670.000	6.176
671.000	6.169
672.000	6.161
673.000	6.153
674.000	6.145
675.000	6.137
676.000	6.136
677.000	6.128
678.000	6.120
679.000	6.113
680.000	6.105
681.000	6.097
682.000	6.089
683.000	6.082
684.000	6.074
685.000	6.067
686.000	6.059
687.000	6.059
688.000	6.052
689.000	6.044
690.000	6.037
691.000	6.029
692.000	6.022
693.000	6.014
694.000	6.007
695.000	5.999
696.000	5.992
697.000	5.984
698.000	5.938
699.000	5.930
700.000	5.923
701.000	5.916
702.000	5.909
703.000	5.902
704.000	5.895
705.000	5.888
706.000	5.881
707.000	5.874
708.000	5.867
709.000	5.867
710.000	5.860
711.000	5.853
712.000	5.846
713.000	5.839
714.000	5.832
715.000	5.825
716.000	5.817
717.000	5.810
718.000	5.804
719.000	5.797
720.000	5.797
721.000	5.791
722.000	5.784
723.000	5.777
724.000	5.771
725.000	5.764
726.000	5.757
727.000	5.751
728.000	5.744
729.000	5.737
730.000	5.730
731.000	5.723
732.000	5.689
733.000	5.682
734.000	5.675
735.000	5.668
736.000	5.662
737.000	5.655
738.000	5.648
739.000	5.642
740.000	5.635
741.000	5.628
742.000	5.621
743.000	5.621
744.000	5.615
745.000	5.609
746.000	5.603
747.000	5.597
748.000	5.591
749.000	5.586
750.000	5.580
751.000	5.574
752.000	5.568
753.000	5.562
754.000	5.523
755.000	5.517
756.000	5.511
757.000	5.505
758.000	5.499
759.000	5.493
760.000	5.487
761.000	5.481
762.000	5.476
763.000	5.470
764.000	5.465
765.000	5.456
766.000	5.451
767.000	5.446
768.000	5.440
769.000	5.436
770.000	5.431
771.000	5.426
772.000	5.421
773.000	5.415
774.000	5.410
775.000	5.405
776.000	5.405
777.000	5.400
778.000	5.395
779.000	5.389
780.000	5.384
781.000	5.379
782.000	5.375
783.000	5.370
784.000	5.365
785.000	5.360
786.000	5.356
787.000	5.356
788.000	5.351
789.000	5.347
790.000	5.342
791.000	5.338
792.000	5.333
793.000	5.329
794.000	5.324
795.000	5.320
796.000	5.315
797.000	5.311
798.000	5.306
799.000	5.306
800.000	5.301
801.000	5.297
802.000	5.293
803.000	5.288
804.000	5.284
805.000	5.280
806.000	5.276
807.000	5.272
808.000	5.268
809.000	5.264
810.000	5.264
811.000	5.259
812.000	5.255
813.000	5.251
814.000	5.247
815.000	5.243
816.000	5.239
817.000	5.234
818.000	5.230
819.000	5.226
820.000	5.222
821.000	5.220
822.000	5.216
823.000	5.212
824.000	5.208
825.000	5.204
826.000	5.200
827.000	5.196
828.000	5.192
829.000	5.188
830.000	5.184
831.000	5.179
832.000	5.179
833.000	5.175
834.000	5.171
835.000	5.167
836.000	5.163
837.000	5.159
838.000	5.155
839.000	5.151
840.000	5.147
841.000	5.143
842.000	5.139
843.000	5.139
844.000	5.136
845.000	5.132
846.000	5.128
847.000	5.124
848.000	5.121
849.000	5.117
850.000	5.113
851.000	5.109
852.000	5.105
853.000	5.102
854.000	5.076
855.000	5.072
856.000	5.068
857.000	5.065
858.000	5.061
859.000	5.058
860.000	5.054
861.000	5.050
862.000	5.047
863.000	5.043
864.000	5.040
865.000	5.036
866.000	5.023
867.000	5.019
868.000	5.016
869.000	5.012
870.000	5.009
871.000	5.005
872.000	5.001
873.000	4.998
874.000	4.994
875.000	4.991
876.000	4.988
877.000	4.988
878.000	4.984
879.000	4.981
880.000	4.977
881.000	4.974
882.000	4.971
883.000	4.967
884.000	4.964
885.000	4.961
886.000	4.957
887.000	4.954
888.000	4.954
889.000	4.951
890.000	4.948
891.000	4.945
892.000	4.941
893.000	4.938
894.000	4.935
895.000	4.932
896.000	4.928
897.000	4.925
898.000	4.922
899.000	4.908
900.000	4.904
901.000	4.901
902.000	4.898
903.000	4.895
904.000	4.892
905.000	4.889
906.000	4.886
907.000	4.883
908.000	4.880
909.000	4.877
910.000	4.877
911.000	4.874
912.000	4.871
913.000	4.868
914.000	4.864
915.000	4.861
916.000	4.858
917.000	4.855
918.000	4.852
919.000	4.850
920.000	4.847
921.000	4.847
922.000	4.844
923.000	4.841
924.000	4.838
925.000	4.835
926.000	4.832
927.000	4.829
928.000	4.826
929.000	4.823
930.000	4.820
931.000	4.817
932.000	4.814
933.000	4.814
934.000	4.811
935.000	4.808
936.000	4.805
937.000	4.802
938.000	4.799
939.000	4.796
940.000	4.793
941.000	4.790
942.000	4.787
943.000	4.784
944.000	4.784
945.000	4.781
946.000	4.778
947.000	4.775
948.000	4.772
949.000	4.769
950.000	4.766
951.000	4.764
952.000	4.761
953.000	4.758
954.000	4.755
955.000	4.755
956.000	4.752
957.000	4.749
958.000	4.747
959.000	4.744
960.000	4.741
961.000	4.739
962.000	4.736
963.000	4.734
964.000	4.731
965.000	4.728
966.000	4.728
967.000	4.726
968.000	4.723
969.000	4.721
970.000	4.718
971.000	4.716
972.000	4.713
973.000	4.711
974.000	4.708
975.000	4.706
976.000	4.703
977.000	4.690
978.000	4.687
979.000	4.685
980.000	4.682
981.000	4.680
982.000	4.677
983.000	4.675
984.000	4.673
985.000	4.670
986.000	4.668
987.000	4.665
988.000	4.665
989.000	4.663
990.000	4.661
991.000	4.659
992.000	4.656
993.000	4.654
994.000	4.652
995.000	4.650
996.000	4.647
997.000	4.645
998.000	4.643
999.000	4.643
1000.000	4.640
1001.000	4.638
1002.000	4.636
1003.000	4.633
1004.000	4.631
1005.000	4.628
1006.000	4.626
1007.000	4.624
1008.000	4.621
1009.000	4.619
1010.000	4.617
1011.000	4.617
1012.000	4.615
1013.000	4.612
1014.000	4.610
1015.000	4.608
1016.000	4.605
1017.000	4.603
1018.000	4.601
1019.000	4.599
1020.000	4.596
1021.000	4.594
1022.000	4.594
1023.000	4.592
1024.000	4.590
1025.000	4.588
1026.000	4.585
1027.000	4.583
1028.000	4.581
1029.000	4.579
1030.000	4.577
1031.000	4.575
1032.000	4.572
1033.000	4.572
1034.000	4.570
1035.000	4.568
1036.000	4.565
1037.000	4.563
1038.000	4.561
1039.000	4.559
1040.000	4.556
1041.000	4.554
1042.000	4.552
1043.000	4.550
1044.000	4.550
1045.000	4.547
1046.000	4.545
1047.000	4.543
1048.000	4.540
1049.000	4.538
1050.000	4.536
1051.000	4.534
1052.000	4.531
1053.000	4.529
1054.000	4.527
1055.000	4.527
1056.000	4.525
1057.000	4.522
1058.000	4.520
1059.000	4.518
1060.000	4.515
1061.000	4.513
1062.000	4.511
1063.000	4.508
1064.000	4.506
1065.000	4.504
1066.000	4.504
1067.000	4.502
1068.000	4.499
1069.000	4.497
1070.000	4.495
1071.000	4.493
1072.000	4.491
1073.000	4.489
1074.000	4.487
1075.000	4.484
1076.000	4.482
1077.000	4.480
1078.000	4.480
1079.000	4.478
1080.000	4.476
1081.000	4.473
1082.000	4.471
1083.000	4.469
1084.000	4.467
1085.000	4.464
1086.000	4.462
1087.000	4.460
1088.000	4.458
1089.000	4.458
1090.000	4.455
1091.000	4.453
1092.000	4.451
1093.000	4.449
1094.000	4.447
1095.000	4.445
1096.000	4.443
1097.000	4.440
1098.000	4.438
1099.000	4.436
1100.000	4.436
1101.000	4.434
1102.000	4.432
1103.000	4.430
1104.000	4.428
1105.000	4.426
1106.000	4.424
1107.000	4.421
1108.000	4.419
1109.000	4.417
1110.000	4.415
1111.000	4.414
1112.000	4.412
1113.000	4.410
1114.000	4.408
1115.000	4.406
1116.000	4.404
1117.000	4.402
1118.000	4.399
1119.000	4.397
1120.000	4.395
1121.000	4.393
1122.000	4.364
1123.000	4.362
1124.000	4.360
1125.000	4.358
1126.000	4.356
1127.000	4.354
1128.000	4.352
1129.000	4.350
1130.000	4.348
1131.000	4.346
1132.000	4.343
1133.000	4.343
1134.000	4.341
1135.000	4.339
1136.000	4.337
1137.000	4.335
1138.000	4.333
1139.000	4.331
1140.000	4.329
1141.000	4.327
1142.000	4.325
1143.000	4.323
1144.000	4.321
1145.000	4.321
1146.000	4.319
1147.000	4.317
1148.000	4.315
1149.000	4.314
1150.000	4.312
1151.000	4.310
1152.000	4.308
1153.000	4.306
1154.000	4.304
1155.000	4.302
1156.000	4.302
1157.000	4.301
1158.000	4.299
1159.000	4.297
1160.000	4.295
1161.000	4.294
1162.000	4.292
1163.000	4.290
1164.000	4.288
1165.000	4.287
1166.000	4.285
1167.000	4.285
1168.000	4.283
1169.000	4.281
1170.000	4.279
1171.000	4.277
1172.000	4.275
1173.000	4.274
1174.000	4.272
1175.000	4.270
1176.000	4.268
1177.000	4.266
1178.000	4.266
1179.000	4.265
1180.000	4.263
1181.000	4.261
1182.000	4.259
1183.000	4.257
1184.000	4.256
1185.000	4.254
1186.000	4.252
1187.000	4.250
1188.000	4.248
1189.000	4.248
1190.000	4.247
1191.000	4.245
1192.000	4.243
1193.000	4.241
1194.000	4.240
1195.000	4.238
1196.000	4.236
1197.000	4.234
1198.000	4.233
1199.000	4.231
1200.000	4.231
1201.000	4.229
1202.000	4.228
1203.000	4.226
1204.000	4.224
1205.000	4.223
1206.000	4.221
1207.000	4.220
1208.000	4.218
1209.000	4.216
1210.000	4.214
1211.000	4.214
1212.000	4.213
1213.000	4.211
1214.000	4.209
1215.000	4.207
1216.000	4.205
1217.000	4.204
1218.000	4.202
1219.000	4.200
1220.000	4.198
1221.000	4.197
1222.000	4.195
1223.000	4.195
1224.000	4.193
1225.000	4.191
1226.000	4.189
1227.000	4.187
1228.000	4.186
1229.000	4.184
1230.000	4.182
1231.000	4.180
1232.000	4.179
1233.000	4.177
1234.000	4.177
1235.000	4.175
1236.000	4.173
1237.000	4.172
1238.000	4.170
1239.000	4.168
1240.000	4.166
1241.000	4.164
1242.000	4.162
1243.000	4.161
1244.000	4.159
1245.000	4.152
1246.000	4.150
1247.000	4.148
1248.000	4.146
1249.000	4.145
1250.000	4.143
1251.000	4.141
1252.000	4.139
1253.000	4.137
1254.000	4.135
1255.000	4.134
1256.000	4.134
1257.000	4.132
1258.000	4.130
1259.000	4.128
1260.000	4.126
1261.000	4.124
1262.000	4.123
1263.000	4.121
1264.000	4.119
1265.000	4.117
1266.000	4.116
1267.000	4.116
1268.000	4.114
1269.000	4.112
1270.000	4.111
1271.000	4.109
1272.000	4.107
1273.000	4.106
1274.000	4.104
1275.000	4.102
1276.000	4.101
1277.000	4.099
1278.000	4.099
1279.000	4.097
1280.000	4.096
1281.000	4.094
1282.000	4.092
1283.000	4.090
1284.000	4.089
1285.000	4.087
1286.000	4.085
1287.000	4.084
1288.000	4.082
1289.000	4.081
1290.000	4.081
1291.000	4.079
1292.000	4.077
1293.000	4.076
1294.000	4.074
1295.000	4.073
1296.000	4.071
1297.000	4.070
1298.000	4.068
1299.000	4.066
1300.000	4.065
1301.000	4.065
1302.000	4.063
1303.000	4.062
1304.000	4.060
1305.000	4.059
1306.000	4.057
1307.000	4.055
1308.000	4.054
1309.000	4.052
1310.000	4.051
1311.000	4.049
1312.000	4.049
1313.000	4.047
1314.000	4.046
1315.000	4.044
1316.000	4.042
1317.000	4.041
1318.000	4.039
1319.000	4.037
1320.000	4.036
1321.000	4.034
1322.000	4.033
1323.000	4.033
1324.000	4.031
1325.000	4.030
1326.000	4.028
1327.000	4.027
1328.000	4.025
1329.000	4.024
1330.000	4.022
1331.000	4.021
1332.000	4.019
1333.000	4.017
1334.000	4.017
1335.000	4.016
1336.000	4.014
1337.000	4.013
1338.000	4.011
1339.000	4.010
1340.000	4.008
1341.000	4.007
1342.000	4.005
1343.000	4.004
1344.000	4.002
1345.000	4.002
1346.000	4.001
1347.000	3.999
1348.000	3.997
1349.000	3.996
1350.000	3.994
1351.000	3.993
1352.000	3.991
1353.000	3.989
1354.000	3.988
1355.000	3.987
1356.000	3.985
1357.000	3.985
1358.000	3.984
1359.000	3.982
1360.000	3.981
1361.000	3.980
1362.000	3.978
1363.000	3.977
1364.000	3.976
1365.000	3.974
1366.000	3.973
1367.000	3.971
1368.000	3.971
1369.000	3.970
1370.000	3.969
1371.000	3.967
1372.000	3.966
1373.000	3.965
1374.000	3.963
1375.000	3.962
1376.000	3.961
1377.000	3.959
1378.000	3.958
1379.000	3.958
1380.000	3.957
1381.000	3.955
1382.000	3.954
1383.000	3.953
1384.000	3.952
1385.000	3.950
1386.000	3.949
1387.000	3.948
1388.000	3.947
1389.000	3.946
1390.000	3.946
1391.000	3.944
1392.000	3.943
1393.000	3.942
1394.000	3.941
1395.000	3.940
1396.000	3.938
1397.000	3.937
1398.000	3.936
1399.000	3.935
1400.000	3.934
1401.000	3.934
1402.000	3.932
1403.000	3.931
1404.000	3.930
1405.000	3.929
1406.000	3.928
1407.000	3.926
1408.000	3.925
1409.000	3.924
1410.000	3.923
1411.000	3.921
1412.000	3.921
1413.000	3.920
1414.000	3.919
1415.000	3.918
1416.000	3.917
1417.000	3.915
1418.000	3.914
1419.000	3.913
1420.000	3.912
1421.000	3.910
1422.000	3.909
1423.000	3.909
1424.000	3.908
1425.000	3.907
1426.000	3.906
1427.000	3.904
1428.000	3.903
1429.000	3.902
1430.000	3.901
1431.000	3.900
1432.000	3.899
1433.000	3.898
1434.000	3.897
1435.000	3.897
1436.000	3.896
1437.000	3.895
1438.000	3.894
1439.000	3.893
1440.000	3.892
1441.000	3.891
1442.000	3.890
1443.000	3.888
1444.000	3.887
1445.000	3.886
1446.000	3.886
1447.000	3.885
1448.000	3.884
1449.000	3.883
1450.000	3.881
1451.000	3.880
1452.000	3.879
1453.000	3.878
1454.000	3.877
1455.000	3.875
1456.000	3.874
1457.000	3.874
1458.000	3.873
1459.000	3.872
1460.000	3.871
1461.000	3.869
1462.000	3.868
1463.000	3.867
1464.000	3.866
1465.000	3.865
1466.000	3.864
1467.000	3.862
1468.000	3.862
1469.000	3.861
1470.000	3.860
1471.000	3.859
1472.000	3.858
1473.000	3.856
1474.000	3.855
1475.000	3.854
1476.000	3.853
1477.000	3.852
1478.000	3.850
1479.000	3.850
1480.000	3.849
1481.000	3.848
1482.000	3.847
1483.000	3.846
1484.000	3.845
1485.000	3.844
1486.000	3.843
1487.000	3.842
1488.000	3.840
1489.000	3.839
1490.000	3.839
1491.000	3.838
1492.000	3.837
1493.000	3.836
1494.000	3.835
1495.000	3.834
1496.000	3.833
1497.000	3.832
1498.000	3.831
1499.000	3.830
1500.000	3.828
1501.000	3.827
1502.000	3.827
1503.000	3.826
1504.000	3.825
1505.000	3.824
1506.000	3.823
1507.000	3.822
1508.000	3.821
1509.000	3.820
1510.000	3.819
1511.000	3.818
1512.000	3.817
1513.000	3.817
1514.000	3.816
1515.000	3.815
1516.000	3.814
1517.000	3.813
1518.000	3.812
1519.000	3.811
1520.000	3.810
1521.000	3.809
1522.000	3.808
1523.000	3.807
1524.000	3.807
1525.000	3.806
1526.000	3.805
1527.000	3.804
1528.000	3.803
1529.000	3.803
1530.000	3.802
1531.000	3.801
1532.000	3.800
1533.000	3.799
1534.000	3.798
1535.000	3.798
1536.000	3.797
1537.000	3.796
1538.000	3.795
1539.000	3.794
1540.000	3.793
1541.000	3.792
1542.000	3.791
1543.000	3.790
1544.000	3.789
1545.000	3.788
1546.000	3.788
1547.000	3.787
1548.000	3.786
1549.000	3.785
1550.000	3.784
1551.000	3.783
1552.000	3.782
1553.000	3.781
1554.000	3.780
1555.000	3.779
1556.000	3.778
1557.000	3.778
1558.000	3.777
1559.000	3.776
1560.000	3.774
1561.000	3.773
1562.000	3.772
1563.000	3.771
1564.000	3.770
1565.000	3.769
1566.000	3.768
1567.000	3.768
1568.000	3.767
1569.000	3.767
1570.000	3.766
1571.000	3.765
1572.000	3.764
1573.000	3.763
1574.000	3.762
1575.000	3.761
1576.000	3.760
1577.000	3.759
1578.000	3.758
1579.000	3.757
1580.000	3.757
1581.000	3.756
1582.000	3.755
1583.000	3.754
1584.000	3.754
1585.000	3.753
1586.000	3.752
1587.000	3.751
1588.000	3.750
1589.000	3.749
1590.000	3.748
1591.000	3.735
1592.000	3.735
1593.000	3.734
1594.000	3.733
1595.000	3.732
1596.000	3.731
1597.000	3.730
1598.000	3.729
1599.000	3.728
1600.000	3.728
1601.000	3.727
1602.000	3.727
1603.000	3.726
1604.000	3.725
1605.000	3.724
1606.000	3.724
1607.000	3.723
1608.000	3.722
1609.000	3.721
1610.000	3.720
1611.000	3.719
1612.000	3.718
1613.000	3.718
1614.000	3.718
1615.000	3.717
1616.000	3.716
1617.000	3.715
1618.000	3.714
1619.000	3.713
1620.000	3.713
1621.000	3.712
1622.000	3.711
1623.000	3.711
1624.000	3.711
1625.000	3.710
1626.000	3.709
1627.000	3.708
1628.000	3.708
1629.000	3.707
1630.000	3.706
1631.000	3.705
1632.000	3.705
1633.000	3.704
1634.000	3.703
1635.000	3.703
1636.000	3.703
1637.000	3.702
1638.000	3.701
1639.000	3.700
1640.000	3.700
1641.000	3.699
1642.000	3.698
1643.000	3.697
1644.000	3.697
1645.000	3.696
1646.000	3.695
1647.000	3.695
1648.000	3.695
1649.000	3.694
1650.000	3.693
1651.000	3.693
1652.000	3.692
1653.000	3.691
1654.000	3.690
1655.000	3.690
1656.000	3.689
1657.000	3.688
1658.000	3.681
1659.000	3.680
1660.000	3.680
1661.000	3.679
1662.000	3.678
1663.000	3.678
1664.000	3.677
1665.000	3.676
1666.000	3.676
1667.000	3.675
1668.000	3.674
1669.000	3.674
1670.000	3.673
1671.000	3.673
1672.000	3.672
1673.000	3.671
1674.000	3.671
1675.000	3.670
1676.000	3.669
1677.000	3.669
1678.000	3.668
1679.000	3.667
1680.000	3.667
1681.000	3.667
1682.000	3.666
1683.000	3.665
1684.000	3.665
1685.000	3.664
1686.000	3.663
1687.000	3.663
1688.000	3.662
1689.000	3.661
1690.000	3.660
1691.000	3.660
1692.000	3.660
1693.000	3.659
1694.000	3.658
1695.000	3.658
1696.000	3.657
1697.000	3.656
1698.000	3.656
1699.000	3.655
1700.000	3.654
1701.000	3.654
1702.000	3.654
1703.000	3.653
1704.000	3.652
1705.000	3.652
1706.000	3.651
1707.000	3.650
1708.000	3.649
1709.000	3.649
1710.000	3.648
1711.000	3.647
1712.000	3.647
1713.000	3.646
1714.000	3.646
1715.000	3.645
1716.000	3.645
1717.000	3.644
1718.000	3.643
1719.000	3.642
1720.000	3.642
1721.000	3.641
1722.000	3.641
1723.000	3.640
1724.000	3.639
1725.000	3.634
1726.000	3.634
1727.000	3.633
1728.000	3.632
1729.000	3.632
1730.000	3.631
1731.000	3.630
1732.000	3.630
1733.000	3.629
1734.000	3.628
1735.000	3.628
1736.000	3.628
1737.000	3.627
1738.000	3.626
1739.000	3.626
1740.000	3.625
1741.000	3.624
1742.000	3.624
1743.000	3.623
1744.000	3.622
1745.000	3.622
1746.000	3.621
1747.000	3.621
1748.000	3.620
1749.000	3.619
1750.000	3.619
1751.000	3.618
1752.000	3.617
1753.000	3.617
1754.000	3.616
1755.000	3.615
1756.000	3.615
1757.000	3.614
1758.000	3.614
1759.000	3.613
1760.000	3.613
1761.000	3.612
1762.000	3.611
1763.000	3.611
1764.000	3.610
1765.000	3.609
1766.000	3.609
1767.000	3.608
1768.000	3.607
1769.000	3.606
1770.000	3.606
1771.000	3.605
1772.000	3.604
1773.000	3.604
1774.000	3.603
1775.000	3.602
1776.000	3.602
1777.000	3.601
1778.000	3.601
1779.000	3.600
1780.000	3.599
1781.000	3.599
1782.000	3.599
1783.000	3.598
1784.000	3.597
1785.000	3.597
1786.000	3.596
1787.000	3.595
1788.000	3.595
1789.000	3.594
1790.000	3.594
1791.000	3.593
1792.000	3.593
1793.000	3.592
1794.000	3.592
1795.000	3.591
1796.000	3.591
1797.000	3.590
1798.000	3.589
1799.000	3.589
1800.000	3.588
1801.000	3.588
1802.000	3.587
1803.000	3.587
1804.000	3.586
1805.000	3.586
1806.000	3.585
1807.000	3.584
1808.000	3.584
1809.000	3.583
1810.000	3.583
1811.000	3.582
1812.000	3.582
1813.000	3.581
1814.000	3.581
1815.000	3.580
1816.000	3.580
1817.000	3.579
1818.000	3.579
1819.000	3.578
1820.000	3.578
1821.000	3.577
1822.000	3.577
1823.000	3.576
1824.000	3.576
1825.000	3.576
1826.000	3.575
1827.000	3.574
1828.000	3.574
1829.000	3.573
1830.000	3.573
1831.000	3.572
1832.000	3.572
1833.000	3.571
1834.000	3.571
1835.000	3.570
1836.000	3.570
1837.000	3.570
1838.000	3.569
1839.000	3.569
1840.000	3.568
1841.000	3.568
1842.000	3.567
1843.000	3.567
1844.000	3.566
1845.000	3.566
1846.000	3.565
1847.000	3.565
1848.000	3.565
1849.000	3.564
1850.000	3.564
1851.000	3.563
1852.000	3.563
1853.000	3.562
1854.000	3.562
1855.000	3.562
1856.000	3.561
1857.000	3.561
1858.000	3.560
1859.000	3.560
1860.000	3.560
1861.000	3.559
1862.000	3.559
1863.000	3.559
1864.000	3.558
1865.000	3.558
1866.000	3.557
1867.000	3.557
1868.000	3.556
1869.000	3.556
1870.000	3.534
1871.000	3.534
1872.000	3.533
1873.000	3.533
1874.000	3.533
1875.000	3.532
1876.000	3.532
1877.000	3.532
1878.000	3.532
1879.000	3.531
1880.000	3.531
1881.000	3.531
1882.000	3.531
1883.000	3.530
1884.000	3.530
1885.000	3.530
1886.000	3.529
1887.000	3.529
1888.000	3.529
1889.000	3.528
1890.000	3.528
1891.000	3.528
1892.000	3.528
1893.000	3.528
1894.000	3.527
1895.000	3.527
1896.000	3.527
1897.000	3.526
1898.000	3.526
1899.000	3.526
1900.000	3.526
1901.000	3.525
1902.000	3.525
1903.000	3.525
1904.000	3.525
1905.000	3.525
1906.000	3.524
1907.000	3.524
1908.000	3.524
1909.000	3.523
1910.000	3.523
1911.000	3.523
1912.000	3.523
1913.000	3.522
1914.000	3.522
1915.000	3.522
1916.000	3.522
1917.000	3.522
1918.000	3.521
1919.000	3.521
1920.000	3.521
1921.000	3.521
1922.000	3.520
1923.000	3.520
1924.000	3.520
1925.000	3.520
1926.000	3.520
1927.000	3.519
1928.000	3.519
1929.000	3.519
1930.000	3.519
1931.000	3.518
1932.000	3.518
1933.000	3.518
1934.000	3.517
1935.000	3.517
1936.000	3.517
1937.000	3.517
1938.000	3.517
1939.000	3.516
1940.000	3.516
1941.000	3.516
1942.000	3.515
1943.000	3.515
1944.000	3.515
1945.000	3.514
1946.000	3.514
1947.000	3.514
1948.000	3.514
1949.000	3.514
1950.000	3.513
1951.000	3.513
1952.000	3.513
1953.000	3.512
1954.000	3.512
1955.000	3.512
1956.000	3.511
1957.000	3.511
1958.000	3.511
1959.000	3.511
1960.000	3.511
1961.000	3.510
1962.000	3.510
1963.000	3.510
1964.000	3.510
1965.000	3.509
1966.000	3.509
1967.000	3.509
1968.000	3.508
1969.000	3.508
1970.000	3.508
1971.000	3.508
1972.000	3.508
1973.000	3.507
1974.000	3.507
1975.000	3.507
1976.000	3.506
1977.000	3.506
1978.000	3.506
1979.000	3.506
1980.000	3.505
1981.000	3.505
1982.000	3.505
1983.000	3.505
1984.000	3.505
1985.000	3.504
1986.000	3.504
1987.000	3.504
1988.000	3.503
1989.000	3.503
1990.000	3.503
1991.000	3.502
1992.000	3.502
1993.000	3.502
1994.000	3.501
1995.000	3.501
1996.000	3.501
1997.000	3.500
1998.000	3.500
1999.000	3.499
2000.000	3.499
2001.000	3.499
2002.000	3.498
2003.000	3.498
2004.000	3.498
2005.000	3.497
2006.000	3.497
2007.000	3.496
2008.000	3.496
2009.000	3.495
2010.000	3.495
2011.000	3.494
2012.000	3.494
2013.000	3.493
2014.000	3.493
2015.000	3.493
2016.000	3.492
2017.000	3.492
2018.000	3.491
2019.000	3.491
2020.000	3.490
2021.000	3.490
2022.000	3.489
2023.000	3.489
2024.000	3.488
2025.000	3.488
2026.000	3.488
2027.000	3.487
2028.000	3.487
2029.000	3.486
2030.000	3.486
2031.000	3.485
2032.000	3.485
2033.000	3.484
2034.000	3.484
2035.000	3.483
2036.000	3.483
2037.000	3.483
2038.000	3.482
2039.000	3.482
2040.000	3.481
2041.000	3.481
2042.000	3.480
2043.000	3.480
2044.000	3.479
2045.000	3.479
2046.000	3.478
2047.000	3.478
2048.000	3.478
2049.000	3.477
2050.000	3.477
2051.000	3.476
2052.000	3.476
2053.000	3.475
2054.000	3.475
2055.000	3.474
2056.000	3.474
2057.000	3.473
2058.000	3.473
2059.000	3.472
2060.000	3.472
2061.000	3.472
2062.000	3.471
2063.000	3.471
2064.000	3.470
2065.000	3.470
2066.000	3.469
2067.000	3.469
2068.000	3.468
2069.000	3.468
2070.000	3.467
2071.000	3.467
2072.000	3.467
2073.000	3.467
2074.000	3.466
2075.000	3.466
2076.000	3.465
2077.000	3.465
2078.000	3.464
2079.000	3.464
2080.000	3.464
2081.000	3.463
2082.000	3.463
2083.000	3.463
2084.000	3.462
2085.000	3.462
2086.000	3.461
2087.000	3.461
2088.000	3.461
2089.000	3.460
2090.000	3.460
2091.000	3.459
2092.000	3.459
2093.000	3.459
2094.000	3.458
2095.000	3.458
2096.000	3.458
2097.000	3.457
2098.000	3.457
2099.000	3.456
2100.000	3.456
2101.000	3.456
2102.000	3.455
2103.000	3.455
2104.000	3.455
2105.000	3.454
2106.000	3.454
2107.000	3.453
2108.000	3.453
2109.000	3.453
2110.000	3.452
2111.000	3.452
2112.000	3.451
2113.000	3.451
2114.000	3.450
2115.000	3.450
2116.000	3.450
2117.000	3.450
2118.000	3.449
2119.000	3.449
2120.000	3.449
2121.000	3.448
2122.000	3.448
2123.000	3.447
2124.000	3.447
2125.000	3.447
2126.000	3.447
2127.000	3.446
2128.000	3.446
2129.000	3.446
2130.000	3.445
2131.000	3.445
2132.000	3.444
2133.000	3.444
2134.000	3.444
2135.000	3.443
2136.000	3.443
2137.000	3.442
2138.000	3.442
2139.000	3.442
2140.000	3.442
2141.000	3.441
2142.000	3.441
2143.000	3.441
2144.000	3.440
2145.000	3.440
2146.000	3.440
2147.000	3.439
2148.000	3.439
2149.000	3.439
2150.000	3.439
2151.000	3.438
2152.000	3.438
2153.000	3.438
2154.000	3.438
2155.000	3.437
2156.000	3.437
2157.000	3.437
2158.000	3.436
2159.000	3.436
2160.000	3.436
2161.000	3.436
2162.000	3.435
2163.000	3.435
2164.000	3.435
2165.000	3.434
2166.000	3.434
2167.000	3.434
2168.000	3.433
2169.000	3.433
2170.000	3.433
2171.000	3.433
2172.000	3.433
2173.000	3.432
2174.000	3.432
2175.000	3.432
2176.000	3.431
2177.000	3.431
2178.000	3.431
2179.000	3.430
2180.000	3.430
2181.000	3.430
2182.000	3.368
2183.000	3.367
2184.000	3.367
2185.000	3.367
2186.000	3.366
2187.000	3.366
2188.000	3.366
2189.000	3.365
2190.000	3.365
2191.000	3.365
2192.000	3.365
2193.000	3.365
2194.000	3.364
2195.000	3.364
2196.000	3.364
2197.000	3.363
2198.000	3.363
2199.000	3.363
2200.000	3.362
2201.000	3.362
2202.000	3.362
2203.000	3.361
2204.000	3.361
2205.000	3.361
2206.000	3.361
2207.000	3.361
2208.000	3.360
2209.000	3.360
2210.000	3.360
2211.000	3.359
2212.000	3.359
2213.000	3.359
2214.000	3.358
2215.000	3.358
2216.000	3.358
2217.000	3.358
2218.000	3.357
2219.000	3.357
2220.000	3.357
2221.000	3.357
2222.000	3.356
2223.000	3.356
2224.000	3.356
2225.000	3.355
2226.000	3.355
2227.000	3.355
2228.000	3.355
2229.000	3.354
2230.000	3.354
2231.000	3.354
2232.000	3.353
2233.000	3.353
2234.000	3.353
2235.000	3.353
2236.000	3.352
2237.000	3.352
2238.000	3.352
2239.000	3.352
2240.000	3.351
2241.000	3.351
2242.000	3.351
2243.000	3.350
2244.000	3.350
2245.000	3.350
2246.000	3.350
2247.000	3.349
2248.000	3.349
2249.000	3.349
2250.000	3.349
2251.000	3.348
2252.000	3.348
2253.000	3.348
2254.000	3.347
2255.000	3.347
2256.000	3.347
2257.000	3.346
2258.000	3.346
2259.000	3.346
2260.000	3.346
2261.000	3.345
2262.000	3.345
2263.000	3.345
2264.000	3.344
2265.000	3.344
2266.000	3.344
2267.000	3.343
2268.000	3.343
2269.000	3.343
2270.000	3.342
2271.000	3.342
2272.000	3.342
2273.000	3.342
2274.000	3.341
2275.000	3.341
2276.000	3.341
2277.000	3.340
2278.000	3.340
2279.000	3.340
2280.000	3.339
2281.000	3.339
2282.000	3.339
2283.000	3.339
2284.000	3.338
2285.000	3.338
2286.000	3.338
2287.000	3.337
2288.000	3.337
2289.000	3.337
2290.000	3.336
2291.000	3.336
2292.000	3.336
2293.000	3.335
2294.000	3.335
2295.000	3.335
2296.000	3.335
2297.000	3.334
2298.000	3.334
2299.000	3.334
2300.000	3.333
2301.000	3.333
2302.000	3.332
2303.000	3.332
2304.000	3.332
2305.000	3.332
2306.000	3.331
2307.000	3.331
2308.000	3.331
2309.000	3.330
2310.000	3.330
2311.000	3.330
2312.000	3.329
2313.000	3.329
2314.000	3.329
2315.000	3.328
2316.000	3.328
2317.000	3.328
2318.000	3.328
2319.000	3.327
2320.000	3.327
2321.000	3.327
2322.000	3.326
2323.000	3.326
2324.000	3.326
2325.000	3.325
2326.000	3.325
2327.000	3.325
2328.000	3.325
2329.000	3.324
2330.000	3.324
2331.000	3.324
2332.000	3.323
2333.000	3.323
2334.000	3.323
2335.000	3.322
2336.000	3.322
2337.000	3.322
2338.000	3.321
2339.000	3.321
2340.000	3.321
2341.000	3.321
2342.000	3.320
2343.000	3.320
2344.000	3.320
2345.000	3.320
2346.000	3.319
2347.000	3.319
2348.000	3.319
2349.000	3.319
2350.000	3.319
2351.000	3.318
2352.000	3.318
2353.000	3.318
2354.000	3.318
2355.000	3.317
2356.000	3.317
2357.000	3.317
2358.000	3.316
2359.000	3.316
2360.000	3.316
2361.000	3.316
2362.000	3.316
2363.000	3.315
2364.000	3.315
2365.000	3.315
2366.000	3.315
2367.000	3.314
2368.000	3.314
2369.000	3.314
2370.000	3.314
2371.000	3.313
2372.000	3.313
2373.000	3.313
2374.000	3.313
2375.000	3.313
2376.000	3.312
2377.000	3.312
2378.000	3.312
2379.000	3.311
2380.000	3.311
2381.000	3.311
2382.000	3.311
2383.000	3.311
2384.000	3.310
2385.000	3.310
2386.000	3.310
2387.000	3.310
2388.000	3.309
2389.000	3.309
2390.000	3.309
2391.000	3.309
2392.000	3.308
2393.000	3.308
2394.000	3.308
2395.000	3.308
2396.000	3.308
2397.000	3.307
2398.000	3.307
2399.000	3.307
2400.000	3.306
2401.000	3.306
2402.000	3.306
2403.000	3.306
2404.000	3.305
2405.000	3.305
2406.000	3.305
2407.000	3.305
2408.000	3.305
2409.000	3.304
2410.000	3.304
2411.000	3.304
2412.000	3.304
2413.000	3.303
2414.000	3.303
2415.000	3.303
2416.000	3.303
2417.000	3.303
2418.000	3.303
2419.000	3.303
2420.000	3.303
2421.000	3.303
2422.000	3.302
2423.000	3.302
2424.000	3.302
2425.000	3.302
2426.000	3.302
2427.000	3.302
2428.000	3.302
2429.000	3.302
2430.000	3.302
2431.000	3.302
2432.000	3.302
2433.000	3.302
2434.000	3.302
2435.000	3.301
2436.000	3.301
2437.000	3.301
2438.000	3.301
2439.000	3.301
2440.000	3.301
2441.000	3.301
2442.000	3.301
2443.000	3.301
2444.000	3.301
2445.000	3.301
2446.000	3.301
2447.000	3.301
2448.000	3.301
2449.000	3.301
2450.000	3.301
2451.000	3.301
2452.000	3.301
2453.000	3.301
2454.000	3.301
2455.000	3.301
2456.000	3.301
2457.000	3.301
2458.000	3.301
2459.000	3.301
2460.000	3.301
2461.000	3.301
2462.000	3.301
2463.000	3.300
2464.000	3.300
2465.000	3.300
2466.000	3.300
2467.000	3.300
2468.000	3.300
2469.000	3.300
2470.000	3.300
2471.000	3.300
2472.000	3.300
2473.000	3.300
2474.000	3.300
2475.000	3.300
2476.000	3.300
2477.000	3.300
2478.000	3.300
2479.000	3.300
2480.000	3.300
2481.000	3.300
2482.000	3.300
2483.000	3.300
2484.000	3.300
2485.000	3.300
2486.000	3.300
2487.000	3.300
2488.000	3.300
2489.000	3.300
2490.000	3.300
2491.000	3.299
2492.000	3.299
2493.000	3.299
2494.000	3.299
2495.000	3.299
2496.000	3.299
2497.000	3.299
2498.000	3.299
2499.000	3.299
2500.000	3.299
2501.000	3.299
2502.000	3.299
2503.000	3.299
2504.000	3.299
2505.000	3.299
2506.000	3.299
2507.000	3.299
2508.000	3.299
2509.000	3.299
2510.000	3.299
2511.000	3.299
2512.000	3.299
2513.000	3.299
2514.000	3.299
2515.000	3.299
2516.000	3.298
2517.000	3.298
2518.000	3.298
2519.000	3.298
2520.000	3.298
2521.000	3.298
2522.000	3.297
2523.000	3.297
2524.000	3.297
2525.000	3.297
2526.000	3.296
2527.000	3.296
2528.000	3.296
2529.000	3.296
2530.000	3.295
2531.000	3.294
2532.000	3.293
2533.000	3.292
2534.000	3.292
2535.000	3.291
2536.000	3.290
2537.000	3.289
2538.000	3.288
2539.000	3.288
2540.000	3.287
2541.000	3.287
2542.000	3.286
2543.000	3.285
2544.000	3.284
2545.000	3.283
2546.000	3.283
2547.000	3.282
2548.000	3.281
2549.000	3.280
2550.000	3.279
2551.000	3.279
2552.000	3.278
2553.000	3.278
2554.000	3.277
2555.000	3.276
2556.000	3.275
2557.000	3.274
2558.000	3.274
2559.000	3.273
2560.000	3.272
2561.000	3.271
2562.000	3.271
2563.000	3.270
2564.000	3.270
2565.000	3.269
2566.000	3.268
2567.000	3.267
2568.000	3.266
2569.000	3.265
2570.000	3.265
2571.000	3.264
2572.000	3.263
2573.000	3.263
2574.000	3.262
2575.000	3.261
2576.000	3.261
2577.000	3.260
2578.000	3.259
2579.000	3.258
2580.000	3.257
2581.000	3.257
2582.000	3.256
2583.000	3.255
2584.000	3.255
2585.000	3.254
2586.000	3.253
2587.000	3.253
2588.000	3.252
2589.000	3.251
2590.000	3.250
2591.000	3.249
2592.000	3.249
2593.000	3.248
2594.000	3.247
2595.000	3.247
2596.000	3.246
2597.000	3.245
2598.000	3.245
2599.000	3.244
2600.000	3.243
2601.000	3.242
2602.000	3.241
2603.000	3.241
2604.000	3.240
2605.000	3.239
2606.000	3.239
2607.000	3.238
2608.000	3.237
2609.000	3.237
2610.000	3.236
2611.000	3.235
2612.000	3.234
2613.000	3.233
2614.000	3.233
2615.000	3.232
2616.000	3.231
2617.000	3.231
2618.000	3.230
2619.000	3.229
2620.000	3.229
2621.000	3.228
2622.000	3.227
2623.000	3.226
2624.000	3.225
2625.000	3.225
2626.000	3.224
2627.000	3.223
2628.000	3.222
2629.000	3.222
2630.000	3.221
2631.000	3.221
2632.000	3.220
2633.000	3.219
2634.000	3.218
2635.000	3.217
2636.000	3.217
2637.000	3.216
2638.000	3.215
2639.000	3.214
2640.000	3.214
2641.000	3.213
2642.000	3.213
2643.000	3.212
2644.000	3.211
2645.000	3.210
2646.000	3.210
2647.000	3.209
2648.000	3.208
2649.000	3.207
2650.000	3.206
2651.000	3.206
2652.000	3.206
2653.000	3.205
2654.000	3.204
2655.000	3.203
2656.000	3.202
2657.000	3.202
2658.000	3.201
2659.000	3.200
2660.000	3.199
2661.000	3.199
2662.000	3.199
2663.000	3.198
2664.000	3.197
2665.000	3.196
2666.000	3.195
2667.000	3.195
2668.000	3.194
2669.000	3.193
2670.000	3.192
2671.000	3.192
2672.000	3.191
2673.000	3.191
2674.000	3.190
2675.000	3.189
2676.000	3.188
2677.000	3.188
2678.000	3.187
2679.000	3.186
2680.000	3.185
2681.000	3.184
2682.000	3.184
2683.000	3.183
2684.000	3.183
2685.000	3.182
2686.000	3.181
2687.000	3.181
2688.000	3.180
2689.000	3.179
2690.000	3.178
2691.000	3.178
2692.000	3.177
2693.000	3.176
2694.000	3.175
2695.000	3.174
2696.000	3.174
2697.000	3.174
2698.000	3.173
2699.000	3.172
2700.000	3.171
2701.000	3.171
2702.000	3.170
2703.000	3.169
2704.000	3.168
2705.000	3.167
2706.000	3.167
2707.000	3.167
2708.000	3.166
2709.000	3.165
2710.000	3.164
2711.000	3.164
2712.000	3.163
2713.000	3.162
2714.000	3.161
2715.000	3.161
2716.000	3.160
2717.000	3.159
2718.000	3.159
2719.000	3.158
2720.000	3.157
2721.000	3.157
2722.000	3.156
2723.000	3.155
2724.000	3.154
2725.000	3.154
2726.000	3.153
2727.000	3.152
2728.000	3.151
2729.000	3.151
2730.000	3.151
2731.000	3.150
2732.000	3.149
2733.000	3.148
2734.000	3.148
2735.000	3.147
2736.000	3.146
2737.000	3.145
2738.000	3.145
2739.000	3.144
2740.000	3.144
2741.000	3.143
2742.000	3.142
2743.000	3.142
2744.000	3.141
2745.000	3.140
2746.000	3.140
2747.000	3.139
2748.000	3.138
2749.000	3.137
2750.000	3.137
2751.000	3.137
2752.000	3.136
2753.000	3.135
2754.000	3.134
2755.000	3.134
2756.000	3.133
2757.000	3.132
2758.000	3.132
2759.000	3.131
2760.000	3.130
2761.000	3.129
2762.000	3.129
2763.000	3.129
2764.000	3.128
2765.000	3.127
2766.000	3.126
2767.000	3.126
2768.000	3.125
2769.000	3.124
2770.000	3.124
2771.000	3.123
2772.000	3.122
2773.000	3.121
2774.000	3.121
2775.000	3.121
2776.000	3.120
2777.000	3.119
2778.000	3.119
2779.000	3.118
2780.000	3.117
2781.000	3.116
2782.000	3.116
2783.000	3.115
2784.000	3.114
2785.000	3.114
2786.000	3.114
2787.000	3.113
2788.000	3.112
2789.000	3.111
2790.000	3.111
2791.000	3.110
2792.000	3.109
2793.000	3.109
2794.000	3.108
2795.000	3.107
2796.000	3.107
2797.000	3.106
2798.000	3.106
2799.000	3.105
2800.000	3.104
2801.000	3.104
2802.000	3.103
2803.000	3.102
2804.000	3.101
2805.000	3.101
2806.000	3.100
2807.000	3.100
2808.000	3.099
2809.000	3.099
2810.000	3.098
2811.000	3.097
2812.000	3.096
2813.000	3.096
2814.000	3.095
2815.000	3.094
2816.000	3.094
2817.000	3.093
2818.000	3.093
2819.000	3.092
2820.000	3.091
2821.000	3.091
2822.000	3.090
2823.000	3.089
2824.000	3.089
2825.000	3.088
2826.000	3.087
2827.000	3.087
2828.000	3.086
2829.000	3.086
2830.000	3.085
2831.000	3.084
2832.000	3.084
2833.000	3.083
2834.000	3.082
2835.000	3.082
2836.000	3.081
2837.000	3.080
2838.000	3.079
2839.000	3.079
2840.000	3.078
2841.000	3.078
2842.000	3.077
2843.000	3.076
2844.000	3.075
2845.000	3.074
2846.000	3.073
2847.000	3.072
2848.000	3.071
2849.000	3.070
2850.000	3.068
2851.000	3.067
2852.000	3.067
2853.000	3.066
2854.000	3.065
2855.000	3.064
2856.000	3.063
2857.000	3.062
2858.000	3.061
2859.000	3.060
2860.000	3.059
2861.000	3.058
2862.000	3.057
2863.000	3.057
2864.000	3.056
2865.000	3.055
2866.000	3.054
2867.000	3.052
2868.000	3.051
2869.000	3.050
2870.000	3.049
2871.000	3.048
2872.000	3.047
2873.000	3.046
2874.000	3.046
2875.000	3.045
2876.000	3.044
2877.000	3.043
2878.000	3.042
2879.000	3.041
2880.000	3.040
2881.000	3.039
2882.000	3.038
2883.000	3.037
2884.000	3.035
2885.000	3.035
2886.000	3.034
2887.000	3.033
2888.000	3.032
2889.000	3.031
2890.000	3.030
2891.000	3.029
2892.000	3.028
2893.000	3.027
2894.000	3.026
2895.000	3.025
2896.000	3.025
2897.000	3.024
2898.000	3.023
2899.000	3.022
2900.000	3.021
2901.000	3.020
2902.000	3.019
2903.000	3.017
2904.000	3.016
2905.000	3.015
2906.000	3.014
2907.000	3.013
2908.000	3.013
2909.000	3.012
2910.000	3.011
2911.000	3.010
2912.000	3.009
2913.000	3.008
2914.000	3.007
2915.000	3.006
2916.000	3.004
2917.000	3.003
2918.000	3.002
2919.000	3.002
2920.000	3.001
2921.000	3.000
2922.000	2.999
2923.000	2.998
2924.000	2.997
2925.000	2.996
2926.000	2.995
2927.000	2.994
2928.000	2.993
2929.000	2.991
2930.000	2.991
2931.000	2.990
2932.000	2.989
2933.000	2.988
2934.000	2.987
2935.000	2.986
2936.000	2.984
2937.000	2.983
2938.000	2.982
2939.000	2.981
2940.000	2.979
2941.000	2.979
2942.000	2.978
2943.000	2.977
2944.000	2.976
2945.000	2.974
2946.000	2.973
2947.000	2.972
2948.000	2.971
2949.000	2.969
2950.000	2.968
2951.000	2.967
2952.000	2.967
2953.000	2.966
2954.000	2.964
2955.000	2.963
2956.000	2.962
2957.000	2.961
2958.000	2.959
2959.000	2.958
2960.000	2.957
2961.000	2.956
2962.000	2.955
2963.000	2.955
2964.000	2.953
2965.000	2.952
2966.000	2.951
2967.000	2.950
2968.000	2.948
2969.000	2.947
2970.000	2.946
2971.000	2.945
2972.000	2.943
2973.000	2.942
2974.000	2.941
2975.000	2.941
2976.000	2.940
2977.000	2.939
2978.000	2.937
2979.000	2.936
2980.000	2.935
2981.000	2.934
2982.000	2.932
2983.000	2.931
2984.000	2.930
2985.000	2.929
2986.000	2.929
2987.000	2.927
2988.000	2.926
2989.000	2.925
2990.000	2.924
2991.000	2.923
2992.000	2.921
2993.000	2.920
2994.000	2.919
2995.000	2.918
2996.000	2.916
2997.000	2.916
2998.000	2.915
2999.000	2.914
3000.000	2.913
3001.000	2.912
3002.000	2.910
3003.000	2.909
3004.000	2.908
3005.000	2.907
3006.000	2.905
3007.000	2.904
3008.000	2.904
3009.000	2.903
3010.000	2.902
3011.000	2.901
3012.000	2.899
3013.000	2.898
3014.000	2.897
3015.000	2.896
3016.000	2.895
3017.000	2.893
3018.000	2.892
3019.000	2.892
3020.000	2.891
3021.000	2.890
3022.000	2.888
3023.000	2.887
3024.000	2.886
3025.000	2.885
3026.000	2.884
3027.000	2.882
3028.000	2.881
3029.000	2.880
3030.000	2.880
3031.000	2.879
3032.000	2.878
3033.000	2.876
3034.000	2.875
3035.000	2.874
3036.000	2.873
3037.000	2.872
3038.000	2.870
3039.000	2.869
3040.000	2.868
3041.000	2.867
3042.000	2.867
3043.000	2.866
3044.000	2.864
3045.000	2.863
3046.000	2.862
3047.000	2.861
3048.000	2.860
3049.000	2.859
3050.000	2.858
3051.000	2.857
3052.000	2.856
3053.000	2.856
3054.000	2.855
3055.000	2.854
3056.000	2.853
3057.000	2.852
3058.000	2.851
3059.000	2.850
3060.000	2.849
3061.000	2.849
3062.000	2.848
3063.000	2.848
3064.000	2.848
3065.000	2.847
3066.000	2.847
3067.000	2.846
3068.000	2.846
3069.000	2.845
3070.000	2.845
3071.000	2.844
3072.000	2.843
3073.000	2.843
3074.000	2.842
3075.000	2.842
3076.000	2.842
3077.000	2.841
3078.000	2.841
3079.000	2.840
3080.000	2.840
3081.000	2.839
3082.000	2.838
3083.000	2.838
3084.000	2.837
3085.000	2.837
3086.000	2.837
3087.000	2.836
3088.000	2.836
3089.000	2.835
3090.000	2.834
3091.000	2.834
3092.000	2.833
3093.000	2.833
3094.000	2.832
3095.000	2.832
3096.000	2.831
3097.000	2.831
3098.000	2.830
3099.000	2.830
3100.000	2.829
3101.000	2.829
3102.000	2.828
3103.000	2.828
3104.000	2.827
3105.000	2.827
3106.000	2.826
3107.000	2.825
3108.000	2.825
3109.000	2.825
3110.000	2.824
3111.000	2.824
3112.000	2.823
3113.000	2.823
3114.000	2.822
3115.000	2.821
3116.000	2.821
3117.000	2.820
3118.000	2.820
3119.000	2.819
3120.000	2.819
3121.000	2.819
3122.000	2.818
3123.000	2.817
3124.000	2.817
3125.000	2.816
3126.000	2.816
3127.000	2.815
3128.000	2.815
3129.000	2.814
3130.000	2.814
3131.000	2.814
3132.000	2.813
3133.000	2.812
3134.000	2.812
3135.000	2.811
3136.000	2.811
3137.000	2.810
3138.000	2.810
3139.000	2.809
3140.000	2.808
3141.000	2.808
3142.000	2.808
3143.000	2.807
3144.000	2.807
3145.000	2.806
3146.000	2.806
3147.000	2.805
3148.000	2.805
3149.000	2.804
3150.000	2.803
3151.000	2.803
3152.000	2.802
3153.000	2.802
3154.000	2.802
3155.000	2.801
3156.000	2.801
3157.000	2.800
3158.000	2.800
3159.000	2.799
3160.000	2.798
3161.000	2.798
3162.000	2.797
3163.000	2.797
3164.000	2.797
3165.000	2.796
3166.000	2.796
3167.000	2.795
3168.000	2.795
3169.000	2.794
3170.000	2.793
3171.000	2.793
3172.000	2.792
3173.000	2.792
3174.000	2.791
3175.000	2.791
3176.000	2.791
3177.000	2.790
3178.000	2.790
3179.000	2.789
3180.000	2.788
3181.000	2.788
3182.000	2.787
3183.000	2.787
3184.000	2.786
3185.000	2.786
3186.000	2.785
3187.000	2.785
3188.000	2.785
3189.000	2.784
3190.000	2.783
3191.000	2.783
3192.000	2.782
3193.000	2.782
3194.000	2.781
3195.000	2.781
3196.000	2.780
3197.000	2.780
3198.000	2.780
3199.000	2.779
3200.000	2.779
3201.000	2.778
3202.000	2.777
3203.000	2.777
3204.000	2.776
3205.000	2.776
3206.000	2.775
3207.000	2.775
3208.000	2.774
3209.000	2.774
3210.000	2.774
3211.000	2.773
3212.000	2.772
3213.000	2.772
3214.000	2.771
3215.000	2.771
3216.000	2.770
3217.000	2.770
3218.000	2.769
3219.000	2.769
3220.000	2.769
3221.000	2.768
3222.000	2.768
3223.000	2.767
3224.000	2.766
3225.000	2.766
3226.000	2.765
3227.000	2.765
3228.000	2.764
3229.000	2.764
3230.000	2.763
3231.000	2.763
3232.000	2.763
3233.000	2.762
3234.000	2.762
3235.000	2.761
3236.000	2.760
3237.000	2.760
3238.000	2.759
3239.000	2.759
3240.000	2.758
3241.000	2.758
3242.000	2.758
3243.000	2.757
3244.000	2.757
3245.000	2.756
3246.000	2.756
3247.000	2.755
3248.000	2.754
3249.000	2.754
3250.000	2.753
3251.000	2.753
3252.000	2.752
3253.000	2.752
3254.000	2.752
3255.000	2.751
3256.000	2.751
3257.000	2.750
3258.000	2.750
3259.000	2.749
3260.000	2.749
3261.000	2.748
3262.000	2.747
3263.000	2.747
3264.000	2.746
3265.000	2.746
3266.000	2.746
3267.000	2.745
3268.000	2.745
3269.000	2.744
3270.000	2.744
3271.000	2.743
3272.000	2.743
3273.000	2.742
3274.000	2.742
3275.000	2.741
3276.000	2.741
3277.000	2.740
3278.000	2.740
3279.000	2.739
3280.000	2.739
3281.000	2.738
3282.000	2.738
3283.000	2.737
3284.000	2.737
3285.000	2.736
3286.000	2.736
3287.000	2.736
3288.000	2.735
3289.000	2.735
3290.000	2.734
3291.000	2.733
3292.000	2.733
3293.000	2.732
3294.000	2.732
3295.000	2.731
3296.000	2.731
3297.000	2.730
3298.000	2.730
3299.000	2.730
3300.000	2.729
3301.000	2.729
3302.000	2.728
3303.000	2.728
3304.000	2.727
3305.000	2.727
3306.000	2.726
3307.000	2.725
3308.000	2.725
3309.000	2.725
3310.000	2.724
3311.000	2.724
3312.000	2.723
3313.000	2.723
3314.000	2.722
3315.000	2.722
3316.000	2.721
3317.000	2.721
3318.000	2.720
3319.000	2.720
3320.000	2.720
3321.000	2.719
3322.000	2.719
3323.000	2.718
3324.000	2.717
3325.000	2.717
3326.000	2.716
3327.000	2.716
3328.000	2.715
3329.000	2.715
3330.000	2.714
3331.000	2.714
3332.000	2.714
3333.000	2.713
3334.000	2.713
3335.000	2.712
3336.000	2.712
3337.000	2.711
3338.000	2.711
3339.000	2.710
3340.000	2.710
3341.000	2.709
3342.000	2.708
3343.000	2.708
3344.000	2.708
3345.000	2.707
3346.000	2.707
3347.000	2.706
3348.000	2.706
3349.000	2.705
3350.000	2.705
3351.000	2.704
3352.000	2.704
3353.000	2.703
3354.000	2.703
3355.000	2.703
3356.000	2.702
3357.000	2.702
3358.000	2.701
3359.000	2.701
3360.000	2.700
3361.000	2.700
3362.000	2.699
3363.000	2.698
3364.000	2.698
3365.000	2.698
3366.000	2.697
3367.000	2.697
3368.000	2.696
3369.000	2.696
3370.000	2.695
3371.000	2.695
3372.000	2.694
3373.000	2.694
3374.000	2.693
3375.000	2.693
3376.000	2.693
3377.000	2.692
3378.000	2.692
3379.000	2.691
3380.000	2.691
3381.000	2.690
3382.000	2.690
3383.000	2.689
3384.000	2.689
3385.000	2.688
3386.000	2.687
3387.000	2.687
3388.000	2.687
3389.000	2.686
3390.000	2.686
3391.000	2.685
3392.000	2.685
3393.000	2.684
3394.000	2.684
3395.000	2.683
3396.000	2.683
3397.000	2.682
3398.000	2.682
3399.000	2.682
3400.000	2.681
3401.000	2.681
3402.000	2.680
3403.000	2.680
3404.000	2.679
3405.000	2.679
3406.000	2.678
3407.000	2.678
3408.000	2.677
3409.000	2.677
3410.000	2.677
3411.000	2.676
3412.000	2.676
3413.000	2.675
3414.000	2.675
3415.000	2.674
3416.000	2.673
3417.000	2.673
3418.000	2.672
3419.000	2.672
3420.000	2.671
3421.000	2.671
3422.000	2.671
3423.000	2.670
3424.000	2.670
3425.000	2.669
3426.000	2.669
3427.000	2.668
3428.000	2.668
3429.000	2.667
3430.000	2.667
3431.000	2.666
3432.000	2.666
3433.000	2.665
3434.000	2.665
3435.000	2.665
3436.000	2.664
3437.000	2.664
3438.000	2.664
3439.000	2.663
3440.000	2.663
3441.000	2.663
3442.000	2.662
3443.000	2.662
3444.000	2.662
3445.000	2.662
3446.000	2.661
3447.000	2.661
3448.000	2.661
3449.000	2.660
3450.000	2.660
3451.000	2.659
3452.000	2.659
3453.000	2.659
3454.000	2.659
3455.000	2.658
3456.000	2.658
3457.000	2.658
3458.000	2.657
3459.000	2.657
3460.000	2.656
3461.000	2.656
3462.000	2.656
3463.000	2.655
3464.000	2.655
3465.000	2.654
3466.000	2.654
3467.000	2.654
3468.000	2.653
3469.000	2.653
3470.000	2.653
3471.000	2.652
3472.000	2.652
3473.000	2.651
3474.000	2.651
3475.000	2.650
3476.000	2.650
3477.000	2.650
3478.000	2.650
3479.000	2.649
3480.000	2.649
3481.000	2.648
3482.000	2.648
3483.000	2.648
3484.000	2.647
3485.000	2.647
3486.000	2.646
3487.000	2.646
3488.000	2.646
3489.000	2.645
3490.000	2.645
3491.000	2.644
3492.000	2.644
3493.000	2.643
3494.000	2.643
3495.000	2.642
3496.000	2.642
3497.000	2.641
3498.000	2.641
3499.000	2.641
3500.000	2.641
3501.000	2.640
3502.000	2.640
3503.000	2.639
3504.000	2.639
3505.000	2.638
3506.000	2.638
3507.000	2.637
3508.000	2.637
3509.000	2.636
3510.000	2.636
3511.000	2.636
3512.000	2.636
3513.000	2.635
3514.000	2.635
3515.000	2.634
3516.000	2.634
3517.000	2.633
3518.000	2.633
3519.000	2.632
3520.000	2.632
3521.000	2.632
3522.000	2.631
3523.000	2.631
3524.000	2.630
3525.000	2.630
3526.000	2.629
3527.000	2.629
3528.000	2.628
3529.000	2.628
3530.000	2.627
3531.000	2.627
3532.000	2.627
3533.000	2.626
3534.000	2.626
3535.000	2.625
3536.000	2.625
3537.000	2.624
3538.000	2.624
3539.000	2.623
3540.000	2.623
3541.000	2.622
3542.000	2.622
3543.000	2.621
3544.000	2.621
3545.000	2.621
3546.000	2.620
3547.000	2.620
3548.000	2.620
3549.000	2.619
3550.000	2.619
3551.000	2.619
3552.000	2.618
3553.000	2.618
3554.000	2.618
3555.000	2.618
3556.000	2.617
3557.000	2.617
3558.000	2.617
3559.000	2.616
3560.000	2.616
3561.000	2.615
3562.000	2.615
3563.000	2.615
3564.000	2.614
3565.000	2.614
3566.000	2.614
3567.000	2.614
3568.000	2.613
3569.000	2.613
3570.000	2.613
3571.000	2.612
3572.000	2.612
3573.000	2.612
3574.000	2.611
3575.000	2.611
3576.000	2.610
3577.000	2.610
3578.000	2.610
3579.000	2.610
3580.000	2.609
3581.000	2.609
3582.000	2.609
3583.000	2.608
3584.000	2.608
3585.000	2.608
3586.000	2.607
3587.000	2.607
3588.000	2.607
3589.000	2.607
3590.000	2.606
3591.000	2.606
3592.000	2.605
3593.000	2.605
3594.000	2.605
3595.000	2.604
3596.000	2.604
3597.000	2.604
3598.000	2.603
3599.000	2.603
3600.000	2.603
3601.000	2.603
3602.000	2.602
3603.000	2.602
3604.000	2.602
3605.000	2.601
3606.000	2.601
3607.000	2.601
3608.000	2.600
3609.000	2.600
3610.000	2.599
3611.000	2.599
3612.000	2.599
3613.000	2.599
3614.000	2.598
3615.000	2.598
3616.000	2.598
3617.000	2.597
3618.000	2.597
3619.000	2.597
3620.000	2.596
3621.000	2.596
3622.000	2.596
3623.000	2.596
3624.000	2.595
3625.000	2.595
3626.000	2.595
3627.000	2.594
3628.000	2.594
3629.000	2.593
3630.000	2.593
3631.000	2.593
3632.000	2.592
3633.000	2.592
3634.000	2.592
3635.000	2.592
3636.000	2.591
3637.000	2.591
3638.000	2.591
3639.000	2.590
3640.000	2.590
3641.000	2.590
3642.000	2.589
3643.000	2.589
3644.000	2.589
3645.000	2.589
3646.000	2.588
3647.000	2.588
3648.000	2.587
3649.000	2.587
3650.000	2.587
3651.000	2.586
3652.000	2.586
3653.000	2.585
3654.000	2.585
3655.000	2.585
3656.000	2.585
3657.000	2.584
3658.000	2.584
3659.000	2.583
3660.000	2.583
3661.000	2.582
3662.000	2.582
3663.000	2.582
3664.000	2.581
3665.000	2.581
3666.000	2.581
3667.000	2.580
3668.000	2.580
3669.000	2.580
3670.000	2.579
3671.000	2.579
3672.000	2.578
3673.000	2.578
3674.000	2.577
3675.000	2.577
3676.000	2.577
3677.000	2.576
3678.000	2.576
3679.000	2.576
3680.000	2.575
3681.000	2.575
3682.000	2.574
3683.000	2.574
3684.000	2.574
3685.000	2.573
3686.000	2.573
3687.000	2.572
3688.000	2.572
3689.000	2.572
3690.000	2.571
3691.000	2.571
3692.000	2.571
3693.000	2.570
3694.000	2.570
3695.000	2.569
3696.000	2.569
3697.000	2.568
3698.000	2.568
3699.000	2.568
3700.000	2.568
3701.000	2.567
3702.000	2.567
3703.000	2.566
3704.000	2.566
3705.000	2.566
3706.000	2.565
3707.000	2.565
3708.000	2.564
3709.000	2.564
3710.000	2.563
3711.000	2.563
3712.000	2.563
3713.000	2.563
3714.000	2.562
3715.000	2.562
3716.000	2.561
3717.000	2.561
3718.000	2.561
3719.000	2.560
3720.000	2.560
3721.000	2.559
3722.000	2.559
3723.000	2.559
3724.000	2.559
3725.000	2.558
3726.000	2.558
3727.000	2.557
3728.000	2.557
3729.000	2.556
3730.000	2.556
3731.000	2.555
3732.000	2.555
3733.000	2.555
3734.000	2.555
3735.000	2.554
3736.000	2.554
3737.000	2.553
3738.000	2.553
3739.000	2.552
3740.000	2.552
3741.000	2.552
3742.000	2.551
3743.000	2.551
3744.000	2.551
3745.000	2.550
3746.000	2.550
3747.000	2.550
3748.000	2.550
3749.000	2.477
3750.000	2.477
3751.000	2.477
3752.000	2.477
3753.000	2.477
3754.000	2.473
3755.000	2.473
3756.000	2.473
3757.000	2.473
3758.000	2.473
3759.000	2.473
3760.000	2.473
3761.000	2.473
3762.000	2.473
3763.000	2.473
3764.000	2.473
3765.000	2.473
3766.000	2.456
3767.000	2.456
3768.000	2.456
3769.000	2.456
3770.000	2.456
3771.000	2.456
3772.000	2.456
3773.000	2.456
3774.000	2.456
3775.000	2.456
3776.000	2.456
3777.000	2.456
3778.000	2.456
3779.000	2.456
3780.000	2.410
3781.000	2.410
3782.000	2.410
3783.000	2.410
3784.000	2.410
3785.000	2.410
3786.000	2.410
3787.000	2.410
3788.000	2.410
3789.000	2.410
3790.000	2.410
3791.000	2.410
3792.000	2.409
3793.000	2.409
3794.000	2.409
3795.000	2.409
3796.000	2.409
3797.000	2.409
3798.000	2.409
3799.000	2.409
3800.000	2.409
3801.000	2.409
3802.000	2.409
3803.000	2.409
3804.000	2.409
3805.000	2.409
3806.000	2.401
3807.000	2.401
3808.000	2.401
3809.000	2.401
3810.000	2.401
3811.000	2.401
3812.000	2.377
3813.000	2.377
3814.000	2.377
3815.000	2.377
3816.000	2.377
3817.000	2.377
3818.000	2.377
3819.000	2.377
3820.000	2.377
3821.000	2.377
3822.000	2.377
3823.000	2.372
3824.000	2.372
3825.000	2.372
3826.000	2.372
3827.000	2.372
3828.000	2.372
3829.000	2.372
3830.000	2.372
3831.000	2.372
3832.000	2.372
3833.000	2.372
3834.000	2.372
3835.000	2.372
3836.000	2.372
3837.000	2.372
3838.000	2.372
3839.000	2.372
3840.000	2.342
3841.000	2.342
3842.000	2.342
3843.000	2.342
3844.000	2.342
3845.000	2.342
3846.000	2.342
3847.000	2.342
3848.000	2.342
3849.000	2.342
3850.000	2.329
3851.000	2.329
3852.000	2.329
3853.000	2.329
3854.000	2.329
3855.000	2.329
3856.000	2.329
3857.000	2.329
3858.000	2.329
3859.000	2.329
3860.000	2.329
3861.000	2.329
3862.000	2.329
3863.000	2.329
3864.000	2.329
3865.000	2.329
3866.000	2.329
3867.000	2.329
3868.000	2.329
3869.000	2.329
3870.000	2.329
3871.000	2.329
3872.000	2.329
3873.000	2.329
3874.000	2.329
3875.000	2.329
3876.000	2.329
3877.000	2.329
3878.000	2.329
3879.000	2.329
3880.000	2.329
3881.000	2.329
3882.000	2.329
3883.000	2.329
3884.000	2.329
3885.000	2.329
3886.000	2.329
3887.000	2.329
3888.000	2.329
3889.000	2.329
3890.000	2.329
3891.000	2.329
3892.000	2.329
3893.000	2.329
3894.000	2.329
3895.000	2.329
3896.000	2.329
3897.000	2.329
3898.000	2.329
3899.000	2.329
3900.000	2.329
3901.000	2.329
3902.000	2.329
3903.000	2.329
3904.000	2.329
3905.000	2.329
3906.000	2.329
3907.000	2.329
3908.000	2.329
3909.000	2.329
3910.000	2.329
3911.000	2.329
3912.000	2.329
3913.000	2.329
3914.000	2.329
3915.000	2.329
3916.000	2.329
3917.000	2.329
3918.000	2.329
3919.000	2.329
3920.000	2.329
3921.000	2.329
3922.000	2.329
3923.000	2.329
3924.000	2.329
3925.000	2.329
3926.000	2.329
3927.000	2.329
3928.000	2.329
3929.000	2.329
3930.000	2.329
3931.000	2.329
3932.000	2.329
3933.000	2.329
3934.000	2.329
3935.000	2.329
3936.000	2.329
3937.000	2.329
3938.000	2.329
3939.000	2.329
3940.000	2.329
3941.000	2.329
3942.000	2.329
3943.000	2.329
3944.000	2.329
3945.000	2.329
3946.000	2.329
3947.000	2.329
3948.000	2.329
3949.000	2.329
3950.000	2.329
3951.000	2.329
3952.000	2.329
3953.000	2.329
3954.000	2.329
3955.000	2.329
3956.000	2.329
3957.000	2.329
3958.000	2.329
3959.000	2.329
3960.000	2.329
3961.000	2.329
3962.000	2.329
3963.000	2.329
3964.000	2.329
3965.000	2.329
3966.000	2.329
3967.000	2.329
3968.000	2.329
3969.000	2.329
3970.000	2.329
3971.000	2.329
3972.000	2.329
3973.000	2.329
3974.000	2.329
3975.000	2.329
3976.000	2.329
3977.000	2.329
3978.000	2.329
3979.000	2.329
3980.000	2.329
3981.000	2.329
3982.000	2.329
3983.000	2.329
3984.000	2.329
3985.000	2.329
3986.000	2.329
3987.000	2.329
3988.000	2.329
3989.000	2.286
3990.000	2.286
3991.000	2.286
3992.000	2.286
3993.000	2.286
3994.000	2.286
3995.000	2.286
3996.000	2.286
3997.000	2.286
3998.000	2.286
3999.000	2.286
4000.000	2.286
4001.000	2.286
4002.000	2.286
4003.000	2.286
4004.000	2.286
4005.000	2.278
4006.000	2.278
4007.000	2.278
4008.000	2.278
4009.000	2.278
4010.000	2.278
4011.000	2.278
4012.000	2.278
4013.000	2.278
4014.000	2.278
4015.000	2.278
4016.000	2.278
4017.000	2.278
4018.000	2.275
4019.000	2.275
4020.000	2.275
4021.000	2.275
4022.000	2.275
4023.000	2.275
4024.000	2.275
4025.000	2.275
4026.000	2.275
4027.000	2.275
4028.000	2.275
4029.000	2.275
4030.000	2.275
4031.000	2.275
4032.000	2.275
4033.000	2.275
4034.000	2.275
4035.000	2.275
4036.000	2.275
4037.000	2.275
4038.000	2.275
4039.000	2.275
4040.000	2.275
4041.000	2.275
4042.000	2.275
4043.000	2.275
4044.000	2.275
4045.000	2.275
4046.000	2.275
4047.000	2.275
4048.000	2.275
4049.000	2.275
4050.000	2.275
4051.000	2.275
4052.000	2.275
4053.000	2.275
4054.000	2.275
4055.000	2.275
4056.000	2.275
4057.000	2.275
4058.000	2.275
4059.000	2.275
4060.000	2.275
4061.000	2.275
4062.000	2.275
4063.000	2.275
4064.000	2.275
4065.000	2.275
4066.000	2.275
4067.000	2.275
4068.000	2.275
4069.000	2.275
4070.000	2.275
4071.000	2.259
4072.000	2.259
4073.000	2.259
4074.000	2.259
4075.000	2.244
4076.000	2.244
4077.000	2.244
4078.000	2.244
4079.000	2.244
4080.000	2.244
4081.000	2.244
4082.000	2.244
4083.000	2.244
4084.000	2.244
4085.000	2.244
4086.000	2.244
4087.000	2.244
4088.000	2.244
4089.000	2.244
4090.000	2.244
4091.000	2.244
4092.000	2.244
4093.000	2.215
4094.000	2.215
4095.000	2.215
