0.000	20.586
1.000	20.573
2.000	20.289
3.000	19.622
4.000	19.609
5.000	19.596
6.000	19.583
7.000	19.570
8.000	19.556
9.000	19.543
10.000	19.530
11.000	19.517
12.000	19.404
13.000	19.390
14.000	19.377
15.000	19.364
16.000	19.351
17.000	19.307
18.000	19.294
19.000	19.250
20.000	19.214
21.000	19.197
22.000	19.180
23.000	19.161
24.000	19.143
25.000	19.124
26.000	19.104
27.000	19.084
28.000	19.065
29.000	19.051
30.000	19.032
31.000	19.016
32.000	19.001
33.000	18.986
34.000	18.971
35.000	18.956
36.000	18.942
37.000	18.928
38.000	18.915
39.000	18.901
40.000	18.888
41.000	18.875
42.000	18.862
43.000	18.850
44.000	18.838
45.000	18.826
46.000	18.815
47.000	18.804
48.000	18.793
49.000	18.782
50.000	18.772
51.000	18.769
52.000	18.759
53.000	18.749
54.000	18.739
55.000	18.730
56.000	18.721
57.000	18.712
58.000	18.703
59.000	18.695
60.000	18.688
61.000	18.681
62.000	18.677
63.000	18.671
64.000	18.665
65.000	18.660
66.000	18.656
67.000	18.651
68.000	18.646
69.000	18.642
70.000	18.637
71.000	18.632
72.000	18.627
73.000	18.624
74.000	18.619
75.000	18.615
76.000	18.609
77.000	18.602
78.000	18.596
79.000	18.590
80.000	18.584
81.000	18.578
82.000	18.572
83.000	18.566
84.000	18.563
85.000	18.557
86.000	18.551
87.000	18.545
88.000	18.537
89.000	18.529
90.000	18.521
91.000	18.513
92.000	18.504
93.000	18.496
94.000	18.487
95.000	18.478
96.000	18.413
97.000	18.404
98.000	18.395
99.000	18.385
100.000	18.375
101.000	18.366
102.000	18.358
103.000	18.349
104.000	18.340
105.000	18.331
106.000	18.321
107.000	18.317
108.000	18.307
109.000	18.297
110.000	18.285
111.000	18.273
112.000	18.261
113.000	18.249
114.000	18.237
115.000	18.225
116.000	18.211
117.000	18.197
118.000	18.180
119.000	18.166
120.000	18.153
121.000	18.139
122.000	18.126
123.000	18.114
124.000	18.099
125.000	18.084
126.000	18.069
127.000	18.053
128.000	18.036
129.000	18.033
130.000	18.016
131.000	17.999
132.000	17.980
133.000	17.961
134.000	17.940
135.000	17.920
136.000	17.899
137.000	17.880
138.000	17.859
139.000	17.836
140.000	17.833
141.000	17.811
142.000	17.788
143.000	17.765
144.000	17.742
145.000	17.718
146.000	17.694
147.000	17.668
148.000	17.642
149.000	17.618
150.000	17.592
151.000	17.538
152.000	17.512
153.000	17.486
154.000	17.458
155.000	17.429
156.000	17.400
157.000	17.371
158.000	17.342
159.000	17.312
160.000	17.282
161.000	17.251
162.000	17.221
163.000	17.218
164.000	17.188
165.000	17.157
166.000	17.127
167.000	17.097
168.000	17.065
169.000	17.033
170.000	17.000
171.000	16.968
172.000	16.937
173.000	16.905
174.000	16.759
175.000	16.722
176.000	16.686
177.000	16.647
178.000	16.608
179.000	16.569
180.000	16.530
181.000	16.491
182.000	16.452
183.000	16.411
184.000	16.371
185.000	16.368
186.000	16.328
187.000	16.286
188.000	16.246
189.000	16.206
190.000	16.167
191.000	16.129
192.000	16.091
193.000	16.054
194.000	16.014
195.000	15.973
196.000	15.970
197.000	15.930
198.000	15.890
199.000	15.853
200.000	15.816
201.000	15.778
202.000	15.742
203.000	15.705
204.000	15.668
205.000	15.632
206.000	15.597
207.000	15.597
208.000	15.561
209.000	15.526
210.000	15.492
211.000	15.457
212.000	15.423
213.000	15.388
214.000	15.354
215.000	15.320
216.000	15.287
217.000	15.254
218.000	15.254
219.000	15.221
220.000	15.189
221.000	15.156
222.000	15.123
223.000	15.091
224.000	15.059
225.000	15.028
226.000	14.997
227.000	14.964
228.000	14.931
229.000	14.900
230.000	14.900
231.000	14.869
232.000	14.838
233.000	14.807
234.000	14.778
235.000	14.747
236.000	14.716
237.000	14.684
238.000	14.653
239.000	14.621
240.000	14.590
241.000	14.590
242.000	14.562
243.000	14.535
244.000	14.508
245.000	14.481
246.000	14.455
247.000	14.429
248.000	14.401
249.000	14.375
250.000	14.348
251.000	14.321
252.000	14.279
253.000	14.254
254.000	14.229
255.000	14.202
256.000	14.177
257.000	14.152
258.000	14.127
259.000	14.101
260.000	14.075
261.000	14.050
262.000	14.023
263.000	14.023
264.000	13.996
265.000	13.968
266.000	13.945
267.000	13.920
268.000	13.895
269.000	13.868
270.000	13.842
271.000	13.816
272.000	13.789
273.000	13.762
274.000	13.745
275.000	13.718
276.000	13.690
277.000	13.663
278.000	13.637
279.000	13.610
280.000	13.584
281.000	13.559
282.000	13.534
283.000	13.506
284.000	13.479
285.000	13.443
286.000	13.416
287.000	13.389
288.000	13.363
289.000	13.337
290.000	13.308
291.000	13.279
292.000	13.249
293.000	13.219
294.000	13.189
295.000	13.158
296.000	13.142
297.000	13.111
298.000	13.081
299.000	13.051
300.000	13.019
301.000	12.988
302.000	12.958
303.000	12.927
304.000	12.897
305.000	12.867
306.000	12.837
307.000	12.806
308.000	12.806
309.000	12.775
310.000	12.744
311.000	12.712
312.000	12.680
313.000	12.647
314.000	12.616
315.000	12.584
316.000	12.554
317.000	12.523
318.000	12.491
319.000	12.491
320.000	12.460
321.000	12.428
322.000	12.396
323.000	12.363
324.000	12.332
325.000	12.300
326.000	12.268
327.000	12.235
328.000	12.202
329.000	12.170
330.000	11.892
331.000	11.860
332.000	11.829
333.000	11.798
334.000	11.767
335.000	11.735
336.000	11.703
337.000	11.671
338.000	11.640
339.000	11.608
340.000	11.577
341.000	11.421
342.000	11.389
343.000	11.358
344.000	11.326
345.000	11.294
346.000	11.261
347.000	11.229
348.000	11.197
349.000	11.165
350.000	11.133
351.000	11.100
352.000	11.004
353.000	10.972
354.000	10.941
355.000	10.910
356.000	10.880
357.000	10.850
358.000	10.819
359.000	10.790
360.000	10.761
361.000	10.732
362.000	10.703
363.000	10.635
364.000	10.607
365.000	10.578
366.000	10.549
367.000	10.521
368.000	10.492
369.000	10.464
370.000	10.435
371.000	10.408
372.000	10.377
373.000	10.347
374.000	10.317
375.000	10.317
376.000	10.287
377.000	10.257
378.000	10.227
379.000	10.196
380.000	10.168
381.000	10.140
382.000	10.111
383.000	10.083
384.000	10.055
385.000	10.028
386.000	10.009
387.000	9.983
388.000	9.956
389.000	9.930
390.000	9.904
391.000	9.878
392.000	9.853
393.000	9.828
394.000	9.804
395.000	9.778
396.000	9.752
397.000	9.752
398.000	9.726
399.000	9.701
400.000	9.676
401.000	9.651
402.000	9.626
403.000	9.600
404.000	9.576
405.000	9.551
406.000	9.526
407.000	9.502
408.000	9.502
409.000	9.478
410.000	9.455
411.000	9.430
412.000	9.406
413.000	9.381
414.000	9.358
415.000	9.334
416.000	9.311
417.000	9.289
418.000	9.267
419.000	8.931
420.000	8.909
421.000	8.887
422.000	8.866
423.000	8.846
424.000	8.826
425.000	8.806
426.000	8.786
427.000	8.765
428.000	8.746
429.000	8.727
430.000	8.616
431.000	8.596
432.000	8.577
433.000	8.556
434.000	8.537
435.000	8.517
436.000	8.498
437.000	8.480
438.000	8.461
439.000	8.443
440.000	8.425
441.000	8.407
442.000	8.405
443.000	8.387
444.000	8.368
445.000	8.350
446.000	8.333
447.000	8.316
448.000	8.299
449.000	8.282
450.000	8.265
451.000	8.248
452.000	8.231
453.000	8.230
454.000	8.213
455.000	8.196
456.000	8.180
457.000	8.164
458.000	8.148
459.000	8.132
460.000	8.116
461.000	8.100
462.000	8.084
463.000	8.068
464.000	8.054
465.000	8.038
466.000	8.022
467.000	8.005
468.000	7.988
469.000	7.971
470.000	7.954
471.000	7.937
472.000	7.920
473.000	7.903
474.000	7.886
475.000	7.884
476.000	7.867
477.000	7.850
478.000	7.836
479.000	7.822
480.000	7.808
481.000	7.794
482.000	7.780
483.000	7.766
484.000	7.751
485.000	7.736
486.000	7.735
487.000	7.721
488.000	7.707
489.000	7.693
490.000	7.680
491.000	7.667
492.000	7.654
493.000	7.641
494.000	7.628
495.000	7.614
496.000	7.601
497.000	7.547
498.000	7.534
499.000	7.520
500.000	7.507
501.000	7.494
502.000	7.480
503.000	7.466
504.000	7.452
505.000	7.438
506.000	7.426
507.000	7.413
508.000	7.412
509.000	7.399
510.000	7.386
511.000	7.373
512.000	7.360
513.000	7.347
514.000	7.335
515.000	7.323
516.000	7.312
517.000	7.300
518.000	7.289
519.000	7.277
520.000	7.276
521.000	7.263
522.000	7.251
523.000	7.239
524.000	7.227
525.000	7.215
526.000	7.203
527.000	7.192
528.000	7.181
529.000	7.169
530.000	7.158
531.000	7.156
532.000	7.145
533.000	7.133
534.000	7.121
535.000	7.109
536.000	7.096
537.000	7.084
538.000	7.072
539.000	7.059
540.000	7.047
541.000	7.034
542.000	7.033
543.000	7.020
544.000	7.008
545.000	6.996
546.000	6.983
547.000	6.971
548.000	6.959
549.000	6.946
550.000	6.935
551.000	6.924
552.000	6.913
553.000	6.911
554.000	6.900
555.000	6.889
556.000	6.878
557.000	6.867
558.000	6.856
559.000	6.845
560.000	6.834
561.000	6.822
562.000	6.811
563.000	6.799
564.000	6.798
565.000	6.786
566.000	6.775
567.000	6.764
568.000	6.753
569.000	6.742
570.000	6.730
571.000	6.719
572.000	6.708
573.000	6.697
574.000	6.687
575.000	6.685
576.000	6.675
577.000	6.664
578.000	6.653
579.000	6.643
580.000	6.632
581.000	6.621
582.000	6.610
583.000	6.600
584.000	6.589
585.000	6.579
586.000	6.568
587.000	6.567
588.000	6.556
589.000	6.546
590.000	6.535
591.000	6.525
592.000	6.515
593.000	6.505
594.000	6.496
595.000	6.486
596.000	6.477
597.000	6.467
598.000	6.450
599.000	6.441
600.000	6.431
601.000	6.422
602.000	6.413
603.000	6.404
604.000	6.395
605.000	6.386
606.000	6.377
607.000	6.368
608.000	6.360
609.000	6.358
610.000	6.349
611.000	6.339
612.000	6.331
613.000	6.322
614.000	6.313
615.000	6.305
616.000	6.296
617.000	6.288
618.000	6.279
619.000	6.271
620.000	6.269
621.000	6.260
622.000	6.250
623.000	6.241
624.000	6.232
625.000	6.222
626.000	6.213
627.000	6.203
628.000	6.194
629.000	6.185
630.000	6.176
631.000	6.174
632.000	6.165
633.000	6.156
634.000	6.147
635.000	6.138
636.000	6.129
637.000	6.121
638.000	6.112
639.000	6.104
640.000	6.095
641.000	6.087
642.000	6.085
643.000	6.077
644.000	6.069
645.000	6.060
646.000	6.052
647.000	6.043
648.000	6.034
649.000	6.026
650.000	6.018
651.000	6.009
652.000	6.001
653.000	5.992
654.000	5.991
655.000	5.983
656.000	5.975
657.000	5.967
658.000	5.958
659.000	5.950
660.000	5.943
661.000	5.935
662.000	5.927
663.000	5.919
664.000	5.912
665.000	5.910
666.000	5.902
667.000	5.895
668.000	5.887
669.000	5.879
670.000	5.872
671.000	5.864
672.000	5.857
673.000	5.850
674.000	5.843
675.000	5.836
676.000	5.834
677.000	5.827
678.000	5.820
679.000	5.813
680.000	5.805
681.000	5.798
682.000	5.790
683.000	5.783
684.000	5.776
685.000	5.769
686.000	5.761
687.000	5.760
688.000	5.753
689.000	5.745
690.000	5.738
691.000	5.731
692.000	5.724
693.000	5.717
694.000	5.710
695.000	5.703
696.000	5.696
697.000	5.689
698.000	5.688
699.000	5.681
700.000	5.674
701.000	5.667
702.000	5.661
703.000	5.654
704.000	5.647
705.000	5.641
706.000	5.634
707.000	5.628
708.000	5.621
709.000	5.621
710.000	5.613
711.000	5.606
712.000	5.599
713.000	5.592
714.000	5.585
715.000	5.579
716.000	5.572
717.000	5.565
718.000	5.558
719.000	5.551
720.000	5.529
721.000	5.522
722.000	5.515
723.000	5.508
724.000	5.501
725.000	5.494
726.000	5.487
727.000	5.480
728.000	5.473
729.000	5.466
730.000	5.459
731.000	5.452
732.000	5.452
733.000	5.444
734.000	5.437
735.000	5.430
736.000	5.423
737.000	5.416
738.000	5.408
739.000	5.401
740.000	5.394
741.000	5.387
742.000	5.380
743.000	5.317
744.000	5.310
745.000	5.303
746.000	5.296
747.000	5.288
748.000	5.281
749.000	5.274
750.000	5.267
751.000	5.259
752.000	5.252
753.000	5.244
754.000	5.166
755.000	5.159
756.000	5.151
757.000	5.144
758.000	5.136
759.000	5.129
760.000	5.121
761.000	5.114
762.000	5.107
763.000	5.100
764.000	5.092
765.000	5.092
766.000	5.084
767.000	5.077
768.000	5.070
769.000	5.062
770.000	5.055
771.000	5.047
772.000	5.040
773.000	5.032
774.000	5.024
775.000	5.018
776.000	5.017
777.000	5.011
778.000	5.004
779.000	4.998
780.000	4.991
781.000	4.985
782.000	4.978
783.000	4.971
784.000	4.965
785.000	4.958
786.000	4.952
787.000	4.929
788.000	4.922
789.000	4.916
790.000	4.909
791.000	4.903
792.000	4.897
793.000	4.890
794.000	4.884
795.000	4.878
796.000	4.871
797.000	4.865
798.000	4.859
799.000	4.859
800.000	4.853
801.000	4.847
802.000	4.841
803.000	4.835
804.000	4.829
805.000	4.823
806.000	4.818
807.000	4.812
808.000	4.806
809.000	4.801
810.000	4.801
811.000	4.795
812.000	4.789
813.000	4.784
814.000	4.778
815.000	4.772
816.000	4.767
817.000	4.761
818.000	4.755
819.000	4.750
820.000	4.744
821.000	4.744
822.000	4.738
823.000	4.732
824.000	4.726
825.000	4.721
826.000	4.715
827.000	4.709
828.000	4.703
829.000	4.697
830.000	4.692
831.000	4.686
832.000	4.685
833.000	4.680
834.000	4.674
835.000	4.669
836.000	4.663
837.000	4.658
838.000	4.652
839.000	4.646
840.000	4.641
841.000	4.635
842.000	4.629
843.000	4.629
844.000	4.624
845.000	4.618
846.000	4.613
847.000	4.608
848.000	4.603
849.000	4.597
850.000	4.592
851.000	4.587
852.000	4.582
853.000	4.576
854.000	4.576
855.000	4.571
856.000	4.565
857.000	4.559
858.000	4.554
859.000	4.548
860.000	4.542
861.000	4.536
862.000	4.531
863.000	4.525
864.000	4.520
865.000	4.514
866.000	4.514
867.000	4.508
868.000	4.502
869.000	4.497
870.000	4.491
871.000	4.486
872.000	4.480
873.000	4.474
874.000	4.468
875.000	4.462
876.000	4.456
877.000	4.456
878.000	4.450
879.000	4.445
880.000	4.439
881.000	4.434
882.000	4.429
883.000	4.424
884.000	4.418
885.000	4.413
886.000	4.407
887.000	4.402
888.000	4.402
889.000	4.396
890.000	4.391
891.000	4.385
892.000	4.380
893.000	4.375
894.000	4.369
895.000	4.364
896.000	4.359
897.000	4.353
898.000	4.348
899.000	4.348
900.000	4.343
901.000	4.337
902.000	4.332
903.000	4.327
904.000	4.322
905.000	4.317
906.000	4.312
907.000	4.307
908.000	4.302
909.000	4.297
910.000	4.297
911.000	4.292
912.000	4.287
913.000	4.283
914.000	4.278
915.000	4.273
916.000	4.269
917.000	4.264
918.000	4.260
919.000	4.254
920.000	4.249
921.000	4.249
922.000	4.244
923.000	4.239
924.000	4.233
925.000	4.229
926.000	4.224
927.000	4.219
928.000	4.214
929.000	4.209
930.000	4.204
931.000	4.199
932.000	4.194
933.000	4.194
934.000	4.189
935.000	4.184
936.000	4.180
937.000	4.175
938.000	4.171
939.000	4.166
940.000	4.161
941.000	4.157
942.000	4.152
943.000	4.147
944.000	4.147
945.000	4.142
946.000	4.137
947.000	4.132
948.000	4.128
949.000	4.123
950.000	4.118
951.000	4.114
952.000	4.109
953.000	4.105
954.000	4.100
955.000	4.091
956.000	4.087
957.000	4.082
958.000	4.078
959.000	4.074
960.000	4.069
961.000	4.065
962.000	4.061
963.000	4.056
964.000	4.051
965.000	4.047
966.000	3.942
967.000	3.938
968.000	3.934
969.000	3.929
970.000	3.925
971.000	3.921
972.000	3.916
973.000	3.912
974.000	3.908
975.000	3.903
976.000	3.899
977.000	3.867
978.000	3.863
979.000	3.859
980.000	3.854
981.000	3.850
982.000	3.846
983.000	3.841
984.000	3.837
985.000	3.832
986.000	3.828
987.000	3.823
988.000	3.823
989.000	3.818
990.000	3.813
991.000	3.809
992.000	3.804
993.000	3.799
994.000	3.795
995.000	3.790
996.000	3.785
997.000	3.781
998.000	3.776
999.000	3.776
1000.000	3.771
1001.000	3.767
1002.000	3.762
1003.000	3.757
1004.000	3.753
1005.000	3.748
1006.000	3.743
1007.000	3.739
1008.000	3.735
1009.000	3.730
1010.000	3.726
1011.000	3.726
1012.000	3.721
1013.000	3.717
1014.000	3.713
1015.000	3.709
1016.000	3.705
1017.000	3.700
1018.000	3.696
1019.000	3.692
1020.000	3.687
1021.000	3.683
1022.000	3.683
1023.000	3.679
1024.000	3.674
1025.000	3.670
1026.000	3.666
1027.000	3.662
1028.000	3.657
1029.000	3.653
1030.000	3.649
1031.000	3.645
1032.000	3.641
1033.000	3.640
1034.000	3.636
1035.000	3.632
1036.000	3.628
1037.000	3.624
1038.000	3.620
1039.000	3.615
1040.000	3.611
1041.000	3.607
1042.000	3.603
1043.000	3.599
1044.000	3.599
1045.000	3.595
1046.000	3.591
1047.000	3.587
1048.000	3.583
1049.000	3.579
1050.000	3.575
1051.000	3.572
1052.000	3.568
1053.000	3.564
1054.000	3.560
1055.000	3.560
1056.000	3.556
1057.000	3.553
1058.000	3.550
1059.000	3.546
1060.000	3.543
1061.000	3.539
1062.000	3.536
1063.000	3.533
1064.000	3.529
1065.000	3.526
1066.000	3.526
1067.000	3.523
1068.000	3.519
1069.000	3.516
1070.000	3.513
1071.000	3.509
1072.000	3.505
1073.000	3.502
1074.000	3.498
1075.000	3.494
1076.000	3.491
1077.000	3.487
1078.000	3.487
1079.000	3.484
1080.000	3.481
1081.000	3.477
1082.000	3.474
1083.000	3.471
1084.000	3.468
1085.000	3.465
1086.000	3.462
1087.000	3.459
1088.000	3.456
1089.000	3.455
1090.000	3.452
1091.000	3.449
1092.000	3.446
1093.000	3.443
1094.000	3.440
1095.000	3.437
1096.000	3.434
1097.000	3.432
1098.000	3.429
1099.000	3.426
1100.000	3.426
1101.000	3.423
1102.000	3.420
1103.000	3.418
1104.000	3.415
1105.000	3.412
1106.000	3.410
1107.000	3.407
1108.000	3.404
1109.000	3.401
1110.000	3.399
1111.000	3.399
1112.000	3.396
1113.000	3.393
1114.000	3.391
1115.000	3.388
1116.000	3.385
1117.000	3.383
1118.000	3.380
1119.000	3.377
1120.000	3.375
1121.000	3.372
1122.000	3.340
1123.000	3.337
1124.000	3.335
1125.000	3.332
1126.000	3.329
1127.000	3.327
1128.000	3.324
1129.000	3.321
1130.000	3.319
1131.000	3.316
1132.000	3.314
1133.000	3.314
1134.000	3.311
1135.000	3.309
1136.000	3.307
1137.000	3.305
1138.000	3.303
1139.000	3.300
1140.000	3.298
1141.000	3.296
1142.000	3.294
1143.000	3.292
1144.000	3.290
1145.000	3.289
1146.000	3.287
1147.000	3.285
1148.000	3.283
1149.000	3.281
1150.000	3.279
1151.000	3.276
1152.000	3.274
1153.000	3.272
1154.000	3.270
1155.000	3.268
1156.000	3.268
1157.000	3.265
1158.000	3.263
1159.000	3.261
1160.000	3.259
1161.000	3.257
1162.000	3.255
1163.000	3.253
1164.000	3.251
1165.000	3.249
1166.000	3.247
1167.000	3.246
1168.000	3.244
1169.000	3.242
1170.000	3.240
1171.000	3.238
1172.000	3.236
1173.000	3.234
1174.000	3.232
1175.000	3.230
1176.000	3.228
1177.000	3.225
1178.000	3.225
1179.000	3.223
1180.000	3.221
1181.000	3.219
1182.000	3.217
1183.000	3.215
1184.000	3.213
1185.000	3.211
1186.000	3.209
1187.000	3.207
1188.000	3.206
1189.000	3.205
1190.000	3.204
1191.000	3.202
1192.000	3.200
1193.000	3.198
1194.000	3.197
1195.000	3.195
1196.000	3.193
1197.000	3.192
1198.000	3.190
1199.000	3.188
1200.000	3.188
1201.000	3.186
1202.000	3.185
1203.000	3.183
1204.000	3.181
1205.000	3.180
1206.000	3.178
1207.000	3.176
1208.000	3.175
1209.000	3.173
1210.000	3.171
1211.000	3.171
1212.000	3.170
1213.000	3.168
1214.000	3.167
1215.000	3.165
1216.000	3.164
1217.000	3.163
1218.000	3.161
1219.000	3.160
1220.000	3.158
1221.000	3.157
1222.000	3.156
1223.000	3.155
1224.000	3.154
1225.000	3.153
1226.000	3.151
1227.000	3.150
1228.000	3.149
1229.000	3.147
1230.000	3.146
1231.000	3.145
1232.000	3.143
1233.000	3.142
1234.000	3.142
1235.000	3.140
1236.000	3.139
1237.000	3.138
1238.000	3.136
1239.000	3.135
1240.000	3.134
1241.000	3.132
1242.000	3.131
1243.000	3.130
1244.000	3.128
1245.000	3.128
1246.000	3.127
1247.000	3.125
1248.000	3.124
1249.000	3.123
1250.000	3.122
1251.000	3.121
1252.000	3.120
1253.000	3.119
1254.000	3.118
1255.000	3.117
1256.000	3.117
1257.000	3.116
1258.000	3.115
1259.000	3.114
1260.000	3.113
1261.000	3.112
1262.000	3.111
1263.000	3.110
1264.000	3.109
1265.000	3.108
1266.000	3.107
1267.000	3.107
1268.000	3.106
1269.000	3.105
1270.000	3.104
1271.000	3.103
1272.000	3.102
1273.000	3.101
1274.000	3.100
1275.000	3.099
1276.000	3.098
1277.000	3.097
1278.000	3.097
1279.000	3.096
1280.000	3.095
1281.000	3.094
1282.000	3.093
1283.000	3.093
1284.000	3.092
1285.000	3.091
1286.000	3.090
1287.000	3.089
1288.000	3.088
1289.000	3.087
1290.000	3.087
1291.000	3.086
1292.000	3.085
1293.000	3.084
1294.000	3.083
1295.000	3.082
1296.000	3.081
1297.000	3.080
1298.000	3.079
1299.000	3.078
1300.000	3.077
1301.000	3.077
1302.000	3.076
1303.000	3.075
1304.000	3.074
1305.000	3.073
1306.000	3.072
1307.000	3.071
1308.000	3.070
1309.000	3.069
1310.000	3.068
1311.000	3.067
1312.000	3.066
1313.000	3.066
1314.000	3.065
1315.000	3.064
1316.000	3.063
1317.000	3.062
1318.000	3.062
1319.000	3.061
1320.000	3.060
1321.000	3.059
1322.000	3.058
1323.000	3.058
1324.000	3.057
1325.000	3.057
1326.000	3.056
1327.000	3.055
1328.000	3.054
1329.000	3.053
1330.000	3.053
1331.000	3.052
1332.000	3.051
1333.000	3.050
1334.000	3.050
1335.000	3.049
1336.000	3.048
1337.000	3.047
1338.000	3.047
1339.000	3.046
1340.000	3.045
1341.000	3.044
1342.000	3.044
1343.000	3.043
1344.000	3.042
1345.000	3.042
1346.000	3.041
1347.000	3.040
1348.000	3.039
1349.000	3.039
1350.000	3.038
1351.000	3.037
1352.000	3.036
1353.000	3.036
1354.000	3.035
1355.000	3.032
1356.000	3.029
1357.000	3.029
1358.000	3.027
1359.000	3.024
1360.000	3.021
1361.000	3.018
1362.000	3.016
1363.000	3.013
1364.000	3.010
1365.000	3.008
1366.000	3.005
1367.000	3.002
1368.000	3.002
1369.000	2.999
1370.000	2.997
1371.000	2.994
1372.000	2.991
1373.000	2.989
1374.000	2.986
1375.000	2.983
1376.000	2.981
1377.000	2.978
1378.000	2.976
1379.000	2.975
1380.000	2.973
1381.000	2.970
1382.000	2.967
1383.000	2.965
1384.000	2.962
1385.000	2.959
1386.000	2.957
1387.000	2.954
1388.000	2.951
1389.000	2.949
1390.000	2.949
1391.000	2.946
1392.000	2.943
1393.000	2.941
1394.000	2.938
1395.000	2.935
1396.000	2.933
1397.000	2.930
1398.000	2.927
1399.000	2.925
1400.000	2.922
1401.000	2.922
1402.000	2.919
1403.000	2.917
1404.000	2.914
1405.000	2.912
1406.000	2.909
1407.000	2.906
1408.000	2.904
1409.000	2.901
1410.000	2.898
1411.000	2.896
1412.000	2.896
1413.000	2.893
1414.000	2.890
1415.000	2.888
1416.000	2.885
1417.000	2.883
1418.000	2.880
1419.000	2.877
1420.000	2.875
1421.000	2.872
1422.000	2.870
1423.000	2.869
1424.000	2.867
1425.000	2.864
1426.000	2.862
1427.000	2.860
1428.000	2.858
1429.000	2.855
1430.000	2.853
1431.000	2.851
1432.000	2.848
1433.000	2.846
1434.000	2.844
1435.000	2.843
1436.000	2.841
1437.000	2.839
1438.000	2.836
1439.000	2.834
1440.000	2.832
1441.000	2.830
1442.000	2.827
1443.000	2.825
1444.000	2.823
1445.000	2.820
1446.000	2.787
1447.000	2.784
1448.000	2.782
1449.000	2.780
1450.000	2.777
1451.000	2.775
1452.000	2.773
1453.000	2.771
1454.000	2.768
1455.000	2.766
1456.000	2.764
1457.000	2.764
1458.000	2.761
1459.000	2.759
1460.000	2.757
1461.000	2.754
1462.000	2.752
1463.000	2.750
1464.000	2.748
1465.000	2.745
1466.000	2.743
1467.000	2.741
1468.000	2.741
1469.000	2.738
1470.000	2.736
1471.000	2.734
1472.000	2.731
1473.000	2.729
1474.000	2.727
1475.000	2.725
1476.000	2.722
1477.000	2.720
1478.000	2.718
1479.000	2.718
1480.000	2.715
1481.000	2.713
1482.000	2.711
1483.000	2.709
1484.000	2.706
1485.000	2.704
1486.000	2.702
1487.000	2.700
1488.000	2.697
1489.000	2.695
1490.000	2.695
1491.000	2.693
1492.000	2.690
1493.000	2.688
1494.000	2.686
1495.000	2.684
1496.000	2.682
1497.000	2.679
1498.000	2.677
1499.000	2.675
1500.000	2.673
1501.000	2.670
1502.000	2.670
1503.000	2.668
1504.000	2.666
1505.000	2.664
1506.000	2.661
1507.000	2.659
1508.000	2.657
1509.000	2.655
1510.000	2.653
1511.000	2.650
1512.000	2.648
1513.000	2.648
1514.000	2.646
1515.000	2.643
1516.000	2.641
1517.000	2.639
1518.000	2.637
1519.000	2.635
1520.000	2.632
1521.000	2.630
1522.000	2.628
1523.000	2.626
1524.000	2.626
1525.000	2.623
1526.000	2.621
1527.000	2.619
1528.000	2.616
1529.000	2.613
1530.000	2.611
1531.000	2.608
1532.000	2.606
1533.000	2.603
1534.000	2.600
1535.000	2.600
1536.000	2.598
1537.000	2.595
1538.000	2.592
1539.000	2.590
1540.000	2.587
1541.000	2.585
1542.000	2.582
1543.000	2.580
1544.000	2.577
1545.000	2.574
1546.000	2.574
1547.000	2.572
1548.000	2.569
1549.000	2.566
1550.000	2.564
1551.000	2.561
1552.000	2.559
1553.000	2.556
1554.000	2.554
1555.000	2.551
1556.000	2.549
1557.000	2.548
1558.000	2.546
1559.000	2.543
1560.000	2.541
1561.000	2.538
1562.000	2.536
1563.000	2.533
1564.000	2.531
1565.000	2.528
1566.000	2.525
1567.000	2.523
1568.000	2.520
1569.000	2.520
1570.000	2.518
1571.000	2.515
1572.000	2.513
1573.000	2.510
1574.000	2.508
1575.000	2.505
1576.000	2.503
1577.000	2.500
1578.000	2.498
1579.000	2.495
1580.000	2.495
1581.000	2.493
1582.000	2.490
1583.000	2.488
1584.000	2.486
1585.000	2.483
1586.000	2.481
1587.000	2.478
1588.000	2.476
1589.000	2.474
1590.000	2.471
1591.000	2.471
1592.000	2.469
1593.000	2.466
1594.000	2.464
1595.000	2.462
1596.000	2.459
1597.000	2.457
1598.000	2.455
1599.000	2.452
1600.000	2.450
1601.000	2.447
1602.000	2.447
1603.000	2.445
1604.000	2.443
1605.000	2.440
1606.000	2.438
1607.000	2.436
1608.000	2.433
1609.000	2.431
1610.000	2.429
1611.000	2.427
1612.000	2.425
1613.000	2.424
1614.000	2.422
1615.000	2.420
1616.000	2.418
1617.000	2.415
1618.000	2.413
1619.000	2.411
1620.000	2.409
1621.000	2.407
1622.000	2.404
1623.000	2.402
1624.000	2.402
1625.000	2.400
1626.000	2.398
1627.000	2.395
1628.000	2.393
1629.000	2.391
1630.000	2.389
1631.000	2.387
1632.000	2.384
1633.000	2.382
1634.000	2.380
1635.000	2.378
1636.000	2.378
1637.000	2.375
1638.000	2.373
1639.000	2.371
1640.000	2.369
1641.000	2.367
1642.000	2.365
1643.000	2.362
1644.000	2.360
1645.000	2.358
1646.000	2.356
1647.000	2.356
1648.000	2.353
1649.000	2.351
1650.000	2.349
1651.000	2.346
1652.000	2.343
1653.000	2.341
1654.000	2.338
1655.000	2.337
1656.000	2.336
1657.000	2.335
1658.000	2.335
1659.000	2.334
1660.000	2.332
1661.000	2.331
1662.000	2.330
1663.000	2.329
1664.000	2.328
1665.000	2.327
1666.000	2.326
1667.000	2.325
1668.000	2.324
1669.000	2.324
1670.000	2.323
1671.000	2.322
1672.000	2.321
1673.000	2.320
1674.000	2.319
1675.000	2.318
1676.000	2.317
1677.000	2.316
1678.000	2.315
1679.000	2.314
1680.000	2.314
1681.000	2.313
1682.000	2.312
1683.000	2.311
1684.000	2.310
1685.000	2.308
1686.000	2.307
1687.000	2.306
1688.000	2.305
1689.000	2.304
1690.000	2.303
1691.000	2.303
1692.000	2.302
1693.000	2.301
1694.000	2.300
1695.000	2.299
1696.000	2.298
1697.000	2.297
1698.000	2.296
1699.000	2.295
1700.000	2.294
1701.000	2.293
1702.000	2.293
1703.000	2.292
1704.000	2.291
1705.000	2.290
1706.000	2.289
1707.000	2.288
1708.000	2.287
1709.000	2.286
1710.000	2.285
1711.000	2.284
1712.000	2.283
1713.000	2.282
1714.000	2.282
1715.000	2.281
1716.000	2.279
1717.000	2.278
1718.000	2.277
1719.000	2.276
1720.000	2.275
1721.000	2.274
1722.000	2.273
1723.000	2.272
1724.000	2.271
1725.000	2.271
1726.000	2.270
1727.000	2.269
1728.000	2.267
1729.000	2.266
1730.000	2.264
1731.000	2.263
1732.000	2.262
1733.000	2.260
1734.000	2.259
1735.000	2.257
1736.000	2.257
1737.000	2.256
1738.000	2.255
1739.000	2.253
1740.000	2.252
1741.000	2.251
1742.000	2.249
1743.000	2.248
1744.000	2.246
1745.000	2.245
1746.000	2.244
1747.000	2.244
1748.000	2.242
1749.000	2.241
1750.000	2.240
1751.000	2.238
1752.000	2.237
1753.000	2.235
1754.000	2.234
1755.000	2.233
1756.000	2.231
1757.000	2.230
1758.000	2.230
1759.000	2.229
1760.000	2.227
1761.000	2.226
1762.000	2.225
1763.000	2.223
1764.000	2.222
1765.000	2.220
1766.000	2.219
1767.000	2.217
1768.000	2.216
1769.000	2.216
1770.000	2.215
1771.000	2.213
1772.000	2.212
1773.000	2.210
1774.000	2.209
1775.000	2.207
1776.000	2.206
1777.000	2.204
1778.000	2.203
1779.000	2.202
1780.000	2.200
1781.000	2.200
1782.000	2.199
1783.000	2.197
1784.000	2.196
1785.000	2.195
1786.000	2.193
1787.000	2.192
1788.000	2.190
1789.000	2.189
1790.000	2.187
1791.000	2.186
1792.000	2.186
1793.000	2.184
1794.000	2.183
1795.000	2.181
1796.000	2.180
1797.000	2.178
1798.000	2.177
1799.000	2.175
1800.000	2.174
1801.000	2.172
1802.000	2.171
1803.000	2.171
1804.000	2.169
1805.000	2.168
1806.000	2.166
1807.000	2.165
1808.000	2.164
1809.000	2.162
1810.000	2.161
1811.000	2.159
1812.000	2.158
1813.000	2.156
1814.000	2.156
1815.000	2.155
1816.000	2.153
1817.000	2.152
1818.000	2.150
1819.000	2.149
1820.000	2.148
1821.000	2.146
1822.000	2.145
1823.000	2.143
1824.000	2.142
1825.000	2.142
1826.000	2.140
1827.000	2.139
1828.000	2.137
1829.000	2.136
1830.000	2.135
1831.000	2.133
1832.000	2.132
1833.000	2.130
1834.000	2.129
1835.000	2.127
1836.000	2.127
1837.000	2.126
1838.000	2.124
1839.000	2.123
1840.000	2.121
1841.000	2.120
1842.000	2.119
1843.000	2.117
1844.000	2.116
1845.000	2.114
1846.000	2.113
1847.000	2.111
1848.000	2.111
1849.000	2.110
1850.000	2.108
1851.000	2.107
1852.000	2.106
1853.000	2.104
1854.000	2.103
1855.000	2.101
1856.000	2.100
1857.000	2.098
1858.000	2.097
1859.000	2.097
1860.000	2.096
1861.000	2.094
1862.000	2.093
1863.000	2.092
1864.000	2.091
1865.000	2.090
1866.000	2.089
1867.000	2.088
1868.000	2.087
1869.000	2.086
1870.000	2.086
1871.000	2.085
1872.000	2.084
1873.000	2.083
1874.000	2.082
1875.000	2.081
1876.000	2.080
1877.000	2.079
1878.000	2.077
1879.000	2.076
1880.000	2.075
1881.000	2.075
1882.000	2.074
1883.000	2.073
1884.000	2.072
1885.000	2.071
1886.000	2.070
1887.000	2.069
1888.000	2.068
1889.000	2.067
1890.000	2.066
1891.000	2.065
1892.000	2.065
1893.000	2.064
1894.000	2.063
1895.000	2.062
1896.000	2.061
1897.000	2.060
1898.000	2.059
1899.000	2.057
1900.000	2.056
1901.000	2.055
1902.000	2.054
1903.000	2.054
1904.000	2.053
1905.000	2.052
1906.000	2.051
1907.000	2.050
1908.000	2.049
1909.000	2.048
1910.000	2.047
1911.000	2.046
1912.000	2.045
1913.000	2.043
1914.000	2.043
1915.000	2.042
1916.000	2.041
1917.000	2.040
1918.000	2.039
1919.000	2.038
1920.000	2.037
1921.000	2.036
1922.000	2.035
1923.000	2.033
1924.000	2.032
1925.000	2.031
1926.000	2.031
1927.000	2.030
1928.000	2.029
1929.000	2.027
1930.000	2.026
1931.000	2.025
1932.000	2.023
1933.000	2.022
1934.000	2.021
1935.000	2.019
1936.000	2.018
1937.000	1.993
1938.000	1.991
1939.000	1.990
1940.000	1.989
1941.000	1.987
1942.000	1.986
1943.000	1.985
1944.000	1.984
1945.000	1.982
1946.000	1.981
1947.000	1.980
1948.000	1.980
1949.000	1.978
1950.000	1.977
1951.000	1.976
1952.000	1.975
1953.000	1.973
1954.000	1.972
1955.000	1.971
1956.000	1.969
1957.000	1.968
1958.000	1.967
1959.000	1.967
1960.000	1.966
1961.000	1.964
1962.000	1.963
1963.000	1.962
1964.000	1.961
1965.000	1.959
1966.000	1.958
1967.000	1.957
1968.000	1.955
1969.000	1.954
1970.000	1.954
1971.000	1.953
1972.000	1.952
1973.000	1.950
1974.000	1.949
1975.000	1.948
1976.000	1.947
1977.000	1.945
1978.000	1.944
1979.000	1.943
1980.000	1.941
1981.000	1.941
1982.000	1.940
1983.000	1.939
1984.000	1.938
1985.000	1.936
1986.000	1.935
1987.000	1.934
1988.000	1.933
1989.000	1.931
1990.000	1.930
1991.000	1.929
1992.000	1.928
1993.000	1.928
1994.000	1.926
1995.000	1.925
1996.000	1.924
1997.000	1.923
1998.000	1.921
1999.000	1.920
2000.000	1.919
2001.000	1.918
2002.000	1.916
2003.000	1.915
2004.000	1.915
2005.000	1.914
2006.000	1.913
2007.000	1.912
2008.000	1.911
2009.000	1.910
2010.000	1.909
2011.000	1.908
2012.000	1.908
2013.000	1.907
2014.000	1.906
2015.000	1.906
2016.000	1.905
2017.000	1.904
2018.000	1.904
2019.000	1.903
2020.000	1.902
2021.000	1.901
2022.000	1.900
2023.000	1.900
2024.000	1.899
2025.000	1.898
2026.000	1.898
2027.000	1.897
2028.000	1.896
2029.000	1.895
2030.000	1.895
2031.000	1.894
2032.000	1.893
2033.000	1.892
2034.000	1.891
2035.000	1.890
2036.000	1.889
2037.000	1.889
2038.000	1.888
2039.000	1.887
2040.000	1.886
2041.000	1.885
2042.000	1.884
2043.000	1.883
2044.000	1.882
2045.000	1.881
2046.000	1.880
2047.000	1.879
2048.000	1.879
2049.000	1.878
2050.000	1.877
2051.000	1.876
2052.000	1.875
2053.000	1.874
2054.000	1.873
2055.000	1.872
2056.000	1.871
2057.000	1.870
2058.000	1.869
2059.000	1.868
2060.000	1.868
2061.000	1.867
2062.000	1.866
2063.000	1.865
2064.000	1.864
2065.000	1.863
2066.000	1.862
2067.000	1.861
2068.000	1.861
2069.000	1.860
2070.000	1.859
2071.000	1.859
2072.000	1.858
2073.000	1.857
2074.000	1.856
2075.000	1.855
2076.000	1.854
2077.000	1.853
2078.000	1.852
2079.000	1.851
2080.000	1.850
2081.000	1.849
2082.000	1.849
2083.000	1.848
2084.000	1.847
2085.000	1.846
2086.000	1.845
2087.000	1.844
2088.000	1.843
2089.000	1.842
2090.000	1.841
2091.000	1.841
2092.000	1.840
2093.000	1.840
2094.000	1.839
2095.000	1.838
2096.000	1.837
2097.000	1.836
2098.000	1.835
2099.000	1.835
2100.000	1.834
2101.000	1.833
2102.000	1.833
2103.000	1.832
2104.000	1.832
2105.000	1.832
2106.000	1.831
2107.000	1.830
2108.000	1.830
2109.000	1.829
2110.000	1.828
2111.000	1.828
2112.000	1.827
2113.000	1.827
2114.000	1.826
2115.000	1.826
2116.000	1.825
2117.000	1.825
2118.000	1.824
2119.000	1.824
2120.000	1.823
2121.000	1.822
2122.000	1.822
2123.000	1.821
2124.000	1.820
2125.000	1.820
2126.000	1.820
2127.000	1.819
2128.000	1.819
2129.000	1.818
2130.000	1.817
2131.000	1.817
2132.000	1.816
2133.000	1.816
2134.000	1.815
2135.000	1.814
2136.000	1.814
2137.000	1.813
2138.000	1.813
2139.000	1.813
2140.000	1.812
2141.000	1.811
2142.000	1.811
2143.000	1.810
2144.000	1.810
2145.000	1.809
2146.000	1.809
2147.000	1.808
2148.000	1.808
2149.000	1.808
2150.000	1.807
2151.000	1.807
2152.000	1.806
2153.000	1.805
2154.000	1.805
2155.000	1.804
2156.000	1.804
2157.000	1.803
2158.000	1.803
2159.000	1.802
2160.000	1.802
2161.000	1.802
2162.000	1.801
2163.000	1.801
2164.000	1.800
2165.000	1.800
2166.000	1.799
2167.000	1.799
2168.000	1.798
2169.000	1.798
2170.000	1.797
2171.000	1.797
2172.000	1.797
2173.000	1.796
2174.000	1.796
2175.000	1.795
2176.000	1.795
2177.000	1.795
2178.000	1.794
2179.000	1.794
2180.000	1.793
2181.000	1.793
2182.000	1.793
2183.000	1.792
2184.000	1.792
2185.000	1.791
2186.000	1.791
2187.000	1.790
2188.000	1.790
2189.000	1.790
2190.000	1.789
2191.000	1.789
2192.000	1.788
2193.000	1.788
2194.000	1.788
2195.000	1.787
2196.000	1.787
2197.000	1.786
2198.000	1.786
2199.000	1.785
2200.000	1.785
2201.000	1.785
2202.000	1.784
2203.000	1.784
2204.000	1.783
2205.000	1.783
2206.000	1.783
2207.000	1.782
2208.000	1.782
2209.000	1.781
2210.000	1.781
2211.000	1.781
2212.000	1.780
2213.000	1.779
2214.000	1.779
2215.000	1.778
2216.000	1.778
2217.000	1.778
2218.000	1.777
2219.000	1.777
2220.000	1.776
2221.000	1.776
2222.000	1.775
2223.000	1.775
2224.000	1.774
2225.000	1.774
2226.000	1.773
2227.000	1.773
2228.000	1.772
2229.000	1.771
2230.000	1.771
2231.000	1.770
2232.000	1.769
2233.000	1.769
2234.000	1.768
2235.000	1.767
2236.000	1.767
2237.000	1.766
2238.000	1.766
2239.000	1.765
2240.000	1.764
2241.000	1.764
2242.000	1.763
2243.000	1.762
2244.000	1.762
2245.000	1.761
2246.000	1.760
2247.000	1.759
2248.000	1.759
2249.000	1.759
2250.000	1.758
2251.000	1.757
2252.000	1.757
2253.000	1.756
2254.000	1.755
2255.000	1.755
2256.000	1.754
2257.000	1.753
2258.000	1.752
2259.000	1.752
2260.000	1.752
2261.000	1.751
2262.000	1.750
2263.000	1.750
2264.000	1.749
2265.000	1.748
2266.000	1.748
2267.000	1.747
2268.000	1.746
2269.000	1.745
2270.000	1.745
2271.000	1.744
2272.000	1.744
2273.000	1.743
2274.000	1.743
2275.000	1.742
2276.000	1.741
2277.000	1.741
2278.000	1.740
2279.000	1.739
2280.000	1.738
2281.000	1.738
2282.000	1.737
2283.000	1.737
2284.000	1.736
2285.000	1.736
2286.000	1.735
2287.000	1.734
2288.000	1.734
2289.000	1.733
2290.000	1.732
2291.000	1.731
2292.000	1.731
2293.000	1.730
2294.000	1.730
2295.000	1.729
2296.000	1.729
2297.000	1.728
2298.000	1.727
2299.000	1.727
2300.000	1.726
2301.000	1.725
2302.000	1.725
2303.000	1.724
2304.000	1.723
2305.000	1.723
2306.000	1.723
2307.000	1.722
2308.000	1.721
2309.000	1.720
2310.000	1.720
2311.000	1.719
2312.000	1.718
2313.000	1.718
2314.000	1.717
2315.000	1.716
2316.000	1.716
2317.000	1.716
2318.000	1.715
2319.000	1.715
2320.000	1.714
2321.000	1.713
2322.000	1.713
2323.000	1.712
2324.000	1.711
2325.000	1.711
2326.000	1.710
2327.000	1.710
2328.000	1.709
2329.000	1.709
2330.000	1.708
2331.000	1.708
2332.000	1.707
2333.000	1.706
2334.000	1.706
2335.000	1.705
2336.000	1.705
2337.000	1.704
2338.000	1.704
2339.000	1.704
2340.000	1.703
2341.000	1.703
2342.000	1.702
2343.000	1.702
2344.000	1.701
2345.000	1.701
2346.000	1.700
2347.000	1.700
2348.000	1.699
2349.000	1.699
2350.000	1.699
2351.000	1.699
2352.000	1.698
2353.000	1.698
2354.000	1.697
2355.000	1.697
2356.000	1.696
2357.000	1.696
2358.000	1.695
2359.000	1.695
2360.000	1.694
2361.000	1.694
2362.000	1.694
2363.000	1.693
2364.000	1.693
2365.000	1.692
2366.000	1.692
2367.000	1.691
2368.000	1.691
2369.000	1.690
2370.000	1.690
2371.000	1.689
2372.000	1.689
2373.000	1.689
2374.000	1.689
2375.000	1.688
2376.000	1.688
2377.000	1.687
2378.000	1.687
2379.000	1.686
2380.000	1.686
2381.000	1.685
2382.000	1.685
2383.000	1.685
2384.000	1.684
2385.000	1.684
2386.000	1.683
2387.000	1.683
2388.000	1.682
2389.000	1.682
2390.000	1.681
2391.000	1.681
2392.000	1.680
2393.000	1.680
2394.000	1.680
2395.000	1.679
2396.000	1.679
2397.000	1.679
2398.000	1.678
2399.000	1.678
2400.000	1.677
2401.000	1.677
2402.000	1.676
2403.000	1.676
2404.000	1.675
2405.000	1.675
2406.000	1.675
2407.000	1.674
2408.000	1.674
2409.000	1.673
2410.000	1.673
2411.000	1.672
2412.000	1.672
2413.000	1.671
2414.000	1.671
2415.000	1.670
2416.000	1.670
2417.000	1.670
2418.000	1.670
2419.000	1.669
2420.000	1.669
2421.000	1.668
2422.000	1.668
2423.000	1.667
2424.000	1.667
2425.000	1.666
2426.000	1.666
2427.000	1.665
2428.000	1.665
2429.000	1.665
2430.000	1.664
2431.000	1.663
2432.000	1.663
2433.000	1.662
2434.000	1.662
2435.000	1.661
2436.000	1.661
2437.000	1.660
2438.000	1.660
2439.000	1.660
2440.000	1.659
2441.000	1.658
2442.000	1.658
2443.000	1.657
2444.000	1.657
2445.000	1.656
2446.000	1.656
2447.000	1.655
2448.000	1.655
2449.000	1.654
2450.000	1.652
2451.000	1.652
2452.000	1.651
2453.000	1.650
2454.000	1.650
2455.000	1.649
2456.000	1.649
2457.000	1.648
2458.000	1.648
2459.000	1.647
2460.000	1.647
2461.000	1.647
2462.000	1.646
2463.000	1.645
2464.000	1.645
2465.000	1.644
2466.000	1.644
2467.000	1.644
2468.000	1.643
2469.000	1.643
2470.000	1.643
2471.000	1.642
2472.000	1.642
2473.000	1.642
2474.000	1.641
2475.000	1.641
2476.000	1.641
2477.000	1.640
2478.000	1.640
2479.000	1.640
2480.000	1.639
2481.000	1.639
2482.000	1.638
2483.000	1.638
2484.000	1.638
2485.000	1.638
2486.000	1.637
2487.000	1.637
2488.000	1.637
2489.000	1.636
2490.000	1.636
2491.000	1.635
2492.000	1.635
2493.000	1.635
2494.000	1.634
2495.000	1.634
2496.000	1.634
2497.000	1.634
2498.000	1.633
2499.000	1.633
2500.000	1.632
2501.000	1.632
2502.000	1.632
2503.000	1.631
2504.000	1.631
2505.000	1.631
2506.000	1.631
2507.000	1.630
2508.000	1.630
2509.000	1.629
2510.000	1.629
2511.000	1.629
2512.000	1.628
2513.000	1.628
2514.000	1.628
2515.000	1.627
2516.000	1.627
2517.000	1.627
2518.000	1.626
2519.000	1.626
2520.000	1.626
2521.000	1.625
2522.000	1.625
2523.000	1.625
2524.000	1.624
2525.000	1.624
2526.000	1.624
2527.000	1.623
2528.000	1.623
2529.000	1.623
2530.000	1.622
2531.000	1.622
2532.000	1.622
2533.000	1.621
2534.000	1.621
2535.000	1.621
2536.000	1.620
2537.000	1.620
2538.000	1.619
2539.000	1.619
2540.000	1.619
2541.000	1.619
2542.000	1.618
2543.000	1.618
2544.000	1.617
2545.000	1.617
2546.000	1.617
2547.000	1.616
2548.000	1.616
2549.000	1.616
2550.000	1.615
2551.000	1.615
2552.000	1.615
2553.000	1.614
2554.000	1.614
2555.000	1.614
2556.000	1.613
2557.000	1.613
2558.000	1.612
2559.000	1.612
2560.000	1.612
2561.000	1.611
2562.000	1.611
2563.000	1.611
2564.000	1.611
2565.000	1.610
2566.000	1.610
2567.000	1.609
2568.000	1.609
2569.000	1.609
2570.000	1.608
2571.000	1.608
2572.000	1.607
2573.000	1.607
2574.000	1.607
2575.000	1.607
2576.000	1.606
2577.000	1.606
2578.000	1.606
2579.000	1.605
2580.000	1.605
2581.000	1.604
2582.000	1.604
2583.000	1.604
2584.000	1.604
2585.000	1.603
2586.000	1.603
2587.000	1.602
2588.000	1.602
2589.000	1.602
2590.000	1.601
2591.000	1.601
2592.000	1.600
2593.000	1.600
2594.000	1.600
2595.000	1.600
2596.000	1.599
2597.000	1.599
2598.000	1.598
2599.000	1.598
2600.000	1.598
2601.000	1.597
2602.000	1.597
2603.000	1.596
2604.000	1.596
2605.000	1.596
2606.000	1.596
2607.000	1.595
2608.000	1.595
2609.000	1.594
2610.000	1.594
2611.000	1.594
2612.000	1.593
2613.000	1.593
2614.000	1.592
2615.000	1.592
2616.000	1.592
2617.000	1.592
2618.000	1.591
2619.000	1.591
2620.000	1.590
2621.000	1.590
2622.000	1.589
2623.000	1.589
2624.000	1.589
2625.000	1.588
2626.000	1.588
2627.000	1.587
2628.000	1.587
2629.000	1.587
2630.000	1.587
2631.000	1.586
2632.000	1.586
2633.000	1.585
2634.000	1.585
2635.000	1.585
2636.000	1.584
2637.000	1.584
2638.000	1.583
2639.000	1.583
2640.000	1.583
2641.000	1.582
2642.000	1.582
2643.000	1.581
2644.000	1.581
2645.000	1.580
2646.000	1.580
2647.000	1.579
2648.000	1.579
2649.000	1.578
2650.000	1.578
2651.000	1.578
2652.000	1.577
2653.000	1.577
2654.000	1.576
2655.000	1.576
2656.000	1.575
2657.000	1.575
2658.000	1.575
2659.000	1.574
2660.000	1.574
2661.000	1.573
2662.000	1.573
2663.000	1.573
2664.000	1.572
2665.000	1.572
2666.000	1.571
2667.000	1.571
2668.000	1.570
2669.000	1.570
2670.000	1.569
2671.000	1.569
2672.000	1.568
2673.000	1.568
2674.000	1.568
2675.000	1.567
2676.000	1.567
2677.000	1.566
2678.000	1.566
2679.000	1.565
2680.000	1.565
2681.000	1.565
2682.000	1.564
2683.000	1.564
2684.000	1.564
2685.000	1.563
2686.000	1.563
2687.000	1.563
2688.000	1.562
2689.000	1.562
2690.000	1.562
2691.000	1.561
2692.000	1.561
2693.000	1.560
2694.000	1.560
2695.000	1.559
2696.000	1.559
2697.000	1.559
2698.000	1.559
2699.000	1.558
2700.000	1.558
2701.000	1.558
2702.000	1.557
2703.000	1.557
2704.000	1.557
2705.000	1.557
2706.000	1.556
2707.000	1.556
2708.000	1.556
2709.000	1.556
2710.000	1.555
2711.000	1.555
2712.000	1.555
2713.000	1.555
2714.000	1.554
2715.000	1.554
2716.000	1.554
2717.000	1.553
2718.000	1.553
2719.000	1.553
2720.000	1.553
2721.000	1.553
2722.000	1.552
2723.000	1.552
2724.000	1.552
2725.000	1.551
2726.000	1.551
2727.000	1.551
2728.000	1.551
2729.000	1.551
2730.000	1.550
2731.000	1.550
2732.000	1.550
2733.000	1.549
2734.000	1.549
2735.000	1.549
2736.000	1.549
2737.000	1.548
2738.000	1.548
2739.000	1.548
2740.000	1.548
2741.000	1.548
2742.000	1.547
2743.000	1.547
2744.000	1.547
2745.000	1.546
2746.000	1.546
2747.000	1.546
2748.000	1.546
2749.000	1.545
2750.000	1.545
2751.000	1.545
2752.000	1.545
2753.000	1.544
2754.000	1.544
2755.000	1.544
2756.000	1.544
2757.000	1.543
2758.000	1.543
2759.000	1.543
2760.000	1.542
2761.000	1.542
2762.000	1.542
2763.000	1.542
2764.000	1.542
2765.000	1.541
2766.000	1.541
2767.000	1.541
2768.000	1.540
2769.000	1.540
2770.000	1.540
2771.000	1.540
2772.000	1.539
2773.000	1.539
2774.000	1.539
2775.000	1.539
2776.000	1.538
2777.000	1.538
2778.000	1.538
2779.000	1.538
2780.000	1.537
2781.000	1.537
2782.000	1.537
2783.000	1.537
2784.000	1.536
2785.000	1.536
2786.000	1.536
2787.000	1.536
2788.000	1.535
2789.000	1.535
2790.000	1.535
2791.000	1.535
2792.000	1.534
2793.000	1.534
2794.000	1.534
2795.000	1.533
2796.000	1.533
2797.000	1.533
2798.000	1.533
2799.000	1.533
2800.000	1.532
2801.000	1.532
2802.000	1.532
2803.000	1.532
2804.000	1.531
2805.000	1.531
2806.000	1.531
2807.000	1.531
2808.000	1.530
2809.000	1.530
2810.000	1.530
2811.000	1.530
2812.000	1.529
2813.000	1.529
2814.000	1.529
2815.000	1.528
2816.000	1.528
2817.000	1.528
2818.000	1.528
2819.000	1.528
2820.000	1.527
2821.000	1.527
2822.000	1.527
2823.000	1.527
2824.000	1.526
2825.000	1.526
2826.000	1.526
2827.000	1.525
2828.000	1.525
2829.000	1.525
2830.000	1.525
2831.000	1.525
2832.000	1.524
2833.000	1.524
2834.000	1.524
2835.000	1.523
2836.000	1.523
2837.000	1.523
2838.000	1.523
2839.000	1.522
2840.000	1.522
2841.000	1.522
2842.000	1.522
2843.000	1.522
2844.000	1.521
2845.000	1.521
2846.000	1.521
2847.000	1.520
2848.000	1.520
2849.000	1.520
2850.000	1.520
2851.000	1.519
2852.000	1.519
2853.000	1.519
2854.000	1.519
2855.000	1.519
2856.000	1.518
2857.000	1.518
2858.000	1.518
2859.000	1.518
2860.000	1.517
2861.000	1.517
2862.000	1.517
2863.000	1.517
2864.000	1.517
2865.000	1.516
2866.000	1.516
2867.000	1.516
2868.000	1.516
2869.000	1.515
2870.000	1.515
2871.000	1.515
2872.000	1.515
2873.000	1.514
2874.000	1.514
2875.000	1.514
2876.000	1.514
2877.000	1.514
2878.000	1.513
2879.000	1.513
2880.000	1.513
2881.000	1.513
2882.000	1.512
2883.000	1.512
2884.000	1.512
2885.000	1.472
2886.000	1.472
2887.000	1.471
2888.000	1.471
2889.000	1.471
2890.000	1.471
2891.000	1.470
2892.000	1.470
2893.000	1.470
2894.000	1.470
2895.000	1.469
2896.000	1.469
2897.000	1.469
2898.000	1.469
2899.000	1.469
2900.000	1.468
2901.000	1.468
2902.000	1.468
2903.000	1.468
2904.000	1.467
2905.000	1.467
2906.000	1.467
2907.000	1.467
2908.000	1.467
2909.000	1.466
2910.000	1.466
2911.000	1.466
2912.000	1.466
2913.000	1.466
2914.000	1.465
2915.000	1.465
2916.000	1.465
2917.000	1.465
2918.000	1.464
2919.000	1.464
2920.000	1.464
2921.000	1.464
2922.000	1.464
2923.000	1.463
2924.000	1.463
2925.000	1.463
2926.000	1.463
2927.000	1.462
2928.000	1.462
2929.000	1.462
2930.000	1.462
2931.000	1.462
2932.000	1.461
2933.000	1.461
2934.000	1.461
2935.000	1.461
2936.000	1.461
2937.000	1.460
2938.000	1.460
2939.000	1.460
2940.000	1.460
2941.000	1.460
2942.000	1.460
2943.000	1.459
2944.000	1.459
2945.000	1.459
2946.000	1.459
2947.000	1.459
2948.000	1.459
2949.000	1.458
2950.000	1.458
2951.000	1.458
2952.000	1.458
2953.000	1.458
2954.000	1.458
2955.000	1.458
2956.000	1.457
2957.000	1.457
2958.000	1.457
2959.000	1.457
2960.000	1.457
2961.000	1.456
2962.000	1.456
2963.000	1.456
2964.000	1.456
2965.000	1.456
2966.000	1.456
2967.000	1.456
2968.000	1.455
2969.000	1.455
2970.000	1.455
2971.000	1.455
2972.000	1.455
2973.000	1.455
2974.000	1.454
2975.000	1.454
2976.000	1.454
2977.000	1.454
2978.000	1.454
2979.000	1.454
2980.000	1.454
2981.000	1.453
2982.000	1.453
2983.000	1.453
2984.000	1.453
2985.000	1.453
2986.000	1.453
2987.000	1.453
2988.000	1.452
2989.000	1.452
2990.000	1.452
2991.000	1.452
2992.000	1.452
2993.000	1.452
2994.000	1.451
2995.000	1.451
2996.000	1.451
2997.000	1.451
2998.000	1.451
2999.000	1.451
3000.000	1.451
3001.000	1.450
3002.000	1.450
3003.000	1.450
3004.000	1.450
3005.000	1.450
3006.000	1.450
3007.000	1.449
3008.000	1.449
3009.000	1.449
3010.000	1.449
3011.000	1.449
3012.000	1.449
3013.000	1.449
3014.000	1.448
3015.000	1.448
3016.000	1.448
3017.000	1.448
3018.000	1.448
3019.000	1.448
3020.000	1.448
3021.000	1.447
3022.000	1.447
3023.000	1.447
3024.000	1.447
3025.000	1.447
3026.000	1.447
3027.000	1.446
3028.000	1.446
3029.000	1.446
3030.000	1.446
3031.000	1.446
3032.000	1.446
3033.000	1.446
3034.000	1.445
3035.000	1.445
3036.000	1.445
3037.000	1.445
3038.000	1.445
3039.000	1.444
3040.000	1.444
3041.000	1.444
3042.000	1.444
3043.000	1.444
3044.000	1.444
3045.000	1.444
3046.000	1.443
3047.000	1.443
3048.000	1.443
3049.000	1.443
3050.000	1.443
3051.000	1.443
3052.000	1.443
3053.000	1.443
3054.000	1.442
3055.000	1.442
3056.000	1.442
3057.000	1.442
3058.000	1.442
3059.000	1.441
3060.000	1.441
3061.000	1.441
3062.000	1.441
3063.000	1.440
3064.000	1.440
3065.000	1.440
3066.000	1.440
3067.000	1.440
3068.000	1.440
3069.000	1.439
3070.000	1.439
3071.000	1.439
3072.000	1.439
3073.000	1.438
3074.000	1.438
3075.000	1.438
3076.000	1.438
3077.000	1.438
3078.000	1.438
3079.000	1.437
3080.000	1.437
3081.000	1.437
3082.000	1.437
3083.000	1.436
3084.000	1.436
3085.000	1.436
3086.000	1.436
3087.000	1.436
3088.000	1.436
3089.000	1.435
3090.000	1.435
3091.000	1.435
3092.000	1.435
3093.000	1.434
3094.000	1.434
3095.000	1.434
3096.000	1.434
3097.000	1.434
3098.000	1.434
3099.000	1.433
3100.000	1.433
3101.000	1.433
3102.000	1.433
3103.000	1.432
3104.000	1.432
3105.000	1.432
3106.000	1.432
3107.000	1.431
3108.000	1.431
3109.000	1.431
3110.000	1.431
3111.000	1.431
3112.000	1.430
3113.000	1.430
3114.000	1.430
3115.000	1.430
3116.000	1.429
3117.000	1.429
3118.000	1.429
3119.000	1.429
3120.000	1.429
3121.000	1.429
3122.000	1.428
3123.000	1.428
3124.000	1.428
3125.000	1.428
3126.000	1.427
3127.000	1.427
3128.000	1.427
3129.000	1.427
3130.000	1.426
3131.000	1.426
3132.000	1.426
3133.000	1.426
3134.000	1.426
3135.000	1.425
3136.000	1.425
3137.000	1.425
3138.000	1.425
3139.000	1.425
3140.000	1.424
3141.000	1.424
3142.000	1.424
3143.000	1.424
3144.000	1.424
3145.000	1.424
3146.000	1.423
3147.000	1.423
3148.000	1.423
3149.000	1.423
3150.000	1.422
3151.000	1.422
3152.000	1.422
3153.000	1.422
3154.000	1.422
3155.000	1.422
3156.000	1.421
3157.000	1.421
3158.000	1.421
3159.000	1.421
3160.000	1.421
3161.000	1.420
3162.000	1.420
3163.000	1.420
3164.000	1.420
3165.000	1.420
3166.000	1.419
3167.000	1.419
3168.000	1.419
3169.000	1.419
3170.000	1.419
3171.000	1.418
3172.000	1.418
3173.000	1.418
3174.000	1.418
3175.000	1.418
3176.000	1.418
3177.000	1.417
3178.000	1.417
3179.000	1.417
3180.000	1.417
3181.000	1.416
3182.000	1.416
3183.000	1.416
3184.000	1.416
3185.000	1.416
3186.000	1.415
3187.000	1.415
3188.000	1.415
3189.000	1.415
3190.000	1.415
3191.000	1.415
3192.000	1.415
3193.000	1.415
3194.000	1.414
3195.000	1.414
3196.000	1.414
3197.000	1.414
3198.000	1.414
3199.000	1.414
3200.000	1.414
3201.000	1.414
3202.000	1.413
3203.000	1.413
3204.000	1.413
3205.000	1.413
3206.000	1.413
3207.000	1.413
3208.000	1.412
3209.000	1.412
3210.000	1.412
3211.000	1.412
3212.000	1.412
3213.000	1.412
3214.000	1.411
3215.000	1.411
3216.000	1.411
3217.000	1.411
3218.000	1.410
3219.000	1.410
3220.000	1.410
3221.000	1.410
3222.000	1.410
3223.000	1.409
3224.000	1.409
3225.000	1.409
3226.000	1.409
3227.000	1.408
3228.000	1.408
3229.000	1.408
3230.000	1.408
3231.000	1.408
3232.000	1.407
3233.000	1.407
3234.000	1.407
3235.000	1.407
3236.000	1.406
3237.000	1.406
3238.000	1.406
3239.000	1.406
3240.000	1.406
3241.000	1.405
3242.000	1.405
3243.000	1.405
3244.000	1.405
3245.000	1.405
3246.000	1.404
3247.000	1.404
3248.000	1.404
3249.000	1.404
3250.000	1.403
3251.000	1.403
3252.000	1.403
3253.000	1.403
3254.000	1.403
3255.000	1.402
3256.000	1.402
3257.000	1.402
3258.000	1.402
3259.000	1.402
3260.000	1.401
3261.000	1.401
3262.000	1.401
3263.000	1.401
3264.000	1.401
3265.000	1.401
3266.000	1.400
3267.000	1.400
3268.000	1.400
3269.000	1.400
3270.000	1.400
3271.000	1.399
3272.000	1.399
3273.000	1.399
3274.000	1.399
3275.000	1.399
3276.000	1.399
3277.000	1.399
3278.000	1.398
3279.000	1.398
3280.000	1.398
3281.000	1.398
3282.000	1.398
3283.000	1.397
3284.000	1.397
3285.000	1.397
3286.000	1.397
3287.000	1.397
3288.000	1.397
3289.000	1.396
3290.000	1.396
3291.000	1.396
3292.000	1.396
3293.000	1.396
3294.000	1.395
3295.000	1.395
3296.000	1.395
3297.000	1.395
3298.000	1.395
3299.000	1.395
3300.000	1.395
3301.000	1.394
3302.000	1.394
3303.000	1.394
3304.000	1.394
3305.000	1.394
3306.000	1.393
3307.000	1.393
3308.000	1.393
3309.000	1.393
3310.000	1.393
3311.000	1.393
3312.000	1.392
3313.000	1.392
3314.000	1.392
3315.000	1.392
3316.000	1.392
3317.000	1.392
3318.000	1.391
3319.000	1.391
3320.000	1.391
3321.000	1.391
3322.000	1.391
3323.000	1.391
3324.000	1.390
3325.000	1.390
3326.000	1.390
3327.000	1.390
3328.000	1.390
3329.000	1.390
3330.000	1.389
3331.000	1.389
3332.000	1.389
3333.000	1.389
3334.000	1.389
3335.000	1.389
3336.000	1.388
3337.000	1.388
3338.000	1.388
3339.000	1.388
3340.000	1.388
3341.000	1.387
3342.000	1.387
3343.000	1.387
3344.000	1.387
3345.000	1.387
3346.000	1.387
3347.000	1.386
3348.000	1.386
3349.000	1.386
3350.000	1.386
3351.000	1.386
3352.000	1.385
3353.000	1.385
3354.000	1.385
3355.000	1.385
3356.000	1.385
3357.000	1.384
3358.000	1.384
3359.000	1.384
3360.000	1.384
3361.000	1.384
3362.000	1.383
3363.000	1.383
3364.000	1.383
3365.000	1.383
3366.000	1.383
3367.000	1.382
3368.000	1.382
3369.000	1.382
3370.000	1.382
3371.000	1.382
3372.000	1.381
3373.000	1.381
3374.000	1.381
3375.000	1.381
3376.000	1.381
3377.000	1.380
3378.000	1.380
3379.000	1.380
3380.000	1.380
3381.000	1.380
3382.000	1.379
3383.000	1.379
3384.000	1.379
3385.000	1.379
3386.000	1.378
3387.000	1.378
3388.000	1.378
3389.000	1.378
3390.000	1.378
3391.000	1.378
3392.000	1.377
3393.000	1.377
3394.000	1.377
3395.000	1.377
3396.000	1.377
3397.000	1.376
3398.000	1.376
3399.000	1.376
3400.000	1.376
3401.000	1.376
3402.000	1.375
3403.000	1.375
3404.000	1.375
3405.000	1.375
3406.000	1.375
3407.000	1.374
3408.000	1.374
3409.000	1.374
3410.000	1.374
3411.000	1.374
3412.000	1.373
3413.000	1.373
3414.000	1.373
3415.000	1.373
3416.000	1.373
3417.000	1.372
3418.000	1.372
3419.000	1.372
3420.000	1.372
3421.000	1.372
3422.000	1.372
3423.000	1.371
3424.000	1.371
3425.000	1.371
3426.000	1.371
3427.000	1.370
3428.000	1.370
3429.000	1.370
3430.000	1.370
3431.000	1.370
3432.000	1.370
3433.000	1.369
3434.000	1.369
3435.000	1.369
3436.000	1.369
3437.000	1.369
3438.000	1.368
3439.000	1.368
3440.000	1.368
3441.000	1.368
3442.000	1.367
3443.000	1.367
3444.000	1.367
3445.000	1.367
3446.000	1.367
3447.000	1.367
3448.000	1.366
3449.000	1.366
3450.000	1.366
3451.000	1.366
3452.000	1.366
3453.000	1.365
3454.000	1.365
3455.000	1.365
3456.000	1.365
3457.000	1.365
3458.000	1.364
3459.000	1.364
3460.000	1.364
3461.000	1.364
3462.000	1.364
3463.000	1.363
3464.000	1.363
3465.000	1.363
3466.000	1.363
3467.000	1.363
3468.000	1.363
3469.000	1.362
3470.000	1.362
3471.000	1.362
3472.000	1.362
3473.000	1.361
3474.000	1.361
3475.000	1.361
3476.000	1.361
3477.000	1.361
3478.000	1.361
3479.000	1.360
3480.000	1.360
3481.000	1.360
3482.000	1.360
3483.000	1.360
3484.000	1.359
3485.000	1.359
3486.000	1.359
3487.000	1.359
3488.000	1.359
3489.000	1.358
3490.000	1.358
3491.000	1.358
3492.000	1.358
3493.000	1.358
3494.000	1.357
3495.000	1.357
3496.000	1.357
3497.000	1.357
3498.000	1.357
3499.000	1.357
3500.000	1.356
3501.000	1.356
3502.000	1.356
3503.000	1.356
3504.000	1.356
3505.000	1.355
3506.000	1.355
3507.000	1.355
3508.000	1.355
3509.000	1.354
3510.000	1.354
3511.000	1.354
3512.000	1.354
3513.000	1.354
3514.000	1.354
3515.000	1.353
3516.000	1.353
3517.000	1.353
3518.000	1.353
3519.000	1.353
3520.000	1.352
3521.000	1.352
3522.000	1.352
3523.000	1.352
3524.000	1.352
3525.000	1.352
3526.000	1.351
3527.000	1.351
3528.000	1.351
3529.000	1.351
3530.000	1.350
3531.000	1.350
3532.000	1.350
3533.000	1.350
3534.000	1.350
3535.000	1.350
3536.000	1.349
3537.000	1.349
3538.000	1.349
3539.000	1.349
3540.000	1.349
3541.000	1.348
3542.000	1.348
3543.000	1.348
3544.000	1.348
3545.000	1.348
3546.000	1.348
3547.000	1.347
3548.000	1.347
3549.000	1.347
3550.000	1.347
3551.000	1.346
3552.000	1.346
3553.000	1.346
3554.000	1.346
3555.000	1.346
3556.000	1.346
3557.000	1.345
3558.000	1.345
3559.000	1.345
3560.000	1.345
3561.000	1.345
3562.000	1.344
3563.000	1.344
3564.000	1.344
3565.000	1.344
3566.000	1.344
3567.000	1.344
3568.000	1.343
3569.000	1.343
3570.000	1.343
3571.000	1.343
3572.000	1.343
3573.000	1.342
3574.000	1.342
3575.000	1.342
3576.000	1.342
3577.000	1.342
3578.000	1.342
3579.000	1.341
3580.000	1.341
3581.000	1.341
3582.000	1.341
3583.000	1.340
3584.000	1.340
3585.000	1.340
3586.000	1.340
3587.000	1.340
3588.000	1.340
3589.000	1.339
3590.000	1.339
3591.000	1.339
3592.000	1.339
3593.000	1.339
3594.000	1.338
3595.000	1.338
3596.000	1.338
3597.000	1.338
3598.000	1.338
3599.000	1.338
3600.000	1.337
3601.000	1.337
3602.000	1.337
3603.000	1.337
3604.000	1.337
3605.000	1.336
3606.000	1.336
3607.000	1.336
3608.000	1.336
3609.000	1.335
3610.000	1.335
3611.000	1.335
3612.000	1.335
3613.000	1.335
3614.000	1.335
3615.000	1.334
3616.000	1.334
3617.000	1.334
3618.000	1.334
3619.000	1.334
3620.000	1.333
3621.000	1.333
3622.000	1.333
3623.000	1.333
3624.000	1.333
3625.000	1.332
3626.000	1.332
3627.000	1.332
3628.000	1.332
3629.000	1.332
3630.000	1.331
3631.000	1.331
3632.000	1.331
3633.000	1.331
3634.000	1.331
3635.000	1.331
3636.000	1.330
3637.000	1.330
3638.000	1.330
3639.000	1.330
3640.000	1.329
3641.000	1.329
3642.000	1.329
3643.000	1.329
3644.000	1.329
3645.000	1.329
3646.000	1.328
3647.000	1.328
3648.000	1.328
3649.000	1.328
3650.000	1.328
3651.000	1.327
3652.000	1.327
3653.000	1.327
3654.000	1.327
3655.000	1.327
3656.000	1.326
3657.000	1.326
3658.000	1.326
3659.000	1.326
3660.000	1.326
3661.000	1.325
3662.000	1.325
3663.000	1.325
3664.000	1.325
3665.000	1.325
3666.000	1.325
3667.000	1.324
3668.000	1.324
3669.000	1.324
3670.000	1.324
3671.000	1.323
3672.000	1.323
3673.000	1.323
3674.000	1.323
3675.000	1.322
3676.000	1.322
3677.000	1.322
3678.000	1.322
3679.000	1.322
3680.000	1.321
3681.000	1.321
3682.000	1.321
3683.000	1.321
3684.000	1.321
3685.000	1.320
3686.000	1.320
3687.000	1.320
3688.000	1.320
3689.000	1.320
3690.000	1.319
3691.000	1.319
3692.000	1.319
3693.000	1.319
3694.000	1.318
3695.000	1.318
3696.000	1.318
3697.000	1.318
3698.000	1.318
3699.000	1.318
3700.000	1.318
3701.000	1.317
3702.000	1.317
3703.000	1.317
3704.000	1.317
3705.000	1.317
3706.000	1.317
3707.000	1.316
3708.000	1.316
3709.000	1.316
3710.000	1.316
3711.000	1.316
3712.000	1.316
3713.000	1.316
3714.000	1.315
3715.000	1.315
3716.000	1.315
3717.000	1.315
3718.000	1.315
3719.000	1.315
3720.000	1.314
3721.000	1.314
3722.000	1.314
3723.000	1.314
3724.000	1.314
3725.000	1.313
3726.000	1.313
3727.000	1.313
3728.000	1.313
3729.000	1.313
3730.000	1.312
3731.000	1.312
3732.000	1.312
3733.000	1.312
3734.000	1.312
3735.000	1.311
3736.000	1.311
3737.000	1.311
3738.000	1.311
3739.000	1.310
3740.000	1.310
3741.000	1.310
3742.000	1.309
3743.000	1.309
3744.000	1.309
3745.000	1.309
3746.000	1.309
3747.000	1.309
3748.000	1.309
3749.000	1.309
3750.000	1.309
3751.000	1.309
3752.000	1.309
3753.000	1.309
3754.000	1.309
3755.000	1.309
3756.000	1.309
3757.000	1.309
3758.000	1.309
3759.000	1.309
3760.000	1.309
3761.000	1.309
3762.000	1.309
3763.000	1.309
3764.000	1.309
3765.000	1.309
3766.000	1.309
3767.000	1.309
3768.000	1.309
3769.000	1.309
3770.000	1.309
3771.000	1.309
3772.000	1.309
3773.000	1.309
3774.000	1.309
3775.000	1.309
3776.000	1.309
3777.000	1.309
3778.000	1.309
3779.000	1.309
3780.000	1.309
3781.000	1.309
3782.000	1.309
3783.000	1.309
3784.000	1.309
3785.000	1.309
3786.000	1.309
3787.000	1.309
3788.000	1.309
3789.000	1.309
3790.000	1.309
3791.000	1.309
3792.000	1.309
3793.000	1.309
3794.000	1.309
3795.000	1.309
3796.000	1.309
3797.000	1.309
3798.000	1.309
3799.000	1.309
3800.000	1.309
3801.000	1.309
3802.000	1.309
3803.000	1.309
3804.000	1.309
3805.000	1.309
3806.000	1.309
3807.000	1.309
3808.000	1.309
3809.000	1.309
3810.000	1.309
3811.000	1.309
3812.000	1.309
3813.000	1.309
3814.000	1.309
3815.000	1.309
3816.000	1.309
3817.000	1.309
3818.000	1.309
3819.000	1.309
3820.000	1.309
3821.000	1.309
3822.000	1.309
3823.000	1.309
3824.000	1.309
3825.000	1.309
3826.000	1.309
3827.000	1.309
3828.000	1.309
3829.000	1.309
3830.000	1.309
3831.000	1.309
3832.000	1.309
3833.000	1.309
3834.000	1.309
3835.000	1.309
3836.000	1.309
3837.000	1.309
3838.000	1.309
3839.000	1.309
3840.000	1.309
3841.000	1.309
3842.000	1.309
3843.000	1.309
3844.000	1.309
3845.000	1.309
3846.000	1.309
3847.000	1.309
3848.000	1.309
3849.000	1.309
3850.000	1.309
3851.000	1.309
3852.000	1.309
3853.000	1.309
3854.000	1.309
3855.000	1.309
3856.000	1.309
3857.000	1.309
3858.000	1.309
3859.000	1.309
3860.000	1.309
3861.000	1.309
3862.000	1.309
3863.000	1.309
3864.000	1.309
3865.000	1.309
3866.000	1.309
3867.000	1.309
3868.000	1.309
3869.000	1.309
3870.000	1.309
3871.000	1.309
3872.000	1.309
3873.000	1.309
3874.000	1.309
3875.000	1.309
3876.000	1.309
3877.000	1.309
3878.000	1.309
3879.000	1.309
3880.000	1.309
3881.000	1.309
3882.000	1.309
3883.000	1.309
3884.000	1.309
3885.000	1.309
3886.000	1.309
3887.000	1.309
3888.000	1.309
3889.000	1.309
3890.000	1.309
3891.000	1.309
3892.000	1.309
3893.000	1.309
3894.000	1.309
3895.000	1.309
3896.000	1.309
3897.000	1.309
3898.000	1.309
3899.000	1.309
3900.000	1.309
3901.000	1.309
3902.000	1.309
3903.000	1.309
3904.000	1.309
3905.000	1.309
3906.000	1.309
3907.000	1.309
3908.000	1.309
3909.000	1.309
3910.000	1.309
3911.000	1.309
3912.000	1.309
3913.000	1.309
3914.000	1.309
3915.000	1.309
3916.000	1.309
3917.000	1.309
3918.000	1.309
3919.000	1.309
3920.000	1.309
3921.000	1.309
3922.000	1.309
3923.000	1.309
3924.000	1.309
3925.000	1.309
3926.000	1.309
3927.000	1.309
3928.000	1.309
3929.000	1.309
3930.000	1.309
3931.000	1.309
3932.000	1.309
3933.000	1.309
3934.000	1.309
3935.000	1.309
3936.000	1.309
3937.000	1.309
3938.000	1.302
3939.000	1.302
3940.000	1.302
3941.000	1.302
3942.000	1.302
3943.000	1.302
3944.000	1.302
3945.000	1.302
3946.000	1.302
3947.000	1.302
3948.000	1.302
3949.000	1.302
3950.000	1.302
3951.000	1.302
3952.000	1.302
3953.000	1.302
3954.000	1.302
3955.000	1.302
3956.000	1.302
3957.000	1.302
3958.000	1.302
3959.000	1.302
3960.000	1.302
3961.000	1.302
3962.000	1.302
3963.000	1.302
3964.000	1.302
3965.000	1.302
3966.000	1.302
3967.000	1.302
3968.000	1.302
3969.000	1.302
3970.000	1.302
3971.000	1.302
3972.000	1.302
3973.000	1.302
3974.000	1.302
3975.000	1.302
3976.000	1.302
3977.000	1.302
3978.000	1.302
3979.000	1.302
3980.000	1.302
3981.000	1.302
3982.000	1.302
3983.000	1.302
3984.000	1.302
3985.000	1.302
3986.000	1.302
3987.000	1.302
3988.000	1.302
3989.000	1.302
3990.000	1.302
3991.000	1.302
3992.000	1.302
3993.000	1.302
3994.000	1.302
3995.000	1.302
3996.000	1.302
3997.000	1.302
3998.000	1.302
3999.000	1.302
4000.000	1.302
4001.000	1.302
4002.000	1.302
4003.000	1.302
4004.000	1.302
4005.000	1.302
4006.000	1.286
4007.000	1.286
4008.000	1.286
4009.000	1.286
4010.000	1.286
4011.000	1.286
4012.000	1.286
4013.000	1.286
4014.000	1.286
4015.000	1.286
4016.000	1.286
4017.000	1.286
4018.000	1.286
4019.000	1.286
4020.000	1.286
4021.000	1.286
4022.000	1.286
4023.000	1.286
4024.000	1.286
4025.000	1.286
4026.000	1.286
4027.000	1.286
4028.000	1.286
4029.000	1.286
4030.000	1.286
4031.000	1.286
4032.000	1.286
4033.000	1.286
4034.000	1.286
4035.000	1.286
4036.000	1.286
4037.000	1.286
4038.000	1.286
4039.000	1.286
4040.000	1.286
4041.000	1.286
4042.000	1.286
4043.000	1.286
4044.000	1.286
4045.000	1.286
4046.000	1.286
4047.000	1.286
4048.000	1.286
4049.000	1.286
4050.000	1.286
4051.000	1.286
4052.000	1.286
4053.000	1.286
4054.000	1.286
4055.000	1.286
4056.000	1.286
4057.000	1.286
4058.000	1.286
4059.000	1.286
4060.000	1.286
4061.000	1.286
4062.000	1.286
4063.000	1.286
4064.000	1.286
4065.000	1.286
4066.000	1.286
4067.000	1.250
4068.000	1.250
4069.000	1.250
4070.000	1.250
4071.000	1.250
4072.000	1.250
4073.000	1.250
4074.000	1.250
4075.000	1.250
4076.000	1.250
4077.000	1.250
4078.000	1.250
4079.000	1.250
4080.000	1.250
4081.000	1.250
4082.000	1.237
4083.000	1.237
4084.000	1.237
4085.000	1.237
4086.000	1.196
4087.000	1.191
4088.000	1.191
4089.000	1.191
4090.000	1.191
4091.000	1.191
4092.000	1.191
4093.000	1.191
4094.000	1.126
4095.000	1.126
