0.000	17.546
1.000	17.543
2.000	17.450
3.000	17.447
4.000	17.445
5.000	17.443
6.000	17.440
7.000	17.438
8.000	17.435
9.000	17.433
10.000	17.431
11.000	17.428
12.000	17.426
13.000	17.423
14.000	17.420
15.000	17.418
16.000	17.416
17.000	17.410
18.000	17.408
19.000	17.403
20.000	17.401
21.000	17.398
22.000	17.396
23.000	17.393
24.000	17.391
25.000	17.389
26.000	17.386
27.000	17.384
28.000	17.382
29.000	17.379
30.000	17.377
31.000	17.374
32.000	17.372
33.000	17.370
34.000	17.367
35.000	17.365
36.000	17.362
37.000	17.360
38.000	17.357
39.000	17.355
40.000	17.353
41.000	17.350
42.000	17.348
43.000	17.345
44.000	17.343
45.000	17.340
46.000	17.338
47.000	17.335
48.000	17.333
49.000	17.330
50.000	17.328
51.000	17.325
52.000	17.323
53.000	17.320
54.000	17.318
55.000	17.315
56.000	17.313
57.000	17.310
58.000	17.308
59.000	17.306
60.000	17.303
61.000	17.301
62.000	17.298
63.000	17.296
64.000	17.293
65.000	17.291
66.000	17.288
67.000	17.286
68.000	17.283
69.000	17.281
70.000	17.278
71.000	17.276
72.000	17.273
73.000	17.271
74.000	17.269
75.000	17.266
76.000	17.264
77.000	17.262
78.000	17.259
79.000	17.256
80.000	17.254
81.000	17.251
82.000	17.248
83.000	17.245
84.000	17.243
85.000	17.240
86.000	17.238
87.000	17.235
88.000	17.232
89.000	17.229
90.000	17.226
91.000	17.223
92.000	17.220
93.000	17.217
94.000	17.214
95.000	17.210
96.000	17.208
97.000	17.204
98.000	17.200
99.000	17.197
100.000	17.193
101.000	17.189
102.000	17.185
103.000	17.181
104.000	17.176
105.000	17.171
106.000	17.166
107.000	17.164
108.000	17.159
109.000	17.154
110.000	17.148
111.000	17.142
112.000	17.136
113.000	17.130
114.000	17.123
115.000	17.117
116.000	17.110
117.000	17.103
118.000	17.100
119.000	17.093
120.000	17.086
121.000	17.078
122.000	17.070
123.000	17.062
124.000	17.053
125.000	17.044
126.000	17.035
127.000	17.025
128.000	17.015
129.000	16.998
130.000	16.988
131.000	16.977
132.000	16.966
133.000	16.955
134.000	16.943
135.000	16.931
136.000	16.919
137.000	16.906
138.000	16.892
139.000	16.878
140.000	16.875
141.000	16.861
142.000	16.847
143.000	16.832
144.000	16.817
145.000	16.801
146.000	16.785
147.000	16.769
148.000	16.751
149.000	16.734
150.000	16.716
151.000	16.692
152.000	16.674
153.000	16.655
154.000	16.636
155.000	16.615
156.000	16.595
157.000	16.575
158.000	16.555
159.000	16.534
160.000	16.514
161.000	16.494
162.000	16.474
163.000	16.409
164.000	16.388
165.000	16.367
166.000	16.346
167.000	16.326
168.000	16.305
169.000	16.285
170.000	16.264
171.000	16.243
172.000	16.223
173.000	16.201
174.000	16.198
175.000	16.175
176.000	16.152
177.000	16.130
178.000	16.106
179.000	16.081
180.000	16.057
181.000	16.031
182.000	16.006
183.000	15.981
184.000	15.954
185.000	15.944
186.000	15.917
187.000	15.889
188.000	15.860
189.000	15.832
190.000	15.803
191.000	15.774
192.000	15.744
193.000	15.714
194.000	15.683
195.000	15.652
196.000	15.643
197.000	15.612
198.000	15.580
199.000	15.548
200.000	15.516
201.000	15.483
202.000	15.450
203.000	15.416
204.000	15.383
205.000	15.349
206.000	15.315
207.000	15.306
208.000	15.271
209.000	15.236
210.000	15.201
211.000	15.167
212.000	15.132
213.000	15.097
214.000	15.062
215.000	15.026
216.000	14.991
217.000	14.955
218.000	14.885
219.000	14.850
220.000	14.814
221.000	14.777
222.000	14.740
223.000	14.704
224.000	14.667
225.000	14.629
226.000	14.591
227.000	14.553
228.000	14.514
229.000	14.476
230.000	14.454
231.000	14.416
232.000	14.378
233.000	14.339
234.000	14.300
235.000	14.261
236.000	14.221
237.000	14.182
238.000	14.142
239.000	14.102
240.000	14.064
241.000	14.047
242.000	14.008
243.000	13.970
244.000	13.932
245.000	13.894
246.000	13.857
247.000	13.821
248.000	13.785
249.000	13.750
250.000	13.715
251.000	13.681
252.000	13.621
253.000	13.587
254.000	13.553
255.000	13.521
256.000	13.489
257.000	13.457
258.000	13.426
259.000	13.395
260.000	13.364
261.000	13.334
262.000	13.305
263.000	13.256
264.000	13.227
265.000	13.197
266.000	13.168
267.000	13.140
268.000	13.112
269.000	13.084
270.000	13.056
271.000	13.029
272.000	13.002
273.000	12.975
274.000	12.967
275.000	12.940
276.000	12.914
277.000	12.888
278.000	12.862
279.000	12.837
280.000	12.812
281.000	12.788
282.000	12.763
283.000	12.739
284.000	12.716
285.000	12.707
286.000	12.683
287.000	12.659
288.000	12.635
289.000	12.612
290.000	12.589
291.000	12.565
292.000	12.542
293.000	12.519
294.000	12.496
295.000	12.474
296.000	12.469
297.000	12.447
298.000	12.425
299.000	12.403
300.000	12.381
301.000	12.360
302.000	12.338
303.000	12.317
304.000	12.296
305.000	12.275
306.000	12.254
307.000	12.233
308.000	12.189
309.000	12.168
310.000	12.147
311.000	12.126
312.000	12.105
313.000	12.084
314.000	12.064
315.000	12.043
316.000	12.022
317.000	12.002
318.000	11.981
319.000	11.971
320.000	11.951
321.000	11.930
322.000	11.909
323.000	11.889
324.000	11.868
325.000	11.847
326.000	11.826
327.000	11.805
328.000	11.783
329.000	11.762
330.000	11.683
331.000	11.661
332.000	11.640
333.000	11.618
334.000	11.596
335.000	11.573
336.000	11.550
337.000	11.527
338.000	11.504
339.000	11.482
340.000	11.459
341.000	11.409
342.000	11.386
343.000	11.363
344.000	11.340
345.000	11.317
346.000	11.294
347.000	11.270
348.000	11.247
349.000	11.224
350.000	11.200
351.000	11.177
352.000	11.166
353.000	11.142
354.000	11.119
355.000	11.095
356.000	11.072
357.000	11.048
358.000	11.025
359.000	11.001
360.000	10.977
361.000	10.954
362.000	10.930
363.000	10.911
364.000	10.888
365.000	10.865
366.000	10.842
367.000	10.819
368.000	10.796
369.000	10.773
370.000	10.750
371.000	10.727
372.000	10.704
373.000	10.681
374.000	10.659
375.000	10.654
376.000	10.632
377.000	10.609
378.000	10.586
379.000	10.562
380.000	10.539
381.000	10.516
382.000	10.493
383.000	10.471
384.000	10.449
385.000	10.427
386.000	10.417
387.000	10.395
388.000	10.373
389.000	10.351
390.000	10.329
391.000	10.307
392.000	10.285
393.000	10.264
394.000	10.241
395.000	10.219
396.000	10.198
397.000	10.192
398.000	10.171
399.000	10.150
400.000	10.128
401.000	10.107
402.000	10.085
403.000	10.064
404.000	10.043
405.000	10.022
406.000	10.001
407.000	9.980
408.000	9.973
409.000	9.952
410.000	9.931
411.000	9.910
412.000	9.889
413.000	9.868
414.000	9.847
415.000	9.827
416.000	9.806
417.000	9.785
418.000	9.765
419.000	9.760
420.000	9.739
421.000	9.718
422.000	9.698
423.000	9.678
424.000	9.657
425.000	9.636
426.000	9.616
427.000	9.595
428.000	9.575
429.000	9.554
430.000	9.553
431.000	9.533
432.000	9.513
433.000	9.492
434.000	9.473
435.000	9.453
436.000	9.433
437.000	9.413
438.000	9.393
439.000	9.374
440.000	9.354
441.000	9.334
442.000	9.332
443.000	9.313
444.000	9.293
445.000	9.273
446.000	9.254
447.000	9.234
448.000	9.215
449.000	9.195
450.000	9.176
451.000	9.157
452.000	9.138
453.000	9.136
454.000	9.117
455.000	9.098
456.000	9.079
457.000	9.060
458.000	9.041
459.000	9.023
460.000	9.004
461.000	8.986
462.000	8.967
463.000	8.949
464.000	8.936
465.000	8.918
466.000	8.899
467.000	8.881
468.000	8.863
469.000	8.845
470.000	8.826
471.000	8.808
472.000	8.790
473.000	8.772
474.000	8.753
475.000	8.739
476.000	8.721
477.000	8.703
478.000	8.684
479.000	8.666
480.000	8.647
481.000	8.629
482.000	8.611
483.000	8.593
484.000	8.575
485.000	8.558
486.000	8.523
487.000	8.506
488.000	8.489
489.000	8.472
490.000	8.455
491.000	8.437
492.000	8.420
493.000	8.403
494.000	8.385
495.000	8.367
496.000	8.350
497.000	8.349
498.000	8.332
499.000	8.315
500.000	8.298
501.000	8.282
502.000	8.265
503.000	8.248
504.000	8.231
505.000	8.214
506.000	8.198
507.000	8.182
508.000	8.180
509.000	8.164
510.000	8.147
511.000	8.131
512.000	8.115
513.000	8.099
514.000	8.083
515.000	8.068
516.000	8.052
517.000	8.036
518.000	8.020
519.000	8.004
520.000	7.993
521.000	7.977
522.000	7.961
523.000	7.945
524.000	7.930
525.000	7.915
526.000	7.899
527.000	7.884
528.000	7.869
529.000	7.854
530.000	7.839
531.000	7.838
532.000	7.823
533.000	7.808
534.000	7.793
535.000	7.779
536.000	7.764
537.000	7.749
538.000	7.735
539.000	7.721
540.000	7.706
541.000	7.692
542.000	7.661
543.000	7.647
544.000	7.633
545.000	7.619
546.000	7.605
547.000	7.591
548.000	7.577
549.000	7.563
550.000	7.549
551.000	7.536
552.000	7.522
553.000	7.521
554.000	7.507
555.000	7.493
556.000	7.479
557.000	7.465
558.000	7.452
559.000	7.439
560.000	7.426
561.000	7.413
562.000	7.400
563.000	7.387
564.000	7.369
565.000	7.356
566.000	7.344
567.000	7.331
568.000	7.319
569.000	7.307
570.000	7.295
571.000	7.283
572.000	7.272
573.000	7.260
574.000	7.249
575.000	7.217
576.000	7.206
577.000	7.195
578.000	7.184
579.000	7.173
580.000	7.162
581.000	7.151
582.000	7.141
583.000	7.130
584.000	7.120
585.000	7.110
586.000	7.099
587.000	7.084
588.000	7.073
589.000	7.062
590.000	7.051
591.000	7.040
592.000	7.030
593.000	7.019
594.000	7.008
595.000	6.998
596.000	6.988
597.000	6.978
598.000	6.923
599.000	6.913
600.000	6.903
601.000	6.893
602.000	6.882
603.000	6.872
604.000	6.861
605.000	6.851
606.000	6.841
607.000	6.831
608.000	6.820
609.000	6.819
610.000	6.808
611.000	6.797
612.000	6.787
613.000	6.777
614.000	6.767
615.000	6.757
616.000	6.747
617.000	6.737
618.000	6.728
619.000	6.718
620.000	6.717
621.000	6.708
622.000	6.698
623.000	6.689
624.000	6.679
625.000	6.670
626.000	6.660
627.000	6.651
628.000	6.642
629.000	6.632
630.000	6.623
631.000	6.622
632.000	6.612
633.000	6.603
634.000	6.594
635.000	6.585
636.000	6.576
637.000	6.567
638.000	6.557
639.000	6.548
640.000	6.540
641.000	6.531
642.000	6.530
643.000	6.521
644.000	6.512
645.000	6.504
646.000	6.495
647.000	6.486
648.000	6.477
649.000	6.469
650.000	6.460
651.000	6.452
652.000	6.444
653.000	6.436
654.000	6.434
655.000	6.426
656.000	6.418
657.000	6.410
658.000	6.402
659.000	6.394
660.000	6.386
661.000	6.378
662.000	6.370
663.000	6.363
664.000	6.355
665.000	6.353
666.000	6.345
667.000	6.337
668.000	6.329
669.000	6.321
670.000	6.314
671.000	6.306
672.000	6.298
673.000	6.291
674.000	6.284
675.000	6.277
676.000	6.277
677.000	6.269
678.000	6.262
679.000	6.255
680.000	6.248
681.000	6.242
682.000	6.235
683.000	6.228
684.000	6.221
685.000	6.215
686.000	6.208
687.000	6.208
688.000	6.202
689.000	6.195
690.000	6.189
691.000	6.183
692.000	6.176
693.000	6.170
694.000	6.164
695.000	6.158
696.000	6.152
697.000	6.146
698.000	6.146
699.000	6.140
700.000	6.134
701.000	6.128
702.000	6.122
703.000	6.116
704.000	6.110
705.000	6.104
706.000	6.098
707.000	6.092
708.000	6.086
709.000	6.086
710.000	6.080
711.000	6.074
712.000	6.068
713.000	6.062
714.000	6.056
715.000	6.049
716.000	6.043
717.000	6.037
718.000	6.031
719.000	6.024
720.000	6.024
721.000	6.018
722.000	6.012
723.000	6.006
724.000	5.999
725.000	5.993
726.000	5.986
727.000	5.980
728.000	5.974
729.000	5.967
730.000	5.961
731.000	5.954
732.000	5.954
733.000	5.947
734.000	5.941
735.000	5.935
736.000	5.929
737.000	5.923
738.000	5.918
739.000	5.912
740.000	5.907
741.000	5.901
742.000	5.895
743.000	5.895
744.000	5.889
745.000	5.883
746.000	5.878
747.000	5.872
748.000	5.867
749.000	5.861
750.000	5.855
751.000	5.850
752.000	5.845
753.000	5.840
754.000	5.835
755.000	5.830
756.000	5.825
757.000	5.820
758.000	5.815
759.000	5.810
760.000	5.805
761.000	5.801
762.000	5.796
763.000	5.792
764.000	5.787
765.000	5.787
766.000	5.783
767.000	5.778
768.000	5.773
769.000	5.769
770.000	5.764
771.000	5.759
772.000	5.755
773.000	5.750
774.000	5.745
775.000	5.740
776.000	5.740
777.000	5.735
778.000	5.731
779.000	5.726
780.000	5.722
781.000	5.717
782.000	5.713
783.000	5.708
784.000	5.704
785.000	5.699
786.000	5.694
787.000	5.694
788.000	5.690
789.000	5.686
790.000	5.681
791.000	5.677
792.000	5.673
793.000	5.668
794.000	5.664
795.000	5.660
796.000	5.656
797.000	5.652
798.000	5.647
799.000	5.647
800.000	5.643
801.000	5.639
802.000	5.635
803.000	5.631
804.000	5.626
805.000	5.622
806.000	5.618
807.000	5.614
808.000	5.610
809.000	5.605
810.000	5.584
811.000	5.580
812.000	5.576
813.000	5.572
814.000	5.567
815.000	5.563
816.000	5.559
817.000	5.555
818.000	5.551
819.000	5.547
820.000	5.543
821.000	5.543
822.000	5.540
823.000	5.536
824.000	5.532
825.000	5.528
826.000	5.524
827.000	5.520
828.000	5.516
829.000	5.512
830.000	5.508
831.000	5.505
832.000	5.505
833.000	5.501
834.000	5.497
835.000	5.493
836.000	5.489
837.000	5.485
838.000	5.481
839.000	5.478
840.000	5.474
841.000	5.470
842.000	5.466
843.000	5.466
844.000	5.462
845.000	5.458
846.000	5.454
847.000	5.450
848.000	5.446
849.000	5.442
850.000	5.438
851.000	5.434
852.000	5.430
853.000	5.426
854.000	5.426
855.000	5.423
856.000	5.419
857.000	5.415
858.000	5.411
859.000	5.407
860.000	5.404
861.000	5.400
862.000	5.396
863.000	5.393
864.000	5.389
865.000	5.385
866.000	5.385
867.000	5.382
868.000	5.378
869.000	5.374
870.000	5.371
871.000	5.367
872.000	5.364
873.000	5.361
874.000	5.357
875.000	5.354
876.000	5.350
877.000	5.334
878.000	5.331
879.000	5.327
880.000	5.324
881.000	5.320
882.000	5.317
883.000	5.313
884.000	5.310
885.000	5.306
886.000	5.303
887.000	5.299
888.000	5.299
889.000	5.296
890.000	5.293
891.000	5.289
892.000	5.286
893.000	5.282
894.000	5.279
895.000	5.276
896.000	5.272
897.000	5.269
898.000	5.265
899.000	5.265
900.000	5.262
901.000	5.259
902.000	5.255
903.000	5.252
904.000	5.249
905.000	5.245
906.000	5.242
907.000	5.239
908.000	5.236
909.000	5.233
910.000	5.226
911.000	5.223
912.000	5.220
913.000	5.217
914.000	5.214
915.000	5.211
916.000	5.208
917.000	5.205
918.000	5.201
919.000	5.198
920.000	5.195
921.000	5.195
922.000	5.192
923.000	5.189
924.000	5.186
925.000	5.183
926.000	5.180
927.000	5.177
928.000	5.173
929.000	5.171
930.000	5.168
931.000	5.165
932.000	5.162
933.000	5.162
934.000	5.159
935.000	5.156
936.000	5.153
937.000	5.150
938.000	5.147
939.000	5.144
940.000	5.141
941.000	5.138
942.000	5.136
943.000	5.133
944.000	5.133
945.000	5.130
946.000	5.127
947.000	5.123
948.000	5.120
949.000	5.118
950.000	5.115
951.000	5.112
952.000	5.109
953.000	5.106
954.000	5.103
955.000	5.103
956.000	5.100
957.000	5.098
958.000	5.095
959.000	5.092
960.000	5.089
961.000	5.087
962.000	5.084
963.000	5.081
964.000	5.079
965.000	5.076
966.000	5.076
967.000	5.074
968.000	5.071
969.000	5.069
970.000	5.066
971.000	5.064
972.000	5.061
973.000	5.059
974.000	5.056
975.000	5.053
976.000	5.051
977.000	5.051
978.000	5.048
979.000	5.046
980.000	5.043
981.000	5.041
982.000	5.038
983.000	5.036
984.000	5.033
985.000	5.031
986.000	5.028
987.000	5.026
988.000	5.026
989.000	5.023
990.000	5.021
991.000	5.018
992.000	5.016
993.000	5.013
994.000	5.011
995.000	5.009
996.000	5.006
997.000	5.004
998.000	5.002
999.000	5.002
1000.000	5.000
1001.000	4.998
1002.000	4.995
1003.000	4.993
1004.000	4.990
1005.000	4.988
1006.000	4.986
1007.000	4.983
1008.000	4.981
1009.000	4.978
1010.000	4.976
1011.000	4.976
1012.000	4.974
1013.000	4.971
1014.000	4.969
1015.000	4.967
1016.000	4.964
1017.000	4.962
1018.000	4.960
1019.000	4.957
1020.000	4.955
1021.000	4.953
1022.000	4.953
1023.000	4.951
1024.000	4.948
1025.000	4.946
1026.000	4.944
1027.000	4.942
1028.000	4.939
1029.000	4.937
1030.000	4.935
1031.000	4.932
1032.000	4.930
1033.000	4.910
1034.000	4.908
1035.000	4.905
1036.000	4.903
1037.000	4.901
1038.000	4.898
1039.000	4.896
1040.000	4.894
1041.000	4.892
1042.000	4.889
1043.000	4.887
1044.000	4.870
1045.000	4.867
1046.000	4.865
1047.000	4.863
1048.000	4.861
1049.000	4.859
1050.000	4.857
1051.000	4.854
1052.000	4.852
1053.000	4.850
1054.000	4.847
1055.000	4.847
1056.000	4.845
1057.000	4.843
1058.000	4.841
1059.000	4.838
1060.000	4.836
1061.000	4.833
1062.000	4.831
1063.000	4.829
1064.000	4.826
1065.000	4.824
1066.000	4.824
1067.000	4.821
1068.000	4.819
1069.000	4.817
1070.000	4.814
1071.000	4.812
1072.000	4.809
1073.000	4.807
1074.000	4.804
1075.000	4.802
1076.000	4.799
1077.000	4.797
1078.000	4.797
1079.000	4.794
1080.000	4.792
1081.000	4.789
1082.000	4.786
1083.000	4.784
1084.000	4.781
1085.000	4.779
1086.000	4.777
1087.000	4.774
1088.000	4.772
1089.000	4.772
1090.000	4.769
1091.000	4.767
1092.000	4.765
1093.000	4.762
1094.000	4.760
1095.000	4.757
1096.000	4.755
1097.000	4.753
1098.000	4.750
1099.000	4.748
1100.000	4.748
1101.000	4.746
1102.000	4.743
1103.000	4.741
1104.000	4.739
1105.000	4.736
1106.000	4.734
1107.000	4.732
1108.000	4.729
1109.000	4.727
1110.000	4.724
1111.000	4.713
1112.000	4.710
1113.000	4.708
1114.000	4.706
1115.000	4.703
1116.000	4.701
1117.000	4.698
1118.000	4.696
1119.000	4.694
1120.000	4.691
1121.000	4.689
1122.000	4.689
1123.000	4.687
1124.000	4.684
1125.000	4.682
1126.000	4.680
1127.000	4.677
1128.000	4.675
1129.000	4.672
1130.000	4.670
1131.000	4.668
1132.000	4.665
1133.000	4.651
1134.000	4.649
1135.000	4.646
1136.000	4.644
1137.000	4.641
1138.000	4.639
1139.000	4.636
1140.000	4.634
1141.000	4.631
1142.000	4.629
1143.000	4.626
1144.000	4.624
1145.000	4.623
1146.000	4.620
1147.000	4.618
1148.000	4.615
1149.000	4.612
1150.000	4.610
1151.000	4.607
1152.000	4.605
1153.000	4.602
1154.000	4.600
1155.000	4.597
1156.000	4.597
1157.000	4.595
1158.000	4.593
1159.000	4.590
1160.000	4.588
1161.000	4.585
1162.000	4.583
1163.000	4.581
1164.000	4.578
1165.000	4.576
1166.000	4.573
1167.000	4.554
1168.000	4.552
1169.000	4.549
1170.000	4.547
1171.000	4.545
1172.000	4.542
1173.000	4.540
1174.000	4.538
1175.000	4.535
1176.000	4.533
1177.000	4.531
1178.000	4.531
1179.000	4.528
1180.000	4.526
1181.000	4.524
1182.000	4.521
1183.000	4.519
1184.000	4.517
1185.000	4.514
1186.000	4.512
1187.000	4.510
1188.000	4.507
1189.000	4.507
1190.000	4.505
1191.000	4.503
1192.000	4.500
1193.000	4.498
1194.000	4.495
1195.000	4.493
1196.000	4.491
1197.000	4.488
1198.000	4.486
1199.000	4.483
1200.000	4.483
1201.000	4.481
1202.000	4.478
1203.000	4.476
1204.000	4.473
1205.000	4.471
1206.000	4.468
1207.000	4.466
1208.000	4.464
1209.000	4.461
1210.000	4.459
1211.000	4.459
1212.000	4.456
1213.000	4.454
1214.000	4.451
1215.000	4.449
1216.000	4.446
1217.000	4.444
1218.000	4.441
1219.000	4.439
1220.000	4.437
1221.000	4.434
1222.000	4.432
1223.000	4.425
1224.000	4.422
1225.000	4.420
1226.000	4.417
1227.000	4.415
1228.000	4.412
1229.000	4.410
1230.000	4.407
1231.000	4.405
1232.000	4.402
1233.000	4.400
1234.000	4.400
1235.000	4.398
1236.000	4.395
1237.000	4.393
1238.000	4.390
1239.000	4.388
1240.000	4.386
1241.000	4.383
1242.000	4.381
1243.000	4.379
1244.000	4.376
1245.000	4.376
1246.000	4.374
1247.000	4.371
1248.000	4.369
1249.000	4.366
1250.000	4.364
1251.000	4.362
1252.000	4.359
1253.000	4.357
1254.000	4.354
1255.000	4.352
1256.000	4.352
1257.000	4.349
1258.000	4.347
1259.000	4.344
1260.000	4.342
1261.000	4.339
1262.000	4.336
1263.000	4.334
1264.000	4.332
1265.000	4.329
1266.000	4.327
1267.000	4.327
1268.000	4.324
1269.000	4.322
1270.000	4.320
1271.000	4.317
1272.000	4.315
1273.000	4.312
1274.000	4.310
1275.000	4.307
1276.000	4.305
1277.000	4.303
1278.000	4.303
1279.000	4.300
1280.000	4.298
1281.000	4.295
1282.000	4.293
1283.000	4.290
1284.000	4.288
1285.000	4.285
1286.000	4.283
1287.000	4.280
1288.000	4.278
1289.000	4.275
1290.000	4.275
1291.000	4.273
1292.000	4.271
1293.000	4.268
1294.000	4.266
1295.000	4.263
1296.000	4.261
1297.000	4.259
1298.000	4.256
1299.000	4.254
1300.000	4.252
1301.000	4.252
1302.000	4.249
1303.000	4.247
1304.000	4.245
1305.000	4.242
1306.000	4.240
1307.000	4.238
1308.000	4.235
1309.000	4.233
1310.000	4.231
1311.000	4.229
1312.000	4.229
1313.000	4.226
1314.000	4.224
1315.000	4.222
1316.000	4.220
1317.000	4.218
1318.000	4.215
1319.000	4.213
1320.000	4.211
1321.000	4.209
1322.000	4.207
1323.000	4.199
1324.000	4.197
1325.000	4.195
1326.000	4.193
1327.000	4.191
1328.000	4.189
1329.000	4.187
1330.000	4.185
1331.000	4.183
1332.000	4.180
1333.000	4.178
1334.000	4.175
1335.000	4.173
1336.000	4.171
1337.000	4.169
1338.000	4.167
1339.000	4.165
1340.000	4.163
1341.000	4.161
1342.000	4.158
1343.000	4.156
1344.000	4.154
1345.000	4.136
1346.000	4.134
1347.000	4.132
1348.000	4.130
1349.000	4.128
1350.000	4.126
1351.000	4.124
1352.000	4.122
1353.000	4.121
1354.000	4.119
1355.000	4.117
1356.000	4.115
1357.000	4.115
1358.000	4.113
1359.000	4.111
1360.000	4.109
1361.000	4.107
1362.000	4.105
1363.000	4.103
1364.000	4.101
1365.000	4.099
1366.000	4.097
1367.000	4.095
1368.000	4.095
1369.000	4.093
1370.000	4.091
1371.000	4.089
1372.000	4.087
1373.000	4.086
1374.000	4.084
1375.000	4.082
1376.000	4.080
1377.000	4.078
1378.000	4.076
1379.000	4.074
1380.000	4.072
1381.000	4.070
1382.000	4.068
1383.000	4.066
1384.000	4.064
1385.000	4.062
1386.000	4.060
1387.000	4.059
1388.000	4.057
1389.000	4.055
1390.000	4.055
1391.000	4.053
1392.000	4.051
1393.000	4.050
1394.000	4.048
1395.000	4.046
1396.000	4.044
1397.000	4.043
1398.000	4.041
1399.000	4.039
1400.000	4.038
1401.000	4.026
1402.000	4.025
1403.000	4.023
1404.000	4.021
1405.000	4.019
1406.000	4.018
1407.000	4.016
1408.000	4.014
1409.000	4.013
1410.000	4.011
1411.000	4.009
1412.000	4.009
1413.000	4.008
1414.000	4.006
1415.000	4.005
1416.000	4.003
1417.000	4.001
1418.000	4.000
1419.000	3.998
1420.000	3.997
1421.000	3.995
1422.000	3.994
1423.000	3.994
1424.000	3.992
1425.000	3.991
1426.000	3.989
1427.000	3.988
1428.000	3.986
1429.000	3.985
1430.000	3.983
1431.000	3.982
1432.000	3.980
1433.000	3.979
1434.000	3.977
1435.000	3.962
1436.000	3.961
1437.000	3.959
1438.000	3.958
1439.000	3.956
1440.000	3.955
1441.000	3.953
1442.000	3.952
1443.000	3.950
1444.000	3.949
1445.000	3.947
1446.000	3.947
1447.000	3.946
1448.000	3.945
1449.000	3.943
1450.000	3.942
1451.000	3.940
1452.000	3.939
1453.000	3.937
1454.000	3.936
1455.000	3.934
1456.000	3.933
1457.000	3.933
1458.000	3.932
1459.000	3.930
1460.000	3.929
1461.000	3.927
1462.000	3.926
1463.000	3.925
1464.000	3.923
1465.000	3.922
1466.000	3.921
1467.000	3.919
1468.000	3.919
1469.000	3.918
1470.000	3.917
1471.000	3.916
1472.000	3.915
1473.000	3.913
1474.000	3.912
1475.000	3.911
1476.000	3.910
1477.000	3.909
1478.000	3.907
1479.000	3.907
1480.000	3.906
1481.000	3.905
1482.000	3.903
1483.000	3.902
1484.000	3.901
1485.000	3.899
1486.000	3.898
1487.000	3.897
1488.000	3.895
1489.000	3.894
1490.000	3.894
1491.000	3.893
1492.000	3.891
1493.000	3.890
1494.000	3.888
1495.000	3.887
1496.000	3.886
1497.000	3.885
1498.000	3.883
1499.000	3.882
1500.000	3.881
1501.000	3.879
1502.000	3.879
1503.000	3.878
1504.000	3.877
1505.000	3.875
1506.000	3.874
1507.000	3.873
1508.000	3.872
1509.000	3.870
1510.000	3.869
1511.000	3.868
1512.000	3.866
1513.000	3.841
1514.000	3.840
1515.000	3.838
1516.000	3.837
1517.000	3.836
1518.000	3.834
1519.000	3.833
1520.000	3.832
1521.000	3.830
1522.000	3.829
1523.000	3.828
1524.000	3.814
1525.000	3.813
1526.000	3.812
1527.000	3.810
1528.000	3.809
1529.000	3.808
1530.000	3.806
1531.000	3.805
1532.000	3.804
1533.000	3.802
1534.000	3.801
1535.000	3.801
1536.000	3.800
1537.000	3.799
1538.000	3.798
1539.000	3.796
1540.000	3.795
1541.000	3.794
1542.000	3.793
1543.000	3.791
1544.000	3.790
1545.000	3.789
1546.000	3.789
1547.000	3.788
1548.000	3.787
1549.000	3.785
1550.000	3.784
1551.000	3.783
1552.000	3.782
1553.000	3.781
1554.000	3.780
1555.000	3.778
1556.000	3.777
1557.000	3.777
1558.000	3.776
1559.000	3.775
1560.000	3.774
1561.000	3.773
1562.000	3.772
1563.000	3.771
1564.000	3.770
1565.000	3.769
1566.000	3.768
1567.000	3.767
1568.000	3.766
1569.000	3.766
1570.000	3.765
1571.000	3.764
1572.000	3.763
1573.000	3.762
1574.000	3.761
1575.000	3.760
1576.000	3.759
1577.000	3.758
1578.000	3.757
1579.000	3.756
1580.000	3.756
1581.000	3.755
1582.000	3.754
1583.000	3.753
1584.000	3.752
1585.000	3.751
1586.000	3.750
1587.000	3.749
1588.000	3.749
1589.000	3.748
1590.000	3.747
1591.000	3.747
1592.000	3.746
1593.000	3.745
1594.000	3.744
1595.000	3.743
1596.000	3.742
1597.000	3.741
1598.000	3.741
1599.000	3.740
1600.000	3.739
1601.000	3.738
1602.000	3.738
1603.000	3.737
1604.000	3.736
1605.000	3.736
1606.000	3.735
1607.000	3.734
1608.000	3.733
1609.000	3.732
1610.000	3.731
1611.000	3.731
1612.000	3.730
1613.000	3.730
1614.000	3.729
1615.000	3.728
1616.000	3.727
1617.000	3.726
1618.000	3.726
1619.000	3.725
1620.000	3.724
1621.000	3.723
1622.000	3.722
1623.000	3.721
1624.000	3.721
1625.000	3.721
1626.000	3.720
1627.000	3.719
1628.000	3.718
1629.000	3.717
1630.000	3.716
1631.000	3.716
1632.000	3.715
1633.000	3.714
1634.000	3.713
1635.000	3.712
1636.000	3.712
1637.000	3.712
1638.000	3.711
1639.000	3.710
1640.000	3.709
1641.000	3.709
1642.000	3.708
1643.000	3.707
1644.000	3.706
1645.000	3.706
1646.000	3.705
1647.000	3.705
1648.000	3.704
1649.000	3.703
1650.000	3.702
1651.000	3.702
1652.000	3.701
1653.000	3.700
1654.000	3.699
1655.000	3.698
1656.000	3.698
1657.000	3.697
1658.000	3.662
1659.000	3.661
1660.000	3.660
1661.000	3.660
1662.000	3.659
1663.000	3.658
1664.000	3.658
1665.000	3.657
1666.000	3.656
1667.000	3.656
1668.000	3.655
1669.000	3.655
1670.000	3.655
1671.000	3.654
1672.000	3.653
1673.000	3.653
1674.000	3.652
1675.000	3.651
1676.000	3.651
1677.000	3.650
1678.000	3.649
1679.000	3.649
1680.000	3.649
1681.000	3.648
1682.000	3.648
1683.000	3.647
1684.000	3.646
1685.000	3.646
1686.000	3.645
1687.000	3.645
1688.000	3.644
1689.000	3.644
1690.000	3.643
1691.000	3.643
1692.000	3.643
1693.000	3.642
1694.000	3.641
1695.000	3.641
1696.000	3.640
1697.000	3.640
1698.000	3.639
1699.000	3.639
1700.000	3.638
1701.000	3.638
1702.000	3.638
1703.000	3.637
1704.000	3.637
1705.000	3.636
1706.000	3.636
1707.000	3.635
1708.000	3.635
1709.000	3.634
1710.000	3.634
1711.000	3.633
1712.000	3.633
1713.000	3.632
1714.000	3.632
1715.000	3.631
1716.000	3.631
1717.000	3.630
1718.000	3.630
1719.000	3.629
1720.000	3.629
1721.000	3.628
1722.000	3.628
1723.000	3.627
1724.000	3.627
1725.000	3.627
1726.000	3.626
1727.000	3.625
1728.000	3.625
1729.000	3.624
1730.000	3.624
1731.000	3.623
1732.000	3.623
1733.000	3.622
1734.000	3.622
1735.000	3.621
1736.000	3.621
1737.000	3.621
1738.000	3.620
1739.000	3.619
1740.000	3.619
1741.000	3.618
1742.000	3.618
1743.000	3.617
1744.000	3.617
1745.000	3.616
1746.000	3.616
1747.000	3.616
1748.000	3.615
1749.000	3.615
1750.000	3.614
1751.000	3.614
1752.000	3.613
1753.000	3.612
1754.000	3.612
1755.000	3.611
1756.000	3.611
1757.000	3.610
1758.000	3.610
1759.000	3.610
1760.000	3.609
1761.000	3.609
1762.000	3.608
1763.000	3.608
1764.000	3.607
1765.000	3.607
1766.000	3.606
1767.000	3.606
1768.000	3.605
1769.000	3.605
1770.000	3.604
1771.000	3.604
1772.000	3.603
1773.000	3.603
1774.000	3.602
1775.000	3.602
1776.000	3.601
1777.000	3.601
1778.000	3.600
1779.000	3.600
1780.000	3.599
1781.000	3.599
1782.000	3.599
1783.000	3.598
1784.000	3.598
1785.000	3.597
1786.000	3.596
1787.000	3.596
1788.000	3.595
1789.000	3.595
1790.000	3.594
1791.000	3.594
1792.000	3.594
1793.000	3.593
1794.000	3.593
1795.000	3.592
1796.000	3.592
1797.000	3.591
1798.000	3.591
1799.000	3.590
1800.000	3.590
1801.000	3.589
1802.000	3.589
1803.000	3.589
1804.000	3.589
1805.000	3.588
1806.000	3.588
1807.000	3.588
1808.000	3.587
1809.000	3.587
1810.000	3.587
1811.000	3.586
1812.000	3.586
1813.000	3.586
1814.000	3.586
1815.000	3.585
1816.000	3.585
1817.000	3.585
1818.000	3.584
1819.000	3.584
1820.000	3.584
1821.000	3.583
1822.000	3.583
1823.000	3.583
1824.000	3.582
1825.000	3.582
1826.000	3.582
1827.000	3.582
1828.000	3.581
1829.000	3.581
1830.000	3.581
1831.000	3.581
1832.000	3.580
1833.000	3.580
1834.000	3.580
1835.000	3.579
1836.000	3.579
1837.000	3.579
1838.000	3.579
1839.000	3.578
1840.000	3.578
1841.000	3.578
1842.000	3.578
1843.000	3.578
1844.000	3.577
1845.000	3.577
1846.000	3.577
1847.000	3.577
1848.000	3.577
1849.000	3.577
1850.000	3.576
1851.000	3.576
1852.000	3.576
1853.000	3.576
1854.000	3.576
1855.000	3.576
1856.000	3.575
1857.000	3.575
1858.000	3.575
1859.000	3.575
1860.000	3.575
1861.000	3.575
1862.000	3.575
1863.000	3.574
1864.000	3.574
1865.000	3.574
1866.000	3.574
1867.000	3.574
1868.000	3.574
1869.000	3.574
1870.000	3.574
1871.000	3.574
1872.000	3.574
1873.000	3.574
1874.000	3.573
1875.000	3.573
1876.000	3.573
1877.000	3.573
1878.000	3.573
1879.000	3.573
1880.000	3.573
1881.000	3.573
1882.000	3.573
1883.000	3.573
1884.000	3.573
1885.000	3.572
1886.000	3.572
1887.000	3.572
1888.000	3.572
1889.000	3.572
1890.000	3.572
1891.000	3.572
1892.000	3.572
1893.000	3.572
1894.000	3.572
1895.000	3.572
1896.000	3.572
1897.000	3.571
1898.000	3.571
1899.000	3.571
1900.000	3.571
1901.000	3.571
1902.000	3.571
1903.000	3.571
1904.000	3.571
1905.000	3.571
1906.000	3.571
1907.000	3.571
1908.000	3.571
1909.000	3.570
1910.000	3.570
1911.000	3.570
1912.000	3.570
1913.000	3.570
1914.000	3.570
1915.000	3.570
1916.000	3.569
1917.000	3.569
1918.000	3.569
1919.000	3.569
1920.000	3.569
1921.000	3.568
1922.000	3.568
1923.000	3.568
1924.000	3.568
1925.000	3.568
1926.000	3.568
1927.000	3.567
1928.000	3.567
1929.000	3.567
1930.000	3.567
1931.000	3.567
1932.000	3.566
1933.000	3.566
1934.000	3.566
1935.000	3.566
1936.000	3.565
1937.000	3.565
1938.000	3.565
1939.000	3.565
1940.000	3.565
1941.000	3.565
1942.000	3.564
1943.000	3.564
1944.000	3.564
1945.000	3.564
1946.000	3.563
1947.000	3.563
1948.000	3.563
1949.000	3.563
1950.000	3.563
1951.000	3.563
1952.000	3.562
1953.000	3.562
1954.000	3.562
1955.000	3.561
1956.000	3.559
1957.000	3.558
1958.000	3.557
1959.000	3.557
1960.000	3.556
1961.000	3.555
1962.000	3.554
1963.000	3.553
1964.000	3.552
1965.000	3.551
1966.000	3.550
1967.000	3.549
1968.000	3.548
1969.000	3.547
1970.000	3.547
1971.000	3.545
1972.000	3.544
1973.000	3.543
1974.000	3.542
1975.000	3.541
1976.000	3.540
1977.000	3.539
1978.000	3.538
1979.000	3.537
1980.000	3.536
1981.000	3.536
1982.000	3.535
1983.000	3.534
1984.000	3.533
1985.000	3.532
1986.000	3.531
1987.000	3.530
1988.000	3.528
1989.000	3.527
1990.000	3.526
1991.000	3.525
1992.000	3.524
1993.000	3.524
1994.000	3.523
1995.000	3.522
1996.000	3.521
1997.000	3.520
1998.000	3.519
1999.000	3.518
2000.000	3.517
2001.000	3.516
2002.000	3.515
2003.000	3.514
2004.000	3.514
2005.000	3.513
2006.000	3.512
2007.000	3.511
2008.000	3.510
2009.000	3.509
2010.000	3.508
2011.000	3.507
2012.000	3.506
2013.000	3.505
2014.000	3.504
2015.000	3.504
2016.000	3.503
2017.000	3.502
2018.000	3.501
2019.000	3.500
2020.000	3.499
2021.000	3.498
2022.000	3.497
2023.000	3.496
2024.000	3.495
2025.000	3.494
2026.000	3.494
2027.000	3.493
2028.000	3.492
2029.000	3.491
2030.000	3.490
2031.000	3.489
2032.000	3.488
2033.000	3.487
2034.000	3.486
2035.000	3.485
2036.000	3.484
2037.000	3.484
2038.000	3.483
2039.000	3.482
2040.000	3.481
2041.000	3.481
2042.000	3.480
2043.000	3.479
2044.000	3.478
2045.000	3.477
2046.000	3.476
2047.000	3.475
2048.000	3.475
2049.000	3.474
2050.000	3.473
2051.000	3.472
2052.000	3.471
2053.000	3.470
2054.000	3.469
2055.000	3.468
2056.000	3.467
2057.000	3.466
2058.000	3.465
2059.000	3.464
2060.000	3.464
2061.000	3.463
2062.000	3.462
2063.000	3.461
2064.000	3.460
2065.000	3.459
2066.000	3.458
2067.000	3.457
2068.000	3.456
2069.000	3.455
2070.000	3.454
2071.000	3.454
2072.000	3.454
2073.000	3.453
2074.000	3.452
2075.000	3.451
2076.000	3.450
2077.000	3.449
2078.000	3.448
2079.000	3.447
2080.000	3.446
2081.000	3.445
2082.000	3.445
2083.000	3.444
2084.000	3.443
2085.000	3.442
2086.000	3.441
2087.000	3.440
2088.000	3.439
2089.000	3.438
2090.000	3.437
2091.000	3.437
2092.000	3.436
2093.000	3.436
2094.000	3.435
2095.000	3.434
2096.000	3.433
2097.000	3.432
2098.000	3.431
2099.000	3.430
2100.000	3.429
2101.000	3.428
2102.000	3.427
2103.000	3.426
2104.000	3.426
2105.000	3.425
2106.000	3.425
2107.000	3.424
2108.000	3.423
2109.000	3.422
2110.000	3.421
2111.000	3.420
2112.000	3.419
2113.000	3.418
2114.000	3.417
2115.000	3.417
2116.000	3.416
2117.000	3.415
2118.000	3.414
2119.000	3.413
2120.000	3.413
2121.000	3.412
2122.000	3.411
2123.000	3.410
2124.000	3.409
2125.000	3.408
2126.000	3.408
2127.000	3.407
2128.000	3.406
2129.000	3.405
2130.000	3.404
2131.000	3.403
2132.000	3.403
2133.000	3.402
2134.000	3.401
2135.000	3.400
2136.000	3.399
2137.000	3.398
2138.000	3.398
2139.000	3.397
2140.000	3.396
2141.000	3.395
2142.000	3.394
2143.000	3.393
2144.000	3.393
2145.000	3.392
2146.000	3.391
2147.000	3.390
2148.000	3.389
2149.000	3.389
2150.000	3.388
2151.000	3.387
2152.000	3.386
2153.000	3.385
2154.000	3.384
2155.000	3.384
2156.000	3.383
2157.000	3.382
2158.000	3.381
2159.000	3.380
2160.000	3.380
2161.000	3.379
2162.000	3.378
2163.000	3.377
2164.000	3.376
2165.000	3.375
2166.000	3.375
2167.000	3.374
2168.000	3.373
2169.000	3.372
2170.000	3.371
2171.000	3.371
2172.000	3.370
2173.000	3.369
2174.000	3.368
2175.000	3.367
2176.000	3.366
2177.000	3.366
2178.000	3.365
2179.000	3.364
2180.000	3.363
2181.000	3.362
2182.000	3.362
2183.000	3.361
2184.000	3.360
2185.000	3.359
2186.000	3.358
2187.000	3.358
2188.000	3.357
2189.000	3.356
2190.000	3.355
2191.000	3.354
2192.000	3.353
2193.000	3.353
2194.000	3.352
2195.000	3.351
2196.000	3.350
2197.000	3.350
2198.000	3.349
2199.000	3.348
2200.000	3.347
2201.000	3.346
2202.000	3.345
2203.000	3.344
2204.000	3.343
2205.000	3.343
2206.000	3.342
2207.000	3.342
2208.000	3.341
2209.000	3.340
2210.000	3.339
2211.000	3.338
2212.000	3.337
2213.000	3.336
2214.000	3.335
2215.000	3.335
2216.000	3.335
2217.000	3.334
2218.000	3.333
2219.000	3.332
2220.000	3.331
2221.000	3.330
2222.000	3.329
2223.000	3.328
2224.000	3.328
2225.000	3.327
2226.000	3.326
2227.000	3.326
2228.000	3.325
2229.000	3.324
2230.000	3.323
2231.000	3.322
2232.000	3.321
2233.000	3.321
2234.000	3.320
2235.000	3.319
2236.000	3.318
2237.000	3.317
2238.000	3.317
2239.000	3.316
2240.000	3.315
2241.000	3.314
2242.000	3.314
2243.000	3.313
2244.000	3.312
2245.000	3.311
2246.000	3.310
2247.000	3.309
2248.000	3.308
2249.000	3.308
2250.000	3.308
2251.000	3.307
2252.000	3.306
2253.000	3.305
2254.000	3.304
2255.000	3.303
2256.000	3.302
2257.000	3.301
2258.000	3.301
2259.000	3.300
2260.000	3.300
2261.000	3.299
2262.000	3.298
2263.000	3.297
2264.000	3.296
2265.000	3.295
2266.000	3.295
2267.000	3.294
2268.000	3.293
2269.000	3.292
2270.000	3.291
2271.000	3.290
2272.000	3.290
2273.000	3.289
2274.000	3.289
2275.000	3.288
2276.000	3.287
2277.000	3.286
2278.000	3.285
2279.000	3.284
2280.000	3.283
2281.000	3.283
2282.000	3.282
2283.000	3.282
2284.000	3.281
2285.000	3.280
2286.000	3.279
2287.000	3.278
2288.000	3.277
2289.000	3.277
2290.000	3.276
2291.000	3.275
2292.000	3.274
2293.000	3.273
2294.000	3.273
2295.000	3.272
2296.000	3.271
2297.000	3.271
2298.000	3.270
2299.000	3.269
2300.000	3.268
2301.000	3.267
2302.000	3.266
2303.000	3.266
2304.000	3.265
2305.000	3.265
2306.000	3.264
2307.000	3.263
2308.000	3.262
2309.000	3.261
2310.000	3.260
2311.000	3.260
2312.000	3.259
2313.000	3.258
2314.000	3.257
2315.000	3.256
2316.000	3.256
2317.000	3.255
2318.000	3.255
2319.000	3.254
2320.000	3.253
2321.000	3.252
2322.000	3.251
2323.000	3.251
2324.000	3.250
2325.000	3.249
2326.000	3.248
2327.000	3.248
2328.000	3.248
2329.000	3.247
2330.000	3.246
2331.000	3.245
2332.000	3.245
2333.000	3.244
2334.000	3.243
2335.000	3.242
2336.000	3.242
2337.000	3.241
2338.000	3.240
2339.000	3.240
2340.000	3.239
2341.000	3.239
2342.000	3.238
2343.000	3.237
2344.000	3.237
2345.000	3.236
2346.000	3.235
2347.000	3.234
2348.000	3.234
2349.000	3.233
2350.000	3.233
2351.000	3.232
2352.000	3.231
2353.000	3.231
2354.000	3.230
2355.000	3.229
2356.000	3.229
2357.000	3.228
2358.000	3.227
2359.000	3.226
2360.000	3.226
2361.000	3.226
2362.000	3.225
2363.000	3.224
2364.000	3.223
2365.000	3.223
2366.000	3.222
2367.000	3.221
2368.000	3.221
2369.000	3.220
2370.000	3.219
2371.000	3.219
2372.000	3.219
2373.000	3.219
2374.000	3.219
2375.000	3.219
2376.000	3.219
2377.000	3.219
2378.000	3.219
2379.000	3.219
2380.000	3.219
2381.000	3.219
2382.000	3.219
2383.000	3.219
2384.000	3.219
2385.000	3.219
2386.000	3.219
2387.000	3.219
2388.000	3.219
2389.000	3.219
2390.000	3.219
2391.000	3.219
2392.000	3.219
2393.000	3.219
2394.000	3.219
2395.000	3.219
2396.000	3.219
2397.000	3.219
2398.000	3.219
2399.000	3.219
2400.000	3.219
2401.000	3.219
2402.000	3.219
2403.000	3.219
2404.000	3.219
2405.000	3.219
2406.000	3.219
2407.000	3.219
2408.000	3.219
2409.000	3.218
2410.000	3.218
2411.000	3.218
2412.000	3.217
2413.000	3.217
2414.000	3.217
2415.000	3.217
2416.000	3.216
2417.000	3.216
2418.000	3.216
2419.000	3.216
2420.000	3.215
2421.000	3.215
2422.000	3.215
2423.000	3.214
2424.000	3.214
2425.000	3.213
2426.000	3.213
2427.000	3.213
2428.000	3.213
2429.000	3.212
2430.000	3.212
2431.000	3.211
2432.000	3.211
2433.000	3.210
2434.000	3.210
2435.000	3.209
2436.000	3.209
2437.000	3.208
2438.000	3.208
2439.000	3.208
2440.000	3.207
2441.000	3.207
2442.000	3.206
2443.000	3.206
2444.000	3.205
2445.000	3.205
2446.000	3.205
2447.000	3.204
2448.000	3.204
2449.000	3.203
2450.000	3.203
2451.000	3.203
2452.000	3.202
2453.000	3.202
2454.000	3.201
2455.000	3.201
2456.000	3.200
2457.000	3.200
2458.000	3.199
2459.000	3.199
2460.000	3.198
2461.000	3.198
2462.000	3.198
2463.000	3.198
2464.000	3.197
2465.000	3.197
2466.000	3.196
2467.000	3.196
2468.000	3.195
2469.000	3.195
2470.000	3.194
2471.000	3.194
2472.000	3.194
2473.000	3.193
2474.000	3.193
2475.000	3.192
2476.000	3.192
2477.000	3.192
2478.000	3.191
2479.000	3.191
2480.000	3.190
2481.000	3.189
2482.000	3.189
2483.000	3.188
2484.000	3.188
2485.000	3.188
2486.000	3.187
2487.000	3.186
2488.000	3.186
2489.000	3.185
2490.000	3.185
2491.000	3.184
2492.000	3.184
2493.000	3.183
2494.000	3.182
2495.000	3.182
2496.000	3.182
2497.000	3.181
2498.000	3.181
2499.000	3.180
2500.000	3.180
2501.000	3.179
2502.000	3.178
2503.000	3.178
2504.000	3.177
2505.000	3.177
2506.000	3.177
2507.000	3.176
2508.000	3.175
2509.000	3.175
2510.000	3.174
2511.000	3.174
2512.000	3.173
2513.000	3.173
2514.000	3.172
2515.000	3.171
2516.000	3.171
2517.000	3.171
2518.000	3.170
2519.000	3.170
2520.000	3.169
2521.000	3.169
2522.000	3.168
2523.000	3.167
2524.000	3.167
2525.000	3.166
2526.000	3.166
2527.000	3.165
2528.000	3.165
2529.000	3.165
2530.000	3.164
2531.000	3.163
2532.000	3.163
2533.000	3.162
2534.000	3.162
2535.000	3.161
2536.000	3.161
2537.000	3.160
2538.000	3.159
2539.000	3.159
2540.000	3.159
2541.000	3.158
2542.000	3.158
2543.000	3.157
2544.000	3.157
2545.000	3.156
2546.000	3.155
2547.000	3.155
2548.000	3.154
2549.000	3.154
2550.000	3.153
2551.000	3.153
2552.000	3.153
2553.000	3.152
2554.000	3.152
2555.000	3.151
2556.000	3.150
2557.000	3.150
2558.000	3.149
2559.000	3.149
2560.000	3.148
2561.000	3.148
2562.000	3.148
2563.000	3.147
2564.000	3.146
2565.000	3.146
2566.000	3.145
2567.000	3.145
2568.000	3.144
2569.000	3.144
2570.000	3.143
2571.000	3.143
2572.000	3.142
2573.000	3.142
2574.000	3.141
2575.000	3.141
2576.000	3.140
2577.000	3.140
2578.000	3.139
2579.000	3.139
2580.000	3.138
2581.000	3.137
2582.000	3.137
2583.000	3.136
2584.000	3.136
2585.000	3.136
2586.000	3.135
2587.000	3.135
2588.000	3.134
2589.000	3.134
2590.000	3.133
2591.000	3.132
2592.000	3.132
2593.000	3.131
2594.000	3.131
2595.000	3.131
2596.000	3.130
2597.000	3.130
2598.000	3.129
2599.000	3.129
2600.000	3.128
2601.000	3.127
2602.000	3.127
2603.000	3.126
2604.000	3.126
2605.000	3.125
2606.000	3.125
2607.000	3.125
2608.000	3.124
2609.000	3.124
2610.000	3.123
2611.000	3.122
2612.000	3.122
2613.000	3.121
2614.000	3.121
2615.000	3.120
2616.000	3.120
2617.000	3.120
2618.000	3.119
2619.000	3.119
2620.000	3.118
2621.000	3.117
2622.000	3.117
2623.000	3.116
2624.000	3.116
2625.000	3.115
2626.000	3.115
2627.000	3.114
2628.000	3.114
2629.000	3.114
2630.000	3.113
2631.000	3.112
2632.000	3.112
2633.000	3.111
2634.000	3.111
2635.000	3.110
2636.000	3.110
2637.000	3.109
2638.000	3.109
2639.000	3.108
2640.000	3.108
2641.000	3.107
2642.000	3.107
2643.000	3.106
2644.000	3.106
2645.000	3.105
2646.000	3.104
2647.000	3.104
2648.000	3.103
2649.000	3.103
2650.000	3.102
2651.000	3.102
2652.000	3.102
2653.000	3.101
2654.000	3.100
2655.000	3.100
2656.000	3.099
2657.000	3.099
2658.000	3.098
2659.000	3.097
2660.000	3.097
2661.000	3.096
2662.000	3.096
2663.000	3.096
2664.000	3.095
2665.000	3.095
2666.000	3.094
2667.000	3.093
2668.000	3.093
2669.000	3.092
2670.000	3.091
2671.000	3.091
2672.000	3.090
2673.000	3.090
2674.000	3.090
2675.000	3.089
2676.000	3.088
2677.000	3.087
2678.000	3.087
2679.000	3.086
2680.000	3.085
2681.000	3.085
2682.000	3.084
2683.000	3.083
2684.000	3.083
2685.000	3.083
2686.000	3.082
2687.000	3.081
2688.000	3.081
2689.000	3.080
2690.000	3.079
2691.000	3.079
2692.000	3.078
2693.000	3.077
2694.000	3.076
2695.000	3.076
2696.000	3.076
2697.000	3.075
2698.000	3.074
2699.000	3.074
2700.000	3.073
2701.000	3.072
2702.000	3.072
2703.000	3.071
2704.000	3.070
2705.000	3.070
2706.000	3.069
2707.000	3.069
2708.000	3.068
2709.000	3.068
2710.000	3.067
2711.000	3.066
2712.000	3.066
2713.000	3.065
2714.000	3.064
2715.000	3.063
2716.000	3.063
2717.000	3.062
2718.000	3.062
2719.000	3.061
2720.000	3.061
2721.000	3.060
2722.000	3.059
2723.000	3.059
2724.000	3.058
2725.000	3.057
2726.000	3.057
2727.000	3.056
2728.000	3.055
2729.000	3.055
2730.000	3.055
2731.000	3.054
2732.000	3.053
2733.000	3.053
2734.000	3.052
2735.000	3.051
2736.000	3.051
2737.000	3.050
2738.000	3.049
2739.000	3.049
2740.000	3.049
2741.000	3.048
2742.000	3.047
2743.000	3.047
2744.000	3.046
2745.000	3.045
2746.000	3.044
2747.000	3.044
2748.000	3.043
2749.000	3.042
2750.000	3.042
2751.000	3.042
2752.000	3.041
2753.000	3.040
2754.000	3.040
2755.000	3.039
2756.000	3.038
2757.000	3.038
2758.000	3.037
2759.000	3.036
2760.000	3.036
2761.000	3.035
2762.000	3.034
2763.000	3.034
2764.000	3.034
2765.000	3.033
2766.000	3.032
2767.000	3.032
2768.000	3.031
2769.000	3.030
2770.000	3.030
2771.000	3.029
2772.000	3.028
2773.000	3.028
2774.000	3.028
2775.000	3.027
2776.000	3.026
2777.000	3.026
2778.000	3.025
2779.000	3.024
2780.000	3.024
2781.000	3.023
2782.000	3.022
2783.000	3.022
2784.000	3.021
2785.000	3.021
2786.000	3.020
2787.000	3.020
2788.000	3.019
2789.000	3.018
2790.000	3.018
2791.000	3.017
2792.000	3.016
2793.000	3.015
2794.000	3.015
2795.000	3.014
2796.000	3.014
2797.000	3.013
2798.000	3.013
2799.000	3.012
2800.000	3.011
2801.000	3.011
2802.000	3.010
2803.000	3.009
2804.000	3.008
2805.000	3.008
2806.000	3.007
2807.000	3.007
2808.000	3.006
2809.000	3.006
2810.000	3.005
2811.000	3.004
2812.000	3.004
2813.000	3.003
2814.000	3.002
2815.000	3.001
2816.000	3.001
2817.000	3.000
2818.000	3.000
2819.000	2.999
2820.000	2.999
2821.000	2.998
2822.000	2.997
2823.000	2.996
2824.000	2.996
2825.000	2.995
2826.000	2.994
2827.000	2.993
2828.000	2.993
2829.000	2.993
2830.000	2.992
2831.000	2.991
2832.000	2.990
2833.000	2.990
2834.000	2.989
2835.000	2.988
2836.000	2.988
2837.000	2.987
2838.000	2.986
2839.000	2.985
2840.000	2.985
2841.000	2.985
2842.000	2.984
2843.000	2.983
2844.000	2.983
2845.000	2.982
2846.000	2.981
2847.000	2.980
2848.000	2.980
2849.000	2.979
2850.000	2.978
2851.000	2.977
2852.000	2.977
2853.000	2.976
2854.000	2.976
2855.000	2.975
2856.000	2.974
2857.000	2.973
2858.000	2.972
2859.000	2.971
2860.000	2.970
2861.000	2.969
2862.000	2.969
2863.000	2.969
2864.000	2.968
2865.000	2.967
2866.000	2.966
2867.000	2.965
2868.000	2.964
2869.000	2.963
2870.000	2.962
2871.000	2.961
2872.000	2.960
2873.000	2.959
2874.000	2.959
2875.000	2.958
2876.000	2.958
2877.000	2.957
2878.000	2.956
2879.000	2.955
2880.000	2.954
2881.000	2.953
2882.000	2.952
2883.000	2.951
2884.000	2.950
2885.000	2.950
2886.000	2.949
2887.000	2.948
2888.000	2.947
2889.000	2.946
2890.000	2.945
2891.000	2.944
2892.000	2.943
2893.000	2.942
2894.000	2.942
2895.000	2.941
2896.000	2.941
2897.000	2.940
2898.000	2.939
2899.000	2.938
2900.000	2.937
2901.000	2.936
2902.000	2.935
2903.000	2.934
2904.000	2.933
2905.000	2.932
2906.000	2.931
2907.000	2.930
2908.000	2.930
2909.000	2.929
2910.000	2.928
2911.000	2.927
2912.000	2.926
2913.000	2.925
2914.000	2.924
2915.000	2.923
2916.000	2.922
2917.000	2.921
2918.000	2.921
2919.000	2.897
2920.000	2.896
2921.000	2.895
2922.000	2.894
2923.000	2.894
2924.000	2.893
2925.000	2.892
2926.000	2.891
2927.000	2.890
2928.000	2.890
2929.000	2.889
2930.000	2.889
2931.000	2.888
2932.000	2.887
2933.000	2.887
2934.000	2.886
2935.000	2.885
2936.000	2.884
2937.000	2.884
2938.000	2.883
2939.000	2.882
2940.000	2.882
2941.000	2.882
2942.000	2.881
2943.000	2.880
2944.000	2.880
2945.000	2.879
2946.000	2.878
2947.000	2.878
2948.000	2.877
2949.000	2.876
2950.000	2.876
2951.000	2.875
2952.000	2.875
2953.000	2.874
2954.000	2.874
2955.000	2.873
2956.000	2.872
2957.000	2.871
2958.000	2.871
2959.000	2.870
2960.000	2.869
2961.000	2.869
2962.000	2.868
2963.000	2.868
2964.000	2.867
2965.000	2.866
2966.000	2.866
2967.000	2.865
2968.000	2.864
2969.000	2.863
2970.000	2.863
2971.000	2.862
2972.000	2.861
2973.000	2.861
2974.000	2.860
2975.000	2.860
2976.000	2.859
2977.000	2.858
2978.000	2.858
2979.000	2.857
2980.000	2.856
2981.000	2.855
2982.000	2.855
2983.000	2.854
2984.000	2.853
2985.000	2.853
2986.000	2.853
2987.000	2.852
2988.000	2.851
2989.000	2.850
2990.000	2.850
2991.000	2.849
2992.000	2.848
2993.000	2.848
2994.000	2.847
2995.000	2.846
2996.000	2.845
2997.000	2.845
2998.000	2.845
2999.000	2.844
3000.000	2.843
3001.000	2.843
3002.000	2.842
3003.000	2.841
3004.000	2.841
3005.000	2.840
3006.000	2.840
3007.000	2.839
3008.000	2.839
3009.000	2.838
3010.000	2.838
3011.000	2.837
3012.000	2.836
3013.000	2.836
3014.000	2.835
3015.000	2.834
3016.000	2.834
3017.000	2.833
3018.000	2.832
3019.000	2.832
3020.000	2.832
3021.000	2.831
3022.000	2.830
3023.000	2.829
3024.000	2.829
3025.000	2.828
3026.000	2.827
3027.000	2.827
3028.000	2.826
3029.000	2.825
3030.000	2.825
3031.000	2.825
3032.000	2.824
3033.000	2.823
3034.000	2.823
3035.000	2.822
3036.000	2.821
3037.000	2.821
3038.000	2.820
3039.000	2.819
3040.000	2.819
3041.000	2.818
3042.000	2.818
3043.000	2.817
3044.000	2.816
3045.000	2.816
3046.000	2.815
3047.000	2.814
3048.000	2.814
3049.000	2.813
3050.000	2.812
3051.000	2.812
3052.000	2.811
3053.000	2.811
3054.000	2.810
3055.000	2.810
3056.000	2.809
3057.000	2.808
3058.000	2.808
3059.000	2.807
3060.000	2.806
3061.000	2.805
3062.000	2.805
3063.000	2.804
3064.000	2.804
3065.000	2.803
3066.000	2.803
3067.000	2.802
3068.000	2.801
3069.000	2.801
3070.000	2.800
3071.000	2.799
3072.000	2.798
3073.000	2.798
3074.000	2.797
3075.000	2.797
3076.000	2.796
3077.000	2.796
3078.000	2.795
3079.000	2.794
3080.000	2.794
3081.000	2.793
3082.000	2.792
3083.000	2.792
3084.000	2.791
3085.000	2.790
3086.000	2.790
3087.000	2.789
3088.000	2.789
3089.000	2.788
3090.000	2.787
3091.000	2.787
3092.000	2.786
3093.000	2.785
3094.000	2.785
3095.000	2.784
3096.000	2.783
3097.000	2.783
3098.000	2.782
3099.000	2.782
3100.000	2.781
3101.000	2.780
3102.000	2.780
3103.000	2.779
3104.000	2.778
3105.000	2.778
3106.000	2.777
3107.000	2.776
3108.000	2.776
3109.000	2.775
3110.000	2.775
3111.000	2.774
3112.000	2.773
3113.000	2.773
3114.000	2.772
3115.000	2.771
3116.000	2.771
3117.000	2.770
3118.000	2.769
3119.000	2.768
3120.000	2.718
3121.000	2.718
3122.000	2.717
3123.000	2.716
3124.000	2.715
3125.000	2.715
3126.000	2.714
3127.000	2.713
3128.000	2.712
3129.000	2.712
3130.000	2.711
3131.000	2.711
3132.000	2.710
3133.000	2.709
3134.000	2.709
3135.000	2.708
3136.000	2.707
3137.000	2.706
3138.000	2.705
3139.000	2.705
3140.000	2.704
3141.000	2.703
3142.000	2.703
3143.000	2.702
3144.000	2.702
3145.000	2.701
3146.000	2.700
3147.000	2.699
3148.000	2.699
3149.000	2.698
3150.000	2.697
3151.000	2.696
3152.000	2.695
3153.000	2.695
3154.000	2.695
3155.000	2.694
3156.000	2.693
3157.000	2.692
3158.000	2.692
3159.000	2.691
3160.000	2.690
3161.000	2.689
3162.000	2.689
3163.000	2.688
3164.000	2.688
3165.000	2.687
3166.000	2.686
3167.000	2.685
3168.000	2.685
3169.000	2.684
3170.000	2.683
3171.000	2.682
3172.000	2.682
3173.000	2.681
3174.000	2.680
3175.000	2.680
3176.000	2.679
3177.000	2.679
3178.000	2.678
3179.000	2.677
3180.000	2.676
3181.000	2.676
3182.000	2.675
3183.000	2.674
3184.000	2.673
3185.000	2.672
3186.000	2.672
3187.000	2.672
3188.000	2.671
3189.000	2.670
3190.000	2.669
3191.000	2.669
3192.000	2.668
3193.000	2.667
3194.000	2.667
3195.000	2.666
3196.000	2.665
3197.000	2.664
3198.000	2.664
3199.000	2.664
3200.000	2.663
3201.000	2.662
3202.000	2.661
3203.000	2.661
3204.000	2.660
3205.000	2.659
3206.000	2.658
3207.000	2.658
3208.000	2.657
3209.000	2.657
3210.000	2.656
3211.000	2.656
3212.000	2.655
3213.000	2.654
3214.000	2.653
3215.000	2.653
3216.000	2.652
3217.000	2.651
3218.000	2.650
3219.000	2.650
3220.000	2.650
3221.000	2.649
3222.000	2.648
3223.000	2.648
3224.000	2.647
3225.000	2.646
3226.000	2.646
3227.000	2.645
3228.000	2.644
3229.000	2.643
3230.000	2.643
3231.000	2.643
3232.000	2.642
3233.000	2.641
3234.000	2.641
3235.000	2.640
3236.000	2.639
3237.000	2.639
3238.000	2.638
3239.000	2.638
3240.000	2.637
3241.000	2.636
3242.000	2.636
3243.000	2.636
3244.000	2.635
3245.000	2.634
3246.000	2.634
3247.000	2.633
3248.000	2.632
3249.000	2.632
3250.000	2.631
3251.000	2.630
3252.000	2.630
3253.000	2.629
3254.000	2.629
3255.000	2.628
3256.000	2.628
3257.000	2.627
3258.000	2.626
3259.000	2.626
3260.000	2.625
3261.000	2.624
3262.000	2.624
3263.000	2.623
3264.000	2.622
3265.000	2.622
3266.000	2.622
3267.000	2.621
3268.000	2.621
3269.000	2.620
3270.000	2.619
3271.000	2.619
3272.000	2.618
3273.000	2.617
3274.000	2.617
3275.000	2.616
3276.000	2.616
3277.000	2.615
3278.000	2.615
3279.000	2.614
3280.000	2.613
3281.000	2.613
3282.000	2.612
3283.000	2.611
3284.000	2.611
3285.000	2.610
3286.000	2.609
3287.000	2.609
3288.000	2.609
3289.000	2.608
3290.000	2.608
3291.000	2.607
3292.000	2.606
3293.000	2.606
3294.000	2.605
3295.000	2.604
3296.000	2.604
3297.000	2.603
3298.000	2.603
3299.000	2.602
3300.000	2.602
3301.000	2.601
3302.000	2.600
3303.000	2.600
3304.000	2.599
3305.000	2.598
3306.000	2.598
3307.000	2.597
3308.000	2.597
3309.000	2.597
3310.000	2.596
3311.000	2.595
3312.000	2.595
3313.000	2.594
3314.000	2.593
3315.000	2.593
3316.000	2.592
3317.000	2.591
3318.000	2.591
3319.000	2.590
3320.000	2.590
3321.000	2.589
3322.000	2.589
3323.000	2.588
3324.000	2.588
3325.000	2.587
3326.000	2.586
3327.000	2.586
3328.000	2.585
3329.000	2.584
3330.000	2.584
3331.000	2.583
3332.000	2.583
3333.000	2.582
3334.000	2.582
3335.000	2.581
3336.000	2.580
3337.000	2.580
3338.000	2.579
3339.000	2.579
3340.000	2.578
3341.000	2.577
3342.000	2.577
3343.000	2.577
3344.000	2.576
3345.000	2.575
3346.000	2.575
3347.000	2.574
3348.000	2.573
3349.000	2.573
3350.000	2.572
3351.000	2.572
3352.000	2.571
3353.000	2.570
3354.000	2.570
3355.000	2.570
3356.000	2.569
3357.000	2.568
3358.000	2.568
3359.000	2.567
3360.000	2.566
3361.000	2.566
3362.000	2.565
3363.000	2.565
3364.000	2.564
3365.000	2.564
3366.000	2.563
3367.000	2.563
3368.000	2.562
3369.000	2.561
3370.000	2.561
3371.000	2.560
3372.000	2.560
3373.000	2.559
3374.000	2.558
3375.000	2.558
3376.000	2.558
3377.000	2.557
3378.000	2.557
3379.000	2.556
3380.000	2.555
3381.000	2.555
3382.000	2.554
3383.000	2.554
3384.000	2.553
3385.000	2.552
3386.000	2.552
3387.000	2.552
3388.000	2.551
3389.000	2.551
3390.000	2.550
3391.000	2.549
3392.000	2.549
3393.000	2.548
3394.000	2.548
3395.000	2.547
3396.000	2.547
3397.000	2.546
3398.000	2.545
3399.000	2.545
3400.000	2.545
3401.000	2.544
3402.000	2.544
3403.000	2.543
3404.000	2.542
3405.000	2.542
3406.000	2.541
3407.000	2.541
3408.000	2.540
3409.000	2.540
3410.000	2.540
3411.000	2.539
3412.000	2.538
3413.000	2.538
3414.000	2.537
3415.000	2.537
3416.000	2.536
3417.000	2.536
3418.000	2.535
3419.000	2.534
3420.000	2.534
3421.000	2.534
3422.000	2.533
3423.000	2.533
3424.000	2.532
3425.000	2.532
3426.000	2.531
3427.000	2.531
3428.000	2.530
3429.000	2.529
3430.000	2.529
3431.000	2.528
3432.000	2.528
3433.000	2.528
3434.000	2.527
3435.000	2.527
3436.000	2.526
3437.000	2.525
3438.000	2.525
3439.000	2.524
3440.000	2.524
3441.000	2.523
3442.000	2.523
3443.000	2.523
3444.000	2.522
3445.000	2.522
3446.000	2.521
3447.000	2.521
3448.000	2.520
3449.000	2.520
3450.000	2.519
3451.000	2.519
3452.000	2.518
3453.000	2.518
3454.000	2.518
3455.000	2.518
3456.000	2.517
3457.000	2.517
3458.000	2.516
3459.000	2.516
3460.000	2.515
3461.000	2.515
3462.000	2.515
3463.000	2.514
3464.000	2.514
3465.000	2.513
3466.000	2.513
3467.000	2.513
3468.000	2.513
3469.000	2.512
3470.000	2.512
3471.000	2.511
3472.000	2.511
3473.000	2.511
3474.000	2.510
3475.000	2.510
3476.000	2.509
3477.000	2.509
3478.000	2.509
3479.000	2.509
3480.000	2.508
3481.000	2.508
3482.000	2.507
3483.000	2.507
3484.000	2.507
3485.000	2.506
3486.000	2.506
3487.000	2.505
3488.000	2.505
3489.000	2.505
3490.000	2.504
3491.000	2.504
3492.000	2.503
3493.000	2.503
3494.000	2.503
3495.000	2.502
3496.000	2.502
3497.000	2.501
3498.000	2.501
3499.000	2.501
3500.000	2.500
3501.000	2.500
3502.000	2.499
3503.000	2.499
3504.000	2.499
3505.000	2.498
3506.000	2.498
3507.000	2.497
3508.000	2.497
3509.000	2.496
3510.000	2.496
3511.000	2.496
3512.000	2.495
3513.000	2.495
3514.000	2.495
3515.000	2.494
3516.000	2.494
3517.000	2.493
3518.000	2.493
3519.000	2.492
3520.000	2.492
3521.000	2.492
3522.000	2.491
3523.000	2.491
3524.000	2.491
3525.000	2.490
3526.000	2.490
3527.000	2.489
3528.000	2.489
3529.000	2.488
3530.000	2.488
3531.000	2.487
3532.000	2.487
3533.000	2.487
3534.000	2.486
3535.000	2.486
3536.000	2.485
3537.000	2.485
3538.000	2.484
3539.000	2.484
3540.000	2.483
3541.000	2.483
3542.000	2.482
3543.000	2.482
3544.000	2.482
3545.000	2.481
3546.000	2.481
3547.000	2.480
3548.000	2.480
3549.000	2.479
3550.000	2.479
3551.000	2.478
3552.000	2.478
3553.000	2.477
3554.000	2.477
3555.000	2.477
3556.000	2.476
3557.000	2.476
3558.000	2.475
3559.000	2.475
3560.000	2.474
3561.000	2.474
3562.000	2.473
3563.000	2.473
3564.000	2.472
3565.000	2.472
3566.000	2.472
3567.000	2.471
3568.000	2.471
3569.000	2.470
3570.000	2.470
3571.000	2.469
3572.000	2.469
3573.000	2.468
3574.000	2.468
3575.000	2.467
3576.000	2.467
3577.000	2.467
3578.000	2.466
3579.000	2.466
3580.000	2.466
3581.000	2.465
3582.000	2.465
3583.000	2.464
3584.000	2.464
3585.000	2.463
3586.000	2.463
3587.000	2.462
3588.000	2.462
3589.000	2.462
3590.000	2.461
3591.000	2.461
3592.000	2.460
3593.000	2.460
3594.000	2.459
3595.000	2.459
3596.000	2.458
3597.000	2.458
3598.000	2.458
3599.000	2.458
3600.000	2.457
3601.000	2.457
3602.000	2.456
3603.000	2.456
3604.000	2.455
3605.000	2.455
3606.000	2.454
3607.000	2.454
3608.000	2.453
3609.000	2.453
3610.000	2.452
3611.000	2.452
3612.000	2.452
3613.000	2.451
3614.000	2.451
3615.000	2.450
3616.000	2.450
3617.000	2.450
3618.000	2.449
3619.000	2.449
3620.000	2.448
3621.000	2.448
3622.000	2.448
3623.000	2.447
3624.000	2.447
3625.000	2.446
3626.000	2.446
3627.000	2.445
3628.000	2.445
3629.000	2.445
3630.000	2.444
3631.000	2.444
3632.000	2.443
3633.000	2.443
3634.000	2.443
3635.000	2.442
3636.000	2.442
3637.000	2.441
3638.000	2.441
3639.000	2.441
3640.000	2.440
3641.000	2.440
3642.000	2.439
3643.000	2.439
3644.000	2.439
3645.000	2.439
3646.000	2.438
3647.000	2.438
3648.000	2.437
3649.000	2.437
3650.000	2.437
3651.000	2.436
3652.000	2.436
3653.000	2.435
3654.000	2.435
3655.000	2.435
3656.000	2.435
3657.000	2.434
3658.000	2.434
3659.000	2.433
3660.000	2.433
3661.000	2.433
3662.000	2.432
3663.000	2.432
3664.000	2.431
3665.000	2.431
3666.000	2.431
3667.000	2.431
3668.000	2.430
3669.000	2.430
3670.000	2.429
3671.000	2.429
3672.000	2.429
3673.000	2.428
3674.000	2.428
3675.000	2.427
3676.000	2.427
3677.000	2.427
3678.000	2.427
3679.000	2.426
3680.000	2.426
3681.000	2.425
3682.000	2.425
3683.000	2.425
3684.000	2.424
3685.000	2.424
3686.000	2.423
3687.000	2.423
3688.000	2.422
3689.000	2.422
3690.000	2.422
3691.000	2.422
3692.000	2.421
3693.000	2.421
3694.000	2.420
3695.000	2.420
3696.000	2.420
3697.000	2.419
3698.000	2.419
3699.000	2.419
3700.000	2.419
3701.000	2.418
3702.000	2.418
3703.000	2.417
3704.000	2.417
3705.000	2.417
3706.000	2.416
3707.000	2.416
3708.000	2.415
3709.000	2.415
3710.000	2.415
3711.000	2.415
3712.000	2.414
3713.000	2.414
3714.000	2.413
3715.000	2.413
3716.000	2.413
3717.000	2.412
3718.000	2.412
3719.000	2.411
3720.000	2.411
3721.000	2.411
3722.000	2.411
3723.000	2.410
3724.000	2.410
3725.000	2.410
3726.000	2.409
3727.000	2.409
3728.000	2.408
3729.000	2.408
3730.000	2.408
3731.000	2.407
3732.000	2.407
3733.000	2.407
3734.000	2.406
3735.000	2.406
3736.000	2.406
3737.000	2.405
3738.000	2.405
3739.000	2.405
3740.000	2.404
3741.000	2.404
3742.000	2.403
3743.000	2.403
3744.000	2.403
3745.000	2.403
3746.000	2.403
3747.000	2.403
3748.000	2.403
3749.000	2.403
3750.000	2.403
3751.000	2.403
3752.000	2.403
3753.000	2.403
3754.000	2.403
3755.000	2.403
3756.000	2.403
3757.000	2.403
3758.000	2.403
3759.000	2.403
3760.000	2.401
3761.000	2.401
3762.000	2.401
3763.000	2.401
3764.000	2.401
3765.000	2.401
3766.000	2.401
3767.000	2.401
3768.000	2.401
3769.000	2.401
3770.000	2.401
3771.000	2.401
3772.000	2.401
3773.000	2.401
3774.000	2.401
3775.000	2.401
3776.000	2.401
3777.000	2.401
3778.000	2.401
3779.000	2.401
3780.000	2.401
3781.000	2.401
3782.000	2.401
3783.000	2.401
3784.000	2.401
3785.000	2.401
3786.000	2.401
3787.000	2.401
3788.000	2.401
3789.000	2.401
3790.000	2.401
3791.000	2.401
3792.000	2.384
3793.000	2.384
3794.000	2.384
3795.000	2.384
3796.000	2.384
3797.000	2.384
3798.000	2.384
3799.000	2.384
3800.000	2.384
3801.000	2.384
3802.000	2.384
3803.000	2.384
3804.000	2.384
3805.000	2.384
3806.000	2.384
3807.000	2.384
3808.000	2.384
3809.000	2.359
3810.000	2.359
3811.000	2.359
3812.000	2.359
3813.000	2.359
3814.000	2.359
3815.000	2.359
3816.000	2.359
3817.000	2.359
3818.000	2.342
3819.000	2.342
3820.000	2.342
3821.000	2.342
3822.000	2.342
3823.000	2.342
3824.000	2.342
3825.000	2.342
3826.000	2.342
3827.000	2.342
3828.000	2.342
3829.000	2.342
3830.000	2.342
3831.000	2.342
3832.000	2.342
3833.000	2.342
3834.000	2.342
3835.000	2.329
3836.000	2.329
3837.000	2.317
3838.000	2.317
3839.000	2.317
3840.000	2.317
3841.000	2.317
3842.000	2.317
3843.000	2.317
3844.000	2.317
3845.000	2.317
3846.000	2.303
3847.000	2.303
3848.000	2.303
3849.000	2.303
3850.000	2.303
3851.000	2.303
3852.000	2.303
3853.000	2.303
3854.000	2.303
3855.000	2.288
3856.000	2.284
3857.000	2.284
3858.000	2.284
3859.000	2.284
3860.000	2.284
3861.000	2.284
3862.000	2.252
3863.000	2.252
3864.000	2.252
3865.000	2.252
3866.000	2.252
3867.000	2.239
3868.000	2.239
3869.000	2.239
3870.000	2.239
3871.000	2.239
3872.000	2.239
3873.000	2.239
3874.000	2.235
3875.000	2.235
3876.000	2.235
3877.000	2.235
3878.000	2.235
3879.000	2.235
3880.000	2.235
3881.000	2.235
3882.000	2.235
3883.000	2.225
3884.000	2.218
3885.000	2.218
3886.000	2.218
3887.000	2.218
3888.000	2.218
3889.000	2.218
3890.000	2.218
3891.000	2.218
3892.000	2.218
3893.000	2.218
3894.000	2.218
3895.000	2.218
3896.000	2.218
3897.000	2.218
3898.000	2.218
3899.000	2.218
3900.000	2.218
3901.000	2.218
3902.000	2.218
3903.000	2.218
3904.000	2.218
3905.000	2.218
3906.000	2.218
3907.000	2.218
3908.000	2.218
3909.000	2.218
3910.000	2.218
3911.000	2.218
3912.000	2.218
3913.000	2.218
3914.000	2.218
3915.000	2.214
3916.000	2.214
3917.000	2.214
3918.000	2.214
3919.000	2.214
3920.000	2.214
3921.000	2.214
3922.000	2.214
3923.000	2.214
3924.000	2.214
3925.000	2.214
3926.000	2.214
3927.000	2.214
3928.000	2.214
3929.000	2.214
3930.000	2.214
3931.000	2.214
3932.000	2.214
3933.000	2.214
3934.000	2.214
3935.000	2.214
3936.000	2.214
3937.000	2.214
3938.000	2.214
3939.000	2.214
3940.000	2.214
3941.000	2.214
3942.000	2.214
3943.000	2.214
3944.000	2.214
3945.000	2.214
3946.000	2.214
3947.000	2.214
3948.000	2.214
3949.000	2.214
3950.000	2.214
3951.000	2.214
3952.000	2.214
3953.000	2.214
3954.000	2.214
3955.000	2.214
3956.000	2.214
3957.000	2.214
3958.000	2.214
3959.000	2.214
3960.000	2.214
3961.000	2.214
3962.000	2.214
3963.000	2.214
3964.000	2.214
3965.000	2.214
3966.000	2.214
3967.000	2.214
3968.000	2.214
3969.000	2.214
3970.000	2.214
3971.000	2.214
3972.000	2.214
3973.000	2.214
3974.000	2.214
3975.000	2.214
3976.000	2.214
3977.000	2.214
3978.000	2.214
3979.000	2.214
3980.000	2.214
3981.000	2.214
3982.000	2.214
3983.000	2.214
3984.000	2.214
3985.000	2.214
3986.000	2.214
3987.000	2.214
3988.000	2.214
3989.000	2.214
3990.000	2.214
3991.000	2.214
3992.000	2.214
3993.000	2.214
3994.000	2.214
3995.000	2.214
3996.000	2.214
3997.000	2.214
3998.000	2.214
3999.000	2.214
4000.000	2.214
4001.000	2.214
4002.000	2.214
4003.000	2.214
4004.000	2.214
4005.000	2.214
4006.000	2.214
4007.000	2.214
4008.000	2.214
4009.000	2.214
4010.000	2.214
4011.000	2.209
4012.000	2.209
4013.000	2.209
4014.000	2.209
4015.000	2.209
4016.000	2.209
4017.000	2.209
4018.000	2.209
4019.000	2.209
4020.000	2.209
4021.000	2.209
4022.000	2.209
4023.000	2.209
4024.000	2.209
4025.000	2.209
4026.000	2.209
4027.000	2.209
4028.000	2.209
4029.000	2.209
4030.000	2.209
4031.000	2.204
4032.000	2.204
4033.000	2.204
4034.000	2.204
4035.000	2.204
4036.000	2.204
4037.000	2.204
4038.000	2.204
4039.000	2.204
4040.000	2.204
4041.000	2.204
4042.000	2.204
4043.000	2.204
4044.000	2.204
4045.000	2.204
4046.000	2.204
4047.000	2.204
4048.000	2.204
4049.000	2.204
4050.000	2.204
4051.000	2.204
4052.000	2.204
4053.000	2.204
4054.000	2.204
4055.000	2.204
4056.000	2.204
4057.000	2.204
4058.000	2.204
4059.000	2.204
4060.000	2.204
4061.000	2.204
4062.000	2.204
4063.000	2.204
4064.000	2.204
4065.000	2.204
4066.000	2.204
4067.000	2.204
4068.000	2.204
4069.000	2.204
4070.000	2.204
4071.000	2.204
4072.000	2.204
4073.000	2.204
4074.000	2.204
4075.000	2.204
4076.000	2.204
4077.000	2.204
4078.000	2.204
4079.000	2.204
4080.000	2.204
4081.000	2.204
4082.000	2.204
4083.000	2.204
4084.000	2.204
4085.000	2.204
4086.000	2.204
4087.000	2.204
4088.000	2.204
4089.000	2.204
4090.000	2.204
4091.000	2.204
4092.000	2.179
4093.000	2.179
4094.000	2.178
4095.000	2.178
