0.000	17.661
1.000	17.660
2.000	17.308
3.000	17.307
4.000	17.306
5.000	17.305
6.000	17.303
7.000	17.302
8.000	17.301
9.000	17.300
10.000	17.298
11.000	17.297
12.000	17.296
13.000	17.295
14.000	17.293
15.000	17.292
16.000	17.291
17.000	17.278
18.000	17.277
19.000	17.265
20.000	17.263
21.000	17.261
22.000	17.260
23.000	17.258
24.000	17.256
25.000	17.254
26.000	17.252
27.000	17.251
28.000	17.249
29.000	17.247
30.000	17.246
31.000	17.244
32.000	17.242
33.000	17.240
34.000	17.238
35.000	17.237
36.000	17.235
37.000	17.233
38.000	17.231
39.000	17.230
40.000	17.228
41.000	17.227
42.000	17.225
43.000	17.223
44.000	17.221
45.000	17.220
46.000	17.219
47.000	17.217
48.000	17.216
49.000	17.214
50.000	17.213
51.000	17.211
52.000	17.210
53.000	17.208
54.000	17.207
55.000	17.205
56.000	17.204
57.000	17.202
58.000	17.201
59.000	17.199
60.000	17.198
61.000	17.197
62.000	17.195
63.000	17.194
64.000	17.193
65.000	17.191
66.000	17.190
67.000	17.188
68.000	17.187
69.000	17.186
70.000	17.184
71.000	17.183
72.000	17.181
73.000	17.180
74.000	17.179
75.000	17.177
76.000	17.176
77.000	17.174
78.000	17.173
79.000	17.171
80.000	17.170
81.000	17.168
82.000	17.166
83.000	17.165
84.000	17.164
85.000	17.162
86.000	17.161
87.000	17.159
88.000	17.157
89.000	17.155
90.000	17.154
91.000	17.151
92.000	17.149
93.000	17.147
94.000	17.144
95.000	17.141
96.000	17.140
97.000	17.138
98.000	17.135
99.000	17.132
100.000	17.129
101.000	17.126
102.000	17.123
103.000	17.119
104.000	17.116
105.000	17.113
106.000	17.109
107.000	17.108
108.000	17.103
109.000	17.099
110.000	17.094
111.000	17.089
112.000	17.084
113.000	17.079
114.000	17.073
115.000	17.067
116.000	17.060
117.000	17.053
118.000	17.052
119.000	17.045
120.000	17.039
121.000	17.032
122.000	17.024
123.000	17.016
124.000	17.008
125.000	17.000
126.000	16.991
127.000	16.982
128.000	16.972
129.000	16.971
130.000	16.961
131.000	16.950
132.000	16.939
133.000	16.929
134.000	16.917
135.000	16.905
136.000	16.892
137.000	16.879
138.000	16.866
139.000	16.852
140.000	16.850
141.000	16.836
142.000	16.821
143.000	16.807
144.000	16.792
145.000	16.777
146.000	16.761
147.000	16.744
148.000	16.727
149.000	16.710
150.000	16.693
151.000	16.692
152.000	16.674
153.000	16.656
154.000	16.638
155.000	16.620
156.000	16.602
157.000	16.583
158.000	16.563
159.000	16.540
160.000	16.518
161.000	16.496
162.000	16.475
163.000	16.474
164.000	16.451
165.000	16.429
166.000	16.405
167.000	16.381
168.000	16.357
169.000	16.333
170.000	16.308
171.000	16.283
172.000	16.258
173.000	16.231
174.000	16.208
175.000	16.182
176.000	16.155
177.000	16.128
178.000	16.101
179.000	16.073
180.000	16.045
181.000	16.016
182.000	15.987
183.000	15.957
184.000	15.928
185.000	15.873
186.000	15.843
187.000	15.813
188.000	15.782
189.000	15.751
190.000	15.719
191.000	15.687
192.000	15.654
193.000	15.621
194.000	15.588
195.000	15.555
196.000	15.530
197.000	15.496
198.000	15.463
199.000	15.429
200.000	15.395
201.000	15.361
202.000	15.327
203.000	15.292
204.000	15.256
205.000	15.220
206.000	15.184
207.000	15.140
208.000	15.104
209.000	15.068
210.000	15.031
211.000	14.995
212.000	14.958
213.000	14.920
214.000	14.884
215.000	14.847
216.000	14.809
217.000	14.771
218.000	14.724
219.000	14.686
220.000	14.647
221.000	14.609
222.000	14.572
223.000	14.536
224.000	14.500
225.000	14.463
226.000	14.425
227.000	14.388
228.000	14.351
229.000	14.314
230.000	14.299
231.000	14.263
232.000	14.226
233.000	14.189
234.000	14.153
235.000	14.117
236.000	14.081
237.000	14.046
238.000	14.011
239.000	13.975
240.000	13.940
241.000	13.889
242.000	13.854
243.000	13.820
244.000	13.786
245.000	13.752
246.000	13.719
247.000	13.685
248.000	13.652
249.000	13.620
250.000	13.588
251.000	13.557
252.000	13.531
253.000	13.500
254.000	13.469
255.000	13.439
256.000	13.408
257.000	13.378
258.000	13.347
259.000	13.317
260.000	13.288
261.000	13.259
262.000	13.230
263.000	13.159
264.000	13.130
265.000	13.101
266.000	13.072
267.000	13.044
268.000	13.016
269.000	12.988
270.000	12.960
271.000	12.931
272.000	12.903
273.000	12.876
274.000	12.795
275.000	12.768
276.000	12.741
277.000	12.714
278.000	12.688
279.000	12.662
280.000	12.636
281.000	12.610
282.000	12.584
283.000	12.558
284.000	12.533
285.000	12.527
286.000	12.502
287.000	12.476
288.000	12.451
289.000	12.426
290.000	12.401
291.000	12.377
292.000	12.352
293.000	12.327
294.000	12.303
295.000	12.279
296.000	12.269
297.000	12.245
298.000	12.221
299.000	12.197
300.000	12.173
301.000	12.149
302.000	12.125
303.000	12.102
304.000	12.078
305.000	12.054
306.000	12.031
307.000	12.008
308.000	12.002
309.000	11.979
310.000	11.956
311.000	11.933
312.000	11.910
313.000	11.887
314.000	11.864
315.000	11.840
316.000	11.816
317.000	11.792
318.000	11.769
319.000	11.763
320.000	11.741
321.000	11.717
322.000	11.694
323.000	11.670
324.000	11.647
325.000	11.622
326.000	11.598
327.000	11.574
328.000	11.550
329.000	11.526
330.000	11.502
331.000	11.478
332.000	11.453
333.000	11.429
334.000	11.404
335.000	11.379
336.000	11.355
337.000	11.331
338.000	11.307
339.000	11.283
340.000	11.258
341.000	11.253
342.000	11.229
343.000	11.205
344.000	11.180
345.000	11.156
346.000	11.131
347.000	11.106
348.000	11.082
349.000	11.058
350.000	11.033
351.000	11.009
352.000	10.969
353.000	10.945
354.000	10.921
355.000	10.898
356.000	10.874
357.000	10.850
358.000	10.826
359.000	10.803
360.000	10.779
361.000	10.756
362.000	10.733
363.000	10.697
364.000	10.674
365.000	10.650
366.000	10.627
367.000	10.605
368.000	10.583
369.000	10.561
370.000	10.538
371.000	10.516
372.000	10.495
373.000	10.474
374.000	10.453
375.000	10.406
376.000	10.385
377.000	10.364
378.000	10.343
379.000	10.322
380.000	10.301
381.000	10.281
382.000	10.261
383.000	10.241
384.000	10.221
385.000	10.202
386.000	10.184
387.000	10.165
388.000	10.145
389.000	10.126
390.000	10.107
391.000	10.088
392.000	10.069
393.000	10.050
394.000	10.032
395.000	10.014
396.000	9.995
397.000	9.963
398.000	9.944
399.000	9.925
400.000	9.907
401.000	9.888
402.000	9.869
403.000	9.851
404.000	9.832
405.000	9.814
406.000	9.796
407.000	9.778
408.000	9.772
409.000	9.754
410.000	9.736
411.000	9.719
412.000	9.700
413.000	9.683
414.000	9.666
415.000	9.648
416.000	9.630
417.000	9.612
418.000	9.595
419.000	9.590
420.000	9.572
421.000	9.555
422.000	9.537
423.000	9.520
424.000	9.503
425.000	9.486
426.000	9.468
427.000	9.451
428.000	9.433
429.000	9.416
430.000	9.415
431.000	9.398
432.000	9.381
433.000	9.363
434.000	9.346
435.000	9.330
436.000	9.312
437.000	9.295
438.000	9.278
439.000	9.261
440.000	9.244
441.000	9.227
442.000	9.226
443.000	9.209
444.000	9.193
445.000	9.176
446.000	9.160
447.000	9.144
448.000	9.128
449.000	9.111
450.000	9.095
451.000	9.079
452.000	9.063
453.000	9.051
454.000	9.035
455.000	9.019
456.000	9.003
457.000	8.986
458.000	8.970
459.000	8.954
460.000	8.939
461.000	8.923
462.000	8.907
463.000	8.892
464.000	8.890
465.000	8.874
466.000	8.858
467.000	8.843
468.000	8.827
469.000	8.811
470.000	8.796
471.000	8.779
472.000	8.763
473.000	8.747
474.000	8.731
475.000	8.705
476.000	8.689
477.000	8.673
478.000	8.658
479.000	8.642
480.000	8.626
481.000	8.609
482.000	8.593
483.000	8.577
484.000	8.561
485.000	8.545
486.000	8.543
487.000	8.527
488.000	8.511
489.000	8.495
490.000	8.479
491.000	8.462
492.000	8.445
493.000	8.429
494.000	8.412
495.000	8.395
496.000	8.378
497.000	8.352
498.000	8.336
499.000	8.320
500.000	8.304
501.000	8.288
502.000	8.271
503.000	8.255
504.000	8.239
505.000	8.223
506.000	8.206
507.000	8.190
508.000	8.166
509.000	8.150
510.000	8.134
511.000	8.118
512.000	8.103
513.000	8.087
514.000	8.071
515.000	8.056
516.000	8.040
517.000	8.025
518.000	8.009
519.000	7.994
520.000	7.986
521.000	7.971
522.000	7.956
523.000	7.940
524.000	7.925
525.000	7.909
526.000	7.894
527.000	7.879
528.000	7.864
529.000	7.849
530.000	7.834
531.000	7.815
532.000	7.800
533.000	7.785
534.000	7.771
535.000	7.757
536.000	7.742
537.000	7.728
538.000	7.714
539.000	7.700
540.000	7.686
541.000	7.672
542.000	7.652
543.000	7.638
544.000	7.624
545.000	7.610
546.000	7.597
547.000	7.583
548.000	7.570
549.000	7.556
550.000	7.543
551.000	7.529
552.000	7.516
553.000	7.505
554.000	7.492
555.000	7.479
556.000	7.466
557.000	7.453
558.000	7.440
559.000	7.428
560.000	7.416
561.000	7.403
562.000	7.391
563.000	7.379
564.000	7.378
565.000	7.365
566.000	7.354
567.000	7.342
568.000	7.330
569.000	7.319
570.000	7.307
571.000	7.295
572.000	7.284
573.000	7.273
574.000	7.261
575.000	7.260
576.000	7.248
577.000	7.237
578.000	7.226
579.000	7.216
580.000	7.205
581.000	7.194
582.000	7.184
583.000	7.173
584.000	7.162
585.000	7.152
586.000	7.141
587.000	7.114
588.000	7.103
589.000	7.093
590.000	7.083
591.000	7.072
592.000	7.062
593.000	7.052
594.000	7.042
595.000	7.032
596.000	7.021
597.000	7.011
598.000	7.009
599.000	6.998
600.000	6.988
601.000	6.978
602.000	6.967
603.000	6.957
604.000	6.947
605.000	6.937
606.000	6.927
607.000	6.917
608.000	6.908
609.000	6.905
610.000	6.895
611.000	6.886
612.000	6.875
613.000	6.865
614.000	6.854
615.000	6.844
616.000	6.834
617.000	6.824
618.000	6.814
619.000	6.804
620.000	6.790
621.000	6.780
622.000	6.770
623.000	6.761
624.000	6.751
625.000	6.741
626.000	6.732
627.000	6.723
628.000	6.713
629.000	6.704
630.000	6.694
631.000	6.693
632.000	6.683
633.000	6.674
634.000	6.665
635.000	6.656
636.000	6.646
637.000	6.637
638.000	6.627
639.000	6.618
640.000	6.609
641.000	6.600
642.000	6.599
643.000	6.590
644.000	6.581
645.000	6.572
646.000	6.564
647.000	6.556
648.000	6.547
649.000	6.539
650.000	6.530
651.000	6.522
652.000	6.513
653.000	6.505
654.000	6.503
655.000	6.495
656.000	6.487
657.000	6.479
658.000	6.471
659.000	6.463
660.000	6.454
661.000	6.446
662.000	6.439
663.000	6.431
664.000	6.423
665.000	6.421
666.000	6.413
667.000	6.405
668.000	6.398
669.000	6.390
670.000	6.382
671.000	6.375
672.000	6.367
673.000	6.360
674.000	6.352
675.000	6.345
676.000	6.343
677.000	6.335
678.000	6.328
679.000	6.321
680.000	6.313
681.000	6.306
682.000	6.299
683.000	6.292
684.000	6.284
685.000	6.277
686.000	6.270
687.000	6.258
688.000	6.251
689.000	6.244
690.000	6.237
691.000	6.229
692.000	6.222
693.000	6.215
694.000	6.208
695.000	6.201
696.000	6.194
697.000	6.187
698.000	6.183
699.000	6.176
700.000	6.169
701.000	6.162
702.000	6.155
703.000	6.148
704.000	6.141
705.000	6.134
706.000	6.127
707.000	6.120
708.000	6.113
709.000	6.113
710.000	6.106
711.000	6.099
712.000	6.092
713.000	6.085
714.000	6.078
715.000	6.071
716.000	6.065
717.000	6.058
718.000	6.052
719.000	6.045
720.000	6.045
721.000	6.039
722.000	6.032
723.000	6.026
724.000	6.019
725.000	6.012
726.000	6.006
727.000	5.999
728.000	5.993
729.000	5.986
730.000	5.980
731.000	5.973
732.000	5.973
733.000	5.967
734.000	5.961
735.000	5.955
736.000	5.948
737.000	5.942
738.000	5.936
739.000	5.930
740.000	5.923
741.000	5.917
742.000	5.911
743.000	5.906
744.000	5.900
745.000	5.894
746.000	5.888
747.000	5.883
748.000	5.877
749.000	5.872
750.000	5.867
751.000	5.861
752.000	5.856
753.000	5.850
754.000	5.785
755.000	5.780
756.000	5.774
757.000	5.769
758.000	5.764
759.000	5.758
760.000	5.753
761.000	5.747
762.000	5.742
763.000	5.736
764.000	5.731
765.000	5.731
766.000	5.726
767.000	5.722
768.000	5.717
769.000	5.712
770.000	5.708
771.000	5.703
772.000	5.698
773.000	5.693
774.000	5.689
775.000	5.684
776.000	5.684
777.000	5.680
778.000	5.675
779.000	5.670
780.000	5.666
781.000	5.661
782.000	5.657
783.000	5.652
784.000	5.647
785.000	5.643
786.000	5.638
787.000	5.638
788.000	5.634
789.000	5.630
790.000	5.625
791.000	5.621
792.000	5.616
793.000	5.612
794.000	5.608
795.000	5.604
796.000	5.600
797.000	5.595
798.000	5.591
799.000	5.565
800.000	5.561
801.000	5.557
802.000	5.553
803.000	5.549
804.000	5.544
805.000	5.540
806.000	5.536
807.000	5.531
808.000	5.527
809.000	5.523
810.000	5.486
811.000	5.482
812.000	5.478
813.000	5.474
814.000	5.470
815.000	5.466
816.000	5.461
817.000	5.458
818.000	5.454
819.000	5.450
820.000	5.446
821.000	5.436
822.000	5.433
823.000	5.429
824.000	5.425
825.000	5.421
826.000	5.417
827.000	5.414
828.000	5.410
829.000	5.406
830.000	5.402
831.000	5.398
832.000	5.398
833.000	5.394
834.000	5.390
835.000	5.386
836.000	5.382
837.000	5.378
838.000	5.374
839.000	5.371
840.000	5.367
841.000	5.363
842.000	5.359
843.000	5.325
844.000	5.321
845.000	5.317
846.000	5.314
847.000	5.310
848.000	5.306
849.000	5.303
850.000	5.299
851.000	5.295
852.000	5.292
853.000	5.288
854.000	5.288
855.000	5.285
856.000	5.282
857.000	5.278
858.000	5.274
859.000	5.271
860.000	5.268
861.000	5.264
862.000	5.261
863.000	5.257
864.000	5.254
865.000	5.251
866.000	5.240
867.000	5.237
868.000	5.234
869.000	5.231
870.000	5.227
871.000	5.224
872.000	5.221
873.000	5.218
874.000	5.215
875.000	5.211
876.000	5.208
877.000	5.207
878.000	5.203
879.000	5.200
880.000	5.197
881.000	5.194
882.000	5.191
883.000	5.187
884.000	5.184
885.000	5.181
886.000	5.178
887.000	5.174
888.000	5.174
889.000	5.171
890.000	5.168
891.000	5.164
892.000	5.161
893.000	5.158
894.000	5.155
895.000	5.152
896.000	5.149
897.000	5.146
898.000	5.143
899.000	5.128
900.000	5.125
901.000	5.122
902.000	5.118
903.000	5.115
904.000	5.112
905.000	5.109
906.000	5.106
907.000	5.103
908.000	5.100
909.000	5.097
910.000	5.097
911.000	5.094
912.000	5.091
913.000	5.088
914.000	5.085
915.000	5.082
916.000	5.078
917.000	5.075
918.000	5.072
919.000	5.069
920.000	5.066
921.000	5.059
922.000	5.056
923.000	5.053
924.000	5.050
925.000	5.047
926.000	5.044
927.000	5.041
928.000	5.038
929.000	5.036
930.000	5.033
931.000	5.030
932.000	5.027
933.000	5.027
934.000	5.024
935.000	5.021
936.000	5.019
937.000	5.016
938.000	5.013
939.000	5.010
940.000	5.007
941.000	5.004
942.000	5.001
943.000	4.998
944.000	4.998
945.000	4.995
946.000	4.993
947.000	4.990
948.000	4.987
949.000	4.984
950.000	4.982
951.000	4.979
952.000	4.976
953.000	4.974
954.000	4.971
955.000	4.971
956.000	4.968
957.000	4.966
958.000	4.963
959.000	4.960
960.000	4.958
961.000	4.955
962.000	4.953
963.000	4.950
964.000	4.948
965.000	4.945
966.000	4.945
967.000	4.943
968.000	4.940
969.000	4.938
970.000	4.935
971.000	4.933
972.000	4.930
973.000	4.928
974.000	4.925
975.000	4.923
976.000	4.920
977.000	4.910
978.000	4.908
979.000	4.905
980.000	4.903
981.000	4.900
982.000	4.898
983.000	4.895
984.000	4.893
985.000	4.891
986.000	4.888
987.000	4.886
988.000	4.886
989.000	4.883
990.000	4.881
991.000	4.879
992.000	4.876
993.000	4.874
994.000	4.871
995.000	4.869
996.000	4.867
997.000	4.865
998.000	4.863
999.000	4.863
1000.000	4.860
1001.000	4.858
1002.000	4.856
1003.000	4.854
1004.000	4.851
1005.000	4.849
1006.000	4.847
1007.000	4.845
1008.000	4.842
1009.000	4.840
1010.000	4.838
1011.000	4.792
1012.000	4.790
1013.000	4.787
1014.000	4.785
1015.000	4.783
1016.000	4.781
1017.000	4.779
1018.000	4.776
1019.000	4.774
1020.000	4.772
1021.000	4.770
1022.000	4.757
1023.000	4.755
1024.000	4.752
1025.000	4.750
1026.000	4.748
1027.000	4.746
1028.000	4.743
1029.000	4.741
1030.000	4.739
1031.000	4.737
1032.000	4.735
1033.000	4.735
1034.000	4.733
1035.000	4.731
1036.000	4.728
1037.000	4.726
1038.000	4.724
1039.000	4.722
1040.000	4.720
1041.000	4.718
1042.000	4.715
1043.000	4.713
1044.000	4.713
1045.000	4.711
1046.000	4.709
1047.000	4.707
1048.000	4.704
1049.000	4.702
1050.000	4.700
1051.000	4.698
1052.000	4.696
1053.000	4.693
1054.000	4.691
1055.000	4.691
1056.000	4.689
1057.000	4.687
1058.000	4.685
1059.000	4.683
1060.000	4.680
1061.000	4.678
1062.000	4.676
1063.000	4.674
1064.000	4.671
1065.000	4.669
1066.000	4.669
1067.000	4.667
1068.000	4.665
1069.000	4.662
1070.000	4.660
1071.000	4.658
1072.000	4.656
1073.000	4.654
1074.000	4.651
1075.000	4.649
1076.000	4.647
1077.000	4.645
1078.000	4.645
1079.000	4.643
1080.000	4.640
1081.000	4.638
1082.000	4.636
1083.000	4.634
1084.000	4.632
1085.000	4.630
1086.000	4.628
1087.000	4.626
1088.000	4.624
1089.000	4.624
1090.000	4.621
1091.000	4.619
1092.000	4.617
1093.000	4.615
1094.000	4.613
1095.000	4.611
1096.000	4.609
1097.000	4.607
1098.000	4.605
1099.000	4.603
1100.000	4.603
1101.000	4.601
1102.000	4.598
1103.000	4.596
1104.000	4.594
1105.000	4.592
1106.000	4.590
1107.000	4.588
1108.000	4.586
1109.000	4.584
1110.000	4.582
1111.000	4.582
1112.000	4.580
1113.000	4.578
1114.000	4.576
1115.000	4.574
1116.000	4.572
1117.000	4.570
1118.000	4.568
1119.000	4.566
1120.000	4.564
1121.000	4.562
1122.000	4.562
1123.000	4.560
1124.000	4.558
1125.000	4.556
1126.000	4.554
1127.000	4.552
1128.000	4.550
1129.000	4.548
1130.000	4.546
1131.000	4.544
1132.000	4.542
1133.000	4.542
1134.000	4.540
1135.000	4.538
1136.000	4.536
1137.000	4.534
1138.000	4.532
1139.000	4.529
1140.000	4.527
1141.000	4.525
1142.000	4.523
1143.000	4.521
1144.000	4.519
1145.000	4.508
1146.000	4.506
1147.000	4.504
1148.000	4.502
1149.000	4.499
1150.000	4.497
1151.000	4.495
1152.000	4.493
1153.000	4.491
1154.000	4.489
1155.000	4.487
1156.000	4.487
1157.000	4.485
1158.000	4.483
1159.000	4.481
1160.000	4.478
1161.000	4.476
1162.000	4.474
1163.000	4.472
1164.000	4.470
1165.000	4.468
1166.000	4.466
1167.000	4.460
1168.000	4.458
1169.000	4.456
1170.000	4.454
1171.000	4.452
1172.000	4.450
1173.000	4.448
1174.000	4.446
1175.000	4.444
1176.000	4.442
1177.000	4.440
1178.000	4.440
1179.000	4.438
1180.000	4.435
1181.000	4.433
1182.000	4.431
1183.000	4.429
1184.000	4.427
1185.000	4.425
1186.000	4.423
1187.000	4.421
1188.000	4.419
1189.000	4.418
1190.000	4.416
1191.000	4.414
1192.000	4.412
1193.000	4.410
1194.000	4.408
1195.000	4.406
1196.000	4.404
1197.000	4.402
1198.000	4.400
1199.000	4.398
1200.000	4.398
1201.000	4.396
1202.000	4.394
1203.000	4.392
1204.000	4.390
1205.000	4.388
1206.000	4.386
1207.000	4.384
1208.000	4.382
1209.000	4.381
1210.000	4.379
1211.000	4.379
1212.000	4.377
1213.000	4.375
1214.000	4.373
1215.000	4.371
1216.000	4.369
1217.000	4.367
1218.000	4.365
1219.000	4.363
1220.000	4.361
1221.000	4.359
1222.000	4.357
1223.000	4.357
1224.000	4.355
1225.000	4.353
1226.000	4.351
1227.000	4.349
1228.000	4.347
1229.000	4.345
1230.000	4.343
1231.000	4.341
1232.000	4.339
1233.000	4.337
1234.000	4.337
1235.000	4.335
1236.000	4.333
1237.000	4.331
1238.000	4.329
1239.000	4.327
1240.000	4.325
1241.000	4.323
1242.000	4.321
1243.000	4.319
1244.000	4.317
1245.000	4.317
1246.000	4.315
1247.000	4.313
1248.000	4.311
1249.000	4.309
1250.000	4.307
1251.000	4.305
1252.000	4.303
1253.000	4.301
1254.000	4.299
1255.000	4.297
1256.000	4.297
1257.000	4.295
1258.000	4.293
1259.000	4.291
1260.000	4.289
1261.000	4.287
1262.000	4.285
1263.000	4.283
1264.000	4.281
1265.000	4.279
1266.000	4.277
1267.000	4.277
1268.000	4.275
1269.000	4.273
1270.000	4.272
1271.000	4.270
1272.000	4.268
1273.000	4.266
1274.000	4.264
1275.000	4.262
1276.000	4.260
1277.000	4.258
1278.000	4.258
1279.000	4.256
1280.000	4.254
1281.000	4.252
1282.000	4.250
1283.000	4.248
1284.000	4.246
1285.000	4.244
1286.000	4.242
1287.000	4.240
1288.000	4.239
1289.000	4.237
1290.000	4.226
1291.000	4.224
1292.000	4.223
1293.000	4.221
1294.000	4.219
1295.000	4.217
1296.000	4.215
1297.000	4.213
1298.000	4.211
1299.000	4.210
1300.000	4.208
1301.000	4.208
1302.000	4.206
1303.000	4.204
1304.000	4.202
1305.000	4.200
1306.000	4.198
1307.000	4.196
1308.000	4.194
1309.000	4.192
1310.000	4.191
1311.000	4.189
1312.000	4.189
1313.000	4.187
1314.000	4.185
1315.000	4.183
1316.000	4.181
1317.000	4.179
1318.000	4.177
1319.000	4.176
1320.000	4.174
1321.000	4.172
1322.000	4.170
1323.000	4.170
1324.000	4.168
1325.000	4.166
1326.000	4.164
1327.000	4.163
1328.000	4.161
1329.000	4.159
1330.000	4.157
1331.000	4.155
1332.000	4.154
1333.000	4.152
1334.000	4.152
1335.000	4.150
1336.000	4.148
1337.000	4.146
1338.000	4.145
1339.000	4.143
1340.000	4.141
1341.000	4.140
1342.000	4.138
1343.000	4.136
1344.000	4.134
1345.000	4.134
1346.000	4.133
1347.000	4.131
1348.000	4.129
1349.000	4.128
1350.000	4.126
1351.000	4.124
1352.000	4.123
1353.000	4.121
1354.000	4.119
1355.000	4.118
1356.000	4.116
1357.000	4.116
1358.000	4.115
1359.000	4.113
1360.000	4.111
1361.000	4.110
1362.000	4.108
1363.000	4.107
1364.000	4.105
1365.000	4.104
1366.000	4.102
1367.000	4.100
1368.000	4.100
1369.000	4.099
1370.000	4.097
1371.000	4.096
1372.000	4.094
1373.000	4.093
1374.000	4.091
1375.000	4.090
1376.000	4.088
1377.000	4.086
1378.000	4.085
1379.000	4.085
1380.000	4.083
1381.000	4.082
1382.000	4.080
1383.000	4.079
1384.000	4.077
1385.000	4.076
1386.000	4.074
1387.000	4.073
1388.000	4.071
1389.000	4.070
1390.000	4.070
1391.000	4.068
1392.000	4.067
1393.000	4.065
1394.000	4.064
1395.000	4.063
1396.000	4.061
1397.000	4.060
1398.000	4.058
1399.000	4.057
1400.000	4.056
1401.000	4.053
1402.000	4.051
1403.000	4.050
1404.000	4.049
1405.000	4.048
1406.000	4.046
1407.000	4.045
1408.000	4.044
1409.000	4.043
1410.000	4.041
1411.000	4.040
1412.000	4.040
1413.000	4.039
1414.000	4.038
1415.000	4.036
1416.000	4.035
1417.000	4.034
1418.000	4.033
1419.000	4.031
1420.000	4.030
1421.000	4.029
1422.000	4.028
1423.000	4.028
1424.000	4.027
1425.000	4.025
1426.000	4.024
1427.000	4.023
1428.000	4.022
1429.000	4.020
1430.000	4.019
1431.000	4.018
1432.000	4.017
1433.000	4.015
1434.000	4.014
1435.000	4.014
1436.000	4.013
1437.000	4.012
1438.000	4.010
1439.000	4.009
1440.000	4.008
1441.000	4.007
1442.000	4.006
1443.000	4.005
1444.000	4.003
1445.000	4.002
1446.000	4.002
1447.000	4.001
1448.000	4.000
1449.000	3.999
1450.000	3.998
1451.000	3.996
1452.000	3.995
1453.000	3.994
1454.000	3.993
1455.000	3.992
1456.000	3.991
1457.000	3.991
1458.000	3.989
1459.000	3.988
1460.000	3.987
1461.000	3.986
1462.000	3.985
1463.000	3.984
1464.000	3.983
1465.000	3.981
1466.000	3.980
1467.000	3.979
1468.000	3.979
1469.000	3.978
1470.000	3.977
1471.000	3.976
1472.000	3.975
1473.000	3.974
1474.000	3.973
1475.000	3.971
1476.000	3.970
1477.000	3.969
1478.000	3.968
1479.000	3.968
1480.000	3.967
1481.000	3.966
1482.000	3.965
1483.000	3.964
1484.000	3.963
1485.000	3.962
1486.000	3.960
1487.000	3.959
1488.000	3.958
1489.000	3.957
1490.000	3.957
1491.000	3.956
1492.000	3.955
1493.000	3.954
1494.000	3.952
1495.000	3.951
1496.000	3.950
1497.000	3.949
1498.000	3.948
1499.000	3.946
1500.000	3.945
1501.000	3.944
1502.000	3.944
1503.000	3.943
1504.000	3.942
1505.000	3.941
1506.000	3.940
1507.000	3.939
1508.000	3.938
1509.000	3.936
1510.000	3.935
1511.000	3.934
1512.000	3.933
1513.000	3.933
1514.000	3.932
1515.000	3.931
1516.000	3.930
1517.000	3.928
1518.000	3.927
1519.000	3.926
1520.000	3.925
1521.000	3.924
1522.000	3.923
1523.000	3.922
1524.000	3.922
1525.000	3.920
1526.000	3.919
1527.000	3.918
1528.000	3.917
1529.000	3.916
1530.000	3.915
1531.000	3.914
1532.000	3.913
1533.000	3.912
1534.000	3.911
1535.000	3.911
1536.000	3.910
1537.000	3.909
1538.000	3.908
1539.000	3.907
1540.000	3.906
1541.000	3.905
1542.000	3.905
1543.000	3.904
1544.000	3.903
1545.000	3.902
1546.000	3.902
1547.000	3.901
1548.000	3.900
1549.000	3.899
1550.000	3.898
1551.000	3.897
1552.000	3.896
1553.000	3.895
1554.000	3.894
1555.000	3.893
1556.000	3.892
1557.000	3.892
1558.000	3.891
1559.000	3.890
1560.000	3.890
1561.000	3.889
1562.000	3.888
1563.000	3.887
1564.000	3.886
1565.000	3.885
1566.000	3.884
1567.000	3.884
1568.000	3.883
1569.000	3.883
1570.000	3.882
1571.000	3.881
1572.000	3.880
1573.000	3.879
1574.000	3.879
1575.000	3.878
1576.000	3.877
1577.000	3.876
1578.000	3.875
1579.000	3.874
1580.000	3.874
1581.000	3.873
1582.000	3.873
1583.000	3.872
1584.000	3.871
1585.000	3.870
1586.000	3.869
1587.000	3.869
1588.000	3.868
1589.000	3.867
1590.000	3.867
1591.000	3.867
1592.000	3.866
1593.000	3.865
1594.000	3.865
1595.000	3.864
1596.000	3.863
1597.000	3.863
1598.000	3.862
1599.000	3.862
1600.000	3.861
1601.000	3.860
1602.000	3.860
1603.000	3.860
1604.000	3.859
1605.000	3.859
1606.000	3.858
1607.000	3.857
1608.000	3.857
1609.000	3.856
1610.000	3.856
1611.000	3.855
1612.000	3.854
1613.000	3.854
1614.000	3.854
1615.000	3.853
1616.000	3.853
1617.000	3.852
1618.000	3.852
1619.000	3.851
1620.000	3.850
1621.000	3.850
1622.000	3.849
1623.000	3.849
1624.000	3.849
1625.000	3.848
1626.000	3.848
1627.000	3.847
1628.000	3.847
1629.000	3.846
1630.000	3.845
1631.000	3.845
1632.000	3.844
1633.000	3.844
1634.000	3.843
1635.000	3.843
1636.000	3.843
1637.000	3.842
1638.000	3.842
1639.000	3.841
1640.000	3.840
1641.000	3.840
1642.000	3.839
1643.000	3.839
1644.000	3.838
1645.000	3.837
1646.000	3.837
1647.000	3.837
1648.000	3.836
1649.000	3.835
1650.000	3.835
1651.000	3.834
1652.000	3.833
1653.000	3.832
1654.000	3.831
1655.000	3.831
1656.000	3.830
1657.000	3.829
1658.000	3.829
1659.000	3.828
1660.000	3.828
1661.000	3.827
1662.000	3.826
1663.000	3.825
1664.000	3.825
1665.000	3.824
1666.000	3.823
1667.000	3.822
1668.000	3.821
1669.000	3.821
1670.000	3.821
1671.000	3.820
1672.000	3.819
1673.000	3.818
1674.000	3.817
1675.000	3.817
1676.000	3.816
1677.000	3.815
1678.000	3.814
1679.000	3.813
1680.000	3.813
1681.000	3.813
1682.000	3.812
1683.000	3.811
1684.000	3.810
1685.000	3.810
1686.000	3.809
1687.000	3.808
1688.000	3.808
1689.000	3.807
1690.000	3.806
1691.000	3.806
1692.000	3.806
1693.000	3.805
1694.000	3.804
1695.000	3.804
1696.000	3.803
1697.000	3.802
1698.000	3.802
1699.000	3.801
1700.000	3.800
1701.000	3.800
1702.000	3.800
1703.000	3.799
1704.000	3.798
1705.000	3.798
1706.000	3.797
1707.000	3.796
1708.000	3.796
1709.000	3.795
1710.000	3.795
1711.000	3.794
1712.000	3.793
1713.000	3.793
1714.000	3.793
1715.000	3.792
1716.000	3.791
1717.000	3.791
1718.000	3.790
1719.000	3.790
1720.000	3.789
1721.000	3.788
1722.000	3.788
1723.000	3.787
1724.000	3.786
1725.000	3.786
1726.000	3.786
1727.000	3.785
1728.000	3.784
1729.000	3.784
1730.000	3.783
1731.000	3.782
1732.000	3.781
1733.000	3.780
1734.000	3.779
1735.000	3.779
1736.000	3.779
1737.000	3.778
1738.000	3.777
1739.000	3.776
1740.000	3.775
1741.000	3.775
1742.000	3.774
1743.000	3.773
1744.000	3.772
1745.000	3.771
1746.000	3.770
1747.000	3.770
1748.000	3.769
1749.000	3.769
1750.000	3.768
1751.000	3.767
1752.000	3.766
1753.000	3.765
1754.000	3.764
1755.000	3.764
1756.000	3.763
1757.000	3.762
1758.000	3.762
1759.000	3.761
1760.000	3.760
1761.000	3.759
1762.000	3.759
1763.000	3.758
1764.000	3.757
1765.000	3.756
1766.000	3.755
1767.000	3.754
1768.000	3.753
1769.000	3.753
1770.000	3.753
1771.000	3.752
1772.000	3.751
1773.000	3.750
1774.000	3.749
1775.000	3.748
1776.000	3.747
1777.000	3.746
1778.000	3.746
1779.000	3.745
1780.000	3.744
1781.000	3.744
1782.000	3.743
1783.000	3.742
1784.000	3.741
1785.000	3.740
1786.000	3.739
1787.000	3.739
1788.000	3.738
1789.000	3.737
1790.000	3.736
1791.000	3.735
1792.000	3.735
1793.000	3.734
1794.000	3.733
1795.000	3.733
1796.000	3.732
1797.000	3.731
1798.000	3.730
1799.000	3.729
1800.000	3.728
1801.000	3.727
1802.000	3.726
1803.000	3.726
1804.000	3.726
1805.000	3.725
1806.000	3.724
1807.000	3.723
1808.000	3.722
1809.000	3.721
1810.000	3.721
1811.000	3.720
1812.000	3.719
1813.000	3.718
1814.000	3.718
1815.000	3.717
1816.000	3.717
1817.000	3.716
1818.000	3.715
1819.000	3.714
1820.000	3.713
1821.000	3.713
1822.000	3.712
1823.000	3.711
1824.000	3.711
1825.000	3.711
1826.000	3.710
1827.000	3.709
1828.000	3.708
1829.000	3.708
1830.000	3.707
1831.000	3.706
1832.000	3.706
1833.000	3.705
1834.000	3.704
1835.000	3.704
1836.000	3.704
1837.000	3.703
1838.000	3.702
1839.000	3.702
1840.000	3.701
1841.000	3.700
1842.000	3.700
1843.000	3.699
1844.000	3.698
1845.000	3.698
1846.000	3.697
1847.000	3.697
1848.000	3.697
1849.000	3.696
1850.000	3.695
1851.000	3.695
1852.000	3.694
1853.000	3.694
1854.000	3.693
1855.000	3.692
1856.000	3.692
1857.000	3.691
1858.000	3.691
1859.000	3.691
1860.000	3.690
1861.000	3.690
1862.000	3.689
1863.000	3.688
1864.000	3.688
1865.000	3.687
1866.000	3.687
1867.000	3.686
1868.000	3.685
1869.000	3.685
1870.000	3.685
1871.000	3.684
1872.000	3.684
1873.000	3.683
1874.000	3.682
1875.000	3.682
1876.000	3.681
1877.000	3.681
1878.000	3.680
1879.000	3.679
1880.000	3.679
1881.000	3.679
1882.000	3.678
1883.000	3.678
1884.000	3.677
1885.000	3.677
1886.000	3.676
1887.000	3.675
1888.000	3.675
1889.000	3.674
1890.000	3.674
1891.000	3.673
1892.000	3.673
1893.000	3.672
1894.000	3.672
1895.000	3.671
1896.000	3.671
1897.000	3.670
1898.000	3.669
1899.000	3.669
1900.000	3.668
1901.000	3.668
1902.000	3.667
1903.000	3.667
1904.000	3.667
1905.000	3.666
1906.000	3.665
1907.000	3.665
1908.000	3.664
1909.000	3.664
1910.000	3.663
1911.000	3.663
1912.000	3.662
1913.000	3.661
1914.000	3.661
1915.000	3.661
1916.000	3.660
1917.000	3.660
1918.000	3.659
1919.000	3.658
1920.000	3.658
1921.000	3.657
1922.000	3.657
1923.000	3.656
1924.000	3.656
1925.000	3.655
1926.000	3.655
1927.000	3.654
1928.000	3.654
1929.000	3.653
1930.000	3.653
1931.000	3.652
1932.000	3.651
1933.000	3.651
1934.000	3.650
1935.000	3.649
1936.000	3.649
1937.000	3.649
1938.000	3.648
1939.000	3.648
1940.000	3.647
1941.000	3.646
1942.000	3.646
1943.000	3.645
1944.000	3.644
1945.000	3.644
1946.000	3.643
1947.000	3.643
1948.000	3.643
1949.000	3.642
1950.000	3.641
1951.000	3.641
1952.000	3.640
1953.000	3.639
1954.000	3.639
1955.000	3.638
1956.000	3.638
1957.000	3.637
1958.000	3.636
1959.000	3.636
1960.000	3.636
1961.000	3.635
1962.000	3.635
1963.000	3.634
1964.000	3.633
1965.000	3.633
1966.000	3.632
1967.000	3.632
1968.000	3.631
1969.000	3.630
1970.000	3.630
1971.000	3.630
1972.000	3.629
1973.000	3.628
1974.000	3.628
1975.000	3.627
1976.000	3.627
1977.000	3.626
1978.000	3.625
1979.000	3.625
1980.000	3.624
1981.000	3.624
1982.000	3.624
1983.000	3.623
1984.000	3.622
1985.000	3.622
1986.000	3.621
1987.000	3.621
1988.000	3.620
1989.000	3.619
1990.000	3.619
1991.000	3.618
1992.000	3.618
1993.000	3.618
1994.000	3.617
1995.000	3.616
1996.000	3.616
1997.000	3.615
1998.000	3.615
1999.000	3.614
2000.000	3.614
2001.000	3.613
2002.000	3.613
2003.000	3.612
2004.000	3.612
2005.000	3.612
2006.000	3.611
2007.000	3.611
2008.000	3.610
2009.000	3.610
2010.000	3.609
2011.000	3.609
2012.000	3.608
2013.000	3.608
2014.000	3.608
2015.000	3.608
2016.000	3.607
2017.000	3.607
2018.000	3.606
2019.000	3.606
2020.000	3.606
2021.000	3.605
2022.000	3.605
2023.000	3.604
2024.000	3.604
2025.000	3.604
2026.000	3.604
2027.000	3.603
2028.000	3.603
2029.000	3.602
2030.000	3.602
2031.000	3.602
2032.000	3.601
2033.000	3.601
2034.000	3.600
2035.000	3.600
2036.000	3.600
2037.000	3.600
2038.000	3.599
2039.000	3.599
2040.000	3.599
2041.000	3.598
2042.000	3.598
2043.000	3.597
2044.000	3.597
2045.000	3.597
2046.000	3.596
2047.000	3.596
2048.000	3.596
2049.000	3.596
2050.000	3.595
2051.000	3.595
2052.000	3.595
2053.000	3.594
2054.000	3.594
2055.000	3.593
2056.000	3.593
2057.000	3.593
2058.000	3.592
2059.000	3.592
2060.000	3.592
2061.000	3.592
2062.000	3.591
2063.000	3.591
2064.000	3.591
2065.000	3.590
2066.000	3.590
2067.000	3.589
2068.000	3.589
2069.000	3.589
2070.000	3.588
2071.000	3.588
2072.000	3.588
2073.000	3.588
2074.000	3.587
2075.000	3.587
2076.000	3.587
2077.000	3.586
2078.000	3.586
2079.000	3.586
2080.000	3.585
2081.000	3.585
2082.000	3.585
2083.000	3.584
2084.000	3.584
2085.000	3.584
2086.000	3.583
2087.000	3.583
2088.000	3.583
2089.000	3.582
2090.000	3.582
2091.000	3.582
2092.000	3.581
2093.000	3.581
2094.000	3.581
2095.000	3.580
2096.000	3.580
2097.000	3.580
2098.000	3.579
2099.000	3.579
2100.000	3.579
2101.000	3.579
2102.000	3.579
2103.000	3.578
2104.000	3.578
2105.000	3.578
2106.000	3.578
2107.000	3.578
2108.000	3.578
2109.000	3.578
2110.000	3.577
2111.000	3.577
2112.000	3.577
2113.000	3.577
2114.000	3.577
2115.000	3.577
2116.000	3.577
2117.000	3.577
2118.000	3.576
2119.000	3.576
2120.000	3.576
2121.000	3.576
2122.000	3.576
2123.000	3.576
2124.000	3.576
2125.000	3.576
2126.000	3.576
2127.000	3.576
2128.000	3.576
2129.000	3.576
2130.000	3.576
2131.000	3.575
2132.000	3.575
2133.000	3.575
2134.000	3.575
2135.000	3.575
2136.000	3.575
2137.000	3.575
2138.000	3.575
2139.000	3.575
2140.000	3.575
2141.000	3.575
2142.000	3.575
2143.000	3.575
2144.000	3.574
2145.000	3.574
2146.000	3.574
2147.000	3.574
2148.000	3.574
2149.000	3.574
2150.000	3.574
2151.000	3.574
2152.000	3.574
2153.000	3.574
2154.000	3.574
2155.000	3.574
2156.000	3.574
2157.000	3.574
2158.000	3.574
2159.000	3.574
2160.000	3.574
2161.000	3.574
2162.000	3.574
2163.000	3.574
2164.000	3.574
2165.000	3.574
2166.000	3.573
2167.000	3.573
2168.000	3.573
2169.000	3.573
2170.000	3.573
2171.000	3.573
2172.000	3.573
2173.000	3.573
2174.000	3.573
2175.000	3.573
2176.000	3.573
2177.000	3.573
2178.000	3.573
2179.000	3.573
2180.000	3.573
2181.000	3.573
2182.000	3.573
2183.000	3.573
2184.000	3.573
2185.000	3.573
2186.000	3.573
2187.000	3.573
2188.000	3.573
2189.000	3.573
2190.000	3.573
2191.000	3.572
2192.000	3.572
2193.000	3.572
2194.000	3.572
2195.000	3.572
2196.000	3.572
2197.000	3.572
2198.000	3.572
2199.000	3.572
2200.000	3.572
2201.000	3.572
2202.000	3.572
2203.000	3.572
2204.000	3.572
2205.000	3.572
2206.000	3.572
2207.000	3.572
2208.000	3.572
2209.000	3.572
2210.000	3.572
2211.000	3.572
2212.000	3.572
2213.000	3.572
2214.000	3.572
2215.000	3.572
2216.000	3.572
2217.000	3.571
2218.000	3.571
2219.000	3.571
2220.000	3.571
2221.000	3.571
2222.000	3.571
2223.000	3.571
2224.000	3.571
2225.000	3.571
2226.000	3.571
2227.000	3.571
2228.000	3.571
2229.000	3.571
2230.000	3.571
2231.000	3.571
2232.000	3.571
2233.000	3.571
2234.000	3.571
2235.000	3.571
2236.000	3.571
2237.000	3.571
2238.000	3.571
2239.000	3.571
2240.000	3.571
2241.000	3.571
2242.000	3.570
2243.000	3.570
2244.000	3.570
2245.000	3.570
2246.000	3.570
2247.000	3.570
2248.000	3.570
2249.000	3.570
2250.000	3.570
2251.000	3.570
2252.000	3.570
2253.000	3.570
2254.000	3.570
2255.000	3.570
2256.000	3.570
2257.000	3.570
2258.000	3.570
2259.000	3.570
2260.000	3.570
2261.000	3.570
2262.000	3.570
2263.000	3.570
2264.000	3.570
2265.000	3.570
2266.000	3.570
2267.000	3.570
2268.000	3.569
2269.000	3.569
2270.000	3.569
2271.000	3.569
2272.000	3.569
2273.000	3.569
2274.000	3.569
2275.000	3.569
2276.000	3.569
2277.000	3.569
2278.000	3.569
2279.000	3.569
2280.000	3.569
2281.000	3.569
2282.000	3.569
2283.000	3.569
2284.000	3.569
2285.000	3.569
2286.000	3.569
2287.000	3.569
2288.000	3.569
2289.000	3.569
2290.000	3.569
2291.000	3.569
2292.000	3.569
2293.000	3.569
2294.000	3.569
2295.000	3.568
2296.000	3.568
2297.000	3.568
2298.000	3.568
2299.000	3.568
2300.000	3.568
2301.000	3.568
2302.000	3.568
2303.000	3.568
2304.000	3.568
2305.000	3.568
2306.000	3.568
2307.000	3.568
2308.000	3.568
2309.000	3.568
2310.000	3.568
2311.000	3.568
2312.000	3.568
2313.000	3.568
2314.000	3.568
2315.000	3.568
2316.000	3.568
2317.000	3.568
2318.000	3.568
2319.000	3.568
2320.000	3.568
2321.000	3.567
2322.000	3.567
2323.000	3.567
2324.000	3.567
2325.000	3.567
2326.000	3.567
2327.000	3.567
2328.000	3.567
2329.000	3.567
2330.000	3.567
2331.000	3.567
2332.000	3.567
2333.000	3.567
2334.000	3.567
2335.000	3.567
2336.000	3.567
2337.000	3.567
2338.000	3.567
2339.000	3.567
2340.000	3.567
2341.000	3.567
2342.000	3.567
2343.000	3.567
2344.000	3.567
2345.000	3.567
2346.000	3.567
2347.000	3.567
2348.000	3.567
2349.000	3.567
2350.000	3.567
2351.000	3.567
2352.000	3.567
2353.000	3.567
2354.000	3.567
2355.000	3.567
2356.000	3.567
2357.000	3.567
2358.000	3.567
2359.000	3.567
2360.000	3.567
2361.000	3.567
2362.000	3.567
2363.000	3.567
2364.000	3.567
2365.000	3.567
2366.000	3.567
2367.000	3.567
2368.000	3.567
2369.000	3.567
2370.000	3.567
2371.000	3.567
2372.000	3.567
2373.000	3.567
2374.000	3.567
2375.000	3.567
2376.000	3.567
2377.000	3.567
2378.000	3.567
2379.000	3.567
2380.000	3.567
2381.000	3.567
2382.000	3.567
2383.000	3.567
2384.000	3.567
2385.000	3.567
2386.000	3.567
2387.000	3.567
2388.000	3.567
2389.000	3.567
2390.000	3.567
2391.000	3.567
2392.000	3.567
2393.000	3.567
2394.000	3.567
2395.000	3.567
2396.000	3.567
2397.000	3.567
2398.000	3.567
2399.000	3.567
2400.000	3.567
2401.000	3.567
2402.000	3.567
2403.000	3.567
2404.000	3.567
2405.000	3.567
2406.000	3.567
2407.000	3.567
2408.000	3.567
2409.000	3.567
2410.000	3.567
2411.000	3.567
2412.000	3.567
2413.000	3.567
2414.000	3.567
2415.000	3.567
2416.000	3.567
2417.000	3.567
2418.000	3.567
2419.000	3.567
2420.000	3.567
2421.000	3.567
2422.000	3.567
2423.000	3.567
2424.000	3.567
2425.000	3.567
2426.000	3.567
2427.000	3.567
2428.000	3.567
2429.000	3.567
2430.000	3.567
2431.000	3.567
2432.000	3.567
2433.000	3.567
2434.000	3.567
2435.000	3.567
2436.000	3.567
2437.000	3.567
2438.000	3.567
2439.000	3.567
2440.000	3.567
2441.000	3.567
2442.000	3.567
2443.000	3.567
2444.000	3.567
2445.000	3.567
2446.000	3.567
2447.000	3.567
2448.000	3.567
2449.000	3.567
2450.000	3.567
2451.000	3.567
2452.000	3.567
2453.000	3.567
2454.000	3.567
2455.000	3.567
2456.000	3.567
2457.000	3.567
2458.000	3.567
2459.000	3.567
2460.000	3.567
2461.000	3.567
2462.000	3.567
2463.000	3.567
2464.000	3.567
2465.000	3.567
2466.000	3.567
2467.000	3.567
2468.000	3.567
2469.000	3.567
2470.000	3.567
2471.000	3.567
2472.000	3.567
2473.000	3.567
2474.000	3.567
2475.000	3.567
2476.000	3.567
2477.000	3.567
2478.000	3.567
2479.000	3.567
2480.000	3.567
2481.000	3.567
2482.000	3.567
2483.000	3.567
2484.000	3.567
2485.000	3.567
2486.000	3.567
2487.000	3.567
2488.000	3.567
2489.000	3.567
2490.000	3.567
2491.000	3.567
2492.000	3.567
2493.000	3.567
2494.000	3.567
2495.000	3.567
2496.000	3.567
2497.000	3.567
2498.000	3.567
2499.000	3.567
2500.000	3.567
2501.000	3.567
2502.000	3.567
2503.000	3.567
2504.000	3.567
2505.000	3.567
2506.000	3.567
2507.000	3.567
2508.000	3.567
2509.000	3.567
2510.000	3.567
2511.000	3.567
2512.000	3.567
2513.000	3.567
2514.000	3.567
2515.000	3.567
2516.000	3.567
2517.000	3.567
2518.000	3.567
2519.000	3.567
2520.000	3.567
2521.000	3.567
2522.000	3.567
2523.000	3.567
2524.000	3.567
2525.000	3.567
2526.000	3.566
2527.000	3.566
2528.000	3.566
2529.000	3.566
2530.000	3.566
2531.000	3.566
2532.000	3.566
2533.000	3.566
2534.000	3.566
2535.000	3.566
2536.000	3.566
2537.000	3.566
2538.000	3.566
2539.000	3.566
2540.000	3.566
2541.000	3.566
2542.000	3.565
2543.000	3.565
2544.000	3.565
2545.000	3.565
2546.000	3.565
2547.000	3.565
2548.000	3.565
2549.000	3.565
2550.000	3.565
2551.000	3.565
2552.000	3.565
2553.000	3.565
2554.000	3.565
2555.000	3.565
2556.000	3.565
2557.000	3.564
2558.000	3.564
2559.000	3.564
2560.000	3.564
2561.000	3.564
2562.000	3.564
2563.000	3.564
2564.000	3.564
2565.000	3.564
2566.000	3.564
2567.000	3.564
2568.000	3.564
2569.000	3.564
2570.000	3.563
2571.000	3.563
2572.000	3.563
2573.000	3.563
2574.000	3.563
2575.000	3.563
2576.000	3.563
2577.000	3.563
2578.000	3.563
2579.000	3.562
2580.000	3.562
2581.000	3.562
2582.000	3.562
2583.000	3.562
2584.000	3.562
2585.000	3.562
2586.000	3.562
2587.000	3.561
2588.000	3.561
2589.000	3.561
2590.000	3.561
2591.000	3.561
2592.000	3.560
2593.000	3.560
2594.000	3.560
2595.000	3.560
2596.000	3.560
2597.000	3.560
2598.000	3.559
2599.000	3.559
2600.000	3.559
2601.000	3.559
2602.000	3.559
2603.000	3.558
2604.000	3.558
2605.000	3.558
2606.000	3.558
2607.000	3.558
2608.000	3.558
2609.000	3.557
2610.000	3.557
2611.000	3.557
2612.000	3.557
2613.000	3.557
2614.000	3.556
2615.000	3.556
2616.000	3.556
2617.000	3.556
2618.000	3.556
2619.000	3.556
2620.000	3.555
2621.000	3.555
2622.000	3.555
2623.000	3.555
2624.000	3.555
2625.000	3.554
2626.000	3.554
2627.000	3.554
2628.000	3.554
2629.000	3.554
2630.000	3.554
2631.000	3.553
2632.000	3.553
2633.000	3.553
2634.000	3.553
2635.000	3.552
2636.000	3.552
2637.000	3.552
2638.000	3.552
2639.000	3.551
2640.000	3.551
2641.000	3.551
2642.000	3.551
2643.000	3.551
2644.000	3.550
2645.000	3.550
2646.000	3.550
2647.000	3.549
2648.000	3.549
2649.000	3.549
2650.000	3.549
2651.000	3.549
2652.000	3.548
2653.000	3.548
2654.000	3.548
2655.000	3.548
2656.000	3.547
2657.000	3.547
2658.000	3.547
2659.000	3.547
2660.000	3.546
2661.000	3.546
2662.000	3.546
2663.000	3.546
2664.000	3.546
2665.000	3.545
2666.000	3.545
2667.000	3.545
2668.000	3.545
2669.000	3.544
2670.000	3.544
2671.000	3.544
2672.000	3.543
2673.000	3.543
2674.000	3.543
2675.000	3.542
2676.000	3.542
2677.000	3.541
2678.000	3.541
2679.000	3.540
2680.000	3.540
2681.000	3.539
2682.000	3.539
2683.000	3.539
2684.000	3.539
2685.000	3.538
2686.000	3.538
2687.000	3.537
2688.000	3.537
2689.000	3.536
2690.000	3.536
2691.000	3.535
2692.000	3.534
2693.000	3.533
2694.000	3.532
2695.000	3.531
2696.000	3.531
2697.000	3.530
2698.000	3.529
2699.000	3.528
2700.000	3.527
2701.000	3.526
2702.000	3.525
2703.000	3.524
2704.000	3.524
2705.000	3.523
2706.000	3.522
2707.000	3.522
2708.000	3.521
2709.000	3.520
2710.000	3.519
2711.000	3.518
2712.000	3.517
2713.000	3.516
2714.000	3.515
2715.000	3.514
2716.000	3.513
2717.000	3.512
2718.000	3.512
2719.000	3.511
2720.000	3.511
2721.000	3.510
2722.000	3.509
2723.000	3.508
2724.000	3.507
2725.000	3.506
2726.000	3.505
2727.000	3.504
2728.000	3.503
2729.000	3.503
2730.000	3.502
2731.000	3.501
2732.000	3.500
2733.000	3.499
2734.000	3.499
2735.000	3.498
2736.000	3.497
2737.000	3.496
2738.000	3.495
2739.000	3.494
2740.000	3.494
2741.000	3.493
2742.000	3.492
2743.000	3.491
2744.000	3.490
2745.000	3.489
2746.000	3.488
2747.000	3.487
2748.000	3.487
2749.000	3.486
2750.000	3.485
2751.000	3.485
2752.000	3.484
2753.000	3.483
2754.000	3.482
2755.000	3.481
2756.000	3.480
2757.000	3.479
2758.000	3.478
2759.000	3.477
2760.000	3.476
2761.000	3.476
2762.000	3.475
2763.000	3.475
2764.000	3.474
2765.000	3.473
2766.000	3.472
2767.000	3.471
2768.000	3.470
2769.000	3.469
2770.000	3.468
2771.000	3.467
2772.000	3.466
2773.000	3.466
2774.000	3.466
2775.000	3.465
2776.000	3.464
2777.000	3.463
2778.000	3.462
2779.000	3.461
2780.000	3.460
2781.000	3.459
2782.000	3.458
2783.000	3.457
2784.000	3.456
2785.000	3.456
2786.000	3.456
2787.000	3.455
2788.000	3.454
2789.000	3.453
2790.000	3.452
2791.000	3.451
2792.000	3.450
2793.000	3.449
2794.000	3.448
2795.000	3.447
2796.000	3.447
2797.000	3.447
2798.000	3.446
2799.000	3.445
2800.000	3.444
2801.000	3.443
2802.000	3.442
2803.000	3.441
2804.000	3.440
2805.000	3.439
2806.000	3.438
2807.000	3.438
2808.000	3.437
2809.000	3.437
2810.000	3.436
2811.000	3.435
2812.000	3.434
2813.000	3.433
2814.000	3.432
2815.000	3.431
2816.000	3.430
2817.000	3.429
2818.000	3.429
2819.000	3.429
2820.000	3.428
2821.000	3.427
2822.000	3.426
2823.000	3.425
2824.000	3.424
2825.000	3.423
2826.000	3.422
2827.000	3.421
2828.000	3.420
2829.000	3.420
2830.000	3.420
2831.000	3.419
2832.000	3.418
2833.000	3.417
2834.000	3.416
2835.000	3.415
2836.000	3.414
2837.000	3.413
2838.000	3.412
2839.000	3.412
2840.000	3.411
2841.000	3.411
2842.000	3.410
2843.000	3.409
2844.000	3.408
2845.000	3.407
2846.000	3.406
2847.000	3.405
2848.000	3.404
2849.000	3.404
2850.000	3.403
2851.000	3.402
2852.000	3.402
2853.000	3.401
2854.000	3.400
2855.000	3.398
2856.000	3.397
2857.000	3.396
2858.000	3.394
2859.000	3.393
2860.000	3.392
2861.000	3.390
2862.000	3.389
2863.000	3.389
2864.000	3.388
2865.000	3.386
2866.000	3.385
2867.000	3.384
2868.000	3.382
2869.000	3.381
2870.000	3.379
2871.000	3.378
2872.000	3.377
2873.000	3.375
2874.000	3.375
2875.000	3.374
2876.000	3.372
2877.000	3.371
2878.000	3.370
2879.000	3.368
2880.000	3.367
2881.000	3.365
2882.000	3.364
2883.000	3.362
2884.000	3.361
2885.000	3.361
2886.000	3.360
2887.000	3.358
2888.000	3.357
2889.000	3.355
2890.000	3.354
2891.000	3.353
2892.000	3.351
2893.000	3.350
2894.000	3.348
2895.000	3.347
2896.000	3.347
2897.000	3.346
2898.000	3.344
2899.000	3.343
2900.000	3.341
2901.000	3.340
2902.000	3.339
2903.000	3.337
2904.000	3.336
2905.000	3.334
2906.000	3.333
2907.000	3.332
2908.000	3.332
2909.000	3.330
2910.000	3.329
2911.000	3.327
2912.000	3.326
2913.000	3.325
2914.000	3.323
2915.000	3.322
2916.000	3.320
2917.000	3.319
2918.000	3.317
2919.000	3.317
2920.000	3.316
2921.000	3.314
2922.000	3.312
2923.000	3.311
2924.000	3.309
2925.000	3.307
2926.000	3.306
2927.000	3.304
2928.000	3.303
2929.000	3.301
2930.000	3.301
2931.000	3.299
2932.000	3.298
2933.000	3.296
2934.000	3.295
2935.000	3.293
2936.000	3.291
2937.000	3.290
2938.000	3.288
2939.000	3.286
2940.000	3.285
2941.000	3.285
2942.000	3.283
2943.000	3.281
2944.000	3.280
2945.000	3.278
2946.000	3.276
2947.000	3.275
2948.000	3.273
2949.000	3.271
2950.000	3.270
2951.000	3.268
2952.000	3.268
2953.000	3.266
2954.000	3.265
2955.000	3.263
2956.000	3.261
2957.000	3.260
2958.000	3.258
2959.000	3.257
2960.000	3.255
2961.000	3.253
2962.000	3.252
2963.000	3.252
2964.000	3.250
2965.000	3.248
2966.000	3.247
2967.000	3.245
2968.000	3.243
2969.000	3.242
2970.000	3.240
2971.000	3.238
2972.000	3.237
2973.000	3.235
2974.000	3.234
2975.000	3.234
2976.000	3.232
2977.000	3.230
2978.000	3.229
2979.000	3.227
2980.000	3.225
2981.000	3.224
2982.000	3.222
2983.000	3.220
2984.000	3.219
2985.000	3.217
2986.000	3.217
2987.000	3.216
2988.000	3.214
2989.000	3.212
2990.000	3.211
2991.000	3.209
2992.000	3.207
2993.000	3.206
2994.000	3.204
2995.000	3.202
2996.000	3.201
2997.000	3.201
2998.000	3.199
2999.000	3.198
3000.000	3.196
3001.000	3.194
3002.000	3.193
3003.000	3.191
3004.000	3.189
3005.000	3.188
3006.000	3.186
3007.000	3.185
3008.000	3.185
3009.000	3.183
3010.000	3.181
3011.000	3.180
3012.000	3.178
3013.000	3.176
3014.000	3.175
3015.000	3.173
3016.000	3.172
3017.000	3.170
3018.000	3.168
3019.000	3.168
3020.000	3.167
3021.000	3.165
3022.000	3.164
3023.000	3.162
3024.000	3.160
3025.000	3.159
3026.000	3.157
3027.000	3.155
3028.000	3.154
3029.000	3.152
3030.000	3.152
3031.000	3.151
3032.000	3.149
3033.000	3.147
3034.000	3.146
3035.000	3.144
3036.000	3.143
3037.000	3.141
3038.000	3.139
3039.000	3.138
3040.000	3.136
3041.000	3.135
3042.000	3.135
3043.000	3.133
3044.000	3.131
3045.000	3.130
3046.000	3.128
3047.000	3.127
3048.000	3.125
3049.000	3.123
3050.000	3.122
3051.000	3.120
3052.000	3.119
3053.000	3.119
3054.000	3.117
3055.000	3.116
3056.000	3.114
3057.000	3.113
3058.000	3.111
3059.000	3.109
3060.000	3.108
3061.000	3.106
3062.000	3.105
3063.000	3.103
3064.000	3.103
3065.000	3.102
3066.000	3.100
3067.000	3.099
3068.000	3.097
3069.000	3.096
3070.000	3.094
3071.000	3.093
3072.000	3.091
3073.000	3.090
3074.000	3.088
3075.000	3.088
3076.000	3.087
3077.000	3.085
3078.000	3.083
3079.000	3.082
3080.000	3.080
3081.000	3.079
3082.000	3.077
3083.000	3.076
3084.000	3.074
3085.000	3.073
3086.000	3.073
3087.000	3.071
3088.000	3.070
3089.000	3.068
3090.000	3.067
3091.000	3.065
3092.000	3.064
3093.000	3.062
3094.000	3.061
3095.000	3.059
3096.000	3.058
3097.000	3.058
3098.000	3.056
3099.000	3.054
3100.000	3.053
3101.000	3.051
3102.000	3.050
3103.000	3.048
3104.000	3.047
3105.000	3.045
3106.000	3.044
3107.000	3.042
3108.000	3.042
3109.000	3.041
3110.000	3.039
3111.000	3.038
3112.000	3.036
3113.000	3.035
3114.000	3.034
3115.000	3.032
3116.000	3.031
3117.000	3.029
3118.000	3.028
3119.000	3.026
3120.000	3.026
3121.000	3.025
3122.000	3.023
3123.000	3.022
3124.000	3.020
3125.000	3.019
3126.000	3.017
3127.000	3.016
3128.000	3.015
3129.000	3.013
3130.000	3.012
3131.000	3.012
3132.000	3.010
3133.000	3.009
3134.000	3.008
3135.000	3.006
3136.000	3.005
3137.000	3.003
3138.000	3.002
3139.000	3.001
3140.000	2.999
3141.000	2.998
3142.000	2.998
3143.000	2.996
3144.000	2.995
3145.000	2.994
3146.000	2.992
3147.000	2.991
3148.000	2.989
3149.000	2.988
3150.000	2.987
3151.000	2.985
3152.000	2.984
3153.000	2.984
3154.000	2.982
3155.000	2.981
3156.000	2.980
3157.000	2.978
3158.000	2.977
3159.000	2.975
3160.000	2.974
3161.000	2.973
3162.000	2.971
3163.000	2.970
3164.000	2.970
3165.000	2.969
3166.000	2.967
3167.000	2.966
3168.000	2.964
3169.000	2.963
3170.000	2.962
3171.000	2.960
3172.000	2.959
3173.000	2.957
3174.000	2.956
3175.000	2.956
3176.000	2.955
3177.000	2.953
3178.000	2.952
3179.000	2.951
3180.000	2.949
3181.000	2.948
3182.000	2.946
3183.000	2.945
3184.000	2.944
3185.000	2.942
3186.000	2.941
3187.000	2.941
3188.000	2.940
3189.000	2.939
3190.000	2.937
3191.000	2.936
3192.000	2.935
3193.000	2.933
3194.000	2.932
3195.000	2.931
3196.000	2.929
3197.000	2.928
3198.000	2.928
3199.000	2.927
3200.000	2.925
3201.000	2.924
3202.000	2.923
3203.000	2.921
3204.000	2.920
3205.000	2.919
3206.000	2.917
3207.000	2.916
3208.000	2.915
3209.000	2.905
3210.000	2.904
3211.000	2.903
3212.000	2.901
3213.000	2.900
3214.000	2.899
3215.000	2.897
3216.000	2.896
3217.000	2.895
3218.000	2.893
3219.000	2.892
3220.000	2.892
3221.000	2.891
3222.000	2.890
3223.000	2.888
3224.000	2.887
3225.000	2.886
3226.000	2.884
3227.000	2.883
3228.000	2.882
3229.000	2.880
3230.000	2.879
3231.000	2.879
3232.000	2.878
3233.000	2.877
3234.000	2.876
3235.000	2.875
3236.000	2.873
3237.000	2.872
3238.000	2.871
3239.000	2.870
3240.000	2.869
3241.000	2.868
3242.000	2.868
3243.000	2.867
3244.000	2.866
3245.000	2.864
3246.000	2.863
3247.000	2.862
3248.000	2.861
3249.000	2.860
3250.000	2.859
3251.000	2.858
3252.000	2.857
3253.000	2.856
3254.000	2.856
3255.000	2.855
3256.000	2.854
3257.000	2.854
3258.000	2.853
3259.000	2.852
3260.000	2.852
3261.000	2.851
3262.000	2.850
3263.000	2.849
3264.000	2.849
3265.000	2.849
3266.000	2.848
3267.000	2.847
3268.000	2.846
3269.000	2.846
3270.000	2.845
3271.000	2.844
3272.000	2.844
3273.000	2.843
3274.000	2.842
3275.000	2.841
3276.000	2.841
3277.000	2.841
3278.000	2.840
3279.000	2.839
3280.000	2.838
3281.000	2.838
3282.000	2.837
3283.000	2.836
3284.000	2.836
3285.000	2.835
3286.000	2.834
3287.000	2.834
3288.000	2.833
3289.000	2.833
3290.000	2.832
3291.000	2.831
3292.000	2.830
3293.000	2.830
3294.000	2.829
3295.000	2.828
3296.000	2.828
3297.000	2.827
3298.000	2.827
3299.000	2.826
3300.000	2.825
3301.000	2.825
3302.000	2.824
3303.000	2.823
3304.000	2.823
3305.000	2.822
3306.000	2.821
3307.000	2.820
3308.000	2.820
3309.000	2.820
3310.000	2.819
3311.000	2.818
3312.000	2.818
3313.000	2.817
3314.000	2.816
3315.000	2.815
3316.000	2.815
3317.000	2.814
3318.000	2.813
3319.000	2.812
3320.000	2.812
3321.000	2.812
3322.000	2.811
3323.000	2.810
3324.000	2.810
3325.000	2.809
3326.000	2.808
3327.000	2.807
3328.000	2.807
3329.000	2.806
3330.000	2.805
3331.000	2.805
3332.000	2.805
3333.000	2.804
3334.000	2.803
3335.000	2.802
3336.000	2.802
3337.000	2.801
3338.000	2.800
3339.000	2.800
3340.000	2.799
3341.000	2.798
3342.000	2.797
3343.000	2.797
3344.000	2.797
3345.000	2.796
3346.000	2.795
3347.000	2.795
3348.000	2.794
3349.000	2.793
3350.000	2.793
3351.000	2.792
3352.000	2.791
3353.000	2.790
3354.000	2.790
3355.000	2.790
3356.000	2.789
3357.000	2.788
3358.000	2.788
3359.000	2.787
3360.000	2.786
3361.000	2.785
3362.000	2.785
3363.000	2.784
3364.000	2.783
3365.000	2.783
3366.000	2.783
3367.000	2.782
3368.000	2.781
3369.000	2.780
3370.000	2.780
3371.000	2.779
3372.000	2.778
3373.000	2.778
3374.000	2.777
3375.000	2.776
3376.000	2.776
3377.000	2.776
3378.000	2.775
3379.000	2.774
3380.000	2.773
3381.000	2.773
3382.000	2.772
3383.000	2.771
3384.000	2.771
3385.000	2.770
3386.000	2.769
3387.000	2.765
3388.000	2.764
3389.000	2.764
3390.000	2.763
3391.000	2.762
3392.000	2.762
3393.000	2.761
3394.000	2.760
3395.000	2.760
3396.000	2.759
3397.000	2.758
3398.000	2.757
3399.000	2.757
3400.000	2.757
3401.000	2.756
3402.000	2.755
3403.000	2.755
3404.000	2.754
3405.000	2.753
3406.000	2.753
3407.000	2.752
3408.000	2.751
3409.000	2.750
3410.000	2.750
3411.000	2.750
3412.000	2.749
3413.000	2.748
3414.000	2.748
3415.000	2.747
3416.000	2.746
3417.000	2.746
3418.000	2.745
3419.000	2.744
3420.000	2.743
3421.000	2.743
3422.000	2.743
3423.000	2.742
3424.000	2.741
3425.000	2.741
3426.000	2.740
3427.000	2.739
3428.000	2.739
3429.000	2.738
3430.000	2.737
3431.000	2.737
3432.000	2.737
3433.000	2.736
3434.000	2.735
3435.000	2.734
3436.000	2.734
3437.000	2.733
3438.000	2.732
3439.000	2.732
3440.000	2.731
3441.000	2.730
3442.000	2.729
3443.000	2.729
3444.000	2.729
3445.000	2.728
3446.000	2.727
3447.000	2.727
3448.000	2.726
3449.000	2.726
3450.000	2.725
3451.000	2.725
3452.000	2.725
3453.000	2.725
3454.000	2.725
3455.000	2.724
3456.000	2.724
3457.000	2.724
3458.000	2.723
3459.000	2.723
3460.000	2.723
3461.000	2.722
3462.000	2.722
3463.000	2.722
3464.000	2.721
3465.000	2.721
3466.000	2.721
3467.000	2.721
3468.000	2.720
3469.000	2.720
3470.000	2.720
3471.000	2.720
3472.000	2.719
3473.000	2.719
3474.000	2.719
3475.000	2.719
3476.000	2.718
3477.000	2.718
3478.000	2.718
3479.000	2.718
3480.000	2.717
3481.000	2.717
3482.000	2.717
3483.000	2.716
3484.000	2.716
3485.000	2.716
3486.000	2.715
3487.000	2.715
3488.000	2.715
3489.000	2.714
3490.000	2.714
3491.000	2.714
3492.000	2.713
3493.000	2.713
3494.000	2.713
3495.000	2.712
3496.000	2.712
3497.000	2.711
3498.000	2.711
3499.000	2.711
3500.000	2.710
3501.000	2.710
3502.000	2.710
3503.000	2.709
3504.000	2.709
3505.000	2.708
3506.000	2.708
3507.000	2.707
3508.000	2.707
3509.000	2.706
3510.000	2.706
3511.000	2.705
3512.000	2.705
3513.000	2.704
3514.000	2.704
3515.000	2.703
3516.000	2.702
3517.000	2.702
3518.000	2.701
3519.000	2.701
3520.000	2.700
3521.000	2.700
3522.000	2.700
3523.000	2.699
3524.000	2.699
3525.000	2.698
3526.000	2.698
3527.000	2.697
3528.000	2.697
3529.000	2.696
3530.000	2.696
3531.000	2.695
3532.000	2.695
3533.000	2.695
3534.000	2.694
3535.000	2.694
3536.000	2.693
3537.000	2.693
3538.000	2.692
3539.000	2.692
3540.000	2.692
3541.000	2.691
3542.000	2.691
3543.000	2.690
3544.000	2.690
3545.000	2.690
3546.000	2.689
3547.000	2.689
3548.000	2.688
3549.000	2.688
3550.000	2.688
3551.000	2.687
3552.000	2.687
3553.000	2.686
3554.000	2.686
3555.000	2.686
3556.000	2.685
3557.000	2.685
3558.000	2.685
3559.000	2.684
3560.000	2.684
3561.000	2.683
3562.000	2.683
3563.000	2.683
3564.000	2.682
3565.000	2.682
3566.000	2.682
3567.000	2.681
3568.000	2.681
3569.000	2.680
3570.000	2.680
3571.000	2.680
3572.000	2.679
3573.000	2.679
3574.000	2.678
3575.000	2.678
3576.000	2.678
3577.000	2.678
3578.000	2.677
3579.000	2.677
3580.000	2.676
3581.000	2.676
3582.000	2.675
3583.000	2.675
3584.000	2.675
3585.000	2.674
3586.000	2.674
3587.000	2.673
3588.000	2.673
3589.000	2.673
3590.000	2.673
3591.000	2.672
3592.000	2.672
3593.000	2.671
3594.000	2.671
3595.000	2.670
3596.000	2.670
3597.000	2.670
3598.000	2.669
3599.000	2.669
3600.000	2.669
3601.000	2.668
3602.000	2.668
3603.000	2.668
3604.000	2.667
3605.000	2.667
3606.000	2.666
3607.000	2.666
3608.000	2.666
3609.000	2.665
3610.000	2.665
3611.000	2.665
3612.000	2.664
3613.000	2.664
3614.000	2.663
3615.000	2.663
3616.000	2.663
3617.000	2.662
3618.000	2.662
3619.000	2.661
3620.000	2.661
3621.000	2.661
3622.000	2.661
3623.000	2.660
3624.000	2.660
3625.000	2.659
3626.000	2.659
3627.000	2.659
3628.000	2.658
3629.000	2.658
3630.000	2.657
3631.000	2.657
3632.000	2.656
3633.000	2.656
3634.000	2.656
3635.000	2.656
3636.000	2.655
3637.000	2.655
3638.000	2.654
3639.000	2.654
3640.000	2.654
3641.000	2.653
3642.000	2.653
3643.000	2.652
3644.000	2.652
3645.000	2.652
3646.000	2.652
3647.000	2.651
3648.000	2.651
3649.000	2.650
3650.000	2.650
3651.000	2.649
3652.000	2.649
3653.000	2.649
3654.000	2.648
3655.000	2.648
3656.000	2.648
3657.000	2.647
3658.000	2.647
3659.000	2.647
3660.000	2.646
3661.000	2.646
3662.000	2.645
3663.000	2.645
3664.000	2.645
3665.000	2.644
3666.000	2.644
3667.000	2.644
3668.000	2.643
3669.000	2.643
3670.000	2.643
3671.000	2.642
3672.000	2.642
3673.000	2.641
3674.000	2.641
3675.000	2.641
3676.000	2.640
3677.000	2.640
3678.000	2.640
3679.000	2.639
3680.000	2.639
3681.000	2.639
3682.000	2.638
3683.000	2.638
3684.000	2.637
3685.000	2.637
3686.000	2.636
3687.000	2.636
3688.000	2.636
3689.000	2.636
3690.000	2.635
3691.000	2.635
3692.000	2.634
3693.000	2.634
3694.000	2.633
3695.000	2.633
3696.000	2.632
3697.000	2.632
3698.000	2.631
3699.000	2.631
3700.000	2.631
3701.000	2.631
3702.000	2.630
3703.000	2.630
3704.000	2.629
3705.000	2.629
3706.000	2.628
3707.000	2.628
3708.000	2.627
3709.000	2.627
3710.000	2.626
3711.000	2.626
3712.000	2.626
3713.000	2.625
3714.000	2.625
3715.000	2.625
3716.000	2.624
3717.000	2.624
3718.000	2.623
3719.000	2.623
3720.000	2.622
3721.000	2.622
3722.000	2.622
3723.000	2.621
3724.000	2.621
3725.000	2.620
3726.000	2.620
3727.000	2.619
3728.000	2.619
3729.000	2.618
3730.000	2.618
3731.000	2.617
3732.000	2.617
3733.000	2.617
3734.000	2.616
3735.000	2.616
3736.000	2.615
3737.000	2.615
3738.000	2.614
3739.000	2.614
3740.000	2.613
3741.000	2.613
3742.000	2.612
3743.000	2.612
3744.000	2.612
3745.000	2.611
3746.000	2.611
3747.000	2.611
3748.000	2.611
3749.000	2.611
3750.000	2.603
3751.000	2.603
3752.000	2.603
3753.000	2.603
3754.000	2.603
3755.000	2.603
3756.000	2.603
3757.000	2.603
3758.000	2.603
3759.000	2.603
3760.000	2.603
3761.000	2.603
3762.000	2.603
3763.000	2.603
3764.000	2.603
3765.000	2.603
3766.000	2.603
3767.000	2.603
3768.000	2.603
3769.000	2.603
3770.000	2.603
3771.000	2.603
3772.000	2.603
3773.000	2.603
3774.000	2.603
3775.000	2.603
3776.000	2.603
3777.000	2.603
3778.000	2.603
3779.000	2.603
3780.000	2.603
3781.000	2.603
3782.000	2.603
3783.000	2.603
3784.000	2.603
3785.000	2.603
3786.000	2.603
3787.000	2.603
3788.000	2.603
3789.000	2.603
3790.000	2.603
3791.000	2.603
3792.000	2.603
3793.000	2.603
3794.000	2.603
3795.000	2.603
3796.000	2.574
3797.000	2.574
3798.000	2.574
3799.000	2.574
3800.000	2.574
3801.000	2.574
3802.000	2.574
3803.000	2.574
3804.000	2.574
3805.000	2.574
3806.000	2.538
3807.000	2.538
3808.000	2.538
3809.000	2.538
3810.000	2.538
3811.000	2.538
3812.000	2.538
3813.000	2.538
3814.000	2.538
3815.000	2.538
3816.000	2.538
3817.000	2.538
3818.000	2.538
3819.000	2.538
3820.000	2.538
3821.000	2.487
3822.000	2.487
3823.000	2.487
3824.000	2.481
3825.000	2.481
3826.000	2.481
3827.000	2.481
3828.000	2.481
3829.000	2.481
3830.000	2.440
3831.000	2.440
3832.000	2.440
3833.000	2.426
3834.000	2.426
3835.000	2.418
3836.000	2.418
3837.000	2.399
3838.000	2.399
3839.000	2.388
3840.000	2.388
3841.000	2.388
3842.000	2.388
3843.000	2.388
3844.000	2.388
3845.000	2.380
3846.000	2.380
3847.000	2.380
3848.000	2.380
3849.000	2.375
3850.000	2.375
3851.000	2.375
3852.000	2.375
3853.000	2.375
3854.000	2.363
3855.000	2.363
3856.000	2.363
3857.000	2.337
3858.000	2.336
3859.000	2.336
3860.000	2.336
3861.000	2.336
3862.000	2.336
3863.000	2.336
3864.000	2.336
3865.000	2.336
3866.000	2.336
3867.000	2.336
3868.000	2.336
3869.000	2.336
3870.000	2.336
3871.000	2.336
3872.000	2.336
3873.000	2.336
3874.000	2.336
3875.000	2.336
3876.000	2.336
3877.000	2.336
3878.000	2.336
3879.000	2.336
3880.000	2.336
3881.000	2.336
3882.000	2.336
3883.000	2.336
3884.000	2.336
3885.000	2.336
3886.000	2.336
3887.000	2.336
3888.000	2.336
3889.000	2.336
3890.000	2.336
3891.000	2.336
3892.000	2.336
3893.000	2.336
3894.000	2.336
3895.000	2.336
3896.000	2.336
3897.000	2.336
3898.000	2.336
3899.000	2.336
3900.000	2.336
3901.000	2.336
3902.000	2.336
3903.000	2.336
3904.000	2.336
3905.000	2.336
3906.000	2.336
3907.000	2.336
3908.000	2.336
3909.000	2.336
3910.000	2.336
3911.000	2.336
3912.000	2.336
3913.000	2.336
3914.000	2.336
3915.000	2.336
3916.000	2.336
3917.000	2.336
3918.000	2.336
3919.000	2.336
3920.000	2.336
3921.000	2.336
3922.000	2.336
3923.000	2.336
3924.000	2.336
3925.000	2.336
3926.000	2.336
3927.000	2.336
3928.000	2.336
3929.000	2.336
3930.000	2.336
3931.000	2.336
3932.000	2.336
3933.000	2.336
3934.000	2.336
3935.000	2.336
3936.000	2.336
3937.000	2.336
3938.000	2.336
3939.000	2.336
3940.000	2.336
3941.000	2.336
3942.000	2.336
3943.000	2.336
3944.000	2.336
3945.000	2.336
3946.000	2.336
3947.000	2.336
3948.000	2.336
3949.000	2.336
3950.000	2.336
3951.000	2.336
3952.000	2.336
3953.000	2.336
3954.000	2.336
3955.000	2.336
3956.000	2.336
3957.000	2.336
3958.000	2.336
3959.000	2.336
3960.000	2.336
3961.000	2.336
3962.000	2.336
3963.000	2.336
3964.000	2.336
3965.000	2.336
3966.000	2.336
3967.000	2.336
3968.000	2.336
3969.000	2.336
3970.000	2.336
3971.000	2.336
3972.000	2.336
3973.000	2.336
3974.000	2.336
3975.000	2.336
3976.000	2.336
3977.000	2.336
3978.000	2.336
3979.000	2.336
3980.000	2.336
3981.000	2.336
3982.000	2.336
3983.000	2.336
3984.000	2.336
3985.000	2.336
3986.000	2.336
3987.000	2.336
3988.000	2.336
3989.000	2.336
3990.000	2.336
3991.000	2.336
3992.000	2.336
3993.000	2.336
3994.000	2.336
3995.000	2.336
3996.000	2.336
3997.000	2.336
3998.000	2.336
3999.000	2.336
4000.000	2.336
4001.000	2.336
4002.000	2.336
4003.000	2.336
4004.000	2.336
4005.000	2.336
4006.000	2.336
4007.000	2.336
4008.000	2.336
4009.000	2.336
4010.000	2.336
4011.000	2.336
4012.000	2.336
4013.000	2.336
4014.000	2.336
4015.000	2.336
4016.000	2.336
4017.000	2.336
4018.000	2.336
4019.000	2.336
4020.000	2.336
4021.000	2.336
4022.000	2.336
4023.000	2.336
4024.000	2.336
4025.000	2.336
4026.000	2.336
4027.000	2.336
4028.000	2.336
4029.000	2.336
4030.000	2.336
4031.000	2.336
4032.000	2.336
4033.000	2.295
4034.000	2.295
4035.000	2.295
4036.000	2.295
4037.000	2.295
4038.000	2.295
4039.000	2.295
4040.000	2.295
4041.000	2.295
4042.000	2.295
4043.000	2.295
4044.000	2.295
4045.000	2.295
4046.000	2.295
4047.000	2.295
4048.000	2.295
4049.000	2.295
4050.000	2.295
4051.000	2.295
4052.000	2.295
4053.000	2.295
4054.000	2.295
4055.000	2.295
4056.000	2.295
4057.000	2.295
4058.000	2.295
4059.000	2.295
4060.000	2.295
4061.000	2.295
4062.000	2.295
4063.000	2.295
4064.000	2.295
4065.000	2.295
4066.000	2.295
4067.000	2.295
4068.000	2.295
4069.000	2.275
4070.000	2.275
4071.000	2.275
4072.000	2.275
4073.000	2.275
4074.000	2.270
4075.000	2.270
4076.000	2.270
4077.000	2.270
4078.000	2.270
4079.000	2.270
4080.000	2.270
4081.000	2.270
4082.000	2.270
4083.000	2.270
4084.000	2.270
4085.000	2.270
4086.000	2.270
4087.000	2.270
4088.000	2.270
4089.000	2.270
4090.000	2.270
4091.000	2.270
4092.000	2.245
4093.000	2.245
4094.000	2.242
4095.000	2.242
