0.000	35.433
1.000	35.433
2.000	35.433
3.000	35.433
4.000	35.433
5.000	35.433
6.000	35.432
7.000	35.432
8.000	35.432
9.000	35.432
10.000	35.432
11.000	35.431
12.000	35.431
13.000	35.431
14.000	35.431
15.000	35.431
16.000	35.430
17.000	35.430
18.000	35.430
19.000	35.430
20.000	35.430
21.000	35.430
22.000	35.429
23.000	35.429
24.000	35.429
25.000	35.429
26.000	35.429
27.000	35.428
28.000	35.428
29.000	35.428
30.000	35.428
31.000	35.428
32.000	35.427
33.000	35.427
34.000	35.427
35.000	35.427
36.000	35.427
37.000	35.427
38.000	35.426
39.000	35.426
40.000	35.426
41.000	35.426
42.000	35.426
43.000	35.425
44.000	35.425
45.000	35.425
46.000	35.425
47.000	35.425
48.000	35.424
49.000	35.424
50.000	35.424
51.000	35.424
52.000	35.424
53.000	35.424
54.000	35.423
55.000	35.423
56.000	35.423
57.000	35.423
58.000	35.423
59.000	35.422
60.000	35.422
61.000	35.422
62.000	35.422
63.000	35.422
64.000	35.421
65.000	35.421
66.000	35.421
67.000	35.421
68.000	35.421
69.000	35.421
70.000	35.420
71.000	35.420
72.000	35.420
73.000	35.420
74.000	35.420
75.000	35.419
76.000	35.419
77.000	35.419
78.000	35.419
79.000	35.419
80.000	35.418
81.000	35.418
82.000	35.418
83.000	35.418
84.000	35.418
85.000	35.418
86.000	35.417
87.000	35.417
88.000	35.417
89.000	35.417
90.000	35.417
91.000	35.416
92.000	35.416
93.000	35.416
94.000	35.416
95.000	35.416
96.000	35.415
97.000	35.415
98.000	35.415
99.000	35.415
100.000	35.415
101.000	35.415
102.000	35.414
103.000	35.414
104.000	35.414
105.000	35.414
106.000	35.414
107.000	35.413
108.000	35.413
109.000	35.413
110.000	35.413
111.000	35.413
112.000	35.412
113.000	35.412
114.000	35.412
115.000	35.412
116.000	35.412
117.000	35.412
118.000	35.411
119.000	35.411
120.000	35.411
121.000	35.411
122.000	35.411
123.000	35.410
124.000	35.410
125.000	35.410
126.000	35.410
127.000	35.410
128.000	35.410
129.000	35.409
130.000	35.409
131.000	35.409
132.000	35.409
133.000	35.409
134.000	35.408
135.000	35.408
136.000	35.408
137.000	35.408
138.000	35.408
139.000	35.407
140.000	35.407
141.000	35.407
142.000	35.407
143.000	35.407
144.000	35.407
145.000	35.406
146.000	35.406
147.000	35.406
148.000	35.406
149.000	35.406
150.000	35.405
151.000	35.405
152.000	35.405
153.000	35.405
154.000	35.405
155.000	35.404
156.000	35.404
157.000	35.404
158.000	35.404
159.000	35.404
160.000	35.404
161.000	35.403
162.000	35.403
163.000	35.403
164.000	35.403
165.000	35.403
166.000	35.402
167.000	35.402
168.000	35.402
169.000	35.402
170.000	35.402
171.000	35.401
172.000	35.401
173.000	35.401
174.000	35.401
175.000	35.401
176.000	35.401
177.000	35.400
178.000	35.400
179.000	35.400
180.000	35.400
181.000	35.400
182.000	35.399
183.000	35.399
184.000	35.399
185.000	35.399
186.000	35.399
187.000	35.398
188.000	35.398
189.000	35.398
190.000	35.398
191.000	35.398
192.000	35.398
193.000	35.397
194.000	35.397
195.000	35.397
196.000	35.397
197.000	35.397
198.000	35.396
199.000	35.396
200.000	35.396
201.000	35.396
202.000	35.396
203.000	35.395
204.000	35.395
205.000	35.395
206.000	35.395
207.000	35.395
208.000	35.395
209.000	35.394
210.000	35.394
211.000	35.394
212.000	35.394
213.000	35.394
214.000	35.393
215.000	35.393
216.000	35.393
217.000	35.393
218.000	35.393
219.000	35.392
220.000	35.392
221.000	35.392
222.000	35.392
223.000	35.392
224.000	35.392
225.000	35.391
226.000	35.391
227.000	35.391
228.000	35.391
229.000	35.391
230.000	35.390
231.000	35.390
232.000	35.390
233.000	35.390
234.000	35.390
235.000	35.389
236.000	35.389
237.000	35.389
238.000	35.389
239.000	35.389
240.000	35.389
241.000	35.388
242.000	35.388
243.000	35.388
244.000	35.388
245.000	35.388
246.000	35.387
247.000	35.387
248.000	35.387
249.000	35.387
250.000	35.387
251.000	35.386
252.000	35.386
253.000	35.386
254.000	35.386
255.000	35.386
256.000	35.386
257.000	35.385
258.000	35.385
259.000	35.385
260.000	35.385
261.000	35.385
262.000	35.384
263.000	35.384
264.000	35.384
265.000	35.384
266.000	35.384
267.000	35.383
268.000	35.383
269.000	35.383
270.000	35.383
271.000	35.383
272.000	35.383
273.000	35.382
274.000	35.382
275.000	35.382
276.000	35.382
277.000	35.382
278.000	35.381
279.000	35.381
280.000	35.381
281.000	35.381
282.000	35.381
283.000	35.381
284.000	35.380
285.000	35.380
286.000	35.380
287.000	35.380
288.000	35.380
289.000	35.379
290.000	35.379
291.000	35.379
292.000	35.379
293.000	35.379
294.000	35.378
295.000	35.378
296.000	35.378
297.000	35.378
298.000	35.378
299.000	35.378
300.000	35.377
301.000	35.377
302.000	35.377
303.000	35.377
304.000	35.377
305.000	35.376
306.000	35.376
307.000	35.376
308.000	35.376
309.000	35.376
310.000	35.375
311.000	35.375
312.000	35.375
313.000	35.375
314.000	35.375
315.000	35.375
316.000	35.374
317.000	35.374
318.000	35.374
319.000	35.374
320.000	35.374
321.000	35.373
322.000	35.373
323.000	35.373
324.000	35.373
325.000	35.373
326.000	35.372
327.000	35.372
328.000	35.372
329.000	35.372
330.000	35.372
331.000	35.372
332.000	35.371
333.000	35.371
334.000	35.371
335.000	35.371
336.000	35.371
337.000	35.370
338.000	35.370
339.000	35.370
340.000	35.370
341.000	35.370
342.000	35.369
343.000	35.369
344.000	35.369
345.000	35.369
346.000	35.369
347.000	35.369
348.000	35.368
349.000	35.368
350.000	35.368
351.000	35.368
352.000	35.368
353.000	35.367
354.000	35.367
355.000	35.367
356.000	35.367
357.000	35.367
358.000	35.366
359.000	35.366
360.000	35.366
361.000	35.366
362.000	35.366
363.000	35.366
364.000	35.365
365.000	35.365
366.000	35.365
367.000	35.365
368.000	35.365
369.000	35.364
370.000	35.364
371.000	35.364
372.000	35.364
373.000	35.364
374.000	35.363
375.000	35.363
376.000	35.363
377.000	35.363
378.000	35.363
379.000	35.363
380.000	35.362
381.000	35.362
382.000	35.362
383.000	35.362
384.000	35.362
385.000	35.361
386.000	35.361
387.000	35.361
388.000	35.361
389.000	35.361
390.000	35.360
391.000	35.360
392.000	35.360
393.000	35.360
394.000	35.360
395.000	35.360
396.000	35.359
397.000	35.359
398.000	35.359
399.000	35.359
400.000	35.359
401.000	35.358
402.000	35.358
403.000	35.358
404.000	35.358
405.000	35.358
406.000	35.357
407.000	35.357
408.000	35.357
409.000	35.357
410.000	35.357
411.000	35.357
412.000	35.356
413.000	35.356
414.000	35.356
415.000	35.356
416.000	35.356
417.000	35.355
418.000	35.355
419.000	35.355
420.000	35.355
421.000	35.355
422.000	35.354
423.000	35.354
424.000	35.354
425.000	35.354
426.000	35.354
427.000	35.354
428.000	35.353
429.000	35.353
430.000	35.353
431.000	35.353
432.000	35.353
433.000	35.352
434.000	35.352
435.000	35.352
436.000	35.352
437.000	35.352
438.000	35.352
439.000	35.351
440.000	35.351
441.000	35.351
442.000	35.351
443.000	35.351
444.000	35.350
445.000	35.350
446.000	35.350
447.000	35.350
448.000	35.350
449.000	35.349
450.000	35.349
451.000	35.349
452.000	35.349
453.000	35.349
454.000	35.349
455.000	35.348
456.000	35.348
457.000	35.348
458.000	35.348
459.000	35.348
460.000	35.347
461.000	35.347
462.000	35.347
463.000	35.347
464.000	35.347
465.000	35.346
466.000	35.346
467.000	35.346
468.000	35.346
469.000	35.346
470.000	35.346
471.000	35.345
472.000	35.345
473.000	35.345
474.000	35.345
475.000	35.345
476.000	35.344
477.000	35.344
478.000	35.344
479.000	35.344
480.000	35.344
481.000	35.343
482.000	35.343
483.000	35.343
484.000	35.343
485.000	35.343
486.000	35.343
487.000	35.342
488.000	35.342
489.000	35.342
490.000	35.342
491.000	35.342
492.000	35.341
493.000	35.341
494.000	35.341
495.000	35.341
496.000	35.341
497.000	35.340
498.000	35.340
499.000	35.340
500.000	35.340
501.000	35.340
502.000	35.340
503.000	35.339
504.000	35.339
505.000	35.339
506.000	35.339
507.000	35.339
508.000	35.338
509.000	35.338
510.000	35.338
511.000	35.338
512.000	35.338
513.000	35.337
514.000	35.337
515.000	35.337
516.000	35.337
517.000	35.337
518.000	35.337
519.000	35.336
520.000	35.336
521.000	35.336
522.000	35.336
523.000	35.336
524.000	35.335
525.000	35.335
526.000	35.335
527.000	35.335
528.000	35.335
529.000	35.334
530.000	35.334
531.000	35.334
532.000	35.334
533.000	35.334
534.000	35.334
535.000	35.333
536.000	35.333
537.000	35.333
538.000	35.333
539.000	35.333
540.000	35.332
541.000	35.332
542.000	35.332
543.000	35.332
544.000	35.332
545.000	35.331
546.000	35.331
547.000	35.331
548.000	35.331
549.000	35.331
550.000	35.331
551.000	35.330
552.000	35.330
553.000	35.330
554.000	35.330
555.000	35.330
556.000	35.329
557.000	35.329
558.000	35.329
559.000	35.329
560.000	35.329
561.000	35.328
562.000	35.328
563.000	35.328
564.000	35.328
565.000	35.328
566.000	35.328
567.000	35.327
568.000	35.327
569.000	35.327
570.000	35.327
571.000	35.327
572.000	35.326
573.000	35.326
574.000	35.326
575.000	35.326
576.000	35.326
577.000	35.325
578.000	35.325
579.000	35.325
580.000	35.325
581.000	35.325
582.000	35.325
583.000	35.324
584.000	35.324
585.000	35.324
586.000	35.324
587.000	35.324
588.000	35.323
589.000	35.323
590.000	35.323
591.000	35.323
592.000	35.323
593.000	35.323
594.000	35.322
595.000	35.322
596.000	35.322
597.000	35.322
598.000	35.322
599.000	35.321
600.000	35.321
601.000	35.321
602.000	35.321
603.000	35.321
604.000	35.320
605.000	35.320
606.000	35.320
607.000	35.320
608.000	35.320
609.000	35.320
610.000	35.319
611.000	35.319
612.000	35.319
613.000	35.319
614.000	35.319
615.000	35.318
616.000	35.318
617.000	35.318
618.000	35.318
619.000	35.318
620.000	35.317
621.000	35.317
622.000	35.317
623.000	35.317
624.000	35.317
625.000	35.317
626.000	35.316
627.000	35.316
628.000	35.316
629.000	35.316
630.000	35.316
631.000	35.315
632.000	35.315
633.000	35.315
634.000	35.315
635.000	35.315
636.000	35.314
637.000	35.314
638.000	35.314
639.000	35.314
640.000	35.314
641.000	35.314
642.000	35.313
643.000	35.313
644.000	35.313
645.000	35.313
646.000	35.313
647.000	35.312
648.000	35.312
649.000	35.312
650.000	35.312
651.000	35.312
652.000	35.311
653.000	35.311
654.000	35.311
655.000	35.311
656.000	35.311
657.000	35.311
658.000	35.310
659.000	35.310
660.000	35.310
661.000	35.310
662.000	35.310
663.000	35.309
664.000	35.309
665.000	35.309
666.000	35.309
667.000	35.309
668.000	35.308
669.000	35.308
670.000	35.308
671.000	35.308
672.000	35.308
673.000	35.308
674.000	35.307
675.000	35.307
676.000	35.307
677.000	35.307
678.000	35.307
679.000	35.306
680.000	35.306
681.000	35.306
682.000	35.306
683.000	35.306
684.000	35.305
685.000	35.305
686.000	35.305
687.000	35.305
688.000	35.305
689.000	35.305
690.000	35.304
691.000	35.304
692.000	35.304
693.000	35.304
694.000	35.304
695.000	35.303
696.000	35.303
697.000	35.303
698.000	35.303
699.000	35.303
700.000	35.302
701.000	35.302
702.000	35.302
703.000	35.302
704.000	35.302
705.000	35.302
706.000	35.301
707.000	35.301
708.000	35.301
709.000	35.301
710.000	35.301
711.000	35.300
712.000	35.300
713.000	35.300
714.000	35.300
715.000	35.300
716.000	35.299
717.000	35.299
718.000	35.299
719.000	35.299
720.000	35.299
721.000	35.299
722.000	35.298
723.000	35.298
724.000	35.298
725.000	35.298
726.000	35.298
727.000	35.297
728.000	35.297
729.000	35.297
730.000	35.297
731.000	35.297
732.000	35.296
733.000	35.296
734.000	35.296
735.000	35.296
736.000	35.296
737.000	35.296
738.000	35.295
739.000	35.295
740.000	35.295
741.000	35.295
742.000	35.295
743.000	35.294
744.000	35.294
745.000	35.294
746.000	35.294
747.000	35.294
748.000	35.294
749.000	35.293
750.000	35.293
751.000	35.293
752.000	35.293
753.000	35.293
754.000	35.292
755.000	35.292
756.000	35.292
757.000	35.292
758.000	35.292
759.000	35.291
760.000	35.291
761.000	35.291
762.000	35.291
763.000	35.291
764.000	35.291
765.000	35.290
766.000	35.290
767.000	35.290
768.000	35.290
769.000	35.290
770.000	35.289
771.000	35.289
772.000	35.289
773.000	35.289
774.000	35.289
775.000	35.288
776.000	35.288
777.000	35.288
778.000	35.288
779.000	35.288
780.000	35.288
781.000	35.287
782.000	35.287
783.000	35.287
784.000	35.287
785.000	35.287
786.000	35.286
787.000	35.286
788.000	35.286
789.000	35.286
790.000	35.286
791.000	35.285
792.000	35.285
793.000	35.285
794.000	35.285
795.000	35.285
796.000	35.285
797.000	35.284
798.000	35.284
799.000	35.284
800.000	35.284
801.000	35.284
802.000	35.283
803.000	35.283
804.000	35.283
805.000	35.283
806.000	35.283
807.000	35.282
808.000	35.282
809.000	35.282
810.000	35.282
811.000	35.282
812.000	35.282
813.000	35.281
814.000	35.281
815.000	35.281
816.000	35.281
817.000	35.281
818.000	35.280
819.000	35.280
820.000	35.280
821.000	35.280
822.000	35.280
823.000	35.279
824.000	35.279
825.000	35.279
826.000	35.279
827.000	35.279
828.000	35.279
829.000	35.278
830.000	35.278
831.000	35.278
832.000	35.278
833.000	35.278
834.000	35.277
835.000	35.277
836.000	35.277
837.000	35.277
838.000	35.277
839.000	35.276
840.000	35.276
841.000	35.276
842.000	35.276
843.000	35.276
844.000	35.276
845.000	35.275
846.000	35.275
847.000	35.275
848.000	35.275
849.000	35.275
850.000	35.274
851.000	35.274
852.000	35.274
853.000	35.274
854.000	35.274
855.000	35.273
856.000	35.273
857.000	35.273
858.000	35.273
859.000	35.273
860.000	35.273
861.000	35.272
862.000	35.272
863.000	35.272
864.000	35.272
865.000	35.272
866.000	35.271
867.000	35.271
868.000	35.271
869.000	35.271
870.000	35.271
871.000	35.270
872.000	35.270
873.000	35.270
874.000	35.270
875.000	35.270
876.000	35.270
877.000	35.269
878.000	35.269
879.000	35.269
880.000	35.269
881.000	35.269
882.000	35.268
883.000	35.268
884.000	35.268
885.000	35.268
886.000	35.268
887.000	35.267
888.000	35.267
889.000	35.267
890.000	35.267
891.000	35.267
892.000	35.267
893.000	35.266
894.000	35.266
895.000	35.266
896.000	35.266
897.000	35.266
898.000	35.265
899.000	35.265
900.000	35.265
901.000	35.265
902.000	35.265
903.000	35.265
904.000	35.264
905.000	35.264
906.000	35.264
907.000	35.264
908.000	35.264
909.000	35.263
910.000	35.263
911.000	35.263
912.000	35.263
913.000	35.263
914.000	35.262
915.000	35.262
916.000	35.262
917.000	35.262
918.000	35.262
919.000	35.262
920.000	35.261
921.000	35.261
922.000	35.261
923.000	35.261
924.000	35.261
925.000	35.260
926.000	35.260
927.000	35.260
928.000	35.260
929.000	35.260
930.000	35.259
931.000	35.259
932.000	35.259
933.000	35.259
934.000	35.259
935.000	35.259
936.000	35.258
937.000	35.258
938.000	35.258
939.000	35.258
940.000	35.258
941.000	35.257
942.000	35.257
943.000	35.257
944.000	35.257
945.000	35.257
946.000	35.256
947.000	35.256
948.000	35.256
949.000	35.256
950.000	35.256
951.000	35.256
952.000	35.255
953.000	35.255
954.000	35.255
955.000	35.255
956.000	35.255
957.000	35.254
958.000	35.254
959.000	35.254
960.000	35.254
961.000	35.254
962.000	35.253
963.000	35.253
964.000	35.253
965.000	35.253
966.000	35.253
967.000	35.253
968.000	35.252
969.000	35.252
970.000	35.252
971.000	35.252
972.000	35.252
973.000	35.251
974.000	35.251
975.000	35.251
976.000	35.251
977.000	35.251
978.000	35.250
979.000	35.250
980.000	35.250
981.000	35.250
982.000	35.250
983.000	35.250
984.000	35.249
985.000	35.249
986.000	35.249
987.000	35.249
988.000	35.249
989.000	35.248
990.000	35.248
991.000	35.248
992.000	35.248
993.000	35.248
994.000	35.247
995.000	35.247
996.000	35.247
997.000	35.247
998.000	35.247
999.000	35.247
1000.000	35.246
1001.000	35.246
1002.000	35.246
1003.000	35.246
1004.000	35.246
1005.000	35.245
1006.000	35.245
1007.000	35.245
1008.000	35.245
1009.000	35.245
1010.000	35.244
1011.000	35.244
1012.000	35.244
1013.000	35.244
1014.000	35.244
1015.000	35.244
1016.000	35.243
1017.000	35.243
1018.000	35.243
1019.000	35.243
1020.000	35.243
1021.000	35.242
1022.000	35.242
1023.000	35.242
1024.000	35.242
1025.000	35.242
1026.000	35.241
1027.000	35.241
1028.000	35.241
1029.000	35.241
1030.000	35.241
1031.000	35.241
1032.000	35.240
1033.000	35.240
1034.000	35.240
1035.000	35.240
1036.000	35.240
1037.000	35.239
1038.000	35.239
1039.000	35.239
1040.000	35.239
1041.000	35.239
1042.000	35.238
1043.000	35.238
1044.000	35.238
1045.000	35.238
1046.000	35.238
1047.000	35.238
1048.000	35.237
1049.000	35.237
1050.000	35.237
1051.000	35.237
1052.000	35.237
1053.000	35.236
1054.000	35.236
1055.000	35.236
1056.000	35.236
1057.000	35.236
1058.000	35.236
1059.000	35.235
1060.000	35.235
1061.000	35.235
1062.000	35.235
1063.000	35.235
1064.000	35.234
1065.000	35.234
1066.000	35.234
1067.000	35.234
1068.000	35.234
1069.000	35.233
1070.000	35.233
1071.000	35.233
1072.000	35.233
1073.000	35.233
1074.000	35.233
1075.000	35.232
1076.000	35.232
1077.000	35.232
1078.000	35.232
1079.000	35.232
1080.000	35.231
1081.000	35.231
1082.000	35.231
1083.000	35.231
1084.000	35.231
1085.000	35.230
1086.000	35.230
1087.000	35.230
1088.000	35.230
1089.000	35.230
1090.000	35.230
1091.000	35.229
1092.000	35.229
1093.000	35.229
1094.000	35.229
1095.000	35.229
1096.000	35.228
1097.000	35.228
1098.000	35.228
1099.000	35.228
1100.000	35.228
1101.000	35.227
1102.000	35.227
1103.000	35.227
1104.000	35.227
1105.000	35.227
1106.000	35.227
1107.000	35.226
1108.000	35.226
1109.000	35.226
1110.000	35.226
1111.000	35.226
1112.000	35.225
1113.000	35.225
1114.000	35.225
1115.000	35.225
1116.000	35.225
1117.000	35.224
1118.000	35.224
1119.000	35.224
1120.000	35.224
1121.000	35.224
1122.000	35.224
1123.000	35.223
1124.000	35.223
1125.000	35.223
1126.000	35.223
1127.000	35.223
1128.000	35.222
1129.000	35.222
1130.000	35.222
1131.000	35.222
1132.000	35.222
1133.000	35.221
1134.000	35.221
1135.000	35.221
1136.000	35.221
1137.000	35.221
1138.000	35.221
1139.000	35.220
1140.000	35.220
1141.000	35.220
1142.000	35.220
1143.000	35.220
1144.000	35.219
1145.000	35.219
1146.000	35.219
1147.000	35.219
1148.000	35.219
1149.000	35.218
1150.000	35.218
1151.000	35.218
1152.000	35.218
1153.000	35.218
1154.000	35.218
1155.000	35.217
1156.000	35.217
1157.000	35.217
1158.000	35.217
1159.000	35.217
1160.000	35.216
1161.000	35.216
1162.000	35.216
1163.000	35.216
1164.000	35.216
1165.000	35.215
1166.000	35.215
1167.000	35.215
1168.000	35.215
1169.000	35.215
1170.000	35.215
1171.000	35.214
1172.000	35.214
1173.000	35.214
1174.000	35.214
1175.000	35.214
1176.000	35.213
1177.000	35.213
1178.000	35.213
1179.000	35.213
1180.000	35.213
1181.000	35.212
1182.000	35.212
1183.000	35.212
1184.000	35.212
1185.000	35.212
1186.000	35.212
1187.000	35.211
1188.000	35.211
1189.000	35.211
1190.000	35.211
1191.000	35.211
1192.000	35.210
1193.000	35.210
1194.000	35.210
1195.000	35.210
1196.000	35.210
1197.000	35.209
1198.000	35.209
1199.000	35.209
1200.000	35.209
1201.000	35.209
1202.000	35.209
1203.000	35.208
1204.000	35.208
1205.000	35.208
1206.000	35.208
1207.000	35.208
1208.000	35.207
1209.000	35.207
1210.000	35.207
1211.000	35.207
1212.000	35.207
1213.000	35.207
1214.000	35.206
1215.000	35.206
1216.000	35.206
1217.000	35.206
1218.000	35.206
1219.000	35.205
1220.000	35.205
1221.000	35.205
1222.000	35.205
1223.000	35.205
1224.000	35.204
1225.000	35.204
1226.000	35.204
1227.000	35.204
1228.000	35.204
1229.000	35.204
1230.000	35.203
1231.000	35.203
1232.000	35.203
1233.000	35.203
1234.000	35.203
1235.000	35.202
1236.000	35.202
1237.000	35.202
1238.000	35.202
1239.000	35.202
1240.000	35.201
1241.000	35.201
1242.000	35.201
1243.000	35.201
1244.000	35.201
1245.000	35.201
1246.000	35.200
1247.000	35.200
1248.000	35.200
1249.000	35.200
1250.000	35.200
1251.000	35.199
1252.000	35.199
1253.000	35.199
1254.000	35.199
1255.000	35.199
1256.000	35.198
1257.000	35.198
1258.000	35.198
1259.000	35.198
1260.000	35.198
1261.000	35.198
1262.000	35.197
1263.000	35.197
1264.000	35.197
1265.000	35.197
1266.000	35.197
1267.000	35.196
1268.000	35.196
1269.000	35.196
1270.000	35.196
1271.000	35.196
1272.000	35.195
1273.000	35.195
1274.000	35.195
1275.000	35.195
1276.000	35.195
1277.000	35.195
1278.000	35.194
1279.000	35.194
1280.000	35.194
1281.000	35.194
1282.000	35.194
1283.000	35.193
1284.000	35.193
1285.000	35.193
1286.000	35.193
1287.000	35.193
1288.000	35.192
1289.000	35.192
1290.000	35.192
1291.000	35.192
1292.000	35.192
1293.000	35.192
1294.000	35.191
1295.000	35.191
1296.000	35.191
1297.000	35.191
1298.000	35.191
1299.000	35.190
1300.000	35.190
1301.000	35.190
1302.000	35.190
1303.000	35.190
1304.000	35.189
1305.000	35.189
1306.000	35.189
1307.000	35.189
1308.000	35.189
1309.000	35.189
1310.000	35.188
1311.000	35.188
1312.000	35.188
1313.000	35.188
1314.000	35.188
1315.000	35.187
1316.000	35.187
1317.000	35.187
1318.000	35.187
1319.000	35.187
1320.000	35.186
1321.000	35.186
1322.000	35.186
1323.000	35.186
1324.000	35.186
1325.000	35.186
1326.000	35.185
1327.000	35.185
1328.000	35.185
1329.000	35.185
1330.000	35.185
1331.000	35.184
1332.000	35.184
1333.000	35.184
1334.000	35.184
1335.000	35.184
1336.000	35.183
1337.000	35.183
1338.000	35.183
1339.000	35.183
1340.000	35.183
1341.000	35.183
1342.000	35.182
1343.000	35.182
1344.000	35.182
1345.000	35.182
1346.000	35.182
1347.000	35.181
1348.000	35.181
1349.000	35.181
1350.000	35.181
1351.000	35.181
1352.000	35.180
1353.000	35.180
1354.000	35.180
1355.000	35.180
1356.000	35.180
1357.000	35.180
1358.000	35.179
1359.000	35.179
1360.000	35.179
1361.000	35.179
1362.000	35.179
1363.000	35.178
1364.000	35.178
1365.000	35.178
1366.000	35.178
1367.000	35.178
1368.000	35.178
1369.000	35.177
1370.000	35.177
1371.000	35.177
1372.000	35.177
1373.000	35.177
1374.000	35.176
1375.000	35.176
1376.000	35.176
1377.000	35.176
1378.000	35.176
1379.000	35.175
1380.000	35.175
1381.000	35.175
1382.000	35.175
1383.000	35.175
1384.000	35.175
1385.000	35.174
1386.000	35.174
1387.000	35.174
1388.000	35.174
1389.000	35.174
1390.000	35.173
1391.000	35.173
1392.000	35.173
1393.000	35.173
1394.000	35.173
1395.000	35.172
1396.000	35.172
1397.000	35.172
1398.000	35.172
1399.000	35.172
1400.000	35.172
1401.000	35.171
1402.000	35.171
1403.000	35.171
1404.000	35.171
1405.000	35.171
1406.000	35.170
1407.000	35.170
1408.000	35.170
1409.000	35.170
1410.000	35.170
1411.000	35.169
1412.000	35.169
1413.000	35.169
1414.000	35.169
1415.000	35.169
1416.000	35.169
1417.000	35.168
1418.000	35.168
1419.000	35.168
1420.000	35.168
1421.000	35.168
1422.000	35.167
1423.000	35.167
1424.000	35.167
1425.000	35.167
1426.000	35.167
1427.000	35.166
1428.000	35.166
1429.000	35.166
1430.000	35.166
1431.000	35.166
1432.000	35.166
1433.000	35.165
1434.000	35.165
1435.000	35.165
1436.000	35.165
1437.000	35.165
1438.000	35.164
1439.000	35.164
1440.000	35.164
1441.000	35.164
1442.000	35.164
1443.000	35.163
1444.000	35.163
1445.000	35.163
1446.000	35.163
1447.000	35.163
1448.000	35.163
1449.000	35.162
1450.000	35.162
1451.000	35.162
1452.000	35.162
1453.000	35.162
1454.000	35.161
1455.000	35.161
1456.000	35.161
1457.000	35.161
1458.000	35.161
1459.000	35.160
1460.000	35.160
1461.000	35.160
1462.000	35.160
1463.000	35.160
1464.000	35.160
1465.000	35.159
1466.000	35.159
1467.000	35.159
1468.000	35.159
1469.000	35.159
1470.000	35.158
1471.000	35.158
1472.000	35.158
1473.000	35.158
1474.000	35.158
1475.000	35.157
1476.000	35.157
1477.000	35.157
1478.000	35.157
1479.000	35.157
1480.000	35.157
1481.000	35.156
1482.000	35.156
1483.000	35.156
1484.000	35.156
1485.000	35.156
1486.000	35.155
1487.000	35.155
1488.000	35.155
1489.000	35.155
1490.000	35.155
1491.000	35.154
1492.000	35.154
1493.000	35.154
1494.000	35.154
1495.000	35.154
1496.000	35.154
1497.000	35.153
1498.000	35.153
1499.000	35.153
1500.000	35.153
1501.000	35.153
1502.000	35.152
1503.000	35.152
1504.000	35.152
1505.000	35.152
1506.000	35.152
1507.000	35.151
1508.000	35.151
1509.000	35.151
1510.000	35.151
1511.000	35.151
1512.000	35.151
1513.000	35.150
1514.000	35.150
1515.000	35.150
1516.000	35.150
1517.000	35.150
1518.000	35.149
1519.000	35.149
1520.000	35.149
1521.000	35.149
1522.000	35.149
1523.000	35.149
1524.000	35.148
1525.000	35.148
1526.000	35.148
1527.000	35.148
1528.000	35.148
1529.000	35.147
1530.000	35.147
1531.000	35.147
1532.000	35.147
1533.000	35.147
1534.000	35.146
1535.000	35.146
1536.000	35.146
1537.000	35.146
1538.000	35.146
1539.000	35.146
1540.000	35.145
1541.000	35.145
1542.000	35.145
1543.000	35.145
1544.000	35.145
1545.000	35.144
1546.000	35.144
1547.000	35.144
1548.000	35.144
1549.000	35.144
1550.000	35.143
1551.000	35.143
1552.000	35.143
1553.000	35.143
1554.000	35.143
1555.000	35.143
1556.000	35.142
1557.000	35.142
1558.000	35.142
1559.000	35.142
1560.000	35.142
1561.000	35.141
1562.000	35.141
1563.000	35.141
1564.000	35.141
1565.000	35.141
1566.000	35.140
1567.000	35.140
1568.000	35.140
1569.000	35.140
1570.000	35.140
1571.000	35.140
1572.000	35.139
1573.000	35.139
1574.000	35.139
1575.000	35.139
1576.000	35.139
1577.000	35.138
1578.000	35.138
1579.000	35.138
1580.000	35.138
1581.000	35.138
1582.000	35.137
1583.000	35.137
1584.000	35.137
1585.000	35.137
1586.000	35.137
1587.000	35.137
1588.000	35.136
1589.000	35.136
1590.000	35.136
1591.000	35.136
1592.000	35.136
1593.000	35.135
1594.000	35.135
1595.000	35.135
1596.000	35.135
1597.000	35.135
1598.000	35.134
1599.000	35.134
1600.000	35.134
1601.000	35.134
1602.000	35.134
1603.000	35.134
1604.000	35.133
1605.000	35.133
1606.000	35.133
1607.000	35.133
1608.000	35.133
1609.000	35.132
1610.000	35.132
1611.000	35.132
1612.000	35.132
1613.000	35.132
1614.000	35.131
1615.000	35.131
1616.000	35.131
1617.000	35.131
1618.000	35.131
1619.000	35.131
1620.000	35.130
1621.000	35.130
1622.000	35.130
1623.000	35.130
1624.000	35.130
1625.000	35.129
1626.000	35.129
1627.000	35.129
1628.000	35.129
1629.000	35.129
1630.000	35.128
1631.000	35.128
1632.000	35.128
1633.000	35.128
1634.000	35.128
1635.000	35.128
1636.000	35.127
1637.000	35.127
1638.000	35.127
1639.000	35.127
1640.000	35.127
1641.000	35.126
1642.000	35.126
1643.000	35.126
1644.000	35.126
1645.000	35.126
1646.000	35.125
1647.000	35.125
1648.000	35.125
1649.000	35.125
1650.000	35.125
1651.000	35.125
1652.000	35.124
1653.000	35.124
1654.000	35.124
1655.000	35.124
1656.000	35.124
1657.000	35.123
1658.000	35.123
1659.000	35.123
1660.000	35.123
1661.000	35.123
1662.000	35.122
1663.000	35.122
1664.000	35.122
1665.000	35.122
1666.000	35.122
1667.000	35.122
1668.000	35.121
1669.000	35.121
1670.000	35.121
1671.000	35.121
1672.000	35.121
1673.000	35.120
1674.000	35.120
1675.000	35.120
1676.000	35.120
1677.000	35.120
1678.000	35.120
1679.000	35.119
1680.000	35.119
1681.000	35.119
1682.000	35.119
1683.000	35.119
1684.000	35.118
1685.000	35.118
1686.000	35.118
1687.000	35.118
1688.000	35.118
1689.000	35.117
1690.000	35.117
1691.000	35.117
1692.000	35.117
1693.000	35.117
1694.000	35.117
1695.000	35.116
1696.000	35.116
1697.000	35.116
1698.000	35.116
1699.000	35.116
1700.000	35.115
1701.000	35.115
1702.000	35.115
1703.000	35.115
1704.000	35.115
1705.000	35.114
1706.000	35.114
1707.000	35.114
1708.000	35.114
1709.000	35.114
1710.000	35.114
1711.000	35.113
1712.000	35.113
1713.000	35.113
1714.000	35.113
1715.000	35.113
1716.000	35.112
1717.000	35.112
1718.000	35.112
1719.000	35.112
1720.000	35.112
1721.000	35.111
1722.000	35.111
1723.000	35.111
1724.000	35.111
1725.000	35.111
1726.000	35.111
1727.000	35.110
1728.000	35.110
1729.000	35.110
1730.000	35.110
1731.000	35.110
1732.000	35.109
1733.000	35.109
1734.000	35.109
1735.000	35.109
1736.000	35.109
1737.000	35.108
1738.000	35.108
1739.000	35.108
1740.000	35.108
1741.000	35.108
1742.000	35.108
1743.000	35.107
1744.000	35.107
1745.000	35.107
1746.000	35.107
1747.000	35.107
1748.000	35.106
1749.000	35.106
1750.000	35.106
1751.000	35.106
1752.000	35.106
1753.000	35.105
1754.000	35.105
1755.000	35.105
1756.000	35.105
1757.000	35.105
1758.000	35.105
1759.000	35.104
1760.000	35.104
1761.000	35.104
1762.000	35.104
1763.000	35.104
1764.000	35.103
1765.000	35.103
1766.000	35.103
1767.000	35.103
1768.000	35.103
1769.000	35.102
1770.000	35.102
1771.000	35.102
1772.000	35.102
1773.000	35.102
1774.000	35.102
1775.000	35.101
1776.000	35.101
1777.000	35.101
1778.000	35.101
1779.000	35.101
1780.000	35.100
1781.000	35.100
1782.000	35.100
1783.000	35.100
1784.000	35.100
1785.000	35.099
1786.000	35.099
1787.000	35.099
1788.000	35.099
1789.000	35.099
1790.000	35.099
1791.000	35.098
1792.000	35.098
1793.000	35.098
1794.000	35.098
1795.000	35.098
1796.000	35.097
1797.000	35.097
1798.000	35.097
1799.000	35.097
1800.000	35.097
1801.000	35.096
1802.000	35.096
1803.000	35.096
1804.000	35.096
1805.000	35.096
1806.000	35.096
1807.000	35.095
1808.000	35.095
1809.000	35.095
1810.000	35.095
1811.000	35.095
1812.000	35.094
1813.000	35.094
1814.000	35.094
1815.000	35.094
1816.000	35.094
1817.000	35.093
1818.000	35.093
1819.000	35.093
1820.000	35.093
1821.000	35.093
1822.000	35.093
1823.000	35.092
1824.000	35.092
1825.000	35.092
1826.000	35.092
1827.000	35.092
1828.000	35.091
1829.000	35.091
1830.000	35.091
1831.000	35.091
1832.000	35.091
1833.000	35.091
1834.000	35.090
1835.000	35.090
1836.000	35.090
1837.000	35.090
1838.000	35.090
1839.000	35.089
1840.000	35.089
1841.000	35.089
1842.000	35.089
1843.000	35.089
1844.000	35.088
1845.000	35.088
1846.000	35.088
1847.000	35.088
1848.000	35.088
1849.000	35.088
1850.000	35.087
1851.000	35.087
1852.000	35.087
1853.000	35.087
1854.000	35.087
1855.000	35.086
1856.000	35.086
1857.000	35.086
1858.000	35.086
1859.000	35.086
1860.000	35.085
1861.000	35.085
1862.000	35.085
1863.000	35.085
1864.000	35.085
1865.000	35.085
1866.000	35.084
1867.000	35.084
1868.000	35.084
1869.000	35.084
1870.000	35.084
1871.000	35.083
1872.000	35.083
1873.000	35.083
1874.000	35.083
1875.000	35.083
1876.000	35.082
1877.000	35.082
1878.000	35.082
1879.000	35.082
1880.000	35.082
1881.000	35.082
1882.000	35.081
1883.000	35.081
1884.000	35.081
1885.000	35.081
1886.000	35.081
1887.000	35.080
1888.000	35.080
1889.000	35.080
1890.000	35.080
1891.000	35.080
1892.000	35.079
1893.000	35.079
1894.000	35.079
1895.000	35.079
1896.000	35.079
1897.000	35.079
1898.000	35.078
1899.000	35.078
1900.000	35.078
1901.000	35.078
1902.000	35.078
1903.000	35.077
1904.000	35.077
1905.000	35.077
1906.000	35.077
1907.000	35.077
1908.000	35.076
1909.000	35.076
1910.000	35.076
1911.000	35.076
1912.000	35.076
1913.000	35.076
1914.000	35.075
1915.000	35.075
1916.000	35.075
1917.000	35.075
1918.000	35.075
1919.000	35.074
1920.000	35.074
1921.000	35.074
1922.000	35.074
1923.000	35.074
1924.000	35.073
1925.000	35.073
1926.000	35.073
1927.000	35.073
1928.000	35.073
1929.000	35.073
1930.000	35.072
1931.000	35.072
1932.000	35.072
1933.000	35.072
1934.000	35.072
1935.000	35.071
1936.000	35.071
1937.000	35.071
1938.000	35.071
1939.000	35.071
1940.000	35.070
1941.000	35.070
1942.000	35.070
1943.000	35.070
1944.000	35.070
1945.000	35.070
1946.000	35.069
1947.000	35.069
1948.000	35.069
1949.000	35.069
1950.000	35.069
1951.000	35.068
1952.000	35.068
1953.000	35.068
1954.000	35.068
1955.000	35.068
1956.000	35.067
1957.000	35.067
1958.000	35.067
1959.000	35.067
1960.000	35.067
1961.000	35.067
1962.000	35.066
1963.000	35.066
1964.000	35.066
1965.000	35.066
1966.000	35.066
1967.000	35.065
1968.000	35.065
1969.000	35.065
1970.000	35.065
1971.000	35.065
1972.000	35.064
1973.000	35.064
1974.000	35.064
1975.000	35.064
1976.000	35.064
1977.000	35.064
1978.000	35.063
1979.000	35.063
1980.000	35.063
1981.000	35.063
1982.000	35.063
1983.000	35.062
1984.000	35.062
1985.000	35.062
1986.000	35.062
1987.000	35.062
1988.000	35.061
1989.000	35.061
1990.000	35.061
1991.000	35.061
1992.000	35.061
1993.000	35.061
1994.000	35.060
1995.000	35.060
1996.000	35.060
1997.000	35.060
1998.000	35.060
1999.000	35.059
2000.000	35.059
2001.000	35.059
2002.000	35.059
2003.000	35.059
2004.000	35.059
2005.000	35.058
2006.000	35.058
2007.000	35.058
2008.000	35.058
2009.000	35.058
2010.000	35.057
2011.000	35.057
2012.000	35.057
2013.000	35.057
2014.000	35.057
2015.000	35.056
2016.000	35.056
2017.000	35.056
2018.000	35.056
2019.000	35.056
2020.000	35.056
2021.000	35.055
2022.000	35.055
2023.000	35.055
2024.000	35.055
2025.000	35.055
2026.000	35.054
2027.000	35.054
2028.000	35.054
2029.000	35.054
2030.000	35.054
2031.000	35.053
2032.000	35.053
2033.000	35.053
2034.000	35.053
2035.000	35.053
2036.000	35.053
2037.000	35.052
2038.000	35.052
2039.000	35.052
2040.000	35.052
2041.000	35.052
2042.000	35.051
2043.000	35.051
2044.000	35.051
2045.000	35.051
2046.000	35.051
2047.000	35.050
2048.000	35.050
2049.000	35.050
2050.000	35.050
2051.000	35.050
2052.000	35.050
2053.000	35.049
2054.000	35.049
2055.000	35.049
2056.000	35.049
2057.000	35.049
2058.000	35.048
2059.000	35.048
2060.000	35.048
2061.000	35.048
2062.000	35.048
2063.000	35.047
2064.000	35.047
2065.000	35.047
2066.000	35.047
2067.000	35.047
2068.000	35.047
2069.000	35.046
2070.000	35.046
2071.000	35.046
2072.000	35.046
2073.000	35.046
2074.000	35.045
2075.000	35.045
2076.000	35.045
2077.000	35.045
2078.000	35.045
2079.000	35.044
2080.000	35.044
2081.000	35.044
2082.000	35.044
2083.000	35.044
2084.000	35.044
2085.000	35.043
2086.000	35.043
2087.000	35.043
2088.000	35.043
2089.000	35.043
2090.000	35.042
2091.000	35.042
2092.000	35.042
2093.000	35.042
2094.000	35.042
2095.000	35.041
2096.000	35.041
2097.000	35.041
2098.000	35.041
2099.000	35.041
2100.000	35.041
2101.000	35.040
2102.000	35.040
2103.000	35.040
2104.000	35.040
2105.000	35.040
2106.000	35.039
2107.000	35.039
2108.000	35.039
2109.000	35.039
2110.000	35.039
2111.000	35.038
2112.000	35.038
2113.000	35.038
2114.000	35.038
2115.000	35.038
2116.000	35.038
2117.000	35.037
2118.000	35.037
2119.000	35.037
2120.000	35.037
2121.000	35.037
2122.000	35.036
2123.000	35.036
2124.000	35.036
2125.000	35.036
2126.000	35.036
2127.000	35.035
2128.000	35.035
2129.000	35.035
2130.000	35.035
2131.000	35.035
2132.000	35.035
2133.000	35.034
2134.000	35.034
2135.000	35.034
2136.000	35.034
2137.000	35.034
2138.000	35.033
2139.000	35.033
2140.000	35.033
2141.000	35.033
2142.000	35.033
2143.000	35.032
2144.000	35.032
2145.000	35.032
2146.000	35.032
2147.000	35.032
2148.000	35.032
2149.000	35.031
2150.000	35.031
2151.000	35.031
2152.000	35.031
2153.000	35.031
2154.000	35.030
2155.000	35.030
2156.000	35.030
2157.000	35.030
2158.000	35.030
2159.000	35.030
2160.000	35.029
2161.000	35.029
2162.000	35.029
2163.000	35.029
2164.000	35.029
2165.000	35.028
2166.000	35.028
2167.000	35.028
2168.000	35.028
2169.000	35.028
2170.000	35.027
2171.000	35.027
2172.000	35.027
2173.000	35.027
2174.000	35.027
2175.000	35.027
2176.000	35.026
2177.000	35.026
2178.000	35.026
2179.000	35.026
2180.000	35.026
2181.000	35.025
2182.000	35.025
2183.000	35.025
2184.000	35.025
2185.000	35.025
2186.000	35.024
2187.000	35.024
2188.000	35.024
2189.000	35.024
2190.000	35.024
2191.000	35.024
2192.000	35.023
2193.000	35.023
2194.000	35.023
2195.000	35.023
2196.000	35.023
2197.000	35.022
2198.000	35.022
2199.000	35.022
2200.000	35.022
2201.000	35.022
2202.000	35.021
2203.000	35.021
2204.000	35.021
2205.000	35.021
2206.000	35.021
2207.000	35.021
2208.000	35.020
2209.000	35.020
2210.000	35.020
2211.000	35.020
2212.000	35.020
2213.000	35.019
2214.000	35.019
2215.000	35.019
2216.000	35.019
2217.000	35.019
2218.000	35.018
2219.000	35.018
2220.000	35.018
2221.000	35.018
2222.000	35.018
2223.000	35.018
2224.000	35.017
2225.000	35.017
2226.000	35.017
2227.000	35.017
2228.000	35.017
2229.000	35.016
2230.000	35.016
2231.000	35.016
2232.000	35.016
2233.000	35.016
2234.000	35.015
2235.000	35.015
2236.000	35.015
2237.000	35.015
2238.000	35.015
2239.000	35.015
2240.000	35.014
2241.000	35.014
2242.000	35.014
2243.000	35.014
2244.000	35.014
2245.000	35.013
2246.000	35.013
2247.000	35.013
2248.000	35.013
2249.000	35.013
2250.000	35.012
2251.000	35.012
2252.000	35.012
2253.000	35.012
2254.000	35.012
2255.000	35.012
2256.000	35.011
2257.000	35.011
2258.000	35.011
2259.000	35.011
2260.000	35.011
2261.000	35.010
2262.000	35.010
2263.000	35.010
2264.000	35.010
2265.000	35.010
2266.000	35.009
2267.000	35.009
2268.000	35.009
2269.000	35.009
2270.000	35.009
2271.000	35.009
2272.000	35.008
2273.000	35.008
2274.000	35.008
2275.000	35.008
2276.000	35.008
2277.000	35.007
2278.000	35.007
2279.000	35.007
2280.000	35.007
2281.000	35.007
2282.000	35.006
2283.000	35.006
2284.000	35.006
2285.000	35.006
2286.000	35.006
2287.000	35.006
2288.000	35.005
2289.000	35.005
2290.000	35.005
2291.000	35.005
2292.000	35.005
2293.000	35.004
2294.000	35.004
2295.000	35.004
2296.000	35.004
2297.000	35.004
2298.000	35.003
2299.000	35.003
2300.000	35.003
2301.000	35.003
2302.000	35.003
2303.000	35.003
2304.000	35.002
2305.000	35.002
2306.000	35.002
2307.000	35.002
2308.000	35.002
2309.000	35.001
2310.000	35.001
2311.000	35.001
2312.000	35.001
2313.000	35.001
2314.000	35.001
2315.000	35.000
2316.000	35.000
2317.000	35.000
2318.000	35.000
2319.000	35.000
2320.000	34.999
2321.000	34.999
2322.000	34.999
2323.000	34.999
2324.000	34.999
2325.000	34.998
2326.000	34.998
2327.000	34.998
2328.000	34.998
2329.000	34.998
2330.000	34.998
2331.000	34.997
2332.000	34.997
2333.000	34.997
2334.000	34.997
2335.000	34.997
2336.000	34.996
2337.000	34.996
2338.000	34.996
2339.000	34.996
2340.000	34.996
2341.000	34.995
2342.000	34.995
2343.000	34.995
2344.000	34.995
2345.000	34.995
2346.000	34.995
2347.000	34.994
2348.000	34.994
2349.000	34.994
2350.000	34.994
2351.000	34.994
2352.000	34.993
2353.000	34.993
2354.000	34.993
2355.000	34.993
2356.000	34.993
2357.000	34.992
2358.000	34.992
2359.000	34.992
2360.000	34.992
2361.000	34.992
2362.000	34.992
2363.000	34.991
2364.000	34.991
2365.000	34.991
2366.000	34.991
2367.000	34.991
2368.000	34.990
2369.000	34.990
2370.000	34.990
2371.000	34.990
2372.000	34.990
2373.000	34.989
2374.000	34.989
2375.000	34.989
2376.000	34.989
2377.000	34.989
2378.000	34.989
2379.000	34.988
2380.000	34.988
2381.000	34.988
2382.000	34.988
2383.000	34.988
2384.000	34.987
2385.000	34.987
2386.000	34.987
2387.000	34.987
2388.000	34.987
2389.000	34.986
2390.000	34.986
2391.000	34.986
2392.000	34.986
2393.000	34.986
2394.000	34.986
2395.000	34.985
2396.000	34.985
2397.000	34.985
2398.000	34.985
2399.000	34.985
2400.000	34.984
2401.000	34.984
2402.000	34.984
2403.000	34.984
2404.000	34.984
2405.000	34.983
2406.000	34.983
2407.000	34.983
2408.000	34.983
2409.000	34.983
2410.000	34.983
2411.000	34.982
2412.000	34.982
2413.000	34.982
2414.000	34.982
2415.000	34.982
2416.000	34.981
2417.000	34.981
2418.000	34.981
2419.000	34.981
2420.000	34.981
2421.000	34.980
2422.000	34.980
2423.000	34.980
2424.000	34.980
2425.000	34.980
2426.000	34.980
2427.000	34.979
2428.000	34.979
2429.000	34.979
2430.000	34.979
2431.000	34.979
2432.000	34.978
2433.000	34.978
2434.000	34.978
2435.000	34.978
2436.000	34.978
2437.000	34.977
2438.000	34.977
2439.000	34.977
2440.000	34.977
2441.000	34.977
2442.000	34.977
2443.000	34.976
2444.000	34.976
2445.000	34.976
2446.000	34.976
2447.000	34.976
2448.000	34.975
2449.000	34.975
2450.000	34.975
2451.000	34.975
2452.000	34.975
2453.000	34.974
2454.000	34.974
2455.000	34.974
2456.000	34.974
2457.000	34.974
2458.000	34.974
2459.000	34.973
2460.000	34.973
2461.000	34.973
2462.000	34.973
2463.000	34.973
2464.000	34.972
2465.000	34.972
2466.000	34.972
2467.000	34.972
2468.000	34.972
2469.000	34.972
2470.000	34.971
2471.000	34.971
2472.000	34.971
2473.000	34.971
2474.000	34.971
2475.000	34.970
2476.000	34.970
2477.000	34.970
2478.000	34.970
2479.000	34.970
2480.000	34.969
2481.000	34.969
2482.000	34.969
2483.000	34.969
2484.000	34.969
2485.000	34.969
2486.000	34.968
2487.000	34.968
2488.000	34.968
2489.000	34.968
2490.000	34.968
2491.000	34.967
2492.000	34.967
2493.000	34.967
2494.000	34.967
2495.000	34.967
2496.000	34.966
2497.000	34.966
2498.000	34.966
2499.000	34.966
2500.000	34.966
2501.000	34.966
2502.000	34.965
2503.000	34.965
2504.000	34.965
2505.000	34.965
2506.000	34.965
2507.000	34.964
2508.000	34.964
2509.000	34.964
2510.000	34.964
2511.000	34.964
2512.000	34.963
2513.000	34.963
2514.000	34.963
2515.000	34.963
2516.000	34.963
2517.000	34.963
2518.000	34.962
2519.000	34.962
2520.000	34.962
2521.000	34.962
2522.000	34.962
2523.000	34.961
2524.000	34.961
2525.000	34.961
2526.000	34.961
2527.000	34.961
2528.000	34.960
2529.000	34.960
2530.000	34.960
2531.000	34.960
2532.000	34.960
2533.000	34.960
2534.000	34.959
2535.000	34.959
2536.000	34.959
2537.000	34.959
2538.000	34.959
2539.000	34.958
2540.000	34.958
2541.000	34.958
2542.000	34.958
2543.000	34.958
2544.000	34.957
2545.000	34.957
2546.000	34.957
2547.000	34.957
2548.000	34.957
2549.000	34.957
2550.000	34.956
2551.000	34.956
2552.000	34.956
2553.000	34.956
2554.000	34.956
2555.000	34.955
2556.000	34.955
2557.000	34.955
2558.000	34.955
2559.000	34.955
2560.000	34.954
2561.000	34.954
2562.000	34.954
2563.000	34.954
2564.000	34.954
2565.000	34.954
2566.000	34.953
2567.000	34.953
2568.000	34.953
2569.000	34.953
2570.000	34.953
2571.000	34.952
2572.000	34.952
2573.000	34.952
2574.000	34.952
2575.000	34.952
2576.000	34.951
2577.000	34.951
2578.000	34.951
2579.000	34.951
2580.000	34.951
2581.000	34.951
2582.000	34.950
2583.000	34.950
2584.000	34.950
2585.000	34.950
2586.000	34.950
2587.000	34.949
2588.000	34.949
2589.000	34.949
2590.000	34.949
2591.000	34.949
2592.000	34.948
2593.000	34.948
2594.000	34.948
2595.000	34.948
2596.000	34.948
2597.000	34.948
2598.000	34.947
2599.000	34.947
2600.000	34.947
2601.000	34.947
2602.000	34.947
2603.000	34.946
2604.000	34.946
2605.000	34.946
2606.000	34.946
2607.000	34.946
2608.000	34.945
2609.000	34.945
2610.000	34.945
2611.000	34.945
2612.000	34.945
2613.000	34.945
2614.000	34.944
2615.000	34.944
2616.000	34.944
2617.000	34.944
2618.000	34.944
2619.000	34.943
2620.000	34.943
2621.000	34.943
2622.000	34.943
2623.000	34.943
2624.000	34.943
2625.000	34.942
2626.000	34.942
2627.000	34.942
2628.000	34.942
2629.000	34.942
2630.000	34.941
2631.000	34.941
2632.000	34.941
2633.000	34.941
2634.000	34.941
2635.000	34.940
2636.000	34.940
2637.000	34.940
2638.000	34.940
2639.000	34.940
2640.000	34.940
2641.000	34.939
2642.000	34.939
2643.000	34.939
2644.000	34.939
2645.000	34.939
2646.000	34.938
2647.000	34.938
2648.000	34.938
2649.000	34.938
2650.000	34.938
2651.000	34.937
2652.000	34.937
2653.000	34.937
2654.000	34.937
2655.000	34.937
2656.000	34.937
2657.000	34.936
2658.000	34.936
2659.000	34.936
2660.000	34.936
2661.000	34.936
2662.000	34.935
2663.000	34.935
2664.000	34.935
2665.000	34.935
2666.000	34.935
2667.000	34.934
2668.000	34.934
2669.000	34.934
2670.000	34.934
2671.000	34.934
2672.000	34.934
2673.000	34.933
2674.000	34.933
2675.000	34.933
2676.000	34.933
2677.000	34.933
2678.000	34.932
2679.000	34.932
2680.000	34.932
2681.000	34.932
2682.000	34.932
2683.000	34.931
2684.000	34.931
2685.000	34.931
2686.000	34.931
2687.000	34.931
2688.000	34.931
2689.000	34.930
2690.000	34.930
2691.000	34.930
2692.000	34.930
2693.000	34.930
2694.000	34.929
2695.000	34.929
2696.000	34.929
2697.000	34.929
2698.000	34.929
2699.000	34.928
2700.000	34.928
2701.000	34.928
2702.000	34.928
2703.000	34.928
2704.000	34.928
2705.000	34.927
2706.000	34.927
2707.000	34.927
2708.000	34.927
2709.000	34.927
2710.000	34.926
2711.000	34.926
2712.000	34.926
2713.000	34.926
2714.000	34.926
2715.000	34.925
2716.000	34.925
2717.000	34.925
2718.000	34.925
2719.000	34.925
2720.000	34.925
2721.000	34.924
2722.000	34.924
2723.000	34.924
2724.000	34.924
2725.000	34.924
2726.000	34.923
2727.000	34.923
2728.000	34.923
2729.000	34.923
2730.000	34.923
2731.000	34.922
2732.000	34.922
2733.000	34.922
2734.000	34.922
2735.000	34.922
2736.000	34.922
2737.000	34.921
2738.000	34.921
2739.000	34.921
2740.000	34.921
2741.000	34.921
2742.000	34.920
2743.000	34.920
2744.000	34.920
2745.000	34.920
2746.000	34.920
2747.000	34.919
2748.000	34.919
2749.000	34.919
2750.000	34.919
2751.000	34.919
2752.000	34.919
2753.000	34.918
2754.000	34.918
2755.000	34.918
2756.000	34.918
2757.000	34.918
2758.000	34.917
2759.000	34.917
2760.000	34.917
2761.000	34.917
2762.000	34.917
2763.000	34.916
2764.000	34.916
2765.000	34.916
2766.000	34.916
2767.000	34.916
2768.000	34.916
2769.000	34.915
2770.000	34.915
2771.000	34.915
2772.000	34.915
2773.000	34.915
2774.000	34.914
2775.000	34.914
2776.000	34.914
2777.000	34.914
2778.000	34.914
2779.000	34.914
2780.000	34.913
2781.000	34.913
2782.000	34.913
2783.000	34.913
2784.000	34.913
2785.000	34.912
2786.000	34.912
2787.000	34.912
2788.000	34.912
2789.000	34.912
2790.000	34.911
2791.000	34.911
2792.000	34.911
2793.000	34.911
2794.000	34.911
2795.000	34.911
2796.000	34.910
2797.000	34.910
2798.000	34.910
2799.000	34.910
2800.000	34.910
2801.000	34.909
2802.000	34.909
2803.000	34.909
2804.000	34.909
2805.000	34.909
2806.000	34.908
2807.000	34.908
2808.000	34.908
2809.000	34.908
2810.000	34.908
2811.000	34.908
2812.000	34.907
2813.000	34.907
2814.000	34.907
2815.000	34.907
2816.000	34.907
2817.000	34.906
2818.000	34.906
2819.000	34.906
2820.000	34.906
2821.000	34.906
2822.000	34.905
2823.000	34.905
2824.000	34.905
2825.000	34.905
2826.000	34.905
2827.000	34.905
2828.000	34.904
2829.000	34.904
2830.000	34.904
2831.000	34.904
2832.000	34.904
2833.000	34.903
2834.000	34.903
2835.000	34.903
2836.000	34.903
2837.000	34.903
2838.000	34.902
2839.000	34.902
2840.000	34.902
2841.000	34.902
2842.000	34.902
2843.000	34.902
2844.000	34.901
2845.000	34.901
2846.000	34.901
2847.000	34.901
2848.000	34.901
2849.000	34.900
2850.000	34.900
2851.000	34.900
2852.000	34.900
2853.000	34.900
2854.000	34.899
2855.000	34.899
2856.000	34.899
2857.000	34.899
2858.000	34.899
2859.000	34.899
2860.000	34.898
2861.000	34.898
2862.000	34.898
2863.000	34.898
2864.000	34.898
2865.000	34.897
2866.000	34.897
2867.000	34.897
2868.000	34.897
2869.000	34.897
2870.000	34.896
2871.000	34.896
2872.000	34.896
2873.000	34.896
2874.000	34.896
2875.000	34.896
2876.000	34.895
2877.000	34.895
2878.000	34.895
2879.000	34.895
2880.000	34.895
2881.000	34.894
2882.000	34.894
2883.000	34.894
2884.000	34.894
2885.000	34.894
2886.000	34.893
2887.000	34.893
2888.000	34.893
2889.000	34.893
2890.000	34.893
2891.000	34.893
2892.000	34.892
2893.000	34.892
2894.000	34.892
2895.000	34.892
2896.000	34.892
2897.000	34.891
2898.000	34.891
2899.000	34.891
2900.000	34.891
2901.000	34.891
2902.000	34.890
2903.000	34.890
2904.000	34.890
2905.000	34.890
2906.000	34.890
2907.000	34.890
2908.000	34.889
2909.000	34.889
2910.000	34.889
2911.000	34.889
2912.000	34.889
2913.000	34.888
2914.000	34.888
2915.000	34.888
2916.000	34.888
2917.000	34.888
2918.000	34.887
2919.000	34.887
2920.000	34.887
2921.000	34.887
2922.000	34.887
2923.000	34.887
2924.000	34.886
2925.000	34.886
2926.000	34.886
2927.000	34.886
2928.000	34.886
2929.000	34.885
2930.000	34.885
2931.000	34.885
2932.000	34.885
2933.000	34.885
2934.000	34.885
2935.000	34.884
2936.000	34.884
2937.000	34.884
2938.000	34.884
2939.000	34.884
2940.000	34.883
2941.000	34.883
2942.000	34.883
2943.000	34.883
2944.000	34.883
2945.000	34.882
2946.000	34.882
2947.000	34.882
2948.000	34.882
2949.000	34.882
2950.000	34.882
2951.000	34.881
2952.000	34.881
2953.000	34.881
2954.000	34.881
2955.000	34.881
2956.000	34.880
2957.000	34.880
2958.000	34.880
2959.000	34.880
2960.000	34.880
2961.000	34.879
2962.000	34.879
2963.000	34.879
2964.000	34.879
2965.000	34.879
2966.000	34.879
2967.000	34.878
2968.000	34.878
2969.000	34.878
2970.000	34.878
2971.000	34.878
2972.000	34.877
2973.000	34.877
2974.000	34.877
2975.000	34.877
2976.000	34.877
2977.000	34.876
2978.000	34.876
2979.000	34.876
2980.000	34.876
2981.000	34.876
2982.000	34.876
2983.000	34.875
2984.000	34.875
2985.000	34.875
2986.000	34.875
2987.000	34.875
2988.000	34.874
2989.000	34.874
2990.000	34.874
2991.000	34.874
2992.000	34.874
2993.000	34.873
2994.000	34.873
2995.000	34.873
2996.000	34.873
2997.000	34.873
2998.000	34.873
2999.000	34.872
3000.000	34.872
3001.000	34.872
3002.000	34.872
3003.000	34.872
3004.000	34.871
3005.000	34.871
3006.000	34.871
3007.000	34.871
3008.000	34.871
3009.000	34.870
3010.000	34.870
3011.000	34.870
3012.000	34.870
3013.000	34.870
3014.000	34.870
3015.000	34.869
3016.000	34.869
3017.000	34.869
3018.000	34.869
3019.000	34.869
3020.000	34.868
3021.000	34.868
3022.000	34.868
3023.000	34.868
3024.000	34.868
3025.000	34.867
3026.000	34.867
3027.000	34.867
3028.000	34.867
3029.000	34.867
3030.000	34.867
3031.000	34.866
3032.000	34.866
3033.000	34.866
3034.000	34.866
3035.000	34.866
3036.000	34.865
3037.000	34.865
3038.000	34.865
3039.000	34.865
3040.000	34.865
3041.000	34.864
3042.000	34.864
3043.000	34.864
3044.000	34.864
3045.000	34.864
3046.000	34.864
3047.000	34.863
3048.000	34.863
3049.000	34.863
3050.000	34.863
3051.000	34.863
3052.000	34.862
3053.000	34.862
3054.000	34.862
3055.000	34.862
3056.000	34.862
3057.000	34.861
3058.000	34.861
3059.000	34.861
3060.000	34.861
3061.000	34.861
3062.000	34.861
3063.000	34.860
3064.000	34.860
3065.000	34.860
3066.000	34.860
3067.000	34.860
3068.000	34.859
3069.000	34.859
3070.000	34.859
3071.000	34.859
3072.000	34.859
3073.000	34.858
3074.000	34.858
3075.000	34.858
3076.000	34.858
3077.000	34.858
3078.000	34.858
3079.000	34.857
3080.000	34.857
3081.000	34.857
3082.000	34.857
3083.000	34.857
3084.000	34.856
3085.000	34.856
3086.000	34.856
3087.000	34.856
3088.000	34.856
3089.000	34.856
3090.000	34.855
3091.000	34.855
3092.000	34.855
3093.000	34.855
3094.000	34.855
3095.000	34.854
3096.000	34.854
3097.000	34.854
3098.000	34.854
3099.000	34.854
3100.000	34.853
3101.000	34.853
3102.000	34.853
3103.000	34.853
3104.000	34.853
3105.000	34.853
3106.000	34.852
3107.000	34.852
3108.000	34.852
3109.000	34.852
3110.000	34.852
3111.000	34.851
3112.000	34.851
3113.000	34.851
3114.000	34.851
3115.000	34.851
3116.000	34.850
3117.000	34.850
3118.000	34.850
3119.000	34.850
3120.000	34.850
3121.000	34.850
3122.000	34.849
3123.000	34.849
3124.000	34.849
3125.000	34.849
3126.000	34.849
3127.000	34.848
3128.000	34.848
3129.000	34.848
3130.000	34.848
3131.000	34.848
3132.000	34.847
3133.000	34.847
3134.000	34.847
3135.000	34.847
3136.000	34.847
3137.000	34.847
3138.000	34.846
3139.000	34.846
3140.000	34.846
3141.000	34.846
3142.000	34.846
3143.000	34.845
3144.000	34.845
3145.000	34.845
3146.000	34.845
3147.000	34.845
3148.000	34.844
3149.000	34.844
3150.000	34.844
3151.000	34.844
3152.000	34.844
3153.000	34.844
3154.000	34.843
3155.000	34.843
3156.000	34.843
3157.000	34.843
3158.000	34.843
3159.000	34.842
3160.000	34.842
3161.000	34.842
3162.000	34.842
3163.000	34.842
3164.000	34.841
3165.000	34.841
3166.000	34.841
3167.000	34.841
3168.000	34.841
3169.000	34.841
3170.000	34.840
3171.000	34.840
3172.000	34.840
3173.000	34.840
3174.000	34.840
3175.000	34.839
3176.000	34.839
3177.000	34.839
3178.000	34.839
3179.000	34.839
3180.000	34.838
3181.000	34.838
3182.000	34.838
3183.000	34.838
3184.000	34.838
3185.000	34.838
3186.000	34.837
3187.000	34.837
3188.000	34.837
3189.000	34.837
3190.000	34.837
3191.000	34.836
3192.000	34.836
3193.000	34.836
3194.000	34.836
3195.000	34.836
3196.000	34.835
3197.000	34.835
3198.000	34.835
3199.000	34.835
3200.000	34.835
3201.000	34.835
3202.000	34.834
3203.000	34.834
3204.000	34.834
3205.000	34.834
3206.000	34.834
3207.000	34.833
3208.000	34.833
3209.000	34.833
3210.000	34.833
3211.000	34.833
3212.000	34.832
3213.000	34.832
3214.000	34.832
3215.000	34.832
3216.000	34.832
3217.000	34.832
3218.000	34.831
3219.000	34.831
3220.000	34.831
3221.000	34.831
3222.000	34.831
3223.000	34.830
3224.000	34.830
3225.000	34.830
3226.000	34.830
3227.000	34.830
3228.000	34.829
3229.000	34.829
3230.000	34.829
3231.000	34.829
3232.000	34.829
3233.000	34.829
3234.000	34.828
3235.000	34.828
3236.000	34.828
3237.000	34.828
3238.000	34.828
3239.000	34.827
3240.000	34.827
3241.000	34.827
3242.000	34.827
3243.000	34.827
3244.000	34.827
3245.000	34.826
3246.000	34.826
3247.000	34.826
3248.000	34.826
3249.000	34.826
3250.000	34.825
3251.000	34.825
3252.000	34.825
3253.000	34.825
3254.000	34.825
3255.000	34.824
3256.000	34.824
3257.000	34.824
3258.000	34.824
3259.000	34.824
3260.000	34.824
3261.000	34.823
3262.000	34.823
3263.000	34.823
3264.000	34.823
3265.000	34.823
3266.000	34.822
3267.000	34.822
3268.000	34.822
3269.000	34.822
3270.000	34.822
3271.000	34.821
3272.000	34.821
3273.000	34.821
3274.000	34.821
3275.000	34.821
3276.000	34.821
3277.000	34.820
3278.000	34.820
3279.000	34.820
3280.000	34.820
3281.000	34.820
3282.000	34.819
3283.000	34.819
3284.000	34.819
3285.000	34.819
3286.000	34.819
3287.000	34.818
3288.000	34.818
3289.000	34.818
3290.000	34.818
3291.000	34.818
3292.000	34.818
3293.000	34.817
3294.000	34.817
3295.000	34.817
3296.000	34.817
3297.000	34.817
3298.000	34.816
3299.000	34.816
3300.000	34.816
3301.000	34.816
3302.000	34.816
3303.000	34.815
3304.000	34.815
3305.000	34.815
3306.000	34.815
3307.000	34.815
3308.000	34.815
3309.000	34.814
3310.000	34.814
3311.000	34.814
3312.000	34.814
3313.000	34.814
3314.000	34.813
3315.000	34.813
3316.000	34.813
3317.000	34.813
3318.000	34.813
3319.000	34.812
3320.000	34.812
3321.000	34.812
3322.000	34.812
3323.000	34.812
3324.000	34.812
3325.000	34.811
3326.000	34.811
3327.000	34.811
3328.000	34.811
3329.000	34.811
3330.000	34.810
3331.000	34.810
3332.000	34.810
3333.000	34.810
3334.000	34.810
3335.000	34.809
3336.000	34.809
3337.000	34.809
3338.000	34.809
3339.000	34.809
3340.000	34.809
3341.000	34.808
3342.000	34.808
3343.000	34.808
3344.000	34.808
3345.000	34.808
3346.000	34.807
3347.000	34.807
3348.000	34.807
3349.000	34.807
3350.000	34.807
3351.000	34.806
3352.000	34.806
3353.000	34.806
3354.000	34.806
3355.000	34.806
3356.000	34.806
3357.000	34.805
3358.000	34.805
3359.000	34.805
3360.000	34.805
3361.000	34.805
3362.000	34.804
3363.000	34.804
3364.000	34.804
3365.000	34.804
3366.000	34.804
3367.000	34.803
3368.000	34.803
3369.000	34.803
3370.000	34.803
3371.000	34.803
3372.000	34.803
3373.000	34.802
3374.000	34.802
3375.000	34.802
3376.000	34.802
3377.000	34.802
3378.000	34.801
3379.000	34.801
3380.000	34.801
3381.000	34.801
3382.000	34.801
3383.000	34.800
3384.000	34.800
3385.000	34.800
3386.000	34.800
3387.000	34.800
3388.000	34.800
3389.000	34.799
3390.000	34.799
3391.000	34.799
3392.000	34.799
3393.000	34.799
3394.000	34.798
3395.000	34.798
3396.000	34.798
3397.000	34.798
3398.000	34.798
3399.000	34.798
3400.000	34.797
3401.000	34.797
3402.000	34.797
3403.000	34.797
3404.000	34.797
3405.000	34.796
3406.000	34.796
3407.000	34.796
3408.000	34.796
3409.000	34.796
3410.000	34.795
3411.000	34.795
3412.000	34.795
3413.000	34.795
3414.000	34.795
3415.000	34.795
3416.000	34.794
3417.000	34.794
3418.000	34.794
3419.000	34.794
3420.000	34.794
3421.000	34.793
3422.000	34.793
3423.000	34.793
3424.000	34.793
3425.000	34.793
3426.000	34.792
3427.000	34.792
3428.000	34.792
3429.000	34.792
3430.000	34.792
3431.000	34.792
3432.000	34.791
3433.000	34.791
3434.000	34.791
3435.000	34.791
3436.000	34.791
3437.000	34.790
3438.000	34.790
3439.000	34.790
3440.000	34.790
3441.000	34.790
3442.000	34.789
3443.000	34.789
3444.000	34.789
3445.000	34.789
3446.000	34.789
3447.000	34.789
3448.000	34.788
3449.000	34.788
3450.000	34.788
3451.000	34.788
3452.000	34.788
3453.000	34.787
3454.000	34.787
3455.000	34.787
3456.000	34.787
3457.000	34.787
3458.000	34.786
3459.000	34.786
3460.000	34.786
3461.000	34.786
3462.000	34.786
3463.000	34.786
3464.000	34.785
3465.000	34.785
3466.000	34.785
3467.000	34.785
3468.000	34.785
3469.000	34.784
3470.000	34.784
3471.000	34.784
3472.000	34.784
3473.000	34.784
3474.000	34.783
3475.000	34.783
3476.000	34.783
3477.000	34.783
3478.000	34.783
3479.000	34.783
3480.000	34.782
3481.000	34.782
3482.000	34.782
3483.000	34.782
3484.000	34.782
3485.000	34.781
3486.000	34.781
3487.000	34.781
3488.000	34.781
3489.000	34.781
3490.000	34.780
3491.000	34.780
3492.000	34.780
3493.000	34.780
3494.000	34.780
3495.000	34.780
3496.000	34.779
3497.000	34.779
3498.000	34.779
3499.000	34.779
3500.000	34.779
3501.000	34.778
3502.000	34.778
3503.000	34.778
3504.000	34.778
3505.000	34.778
3506.000	34.777
3507.000	34.777
3508.000	34.777
3509.000	34.777
3510.000	34.777
3511.000	34.777
3512.000	34.776
3513.000	34.776
3514.000	34.776
3515.000	34.776
3516.000	34.776
3517.000	34.775
3518.000	34.775
3519.000	34.775
3520.000	34.775
3521.000	34.775
3522.000	34.774
3523.000	34.774
3524.000	34.774
3525.000	34.774
3526.000	34.774
3527.000	34.774
3528.000	34.773
3529.000	34.773
3530.000	34.773
3531.000	34.773
3532.000	34.773
3533.000	34.772
3534.000	34.772
3535.000	34.772
3536.000	34.772
3537.000	34.772
3538.000	34.771
3539.000	34.771
3540.000	34.771
3541.000	34.771
3542.000	34.771
3543.000	34.771
3544.000	34.770
3545.000	34.770
3546.000	34.770
3547.000	34.770
3548.000	34.770
3549.000	34.769
3550.000	34.769
3551.000	34.769
3552.000	34.769
3553.000	34.769
3554.000	34.769
3555.000	34.768
3556.000	34.768
3557.000	34.768
3558.000	34.768
3559.000	34.768
3560.000	34.767
3561.000	34.767
3562.000	34.767
3563.000	34.767
3564.000	34.767
3565.000	34.766
3566.000	34.766
3567.000	34.766
3568.000	34.766
3569.000	34.766
3570.000	34.765
3571.000	34.765
3572.000	34.765
3573.000	34.765
3574.000	34.765
3575.000	34.764
3576.000	34.764
3577.000	34.764
3578.000	34.764
3579.000	34.764
3580.000	34.763
3581.000	34.763
3582.000	34.763
3583.000	34.763
3584.000	34.763
3585.000	34.762
3586.000	34.762
3587.000	34.762
3588.000	34.762
3589.000	34.762
3590.000	34.761
3591.000	34.761
3592.000	34.761
3593.000	34.761
3594.000	34.761
3595.000	34.760
3596.000	34.760
3597.000	34.760
3598.000	34.760
3599.000	34.760
3600.000	34.759
3601.000	34.759
3602.000	34.759
3603.000	34.759
3604.000	34.759
3605.000	34.758
3606.000	34.758
3607.000	34.758
3608.000	34.758
3609.000	34.758
3610.000	34.757
3611.000	34.757
3612.000	34.757
3613.000	34.757
3614.000	34.757
3615.000	34.756
3616.000	34.756
3617.000	34.756
3618.000	34.756
3619.000	34.756
3620.000	34.755
3621.000	34.755
3622.000	34.755
3623.000	34.755
3624.000	34.755
3625.000	34.755
3626.000	34.754
3627.000	34.754
3628.000	34.754
3629.000	34.754
3630.000	34.754
3631.000	34.753
3632.000	34.753
3633.000	34.753
3634.000	34.753
3635.000	34.753
3636.000	34.752
3637.000	34.752
3638.000	34.752
3639.000	34.752
3640.000	34.752
3641.000	34.751
3642.000	34.751
3643.000	34.751
3644.000	34.751
3645.000	34.751
3646.000	34.750
3647.000	34.750
3648.000	34.750
3649.000	34.750
3650.000	34.750
3651.000	34.749
3652.000	34.749
3653.000	34.749
3654.000	34.749
3655.000	34.749
3656.000	34.748
3657.000	34.748
3658.000	34.748
3659.000	34.748
3660.000	34.748
3661.000	34.747
3662.000	34.747
3663.000	34.747
3664.000	34.747
3665.000	34.747
3666.000	34.746
3667.000	34.746
3668.000	34.746
3669.000	34.746
3670.000	34.746
3671.000	34.745
3672.000	34.745
3673.000	34.745
3674.000	34.745
3675.000	34.745
3676.000	34.744
3677.000	34.744
3678.000	34.744
3679.000	34.744
3680.000	34.744
3681.000	34.743
3682.000	34.743
3683.000	34.743
3684.000	34.743
3685.000	34.743
3686.000	34.742
3687.000	34.742
3688.000	34.742
3689.000	34.742
3690.000	34.742
3691.000	34.741
3692.000	34.741
3693.000	34.741
3694.000	34.741
3695.000	34.741
3696.000	34.740
3697.000	34.740
3698.000	34.740
3699.000	34.740
3700.000	34.740
3701.000	34.739
3702.000	34.739
3703.000	34.739
3704.000	34.739
3705.000	34.739
3706.000	34.738
3707.000	34.738
3708.000	34.738
3709.000	34.738
3710.000	34.738
3711.000	34.737
3712.000	34.737
3713.000	34.737
3714.000	34.737
3715.000	34.737
3716.000	34.736
3717.000	34.736
3718.000	34.736
3719.000	34.736
3720.000	34.736
3721.000	34.735
3722.000	34.735
3723.000	34.735
3724.000	34.735
3725.000	34.735
3726.000	34.734
3727.000	34.734
3728.000	34.734
3729.000	34.734
3730.000	34.734
3731.000	34.733
3732.000	34.733
3733.000	34.733
3734.000	34.733
3735.000	34.732
3736.000	34.732
3737.000	34.732
3738.000	34.732
3739.000	34.731
3740.000	34.731
3741.000	34.731
3742.000	34.731
3743.000	34.731
3744.000	34.730
3745.000	34.730
3746.000	34.730
3747.000	34.730
3748.000	34.730
3749.000	34.729
3750.000	34.729
3751.000	34.729
3752.000	34.729
3753.000	34.729
3754.000	34.728
3755.000	34.728
3756.000	34.728
3757.000	34.728
3758.000	34.728
3759.000	34.728
3760.000	34.727
3761.000	34.727
3762.000	34.727
3763.000	34.727
3764.000	34.727
3765.000	34.726
3766.000	34.726
3767.000	34.726
3768.000	34.726
3769.000	34.726
3770.000	34.725
3771.000	34.725
3772.000	34.725
3773.000	34.725
3774.000	34.725
3775.000	34.725
3776.000	34.724
3777.000	34.724
3778.000	34.724
3779.000	34.724
3780.000	34.724
3781.000	34.723
3782.000	34.723
3783.000	34.723
3784.000	34.723
3785.000	34.723
3786.000	34.722
3787.000	34.722
3788.000	34.722
3789.000	34.722
3790.000	34.722
3791.000	34.722
3792.000	34.721
3793.000	34.721
3794.000	34.721
3795.000	34.721
3796.000	34.721
3797.000	34.720
3798.000	34.720
3799.000	34.720
3800.000	34.720
3801.000	34.720
3802.000	34.719
3803.000	34.719
3804.000	34.719
3805.000	34.719
3806.000	34.719
3807.000	34.719
3808.000	34.718
3809.000	34.718
3810.000	34.718
3811.000	34.718
3812.000	34.718
3813.000	34.717
3814.000	34.717
3815.000	34.717
3816.000	34.717
3817.000	34.717
3818.000	34.716
3819.000	34.716
3820.000	34.716
3821.000	34.716
3822.000	34.716
3823.000	34.716
3824.000	34.715
3825.000	34.715
3826.000	34.715
3827.000	34.715
3828.000	34.715
3829.000	34.714
3830.000	34.714
3831.000	34.714
3832.000	34.714
3833.000	34.714
3834.000	34.713
3835.000	34.713
3836.000	34.713
3837.000	34.713
3838.000	34.713
3839.000	34.713
3840.000	34.712
3841.000	34.712
3842.000	34.712
3843.000	34.712
3844.000	34.712
3845.000	34.711
3846.000	34.711
3847.000	34.711
3848.000	34.711
3849.000	34.711
3850.000	34.710
3851.000	34.710
3852.000	34.710
3853.000	34.710
3854.000	34.710
3855.000	34.710
3856.000	34.709
3857.000	34.709
3858.000	34.709
3859.000	34.709
3860.000	34.709
3861.000	34.708
3862.000	34.708
3863.000	34.708
3864.000	34.708
3865.000	34.708
3866.000	34.707
3867.000	34.707
3868.000	34.707
3869.000	34.707
3870.000	34.707
3871.000	34.707
3872.000	34.706
3873.000	34.706
3874.000	34.706
3875.000	34.706
3876.000	34.706
3877.000	34.705
3878.000	34.705
3879.000	34.705
3880.000	34.705
3881.000	34.705
3882.000	34.704
3883.000	34.704
3884.000	34.704
3885.000	34.704
3886.000	34.704
3887.000	34.704
3888.000	34.703
3889.000	34.703
3890.000	34.703
3891.000	34.703
3892.000	34.703
3893.000	34.702
3894.000	34.702
3895.000	34.702
3896.000	34.702
3897.000	34.702
3898.000	34.702
3899.000	34.693
3900.000	34.692
3901.000	34.692
3902.000	34.692
3903.000	34.692
3904.000	34.692
3905.000	34.691
3906.000	34.691
3907.000	34.691
3908.000	34.691
3909.000	34.691
3910.000	34.691
3911.000	34.690
3912.000	34.690
3913.000	34.690
3914.000	34.690
3915.000	34.690
3916.000	34.689
3917.000	34.689
3918.000	34.689
3919.000	34.689
3920.000	34.689
3921.000	34.688
3922.000	34.688
3923.000	34.688
3924.000	34.688
3925.000	34.688
3926.000	34.688
3927.000	34.687
3928.000	34.687
3929.000	34.687
3930.000	34.687
3931.000	34.687
3932.000	34.686
3933.000	34.686
3934.000	34.686
3935.000	34.686
3936.000	34.686
3937.000	34.686
3938.000	34.685
3939.000	34.685
3940.000	34.685
3941.000	34.685
3942.000	34.685
3943.000	34.684
3944.000	34.684
3945.000	34.684
3946.000	34.684
3947.000	34.684
3948.000	34.683
3949.000	34.683
3950.000	34.683
3951.000	34.683
3952.000	34.683
3953.000	34.683
3954.000	34.682
3955.000	34.682
3956.000	34.682
3957.000	34.682
3958.000	34.682
3959.000	34.681
3960.000	34.681
3961.000	34.681
3962.000	34.681
3963.000	34.681
3964.000	34.680
3965.000	34.680
3966.000	34.680
3967.000	34.680
3968.000	34.680
3969.000	34.680
3970.000	34.679
3971.000	34.679
3972.000	34.679
3973.000	34.679
3974.000	34.679
3975.000	34.678
3976.000	34.678
3977.000	34.678
3978.000	34.678
3979.000	34.678
3980.000	34.677
3981.000	34.677
3982.000	34.677
3983.000	34.677
3984.000	34.677
3985.000	34.677
3986.000	34.676
3987.000	34.676
3988.000	34.676
3989.000	34.676
3990.000	34.676
3991.000	34.675
3992.000	34.675
3993.000	34.675
3994.000	34.675
3995.000	34.675
3996.000	34.674
3997.000	34.674
3998.000	34.674
3999.000	34.674
4000.000	34.674
4001.000	34.674
4002.000	34.673
4003.000	34.673
4004.000	34.673
4005.000	34.673
4006.000	34.673
4007.000	34.672
4008.000	34.672
4009.000	34.672
4010.000	34.672
4011.000	34.672
4012.000	34.671
4013.000	34.671
4014.000	34.671
4015.000	34.671
4016.000	34.671
4017.000	34.671
4018.000	34.670
4019.000	34.670
4020.000	34.670
4021.000	34.670
4022.000	34.670
4023.000	34.669
4024.000	34.669
4025.000	34.669
4026.000	34.669
4027.000	34.669
4028.000	34.668
4029.000	34.668
4030.000	34.668
4031.000	34.668
4032.000	34.668
4033.000	34.668
4034.000	34.667
4035.000	34.667
4036.000	34.667
4037.000	34.667
4038.000	34.667
4039.000	34.666
4040.000	34.666
4041.000	34.666
4042.000	34.666
4043.000	34.666
4044.000	34.665
4045.000	34.665
4046.000	34.665
4047.000	34.665
4048.000	34.665
4049.000	34.665
4050.000	34.664
4051.000	34.664
4052.000	34.664
4053.000	34.664
4054.000	34.664
4055.000	34.663
4056.000	34.663
4057.000	34.663
4058.000	34.663
4059.000	34.663
4060.000	34.662
4061.000	34.662
4062.000	34.662
4063.000	34.662
4064.000	34.662
4065.000	34.662
4066.000	34.661
4067.000	34.661
4068.000	34.661
4069.000	34.661
4070.000	34.661
4071.000	34.660
4072.000	34.650
4073.000	34.650
4074.000	34.650
4075.000	34.650
4076.000	34.649
4077.000	34.649
4078.000	34.649
4079.000	34.632
4080.000	34.632
4081.000	34.632
4082.000	34.632
4083.000	34.632
4084.000	34.632
4085.000	34.631
4086.000	34.631
4087.000	34.631
4088.000	34.631
4089.000	34.631
4090.000	34.630
4091.000	34.630
4092.000	34.630
4093.000	34.630
4094.000	34.555
4095.000	0.000
