0.000	17.713
1.000	17.711
2.000	17.134
3.000	17.132
4.000	17.130
5.000	17.128
6.000	17.126
7.000	17.124
8.000	17.122
9.000	17.120
10.000	17.118
11.000	17.116
12.000	17.114
13.000	17.112
14.000	17.110
15.000	17.108
16.000	17.106
17.000	17.086
18.000	17.083
19.000	17.063
20.000	17.060
21.000	17.058
22.000	17.055
23.000	17.052
24.000	17.049
25.000	17.046
26.000	17.043
27.000	17.040
28.000	17.037
29.000	17.035
30.000	17.032
31.000	17.029
32.000	17.026
33.000	17.022
34.000	17.019
35.000	17.016
36.000	17.013
37.000	17.010
38.000	17.007
39.000	17.004
40.000	16.992
41.000	16.989
42.000	16.986
43.000	16.983
44.000	16.980
45.000	16.977
46.000	16.974
47.000	16.971
48.000	16.968
49.000	16.966
50.000	16.963
51.000	16.961
52.000	16.959
53.000	16.956
54.000	16.954
55.000	16.951
56.000	16.949
57.000	16.946
58.000	16.943
59.000	16.940
60.000	16.937
61.000	16.933
62.000	16.931
63.000	16.928
64.000	16.925
65.000	16.922
66.000	16.919
67.000	16.916
68.000	16.913
69.000	16.910
70.000	16.907
71.000	16.904
72.000	16.901
73.000	16.899
74.000	16.895
75.000	16.892
76.000	16.888
77.000	16.884
78.000	16.880
79.000	16.875
80.000	16.871
81.000	16.867
82.000	16.862
83.000	16.858
84.000	16.856
85.000	16.851
86.000	16.846
87.000	16.842
88.000	16.836
89.000	16.831
90.000	16.825
91.000	16.819
92.000	16.813
93.000	16.807
94.000	16.801
95.000	16.795
96.000	16.790
97.000	16.783
98.000	16.776
99.000	16.770
100.000	16.763
101.000	16.756
102.000	16.748
103.000	16.741
104.000	16.733
105.000	16.726
106.000	16.718
107.000	16.704
108.000	16.697
109.000	16.688
110.000	16.680
111.000	16.671
112.000	16.661
113.000	16.652
114.000	16.642
115.000	16.632
116.000	16.622
117.000	16.610
118.000	16.600
119.000	16.589
120.000	16.578
121.000	16.566
122.000	16.554
123.000	16.542
124.000	16.530
125.000	16.517
126.000	16.504
127.000	16.490
128.000	16.476
129.000	16.472
130.000	16.457
131.000	16.442
132.000	16.426
133.000	16.411
134.000	16.394
135.000	16.377
136.000	16.360
137.000	16.344
138.000	16.326
139.000	16.307
140.000	16.305
141.000	16.287
142.000	16.269
143.000	16.252
144.000	16.234
145.000	16.217
146.000	16.200
147.000	16.182
148.000	16.166
149.000	16.147
150.000	16.129
151.000	16.094
152.000	16.075
153.000	16.057
154.000	16.039
155.000	16.020
156.000	16.000
157.000	15.982
158.000	15.963
159.000	15.943
160.000	15.923
161.000	15.903
162.000	15.882
163.000	15.880
164.000	15.859
165.000	15.838
166.000	15.817
167.000	15.795
168.000	15.772
169.000	15.750
170.000	15.726
171.000	15.703
172.000	15.680
173.000	15.657
174.000	15.656
175.000	15.632
176.000	15.609
177.000	15.585
178.000	15.561
179.000	15.538
180.000	15.514
181.000	15.490
182.000	15.465
183.000	15.441
184.000	15.418
185.000	15.416
186.000	15.392
187.000	15.369
188.000	15.345
189.000	15.322
190.000	15.298
191.000	15.273
192.000	15.249
193.000	15.225
194.000	15.202
195.000	15.178
196.000	15.165
197.000	15.141
198.000	15.116
199.000	15.093
200.000	15.070
201.000	15.046
202.000	15.021
203.000	14.996
204.000	14.970
205.000	14.944
206.000	14.918
207.000	14.875
208.000	14.849
209.000	14.822
210.000	14.794
211.000	14.768
212.000	14.742
213.000	14.716
214.000	14.689
215.000	14.662
216.000	14.635
217.000	14.608
218.000	14.558
219.000	14.532
220.000	14.504
221.000	14.477
222.000	14.449
223.000	14.422
224.000	14.396
225.000	14.368
226.000	14.341
227.000	14.313
228.000	14.286
229.000	14.258
230.000	14.243
231.000	14.215
232.000	14.188
233.000	14.161
234.000	14.134
235.000	14.107
236.000	14.080
237.000	14.053
238.000	14.026
239.000	13.999
240.000	13.972
241.000	13.906
242.000	13.878
243.000	13.851
244.000	13.824
245.000	13.798
246.000	13.771
247.000	13.745
248.000	13.719
249.000	13.693
250.000	13.669
251.000	13.644
252.000	13.638
253.000	13.611
254.000	13.584
255.000	13.558
256.000	13.532
257.000	13.507
258.000	13.482
259.000	13.455
260.000	13.428
261.000	13.402
262.000	13.376
263.000	13.352
264.000	13.325
265.000	13.297
266.000	13.270
267.000	13.242
268.000	13.215
269.000	13.187
270.000	13.160
271.000	13.132
272.000	13.104
273.000	13.076
274.000	13.074
275.000	13.046
276.000	13.019
277.000	12.991
278.000	12.963
279.000	12.935
280.000	12.907
281.000	12.879
282.000	12.851
283.000	12.822
284.000	12.794
285.000	12.792
286.000	12.764
287.000	12.735
288.000	12.707
289.000	12.678
290.000	12.649
291.000	12.620
292.000	12.591
293.000	12.563
294.000	12.534
295.000	12.505
296.000	12.347
297.000	12.318
298.000	12.289
299.000	12.260
300.000	12.231
301.000	12.202
302.000	12.174
303.000	12.145
304.000	12.117
305.000	12.088
306.000	12.059
307.000	12.030
308.000	12.027
309.000	11.998
310.000	11.969
311.000	11.940
312.000	11.911
313.000	11.882
314.000	11.853
315.000	11.824
316.000	11.795
317.000	11.766
318.000	11.737
319.000	11.729
320.000	11.701
321.000	11.672
322.000	11.643
323.000	11.613
324.000	11.583
325.000	11.554
326.000	11.525
327.000	11.495
328.000	11.465
329.000	11.435
330.000	11.395
331.000	11.365
332.000	11.334
333.000	11.303
334.000	11.272
335.000	11.242
336.000	11.213
337.000	11.184
338.000	11.153
339.000	11.123
340.000	11.093
341.000	11.086
342.000	11.055
343.000	11.026
344.000	10.996
345.000	10.967
346.000	10.937
347.000	10.906
348.000	10.877
349.000	10.848
350.000	10.820
351.000	10.791
352.000	10.732
353.000	10.704
354.000	10.675
355.000	10.648
356.000	10.620
357.000	10.594
358.000	10.566
359.000	10.540
360.000	10.513
361.000	10.488
362.000	10.462
363.000	10.430
364.000	10.404
365.000	10.379
366.000	10.354
367.000	10.330
368.000	10.305
369.000	10.281
370.000	10.257
371.000	10.233
372.000	10.209
373.000	10.185
374.000	10.162
375.000	10.104
376.000	10.081
377.000	10.057
378.000	10.034
379.000	10.011
380.000	9.988
381.000	9.965
382.000	9.943
383.000	9.920
384.000	9.899
385.000	9.877
386.000	9.841
387.000	9.820
388.000	9.798
389.000	9.776
390.000	9.754
391.000	9.732
392.000	9.711
393.000	9.690
394.000	9.668
395.000	9.648
396.000	9.627
397.000	9.624
398.000	9.603
399.000	9.583
400.000	9.562
401.000	9.542
402.000	9.522
403.000	9.502
404.000	9.483
405.000	9.463
406.000	9.444
407.000	9.425
408.000	9.422
409.000	9.403
410.000	9.383
411.000	9.364
412.000	9.345
413.000	9.327
414.000	9.309
415.000	9.290
416.000	9.272
417.000	9.254
418.000	9.236
419.000	9.235
420.000	9.218
421.000	9.200
422.000	9.183
423.000	9.166
424.000	9.150
425.000	9.133
426.000	9.116
427.000	9.100
428.000	9.084
429.000	9.068
430.000	9.064
431.000	9.048
432.000	9.033
433.000	9.017
434.000	9.001
435.000	8.986
436.000	8.970
437.000	8.955
438.000	8.940
439.000	8.926
440.000	8.911
441.000	8.896
442.000	8.895
443.000	8.880
444.000	8.866
445.000	8.851
446.000	8.837
447.000	8.823
448.000	8.810
449.000	8.796
450.000	8.782
451.000	8.769
452.000	8.756
453.000	8.755
454.000	8.741
455.000	8.728
456.000	8.714
457.000	8.700
458.000	8.686
459.000	8.672
460.000	8.658
461.000	8.645
462.000	8.631
463.000	8.618
464.000	8.617
465.000	8.603
466.000	8.589
467.000	8.575
468.000	8.561
469.000	8.547
470.000	8.533
471.000	8.519
472.000	8.505
473.000	8.491
474.000	8.478
475.000	8.477
476.000	8.463
477.000	8.450
478.000	8.436
479.000	8.422
480.000	8.409
481.000	8.397
482.000	8.384
483.000	8.371
484.000	8.358
485.000	8.345
486.000	8.331
487.000	8.318
488.000	8.306
489.000	8.293
490.000	8.280
491.000	8.268
492.000	8.255
493.000	8.242
494.000	8.229
495.000	8.216
496.000	8.203
497.000	8.179
498.000	8.167
499.000	8.154
500.000	8.142
501.000	8.130
502.000	8.118
503.000	8.106
504.000	8.094
505.000	8.082
506.000	8.070
507.000	8.058
508.000	8.047
509.000	8.035
510.000	8.023
511.000	8.011
512.000	8.000
513.000	7.988
514.000	7.977
515.000	7.965
516.000	7.954
517.000	7.943
518.000	7.931
519.000	7.920
520.000	7.899
521.000	7.888
522.000	7.877
523.000	7.866
524.000	7.855
525.000	7.844
526.000	7.833
527.000	7.822
528.000	7.811
529.000	7.800
530.000	7.790
531.000	7.789
532.000	7.778
533.000	7.767
534.000	7.757
535.000	7.746
536.000	7.735
537.000	7.724
538.000	7.714
539.000	7.704
540.000	7.693
541.000	7.683
542.000	7.682
543.000	7.671
544.000	7.660
545.000	7.650
546.000	7.640
547.000	7.629
548.000	7.619
549.000	7.608
550.000	7.598
551.000	7.588
552.000	7.578
553.000	7.567
554.000	7.557
555.000	7.547
556.000	7.537
557.000	7.527
558.000	7.517
559.000	7.507
560.000	7.498
561.000	7.487
562.000	7.477
563.000	7.467
564.000	7.453
565.000	7.443
566.000	7.433
567.000	7.423
568.000	7.413
569.000	7.403
570.000	7.393
571.000	7.383
572.000	7.373
573.000	7.364
574.000	7.354
575.000	7.353
576.000	7.343
577.000	7.334
578.000	7.324
579.000	7.314
580.000	7.305
581.000	7.296
582.000	7.286
583.000	7.277
584.000	7.268
585.000	7.258
586.000	7.249
587.000	7.228
588.000	7.219
589.000	7.210
590.000	7.201
591.000	7.192
592.000	7.183
593.000	7.174
594.000	7.165
595.000	7.156
596.000	7.147
597.000	7.139
598.000	7.126
599.000	7.117
600.000	7.109
601.000	7.100
602.000	7.092
603.000	7.083
604.000	7.075
605.000	7.067
606.000	7.058
607.000	7.050
608.000	7.042
609.000	7.019
610.000	7.011
611.000	7.003
612.000	6.996
613.000	6.988
614.000	6.980
615.000	6.972
616.000	6.964
617.000	6.957
618.000	6.949
619.000	6.942
620.000	6.941
621.000	6.933
622.000	6.925
623.000	6.917
624.000	6.910
625.000	6.902
626.000	6.894
627.000	6.886
628.000	6.877
629.000	6.869
630.000	6.860
631.000	6.842
632.000	6.834
633.000	6.826
634.000	6.818
635.000	6.809
636.000	6.801
637.000	6.793
638.000	6.785
639.000	6.778
640.000	6.770
641.000	6.762
642.000	6.762
643.000	6.754
644.000	6.747
645.000	6.738
646.000	6.729
647.000	6.720
648.000	6.711
649.000	6.703
650.000	6.694
651.000	6.685
652.000	6.677
653.000	6.668
654.000	6.667
655.000	6.659
656.000	6.650
657.000	6.642
658.000	6.633
659.000	6.625
660.000	6.617
661.000	6.608
662.000	6.600
663.000	6.592
664.000	6.584
665.000	6.583
666.000	6.575
667.000	6.567
668.000	6.559
669.000	6.551
670.000	6.543
671.000	6.535
672.000	6.527
673.000	6.519
674.000	6.511
675.000	6.504
676.000	6.503
677.000	6.495
678.000	6.487
679.000	6.479
680.000	6.471
681.000	6.463
682.000	6.456
683.000	6.448
684.000	6.441
685.000	6.433
686.000	6.425
687.000	6.424
688.000	6.417
689.000	6.409
690.000	6.401
691.000	6.394
692.000	6.386
693.000	6.379
694.000	6.371
695.000	6.363
696.000	6.356
697.000	6.349
698.000	6.348
699.000	6.340
700.000	6.333
701.000	6.325
702.000	6.318
703.000	6.310
704.000	6.303
705.000	6.296
706.000	6.289
707.000	6.282
708.000	6.274
709.000	6.274
710.000	6.266
711.000	6.259
712.000	6.252
713.000	6.245
714.000	6.239
715.000	6.232
716.000	6.225
717.000	6.218
718.000	6.211
719.000	6.204
720.000	6.204
721.000	6.197
722.000	6.191
723.000	6.184
724.000	6.177
725.000	6.170
726.000	6.163
727.000	6.157
728.000	6.150
729.000	6.143
730.000	6.136
731.000	6.130
732.000	6.130
733.000	6.123
734.000	6.116
735.000	6.110
736.000	6.103
737.000	6.096
738.000	6.089
739.000	6.083
740.000	6.076
741.000	6.069
742.000	6.062
743.000	6.062
744.000	6.056
745.000	6.049
746.000	6.042
747.000	6.036
748.000	6.029
749.000	6.023
750.000	6.016
751.000	6.009
752.000	6.003
753.000	5.996
754.000	5.976
755.000	5.970
756.000	5.963
757.000	5.956
758.000	5.949
759.000	5.942
760.000	5.936
761.000	5.929
762.000	5.922
763.000	5.915
764.000	5.908
765.000	5.898
766.000	5.891
767.000	5.884
768.000	5.877
769.000	5.870
770.000	5.864
771.000	5.856
772.000	5.849
773.000	5.842
774.000	5.836
775.000	5.829
776.000	5.813
777.000	5.807
778.000	5.800
779.000	5.793
780.000	5.787
781.000	5.781
782.000	5.774
783.000	5.769
784.000	5.763
785.000	5.757
786.000	5.752
787.000	5.752
788.000	5.746
789.000	5.740
790.000	5.734
791.000	5.728
792.000	5.722
793.000	5.716
794.000	5.710
795.000	5.705
796.000	5.699
797.000	5.693
798.000	5.687
799.000	5.687
800.000	5.681
801.000	5.675
802.000	5.669
803.000	5.663
804.000	5.658
805.000	5.653
806.000	5.648
807.000	5.643
808.000	5.638
809.000	5.634
810.000	5.634
811.000	5.629
812.000	5.624
813.000	5.619
814.000	5.615
815.000	5.610
816.000	5.605
817.000	5.600
818.000	5.596
819.000	5.591
820.000	5.586
821.000	5.586
822.000	5.581
823.000	5.576
824.000	5.571
825.000	5.567
826.000	5.562
827.000	5.557
828.000	5.552
829.000	5.547
830.000	5.542
831.000	5.538
832.000	5.538
833.000	5.533
834.000	5.528
835.000	5.523
836.000	5.519
837.000	5.514
838.000	5.509
839.000	5.504
840.000	5.500
841.000	5.495
842.000	5.490
843.000	5.490
844.000	5.486
845.000	5.481
846.000	5.476
847.000	5.472
848.000	5.467
849.000	5.462
850.000	5.458
851.000	5.453
852.000	5.448
853.000	5.444
854.000	5.433
855.000	5.429
856.000	5.424
857.000	5.420
858.000	5.415
859.000	5.411
860.000	5.406
861.000	5.402
862.000	5.398
863.000	5.393
864.000	5.389
865.000	5.385
866.000	5.385
867.000	5.380
868.000	5.376
869.000	5.372
870.000	5.367
871.000	5.363
872.000	5.359
873.000	5.355
874.000	5.351
875.000	5.346
876.000	5.342
877.000	5.342
878.000	5.338
879.000	5.333
880.000	5.329
881.000	5.325
882.000	5.321
883.000	5.317
884.000	5.312
885.000	5.308
886.000	5.304
887.000	5.299
888.000	5.279
889.000	5.275
890.000	5.271
891.000	5.267
892.000	5.263
893.000	5.258
894.000	5.254
895.000	5.250
896.000	5.246
897.000	5.242
898.000	5.238
899.000	5.228
900.000	5.224
901.000	5.220
902.000	5.215
903.000	5.211
904.000	5.207
905.000	5.204
906.000	5.200
907.000	5.195
908.000	5.191
909.000	5.187
910.000	5.187
911.000	5.183
912.000	5.179
913.000	5.175
914.000	5.171
915.000	5.166
916.000	5.162
917.000	5.158
918.000	5.154
919.000	5.150
920.000	5.146
921.000	5.146
922.000	5.142
923.000	5.138
924.000	5.134
925.000	5.130
926.000	5.126
927.000	5.123
928.000	5.119
929.000	5.115
930.000	5.111
931.000	5.107
932.000	5.103
933.000	5.103
934.000	5.099
935.000	5.095
936.000	5.091
937.000	5.087
938.000	5.084
939.000	5.080
940.000	5.076
941.000	5.072
942.000	5.068
943.000	5.064
944.000	5.064
945.000	5.061
946.000	5.057
947.000	5.053
948.000	5.049
949.000	5.046
950.000	5.042
951.000	5.038
952.000	5.034
953.000	5.031
954.000	5.027
955.000	5.025
956.000	5.022
957.000	5.018
958.000	5.014
959.000	5.010
960.000	5.007
961.000	5.003
962.000	4.999
963.000	4.995
964.000	4.992
965.000	4.988
966.000	4.988
967.000	4.984
968.000	4.981
969.000	4.977
970.000	4.973
971.000	4.970
972.000	4.966
973.000	4.962
974.000	4.959
975.000	4.955
976.000	4.952
977.000	4.939
978.000	4.936
979.000	4.932
980.000	4.929
981.000	4.925
982.000	4.922
983.000	4.919
984.000	4.915
985.000	4.912
986.000	4.908
987.000	4.905
988.000	4.905
989.000	4.902
990.000	4.898
991.000	4.895
992.000	4.892
993.000	4.888
994.000	4.885
995.000	4.882
996.000	4.878
997.000	4.875
998.000	4.871
999.000	4.871
1000.000	4.868
1001.000	4.865
1002.000	4.861
1003.000	4.858
1004.000	4.854
1005.000	4.851
1006.000	4.847
1007.000	4.844
1008.000	4.841
1009.000	4.837
1010.000	4.834
1011.000	4.832
1012.000	4.828
1013.000	4.825
1014.000	4.822
1015.000	4.819
1016.000	4.815
1017.000	4.812
1018.000	4.809
1019.000	4.805
1020.000	4.802
1021.000	4.799
1022.000	4.799
1023.000	4.795
1024.000	4.792
1025.000	4.789
1026.000	4.786
1027.000	4.782
1028.000	4.779
1029.000	4.776
1030.000	4.773
1031.000	4.770
1032.000	4.766
1033.000	4.756
1034.000	4.752
1035.000	4.749
1036.000	4.746
1037.000	4.743
1038.000	4.740
1039.000	4.736
1040.000	4.733
1041.000	4.730
1042.000	4.727
1043.000	4.724
1044.000	4.724
1045.000	4.720
1046.000	4.717
1047.000	4.714
1048.000	4.711
1049.000	4.708
1050.000	4.705
1051.000	4.702
1052.000	4.699
1053.000	4.696
1054.000	4.692
1055.000	4.692
1056.000	4.689
1057.000	4.686
1058.000	4.683
1059.000	4.680
1060.000	4.676
1061.000	4.673
1062.000	4.670
1063.000	4.667
1064.000	4.664
1065.000	4.661
1066.000	4.661
1067.000	4.658
1068.000	4.655
1069.000	4.652
1070.000	4.649
1071.000	4.646
1072.000	4.642
1073.000	4.639
1074.000	4.636
1075.000	4.633
1076.000	4.630
1077.000	4.627
1078.000	4.627
1079.000	4.624
1080.000	4.621
1081.000	4.618
1082.000	4.615
1083.000	4.612
1084.000	4.609
1085.000	4.606
1086.000	4.603
1087.000	4.600
1088.000	4.597
1089.000	4.597
1090.000	4.594
1091.000	4.591
1092.000	4.588
1093.000	4.585
1094.000	4.582
1095.000	4.579
1096.000	4.576
1097.000	4.573
1098.000	4.570
1099.000	4.567
1100.000	4.553
1101.000	4.551
1102.000	4.548
1103.000	4.545
1104.000	4.542
1105.000	4.539
1106.000	4.536
1107.000	4.533
1108.000	4.530
1109.000	4.527
1110.000	4.524
1111.000	4.524
1112.000	4.521
1113.000	4.518
1114.000	4.515
1115.000	4.512
1116.000	4.509
1117.000	4.506
1118.000	4.504
1119.000	4.501
1120.000	4.498
1121.000	4.495
1122.000	4.495
1123.000	4.492
1124.000	4.490
1125.000	4.487
1126.000	4.484
1127.000	4.482
1128.000	4.479
1129.000	4.476
1130.000	4.474
1131.000	4.471
1132.000	4.468
1133.000	4.468
1134.000	4.465
1135.000	4.463
1136.000	4.460
1137.000	4.458
1138.000	4.455
1139.000	4.452
1140.000	4.450
1141.000	4.447
1142.000	4.444
1143.000	4.441
1144.000	4.439
1145.000	4.439
1146.000	4.436
1147.000	4.433
1148.000	4.430
1149.000	4.427
1150.000	4.424
1151.000	4.422
1152.000	4.419
1153.000	4.416
1154.000	4.414
1155.000	4.411
1156.000	4.411
1157.000	4.408
1158.000	4.406
1159.000	4.403
1160.000	4.400
1161.000	4.398
1162.000	4.395
1163.000	4.392
1164.000	4.389
1165.000	4.387
1166.000	4.384
1167.000	4.370
1168.000	4.368
1169.000	4.365
1170.000	4.363
1171.000	4.360
1172.000	4.357
1173.000	4.355
1174.000	4.352
1175.000	4.350
1176.000	4.347
1177.000	4.345
1178.000	4.345
1179.000	4.342
1180.000	4.339
1181.000	4.337
1182.000	4.334
1183.000	4.332
1184.000	4.329
1185.000	4.326
1186.000	4.324
1187.000	4.321
1188.000	4.318
1189.000	4.318
1190.000	4.316
1191.000	4.313
1192.000	4.311
1193.000	4.308
1194.000	4.306
1195.000	4.303
1196.000	4.301
1197.000	4.298
1198.000	4.295
1199.000	4.293
1200.000	4.293
1201.000	4.290
1202.000	4.288
1203.000	4.285
1204.000	4.283
1205.000	4.280
1206.000	4.278
1207.000	4.275
1208.000	4.273
1209.000	4.270
1210.000	4.268
1211.000	4.268
1212.000	4.265
1213.000	4.262
1214.000	4.260
1215.000	4.257
1216.000	4.255
1217.000	4.252
1218.000	4.250
1219.000	4.247
1220.000	4.245
1221.000	4.242
1222.000	4.240
1223.000	4.240
1224.000	4.238
1225.000	4.235
1226.000	4.233
1227.000	4.230
1228.000	4.228
1229.000	4.226
1230.000	4.223
1231.000	4.221
1232.000	4.219
1233.000	4.216
1234.000	4.216
1235.000	4.214
1236.000	4.212
1237.000	4.210
1238.000	4.207
1239.000	4.205
1240.000	4.203
1241.000	4.200
1242.000	4.198
1243.000	4.195
1244.000	4.193
1245.000	4.193
1246.000	4.191
1247.000	4.188
1248.000	4.186
1249.000	4.184
1250.000	4.181
1251.000	4.179
1252.000	4.177
1253.000	4.174
1254.000	4.172
1255.000	4.170
1256.000	4.170
1257.000	4.168
1258.000	4.165
1259.000	4.163
1260.000	4.161
1261.000	4.159
1262.000	4.157
1263.000	4.155
1264.000	4.152
1265.000	4.150
1266.000	4.148
1267.000	4.148
1268.000	4.146
1269.000	4.144
1270.000	4.142
1271.000	4.140
1272.000	4.138
1273.000	4.135
1274.000	4.133
1275.000	4.131
1276.000	4.129
1277.000	4.127
1278.000	4.127
1279.000	4.125
1280.000	4.123
1281.000	4.121
1282.000	4.119
1283.000	4.117
1284.000	4.115
1285.000	4.113
1286.000	4.110
1287.000	4.108
1288.000	4.106
1289.000	4.104
1290.000	4.104
1291.000	4.102
1292.000	4.099
1293.000	4.097
1294.000	4.095
1295.000	4.093
1296.000	4.091
1297.000	4.089
1298.000	4.087
1299.000	4.085
1300.000	4.083
1301.000	4.070
1302.000	4.068
1303.000	4.066
1304.000	4.064
1305.000	4.062
1306.000	4.060
1307.000	4.058
1308.000	4.056
1309.000	4.054
1310.000	4.053
1311.000	4.051
1312.000	4.051
1313.000	4.049
1314.000	4.047
1315.000	4.045
1316.000	4.043
1317.000	4.041
1318.000	4.039
1319.000	4.037
1320.000	4.035
1321.000	4.033
1322.000	4.031
1323.000	4.031
1324.000	4.029
1325.000	4.028
1326.000	4.026
1327.000	4.024
1328.000	4.022
1329.000	4.020
1330.000	4.018
1331.000	4.016
1332.000	4.015
1333.000	4.013
1334.000	4.013
1335.000	4.011
1336.000	4.009
1337.000	4.008
1338.000	4.006
1339.000	4.004
1340.000	4.002
1341.000	4.001
1342.000	3.999
1343.000	3.997
1344.000	3.995
1345.000	3.995
1346.000	3.993
1347.000	3.991
1348.000	3.989
1349.000	3.987
1350.000	3.985
1351.000	3.983
1352.000	3.981
1353.000	3.979
1354.000	3.978
1355.000	3.976
1356.000	3.974
1357.000	3.974
1358.000	3.972
1359.000	3.970
1360.000	3.968
1361.000	3.967
1362.000	3.965
1363.000	3.963
1364.000	3.961
1365.000	3.959
1366.000	3.958
1367.000	3.956
1368.000	3.945
1369.000	3.943
1370.000	3.941
1371.000	3.939
1372.000	3.938
1373.000	3.936
1374.000	3.934
1375.000	3.932
1376.000	3.931
1377.000	3.929
1378.000	3.927
1379.000	3.927
1380.000	3.925
1381.000	3.924
1382.000	3.922
1383.000	3.920
1384.000	3.919
1385.000	3.917
1386.000	3.915
1387.000	3.913
1388.000	3.912
1389.000	3.910
1390.000	3.910
1391.000	3.908
1392.000	3.906
1393.000	3.904
1394.000	3.902
1395.000	3.901
1396.000	3.899
1397.000	3.897
1398.000	3.895
1399.000	3.893
1400.000	3.892
1401.000	3.892
1402.000	3.890
1403.000	3.888
1404.000	3.887
1405.000	3.885
1406.000	3.884
1407.000	3.882
1408.000	3.880
1409.000	3.879
1410.000	3.877
1411.000	3.876
1412.000	3.876
1413.000	3.874
1414.000	3.872
1415.000	3.871
1416.000	3.869
1417.000	3.868
1418.000	3.866
1419.000	3.864
1420.000	3.863
1421.000	3.861
1422.000	3.860
1423.000	3.860
1424.000	3.858
1425.000	3.857
1426.000	3.855
1427.000	3.854
1428.000	3.852
1429.000	3.851
1430.000	3.849
1431.000	3.848
1432.000	3.846
1433.000	3.845
1434.000	3.843
1435.000	3.843
1436.000	3.842
1437.000	3.840
1438.000	3.839
1439.000	3.837
1440.000	3.836
1441.000	3.834
1442.000	3.833
1443.000	3.831
1444.000	3.830
1445.000	3.828
1446.000	3.828
1447.000	3.827
1448.000	3.826
1449.000	3.824
1450.000	3.823
1451.000	3.822
1452.000	3.820
1453.000	3.819
1454.000	3.817
1455.000	3.816
1456.000	3.814
1457.000	3.814
1458.000	3.813
1459.000	3.812
1460.000	3.810
1461.000	3.809
1462.000	3.807
1463.000	3.806
1464.000	3.804
1465.000	3.803
1466.000	3.801
1467.000	3.800
1468.000	3.800
1469.000	3.798
1470.000	3.797
1471.000	3.795
1472.000	3.794
1473.000	3.792
1474.000	3.791
1475.000	3.790
1476.000	3.788
1477.000	3.787
1478.000	3.785
1479.000	3.785
1480.000	3.784
1481.000	3.783
1482.000	3.781
1483.000	3.780
1484.000	3.779
1485.000	3.777
1486.000	3.776
1487.000	3.775
1488.000	3.774
1489.000	3.772
1490.000	3.772
1491.000	3.771
1492.000	3.770
1493.000	3.768
1494.000	3.767
1495.000	3.766
1496.000	3.764
1497.000	3.763
1498.000	3.762
1499.000	3.761
1500.000	3.759
1501.000	3.758
1502.000	3.758
1503.000	3.757
1504.000	3.755
1505.000	3.754
1506.000	3.753
1507.000	3.751
1508.000	3.750
1509.000	3.749
1510.000	3.748
1511.000	3.746
1512.000	3.745
1513.000	3.745
1514.000	3.744
1515.000	3.743
1516.000	3.742
1517.000	3.741
1518.000	3.739
1519.000	3.738
1520.000	3.737
1521.000	3.736
1522.000	3.735
1523.000	3.734
1524.000	3.719
1525.000	3.718
1526.000	3.717
1527.000	3.715
1528.000	3.714
1529.000	3.713
1530.000	3.712
1531.000	3.711
1532.000	3.710
1533.000	3.709
1534.000	3.707
1535.000	3.707
1536.000	3.706
1537.000	3.705
1538.000	3.704
1539.000	3.703
1540.000	3.702
1541.000	3.701
1542.000	3.700
1543.000	3.698
1544.000	3.697
1545.000	3.696
1546.000	3.696
1547.000	3.695
1548.000	3.694
1549.000	3.693
1550.000	3.692
1551.000	3.690
1552.000	3.689
1553.000	3.688
1554.000	3.687
1555.000	3.686
1556.000	3.685
1557.000	3.685
1558.000	3.684
1559.000	3.683
1560.000	3.681
1561.000	3.680
1562.000	3.679
1563.000	3.678
1564.000	3.677
1565.000	3.676
1566.000	3.675
1567.000	3.674
1568.000	3.673
1569.000	3.673
1570.000	3.672
1571.000	3.672
1572.000	3.671
1573.000	3.670
1574.000	3.669
1575.000	3.668
1576.000	3.667
1577.000	3.666
1578.000	3.665
1579.000	3.665
1580.000	3.665
1581.000	3.664
1582.000	3.663
1583.000	3.662
1584.000	3.661
1585.000	3.660
1586.000	3.659
1587.000	3.658
1588.000	3.658
1589.000	3.657
1590.000	3.656
1591.000	3.656
1592.000	3.655
1593.000	3.654
1594.000	3.653
1595.000	3.653
1596.000	3.652
1597.000	3.651
1598.000	3.650
1599.000	3.649
1600.000	3.648
1601.000	3.648
1602.000	3.648
1603.000	3.647
1604.000	3.646
1605.000	3.645
1606.000	3.644
1607.000	3.643
1608.000	3.642
1609.000	3.642
1610.000	3.641
1611.000	3.640
1612.000	3.639
1613.000	3.639
1614.000	3.638
1615.000	3.637
1616.000	3.636
1617.000	3.635
1618.000	3.634
1619.000	3.633
1620.000	3.633
1621.000	3.632
1622.000	3.631
1623.000	3.630
1624.000	3.630
1625.000	3.629
1626.000	3.628
1627.000	3.627
1628.000	3.626
1629.000	3.625
1630.000	3.625
1631.000	3.624
1632.000	3.623
1633.000	3.622
1634.000	3.621
1635.000	3.620
1636.000	3.620
1637.000	3.619
1638.000	3.619
1639.000	3.618
1640.000	3.617
1641.000	3.617
1642.000	3.616
1643.000	3.615
1644.000	3.614
1645.000	3.614
1646.000	3.613
1647.000	3.613
1648.000	3.612
1649.000	3.612
1650.000	3.611
1651.000	3.611
1652.000	3.610
1653.000	3.609
1654.000	3.609
1655.000	3.608
1656.000	3.608
1657.000	3.607
1658.000	3.607
1659.000	3.606
1660.000	3.606
1661.000	3.605
1662.000	3.605
1663.000	3.604
1664.000	3.603
1665.000	3.603
1666.000	3.602
1667.000	3.601
1668.000	3.601
1669.000	3.601
1670.000	3.600
1671.000	3.599
1672.000	3.599
1673.000	3.598
1674.000	3.597
1675.000	3.597
1676.000	3.596
1677.000	3.595
1678.000	3.595
1679.000	3.594
1680.000	3.594
1681.000	3.593
1682.000	3.593
1683.000	3.592
1684.000	3.591
1685.000	3.591
1686.000	3.590
1687.000	3.590
1688.000	3.589
1689.000	3.588
1690.000	3.588
1691.000	3.588
1692.000	3.587
1693.000	3.586
1694.000	3.586
1695.000	3.585
1696.000	3.585
1697.000	3.584
1698.000	3.584
1699.000	3.583
1700.000	3.583
1701.000	3.582
1702.000	3.582
1703.000	3.582
1704.000	3.581
1705.000	3.580
1706.000	3.580
1707.000	3.579
1708.000	3.579
1709.000	3.578
1710.000	3.578
1711.000	3.577
1712.000	3.576
1713.000	3.576
1714.000	3.576
1715.000	3.575
1716.000	3.574
1717.000	3.573
1718.000	3.572
1719.000	3.570
1720.000	3.569
1721.000	3.567
1722.000	3.566
1723.000	3.565
1724.000	3.563
1725.000	3.563
1726.000	3.562
1727.000	3.560
1728.000	3.559
1729.000	3.558
1730.000	3.556
1731.000	3.555
1732.000	3.553
1733.000	3.552
1734.000	3.551
1735.000	3.549
1736.000	3.549
1737.000	3.548
1738.000	3.547
1739.000	3.545
1740.000	3.544
1741.000	3.543
1742.000	3.541
1743.000	3.540
1744.000	3.539
1745.000	3.537
1746.000	3.536
1747.000	3.536
1748.000	3.535
1749.000	3.533
1750.000	3.532
1751.000	3.531
1752.000	3.529
1753.000	3.528
1754.000	3.527
1755.000	3.525
1756.000	3.524
1757.000	3.523
1758.000	3.523
1759.000	3.521
1760.000	3.520
1761.000	3.519
1762.000	3.517
1763.000	3.516
1764.000	3.515
1765.000	3.513
1766.000	3.512
1767.000	3.511
1768.000	3.509
1769.000	3.509
1770.000	3.508
1771.000	3.507
1772.000	3.506
1773.000	3.504
1774.000	3.503
1775.000	3.502
1776.000	3.501
1777.000	3.500
1778.000	3.499
1779.000	3.498
1780.000	3.496
1781.000	3.496
1782.000	3.495
1783.000	3.494
1784.000	3.493
1785.000	3.492
1786.000	3.491
1787.000	3.490
1788.000	3.488
1789.000	3.487
1790.000	3.486
1791.000	3.485
1792.000	3.485
1793.000	3.484
1794.000	3.483
1795.000	3.482
1796.000	3.481
1797.000	3.479
1798.000	3.478
1799.000	3.477
1800.000	3.476
1801.000	3.475
1802.000	3.474
1803.000	3.474
1804.000	3.473
1805.000	3.472
1806.000	3.470
1807.000	3.469
1808.000	3.468
1809.000	3.467
1810.000	3.466
1811.000	3.465
1812.000	3.464
1813.000	3.463
1814.000	3.463
1815.000	3.462
1816.000	3.460
1817.000	3.459
1818.000	3.458
1819.000	3.457
1820.000	3.456
1821.000	3.455
1822.000	3.454
1823.000	3.453
1824.000	3.452
1825.000	3.452
1826.000	3.450
1827.000	3.449
1828.000	3.448
1829.000	3.447
1830.000	3.446
1831.000	3.445
1832.000	3.444
1833.000	3.443
1834.000	3.442
1835.000	3.440
1836.000	3.440
1837.000	3.439
1838.000	3.438
1839.000	3.437
1840.000	3.436
1841.000	3.435
1842.000	3.434
1843.000	3.433
1844.000	3.432
1845.000	3.431
1846.000	3.429
1847.000	3.428
1848.000	3.428
1849.000	3.427
1850.000	3.426
1851.000	3.425
1852.000	3.424
1853.000	3.423
1854.000	3.422
1855.000	3.421
1856.000	3.420
1857.000	3.419
1858.000	3.418
1859.000	3.418
1860.000	3.417
1861.000	3.416
1862.000	3.415
1863.000	3.414
1864.000	3.413
1865.000	3.412
1866.000	3.411
1867.000	3.410
1868.000	3.409
1869.000	3.408
1870.000	3.408
1871.000	3.407
1872.000	3.406
1873.000	3.405
1874.000	3.404
1875.000	3.403
1876.000	3.402
1877.000	3.401
1878.000	3.400
1879.000	3.399
1880.000	3.398
1881.000	3.398
1882.000	3.397
1883.000	3.396
1884.000	3.395
1885.000	3.394
1886.000	3.393
1887.000	3.392
1888.000	3.391
1889.000	3.390
1890.000	3.389
1891.000	3.388
1892.000	3.388
1893.000	3.387
1894.000	3.386
1895.000	3.385
1896.000	3.384
1897.000	3.383
1898.000	3.382
1899.000	3.381
1900.000	3.380
1901.000	3.379
1902.000	3.378
1903.000	3.378
1904.000	3.377
1905.000	3.376
1906.000	3.375
1907.000	3.374
1908.000	3.373
1909.000	3.372
1910.000	3.371
1911.000	3.370
1912.000	3.369
1913.000	3.368
1914.000	3.368
1915.000	3.367
1916.000	3.366
1917.000	3.365
1918.000	3.364
1919.000	3.363
1920.000	3.362
1921.000	3.361
1922.000	3.360
1923.000	3.359
1924.000	3.358
1925.000	3.357
1926.000	3.357
1927.000	3.356
1928.000	3.355
1929.000	3.354
1930.000	3.353
1931.000	3.352
1932.000	3.351
1933.000	3.350
1934.000	3.349
1935.000	3.348
1936.000	3.347
1937.000	3.347
1938.000	3.346
1939.000	3.345
1940.000	3.344
1941.000	3.343
1942.000	3.342
1943.000	3.341
1944.000	3.340
1945.000	3.339
1946.000	3.338
1947.000	3.337
1948.000	3.337
1949.000	3.336
1950.000	3.336
1951.000	3.335
1952.000	3.334
1953.000	3.333
1954.000	3.332
1955.000	3.331
1956.000	3.330
1957.000	3.329
1958.000	3.328
1959.000	3.328
1960.000	3.327
1961.000	3.326
1962.000	3.325
1963.000	3.325
1964.000	3.324
1965.000	3.323
1966.000	3.322
1967.000	3.321
1968.000	3.320
1969.000	3.319
1970.000	3.319
1971.000	3.318
1972.000	3.318
1973.000	3.317
1974.000	3.316
1975.000	3.315
1976.000	3.314
1977.000	3.313
1978.000	3.312
1979.000	3.311
1980.000	3.310
1981.000	3.310
1982.000	3.309
1983.000	3.308
1984.000	3.307
1985.000	3.305
1986.000	3.304
1987.000	3.303
1988.000	3.302
1989.000	3.301
1990.000	3.300
1991.000	3.299
1992.000	3.297
1993.000	3.297
1994.000	3.296
1995.000	3.295
1996.000	3.294
1997.000	3.293
1998.000	3.292
1999.000	3.290
2000.000	3.289
2001.000	3.288
2002.000	3.287
2003.000	3.286
2004.000	3.286
2005.000	3.285
2006.000	3.284
2007.000	3.282
2008.000	3.281
2009.000	3.280
2010.000	3.279
2011.000	3.278
2012.000	3.277
2013.000	3.276
2014.000	3.274
2015.000	3.274
2016.000	3.273
2017.000	3.272
2018.000	3.271
2019.000	3.270
2020.000	3.268
2021.000	3.267
2022.000	3.266
2023.000	3.264
2024.000	3.263
2025.000	3.262
2026.000	3.262
2027.000	3.261
2028.000	3.259
2029.000	3.258
2030.000	3.257
2031.000	3.256
2032.000	3.254
2033.000	3.253
2034.000	3.252
2035.000	3.250
2036.000	3.249
2037.000	3.249
2038.000	3.248
2039.000	3.247
2040.000	3.245
2041.000	3.244
2042.000	3.243
2043.000	3.241
2044.000	3.240
2045.000	3.239
2046.000	3.237
2047.000	3.236
2048.000	3.236
2049.000	3.235
2050.000	3.234
2051.000	3.232
2052.000	3.231
2053.000	3.230
2054.000	3.229
2055.000	3.227
2056.000	3.226
2057.000	3.225
2058.000	3.223
2059.000	3.222
2060.000	3.222
2061.000	3.221
2062.000	3.220
2063.000	3.218
2064.000	3.217
2065.000	3.216
2066.000	3.214
2067.000	3.213
2068.000	3.212
2069.000	3.211
2070.000	3.209
2071.000	3.209
2072.000	3.208
2073.000	3.207
2074.000	3.206
2075.000	3.205
2076.000	3.203
2077.000	3.202
2078.000	3.201
2079.000	3.200
2080.000	3.198
2081.000	3.197
2082.000	3.197
2083.000	3.196
2084.000	3.195
2085.000	3.193
2086.000	3.192
2087.000	3.191
2088.000	3.190
2089.000	3.189
2090.000	3.189
2091.000	3.188
2092.000	3.187
2093.000	3.187
2094.000	3.187
2095.000	3.186
2096.000	3.185
2097.000	3.184
2098.000	3.184
2099.000	3.183
2100.000	3.182
2101.000	3.182
2102.000	3.181
2103.000	3.180
2104.000	3.180
2105.000	3.180
2106.000	3.179
2107.000	3.178
2108.000	3.178
2109.000	3.177
2110.000	3.176
2111.000	3.176
2112.000	3.175
2113.000	3.174
2114.000	3.174
2115.000	3.174
2116.000	3.173
2117.000	3.172
2118.000	3.172
2119.000	3.171
2120.000	3.170
2121.000	3.170
2122.000	3.169
2123.000	3.168
2124.000	3.167
2125.000	3.167
2126.000	3.167
2127.000	3.166
2128.000	3.165
2129.000	3.165
2130.000	3.164
2131.000	3.163
2132.000	3.163
2133.000	3.162
2134.000	3.161
2135.000	3.160
2136.000	3.160
2137.000	3.159
2138.000	3.159
2139.000	3.158
2140.000	3.158
2141.000	3.157
2142.000	3.156
2143.000	3.156
2144.000	3.155
2145.000	3.154
2146.000	3.153
2147.000	3.153
2148.000	3.152
2149.000	3.152
2150.000	3.151
2151.000	3.151
2152.000	3.150
2153.000	3.149
2154.000	3.149
2155.000	3.148
2156.000	3.147
2157.000	3.146
2158.000	3.146
2159.000	3.145
2160.000	3.145
2161.000	3.144
2162.000	3.143
2163.000	3.143
2164.000	3.142
2165.000	3.141
2166.000	3.140
2167.000	3.140
2168.000	3.139
2169.000	3.138
2170.000	3.138
2171.000	3.138
2172.000	3.137
2173.000	3.136
2174.000	3.135
2175.000	3.135
2176.000	3.134
2177.000	3.133
2178.000	3.132
2179.000	3.132
2180.000	3.131
2181.000	3.130
2182.000	3.130
2183.000	3.129
2184.000	3.129
2185.000	3.128
2186.000	3.127
2187.000	3.126
2188.000	3.126
2189.000	3.125
2190.000	3.124
2191.000	3.123
2192.000	3.122
2193.000	3.122
2194.000	3.121
2195.000	3.121
2196.000	3.120
2197.000	3.119
2198.000	3.118
2199.000	3.117
2200.000	3.116
2201.000	3.115
2202.000	3.114
2203.000	3.113
2204.000	3.113
2205.000	3.113
2206.000	3.112
2207.000	3.111
2208.000	3.110
2209.000	3.109
2210.000	3.108
2211.000	3.107
2212.000	3.106
2213.000	3.106
2214.000	3.105
2215.000	3.104
2216.000	3.104
2217.000	3.103
2218.000	3.102
2219.000	3.101
2220.000	3.100
2221.000	3.099
2222.000	3.098
2223.000	3.098
2224.000	3.097
2225.000	3.096
2226.000	3.095
2227.000	3.079
2228.000	3.078
2229.000	3.077
2230.000	3.076
2231.000	3.075
2232.000	3.074
2233.000	3.073
2234.000	3.073
2235.000	3.072
2236.000	3.071
2237.000	3.070
2238.000	3.070
2239.000	3.069
2240.000	3.068
2241.000	3.067
2242.000	3.066
2243.000	3.066
2244.000	3.065
2245.000	3.064
2246.000	3.063
2247.000	3.062
2248.000	3.061
2249.000	3.061
2250.000	3.060
2251.000	3.059
2252.000	3.059
2253.000	3.058
2254.000	3.057
2255.000	3.056
2256.000	3.055
2257.000	3.054
2258.000	3.053
2259.000	3.052
2260.000	3.052
2261.000	3.051
2262.000	3.051
2263.000	3.050
2264.000	3.049
2265.000	3.048
2266.000	3.047
2267.000	3.046
2268.000	3.045
2269.000	3.044
2270.000	3.044
2271.000	3.043
2272.000	3.043
2273.000	3.042
2274.000	3.041
2275.000	3.040
2276.000	3.039
2277.000	3.038
2278.000	3.037
2279.000	3.037
2280.000	3.036
2281.000	3.035
2282.000	3.034
2283.000	3.034
2284.000	3.033
2285.000	3.032
2286.000	3.031
2287.000	3.031
2288.000	3.030
2289.000	3.029
2290.000	3.028
2291.000	3.027
2292.000	3.026
2293.000	3.025
2294.000	3.025
2295.000	3.024
2296.000	3.023
2297.000	3.023
2298.000	3.022
2299.000	3.021
2300.000	3.020
2301.000	3.019
2302.000	3.018
2303.000	3.017
2304.000	3.016
2305.000	3.016
2306.000	3.015
2307.000	3.015
2308.000	3.014
2309.000	3.013
2310.000	3.012
2311.000	3.011
2312.000	3.010
2313.000	3.009
2314.000	3.008
2315.000	3.008
2316.000	3.008
2317.000	3.007
2318.000	3.006
2319.000	3.005
2320.000	3.004
2321.000	3.003
2322.000	3.002
2323.000	3.001
2324.000	3.001
2325.000	3.000
2326.000	2.999
2327.000	2.999
2328.000	2.998
2329.000	2.997
2330.000	2.996
2331.000	2.995
2332.000	2.994
2333.000	2.994
2334.000	2.993
2335.000	2.992
2336.000	2.991
2337.000	2.990
2338.000	2.989
2339.000	2.989
2340.000	2.988
2341.000	2.987
2342.000	2.987
2343.000	2.986
2344.000	2.985
2345.000	2.984
2346.000	2.983
2347.000	2.982
2348.000	2.981
2349.000	2.980
2350.000	2.980
2351.000	2.980
2352.000	2.979
2353.000	2.978
2354.000	2.977
2355.000	2.976
2356.000	2.975
2357.000	2.974
2358.000	2.973
2359.000	2.973
2360.000	2.972
2361.000	2.972
2362.000	2.971
2363.000	2.970
2364.000	2.969
2365.000	2.968
2366.000	2.967
2367.000	2.967
2368.000	2.966
2369.000	2.965
2370.000	2.964
2371.000	2.963
2372.000	2.963
2373.000	2.962
2374.000	2.961
2375.000	2.960
2376.000	2.959
2377.000	2.957
2378.000	2.956
2379.000	2.955
2380.000	2.954
2381.000	2.953
2382.000	2.952
2383.000	2.952
2384.000	2.951
2385.000	2.950
2386.000	2.949
2387.000	2.948
2388.000	2.947
2389.000	2.946
2390.000	2.945
2391.000	2.944
2392.000	2.943
2393.000	2.942
2394.000	2.942
2395.000	2.941
2396.000	2.940
2397.000	2.939
2398.000	2.938
2399.000	2.937
2400.000	2.936
2401.000	2.935
2402.000	2.934
2403.000	2.934
2404.000	2.933
2405.000	2.933
2406.000	2.932
2407.000	2.931
2408.000	2.931
2409.000	2.930
2410.000	2.929
2411.000	2.928
2412.000	2.928
2413.000	2.927
2414.000	2.926
2415.000	2.925
2416.000	2.924
2417.000	2.924
2418.000	2.923
2419.000	2.923
2420.000	2.922
2421.000	2.921
2422.000	2.920
2423.000	2.919
2424.000	2.918
2425.000	2.918
2426.000	2.917
2427.000	2.916
2428.000	2.916
2429.000	2.915
2430.000	2.914
2431.000	2.913
2432.000	2.913
2433.000	2.912
2434.000	2.911
2435.000	2.910
2436.000	2.909
2437.000	2.908
2438.000	2.907
2439.000	2.907
2440.000	2.907
2441.000	2.906
2442.000	2.905
2443.000	2.904
2444.000	2.903
2445.000	2.902
2446.000	2.902
2447.000	2.901
2448.000	2.900
2449.000	2.899
2450.000	2.899
2451.000	2.899
2452.000	2.898
2453.000	2.897
2454.000	2.896
2455.000	2.896
2456.000	2.895
2457.000	2.894
2458.000	2.894
2459.000	2.893
2460.000	2.892
2461.000	2.892
2462.000	2.892
2463.000	2.891
2464.000	2.890
2465.000	2.890
2466.000	2.889
2467.000	2.888
2468.000	2.888
2469.000	2.887
2470.000	2.886
2471.000	2.886
2472.000	2.886
2473.000	2.885
2474.000	2.884
2475.000	2.884
2476.000	2.883
2477.000	2.882
2478.000	2.882
2479.000	2.881
2480.000	2.880
2481.000	2.880
2482.000	2.879
2483.000	2.878
2484.000	2.878
2485.000	2.878
2486.000	2.877
2487.000	2.876
2488.000	2.876
2489.000	2.875
2490.000	2.874
2491.000	2.874
2492.000	2.873
2493.000	2.872
2494.000	2.872
2495.000	2.872
2496.000	2.871
2497.000	2.870
2498.000	2.870
2499.000	2.869
2500.000	2.868
2501.000	2.867
2502.000	2.867
2503.000	2.866
2504.000	2.865
2505.000	2.865
2506.000	2.865
2507.000	2.864
2508.000	2.863
2509.000	2.862
2510.000	2.862
2511.000	2.861
2512.000	2.860
2513.000	2.860
2514.000	2.859
2515.000	2.858
2516.000	2.858
2517.000	2.858
2518.000	2.857
2519.000	2.856
2520.000	2.855
2521.000	2.855
2522.000	2.854
2523.000	2.854
2524.000	2.853
2525.000	2.853
2526.000	2.852
2527.000	2.851
2528.000	2.851
2529.000	2.851
2530.000	2.850
2531.000	2.850
2532.000	2.849
2533.000	2.849
2534.000	2.848
2535.000	2.848
2536.000	2.847
2537.000	2.847
2538.000	2.846
2539.000	2.846
2540.000	2.845
2541.000	2.845
2542.000	2.844
2543.000	2.844
2544.000	2.843
2545.000	2.843
2546.000	2.842
2547.000	2.842
2548.000	2.841
2549.000	2.840
2550.000	2.840
2551.000	2.840
2552.000	2.839
2553.000	2.839
2554.000	2.838
2555.000	2.838
2556.000	2.837
2557.000	2.836
2558.000	2.836
2559.000	2.835
2560.000	2.835
2561.000	2.834
2562.000	2.834
2563.000	2.833
2564.000	2.833
2565.000	2.832
2566.000	2.832
2567.000	2.831
2568.000	2.830
2569.000	2.830
2570.000	2.829
2571.000	2.829
2572.000	2.828
2573.000	2.828
2574.000	2.828
2575.000	2.827
2576.000	2.826
2577.000	2.826
2578.000	2.825
2579.000	2.825
2580.000	2.824
2581.000	2.824
2582.000	2.823
2583.000	2.822
2584.000	2.822
2585.000	2.822
2586.000	2.821
2587.000	2.821
2588.000	2.820
2589.000	2.819
2590.000	2.819
2591.000	2.818
2592.000	2.818
2593.000	2.817
2594.000	2.817
2595.000	2.817
2596.000	2.816
2597.000	2.815
2598.000	2.815
2599.000	2.814
2600.000	2.814
2601.000	2.813
2602.000	2.813
2603.000	2.812
2604.000	2.811
2605.000	2.811
2606.000	2.811
2607.000	2.810
2608.000	2.810
2609.000	2.809
2610.000	2.808
2611.000	2.808
2612.000	2.807
2613.000	2.807
2614.000	2.806
2615.000	2.806
2616.000	2.805
2617.000	2.805
2618.000	2.804
2619.000	2.804
2620.000	2.803
2621.000	2.803
2622.000	2.802
2623.000	2.802
2624.000	2.801
2625.000	2.800
2626.000	2.800
2627.000	2.799
2628.000	2.799
2629.000	2.799
2630.000	2.798
2631.000	2.798
2632.000	2.797
2633.000	2.797
2634.000	2.796
2635.000	2.795
2636.000	2.795
2637.000	2.794
2638.000	2.794
2639.000	2.793
2640.000	2.793
2641.000	2.793
2642.000	2.792
2643.000	2.792
2644.000	2.791
2645.000	2.790
2646.000	2.790
2647.000	2.789
2648.000	2.789
2649.000	2.788
2650.000	2.788
2651.000	2.788
2652.000	2.787
2653.000	2.787
2654.000	2.786
2655.000	2.786
2656.000	2.785
2657.000	2.785
2658.000	2.784
2659.000	2.784
2660.000	2.784
2661.000	2.783
2662.000	2.783
2663.000	2.783
2664.000	2.782
2665.000	2.782
2666.000	2.782
2667.000	2.781
2668.000	2.781
2669.000	2.780
2670.000	2.780
2671.000	2.779
2672.000	2.779
2673.000	2.779
2674.000	2.779
2675.000	2.778
2676.000	2.778
2677.000	2.777
2678.000	2.777
2679.000	2.776
2680.000	2.776
2681.000	2.776
2682.000	2.775
2683.000	2.775
2684.000	2.775
2685.000	2.774
2686.000	2.774
2687.000	2.773
2688.000	2.773
2689.000	2.773
2690.000	2.772
2691.000	2.772
2692.000	2.771
2693.000	2.771
2694.000	2.770
2695.000	2.770
2696.000	2.770
2697.000	2.769
2698.000	2.769
2699.000	2.769
2700.000	2.768
2701.000	2.768
2702.000	2.767
2703.000	2.767
2704.000	2.766
2705.000	2.766
2706.000	2.765
2707.000	2.765
2708.000	2.765
2709.000	2.765
2710.000	2.764
2711.000	2.764
2712.000	2.763
2713.000	2.763
2714.000	2.762
2715.000	2.762
2716.000	2.761
2717.000	2.761
2718.000	2.761
2719.000	2.761
2720.000	2.760
2721.000	2.760
2722.000	2.759
2723.000	2.759
2724.000	2.758
2725.000	2.758
2726.000	2.757
2727.000	2.757
2728.000	2.757
2729.000	2.757
2730.000	2.756
2731.000	2.756
2732.000	2.755
2733.000	2.755
2734.000	2.754
2735.000	2.754
2736.000	2.754
2737.000	2.753
2738.000	2.753
2739.000	2.752
2740.000	2.752
2741.000	2.752
2742.000	2.751
2743.000	2.751
2744.000	2.750
2745.000	2.750
2746.000	2.750
2747.000	2.749
2748.000	2.749
2749.000	2.748
2750.000	2.748
2751.000	2.748
2752.000	2.747
2753.000	2.747
2754.000	2.746
2755.000	2.746
2756.000	2.746
2757.000	2.745
2758.000	2.745
2759.000	2.744
2760.000	2.744
2761.000	2.743
2762.000	2.743
2763.000	2.743
2764.000	2.742
2765.000	2.742
2766.000	2.742
2767.000	2.741
2768.000	2.741
2769.000	2.740
2770.000	2.740
2771.000	2.739
2772.000	2.739
2773.000	2.739
2774.000	2.739
2775.000	2.738
2776.000	2.738
2777.000	2.737
2778.000	2.737
2779.000	2.736
2780.000	2.736
2781.000	2.736
2782.000	2.735
2783.000	2.735
2784.000	2.734
2785.000	2.734
2786.000	2.734
2787.000	2.733
2788.000	2.733
2789.000	2.733
2790.000	2.732
2791.000	2.732
2792.000	2.731
2793.000	2.731
2794.000	2.730
2795.000	2.730
2796.000	2.730
2797.000	2.730
2798.000	2.729
2799.000	2.729
2800.000	2.728
2801.000	2.728
2802.000	2.727
2803.000	2.727
2804.000	2.726
2805.000	2.726
2806.000	2.726
2807.000	2.726
2808.000	2.725
2809.000	2.725
2810.000	2.724
2811.000	2.724
2812.000	2.723
2813.000	2.723
2814.000	2.722
2815.000	2.722
2816.000	2.721
2817.000	2.721
2818.000	2.721
2819.000	2.720
2820.000	2.720
2821.000	2.720
2822.000	2.719
2823.000	2.719
2824.000	2.718
2825.000	2.718
2826.000	2.717
2827.000	2.717
2828.000	2.716
2829.000	2.716
2830.000	2.716
2831.000	2.715
2832.000	2.715
2833.000	2.714
2834.000	2.714
2835.000	2.713
2836.000	2.713
2837.000	2.713
2838.000	2.712
2839.000	2.712
2840.000	2.711
2841.000	2.711
2842.000	2.711
2843.000	2.710
2844.000	2.710
2845.000	2.709
2846.000	2.708
2847.000	2.708
2848.000	2.707
2849.000	2.707
2850.000	2.706
2851.000	2.706
2852.000	2.706
2853.000	2.705
2854.000	2.705
2855.000	2.704
2856.000	2.704
2857.000	2.703
2858.000	2.703
2859.000	2.702
2860.000	2.702
2861.000	2.701
2862.000	2.701
2863.000	2.701
2864.000	2.700
2865.000	2.700
2866.000	2.699
2867.000	2.698
2868.000	2.698
2869.000	2.698
2870.000	2.697
2871.000	2.697
2872.000	2.696
2873.000	2.696
2874.000	2.696
2875.000	2.696
2876.000	2.695
2877.000	2.695
2878.000	2.694
2879.000	2.694
2880.000	2.694
2881.000	2.693
2882.000	2.693
2883.000	2.693
2884.000	2.692
2885.000	2.692
2886.000	2.692
2887.000	2.691
2888.000	2.691
2889.000	2.691
2890.000	2.690
2891.000	2.690
2892.000	2.689
2893.000	2.689
2894.000	2.689
2895.000	2.688
2896.000	2.688
2897.000	2.688
2898.000	2.688
2899.000	2.687
2900.000	2.687
2901.000	2.686
2902.000	2.686
2903.000	2.686
2904.000	2.685
2905.000	2.685
2906.000	2.684
2907.000	2.684
2908.000	2.684
2909.000	2.683
2910.000	2.683
2911.000	2.683
2912.000	2.682
2913.000	2.682
2914.000	2.681
2915.000	2.681
2916.000	2.681
2917.000	2.680
2918.000	2.680
2919.000	2.680
2920.000	2.679
2921.000	2.679
2922.000	2.679
2923.000	2.678
2924.000	2.678
2925.000	2.677
2926.000	2.677
2927.000	2.677
2928.000	2.676
2929.000	2.676
2930.000	2.676
2931.000	2.676
2932.000	2.675
2933.000	2.675
2934.000	2.675
2935.000	2.674
2936.000	2.674
2937.000	2.673
2938.000	2.673
2939.000	2.673
2940.000	2.672
2941.000	2.672
2942.000	2.672
2943.000	2.672
2944.000	2.671
2945.000	2.671
2946.000	2.670
2947.000	2.670
2948.000	2.670
2949.000	2.669
2950.000	2.669
2951.000	2.669
2952.000	2.669
2953.000	2.668
2954.000	2.668
2955.000	2.667
2956.000	2.667
2957.000	2.667
2958.000	2.666
2959.000	2.666
2960.000	2.665
2961.000	2.665
2962.000	2.665
2963.000	2.665
2964.000	2.664
2965.000	2.664
2966.000	2.664
2967.000	2.663
2968.000	2.663
2969.000	2.662
2970.000	2.662
2971.000	2.662
2972.000	2.661
2973.000	2.661
2974.000	2.660
2975.000	2.660
2976.000	2.660
2977.000	2.659
2978.000	2.659
2979.000	2.659
2980.000	2.658
2981.000	2.658
2982.000	2.657
2983.000	2.657
2984.000	2.657
2985.000	2.656
2986.000	2.656
2987.000	2.656
2988.000	2.655
2989.000	2.655
2990.000	2.654
2991.000	2.654
2992.000	2.654
2993.000	2.653
2994.000	2.653
2995.000	2.652
2996.000	2.652
2997.000	2.652
2998.000	2.652
2999.000	2.651
3000.000	2.651
3001.000	2.650
3002.000	2.650
3003.000	2.650
3004.000	2.649
3005.000	2.649
3006.000	2.648
3007.000	2.648
3008.000	2.648
3009.000	2.647
3010.000	2.647
3011.000	2.647
3012.000	2.646
3013.000	2.646
3014.000	2.645
3015.000	2.645
3016.000	2.645
3017.000	2.644
3018.000	2.644
3019.000	2.644
3020.000	2.644
3021.000	2.643
3022.000	2.643
3023.000	2.643
3024.000	2.642
3025.000	2.642
3026.000	2.641
3027.000	2.641
3028.000	2.641
3029.000	2.640
3030.000	2.640
3031.000	2.640
3032.000	2.639
3033.000	2.639
3034.000	2.639
3035.000	2.638
3036.000	2.638
3037.000	2.638
3038.000	2.637
3039.000	2.637
3040.000	2.636
3041.000	2.636
3042.000	2.636
3043.000	2.636
3044.000	2.635
3045.000	2.635
3046.000	2.635
3047.000	2.634
3048.000	2.634
3049.000	2.633
3050.000	2.633
3051.000	2.633
3052.000	2.632
3053.000	2.632
3054.000	2.632
3055.000	2.632
3056.000	2.631
3057.000	2.631
3058.000	2.630
3059.000	2.630
3060.000	2.630
3061.000	2.629
3062.000	2.629
3063.000	2.629
3064.000	2.629
3065.000	2.628
3066.000	2.628
3067.000	2.627
3068.000	2.627
3069.000	2.627
3070.000	2.626
3071.000	2.626
3072.000	2.626
3073.000	2.625
3074.000	2.625
3075.000	2.625
3076.000	2.624
3077.000	2.624
3078.000	2.624
3079.000	2.623
3080.000	2.623
3081.000	2.623
3082.000	2.622
3083.000	2.622
3084.000	2.622
3085.000	2.621
3086.000	2.621
3087.000	2.621
3088.000	2.620
3089.000	2.620
3090.000	2.620
3091.000	2.619
3092.000	2.619
3093.000	2.619
3094.000	2.618
3095.000	2.618
3096.000	2.618
3097.000	2.618
3098.000	2.617
3099.000	2.617
3100.000	2.617
3101.000	2.616
3102.000	2.616
3103.000	2.616
3104.000	2.616
3105.000	2.615
3106.000	2.615
3107.000	2.615
3108.000	2.615
3109.000	2.614
3110.000	2.614
3111.000	2.614
3112.000	2.613
3113.000	2.613
3114.000	2.612
3115.000	2.612
3116.000	2.612
3117.000	2.611
3118.000	2.611
3119.000	2.610
3120.000	2.610
3121.000	2.610
3122.000	2.610
3123.000	2.609
3124.000	2.609
3125.000	2.609
3126.000	2.608
3127.000	2.608
3128.000	2.607
3129.000	2.607
3130.000	2.607
3131.000	2.607
3132.000	2.606
3133.000	2.606
3134.000	2.606
3135.000	2.605
3136.000	2.605
3137.000	2.604
3138.000	2.604
3139.000	2.604
3140.000	2.603
3141.000	2.603
3142.000	2.603
3143.000	2.602
3144.000	2.602
3145.000	2.602
3146.000	2.601
3147.000	2.601
3148.000	2.601
3149.000	2.600
3150.000	2.600
3151.000	2.599
3152.000	2.599
3153.000	2.599
3154.000	2.599
3155.000	2.598
3156.000	2.598
3157.000	2.598
3158.000	2.597
3159.000	2.597
3160.000	2.597
3161.000	2.596
3162.000	2.596
3163.000	2.596
3164.000	2.596
3165.000	2.595
3166.000	2.595
3167.000	2.595
3168.000	2.594
3169.000	2.594
3170.000	2.594
3171.000	2.593
3172.000	2.593
3173.000	2.592
3174.000	2.592
3175.000	2.592
3176.000	2.592
3177.000	2.591
3178.000	2.591
3179.000	2.591
3180.000	2.590
3181.000	2.590
3182.000	2.590
3183.000	2.589
3184.000	2.589
3185.000	2.589
3186.000	2.588
3187.000	2.588
3188.000	2.588
3189.000	2.588
3190.000	2.587
3191.000	2.587
3192.000	2.587
3193.000	2.586
3194.000	2.586
3195.000	2.586
3196.000	2.585
3197.000	2.585
3198.000	2.585
3199.000	2.584
3200.000	2.584
3201.000	2.584
3202.000	2.583
3203.000	2.583
3204.000	2.583
3205.000	2.582
3206.000	2.582
3207.000	2.582
3208.000	2.581
3209.000	2.581
3210.000	2.581
3211.000	2.581
3212.000	2.580
3213.000	2.580
3214.000	2.580
3215.000	2.579
3216.000	2.579
3217.000	2.578
3218.000	2.578
3219.000	2.578
3220.000	2.578
3221.000	2.577
3222.000	2.577
3223.000	2.577
3224.000	2.576
3225.000	2.576
3226.000	2.575
3227.000	2.575
3228.000	2.575
3229.000	2.574
3230.000	2.574
3231.000	2.574
3232.000	2.574
3233.000	2.573
3234.000	2.573
3235.000	2.572
3236.000	2.572
3237.000	2.572
3238.000	2.571
3239.000	2.571
3240.000	2.571
3241.000	2.570
3242.000	2.570
3243.000	2.570
3244.000	2.569
3245.000	2.569
3246.000	2.569
3247.000	2.568
3248.000	2.568
3249.000	2.567
3250.000	2.567
3251.000	2.567
3252.000	2.566
3253.000	2.566
3254.000	2.566
3255.000	2.566
3256.000	2.565
3257.000	2.565
3258.000	2.564
3259.000	2.564
3260.000	2.564
3261.000	2.563
3262.000	2.563
3263.000	2.563
3264.000	2.562
3265.000	2.562
3266.000	2.562
3267.000	2.561
3268.000	2.561
3269.000	2.561
3270.000	2.560
3271.000	2.560
3272.000	2.560
3273.000	2.559
3274.000	2.559
3275.000	2.558
3276.000	2.558
3277.000	2.558
3278.000	2.558
3279.000	2.557
3280.000	2.557
3281.000	2.557
3282.000	2.556
3283.000	2.556
3284.000	2.555
3285.000	2.555
3286.000	2.555
3287.000	2.555
3288.000	2.554
3289.000	2.554
3290.000	2.554
3291.000	2.553
3292.000	2.553
3293.000	2.553
3294.000	2.552
3295.000	2.552
3296.000	2.552
3297.000	2.551
3298.000	2.551
3299.000	2.551
3300.000	2.550
3301.000	2.550
3302.000	2.550
3303.000	2.549
3304.000	2.549
3305.000	2.549
3306.000	2.548
3307.000	2.548
3308.000	2.548
3309.000	2.548
3310.000	2.547
3311.000	2.547
3312.000	2.546
3313.000	2.546
3314.000	2.546
3315.000	2.545
3316.000	2.545
3317.000	2.545
3318.000	2.544
3319.000	2.544
3320.000	2.544
3321.000	2.544
3322.000	2.543
3323.000	2.543
3324.000	2.543
3325.000	2.542
3326.000	2.542
3327.000	2.541
3328.000	2.541
3329.000	2.541
3330.000	2.540
3331.000	2.540
3332.000	2.540
3333.000	2.540
3334.000	2.539
3335.000	2.539
3336.000	2.539
3337.000	2.538
3338.000	2.538
3339.000	2.538
3340.000	2.537
3341.000	2.537
3342.000	2.537
3343.000	2.537
3344.000	2.536
3345.000	2.536
3346.000	2.535
3347.000	2.535
3348.000	2.535
3349.000	2.534
3350.000	2.534
3351.000	2.534
3352.000	2.533
3353.000	2.533
3354.000	2.533
3355.000	2.533
3356.000	2.532
3357.000	2.532
3358.000	2.532
3359.000	2.531
3360.000	2.531
3361.000	2.531
3362.000	2.530
3363.000	2.530
3364.000	2.530
3365.000	2.530
3366.000	2.529
3367.000	2.529
3368.000	2.529
3369.000	2.528
3370.000	2.528
3371.000	2.528
3372.000	2.527
3373.000	2.527
3374.000	2.527
3375.000	2.526
3376.000	2.526
3377.000	2.526
3378.000	2.526
3379.000	2.525
3380.000	2.525
3381.000	2.525
3382.000	2.524
3383.000	2.524
3384.000	2.524
3385.000	2.523
3386.000	2.523
3387.000	2.523
3388.000	2.523
3389.000	2.522
3390.000	2.522
3391.000	2.522
3392.000	2.521
3393.000	2.521
3394.000	2.521
3395.000	2.520
3396.000	2.520
3397.000	2.520
3398.000	2.519
3399.000	2.519
3400.000	2.519
3401.000	2.519
3402.000	2.518
3403.000	2.518
3404.000	2.518
3405.000	2.518
3406.000	2.517
3407.000	2.517
3408.000	2.517
3409.000	2.516
3410.000	2.516
3411.000	2.516
3412.000	2.516
3413.000	2.515
3414.000	2.515
3415.000	2.515
3416.000	2.514
3417.000	2.514
3418.000	2.514
3419.000	2.514
3420.000	2.513
3421.000	2.513
3422.000	2.513
3423.000	2.513
3424.000	2.512
3425.000	2.512
3426.000	2.512
3427.000	2.511
3428.000	2.511
3429.000	2.511
3430.000	2.510
3431.000	2.510
3432.000	2.510
3433.000	2.510
3434.000	2.510
3435.000	2.509
3436.000	2.509
3437.000	2.509
3438.000	2.509
3439.000	2.508
3440.000	2.508
3441.000	2.508
3442.000	2.508
3443.000	2.508
3444.000	2.507
3445.000	2.507
3446.000	2.507
3447.000	2.507
3448.000	2.506
3449.000	2.506
3450.000	2.506
3451.000	2.506
3452.000	2.505
3453.000	2.505
3454.000	2.505
3455.000	2.505
3456.000	2.504
3457.000	2.504
3458.000	2.504
3459.000	2.504
3460.000	2.503
3461.000	2.503
3462.000	2.503
3463.000	2.503
3464.000	2.502
3465.000	2.502
3466.000	2.502
3467.000	2.502
3468.000	2.501
3469.000	2.501
3470.000	2.501
3471.000	2.501
3472.000	2.500
3473.000	2.500
3474.000	2.500
3475.000	2.500
3476.000	2.499
3477.000	2.499
3478.000	2.499
3479.000	2.499
3480.000	2.498
3481.000	2.498
3482.000	2.498
3483.000	2.498
3484.000	2.497
3485.000	2.497
3486.000	2.497
3487.000	2.496
3488.000	2.496
3489.000	2.496
3490.000	2.496
3491.000	2.496
3492.000	2.495
3493.000	2.495
3494.000	2.495
3495.000	2.494
3496.000	2.494
3497.000	2.494
3498.000	2.494
3499.000	2.494
3500.000	2.493
3501.000	2.493
3502.000	2.493
3503.000	2.492
3504.000	2.492
3505.000	2.492
3506.000	2.492
3507.000	2.491
3508.000	2.491
3509.000	2.491
3510.000	2.491
3511.000	2.490
3512.000	2.490
3513.000	2.490
3514.000	2.490
3515.000	2.489
3516.000	2.489
3517.000	2.489
3518.000	2.489
3519.000	2.488
3520.000	2.488
3521.000	2.488
3522.000	2.488
3523.000	2.487
3524.000	2.487
3525.000	2.487
3526.000	2.487
3527.000	2.486
3528.000	2.486
3529.000	2.486
3530.000	2.485
3531.000	2.485
3532.000	2.485
3533.000	2.485
3534.000	2.484
3535.000	2.484
3536.000	2.484
3537.000	2.484
3538.000	2.483
3539.000	2.483
3540.000	2.483
3541.000	2.482
3542.000	2.482
3543.000	2.482
3544.000	2.482
3545.000	2.481
3546.000	2.481
3547.000	2.481
3548.000	2.480
3549.000	2.480
3550.000	2.480
3551.000	2.480
3552.000	2.479
3553.000	2.479
3554.000	2.479
3555.000	2.479
3556.000	2.479
3557.000	2.478
3558.000	2.478
3559.000	2.478
3560.000	2.477
3561.000	2.477
3562.000	2.477
3563.000	2.477
3564.000	2.476
3565.000	2.476
3566.000	2.476
3567.000	2.476
3568.000	2.475
3569.000	2.475
3570.000	2.475
3571.000	2.475
3572.000	2.474
3573.000	2.474
3574.000	2.474
3575.000	2.473
3576.000	2.473
3577.000	2.473
3578.000	2.473
3579.000	2.473
3580.000	2.472
3581.000	2.472
3582.000	2.472
3583.000	2.472
3584.000	2.471
3585.000	2.471
3586.000	2.471
3587.000	2.471
3588.000	2.471
3589.000	2.470
3590.000	2.470
3591.000	2.470
3592.000	2.470
3593.000	2.469
3594.000	2.469
3595.000	2.469
3596.000	2.469
3597.000	2.468
3598.000	2.468
3599.000	2.468
3600.000	2.468
3601.000	2.468
3602.000	2.467
3603.000	2.467
3604.000	2.467
3605.000	2.467
3606.000	2.467
3607.000	2.466
3608.000	2.466
3609.000	2.466
3610.000	2.466
3611.000	2.466
3612.000	2.465
3613.000	2.465
3614.000	2.465
3615.000	2.465
3616.000	2.464
3617.000	2.464
3618.000	2.464
3619.000	2.464
3620.000	2.463
3621.000	2.463
3622.000	2.463
3623.000	2.463
3624.000	2.463
3625.000	2.462
3626.000	2.462
3627.000	2.462
3628.000	2.462
3629.000	2.461
3630.000	2.461
3631.000	2.461
3632.000	2.461
3633.000	2.461
3634.000	2.460
3635.000	2.460
3636.000	2.460
3637.000	2.460
3638.000	2.459
3639.000	2.459
3640.000	2.459
3641.000	2.459
3642.000	2.458
3643.000	2.458
3644.000	2.458
3645.000	2.458
3646.000	2.458
3647.000	2.458
3648.000	2.457
3649.000	2.457
3650.000	2.457
3651.000	2.457
3652.000	2.456
3653.000	2.456
3654.000	2.456
3655.000	2.456
3656.000	2.456
3657.000	2.455
3658.000	2.455
3659.000	2.455
3660.000	2.455
3661.000	2.454
3662.000	2.454
3663.000	2.454
3664.000	2.454
3665.000	2.454
3666.000	2.454
3667.000	2.453
3668.000	2.453
3669.000	2.453
3670.000	2.453
3671.000	2.452
3672.000	2.452
3673.000	2.452
3674.000	2.452
3675.000	2.451
3676.000	2.451
3677.000	2.451
3678.000	2.451
3679.000	2.451
3680.000	2.450
3681.000	2.450
3682.000	2.450
3683.000	2.450
3684.000	2.450
3685.000	2.449
3686.000	2.449
3687.000	2.449
3688.000	2.449
3689.000	2.449
3690.000	2.448
3691.000	2.448
3692.000	2.448
3693.000	2.448
3694.000	2.447
3695.000	2.447
3696.000	2.447
3697.000	2.447
3698.000	2.446
3699.000	2.446
3700.000	2.446
3701.000	2.446
3702.000	2.446
3703.000	2.445
3704.000	2.445
3705.000	2.445
3706.000	2.445
3707.000	2.445
3708.000	2.444
3709.000	2.444
3710.000	2.444
3711.000	2.444
3712.000	2.444
3713.000	2.443
3714.000	2.443
3715.000	2.443
3716.000	2.443
3717.000	2.442
3718.000	2.442
3719.000	2.442
3720.000	2.442
3721.000	2.441
3722.000	2.441
3723.000	2.441
3724.000	2.441
3725.000	2.441
3726.000	2.441
3727.000	2.440
3728.000	2.440
3729.000	2.440
3730.000	2.440
3731.000	2.439
3732.000	2.439
3733.000	2.439
3734.000	2.439
3735.000	2.439
3736.000	2.438
3737.000	2.438
3738.000	2.438
3739.000	2.437
3740.000	2.437
3741.000	2.437
3742.000	2.437
3743.000	2.436
3744.000	2.436
3745.000	2.436
3746.000	2.436
3747.000	2.434
3748.000	2.432
3749.000	2.432
3750.000	2.432
3751.000	2.432
3752.000	2.432
3753.000	2.432
3754.000	2.432
3755.000	2.432
3756.000	2.432
3757.000	2.432
3758.000	2.432
3759.000	2.432
3760.000	2.432
3761.000	2.432
3762.000	2.432
3763.000	2.432
3764.000	2.432
3765.000	2.432
3766.000	2.432
3767.000	2.432
3768.000	2.432
3769.000	2.432
3770.000	2.432
3771.000	2.432
3772.000	2.432
3773.000	2.432
3774.000	2.432
3775.000	2.432
3776.000	2.432
3777.000	2.432
3778.000	2.432
3779.000	2.432
3780.000	2.432
3781.000	2.432
3782.000	2.432
3783.000	2.416
3784.000	2.416
3785.000	2.416
3786.000	2.416
3787.000	2.416
3788.000	2.416
3789.000	2.416
3790.000	2.416
3791.000	2.416
3792.000	2.416
3793.000	2.416
3794.000	2.416
3795.000	2.416
3796.000	2.416
3797.000	2.416
3798.000	2.416
3799.000	2.416
3800.000	2.416
3801.000	2.416
3802.000	2.416
3803.000	2.416
3804.000	2.416
3805.000	2.416
3806.000	2.416
3807.000	2.416
3808.000	2.416
3809.000	2.416
3810.000	2.416
3811.000	2.416
3812.000	2.416
3813.000	2.416
3814.000	2.416
3815.000	2.416
3816.000	2.416
3817.000	2.416
3818.000	2.416
3819.000	2.416
3820.000	2.416
3821.000	2.407
3822.000	2.407
3823.000	2.407
3824.000	2.407
3825.000	2.407
3826.000	2.407
3827.000	2.407
3828.000	2.407
3829.000	2.407
3830.000	2.407
3831.000	2.397
3832.000	2.397
3833.000	2.397
3834.000	2.397
3835.000	2.397
3836.000	2.397
3837.000	2.397
3838.000	2.397
3839.000	2.397
3840.000	2.397
3841.000	2.397
3842.000	2.397
3843.000	2.397
3844.000	2.397
3845.000	2.397
3846.000	2.397
3847.000	2.397
3848.000	2.379
3849.000	2.379
3850.000	2.377
3851.000	2.377
3852.000	2.377
3853.000	2.377
3854.000	2.377
3855.000	2.377
3856.000	2.377
3857.000	2.377
3858.000	2.377
3859.000	2.377
3860.000	2.377
3861.000	2.377
3862.000	2.375
3863.000	2.375
3864.000	2.375
3865.000	2.371
3866.000	2.371
3867.000	2.371
3868.000	2.371
3869.000	2.371
3870.000	2.371
3871.000	2.371
3872.000	2.371
3873.000	2.371
3874.000	2.371
3875.000	2.371
3876.000	2.371
3877.000	2.371
3878.000	2.371
3879.000	2.371
3880.000	2.371
3881.000	2.371
3882.000	2.371
3883.000	2.371
3884.000	2.371
3885.000	2.371
3886.000	2.371
3887.000	2.371
3888.000	2.371
3889.000	2.371
3890.000	2.371
3891.000	2.371
3892.000	2.371
3893.000	2.371
3894.000	2.371
3895.000	2.371
3896.000	2.371
3897.000	2.371
3898.000	2.371
3899.000	2.371
3900.000	2.371
3901.000	2.371
3902.000	2.371
3903.000	2.371
3904.000	2.371
3905.000	2.371
3906.000	2.371
3907.000	2.371
3908.000	2.371
3909.000	2.371
3910.000	2.371
3911.000	2.371
3912.000	2.371
3913.000	2.371
3914.000	2.371
3915.000	2.371
3916.000	2.371
3917.000	2.371
3918.000	2.371
3919.000	2.371
3920.000	2.371
3921.000	2.370
3922.000	2.370
3923.000	2.370
3924.000	2.370
3925.000	2.370
3926.000	2.370
3927.000	2.370
3928.000	2.370
3929.000	2.370
3930.000	2.370
3931.000	2.370
3932.000	2.370
3933.000	2.370
3934.000	2.370
3935.000	2.370
3936.000	2.370
3937.000	2.370
3938.000	2.370
3939.000	2.370
3940.000	2.370
3941.000	2.370
3942.000	2.370
3943.000	2.370
3944.000	2.370
3945.000	2.370
3946.000	2.370
3947.000	2.370
3948.000	2.370
3949.000	2.370
3950.000	2.366
3951.000	2.366
3952.000	2.366
3953.000	2.366
3954.000	2.366
3955.000	2.366
3956.000	2.366
3957.000	2.366
3958.000	2.366
3959.000	2.366
3960.000	2.366
3961.000	2.366
3962.000	2.366
3963.000	2.366
3964.000	2.366
3965.000	2.366
3966.000	2.366
3967.000	2.366
3968.000	2.366
3969.000	2.366
3970.000	2.366
3971.000	2.366
3972.000	2.366
3973.000	2.366
3974.000	2.366
3975.000	2.366
3976.000	2.366
3977.000	2.366
3978.000	2.366
3979.000	2.366
3980.000	2.366
3981.000	2.366
3982.000	2.366
3983.000	2.366
3984.000	2.366
3985.000	2.366
3986.000	2.366
3987.000	2.366
3988.000	2.366
3989.000	2.366
3990.000	2.366
3991.000	2.366
3992.000	2.366
3993.000	2.366
3994.000	2.366
3995.000	2.366
3996.000	2.366
3997.000	2.366
3998.000	2.366
3999.000	2.366
4000.000	2.366
4001.000	2.357
4002.000	2.357
4003.000	2.357
4004.000	2.357
4005.000	2.357
4006.000	2.357
4007.000	2.357
4008.000	2.357
4009.000	2.357
4010.000	2.357
4011.000	2.357
4012.000	2.355
4013.000	2.355
4014.000	2.355
4015.000	2.355
4016.000	2.355
4017.000	2.355
4018.000	2.355
4019.000	2.355
4020.000	2.355
4021.000	2.355
4022.000	2.355
4023.000	2.355
4024.000	2.355
4025.000	2.355
4026.000	2.355
4027.000	2.355
4028.000	2.355
4029.000	2.355
4030.000	2.355
4031.000	2.355
4032.000	2.355
4033.000	2.355
4034.000	2.355
4035.000	2.355
4036.000	2.355
4037.000	2.355
4038.000	2.355
4039.000	2.355
4040.000	2.355
4041.000	2.355
4042.000	2.355
4043.000	2.355
4044.000	2.355
4045.000	2.355
4046.000	2.355
4047.000	2.355
4048.000	2.355
4049.000	2.355
4050.000	2.355
4051.000	2.355
4052.000	2.355
4053.000	2.355
4054.000	2.355
4055.000	2.355
4056.000	2.355
4057.000	2.355
4058.000	2.355
4059.000	2.355
4060.000	2.355
4061.000	2.355
4062.000	2.355
4063.000	2.355
4064.000	2.355
4065.000	2.355
4066.000	2.355
4067.000	2.355
4068.000	2.355
4069.000	2.355
4070.000	2.355
4071.000	2.355
4072.000	2.355
4073.000	2.355
4074.000	2.355
4075.000	2.355
4076.000	2.355
4077.000	2.355
4078.000	2.337
4079.000	2.337
4080.000	2.337
4081.000	2.337
4082.000	2.337
4083.000	2.337
4084.000	2.337
4085.000	2.337
4086.000	2.329
4087.000	2.329
4088.000	2.329
4089.000	2.329
4090.000	2.329
4091.000	2.329
4092.000	2.329
4093.000	2.299
4094.000	2.284
4095.000	2.278
