0.000	17.840
1.000	17.840
2.000	17.840
3.000	17.840
4.000	17.840
5.000	17.840
6.000	17.840
7.000	17.840
8.000	17.840
9.000	17.840
10.000	17.840
11.000	17.840
12.000	17.840
13.000	17.840
14.000	17.840
15.000	17.840
16.000	17.840
17.000	17.839
18.000	17.839
19.000	17.839
20.000	17.838
21.000	17.837
22.000	17.836
23.000	17.835
24.000	17.834
25.000	17.833
26.000	17.832
27.000	17.831
28.000	17.830
29.000	17.830
30.000	17.828
31.000	17.827
32.000	17.826
33.000	17.825
34.000	17.824
35.000	17.823
36.000	17.822
37.000	17.820
38.000	17.819
39.000	17.817
40.000	17.817
41.000	17.816
42.000	17.814
43.000	17.813
44.000	17.811
45.000	17.810
46.000	17.808
47.000	17.807
48.000	17.805
49.000	17.804
50.000	17.802
51.000	17.797
52.000	17.796
53.000	17.795
54.000	17.794
55.000	17.793
56.000	17.792
57.000	17.792
58.000	17.791
59.000	17.791
60.000	17.790
61.000	17.790
62.000	17.790
63.000	17.789
64.000	17.789
65.000	17.787
66.000	17.786
67.000	17.785
68.000	17.784
69.000	17.782
70.000	17.781
71.000	17.780
72.000	17.779
73.000	17.779
74.000	17.776
75.000	17.774
76.000	17.772
77.000	17.770
78.000	17.768
79.000	17.765
80.000	17.762
81.000	17.760
82.000	17.757
83.000	17.754
84.000	17.723
85.000	17.720
86.000	17.717
87.000	17.714
88.000	17.711
89.000	17.708
90.000	17.705
91.000	17.702
92.000	17.700
93.000	17.697
94.000	17.694
95.000	17.691
96.000	17.691
97.000	17.688
98.000	17.685
99.000	17.683
100.000	17.680
101.000	17.676
102.000	17.673
103.000	17.669
104.000	17.665
105.000	17.661
106.000	17.657
107.000	17.657
108.000	17.652
109.000	17.648
110.000	17.645
111.000	17.642
112.000	17.638
113.000	17.634
114.000	17.629
115.000	17.624
116.000	17.619
117.000	17.613
118.000	17.613
119.000	17.608
120.000	17.603
121.000	17.597
122.000	17.592
123.000	17.586
124.000	17.580
125.000	17.574
126.000	17.568
127.000	17.563
128.000	17.557
129.000	17.557
130.000	17.552
131.000	17.546
132.000	17.540
133.000	17.534
134.000	17.527
135.000	17.520
136.000	17.513
137.000	17.506
138.000	17.499
139.000	17.492
140.000	17.424
141.000	17.416
142.000	17.407
143.000	17.397
144.000	17.388
145.000	17.378
146.000	17.367
147.000	17.356
148.000	17.345
149.000	17.334
150.000	17.323
151.000	17.323
152.000	17.310
153.000	17.297
154.000	17.285
155.000	17.273
156.000	17.261
157.000	17.247
158.000	17.233
159.000	17.220
160.000	17.205
161.000	17.190
162.000	17.174
163.000	17.174
164.000	17.159
165.000	17.143
166.000	17.127
167.000	17.110
168.000	17.094
169.000	17.076
170.000	17.058
171.000	17.041
172.000	17.024
173.000	17.007
174.000	17.007
175.000	16.989
176.000	16.969
177.000	16.949
178.000	16.929
179.000	16.910
180.000	16.891
181.000	16.872
182.000	16.853
183.000	16.833
184.000	16.812
185.000	16.735
186.000	16.708
187.000	16.682
188.000	16.657
189.000	16.631
190.000	16.605
191.000	16.579
192.000	16.554
193.000	16.524
194.000	16.493
195.000	16.460
196.000	16.391
197.000	16.359
198.000	16.326
199.000	16.292
200.000	16.256
201.000	16.221
202.000	16.187
203.000	16.150
204.000	16.113
205.000	16.076
206.000	16.039
207.000	16.039
208.000	16.004
209.000	15.966
210.000	15.928
211.000	15.890
212.000	15.852
213.000	15.812
214.000	15.773
215.000	15.734
216.000	15.694
217.000	15.654
218.000	15.654
219.000	15.613
220.000	15.572
221.000	15.531
222.000	15.491
223.000	15.449
224.000	15.408
225.000	15.366
226.000	15.325
227.000	15.283
228.000	15.240
229.000	15.197
230.000	15.076
231.000	15.032
232.000	14.988
233.000	14.945
234.000	14.903
235.000	14.861
236.000	14.817
237.000	14.773
238.000	14.730
239.000	14.686
240.000	14.641
241.000	14.540
242.000	14.495
243.000	14.452
244.000	14.409
245.000	14.364
246.000	14.319
247.000	14.274
248.000	14.229
249.000	14.185
250.000	14.141
251.000	14.096
252.000	13.993
253.000	13.950
254.000	13.907
255.000	13.869
256.000	13.831
257.000	13.793
258.000	13.755
259.000	13.713
260.000	13.673
261.000	13.632
262.000	13.591
263.000	13.517
264.000	13.474
265.000	13.437
266.000	13.401
267.000	13.364
268.000	13.328
269.000	13.292
270.000	13.257
271.000	13.219
272.000	13.184
273.000	13.148
274.000	13.148
275.000	13.113
276.000	13.079
277.000	13.045
278.000	13.010
279.000	12.976
280.000	12.942
281.000	12.908
282.000	12.876
283.000	12.842
284.000	12.809
285.000	12.809
286.000	12.775
287.000	12.741
288.000	12.709
289.000	12.677
290.000	12.646
291.000	12.615
292.000	12.584
293.000	12.552
294.000	12.522
295.000	12.493
296.000	12.268
297.000	12.238
298.000	12.208
299.000	12.178
300.000	12.150
301.000	12.121
302.000	12.093
303.000	12.064
304.000	12.036
305.000	12.008
306.000	11.981
307.000	11.953
308.000	11.953
309.000	11.927
310.000	11.901
311.000	11.875
312.000	11.849
313.000	11.822
314.000	11.796
315.000	11.771
316.000	11.747
317.000	11.722
318.000	11.697
319.000	11.697
320.000	11.673
321.000	11.650
322.000	11.626
323.000	11.603
324.000	11.579
325.000	11.556
326.000	11.535
327.000	11.514
328.000	11.493
329.000	11.471
330.000	11.471
331.000	11.450
332.000	11.428
333.000	11.405
334.000	11.383
335.000	11.360
336.000	11.337
337.000	11.315
338.000	11.293
339.000	11.271
340.000	11.248
341.000	11.248
342.000	11.225
343.000	11.205
344.000	11.184
345.000	11.163
346.000	11.142
347.000	11.121
348.000	11.101
349.000	11.080
350.000	11.060
351.000	11.040
352.000	10.981
353.000	10.961
354.000	10.941
355.000	10.921
356.000	10.901
357.000	10.883
358.000	10.865
359.000	10.847
360.000	10.829
361.000	10.811
362.000	10.793
363.000	10.781
364.000	10.762
365.000	10.744
366.000	10.726
367.000	10.708
368.000	10.690
369.000	10.672
370.000	10.653
371.000	10.634
372.000	10.616
373.000	10.598
374.000	10.580
375.000	10.558
376.000	10.541
377.000	10.523
378.000	10.505
379.000	10.487
380.000	10.468
381.000	10.450
382.000	10.432
383.000	10.414
384.000	10.394
385.000	10.375
386.000	10.368
387.000	10.349
388.000	10.330
389.000	10.311
390.000	10.293
391.000	10.275
392.000	10.256
393.000	10.238
394.000	10.218
395.000	10.199
396.000	10.181
397.000	10.181
398.000	10.162
399.000	10.143
400.000	10.124
401.000	10.106
402.000	10.087
403.000	10.069
404.000	10.051
405.000	10.034
406.000	10.016
407.000	9.999
408.000	9.999
409.000	9.982
410.000	9.961
411.000	9.941
412.000	9.921
413.000	9.902
414.000	9.883
415.000	9.864
416.000	9.843
417.000	9.823
418.000	9.803
419.000	9.803
420.000	9.782
421.000	9.760
422.000	9.739
423.000	9.718
424.000	9.696
425.000	9.675
426.000	9.654
427.000	9.633
428.000	9.613
429.000	9.592
430.000	9.592
431.000	9.570
432.000	9.548
433.000	9.525
434.000	9.503
435.000	9.481
436.000	9.458
437.000	9.435
438.000	9.412
439.000	9.390
440.000	9.367
441.000	9.344
442.000	9.344
443.000	9.321
444.000	9.299
445.000	9.277
446.000	9.254
447.000	9.232
448.000	9.209
449.000	9.186
450.000	9.163
451.000	9.140
452.000	9.116
453.000	9.116
454.000	9.093
455.000	9.070
456.000	9.047
457.000	9.024
458.000	9.001
459.000	8.978
460.000	8.954
461.000	8.931
462.000	8.908
463.000	8.885
464.000	8.882
465.000	8.859
466.000	8.835
467.000	8.811
468.000	8.788
469.000	8.765
470.000	8.742
471.000	8.719
472.000	8.695
473.000	8.672
474.000	8.649
475.000	8.646
476.000	8.624
477.000	8.601
478.000	8.579
479.000	8.556
480.000	8.534
481.000	8.511
482.000	8.488
483.000	8.465
484.000	8.443
485.000	8.420
486.000	8.417
487.000	8.395
488.000	8.372
489.000	8.349
490.000	8.326
491.000	8.304
492.000	8.281
493.000	8.260
494.000	8.239
495.000	8.218
496.000	8.196
497.000	8.194
498.000	8.172
499.000	8.149
500.000	8.127
501.000	8.105
502.000	8.083
503.000	8.060
504.000	8.038
505.000	8.017
506.000	7.996
507.000	7.975
508.000	7.972
509.000	7.951
510.000	7.930
511.000	7.908
512.000	7.887
513.000	7.866
514.000	7.845
515.000	7.824
516.000	7.802
517.000	7.780
518.000	7.758
519.000	7.736
520.000	7.734
521.000	7.712
522.000	7.690
523.000	7.670
524.000	7.650
525.000	7.630
526.000	7.610
527.000	7.590
528.000	7.570
529.000	7.550
530.000	7.531
531.000	7.522
532.000	7.503
533.000	7.484
534.000	7.465
535.000	7.447
536.000	7.429
537.000	7.411
538.000	7.393
539.000	7.376
540.000	7.358
541.000	7.340
542.000	7.278
543.000	7.260
544.000	7.242
545.000	7.224
546.000	7.207
547.000	7.189
548.000	7.173
549.000	7.157
550.000	7.141
551.000	7.125
552.000	7.109
553.000	7.107
554.000	7.091
555.000	7.076
556.000	7.060
557.000	7.045
558.000	7.030
559.000	7.015
560.000	7.001
561.000	6.986
562.000	6.972
563.000	6.958
564.000	6.928
565.000	6.914
566.000	6.900
567.000	6.886
568.000	6.872
569.000	6.858
570.000	6.846
571.000	6.833
572.000	6.820
573.000	6.807
574.000	6.795
575.000	6.792
576.000	6.780
577.000	6.767
578.000	6.755
579.000	6.742
580.000	6.731
581.000	6.719
582.000	6.707
583.000	6.696
584.000	6.685
585.000	6.674
586.000	6.662
587.000	6.621
588.000	6.610
589.000	6.599
590.000	6.588
591.000	6.578
592.000	6.567
593.000	6.557
594.000	6.546
595.000	6.536
596.000	6.526
597.000	6.515
598.000	6.513
599.000	6.502
600.000	6.492
601.000	6.482
602.000	6.472
603.000	6.462
604.000	6.452
605.000	6.443
606.000	6.433
607.000	6.423
608.000	6.413
609.000	6.410
610.000	6.401
611.000	6.391
612.000	6.382
613.000	6.373
614.000	6.364
615.000	6.355
616.000	6.347
617.000	6.338
618.000	6.330
619.000	6.321
620.000	6.318
621.000	6.310
622.000	6.301
623.000	6.292
624.000	6.283
625.000	6.274
626.000	6.265
627.000	6.256
628.000	6.248
629.000	6.240
630.000	6.233
631.000	6.230
632.000	6.222
633.000	6.214
634.000	6.206
635.000	6.198
636.000	6.190
637.000	6.183
638.000	6.175
639.000	6.167
640.000	6.160
641.000	6.152
642.000	6.152
643.000	6.145
644.000	6.137
645.000	6.130
646.000	6.122
647.000	6.114
648.000	6.107
649.000	6.099
650.000	6.092
651.000	6.085
652.000	6.078
653.000	6.070
654.000	6.070
655.000	6.063
656.000	6.056
657.000	6.049
658.000	6.042
659.000	6.036
660.000	6.029
661.000	6.022
662.000	6.015
663.000	6.008
664.000	6.002
665.000	6.001
666.000	5.995
667.000	5.988
668.000	5.982
669.000	5.975
670.000	5.968
671.000	5.962
672.000	5.955
673.000	5.949
674.000	5.942
675.000	5.936
676.000	5.935
677.000	5.929
678.000	5.922
679.000	5.916
680.000	5.909
681.000	5.903
682.000	5.896
683.000	5.890
684.000	5.883
685.000	5.876
686.000	5.869
687.000	5.840
688.000	5.834
689.000	5.827
690.000	5.821
691.000	5.815
692.000	5.808
693.000	5.802
694.000	5.796
695.000	5.790
696.000	5.783
697.000	5.777
698.000	5.777
699.000	5.770
700.000	5.764
701.000	5.758
702.000	5.752
703.000	5.745
704.000	5.739
705.000	5.733
706.000	5.727
707.000	5.721
708.000	5.715
709.000	5.690
710.000	5.684
711.000	5.678
712.000	5.672
713.000	5.666
714.000	5.659
715.000	5.653
716.000	5.647
717.000	5.641
718.000	5.635
719.000	5.629
720.000	5.629
721.000	5.623
722.000	5.617
723.000	5.611
724.000	5.605
725.000	5.599
726.000	5.593
727.000	5.587
728.000	5.581
729.000	5.575
730.000	5.569
731.000	5.563
732.000	5.563
733.000	5.557
734.000	5.551
735.000	5.545
736.000	5.540
737.000	5.534
738.000	5.529
739.000	5.523
740.000	5.517
741.000	5.511
742.000	5.506
743.000	5.490
744.000	5.484
745.000	5.479
746.000	5.473
747.000	5.468
748.000	5.462
749.000	5.457
750.000	5.452
751.000	5.447
752.000	5.442
753.000	5.437
754.000	5.436
755.000	5.431
756.000	5.425
757.000	5.420
758.000	5.414
759.000	5.409
760.000	5.404
761.000	5.399
762.000	5.394
763.000	5.389
764.000	5.384
765.000	5.384
766.000	5.379
767.000	5.374
768.000	5.369
769.000	5.364
770.000	5.359
771.000	5.354
772.000	5.349
773.000	5.344
774.000	5.339
775.000	5.335
776.000	5.334
777.000	5.330
778.000	5.325
779.000	5.321
780.000	5.317
781.000	5.312
782.000	5.308
783.000	5.304
784.000	5.299
785.000	5.295
786.000	5.291
787.000	5.291
788.000	5.286
789.000	5.282
790.000	5.278
791.000	5.274
792.000	5.270
793.000	5.266
794.000	5.262
795.000	5.258
796.000	5.254
797.000	5.250
798.000	5.246
799.000	5.245
800.000	5.241
801.000	5.237
802.000	5.233
803.000	5.229
804.000	5.226
805.000	5.222
806.000	5.218
807.000	5.214
808.000	5.211
809.000	5.207
810.000	5.207
811.000	5.203
812.000	5.199
813.000	5.195
814.000	5.192
815.000	5.188
816.000	5.184
817.000	5.181
818.000	5.177
819.000	5.173
820.000	5.170
821.000	5.169
822.000	5.166
823.000	5.162
824.000	5.159
825.000	5.155
826.000	5.152
827.000	5.148
828.000	5.145
829.000	5.141
830.000	5.138
831.000	5.134
832.000	5.134
833.000	5.131
834.000	5.127
835.000	5.124
836.000	5.120
837.000	5.117
838.000	5.114
839.000	5.110
840.000	5.107
841.000	5.104
842.000	5.101
843.000	5.099
844.000	5.096
845.000	5.093
846.000	5.090
847.000	5.086
848.000	5.083
849.000	5.080
850.000	5.077
851.000	5.074
852.000	5.071
853.000	5.068
854.000	5.068
855.000	5.065
856.000	5.062
857.000	5.059
858.000	5.056
859.000	5.053
860.000	5.050
861.000	5.047
862.000	5.044
863.000	5.041
864.000	5.038
865.000	5.035
866.000	5.035
867.000	5.032
868.000	5.029
869.000	5.026
870.000	5.023
871.000	5.021
872.000	5.018
873.000	5.015
874.000	5.012
875.000	5.009
876.000	5.007
877.000	5.007
878.000	5.004
879.000	5.001
880.000	4.998
881.000	4.996
882.000	4.993
883.000	4.990
884.000	4.987
885.000	4.985
886.000	4.982
887.000	4.979
888.000	4.979
889.000	4.977
890.000	4.974
891.000	4.972
892.000	4.969
893.000	4.967
894.000	4.964
895.000	4.962
896.000	4.960
897.000	4.957
898.000	4.955
899.000	4.906
900.000	4.904
901.000	4.902
902.000	4.899
903.000	4.897
904.000	4.895
905.000	4.893
906.000	4.890
907.000	4.888
908.000	4.886
909.000	4.884
910.000	4.883
911.000	4.881
912.000	4.879
913.000	4.877
914.000	4.874
915.000	4.872
916.000	4.870
917.000	4.868
918.000	4.865
919.000	4.863
920.000	4.861
921.000	4.861
922.000	4.859
923.000	4.857
924.000	4.854
925.000	4.852
926.000	4.850
927.000	4.848
928.000	4.845
929.000	4.843
930.000	4.841
931.000	4.838
932.000	4.836
933.000	4.836
934.000	4.833
935.000	4.831
936.000	4.829
937.000	4.826
938.000	4.824
939.000	4.822
940.000	4.820
941.000	4.818
942.000	4.816
943.000	4.814
944.000	4.798
945.000	4.796
946.000	4.794
947.000	4.792
948.000	4.790
949.000	4.788
950.000	4.786
951.000	4.784
952.000	4.782
953.000	4.780
954.000	4.778
955.000	4.778
956.000	4.776
957.000	4.774
958.000	4.772
959.000	4.770
960.000	4.768
961.000	4.766
962.000	4.763
963.000	4.761
964.000	4.759
965.000	4.757
966.000	4.757
967.000	4.754
968.000	4.752
969.000	4.750
970.000	4.748
971.000	4.745
972.000	4.743
973.000	4.741
974.000	4.738
975.000	4.736
976.000	4.733
977.000	4.733
978.000	4.730
979.000	4.728
980.000	4.725
981.000	4.723
982.000	4.720
983.000	4.718
984.000	4.716
985.000	4.713
986.000	4.711
987.000	4.709
988.000	4.708
989.000	4.706
990.000	4.704
991.000	4.701
992.000	4.699
993.000	4.697
994.000	4.694
995.000	4.692
996.000	4.690
997.000	4.688
998.000	4.685
999.000	4.685
1000.000	4.683
1001.000	4.680
1002.000	4.678
1003.000	4.676
1004.000	4.673
1005.000	4.671
1006.000	4.669
1007.000	4.667
1008.000	4.665
1009.000	4.663
1010.000	4.661
1011.000	4.661
1012.000	4.659
1013.000	4.656
1014.000	4.654
1015.000	4.652
1016.000	4.650
1017.000	4.648
1018.000	4.646
1019.000	4.644
1020.000	4.642
1021.000	4.640
1022.000	4.619
1023.000	4.617
1024.000	4.615
1025.000	4.613
1026.000	4.612
1027.000	4.610
1028.000	4.608
1029.000	4.606
1030.000	4.604
1031.000	4.602
1032.000	4.601
1033.000	4.600
1034.000	4.599
1035.000	4.597
1036.000	4.595
1037.000	4.593
1038.000	4.591
1039.000	4.590
1040.000	4.588
1041.000	4.586
1042.000	4.584
1043.000	4.582
1044.000	4.582
1045.000	4.580
1046.000	4.578
1047.000	4.575
1048.000	4.573
1049.000	4.571
1050.000	4.569
1051.000	4.567
1052.000	4.565
1053.000	4.563
1054.000	4.561
1055.000	4.560
1056.000	4.558
1057.000	4.556
1058.000	4.554
1059.000	4.552
1060.000	4.550
1061.000	4.548
1062.000	4.546
1063.000	4.544
1064.000	4.542
1065.000	4.540
1066.000	4.540
1067.000	4.538
1068.000	4.536
1069.000	4.535
1070.000	4.533
1071.000	4.531
1072.000	4.529
1073.000	4.527
1074.000	4.525
1075.000	4.523
1076.000	4.522
1077.000	4.520
1078.000	4.520
1079.000	4.518
1080.000	4.516
1081.000	4.514
1082.000	4.512
1083.000	4.510
1084.000	4.509
1085.000	4.507
1086.000	4.505
1087.000	4.503
1088.000	4.501
1089.000	4.485
1090.000	4.483
1091.000	4.481
1092.000	4.479
1093.000	4.477
1094.000	4.476
1095.000	4.474
1096.000	4.472
1097.000	4.470
1098.000	4.468
1099.000	4.466
1100.000	4.466
1101.000	4.464
1102.000	4.463
1103.000	4.461
1104.000	4.459
1105.000	4.457
1106.000	4.455
1107.000	4.454
1108.000	4.452
1109.000	4.450
1110.000	4.448
1111.000	4.448
1112.000	4.446
1113.000	4.444
1114.000	4.443
1115.000	4.441
1116.000	4.439
1117.000	4.437
1118.000	4.435
1119.000	4.434
1120.000	4.432
1121.000	4.430
1122.000	4.430
1123.000	4.428
1124.000	4.426
1125.000	4.424
1126.000	4.423
1127.000	4.421
1128.000	4.419
1129.000	4.417
1130.000	4.416
1131.000	4.414
1132.000	4.412
1133.000	4.412
1134.000	4.411
1135.000	4.409
1136.000	4.407
1137.000	4.406
1138.000	4.404
1139.000	4.402
1140.000	4.401
1141.000	4.399
1142.000	4.398
1143.000	4.396
1144.000	4.395
1145.000	4.394
1146.000	4.393
1147.000	4.391
1148.000	4.390
1149.000	4.389
1150.000	4.387
1151.000	4.386
1152.000	4.385
1153.000	4.383
1154.000	4.382
1155.000	4.381
1156.000	4.366
1157.000	4.364
1158.000	4.363
1159.000	4.361
1160.000	4.359
1161.000	4.358
1162.000	4.356
1163.000	4.354
1164.000	4.353
1165.000	4.351
1166.000	4.349
1167.000	4.349
1168.000	4.348
1169.000	4.346
1170.000	4.344
1171.000	4.343
1172.000	4.341
1173.000	4.339
1174.000	4.338
1175.000	4.336
1176.000	4.334
1177.000	4.332
1178.000	4.332
1179.000	4.330
1180.000	4.328
1181.000	4.326
1182.000	4.325
1183.000	4.323
1184.000	4.321
1185.000	4.320
1186.000	4.318
1187.000	4.316
1188.000	4.315
1189.000	4.314
1190.000	4.313
1191.000	4.311
1192.000	4.309
1193.000	4.308
1194.000	4.306
1195.000	4.305
1196.000	4.303
1197.000	4.302
1198.000	4.300
1199.000	4.299
1200.000	4.298
1201.000	4.297
1202.000	4.296
1203.000	4.294
1204.000	4.293
1205.000	4.291
1206.000	4.290
1207.000	4.289
1208.000	4.287
1209.000	4.286
1210.000	4.284
1211.000	4.284
1212.000	4.283
1213.000	4.282
1214.000	4.280
1215.000	4.279
1216.000	4.278
1217.000	4.276
1218.000	4.275
1219.000	4.274
1220.000	4.272
1221.000	4.271
1222.000	4.270
1223.000	4.270
1224.000	4.268
1225.000	4.267
1226.000	4.266
1227.000	4.265
1228.000	4.263
1229.000	4.262
1230.000	4.261
1231.000	4.259
1232.000	4.258
1233.000	4.257
1234.000	4.257
1235.000	4.255
1236.000	4.254
1237.000	4.253
1238.000	4.252
1239.000	4.250
1240.000	4.249
1241.000	4.248
1242.000	4.247
1243.000	4.245
1244.000	4.244
1245.000	4.244
1246.000	4.243
1247.000	4.241
1248.000	4.240
1249.000	4.239
1250.000	4.238
1251.000	4.237
1252.000	4.235
1253.000	4.234
1254.000	4.233
1255.000	4.232
1256.000	4.231
1257.000	4.230
1258.000	4.229
1259.000	4.228
1260.000	4.226
1261.000	4.225
1262.000	4.224
1263.000	4.223
1264.000	4.221
1265.000	4.220
1266.000	4.219
1267.000	4.219
1268.000	4.217
1269.000	4.216
1270.000	4.214
1271.000	4.213
1272.000	4.212
1273.000	4.210
1274.000	4.209
1275.000	4.208
1276.000	4.206
1277.000	4.205
1278.000	4.205
1279.000	4.203
1280.000	4.202
1281.000	4.201
1282.000	4.200
1283.000	4.199
1284.000	4.198
1285.000	4.197
1286.000	4.196
1287.000	4.195
1288.000	4.194
1289.000	4.193
1290.000	4.193
1291.000	4.192
1292.000	4.191
1293.000	4.190
1294.000	4.189
1295.000	4.188
1296.000	4.187
1297.000	4.186
1298.000	4.185
1299.000	4.184
1300.000	4.182
1301.000	4.181
1302.000	4.180
1303.000	4.179
1304.000	4.178
1305.000	4.177
1306.000	4.176
1307.000	4.175
1308.000	4.173
1309.000	4.172
1310.000	4.171
1311.000	4.170
1312.000	4.170
1313.000	4.169
1314.000	4.168
1315.000	4.167
1316.000	4.166
1317.000	4.165
1318.000	4.164
1319.000	4.162
1320.000	4.161
1321.000	4.160
1322.000	4.159
1323.000	4.158
1324.000	4.157
1325.000	4.156
1326.000	4.154
1327.000	4.153
1328.000	4.152
1329.000	4.151
1330.000	4.149
1331.000	4.148
1332.000	4.147
1333.000	4.145
1334.000	4.145
1335.000	4.144
1336.000	4.142
1337.000	4.141
1338.000	4.140
1339.000	4.139
1340.000	4.137
1341.000	4.136
1342.000	4.135
1343.000	4.133
1344.000	4.132
1345.000	4.132
1346.000	4.131
1347.000	4.129
1348.000	4.128
1349.000	4.127
1350.000	4.125
1351.000	4.124
1352.000	4.123
1353.000	4.122
1354.000	4.120
1355.000	4.119
1356.000	4.118
1357.000	4.118
1358.000	4.116
1359.000	4.115
1360.000	4.114
1361.000	4.112
1362.000	4.111
1363.000	4.110
1364.000	4.109
1365.000	4.107
1366.000	4.106
1367.000	4.105
1368.000	4.105
1369.000	4.103
1370.000	4.102
1371.000	4.101
1372.000	4.099
1373.000	4.098
1374.000	4.096
1375.000	4.095
1376.000	4.093
1377.000	4.092
1378.000	4.090
1379.000	4.090
1380.000	4.089
1381.000	4.087
1382.000	4.086
1383.000	4.084
1384.000	4.083
1385.000	4.081
1386.000	4.080
1387.000	4.078
1388.000	4.077
1389.000	4.075
1390.000	4.075
1391.000	4.074
1392.000	4.072
1393.000	4.071
1394.000	4.069
1395.000	4.068
1396.000	4.066
1397.000	4.065
1398.000	4.063
1399.000	4.062
1400.000	4.060
1401.000	4.060
1402.000	4.059
1403.000	4.057
1404.000	4.056
1405.000	4.054
1406.000	4.053
1407.000	4.051
1408.000	4.050
1409.000	4.048
1410.000	4.047
1411.000	4.045
1412.000	4.045
1413.000	4.044
1414.000	4.042
1415.000	4.041
1416.000	4.039
1417.000	4.038
1418.000	4.037
1419.000	4.036
1420.000	4.035
1421.000	4.034
1422.000	4.032
1423.000	4.032
1424.000	4.031
1425.000	4.030
1426.000	4.029
1427.000	4.027
1428.000	4.026
1429.000	4.025
1430.000	4.024
1431.000	4.023
1432.000	4.022
1433.000	4.020
1434.000	4.019
1435.000	4.019
1436.000	4.018
1437.000	4.017
1438.000	4.016
1439.000	4.014
1440.000	4.013
1441.000	4.012
1442.000	4.011
1443.000	4.010
1444.000	4.009
1445.000	4.009
1446.000	4.008
1447.000	4.007
1448.000	4.006
1449.000	4.006
1450.000	4.005
1451.000	4.004
1452.000	4.003
1453.000	4.002
1454.000	4.001
1455.000	4.000
1456.000	4.000
1457.000	3.999
1458.000	3.998
1459.000	3.998
1460.000	3.997
1461.000	3.996
1462.000	3.995
1463.000	3.994
1464.000	3.993
1465.000	3.992
1466.000	3.992
1467.000	3.991
1468.000	3.991
1469.000	3.990
1470.000	3.989
1471.000	3.988
1472.000	3.987
1473.000	3.986
1474.000	3.985
1475.000	3.984
1476.000	3.984
1477.000	3.983
1478.000	3.982
1479.000	3.982
1480.000	3.981
1481.000	3.980
1482.000	3.979
1483.000	3.978
1484.000	3.977
1485.000	3.977
1486.000	3.976
1487.000	3.975
1488.000	3.974
1489.000	3.973
1490.000	3.973
1491.000	3.972
1492.000	3.971
1493.000	3.970
1494.000	3.970
1495.000	3.969
1496.000	3.968
1497.000	3.967
1498.000	3.966
1499.000	3.965
1500.000	3.964
1501.000	3.964
1502.000	3.963
1503.000	3.963
1504.000	3.962
1505.000	3.961
1506.000	3.960
1507.000	3.959
1508.000	3.958
1509.000	3.957
1510.000	3.957
1511.000	3.956
1512.000	3.955
1513.000	3.955
1514.000	3.954
1515.000	3.953
1516.000	3.952
1517.000	3.951
1518.000	3.951
1519.000	3.950
1520.000	3.949
1521.000	3.948
1522.000	3.947
1523.000	3.946
1524.000	3.946
1525.000	3.945
1526.000	3.944
1527.000	3.944
1528.000	3.943
1529.000	3.942
1530.000	3.941
1531.000	3.940
1532.000	3.939
1533.000	3.939
1534.000	3.938
1535.000	3.938
1536.000	3.937
1537.000	3.936
1538.000	3.935
1539.000	3.934
1540.000	3.933
1541.000	3.933
1542.000	3.932
1543.000	3.931
1544.000	3.930
1545.000	3.929
1546.000	3.929
1547.000	3.928
1548.000	3.927
1549.000	3.927
1550.000	3.926
1551.000	3.924
1552.000	3.923
1553.000	3.922
1554.000	3.921
1555.000	3.920
1556.000	3.919
1557.000	3.919
1558.000	3.918
1559.000	3.917
1560.000	3.916
1561.000	3.915
1562.000	3.914
1563.000	3.913
1564.000	3.912
1565.000	3.911
1566.000	3.910
1567.000	3.908
1568.000	3.907
1569.000	3.907
1570.000	3.906
1571.000	3.905
1572.000	3.904
1573.000	3.903
1574.000	3.902
1575.000	3.901
1576.000	3.900
1577.000	3.899
1578.000	3.898
1579.000	3.897
1580.000	3.896
1581.000	3.895
1582.000	3.894
1583.000	3.893
1584.000	3.892
1585.000	3.891
1586.000	3.890
1587.000	3.889
1588.000	3.888
1589.000	3.887
1590.000	3.886
1591.000	3.886
1592.000	3.885
1593.000	3.884
1594.000	3.883
1595.000	3.882
1596.000	3.881
1597.000	3.880
1598.000	3.879
1599.000	3.878
1600.000	3.877
1601.000	3.876
1602.000	3.875
1603.000	3.874
1604.000	3.873
1605.000	3.872
1606.000	3.871
1607.000	3.870
1608.000	3.869
1609.000	3.868
1610.000	3.868
1611.000	3.867
1612.000	3.866
1613.000	3.866
1614.000	3.865
1615.000	3.864
1616.000	3.863
1617.000	3.863
1618.000	3.862
1619.000	3.861
1620.000	3.860
1621.000	3.860
1622.000	3.859
1623.000	3.858
1624.000	3.858
1625.000	3.857
1626.000	3.856
1627.000	3.856
1628.000	3.855
1629.000	3.854
1630.000	3.853
1631.000	3.852
1632.000	3.852
1633.000	3.851
1634.000	3.850
1635.000	3.849
1636.000	3.849
1637.000	3.848
1638.000	3.848
1639.000	3.847
1640.000	3.846
1641.000	3.845
1642.000	3.845
1643.000	3.844
1644.000	3.843
1645.000	3.842
1646.000	3.842
1647.000	3.841
1648.000	3.841
1649.000	3.840
1650.000	3.839
1651.000	3.838
1652.000	3.838
1653.000	3.837
1654.000	3.836
1655.000	3.835
1656.000	3.835
1657.000	3.834
1658.000	3.834
1659.000	3.833
1660.000	3.832
1661.000	3.831
1662.000	3.831
1663.000	3.830
1664.000	3.829
1665.000	3.828
1666.000	3.828
1667.000	3.827
1668.000	3.826
1669.000	3.826
1670.000	3.825
1671.000	3.824
1672.000	3.824
1673.000	3.823
1674.000	3.822
1675.000	3.821
1676.000	3.821
1677.000	3.820
1678.000	3.820
1679.000	3.819
1680.000	3.819
1681.000	3.818
1682.000	3.818
1683.000	3.817
1684.000	3.817
1685.000	3.816
1686.000	3.816
1687.000	3.815
1688.000	3.815
1689.000	3.814
1690.000	3.813
1691.000	3.813
1692.000	3.813
1693.000	3.812
1694.000	3.812
1695.000	3.811
1696.000	3.810
1697.000	3.810
1698.000	3.809
1699.000	3.809
1700.000	3.808
1701.000	3.808
1702.000	3.807
1703.000	3.807
1704.000	3.806
1705.000	3.806
1706.000	3.805
1707.000	3.805
1708.000	3.804
1709.000	3.804
1710.000	3.803
1711.000	3.802
1712.000	3.802
1713.000	3.801
1714.000	3.801
1715.000	3.801
1716.000	3.800
1717.000	3.799
1718.000	3.799
1719.000	3.798
1720.000	3.798
1721.000	3.797
1722.000	3.797
1723.000	3.796
1724.000	3.796
1725.000	3.790
1726.000	3.789
1727.000	3.789
1728.000	3.788
1729.000	3.787
1730.000	3.787
1731.000	3.786
1732.000	3.786
1733.000	3.785
1734.000	3.785
1735.000	3.784
1736.000	3.784
1737.000	3.783
1738.000	3.783
1739.000	3.782
1740.000	3.782
1741.000	3.781
1742.000	3.781
1743.000	3.780
1744.000	3.780
1745.000	3.779
1746.000	3.778
1747.000	3.778
1748.000	3.778
1749.000	3.777
1750.000	3.777
1751.000	3.776
1752.000	3.775
1753.000	3.775
1754.000	3.774
1755.000	3.774
1756.000	3.773
1757.000	3.773
1758.000	3.773
1759.000	3.772
1760.000	3.771
1761.000	3.771
1762.000	3.770
1763.000	3.770
1764.000	3.769
1765.000	3.769
1766.000	3.768
1767.000	3.767
1768.000	3.766
1769.000	3.766
1770.000	3.765
1771.000	3.764
1772.000	3.764
1773.000	3.763
1774.000	3.762
1775.000	3.761
1776.000	3.760
1777.000	3.759
1778.000	3.758
1779.000	3.757
1780.000	3.757
1781.000	3.756
1782.000	3.754
1783.000	3.751
1784.000	3.749
1785.000	3.746
1786.000	3.744
1787.000	3.742
1788.000	3.739
1789.000	3.737
1790.000	3.734
1791.000	3.732
1792.000	3.731
1793.000	3.729
1794.000	3.727
1795.000	3.724
1796.000	3.722
1797.000	3.719
1798.000	3.717
1799.000	3.714
1800.000	3.712
1801.000	3.709
1802.000	3.707
1803.000	3.707
1804.000	3.704
1805.000	3.702
1806.000	3.699
1807.000	3.697
1808.000	3.695
1809.000	3.692
1810.000	3.690
1811.000	3.687
1812.000	3.685
1813.000	3.682
1814.000	3.682
1815.000	3.680
1816.000	3.677
1817.000	3.675
1818.000	3.672
1819.000	3.670
1820.000	3.668
1821.000	3.665
1822.000	3.663
1823.000	3.660
1824.000	3.658
1825.000	3.658
1826.000	3.655
1827.000	3.653
1828.000	3.650
1829.000	3.648
1830.000	3.646
1831.000	3.643
1832.000	3.641
1833.000	3.638
1834.000	3.636
1835.000	3.633
1836.000	3.633
1837.000	3.631
1838.000	3.628
1839.000	3.626
1840.000	3.624
1841.000	3.621
1842.000	3.619
1843.000	3.616
1844.000	3.614
1845.000	3.612
1846.000	3.609
1847.000	3.607
1848.000	3.607
1849.000	3.604
1850.000	3.602
1851.000	3.599
1852.000	3.597
1853.000	3.595
1854.000	3.592
1855.000	3.590
1856.000	3.588
1857.000	3.585
1858.000	3.583
1859.000	3.583
1860.000	3.580
1861.000	3.578
1862.000	3.575
1863.000	3.573
1864.000	3.571
1865.000	3.568
1866.000	3.566
1867.000	3.564
1868.000	3.561
1869.000	3.559
1870.000	3.559
1871.000	3.556
1872.000	3.554
1873.000	3.551
1874.000	3.549
1875.000	3.547
1876.000	3.544
1877.000	3.542
1878.000	3.540
1879.000	3.537
1880.000	3.535
1881.000	3.535
1882.000	3.532
1883.000	3.530
1884.000	3.528
1885.000	3.525
1886.000	3.523
1887.000	3.521
1888.000	3.519
1889.000	3.516
1890.000	3.514
1891.000	3.512
1892.000	3.512
1893.000	3.510
1894.000	3.508
1895.000	3.506
1896.000	3.504
1897.000	3.502
1898.000	3.500
1899.000	3.498
1900.000	3.496
1901.000	3.494
1902.000	3.492
1903.000	3.492
1904.000	3.489
1905.000	3.487
1906.000	3.485
1907.000	3.483
1908.000	3.481
1909.000	3.479
1910.000	3.476
1911.000	3.474
1912.000	3.472
1913.000	3.470
1914.000	3.470
1915.000	3.468
1916.000	3.466
1917.000	3.463
1918.000	3.461
1919.000	3.459
1920.000	3.457
1921.000	3.455
1922.000	3.453
1923.000	3.450
1924.000	3.448
1925.000	3.446
1926.000	3.445
1927.000	3.443
1928.000	3.441
1929.000	3.439
1930.000	3.436
1931.000	3.434
1932.000	3.432
1933.000	3.429
1934.000	3.427
1935.000	3.425
1936.000	3.422
1937.000	3.360
1938.000	3.357
1939.000	3.355
1940.000	3.353
1941.000	3.350
1942.000	3.348
1943.000	3.346
1944.000	3.344
1945.000	3.341
1946.000	3.339
1947.000	3.337
1948.000	3.336
1949.000	3.334
1950.000	3.332
1951.000	3.330
1952.000	3.327
1953.000	3.325
1954.000	3.323
1955.000	3.320
1956.000	3.318
1957.000	3.316
1958.000	3.314
1959.000	3.313
1960.000	3.311
1961.000	3.309
1962.000	3.307
1963.000	3.304
1964.000	3.302
1965.000	3.300
1966.000	3.297
1967.000	3.295
1968.000	3.293
1969.000	3.291
1970.000	3.290
1971.000	3.288
1972.000	3.286
1973.000	3.284
1974.000	3.281
1975.000	3.279
1976.000	3.277
1977.000	3.275
1978.000	3.272
1979.000	3.270
1980.000	3.268
1981.000	3.268
1982.000	3.265
1983.000	3.263
1984.000	3.261
1985.000	3.259
1986.000	3.256
1987.000	3.254
1988.000	3.252
1989.000	3.250
1990.000	3.248
1991.000	3.245
1992.000	3.243
1993.000	3.243
1994.000	3.241
1995.000	3.238
1996.000	3.236
1997.000	3.234
1998.000	3.232
1999.000	3.230
2000.000	3.227
2001.000	3.225
2002.000	3.223
2003.000	3.221
2004.000	3.220
2005.000	3.218
2006.000	3.216
2007.000	3.214
2008.000	3.212
2009.000	3.209
2010.000	3.207
2011.000	3.205
2012.000	3.203
2013.000	3.201
2014.000	3.198
2015.000	3.198
2016.000	3.196
2017.000	3.194
2018.000	3.192
2019.000	3.189
2020.000	3.187
2021.000	3.185
2022.000	3.183
2023.000	3.181
2024.000	3.179
2025.000	3.176
2026.000	3.176
2027.000	3.174
2028.000	3.172
2029.000	3.170
2030.000	3.167
2031.000	3.165
2032.000	3.163
2033.000	3.161
2034.000	3.159
2035.000	3.157
2036.000	3.154
2037.000	3.154
2038.000	3.152
2039.000	3.150
2040.000	3.148
2041.000	3.146
2042.000	3.143
2043.000	3.141
2044.000	3.139
2045.000	3.137
2046.000	3.135
2047.000	3.133
2048.000	3.132
2049.000	3.130
2050.000	3.128
2051.000	3.126
2052.000	3.124
2053.000	3.122
2054.000	3.120
2055.000	3.117
2056.000	3.115
2057.000	3.113
2058.000	3.111
2059.000	3.109
2060.000	3.109
2061.000	3.107
2062.000	3.104
2063.000	3.102
2064.000	3.100
2065.000	3.098
2066.000	3.096
2067.000	3.094
2068.000	3.092
2069.000	3.090
2070.000	3.088
2071.000	3.087
2072.000	3.085
2073.000	3.083
2074.000	3.081
2075.000	3.079
2076.000	3.077
2077.000	3.075
2078.000	3.073
2079.000	3.070
2080.000	3.068
2081.000	3.066
2082.000	3.066
2083.000	3.064
2084.000	3.062
2085.000	3.060
2086.000	3.058
2087.000	3.056
2088.000	3.053
2089.000	3.051
2090.000	3.049
2091.000	3.047
2092.000	3.045
2093.000	3.045
2094.000	3.043
2095.000	3.041
2096.000	3.039
2097.000	3.037
2098.000	3.035
2099.000	3.033
2100.000	3.031
2101.000	3.028
2102.000	3.026
2103.000	3.024
2104.000	3.024
2105.000	3.022
2106.000	3.020
2107.000	3.018
2108.000	3.016
2109.000	3.014
2110.000	3.012
2111.000	3.010
2112.000	3.008
2113.000	3.006
2114.000	3.004
2115.000	3.004
2116.000	3.002
2117.000	3.000
2118.000	2.998
2119.000	2.995
2120.000	2.993
2121.000	2.991
2122.000	2.989
2123.000	2.987
2124.000	2.985
2125.000	2.983
2126.000	2.983
2127.000	2.981
2128.000	2.979
2129.000	2.977
2130.000	2.975
2131.000	2.973
2132.000	2.971
2133.000	2.969
2134.000	2.967
2135.000	2.965
2136.000	2.963
2137.000	2.960
2138.000	2.960
2139.000	2.958
2140.000	2.956
2141.000	2.953
2142.000	2.951
2143.000	2.949
2144.000	2.946
2145.000	2.944
2146.000	2.942
2147.000	2.940
2148.000	2.938
2149.000	2.938
2150.000	2.936
2151.000	2.934
2152.000	2.931
2153.000	2.929
2154.000	2.927
2155.000	2.925
2156.000	2.923
2157.000	2.921
2158.000	2.919
2159.000	2.917
2160.000	2.917
2161.000	2.915
2162.000	2.913
2163.000	2.911
2164.000	2.909
2165.000	2.908
2166.000	2.908
2167.000	2.907
2168.000	2.906
2169.000	2.905
2170.000	2.905
2171.000	2.905
2172.000	2.904
2173.000	2.903
2174.000	2.903
2175.000	2.902
2176.000	2.901
2177.000	2.900
2178.000	2.900
2179.000	2.899
2180.000	2.898
2181.000	2.897
2182.000	2.897
2183.000	2.897
2184.000	2.896
2185.000	2.895
2186.000	2.894
2187.000	2.894
2188.000	2.893
2189.000	2.892
2190.000	2.891
2191.000	2.891
2192.000	2.890
2193.000	2.890
2194.000	2.889
2195.000	2.889
2196.000	2.888
2197.000	2.887
2198.000	2.886
2199.000	2.886
2200.000	2.885
2201.000	2.884
2202.000	2.883
2203.000	2.882
2204.000	2.882
2205.000	2.882
2206.000	2.881
2207.000	2.880
2208.000	2.879
2209.000	2.878
2210.000	2.877
2211.000	2.876
2212.000	2.876
2213.000	2.875
2214.000	2.874
2215.000	2.873
2216.000	2.873
2217.000	2.872
2218.000	2.871
2219.000	2.870
2220.000	2.870
2221.000	2.869
2222.000	2.868
2223.000	2.867
2224.000	2.866
2225.000	2.865
2226.000	2.865
2227.000	2.865
2228.000	2.864
2229.000	2.863
2230.000	2.862
2231.000	2.861
2232.000	2.860
2233.000	2.860
2234.000	2.859
2235.000	2.858
2236.000	2.857
2237.000	2.856
2238.000	2.856
2239.000	2.855
2240.000	2.855
2241.000	2.854
2242.000	2.853
2243.000	2.852
2244.000	2.851
2245.000	2.850
2246.000	2.850
2247.000	2.849
2248.000	2.848
2249.000	2.848
2250.000	2.847
2251.000	2.846
2252.000	2.845
2253.000	2.845
2254.000	2.844
2255.000	2.843
2256.000	2.842
2257.000	2.841
2258.000	2.840
2259.000	2.839
2260.000	2.839
2261.000	2.838
2262.000	2.837
2263.000	2.836
2264.000	2.835
2265.000	2.834
2266.000	2.833
2267.000	2.832
2268.000	2.831
2269.000	2.830
2270.000	2.828
2271.000	2.827
2272.000	2.827
2273.000	2.826
2274.000	2.825
2275.000	2.824
2276.000	2.822
2277.000	2.821
2278.000	2.820
2279.000	2.819
2280.000	2.817
2281.000	2.816
2282.000	2.815
2283.000	2.815
2284.000	2.814
2285.000	2.813
2286.000	2.811
2287.000	2.810
2288.000	2.809
2289.000	2.808
2290.000	2.807
2291.000	2.805
2292.000	2.804
2293.000	2.803
2294.000	2.803
2295.000	2.802
2296.000	2.800
2297.000	2.799
2298.000	2.798
2299.000	2.797
2300.000	2.796
2301.000	2.794
2302.000	2.793
2303.000	2.792
2304.000	2.791
2305.000	2.791
2306.000	2.789
2307.000	2.788
2308.000	2.787
2309.000	2.786
2310.000	2.785
2311.000	2.783
2312.000	2.782
2313.000	2.781
2314.000	2.780
2315.000	2.779
2316.000	2.779
2317.000	2.778
2318.000	2.777
2319.000	2.776
2320.000	2.775
2321.000	2.774
2322.000	2.772
2323.000	2.771
2324.000	2.770
2325.000	2.769
2326.000	2.768
2327.000	2.768
2328.000	2.767
2329.000	2.766
2330.000	2.765
2331.000	2.764
2332.000	2.763
2333.000	2.762
2334.000	2.761
2335.000	2.760
2336.000	2.759
2337.000	2.758
2338.000	2.757
2339.000	2.748
2340.000	2.747
2341.000	2.746
2342.000	2.745
2343.000	2.745
2344.000	2.744
2345.000	2.743
2346.000	2.742
2347.000	2.741
2348.000	2.740
2349.000	2.739
2350.000	2.739
2351.000	2.738
2352.000	2.737
2353.000	2.736
2354.000	2.735
2355.000	2.735
2356.000	2.734
2357.000	2.733
2358.000	2.732
2359.000	2.731
2360.000	2.730
2361.000	2.730
2362.000	2.729
2363.000	2.728
2364.000	2.727
2365.000	2.726
2366.000	2.725
2367.000	2.725
2368.000	2.724
2369.000	2.723
2370.000	2.722
2371.000	2.721
2372.000	2.721
2373.000	2.720
2374.000	2.719
2375.000	2.718
2376.000	2.717
2377.000	2.716
2378.000	2.716
2379.000	2.715
2380.000	2.714
2381.000	2.713
2382.000	2.712
2383.000	2.712
2384.000	2.711
2385.000	2.710
2386.000	2.709
2387.000	2.708
2388.000	2.708
2389.000	2.707
2390.000	2.706
2391.000	2.705
2392.000	2.704
2393.000	2.703
2394.000	2.703
2395.000	2.702
2396.000	2.701
2397.000	2.700
2398.000	2.699
2399.000	2.699
2400.000	2.698
2401.000	2.697
2402.000	2.696
2403.000	2.695
2404.000	2.694
2405.000	2.694
2406.000	2.693
2407.000	2.692
2408.000	2.691
2409.000	2.691
2410.000	2.690
2411.000	2.689
2412.000	2.688
2413.000	2.687
2414.000	2.686
2415.000	2.685
2416.000	2.684
2417.000	2.684
2418.000	2.683
2419.000	2.683
2420.000	2.682
2421.000	2.681
2422.000	2.680
2423.000	2.679
2424.000	2.678
2425.000	2.677
2426.000	2.676
2427.000	2.676
2428.000	2.676
2429.000	2.675
2430.000	2.674
2431.000	2.673
2432.000	2.672
2433.000	2.671
2434.000	2.670
2435.000	2.669
2436.000	2.669
2437.000	2.668
2438.000	2.667
2439.000	2.667
2440.000	2.666
2441.000	2.665
2442.000	2.664
2443.000	2.663
2444.000	2.662
2445.000	2.662
2446.000	2.661
2447.000	2.660
2448.000	2.659
2449.000	2.658
2450.000	2.658
2451.000	2.657
2452.000	2.656
2453.000	2.655
2454.000	2.655
2455.000	2.654
2456.000	2.653
2457.000	2.652
2458.000	2.651
2459.000	2.650
2460.000	2.649
2461.000	2.649
2462.000	2.648
2463.000	2.648
2464.000	2.647
2465.000	2.646
2466.000	2.645
2467.000	2.644
2468.000	2.643
2469.000	2.642
2470.000	2.641
2471.000	2.641
2472.000	2.641
2473.000	2.640
2474.000	2.639
2475.000	2.638
2476.000	2.637
2477.000	2.636
2478.000	2.635
2479.000	2.635
2480.000	2.634
2481.000	2.633
2482.000	2.632
2483.000	2.631
2484.000	2.631
2485.000	2.630
2486.000	2.629
2487.000	2.629
2488.000	2.628
2489.000	2.627
2490.000	2.626
2491.000	2.625
2492.000	2.624
2493.000	2.623
2494.000	2.622
2495.000	2.622
2496.000	2.622
2497.000	2.621
2498.000	2.620
2499.000	2.619
2500.000	2.618
2501.000	2.617
2502.000	2.616
2503.000	2.616
2504.000	2.615
2505.000	2.614
2506.000	2.614
2507.000	2.613
2508.000	2.612
2509.000	2.611
2510.000	2.610
2511.000	2.610
2512.000	2.609
2513.000	2.608
2514.000	2.607
2515.000	2.606
2516.000	2.605
2517.000	2.603
2518.000	2.602
2519.000	2.601
2520.000	2.600
2521.000	2.599
2522.000	2.598
2523.000	2.597
2524.000	2.596
2525.000	2.595
2526.000	2.594
2527.000	2.593
2528.000	2.593
2529.000	2.592
2530.000	2.591
2531.000	2.590
2532.000	2.589
2533.000	2.588
2534.000	2.587
2535.000	2.585
2536.000	2.584
2537.000	2.583
2538.000	2.582
2539.000	2.582
2540.000	2.581
2541.000	2.580
2542.000	2.579
2543.000	2.578
2544.000	2.577
2545.000	2.576
2546.000	2.575
2547.000	2.574
2548.000	2.573
2549.000	2.572
2550.000	2.570
2551.000	2.570
2552.000	2.569
2553.000	2.568
2554.000	2.567
2555.000	2.566
2556.000	2.565
2557.000	2.564
2558.000	2.563
2559.000	2.562
2560.000	2.561
2561.000	2.559
2562.000	2.559
2563.000	2.558
2564.000	2.557
2565.000	2.556
2566.000	2.555
2567.000	2.554
2568.000	2.553
2569.000	2.551
2570.000	2.550
2571.000	2.549
2572.000	2.548
2573.000	2.548
2574.000	2.547
2575.000	2.546
2576.000	2.544
2577.000	2.543
2578.000	2.542
2579.000	2.541
2580.000	2.540
2581.000	2.539
2582.000	2.537
2583.000	2.536
2584.000	2.536
2585.000	2.535
2586.000	2.534
2587.000	2.533
2588.000	2.532
2589.000	2.530
2590.000	2.529
2591.000	2.528
2592.000	2.527
2593.000	2.526
2594.000	2.525
2595.000	2.525
2596.000	2.525
2597.000	2.524
2598.000	2.523
2599.000	2.522
2600.000	2.521
2601.000	2.520
2602.000	2.519
2603.000	2.517
2604.000	2.516
2605.000	2.515
2606.000	2.515
2607.000	2.514
2608.000	2.513
2609.000	2.512
2610.000	2.511
2611.000	2.510
2612.000	2.509
2613.000	2.508
2614.000	2.507
2615.000	2.506
2616.000	2.505
2617.000	2.505
2618.000	2.503
2619.000	2.502
2620.000	2.501
2621.000	2.500
2622.000	2.499
2623.000	2.498
2624.000	2.497
2625.000	2.496
2626.000	2.495
2627.000	2.494
2628.000	2.492
2629.000	2.492
2630.000	2.491
2631.000	2.490
2632.000	2.489
2633.000	2.488
2634.000	2.487
2635.000	2.486
2636.000	2.485
2637.000	2.484
2638.000	2.482
2639.000	2.481
2640.000	2.481
2641.000	2.480
2642.000	2.479
2643.000	2.478
2644.000	2.477
2645.000	2.476
2646.000	2.475
2647.000	2.474
2648.000	2.473
2649.000	2.472
2650.000	2.471
2651.000	2.471
2652.000	2.470
2653.000	2.469
2654.000	2.467
2655.000	2.466
2656.000	2.465
2657.000	2.464
2658.000	2.463
2659.000	2.462
2660.000	2.461
2661.000	2.460
2662.000	2.460
2663.000	2.459
2664.000	2.458
2665.000	2.457
2666.000	2.456
2667.000	2.455
2668.000	2.454
2669.000	2.453
2670.000	2.452
2671.000	2.451
2672.000	2.450
2673.000	2.450
2674.000	2.449
2675.000	2.448
2676.000	2.447
2677.000	2.446
2678.000	2.445
2679.000	2.444
2680.000	2.443
2681.000	2.442
2682.000	2.441
2683.000	2.440
2684.000	2.440
2685.000	2.439
2686.000	2.438
2687.000	2.437
2688.000	2.437
2689.000	2.436
2690.000	2.435
2691.000	2.434
2692.000	2.433
2693.000	2.432
2694.000	2.431
2695.000	2.430
2696.000	2.430
2697.000	2.429
2698.000	2.428
2699.000	2.427
2700.000	2.426
2701.000	2.425
2702.000	2.424
2703.000	2.423
2704.000	2.422
2705.000	2.421
2706.000	2.420
2707.000	2.420
2708.000	2.419
2709.000	2.418
2710.000	2.417
2711.000	2.417
2712.000	2.416
2713.000	2.415
2714.000	2.414
2715.000	2.413
2716.000	2.412
2717.000	2.411
2718.000	2.411
2719.000	2.410
2720.000	2.409
2721.000	2.408
2722.000	2.407
2723.000	2.406
2724.000	2.405
2725.000	2.404
2726.000	2.403
2727.000	2.402
2728.000	2.401
2729.000	2.401
2730.000	2.400
2731.000	2.399
2732.000	2.399
2733.000	2.398
2734.000	2.397
2735.000	2.396
2736.000	2.395
2737.000	2.395
2738.000	2.394
2739.000	2.393
2740.000	2.393
2741.000	2.392
2742.000	2.391
2743.000	2.391
2744.000	2.390
2745.000	2.389
2746.000	2.388
2747.000	2.388
2748.000	2.387
2749.000	2.387
2750.000	2.386
2751.000	2.386
2752.000	2.385
2753.000	2.385
2754.000	2.384
2755.000	2.384
2756.000	2.383
2757.000	2.382
2758.000	2.382
2759.000	2.381
2760.000	2.381
2761.000	2.380
2762.000	2.379
2763.000	2.295
2764.000	2.294
2765.000	2.294
2766.000	2.293
2767.000	2.293
2768.000	2.292
2769.000	2.291
2770.000	2.291
2771.000	2.290
2772.000	2.290
2773.000	2.289
2774.000	2.289
2775.000	2.289
2776.000	2.288
2777.000	2.287
2778.000	2.287
2779.000	2.286
2780.000	2.286
2781.000	2.285
2782.000	2.285
2783.000	2.284
2784.000	2.284
2785.000	2.284
2786.000	2.283
2787.000	2.282
2788.000	2.282
2789.000	2.281
2790.000	2.281
2791.000	2.280
2792.000	2.280
2793.000	2.279
2794.000	2.279
2795.000	2.278
2796.000	2.278
2797.000	2.277
2798.000	2.277
2799.000	2.276
2800.000	2.276
2801.000	2.275
2802.000	2.275
2803.000	2.274
2804.000	2.274
2805.000	2.273
2806.000	2.272
2807.000	2.256
2808.000	2.255
2809.000	2.254
2810.000	2.254
2811.000	2.253
2812.000	2.253
2813.000	2.252
2814.000	2.252
2815.000	2.251
2816.000	2.251
2817.000	2.250
2818.000	2.250
2819.000	2.249
2820.000	2.249
2821.000	2.248
2822.000	2.248
2823.000	2.247
2824.000	2.247
2825.000	2.246
2826.000	2.246
2827.000	2.245
2828.000	2.245
2829.000	2.245
2830.000	2.244
2831.000	2.243
2832.000	2.243
2833.000	2.242
2834.000	2.242
2835.000	2.241
2836.000	2.241
2837.000	2.240
2838.000	2.240
2839.000	2.239
2840.000	2.239
2841.000	2.239
2842.000	2.238
2843.000	2.237
2844.000	2.237
2845.000	2.236
2846.000	2.236
2847.000	2.235
2848.000	2.235
2849.000	2.234
2850.000	2.234
2851.000	2.233
2852.000	2.233
2853.000	2.233
2854.000	2.232
2855.000	2.231
2856.000	2.231
2857.000	2.230
2858.000	2.230
2859.000	2.229
2860.000	2.229
2861.000	2.228
2862.000	2.228
2863.000	2.213
2864.000	2.212
2865.000	2.212
2866.000	2.211
2867.000	2.211
2868.000	2.210
2869.000	2.210
2870.000	2.209
2871.000	2.208
2872.000	2.208
2873.000	2.207
2874.000	2.207
2875.000	2.207
2876.000	2.206
2877.000	2.206
2878.000	2.205
2879.000	2.205
2880.000	2.204
2881.000	2.204
2882.000	2.203
2883.000	2.203
2884.000	2.202
2885.000	2.202
2886.000	2.201
2887.000	2.201
2888.000	2.200
2889.000	2.200
2890.000	2.199
2891.000	2.199
2892.000	2.198
2893.000	2.198
2894.000	2.197
2895.000	2.197
2896.000	2.197
2897.000	2.196
2898.000	2.196
2899.000	2.195
2900.000	2.194
2901.000	2.194
2902.000	2.193
2903.000	2.193
2904.000	2.192
2905.000	2.192
2906.000	2.191
2907.000	2.191
2908.000	2.189
2909.000	2.189
2910.000	2.188
2911.000	2.188
2912.000	2.187
2913.000	2.186
2914.000	2.186
2915.000	2.185
2916.000	2.185
2917.000	2.184
2918.000	2.184
2919.000	2.184
2920.000	2.183
2921.000	2.183
2922.000	2.182
2923.000	2.182
2924.000	2.181
2925.000	2.181
2926.000	2.180
2927.000	2.180
2928.000	2.179
2929.000	2.178
2930.000	2.178
2931.000	2.178
2932.000	2.177
2933.000	2.177
2934.000	2.176
2935.000	2.176
2936.000	2.175
2937.000	2.175
2938.000	2.174
2939.000	2.174
2940.000	2.173
2941.000	2.173
2942.000	2.173
2943.000	2.172
2944.000	2.172
2945.000	2.171
2946.000	2.171
2947.000	2.170
2948.000	2.170
2949.000	2.169
2950.000	2.168
2951.000	2.168
2952.000	2.168
2953.000	2.167
2954.000	2.167
2955.000	2.166
2956.000	2.166
2957.000	2.165
2958.000	2.165
2959.000	2.164
2960.000	2.164
2961.000	2.163
2962.000	2.163
2963.000	2.163
2964.000	2.162
2965.000	2.162
2966.000	2.161
2967.000	2.161
2968.000	2.160
2969.000	2.159
2970.000	2.159
2971.000	2.158
2972.000	2.158
2973.000	2.157
2974.000	2.156
2975.000	2.156
2976.000	2.156
2977.000	2.155
2978.000	2.155
2979.000	2.154
2980.000	2.153
2981.000	2.153
2982.000	2.152
2983.000	2.152
2984.000	2.151
2985.000	2.151
2986.000	2.151
2987.000	2.150
2988.000	2.149
2989.000	2.149
2990.000	2.148
2991.000	2.148
2992.000	2.147
2993.000	2.146
2994.000	2.146
2995.000	2.145
2996.000	2.145
2997.000	2.145
2998.000	2.144
2999.000	2.144
3000.000	2.143
3001.000	2.142
3002.000	2.142
3003.000	2.141
3004.000	2.141
3005.000	2.140
3006.000	2.140
3007.000	2.139
3008.000	2.139
3009.000	2.138
3010.000	2.138
3011.000	2.137
3012.000	2.136
3013.000	2.136
3014.000	2.135
3015.000	2.135
3016.000	2.134
3017.000	2.133
3018.000	2.133
3019.000	2.133
3020.000	2.132
3021.000	2.132
3022.000	2.131
3023.000	2.130
3024.000	2.130
3025.000	2.129
3026.000	2.129
3027.000	2.128
3028.000	2.127
3029.000	2.127
3030.000	2.127
3031.000	2.126
3032.000	2.126
3033.000	2.125
3034.000	2.124
3035.000	2.124
3036.000	2.123
3037.000	2.123
3038.000	2.122
3039.000	2.121
3040.000	2.121
3041.000	2.120
3042.000	2.120
3043.000	2.120
3044.000	2.119
3045.000	2.119
3046.000	2.118
3047.000	2.117
3048.000	2.117
3049.000	2.116
3050.000	2.116
3051.000	2.115
3052.000	2.115
3053.000	2.115
3054.000	2.114
3055.000	2.114
3056.000	2.114
3057.000	2.113
3058.000	2.113
3059.000	2.112
3060.000	2.112
3061.000	2.111
3062.000	2.111
3063.000	2.111
3064.000	2.111
3065.000	2.110
3066.000	2.110
3067.000	2.109
3068.000	2.109
3069.000	2.108
3070.000	2.108
3071.000	2.108
3072.000	2.107
3073.000	2.107
3074.000	2.106
3075.000	2.106
3076.000	2.106
3077.000	2.106
3078.000	2.105
3079.000	2.105
3080.000	2.104
3081.000	2.104
3082.000	2.104
3083.000	2.103
3084.000	2.103
3085.000	2.102
3086.000	2.102
3087.000	2.102
3088.000	2.102
3089.000	2.101
3090.000	2.101
3091.000	2.100
3092.000	2.100
3093.000	2.100
3094.000	2.099
3095.000	2.099
3096.000	2.099
3097.000	2.099
3098.000	2.098
3099.000	2.098
3100.000	2.098
3101.000	2.097
3102.000	2.097
3103.000	2.097
3104.000	2.096
3105.000	2.096
3106.000	2.096
3107.000	2.095
3108.000	2.095
3109.000	2.095
3110.000	2.095
3111.000	2.094
3112.000	2.094
3113.000	2.094
3114.000	2.093
3115.000	2.093
3116.000	2.093
3117.000	2.092
3118.000	2.092
3119.000	2.092
3120.000	2.092
3121.000	2.091
3122.000	2.091
3123.000	2.091
3124.000	2.090
3125.000	2.090
3126.000	2.090
3127.000	2.090
3128.000	2.089
3129.000	2.089
3130.000	2.089
3131.000	2.089
3132.000	2.088
3133.000	2.088
3134.000	2.088
3135.000	2.088
3136.000	2.087
3137.000	2.087
3138.000	2.087
3139.000	2.087
3140.000	2.086
3141.000	2.086
3142.000	2.086
3143.000	2.086
3144.000	2.085
3145.000	2.085
3146.000	2.085
3147.000	2.085
3148.000	2.085
3149.000	2.085
3150.000	2.084
3151.000	2.084
3152.000	2.084
3153.000	2.084
3154.000	2.084
3155.000	2.084
3156.000	2.084
3157.000	2.084
3158.000	2.083
3159.000	2.083
3160.000	2.083
3161.000	2.083
3162.000	2.083
3163.000	2.083
3164.000	2.083
3165.000	2.083
3166.000	2.082
3167.000	2.082
3168.000	2.082
3169.000	2.082
3170.000	2.082
3171.000	2.081
3172.000	2.081
3173.000	2.081
3174.000	2.081
3175.000	2.081
3176.000	2.081
3177.000	2.080
3178.000	2.080
3179.000	2.080
3180.000	2.080
3181.000	2.080
3182.000	2.079
3183.000	2.079
3184.000	2.079
3185.000	2.079
3186.000	2.079
3187.000	2.079
3188.000	2.079
3189.000	2.078
3190.000	2.078
3191.000	2.078
3192.000	2.078
3193.000	2.077
3194.000	2.077
3195.000	2.077
3196.000	2.077
3197.000	2.076
3198.000	2.076
3199.000	2.076
3200.000	2.076
3201.000	2.076
3202.000	2.076
3203.000	2.075
3204.000	2.075
3205.000	2.075
3206.000	2.075
3207.000	2.074
3208.000	2.074
3209.000	2.074
3210.000	2.074
3211.000	2.074
3212.000	2.073
3213.000	2.073
3214.000	2.073
3215.000	2.073
3216.000	2.073
3217.000	2.072
3218.000	2.072
3219.000	2.072
3220.000	2.072
3221.000	2.072
3222.000	2.071
3223.000	2.071
3224.000	2.071
3225.000	2.071
3226.000	2.071
3227.000	2.070
3228.000	2.070
3229.000	2.070
3230.000	2.070
3231.000	2.070
3232.000	2.069
3233.000	2.069
3234.000	2.069
3235.000	2.069
3236.000	2.068
3237.000	2.068
3238.000	2.068
3239.000	2.068
3240.000	2.068
3241.000	2.067
3242.000	2.067
3243.000	2.067
3244.000	2.067
3245.000	2.067
3246.000	2.066
3247.000	2.066
3248.000	2.066
3249.000	2.066
3250.000	2.066
3251.000	2.065
3252.000	2.065
3253.000	2.065
3254.000	2.065
3255.000	2.065
3256.000	2.064
3257.000	2.064
3258.000	2.064
3259.000	2.064
3260.000	2.063
3261.000	2.063
3262.000	2.063
3263.000	2.063
3264.000	2.062
3265.000	2.062
3266.000	2.062
3267.000	2.062
3268.000	2.062
3269.000	2.062
3270.000	2.061
3271.000	2.061
3272.000	2.061
3273.000	2.061
3274.000	2.060
3275.000	2.060
3276.000	2.060
3277.000	2.060
3278.000	2.060
3279.000	2.059
3280.000	2.059
3281.000	2.059
3282.000	2.059
3283.000	2.058
3284.000	2.058
3285.000	2.058
3286.000	2.058
3287.000	2.058
3288.000	2.057
3289.000	2.057
3290.000	2.057
3291.000	2.057
3292.000	2.056
3293.000	2.056
3294.000	2.056
3295.000	2.056
3296.000	2.055
3297.000	2.055
3298.000	2.055
3299.000	2.055
3300.000	2.055
3301.000	2.054
3302.000	2.054
3303.000	2.054
3304.000	2.054
3305.000	2.053
3306.000	2.053
3307.000	2.053
3308.000	2.052
3309.000	2.052
3310.000	2.052
3311.000	2.052
3312.000	2.052
3313.000	2.051
3314.000	2.051
3315.000	2.051
3316.000	2.051
3317.000	2.050
3318.000	2.050
3319.000	2.050
3320.000	2.050
3321.000	2.049
3322.000	2.049
3323.000	2.049
3324.000	2.049
3325.000	2.048
3326.000	2.048
3327.000	2.048
3328.000	2.048
3329.000	2.047
3330.000	2.047
3331.000	2.047
3332.000	2.047
3333.000	2.046
3334.000	2.046
3335.000	2.046
3336.000	2.046
3337.000	2.045
3338.000	2.045
3339.000	2.045
3340.000	2.045
3341.000	2.044
3342.000	2.044
3343.000	2.044
3344.000	2.044
3345.000	2.043
3346.000	2.043
3347.000	2.043
3348.000	2.043
3349.000	2.042
3350.000	2.042
3351.000	2.042
3352.000	2.041
3353.000	2.041
3354.000	2.041
3355.000	2.041
3356.000	2.041
3357.000	2.040
3358.000	2.040
3359.000	2.040
3360.000	2.039
3361.000	2.039
3362.000	2.039
3363.000	2.038
3364.000	2.038
3365.000	2.038
3366.000	2.038
3367.000	2.038
3368.000	2.037
3369.000	2.037
3370.000	2.037
3371.000	2.036
3372.000	2.036
3373.000	2.036
3374.000	2.035
3375.000	2.035
3376.000	2.035
3377.000	2.035
3378.000	2.035
3379.000	2.034
3380.000	2.034
3381.000	2.034
3382.000	2.033
3383.000	2.033
3384.000	2.033
3385.000	2.032
3386.000	2.032
3387.000	2.032
3388.000	2.032
3389.000	2.032
3390.000	2.031
3391.000	2.031
3392.000	2.031
3393.000	2.030
3394.000	2.030
3395.000	2.030
3396.000	2.029
3397.000	2.029
3398.000	2.029
3399.000	2.029
3400.000	2.029
3401.000	2.028
3402.000	2.028
3403.000	2.028
3404.000	2.027
3405.000	2.027
3406.000	2.027
3407.000	2.027
3408.000	2.026
3409.000	2.026
3410.000	2.026
3411.000	2.026
3412.000	2.025
3413.000	2.025
3414.000	2.025
3415.000	2.024
3416.000	2.024
3417.000	2.024
3418.000	2.024
3419.000	2.023
3420.000	2.023
3421.000	2.023
3422.000	2.023
3423.000	2.022
3424.000	2.022
3425.000	2.022
3426.000	2.021
3427.000	2.021
3428.000	2.021
3429.000	2.021
3430.000	2.020
3431.000	2.020
3432.000	2.020
3433.000	2.020
3434.000	2.019
3435.000	2.019
3436.000	2.019
3437.000	2.019
3438.000	2.018
3439.000	2.018
3440.000	2.018
3441.000	2.017
3442.000	2.017
3443.000	2.017
3444.000	2.017
3445.000	2.016
3446.000	2.016
3447.000	2.016
3448.000	2.016
3449.000	2.015
3450.000	2.015
3451.000	2.015
3452.000	2.014
3453.000	2.014
3454.000	2.014
3455.000	2.014
3456.000	2.014
3457.000	2.013
3458.000	2.013
3459.000	2.013
3460.000	2.012
3461.000	2.012
3462.000	2.012
3463.000	2.011
3464.000	2.011
3465.000	2.011
3466.000	2.011
3467.000	2.011
3468.000	2.010
3469.000	2.010
3470.000	2.010
3471.000	2.009
3472.000	2.009
3473.000	2.009
3474.000	2.009
3475.000	2.008
3476.000	2.008
3477.000	2.008
3478.000	2.008
3479.000	2.007
3480.000	2.007
3481.000	2.007
3482.000	2.007
3483.000	2.006
3484.000	2.006
3485.000	2.006
3486.000	2.005
3487.000	2.005
3488.000	2.005
3489.000	2.005
3490.000	2.004
3491.000	2.004
3492.000	2.004
3493.000	2.004
3494.000	2.003
3495.000	2.003
3496.000	2.003
3497.000	2.002
3498.000	2.002
3499.000	2.002
3500.000	2.002
3501.000	2.002
3502.000	2.001
3503.000	2.001
3504.000	2.001
3505.000	2.000
3506.000	2.000
3507.000	2.000
3508.000	2.000
3509.000	1.999
3510.000	1.999
3511.000	1.999
3512.000	1.999
3513.000	1.998
3514.000	1.998
3515.000	1.998
3516.000	1.998
3517.000	1.997
3518.000	1.997
3519.000	1.997
3520.000	1.996
3521.000	1.996
3522.000	1.996
3523.000	1.996
3524.000	1.996
3525.000	1.995
3526.000	1.995
3527.000	1.995
3528.000	1.994
3529.000	1.994
3530.000	1.994
3531.000	1.994
3532.000	1.994
3533.000	1.993
3534.000	1.993
3535.000	1.993
3536.000	1.992
3537.000	1.992
3538.000	1.992
3539.000	1.992
3540.000	1.991
3541.000	1.991
3542.000	1.991
3543.000	1.990
3544.000	1.990
3545.000	1.990
3546.000	1.990
3547.000	1.990
3548.000	1.989
3549.000	1.989
3550.000	1.989
3551.000	1.988
3552.000	1.988
3553.000	1.988
3554.000	1.988
3555.000	1.988
3556.000	1.987
3557.000	1.987
3558.000	1.987
3559.000	1.986
3560.000	1.986
3561.000	1.986
3562.000	1.986
3563.000	1.985
3564.000	1.985
3565.000	1.985
3566.000	1.985
3567.000	1.984
3568.000	1.984
3569.000	1.984
3570.000	1.984
3571.000	1.983
3572.000	1.983
3573.000	1.983
3574.000	1.982
3575.000	1.982
3576.000	1.982
3577.000	1.982
3578.000	1.982
3579.000	1.981
3580.000	1.981
3581.000	1.981
3582.000	1.980
3583.000	1.980
3584.000	1.980
3585.000	1.980
3586.000	1.979
3587.000	1.979
3588.000	1.979
3589.000	1.979
3590.000	1.979
3591.000	1.979
3592.000	1.978
3593.000	1.978
3594.000	1.978
3595.000	1.978
3596.000	1.977
3597.000	1.977
3598.000	1.977
3599.000	1.977
3600.000	1.977
3601.000	1.976
3602.000	1.976
3603.000	1.976
3604.000	1.976
3605.000	1.975
3606.000	1.975
3607.000	1.975
3608.000	1.975
3609.000	1.974
3610.000	1.974
3611.000	1.974
3612.000	1.974
3613.000	1.973
3614.000	1.973
3615.000	1.973
3616.000	1.973
3617.000	1.972
3618.000	1.972
3619.000	1.972
3620.000	1.971
3621.000	1.971
3622.000	1.971
3623.000	1.971
3624.000	1.971
3625.000	1.970
3626.000	1.970
3627.000	1.970
3628.000	1.970
3629.000	1.969
3630.000	1.969
3631.000	1.969
3632.000	1.968
3633.000	1.968
3634.000	1.968
3635.000	1.968
3636.000	1.968
3637.000	1.967
3638.000	1.967
3639.000	1.967
3640.000	1.967
3641.000	1.966
3642.000	1.966
3643.000	1.966
3644.000	1.966
3645.000	1.966
3646.000	1.965
3647.000	1.965
3648.000	1.965
3649.000	1.964
3650.000	1.964
3651.000	1.964
3652.000	1.963
3653.000	1.963
3654.000	1.963
3655.000	1.963
3656.000	1.962
3657.000	1.962
3658.000	1.962
3659.000	1.961
3660.000	1.961
3661.000	1.961
3662.000	1.961
3663.000	1.960
3664.000	1.960
3665.000	1.960
3666.000	1.960
3667.000	1.959
3668.000	1.959
3669.000	1.959
3670.000	1.958
3671.000	1.958
3672.000	1.958
3673.000	1.957
3674.000	1.957
3675.000	1.957
3676.000	1.956
3677.000	1.956
3678.000	1.956
3679.000	1.956
3680.000	1.955
3681.000	1.955
3682.000	1.955
3683.000	1.954
3684.000	1.954
3685.000	1.954
3686.000	1.953
3687.000	1.953
3688.000	1.953
3689.000	1.953
3690.000	1.952
3691.000	1.952
3692.000	1.951
3693.000	1.951
3694.000	1.951
3695.000	1.950
3696.000	1.950
3697.000	1.950
3698.000	1.949
3699.000	1.949
3700.000	1.949
3701.000	1.949
3702.000	1.948
3703.000	1.948
3704.000	1.948
3705.000	1.947
3706.000	1.947
3707.000	1.947
3708.000	1.946
3709.000	1.946
3710.000	1.946
3711.000	1.946
3712.000	1.945
3713.000	1.945
3714.000	1.945
3715.000	1.944
3716.000	1.944
3717.000	1.944
3718.000	1.943
3719.000	1.943
3720.000	1.943
3721.000	1.942
3722.000	1.942
3723.000	1.942
3724.000	1.942
3725.000	1.941
3726.000	1.941
3727.000	1.940
3728.000	1.940
3729.000	1.940
3730.000	1.939
3731.000	1.939
3732.000	1.939
3733.000	1.939
3734.000	1.938
3735.000	1.938
3736.000	1.938
3737.000	1.937
3738.000	1.937
3739.000	1.937
3740.000	1.936
3741.000	1.936
3742.000	1.935
3743.000	1.935
3744.000	1.935
3745.000	1.935
3746.000	1.935
3747.000	1.935
3748.000	1.935
3749.000	1.935
3750.000	1.935
3751.000	1.935
3752.000	1.935
3753.000	1.935
3754.000	1.935
3755.000	1.935
3756.000	1.935
3757.000	1.935
3758.000	1.935
3759.000	1.935
3760.000	1.935
3761.000	1.935
3762.000	1.935
3763.000	1.935
3764.000	1.935
3765.000	1.935
3766.000	1.935
3767.000	1.935
3768.000	1.935
3769.000	1.935
3770.000	1.935
3771.000	1.935
3772.000	1.935
3773.000	1.935
3774.000	1.935
3775.000	1.935
3776.000	1.935
3777.000	1.935
3778.000	1.935
3779.000	1.935
3780.000	1.935
3781.000	1.935
3782.000	1.935
3783.000	1.935
3784.000	1.935
3785.000	1.935
3786.000	1.935
3787.000	1.935
3788.000	1.935
3789.000	1.935
3790.000	1.935
3791.000	1.935
3792.000	1.935
3793.000	1.935
3794.000	1.935
3795.000	1.935
3796.000	1.935
3797.000	1.935
3798.000	1.935
3799.000	1.935
3800.000	1.935
3801.000	1.935
3802.000	1.935
3803.000	1.935
3804.000	1.935
3805.000	1.935
3806.000	1.935
3807.000	1.935
3808.000	1.935
3809.000	1.935
3810.000	1.935
3811.000	1.935
3812.000	1.935
3813.000	1.935
3814.000	1.935
3815.000	1.935
3816.000	1.935
3817.000	1.935
3818.000	1.935
3819.000	1.935
3820.000	1.935
3821.000	1.935
3822.000	1.935
3823.000	1.935
3824.000	1.935
3825.000	1.935
3826.000	1.935
3827.000	1.935
3828.000	1.935
3829.000	1.935
3830.000	1.935
3831.000	1.935
3832.000	1.935
3833.000	1.935
3834.000	1.935
3835.000	1.935
3836.000	1.935
3837.000	1.935
3838.000	1.935
3839.000	1.935
3840.000	1.935
3841.000	1.935
3842.000	1.935
3843.000	1.935
3844.000	1.935
3845.000	1.935
3846.000	1.935
3847.000	1.935
3848.000	1.935
3849.000	1.935
3850.000	1.935
3851.000	1.935
3852.000	1.935
3853.000	1.935
3854.000	1.935
3855.000	1.935
3856.000	1.935
3857.000	1.935
3858.000	1.935
3859.000	1.935
3860.000	1.935
3861.000	1.935
3862.000	1.935
3863.000	1.935
3864.000	1.935
3865.000	1.935
3866.000	1.935
3867.000	1.935
3868.000	1.935
3869.000	1.935
3870.000	1.935
3871.000	1.935
3872.000	1.935
3873.000	1.935
3874.000	1.935
3875.000	1.935
3876.000	1.935
3877.000	1.935
3878.000	1.935
3879.000	1.935
3880.000	1.935
3881.000	1.935
3882.000	1.935
3883.000	1.935
3884.000	1.935
3885.000	1.935
3886.000	1.935
3887.000	1.935
3888.000	1.935
3889.000	1.935
3890.000	1.935
3891.000	1.935
3892.000	1.935
3893.000	1.935
3894.000	1.935
3895.000	1.935
3896.000	1.935
3897.000	1.935
3898.000	1.935
3899.000	1.935
3900.000	1.935
3901.000	1.935
3902.000	1.935
3903.000	1.935
3904.000	1.935
3905.000	1.935
3906.000	1.935
3907.000	1.935
3908.000	1.935
3909.000	1.935
3910.000	1.935
3911.000	1.935
3912.000	1.935
3913.000	1.935
3914.000	1.935
3915.000	1.935
3916.000	1.935
3917.000	1.935
3918.000	1.935
3919.000	1.935
3920.000	1.935
3921.000	1.935
3922.000	1.935
3923.000	1.935
3924.000	1.935
3925.000	1.935
3926.000	1.935
3927.000	1.935
3928.000	1.935
3929.000	1.935
3930.000	1.935
3931.000	1.935
3932.000	1.935
3933.000	1.935
3934.000	1.935
3935.000	1.935
3936.000	1.935
3937.000	1.935
3938.000	1.935
3939.000	1.899
3940.000	1.899
3941.000	1.899
3942.000	1.899
3943.000	1.899
3944.000	1.899
3945.000	1.899
3946.000	1.899
3947.000	1.899
3948.000	1.899
3949.000	1.899
3950.000	1.899
3951.000	1.899
3952.000	1.899
3953.000	1.899
3954.000	1.899
3955.000	1.899
3956.000	1.899
3957.000	1.899
3958.000	1.899
3959.000	1.899
3960.000	1.899
3961.000	1.899
3962.000	1.899
3963.000	1.899
3964.000	1.899
3965.000	1.899
3966.000	1.899
3967.000	1.899
3968.000	1.899
3969.000	1.899
3970.000	1.899
3971.000	1.899
3972.000	1.899
3973.000	1.899
3974.000	1.899
3975.000	1.899
3976.000	1.899
3977.000	1.899
3978.000	1.899
3979.000	1.899
3980.000	1.899
3981.000	1.899
3982.000	1.899
3983.000	1.899
3984.000	1.899
3985.000	1.899
3986.000	1.899
3987.000	1.899
3988.000	1.899
3989.000	1.846
3990.000	1.846
3991.000	1.846
3992.000	1.846
3993.000	1.846
3994.000	1.846
3995.000	1.846
3996.000	1.846
3997.000	1.846
3998.000	1.846
3999.000	1.846
4000.000	1.846
4001.000	1.846
4002.000	1.846
4003.000	1.846
4004.000	1.846
4005.000	1.846
4006.000	1.846
4007.000	1.846
4008.000	1.846
4009.000	1.846
4010.000	1.846
4011.000	1.846
4012.000	1.846
4013.000	1.846
4014.000	1.844
4015.000	1.844
4016.000	1.844
4017.000	1.844
4018.000	1.844
4019.000	1.844
4020.000	1.844
4021.000	1.844
4022.000	1.844
4023.000	1.844
4024.000	1.835
4025.000	1.835
4026.000	1.835
4027.000	1.835
4028.000	1.835
4029.000	1.835
4030.000	1.835
4031.000	1.835
4032.000	1.835
4033.000	1.835
4034.000	1.834
4035.000	1.834
4036.000	1.834
4037.000	1.834
4038.000	1.834
4039.000	1.834
4040.000	1.834
4041.000	1.834
4042.000	1.834
4043.000	1.834
4044.000	1.834
4045.000	1.834
4046.000	1.834
4047.000	1.834
4048.000	1.834
4049.000	1.834
4050.000	1.834
4051.000	1.834
4052.000	1.834
4053.000	1.834
4054.000	1.834
4055.000	1.834
4056.000	1.834
4057.000	1.832
4058.000	1.832
4059.000	1.832
4060.000	1.832
4061.000	1.832
4062.000	1.832
4063.000	1.832
4064.000	1.832
4065.000	1.832
4066.000	1.832
4067.000	1.832
4068.000	1.828
4069.000	1.828
4070.000	1.828
4071.000	1.828
4072.000	1.828
4073.000	1.828
4074.000	1.828
4075.000	1.828
4076.000	1.819
4077.000	1.819
4078.000	1.819
4079.000	1.819
4080.000	1.819
4081.000	1.819
4082.000	1.819
4083.000	1.819
4084.000	1.819
4085.000	1.819
4086.000	1.819
4087.000	1.819
4088.000	1.819
4089.000	1.819
4090.000	1.819
4091.000	1.819
4092.000	1.819
4093.000	1.819
4094.000	1.819
4095.000	1.687
