0.000	20.636
1.000	20.470
2.000	20.295
3.000	19.601
4.000	19.593
5.000	19.585
6.000	19.578
7.000	19.570
8.000	19.562
9.000	19.555
10.000	19.547
11.000	19.539
12.000	19.532
13.000	19.524
14.000	19.517
15.000	19.509
16.000	19.501
17.000	19.463
18.000	19.455
19.000	19.422
20.000	19.393
21.000	19.386
22.000	19.378
23.000	19.370
24.000	19.363
25.000	19.355
26.000	19.347
27.000	19.338
28.000	19.328
29.000	19.321
30.000	19.311
31.000	19.302
32.000	19.292
33.000	19.283
34.000	19.273
35.000	19.264
36.000	19.254
37.000	19.245
38.000	19.235
39.000	19.226
40.000	19.218
41.000	19.209
42.000	19.200
43.000	19.190
44.000	19.181
45.000	19.170
46.000	19.159
47.000	19.149
48.000	19.138
49.000	19.124
50.000	19.110
51.000	19.103
52.000	19.089
53.000	19.075
54.000	19.061
55.000	19.048
56.000	19.034
57.000	19.020
58.000	19.007
59.000	18.993
60.000	18.980
61.000	18.966
62.000	18.959
63.000	18.945
64.000	18.930
65.000	18.916
66.000	18.902
67.000	18.889
68.000	18.876
69.000	18.863
70.000	18.850
71.000	18.836
72.000	18.823
73.000	18.816
74.000	18.802
75.000	18.789
76.000	18.775
77.000	18.761
78.000	18.746
79.000	18.732
80.000	18.717
81.000	18.703
82.000	18.689
83.000	18.674
84.000	18.667
85.000	18.653
86.000	18.638
87.000	18.625
88.000	18.611
89.000	18.596
90.000	18.581
91.000	18.566
92.000	18.554
93.000	18.542
94.000	18.529
95.000	18.516
96.000	18.508
97.000	18.495
98.000	18.482
99.000	18.469
100.000	18.455
101.000	18.442
102.000	18.429
103.000	18.415
104.000	18.402
105.000	18.389
106.000	18.375
107.000	18.368
108.000	18.355
109.000	18.342
110.000	18.330
111.000	18.318
112.000	18.305
113.000	18.292
114.000	18.278
115.000	18.264
116.000	18.250
117.000	18.237
118.000	18.230
119.000	18.216
120.000	18.203
121.000	18.190
122.000	18.176
123.000	18.162
124.000	18.148
125.000	18.135
126.000	18.119
127.000	18.103
128.000	18.086
129.000	18.078
130.000	18.061
131.000	18.044
132.000	18.027
133.000	18.010
134.000	17.992
135.000	17.974
136.000	17.956
137.000	17.938
138.000	17.920
139.000	17.901
140.000	17.894
141.000	17.875
142.000	17.856
143.000	17.836
144.000	17.817
145.000	17.797
146.000	17.777
147.000	17.755
148.000	17.733
149.000	17.710
150.000	17.687
151.000	17.523
152.000	17.499
153.000	17.474
154.000	17.450
155.000	17.424
156.000	17.397
157.000	17.370
158.000	17.343
159.000	17.313
160.000	17.284
161.000	17.254
162.000	17.223
163.000	17.216
164.000	17.185
165.000	17.152
166.000	17.120
167.000	17.088
168.000	17.056
169.000	17.024
170.000	16.990
171.000	16.957
172.000	16.923
173.000	16.887
174.000	16.737
175.000	16.701
176.000	16.665
177.000	16.630
178.000	16.595
179.000	16.560
180.000	16.526
181.000	16.491
182.000	16.457
183.000	16.426
184.000	16.393
185.000	16.353
186.000	16.320
187.000	16.288
188.000	16.255
189.000	16.222
190.000	16.187
191.000	16.153
192.000	16.119
193.000	16.083
194.000	16.046
195.000	16.010
196.000	15.987
197.000	15.950
198.000	15.912
199.000	15.875
200.000	15.838
201.000	15.800
202.000	15.763
203.000	15.725
204.000	15.686
205.000	15.648
206.000	15.610
207.000	15.602
208.000	15.563
209.000	15.526
210.000	15.488
211.000	15.450
212.000	15.411
213.000	15.374
214.000	15.336
215.000	15.299
216.000	15.262
217.000	15.225
218.000	15.168
219.000	15.131
220.000	15.093
221.000	15.056
222.000	15.018
223.000	14.983
224.000	14.947
225.000	14.912
226.000	14.877
227.000	14.842
228.000	14.806
229.000	14.772
230.000	14.763
231.000	14.728
232.000	14.693
233.000	14.658
234.000	14.623
235.000	14.587
236.000	14.553
237.000	14.519
238.000	14.485
239.000	14.451
240.000	14.419
241.000	14.416
242.000	14.383
243.000	14.351
244.000	14.318
245.000	14.285
246.000	14.252
247.000	14.218
248.000	14.185
249.000	14.151
250.000	14.118
251.000	14.084
252.000	14.006
253.000	13.972
254.000	13.940
255.000	13.909
256.000	13.877
257.000	13.845
258.000	13.813
259.000	13.782
260.000	13.752
261.000	13.722
262.000	13.693
263.000	13.632
264.000	13.602
265.000	13.575
266.000	13.548
267.000	13.521
268.000	13.496
269.000	13.470
270.000	13.440
271.000	13.410
272.000	13.381
273.000	13.353
274.000	13.340
275.000	13.313
276.000	13.285
277.000	13.259
278.000	13.233
279.000	13.207
280.000	13.181
281.000	13.156
282.000	13.130
283.000	13.106
284.000	13.082
285.000	13.069
286.000	13.046
287.000	13.022
288.000	12.999
289.000	12.976
290.000	12.951
291.000	12.927
292.000	12.903
293.000	12.879
294.000	12.854
295.000	12.831
296.000	12.827
297.000	12.804
298.000	12.780
299.000	12.758
300.000	12.735
301.000	12.712
302.000	12.689
303.000	12.665
304.000	12.640
305.000	12.617
306.000	12.594
307.000	12.570
308.000	12.156
309.000	12.133
310.000	12.110
311.000	12.087
312.000	12.064
313.000	12.041
314.000	12.019
315.000	11.996
316.000	11.974
317.000	11.952
318.000	11.929
319.000	11.857
320.000	11.835
321.000	11.812
322.000	11.790
323.000	11.766
324.000	11.742
325.000	11.718
326.000	11.695
327.000	11.672
328.000	11.650
329.000	11.628
330.000	11.415
331.000	11.391
332.000	11.367
333.000	11.343
334.000	11.319
335.000	11.294
336.000	11.269
337.000	11.244
338.000	11.219
339.000	11.194
340.000	11.168
341.000	11.168
342.000	11.142
343.000	11.116
344.000	11.089
345.000	11.062
346.000	11.035
347.000	11.007
348.000	10.980
349.000	10.952
350.000	10.923
351.000	10.894
352.000	10.798
353.000	10.769
354.000	10.739
355.000	10.709
356.000	10.684
357.000	10.659
358.000	10.634
359.000	10.608
360.000	10.582
361.000	10.556
362.000	10.529
363.000	10.529
364.000	10.502
365.000	10.474
366.000	10.447
367.000	10.420
368.000	10.393
369.000	10.367
370.000	10.340
371.000	10.313
372.000	10.287
373.000	10.261
374.000	10.235
375.000	10.235
376.000	10.209
377.000	10.183
378.000	10.152
379.000	10.122
380.000	10.093
381.000	10.065
382.000	10.037
383.000	10.006
384.000	9.976
385.000	9.946
386.000	9.926
387.000	9.896
388.000	9.867
389.000	9.837
390.000	9.806
391.000	9.775
392.000	9.744
393.000	9.713
394.000	9.683
395.000	9.655
396.000	9.625
397.000	9.613
398.000	9.584
399.000	9.554
400.000	9.524
401.000	9.495
402.000	9.465
403.000	9.435
404.000	9.406
405.000	9.377
406.000	9.348
407.000	9.318
408.000	9.318
409.000	9.289
410.000	9.260
411.000	9.232
412.000	9.203
413.000	9.175
414.000	9.146
415.000	9.116
416.000	9.086
417.000	9.057
418.000	9.027
419.000	9.027
420.000	8.999
421.000	8.970
422.000	8.942
423.000	8.914
424.000	8.886
425.000	8.858
426.000	8.829
427.000	8.800
428.000	8.772
429.000	8.744
430.000	8.744
431.000	8.716
432.000	8.688
433.000	8.660
434.000	8.633
435.000	8.606
436.000	8.579
437.000	8.552
438.000	8.524
439.000	8.498
440.000	8.472
441.000	8.446
442.000	8.446
443.000	8.420
444.000	8.395
445.000	8.371
446.000	8.347
447.000	8.322
448.000	8.296
449.000	8.271
450.000	8.246
451.000	8.221
452.000	8.198
453.000	8.198
454.000	8.174
455.000	8.150
456.000	8.127
457.000	8.104
458.000	8.081
459.000	8.057
460.000	8.034
461.000	8.011
462.000	7.988
463.000	7.965
464.000	7.965
465.000	7.943
466.000	7.922
467.000	7.899
468.000	7.878
469.000	7.856
470.000	7.835
471.000	7.814
472.000	7.792
473.000	7.771
474.000	7.750
475.000	7.750
476.000	7.729
477.000	7.708
478.000	7.687
479.000	7.665
480.000	7.643
481.000	7.622
482.000	7.600
483.000	7.578
484.000	7.560
485.000	7.542
486.000	7.542
487.000	7.524
488.000	7.507
489.000	7.489
490.000	7.471
491.000	7.453
492.000	7.437
493.000	7.422
494.000	7.405
495.000	7.389
496.000	7.373
497.000	7.364
498.000	7.348
499.000	7.333
500.000	7.318
501.000	7.303
502.000	7.289
503.000	7.274
504.000	7.259
505.000	7.245
506.000	7.230
507.000	7.217
508.000	7.206
509.000	7.193
510.000	7.179
511.000	7.167
512.000	7.154
513.000	7.140
514.000	7.127
515.000	7.114
516.000	7.101
517.000	7.089
518.000	7.077
519.000	7.065
520.000	7.065
521.000	7.053
522.000	7.041
523.000	7.029
524.000	7.017
525.000	7.005
526.000	6.993
527.000	6.981
528.000	6.970
529.000	6.959
530.000	6.949
531.000	6.899
532.000	6.889
533.000	6.879
534.000	6.869
535.000	6.860
536.000	6.850
537.000	6.840
538.000	6.831
539.000	6.821
540.000	6.811
541.000	6.801
542.000	6.801
543.000	6.791
544.000	6.782
545.000	6.773
546.000	6.764
547.000	6.756
548.000	6.747
549.000	6.738
550.000	6.730
551.000	6.722
552.000	6.713
553.000	6.713
554.000	6.705
555.000	6.697
556.000	6.689
557.000	6.681
558.000	6.673
559.000	6.666
560.000	6.658
561.000	6.651
562.000	6.643
563.000	6.636
564.000	6.636
565.000	6.629
566.000	6.622
567.000	6.615
568.000	6.608
569.000	6.602
570.000	6.596
571.000	6.590
572.000	6.584
573.000	6.578
574.000	6.573
575.000	6.573
576.000	6.567
577.000	6.562
578.000	6.556
579.000	6.551
580.000	6.546
581.000	6.540
582.000	6.535
583.000	6.530
584.000	6.525
585.000	6.519
586.000	6.514
587.000	6.514
588.000	6.509
589.000	6.504
590.000	6.499
591.000	6.493
592.000	6.489
593.000	6.484
594.000	6.479
595.000	6.475
596.000	6.470
597.000	6.465
598.000	6.465
599.000	6.460
600.000	6.456
601.000	6.451
602.000	6.446
603.000	6.440
604.000	6.435
605.000	6.430
606.000	6.426
607.000	6.421
608.000	6.417
609.000	6.410
610.000	6.405
611.000	6.401
612.000	6.397
613.000	6.392
614.000	6.388
615.000	6.384
616.000	6.380
617.000	6.376
618.000	6.372
619.000	6.368
620.000	6.368
621.000	6.363
622.000	6.359
623.000	6.352
624.000	6.345
625.000	6.339
626.000	6.332
627.000	6.326
628.000	6.319
629.000	6.313
630.000	6.306
631.000	6.306
632.000	6.300
633.000	6.294
634.000	6.287
635.000	6.281
636.000	6.275
637.000	6.268
638.000	6.262
639.000	6.256
640.000	6.250
641.000	6.243
642.000	6.243
643.000	6.237
644.000	6.231
645.000	6.225
646.000	6.219
647.000	6.212
648.000	6.205
649.000	6.197
650.000	6.190
651.000	6.182
652.000	6.175
653.000	6.167
654.000	6.167
655.000	6.160
656.000	6.153
657.000	6.145
658.000	6.138
659.000	6.130
660.000	6.123
661.000	6.115
662.000	6.108
663.000	6.101
664.000	6.093
665.000	6.093
666.000	6.086
667.000	6.078
668.000	6.071
669.000	6.064
670.000	6.057
671.000	6.049
672.000	6.042
673.000	6.035
674.000	6.027
675.000	6.020
676.000	6.020
677.000	6.012
678.000	6.005
679.000	5.997
680.000	5.989
681.000	5.981
682.000	5.973
683.000	5.966
684.000	5.958
685.000	5.950
686.000	5.942
687.000	5.942
688.000	5.934
689.000	5.926
690.000	5.919
691.000	5.911
692.000	5.904
693.000	5.896
694.000	5.889
695.000	5.881
696.000	5.873
697.000	5.866
698.000	5.866
699.000	5.858
700.000	5.851
701.000	5.843
702.000	5.835
703.000	5.827
704.000	5.820
705.000	5.812
706.000	5.804
707.000	5.796
708.000	5.789
709.000	5.789
710.000	5.781
711.000	5.773
712.000	5.766
713.000	5.758
714.000	5.750
715.000	5.743
716.000	5.735
717.000	5.727
718.000	5.719
719.000	5.711
720.000	5.711
721.000	5.703
722.000	5.695
723.000	5.687
724.000	5.680
725.000	5.672
726.000	5.664
727.000	5.656
728.000	5.648
729.000	5.641
730.000	5.632
731.000	5.624
732.000	5.624
733.000	5.616
734.000	5.608
735.000	5.601
736.000	5.593
737.000	5.585
738.000	5.577
739.000	5.569
740.000	5.562
741.000	5.554
742.000	5.546
743.000	5.546
744.000	5.538
745.000	5.531
746.000	5.523
747.000	5.515
748.000	5.506
749.000	5.498
750.000	5.490
751.000	5.481
752.000	5.474
753.000	5.466
754.000	5.388
755.000	5.380
756.000	5.372
757.000	5.364
758.000	5.356
759.000	5.349
760.000	5.340
761.000	5.332
762.000	5.324
763.000	5.316
764.000	5.308
765.000	5.308
766.000	5.300
767.000	5.292
768.000	5.283
769.000	5.275
770.000	5.267
771.000	5.259
772.000	5.251
773.000	5.244
774.000	5.236
775.000	5.228
776.000	5.228
777.000	5.220
778.000	5.215
779.000	5.210
780.000	5.205
781.000	5.199
782.000	5.194
783.000	5.189
784.000	5.184
785.000	5.179
786.000	5.174
787.000	5.174
788.000	5.169
789.000	5.164
790.000	5.159
791.000	5.153
792.000	5.148
793.000	5.143
794.000	5.138
795.000	5.133
796.000	5.128
797.000	5.123
798.000	5.118
799.000	5.118
800.000	5.113
801.000	5.108
802.000	5.103
803.000	5.098
804.000	5.093
805.000	5.089
806.000	5.085
807.000	5.081
808.000	5.077
809.000	5.074
810.000	5.017
811.000	5.014
812.000	5.010
813.000	5.007
814.000	5.003
815.000	5.000
816.000	4.996
817.000	4.992
818.000	4.989
819.000	4.985
820.000	4.982
821.000	4.982
822.000	4.978
823.000	4.974
824.000	4.971
825.000	4.967
826.000	4.963
827.000	4.960
828.000	4.956
829.000	4.951
830.000	4.947
831.000	4.943
832.000	4.943
833.000	4.939
834.000	4.935
835.000	4.931
836.000	4.927
837.000	4.923
838.000	4.918
839.000	4.914
840.000	4.910
841.000	4.906
842.000	4.902
843.000	4.888
844.000	4.884
845.000	4.880
846.000	4.876
847.000	4.873
848.000	4.869
849.000	4.866
850.000	4.862
851.000	4.859
852.000	4.855
853.000	4.852
854.000	4.852
855.000	4.848
856.000	4.844
857.000	4.841
858.000	4.837
859.000	4.833
860.000	4.829
861.000	4.825
862.000	4.821
863.000	4.818
864.000	4.814
865.000	4.810
866.000	4.810
867.000	4.806
868.000	4.802
869.000	4.798
870.000	4.794
871.000	4.790
872.000	4.786
873.000	4.782
874.000	4.778
875.000	4.774
876.000	4.770
877.000	4.770
878.000	4.767
879.000	4.762
880.000	4.758
881.000	4.754
882.000	4.750
883.000	4.746
884.000	4.742
885.000	4.738
886.000	4.734
887.000	4.730
888.000	4.730
889.000	4.726
890.000	4.722
891.000	4.719
892.000	4.715
893.000	4.711
894.000	4.707
895.000	4.703
896.000	4.699
897.000	4.695
898.000	4.691
899.000	4.691
900.000	4.687
901.000	4.683
902.000	4.679
903.000	4.675
904.000	4.670
905.000	4.666
906.000	4.662
907.000	4.659
908.000	4.655
909.000	4.651
910.000	4.651
911.000	4.647
912.000	4.644
913.000	4.640
914.000	4.636
915.000	4.632
916.000	4.628
917.000	4.624
918.000	4.620
919.000	4.616
920.000	4.612
921.000	4.612
922.000	4.608
923.000	4.604
924.000	4.599
925.000	4.595
926.000	4.591
927.000	4.588
928.000	4.584
929.000	4.580
930.000	4.577
931.000	4.573
932.000	4.569
933.000	4.569
934.000	4.565
935.000	4.561
936.000	4.557
937.000	4.554
938.000	4.550
939.000	4.546
940.000	4.543
941.000	4.539
942.000	4.536
943.000	4.532
944.000	4.498
945.000	4.494
946.000	4.491
947.000	4.487
948.000	4.484
949.000	4.481
950.000	4.477
951.000	4.474
952.000	4.471
953.000	4.467
954.000	4.464
955.000	4.464
956.000	4.460
957.000	4.456
958.000	4.452
959.000	4.448
960.000	4.444
961.000	4.440
962.000	4.436
963.000	4.432
964.000	4.429
965.000	4.425
966.000	4.425
967.000	4.421
968.000	4.417
969.000	4.413
970.000	4.409
971.000	4.405
972.000	4.401
973.000	4.398
974.000	4.394
975.000	4.390
976.000	4.386
977.000	4.386
978.000	4.382
979.000	4.378
980.000	4.374
981.000	4.370
982.000	4.366
983.000	4.362
984.000	4.358
985.000	4.354
986.000	4.350
987.000	4.346
988.000	4.287
989.000	4.283
990.000	4.278
991.000	4.274
992.000	4.270
993.000	4.266
994.000	4.262
995.000	4.257
996.000	4.253
997.000	4.249
998.000	4.245
999.000	4.245
1000.000	4.241
1001.000	4.236
1002.000	4.232
1003.000	4.228
1004.000	4.224
1005.000	4.220
1006.000	4.216
1007.000	4.212
1008.000	4.208
1009.000	4.204
1010.000	4.200
1011.000	4.200
1012.000	4.196
1013.000	4.192
1014.000	4.188
1015.000	4.184
1016.000	4.180
1017.000	4.176
1018.000	4.172
1019.000	4.168
1020.000	4.164
1021.000	4.160
1022.000	4.160
1023.000	4.156
1024.000	4.152
1025.000	4.148
1026.000	4.145
1027.000	4.141
1028.000	4.137
1029.000	4.133
1030.000	4.129
1031.000	4.126
1032.000	4.122
1033.000	4.122
1034.000	4.118
1035.000	4.114
1036.000	4.111
1037.000	4.107
1038.000	4.103
1039.000	4.100
1040.000	4.096
1041.000	4.092
1042.000	4.089
1043.000	4.085
1044.000	4.085
1045.000	4.081
1046.000	4.078
1047.000	4.074
1048.000	4.071
1049.000	4.067
1050.000	4.063
1051.000	4.060
1052.000	4.056
1053.000	4.053
1054.000	4.050
1055.000	4.034
1056.000	4.031
1057.000	4.028
1058.000	4.024
1059.000	4.021
1060.000	4.018
1061.000	4.014
1062.000	4.011
1063.000	4.008
1064.000	4.005
1065.000	4.002
1066.000	4.002
1067.000	3.998
1068.000	3.995
1069.000	3.992
1070.000	3.989
1071.000	3.986
1072.000	3.983
1073.000	3.979
1074.000	3.976
1075.000	3.973
1076.000	3.970
1077.000	3.967
1078.000	3.967
1079.000	3.964
1080.000	3.961
1081.000	3.957
1082.000	3.954
1083.000	3.951
1084.000	3.948
1085.000	3.945
1086.000	3.942
1087.000	3.940
1088.000	3.937
1089.000	3.937
1090.000	3.934
1091.000	3.931
1092.000	3.928
1093.000	3.925
1094.000	3.922
1095.000	3.919
1096.000	3.916
1097.000	3.913
1098.000	3.910
1099.000	3.907
1100.000	3.907
1101.000	3.904
1102.000	3.900
1103.000	3.898
1104.000	3.895
1105.000	3.892
1106.000	3.889
1107.000	3.886
1108.000	3.883
1109.000	3.880
1110.000	3.877
1111.000	3.877
1112.000	3.874
1113.000	3.871
1114.000	3.868
1115.000	3.865
1116.000	3.862
1117.000	3.859
1118.000	3.856
1119.000	3.853
1120.000	3.850
1121.000	3.847
1122.000	3.831
1123.000	3.828
1124.000	3.825
1125.000	3.822
1126.000	3.819
1127.000	3.816
1128.000	3.813
1129.000	3.810
1130.000	3.807
1131.000	3.804
1132.000	3.801
1133.000	3.801
1134.000	3.798
1135.000	3.796
1136.000	3.793
1137.000	3.790
1138.000	3.787
1139.000	3.785
1140.000	3.782
1141.000	3.779
1142.000	3.776
1143.000	3.773
1144.000	3.770
1145.000	3.770
1146.000	3.767
1147.000	3.764
1148.000	3.761
1149.000	3.758
1150.000	3.755
1151.000	3.752
1152.000	3.749
1153.000	3.746
1154.000	3.744
1155.000	3.741
1156.000	3.704
1157.000	3.701
1158.000	3.698
1159.000	3.695
1160.000	3.692
1161.000	3.689
1162.000	3.687
1163.000	3.684
1164.000	3.681
1165.000	3.678
1166.000	3.675
1167.000	3.675
1168.000	3.672
1169.000	3.669
1170.000	3.667
1171.000	3.664
1172.000	3.661
1173.000	3.658
1174.000	3.655
1175.000	3.653
1176.000	3.651
1177.000	3.648
1178.000	3.622
1179.000	3.620
1180.000	3.617
1181.000	3.615
1182.000	3.613
1183.000	3.610
1184.000	3.608
1185.000	3.606
1186.000	3.603
1187.000	3.601
1188.000	3.599
1189.000	3.599
1190.000	3.596
1191.000	3.594
1192.000	3.592
1193.000	3.589
1194.000	3.587
1195.000	3.585
1196.000	3.583
1197.000	3.580
1198.000	3.578
1199.000	3.576
1200.000	3.576
1201.000	3.574
1202.000	3.571
1203.000	3.569
1204.000	3.567
1205.000	3.565
1206.000	3.562
1207.000	3.560
1208.000	3.558
1209.000	3.556
1210.000	3.554
1211.000	3.554
1212.000	3.551
1213.000	3.549
1214.000	3.547
1215.000	3.545
1216.000	3.542
1217.000	3.540
1218.000	3.538
1219.000	3.536
1220.000	3.534
1221.000	3.531
1222.000	3.529
1223.000	3.529
1224.000	3.527
1225.000	3.525
1226.000	3.523
1227.000	3.521
1228.000	3.519
1229.000	3.516
1230.000	3.514
1231.000	3.512
1232.000	3.510
1233.000	3.507
1234.000	3.507
1235.000	3.505
1236.000	3.503
1237.000	3.500
1238.000	3.498
1239.000	3.495
1240.000	3.493
1241.000	3.491
1242.000	3.488
1243.000	3.486
1244.000	3.484
1245.000	3.484
1246.000	3.481
1247.000	3.478
1248.000	3.475
1249.000	3.472
1250.000	3.469
1251.000	3.466
1252.000	3.464
1253.000	3.461
1254.000	3.458
1255.000	3.456
1256.000	3.456
1257.000	3.453
1258.000	3.450
1259.000	3.448
1260.000	3.445
1261.000	3.443
1262.000	3.440
1263.000	3.437
1264.000	3.435
1265.000	3.432
1266.000	3.429
1267.000	3.429
1268.000	3.427
1269.000	3.424
1270.000	3.422
1271.000	3.419
1272.000	3.417
1273.000	3.414
1274.000	3.411
1275.000	3.409
1276.000	3.406
1277.000	3.404
1278.000	3.404
1279.000	3.401
1280.000	3.398
1281.000	3.396
1282.000	3.393
1283.000	3.391
1284.000	3.388
1285.000	3.385
1286.000	3.383
1287.000	3.380
1288.000	3.378
1289.000	3.375
1290.000	3.375
1291.000	3.373
1292.000	3.370
1293.000	3.368
1294.000	3.366
1295.000	3.363
1296.000	3.361
1297.000	3.358
1298.000	3.356
1299.000	3.353
1300.000	3.351
1301.000	3.351
1302.000	3.349
1303.000	3.346
1304.000	3.344
1305.000	3.342
1306.000	3.339
1307.000	3.336
1308.000	3.333
1309.000	3.331
1310.000	3.328
1311.000	3.326
1312.000	3.326
1313.000	3.323
1314.000	3.320
1315.000	3.318
1316.000	3.315
1317.000	3.313
1318.000	3.310
1319.000	3.308
1320.000	3.305
1321.000	3.303
1322.000	3.300
1323.000	3.300
1324.000	3.298
1325.000	3.295
1326.000	3.293
1327.000	3.290
1328.000	3.288
1329.000	3.285
1330.000	3.282
1331.000	3.280
1332.000	3.277
1333.000	3.275
1334.000	3.275
1335.000	3.272
1336.000	3.269
1337.000	3.267
1338.000	3.264
1339.000	3.262
1340.000	3.259
1341.000	3.257
1342.000	3.254
1343.000	3.252
1344.000	3.249
1345.000	3.249
1346.000	3.247
1347.000	3.244
1348.000	3.242
1349.000	3.240
1350.000	3.237
1351.000	3.235
1352.000	3.233
1353.000	3.230
1354.000	3.228
1355.000	3.226
1356.000	3.223
1357.000	3.223
1358.000	3.221
1359.000	3.219
1360.000	3.216
1361.000	3.214
1362.000	3.212
1363.000	3.209
1364.000	3.207
1365.000	3.205
1366.000	3.203
1367.000	3.200
1368.000	3.200
1369.000	3.198
1370.000	3.196
1371.000	3.194
1372.000	3.191
1373.000	3.189
1374.000	3.187
1375.000	3.185
1376.000	3.183
1377.000	3.181
1378.000	3.179
1379.000	3.179
1380.000	3.177
1381.000	3.175
1382.000	3.173
1383.000	3.171
1384.000	3.169
1385.000	3.167
1386.000	3.165
1387.000	3.163
1388.000	3.161
1389.000	3.159
1390.000	3.159
1391.000	3.157
1392.000	3.155
1393.000	3.153
1394.000	3.151
1395.000	3.149
1396.000	3.147
1397.000	3.145
1398.000	3.143
1399.000	3.141
1400.000	3.139
1401.000	3.139
1402.000	3.137
1403.000	3.136
1404.000	3.134
1405.000	3.132
1406.000	3.131
1407.000	3.129
1408.000	3.127
1409.000	3.126
1410.000	3.124
1411.000	3.123
1412.000	3.123
1413.000	3.121
1414.000	3.119
1415.000	3.118
1416.000	3.116
1417.000	3.115
1418.000	3.113
1419.000	3.111
1420.000	3.110
1421.000	3.108
1422.000	3.106
1423.000	3.106
1424.000	3.104
1425.000	3.103
1426.000	3.101
1427.000	3.099
1428.000	3.098
1429.000	3.096
1430.000	3.094
1431.000	3.092
1432.000	3.091
1433.000	3.089
1434.000	3.087
1435.000	3.087
1436.000	3.086
1437.000	3.084
1438.000	3.082
1439.000	3.081
1440.000	3.079
1441.000	3.077
1442.000	3.075
1443.000	3.074
1444.000	3.072
1445.000	3.070
1446.000	3.070
1447.000	3.068
1448.000	3.066
1449.000	3.063
1450.000	3.060
1451.000	3.057
1452.000	3.054
1453.000	3.050
1454.000	3.047
1455.000	3.044
1456.000	3.041
1457.000	3.041
1458.000	3.038
1459.000	3.035
1460.000	3.031
1461.000	3.028
1462.000	3.025
1463.000	3.022
1464.000	3.019
1465.000	3.016
1466.000	3.013
1467.000	3.009
1468.000	3.009
1469.000	3.006
1470.000	3.003
1471.000	3.000
1472.000	2.997
1473.000	2.994
1474.000	2.991
1475.000	2.988
1476.000	2.985
1477.000	2.982
1478.000	2.979
1479.000	2.979
1480.000	2.976
1481.000	2.973
1482.000	2.970
1483.000	2.967
1484.000	2.964
1485.000	2.960
1486.000	2.958
1487.000	2.955
1488.000	2.952
1489.000	2.949
1490.000	2.949
1491.000	2.946
1492.000	2.943
1493.000	2.940
1494.000	2.937
1495.000	2.934
1496.000	2.932
1497.000	2.929
1498.000	2.926
1499.000	2.923
1500.000	2.920
1501.000	2.917
1502.000	2.917
1503.000	2.914
1504.000	2.912
1505.000	2.909
1506.000	2.906
1507.000	2.903
1508.000	2.900
1509.000	2.898
1510.000	2.895
1511.000	2.892
1512.000	2.890
1513.000	2.890
1514.000	2.887
1515.000	2.885
1516.000	2.882
1517.000	2.879
1518.000	2.877
1519.000	2.874
1520.000	2.872
1521.000	2.869
1522.000	2.866
1523.000	2.864
1524.000	2.864
1525.000	2.862
1526.000	2.860
1527.000	2.858
1528.000	2.856
1529.000	2.854
1530.000	2.852
1531.000	2.850
1532.000	2.848
1533.000	2.846
1534.000	2.844
1535.000	2.844
1536.000	2.842
1537.000	2.840
1538.000	2.838
1539.000	2.836
1540.000	2.834
1541.000	2.832
1542.000	2.830
1543.000	2.828
1544.000	2.826
1545.000	2.824
1546.000	2.824
1547.000	2.822
1548.000	2.820
1549.000	2.818
1550.000	2.816
1551.000	2.814
1552.000	2.812
1553.000	2.810
1554.000	2.808
1555.000	2.806
1556.000	2.804
1557.000	2.804
1558.000	2.802
1559.000	2.800
1560.000	2.798
1561.000	2.796
1562.000	2.794
1563.000	2.792
1564.000	2.790
1565.000	2.789
1566.000	2.787
1567.000	2.785
1568.000	2.783
1569.000	2.783
1570.000	2.781
1571.000	2.779
1572.000	2.777
1573.000	2.775
1574.000	2.773
1575.000	2.772
1576.000	2.770
1577.000	2.768
1578.000	2.766
1579.000	2.764
1580.000	2.764
1581.000	2.762
1582.000	2.760
1583.000	2.758
1584.000	2.757
1585.000	2.755
1586.000	2.753
1587.000	2.751
1588.000	2.749
1589.000	2.747
1590.000	2.745
1591.000	2.745
1592.000	2.742
1593.000	2.739
1594.000	2.737
1595.000	2.734
1596.000	2.732
1597.000	2.730
1598.000	2.727
1599.000	2.725
1600.000	2.723
1601.000	2.720
1602.000	2.720
1603.000	2.718
1604.000	2.716
1605.000	2.714
1606.000	2.711
1607.000	2.709
1608.000	2.707
1609.000	2.705
1610.000	2.702
1611.000	2.700
1612.000	2.698
1613.000	2.698
1614.000	2.695
1615.000	2.693
1616.000	2.691
1617.000	2.689
1618.000	2.686
1619.000	2.684
1620.000	2.682
1621.000	2.680
1622.000	2.677
1623.000	2.675
1624.000	2.675
1625.000	2.673
1626.000	2.671
1627.000	2.668
1628.000	2.665
1629.000	2.663
1630.000	2.660
1631.000	2.657
1632.000	2.654
1633.000	2.652
1634.000	2.649
1635.000	2.646
1636.000	2.646
1637.000	2.643
1638.000	2.641
1639.000	2.638
1640.000	2.635
1641.000	2.633
1642.000	2.630
1643.000	2.627
1644.000	2.624
1645.000	2.622
1646.000	2.619
1647.000	2.619
1648.000	2.616
1649.000	2.614
1650.000	2.611
1651.000	2.608
1652.000	2.605
1653.000	2.603
1654.000	2.600
1655.000	2.598
1656.000	2.595
1657.000	2.592
1658.000	2.592
1659.000	2.590
1660.000	2.587
1661.000	2.584
1662.000	2.582
1663.000	2.579
1664.000	2.576
1665.000	2.574
1666.000	2.571
1667.000	2.568
1668.000	2.566
1669.000	2.566
1670.000	2.563
1671.000	2.560
1672.000	2.558
1673.000	2.555
1674.000	2.553
1675.000	2.550
1676.000	2.547
1677.000	2.545
1678.000	2.542
1679.000	2.539
1680.000	2.539
1681.000	2.537
1682.000	2.534
1683.000	2.532
1684.000	2.529
1685.000	2.526
1686.000	2.524
1687.000	2.521
1688.000	2.518
1689.000	2.516
1690.000	2.513
1691.000	2.513
1692.000	2.511
1693.000	2.508
1694.000	2.505
1695.000	2.503
1696.000	2.500
1697.000	2.498
1698.000	2.495
1699.000	2.492
1700.000	2.490
1701.000	2.487
1702.000	2.487
1703.000	2.485
1704.000	2.482
1705.000	2.479
1706.000	2.477
1707.000	2.474
1708.000	2.472
1709.000	2.469
1710.000	2.466
1711.000	2.464
1712.000	2.461
1713.000	2.459
1714.000	2.459
1715.000	2.456
1716.000	2.453
1717.000	2.451
1718.000	2.448
1719.000	2.446
1720.000	2.443
1721.000	2.440
1722.000	2.438
1723.000	2.435
1724.000	2.433
1725.000	2.433
1726.000	2.430
1727.000	2.427
1728.000	2.425
1729.000	2.422
1730.000	2.419
1731.000	2.417
1732.000	2.414
1733.000	2.412
1734.000	2.409
1735.000	2.406
1736.000	2.406
1737.000	2.404
1738.000	2.401
1739.000	2.398
1740.000	2.395
1741.000	2.392
1742.000	2.389
1743.000	2.386
1744.000	2.383
1745.000	2.380
1746.000	2.377
1747.000	2.151
1748.000	2.148
1749.000	2.145
1750.000	2.142
1751.000	2.139
1752.000	2.136
1753.000	2.133
1754.000	2.131
1755.000	2.128
1756.000	2.125
1757.000	2.122
1758.000	2.122
1759.000	2.119
1760.000	2.116
1761.000	2.113
1762.000	2.110
1763.000	2.108
1764.000	2.105
1765.000	2.102
1766.000	2.100
1767.000	2.099
1768.000	2.097
1769.000	2.097
1770.000	2.095
1771.000	2.094
1772.000	2.092
1773.000	2.090
1774.000	2.089
1775.000	2.087
1776.000	2.086
1777.000	2.084
1778.000	2.082
1779.000	2.081
1780.000	2.079
1781.000	2.079
1782.000	2.077
1783.000	2.076
1784.000	2.074
1785.000	2.073
1786.000	2.071
1787.000	2.069
1788.000	2.068
1789.000	2.066
1790.000	2.065
1791.000	2.063
1792.000	2.063
1793.000	2.061
1794.000	2.060
1795.000	2.058
1796.000	2.057
1797.000	2.055
1798.000	2.053
1799.000	2.052
1800.000	2.050
1801.000	2.049
1802.000	2.047
1803.000	2.047
1804.000	2.045
1805.000	2.043
1806.000	2.041
1807.000	2.039
1808.000	2.037
1809.000	2.035
1810.000	2.034
1811.000	2.032
1812.000	2.030
1813.000	2.028
1814.000	2.028
1815.000	2.026
1816.000	2.024
1817.000	2.022
1818.000	2.020
1819.000	2.018
1820.000	2.016
1821.000	2.014
1822.000	2.012
1823.000	2.010
1824.000	2.008
1825.000	2.008
1826.000	2.007
1827.000	2.005
1828.000	2.003
1829.000	2.001
1830.000	1.999
1831.000	1.997
1832.000	1.995
1833.000	1.993
1834.000	1.991
1835.000	1.989
1836.000	1.989
1837.000	1.987
1838.000	1.985
1839.000	1.983
1840.000	1.981
1841.000	1.979
1842.000	1.977
1843.000	1.975
1844.000	1.973
1845.000	1.971
1846.000	1.969
1847.000	1.967
1848.000	1.967
1849.000	1.965
1850.000	1.963
1851.000	1.961
1852.000	1.959
1853.000	1.957
1854.000	1.955
1855.000	1.953
1856.000	1.951
1857.000	1.949
1858.000	1.947
1859.000	1.947
1860.000	1.945
1861.000	1.943
1862.000	1.941
1863.000	1.939
1864.000	1.937
1865.000	1.935
1866.000	1.933
1867.000	1.931
1868.000	1.929
1869.000	1.927
1870.000	1.927
1871.000	1.925
1872.000	1.923
1873.000	1.921
1874.000	1.919
1875.000	1.917
1876.000	1.915
1877.000	1.913
1878.000	1.911
1879.000	1.909
1880.000	1.907
1881.000	1.907
1882.000	1.905
1883.000	1.903
1884.000	1.901
1885.000	1.899
1886.000	1.897
1887.000	1.895
1888.000	1.893
1889.000	1.891
1890.000	1.889
1891.000	1.887
1892.000	1.884
1893.000	1.882
1894.000	1.880
1895.000	1.878
1896.000	1.876
1897.000	1.874
1898.000	1.872
1899.000	1.870
1900.000	1.868
1901.000	1.866
1902.000	1.864
1903.000	1.864
1904.000	1.862
1905.000	1.860
1906.000	1.858
1907.000	1.856
1908.000	1.854
1909.000	1.852
1910.000	1.849
1911.000	1.847
1912.000	1.845
1913.000	1.843
1914.000	1.843
1915.000	1.841
1916.000	1.839
1917.000	1.837
1918.000	1.835
1919.000	1.833
1920.000	1.831
1921.000	1.828
1922.000	1.826
1923.000	1.824
1924.000	1.822
1925.000	1.820
1926.000	1.820
1927.000	1.818
1928.000	1.816
1929.000	1.814
1930.000	1.812
1931.000	1.809
1932.000	1.807
1933.000	1.805
1934.000	1.803
1935.000	1.801
1936.000	1.799
1937.000	1.799
1938.000	1.798
1939.000	1.796
1940.000	1.795
1941.000	1.793
1942.000	1.792
1943.000	1.790
1944.000	1.789
1945.000	1.787
1946.000	1.786
1947.000	1.784
1948.000	1.784
1949.000	1.783
1950.000	1.781
1951.000	1.780
1952.000	1.778
1953.000	1.777
1954.000	1.775
1955.000	1.774
1956.000	1.772
1957.000	1.771
1958.000	1.769
1959.000	1.769
1960.000	1.768
1961.000	1.766
1962.000	1.765
1963.000	1.763
1964.000	1.762
1965.000	1.760
1966.000	1.759
1967.000	1.757
1968.000	1.756
1969.000	1.754
1970.000	1.754
1971.000	1.753
1972.000	1.751
1973.000	1.750
1974.000	1.748
1975.000	1.747
1976.000	1.745
1977.000	1.744
1978.000	1.743
1979.000	1.741
1980.000	1.740
1981.000	1.740
1982.000	1.739
1983.000	1.738
1984.000	1.737
1985.000	1.736
1986.000	1.735
1987.000	1.734
1988.000	1.733
1989.000	1.732
1990.000	1.731
1991.000	1.730
1992.000	1.729
1993.000	1.729
1994.000	1.728
1995.000	1.727
1996.000	1.726
1997.000	1.725
1998.000	1.724
1999.000	1.723
2000.000	1.722
2001.000	1.721
2002.000	1.720
2003.000	1.719
2004.000	1.719
2005.000	1.718
2006.000	1.716
2007.000	1.715
2008.000	1.714
2009.000	1.713
2010.000	1.712
2011.000	1.711
2012.000	1.710
2013.000	1.709
2014.000	1.708
2015.000	1.691
2016.000	1.690
2017.000	1.689
2018.000	1.688
2019.000	1.687
2020.000	1.685
2021.000	1.684
2022.000	1.683
2023.000	1.682
2024.000	1.681
2025.000	1.679
2026.000	1.679
2027.000	1.678
2028.000	1.677
2029.000	1.676
2030.000	1.674
2031.000	1.673
2032.000	1.672
2033.000	1.671
2034.000	1.670
2035.000	1.668
2036.000	1.667
2037.000	1.667
2038.000	1.666
2039.000	1.665
2040.000	1.664
2041.000	1.662
2042.000	1.661
2043.000	1.660
2044.000	1.659
2045.000	1.658
2046.000	1.656
2047.000	1.655
2048.000	1.655
2049.000	1.654
2050.000	1.653
2051.000	1.652
2052.000	1.650
2053.000	1.649
2054.000	1.648
2055.000	1.647
2056.000	1.645
2057.000	1.644
2058.000	1.643
2059.000	1.642
2060.000	1.633
2061.000	1.631
2062.000	1.630
2063.000	1.629
2064.000	1.628
2065.000	1.627
2066.000	1.625
2067.000	1.624
2068.000	1.623
2069.000	1.622
2070.000	1.620
2071.000	1.620
2072.000	1.619
2073.000	1.618
2074.000	1.617
2075.000	1.616
2076.000	1.614
2077.000	1.613
2078.000	1.612
2079.000	1.611
2080.000	1.610
2081.000	1.609
2082.000	1.609
2083.000	1.607
2084.000	1.606
2085.000	1.605
2086.000	1.604
2087.000	1.603
2088.000	1.602
2089.000	1.600
2090.000	1.599
2091.000	1.598
2092.000	1.597
2093.000	1.597
2094.000	1.596
2095.000	1.595
2096.000	1.593
2097.000	1.592
2098.000	1.591
2099.000	1.590
2100.000	1.589
2101.000	1.587
2102.000	1.586
2103.000	1.585
2104.000	1.585
2105.000	1.584
2106.000	1.583
2107.000	1.582
2108.000	1.580
2109.000	1.579
2110.000	1.578
2111.000	1.577
2112.000	1.576
2113.000	1.575
2114.000	1.574
2115.000	1.574
2116.000	1.573
2117.000	1.572
2118.000	1.571
2119.000	1.570
2120.000	1.569
2121.000	1.568
2122.000	1.566
2123.000	1.565
2124.000	1.564
2125.000	1.563
2126.000	1.563
2127.000	1.562
2128.000	1.561
2129.000	1.560
2130.000	1.559
2131.000	1.558
2132.000	1.557
2133.000	1.556
2134.000	1.555
2135.000	1.554
2136.000	1.553
2137.000	1.552
2138.000	1.552
2139.000	1.551
2140.000	1.550
2141.000	1.549
2142.000	1.548
2143.000	1.547
2144.000	1.546
2145.000	1.545
2146.000	1.544
2147.000	1.543
2148.000	1.542
2149.000	1.542
2150.000	1.541
2151.000	1.540
2152.000	1.539
2153.000	1.538
2154.000	1.537
2155.000	1.536
2156.000	1.535
2157.000	1.534
2158.000	1.533
2159.000	1.532
2160.000	1.532
2161.000	1.531
2162.000	1.530
2163.000	1.528
2164.000	1.527
2165.000	1.526
2166.000	1.525
2167.000	1.524
2168.000	1.523
2169.000	1.522
2170.000	1.521
2171.000	1.521
2172.000	1.520
2173.000	1.519
2174.000	1.518
2175.000	1.517
2176.000	1.516
2177.000	1.515
2178.000	1.514
2179.000	1.513
2180.000	1.512
2181.000	1.511
2182.000	1.511
2183.000	1.510
2184.000	1.509
2185.000	1.508
2186.000	1.507
2187.000	1.506
2188.000	1.505
2189.000	1.504
2190.000	1.503
2191.000	1.502
2192.000	1.501
2193.000	1.458
2194.000	1.457
2195.000	1.456
2196.000	1.455
2197.000	1.455
2198.000	1.454
2199.000	1.453
2200.000	1.452
2201.000	1.452
2202.000	1.451
2203.000	1.450
2204.000	1.449
2205.000	1.449
2206.000	1.449
2207.000	1.448
2208.000	1.447
2209.000	1.446
2210.000	1.446
2211.000	1.445
2212.000	1.444
2213.000	1.443
2214.000	1.443
2215.000	1.442
2216.000	1.442
2217.000	1.441
2218.000	1.441
2219.000	1.440
2220.000	1.439
2221.000	1.439
2222.000	1.438
2223.000	1.437
2224.000	1.437
2225.000	1.436
2226.000	1.435
2227.000	1.435
2228.000	1.435
2229.000	1.434
2230.000	1.433
2231.000	1.433
2232.000	1.432
2233.000	1.431
2234.000	1.431
2235.000	1.430
2236.000	1.429
2237.000	1.429
2238.000	1.429
2239.000	1.428
2240.000	1.427
2241.000	1.427
2242.000	1.426
2243.000	1.426
2244.000	1.425
2245.000	1.424
2246.000	1.424
2247.000	1.423
2248.000	1.422
2249.000	1.422
2250.000	1.422
2251.000	1.421
2252.000	1.420
2253.000	1.420
2254.000	1.419
2255.000	1.419
2256.000	1.418
2257.000	1.417
2258.000	1.417
2259.000	1.416
2260.000	1.416
2261.000	1.415
2262.000	1.415
2263.000	1.414
2264.000	1.413
2265.000	1.413
2266.000	1.412
2267.000	1.412
2268.000	1.411
2269.000	1.410
2270.000	1.410
2271.000	1.409
2272.000	1.409
2273.000	1.408
2274.000	1.408
2275.000	1.407
2276.000	1.407
2277.000	1.406
2278.000	1.405
2279.000	1.405
2280.000	1.404
2281.000	1.403
2282.000	1.403
2283.000	1.403
2284.000	1.402
2285.000	1.402
2286.000	1.401
2287.000	1.400
2288.000	1.400
2289.000	1.399
2290.000	1.399
2291.000	1.398
2292.000	1.397
2293.000	1.397
2294.000	1.397
2295.000	1.396
2296.000	1.396
2297.000	1.395
2298.000	1.394
2299.000	1.394
2300.000	1.393
2301.000	1.393
2302.000	1.392
2303.000	1.391
2304.000	1.391
2305.000	1.391
2306.000	1.390
2307.000	1.390
2308.000	1.389
2309.000	1.388
2310.000	1.388
2311.000	1.387
2312.000	1.387
2313.000	1.386
2314.000	1.386
2315.000	1.385
2316.000	1.385
2317.000	1.385
2318.000	1.384
2319.000	1.384
2320.000	1.383
2321.000	1.383
2322.000	1.382
2323.000	1.382
2324.000	1.381
2325.000	1.381
2326.000	1.380
2327.000	1.380
2328.000	1.380
2329.000	1.379
2330.000	1.379
2331.000	1.379
2332.000	1.378
2333.000	1.378
2334.000	1.377
2335.000	1.377
2336.000	1.376
2337.000	1.376
2338.000	1.375
2339.000	1.375
2340.000	1.375
2341.000	1.374
2342.000	1.374
2343.000	1.374
2344.000	1.373
2345.000	1.373
2346.000	1.372
2347.000	1.372
2348.000	1.371
2349.000	1.370
2350.000	1.370
2351.000	1.370
2352.000	1.369
2353.000	1.368
2354.000	1.368
2355.000	1.367
2356.000	1.366
2357.000	1.366
2358.000	1.365
2359.000	1.365
2360.000	1.364
2361.000	1.364
2362.000	1.363
2363.000	1.363
2364.000	1.362
2365.000	1.361
2366.000	1.361
2367.000	1.360
2368.000	1.359
2369.000	1.359
2370.000	1.358
2371.000	1.358
2372.000	1.358
2373.000	1.357
2374.000	1.356
2375.000	1.356
2376.000	1.355
2377.000	1.354
2378.000	1.354
2379.000	1.353
2380.000	1.353
2381.000	1.352
2382.000	1.351
2383.000	1.351
2384.000	1.351
2385.000	1.350
2386.000	1.349
2387.000	1.349
2388.000	1.348
2389.000	1.347
2390.000	1.347
2391.000	1.346
2392.000	1.346
2393.000	1.345
2394.000	1.345
2395.000	1.344
2396.000	1.344
2397.000	1.343
2398.000	1.342
2399.000	1.342
2400.000	1.341
2401.000	1.340
2402.000	1.340
2403.000	1.339
2404.000	1.339
2405.000	1.339
2406.000	1.338
2407.000	1.337
2408.000	1.337
2409.000	1.336
2410.000	1.335
2411.000	1.335
2412.000	1.334
2413.000	1.334
2414.000	1.333
2415.000	1.332
2416.000	1.332
2417.000	1.332
2418.000	1.331
2419.000	1.330
2420.000	1.330
2421.000	1.329
2422.000	1.329
2423.000	1.328
2424.000	1.327
2425.000	1.327
2426.000	1.326
2427.000	1.326
2428.000	1.326
2429.000	1.325
2430.000	1.324
2431.000	1.324
2432.000	1.323
2433.000	1.323
2434.000	1.322
2435.000	1.322
2436.000	1.321
2437.000	1.321
2438.000	1.320
2439.000	1.320
2440.000	1.320
2441.000	1.319
2442.000	1.319
2443.000	1.318
2444.000	1.318
2445.000	1.317
2446.000	1.317
2447.000	1.316
2448.000	1.316
2449.000	1.315
2450.000	1.315
2451.000	1.315
2452.000	1.314
2453.000	1.313
2454.000	1.313
2455.000	1.312
2456.000	1.312
2457.000	1.311
2458.000	1.310
2459.000	1.310
2460.000	1.309
2461.000	1.309
2462.000	1.308
2463.000	1.308
2464.000	1.307
2465.000	1.306
2466.000	1.306
2467.000	1.305
2468.000	1.304
2469.000	1.304
2470.000	1.303
2471.000	1.302
2472.000	1.302
2473.000	1.302
2474.000	1.301
2475.000	1.300
2476.000	1.300
2477.000	1.299
2478.000	1.298
2479.000	1.298
2480.000	1.297
2481.000	1.296
2482.000	1.296
2483.000	1.295
2484.000	1.295
2485.000	1.294
2486.000	1.294
2487.000	1.293
2488.000	1.292
2489.000	1.292
2490.000	1.291
2491.000	1.291
2492.000	1.290
2493.000	1.289
2494.000	1.289
2495.000	1.289
2496.000	1.288
2497.000	1.287
2498.000	1.287
2499.000	1.286
2500.000	1.285
2501.000	1.285
2502.000	1.284
2503.000	1.283
2504.000	1.283
2505.000	1.282
2506.000	1.282
2507.000	1.281
2508.000	1.281
2509.000	1.280
2510.000	1.279
2511.000	1.279
2512.000	1.278
2513.000	1.277
2514.000	1.277
2515.000	1.276
2516.000	1.275
2517.000	1.275
2518.000	1.275
2519.000	1.274
2520.000	1.273
2521.000	1.273
2522.000	1.272
2523.000	1.271
2524.000	1.271
2525.000	1.270
2526.000	1.269
2527.000	1.269
2528.000	1.269
2529.000	1.268
2530.000	1.267
2531.000	1.267
2532.000	1.266
2533.000	1.265
2534.000	1.265
2535.000	1.264
2536.000	1.263
2537.000	1.263
2538.000	1.262
2539.000	1.262
2540.000	1.261
2541.000	1.261
2542.000	1.260
2543.000	1.260
2544.000	1.259
2545.000	1.258
2546.000	1.258
2547.000	1.257
2548.000	1.256
2549.000	1.256
2550.000	1.255
2551.000	1.255
2552.000	1.254
2553.000	1.254
2554.000	1.253
2555.000	1.252
2556.000	1.252
2557.000	1.252
2558.000	1.251
2559.000	1.251
2560.000	1.250
2561.000	1.250
2562.000	1.250
2563.000	1.249
2564.000	1.249
2565.000	1.248
2566.000	1.248
2567.000	1.247
2568.000	1.247
2569.000	1.246
2570.000	1.246
2571.000	1.245
2572.000	1.245
2573.000	1.245
2574.000	1.244
2575.000	1.244
2576.000	1.244
2577.000	1.243
2578.000	1.243
2579.000	1.242
2580.000	1.242
2581.000	1.241
2582.000	1.241
2583.000	1.240
2584.000	1.240
2585.000	1.240
2586.000	1.239
2587.000	1.239
2588.000	1.238
2589.000	1.238
2590.000	1.237
2591.000	1.237
2592.000	1.236
2593.000	1.236
2594.000	1.235
2595.000	1.235
2596.000	1.235
2597.000	1.234
2598.000	1.234
2599.000	1.233
2600.000	1.232
2601.000	1.232
2602.000	1.231
2603.000	1.231
2604.000	1.230
2605.000	1.230
2606.000	1.230
2607.000	1.229
2608.000	1.229
2609.000	1.228
2610.000	1.228
2611.000	1.227
2612.000	1.227
2613.000	1.226
2614.000	1.226
2615.000	1.225
2616.000	1.225
2617.000	1.225
2618.000	1.224
2619.000	1.223
2620.000	1.223
2621.000	1.222
2622.000	1.222
2623.000	1.221
2624.000	1.221
2625.000	1.220
2626.000	1.220
2627.000	1.219
2628.000	1.219
2629.000	1.219
2630.000	1.218
2631.000	1.217
2632.000	1.217
2633.000	1.216
2634.000	1.216
2635.000	1.215
2636.000	1.215
2637.000	1.214
2638.000	1.214
2639.000	1.213
2640.000	1.213
2641.000	1.213
2642.000	1.212
2643.000	1.211
2644.000	1.211
2645.000	1.210
2646.000	1.210
2647.000	1.209
2648.000	1.209
2649.000	1.208
2650.000	1.208
2651.000	1.208
2652.000	1.207
2653.000	1.207
2654.000	1.206
2655.000	1.205
2656.000	1.205
2657.000	1.204
2658.000	1.204
2659.000	1.203
2660.000	1.203
2661.000	1.202
2662.000	1.202
2663.000	1.202
2664.000	1.201
2665.000	1.201
2666.000	1.200
2667.000	1.200
2668.000	1.199
2669.000	1.198
2670.000	1.198
2671.000	1.197
2672.000	1.197
2673.000	1.197
2674.000	1.196
2675.000	1.196
2676.000	1.195
2677.000	1.195
2678.000	1.194
2679.000	1.194
2680.000	1.193
2681.000	1.193
2682.000	1.192
2683.000	1.191
2684.000	1.191
2685.000	1.191
2686.000	1.190
2687.000	1.190
2688.000	1.189
2689.000	1.189
2690.000	1.188
2691.000	1.188
2692.000	1.187
2693.000	1.187
2694.000	1.186
2695.000	1.186
2696.000	1.186
2697.000	1.185
2698.000	1.184
2699.000	1.184
2700.000	1.183
2701.000	1.183
2702.000	1.182
2703.000	1.182
2704.000	1.181
2705.000	1.181
2706.000	1.180
2707.000	1.180
2708.000	1.180
2709.000	1.179
2710.000	1.179
2711.000	1.178
2712.000	1.178
2713.000	1.177
2714.000	1.177
2715.000	1.176
2716.000	1.175
2717.000	1.175
2718.000	1.175
2719.000	1.174
2720.000	1.174
2721.000	1.173
2722.000	1.173
2723.000	1.172
2724.000	1.172
2725.000	1.171
2726.000	1.171
2727.000	1.170
2728.000	1.170
2729.000	1.170
2730.000	1.169
2731.000	1.169
2732.000	1.168
2733.000	1.167
2734.000	1.167
2735.000	1.166
2736.000	1.166
2737.000	1.165
2738.000	1.165
2739.000	1.164
2740.000	1.164
2741.000	1.164
2742.000	1.163
2743.000	1.163
2744.000	1.162
2745.000	1.162
2746.000	1.161
2747.000	1.161
2748.000	1.160
2749.000	1.160
2750.000	1.159
2751.000	1.159
2752.000	1.158
2753.000	1.158
2754.000	1.157
2755.000	1.157
2756.000	1.156
2757.000	1.156
2758.000	1.155
2759.000	1.155
2760.000	1.154
2761.000	1.154
2762.000	1.153
2763.000	1.153
2764.000	1.153
2765.000	1.152
2766.000	1.152
2767.000	1.151
2768.000	1.151
2769.000	1.150
2770.000	1.150
2771.000	1.149
2772.000	1.149
2773.000	1.148
2774.000	1.148
2775.000	1.147
2776.000	1.147
2777.000	1.146
2778.000	1.146
2779.000	1.145
2780.000	1.145
2781.000	1.144
2782.000	1.144
2783.000	1.143
2784.000	1.143
2785.000	1.143
2786.000	1.142
2787.000	1.142
2788.000	1.141
2789.000	1.141
2790.000	1.140
2791.000	1.140
2792.000	1.139
2793.000	1.139
2794.000	1.138
2795.000	1.138
2796.000	1.138
2797.000	1.137
2798.000	1.137
2799.000	1.136
2800.000	1.136
2801.000	1.135
2802.000	1.134
2803.000	1.134
2804.000	1.133
2805.000	1.133
2806.000	1.132
2807.000	1.132
2808.000	1.132
2809.000	1.131
2810.000	1.131
2811.000	1.130
2812.000	1.130
2813.000	1.129
2814.000	1.128
2815.000	1.128
2816.000	1.127
2817.000	1.127
2818.000	1.127
2819.000	1.126
2820.000	1.126
2821.000	1.125
2822.000	1.125
2823.000	1.124
2824.000	1.124
2825.000	1.123
2826.000	1.122
2827.000	1.122
2828.000	1.121
2829.000	1.121
2830.000	1.121
2831.000	1.120
2832.000	1.120
2833.000	1.119
2834.000	1.119
2835.000	1.118
2836.000	1.117
2837.000	1.117
2838.000	1.116
2839.000	1.116
2840.000	1.115
2841.000	1.115
2842.000	1.115
2843.000	1.114
2844.000	1.114
2845.000	1.113
2846.000	1.113
2847.000	1.112
2848.000	1.112
2849.000	1.111
2850.000	1.110
2851.000	1.110
2852.000	1.110
2853.000	1.109
2854.000	1.109
2855.000	1.108
2856.000	1.108
2857.000	1.107
2858.000	1.107
2859.000	1.106
2860.000	1.105
2861.000	1.105
2862.000	1.104
2863.000	1.104
2864.000	1.104
2865.000	1.103
2866.000	1.103
2867.000	1.102
2868.000	1.102
2869.000	1.101
2870.000	1.101
2871.000	1.100
2872.000	1.099
2873.000	1.099
2874.000	1.099
2875.000	1.098
2876.000	1.098
2877.000	1.097
2878.000	1.097
2879.000	1.096
2880.000	1.096
2881.000	1.095
2882.000	1.095
2883.000	1.094
2884.000	1.093
2885.000	1.093
2886.000	1.093
2887.000	1.092
2888.000	1.092
2889.000	1.091
2890.000	1.091
2891.000	1.090
2892.000	1.089
2893.000	1.089
2894.000	1.088
2895.000	1.087
2896.000	1.087
2897.000	1.087
2898.000	1.086
2899.000	1.086
2900.000	1.085
2901.000	1.084
2902.000	1.084
2903.000	1.083
2904.000	1.083
2905.000	1.082
2906.000	1.081
2907.000	1.081
2908.000	1.081
2909.000	1.080
2910.000	1.080
2911.000	1.079
2912.000	1.078
2913.000	1.078
2914.000	1.077
2915.000	1.077
2916.000	1.076
2917.000	1.075
2918.000	1.075
2919.000	1.075
2920.000	1.074
2921.000	1.074
2922.000	1.073
2923.000	1.072
2924.000	1.072
2925.000	1.071
2926.000	1.071
2927.000	1.070
2928.000	1.069
2929.000	1.069
2930.000	1.069
2931.000	1.068
2932.000	1.068
2933.000	1.067
2934.000	1.066
2935.000	1.066
2936.000	1.065
2937.000	1.064
2938.000	1.064
2939.000	1.063
2940.000	1.063
2941.000	1.063
2942.000	1.062
2943.000	1.061
2944.000	1.061
2945.000	1.060
2946.000	1.059
2947.000	1.059
2948.000	1.058
2949.000	1.057
2950.000	1.057
2951.000	1.056
2952.000	1.056
2953.000	1.056
2954.000	1.055
2955.000	1.054
2956.000	1.054
2957.000	1.053
2958.000	1.052
2959.000	1.052
2960.000	1.051
2961.000	1.051
2962.000	1.050
2963.000	1.050
2964.000	1.049
2965.000	1.049
2966.000	1.048
2967.000	1.048
2968.000	1.047
2969.000	1.047
2970.000	1.046
2971.000	1.046
2972.000	1.045
2973.000	1.045
2974.000	1.044
2975.000	1.044
2976.000	1.044
2977.000	1.043
2978.000	1.043
2979.000	1.043
2980.000	1.042
2981.000	1.042
2982.000	1.041
2983.000	1.041
2984.000	1.040
2985.000	1.040
2986.000	1.040
2987.000	1.039
2988.000	1.039
2989.000	1.039
2990.000	1.038
2991.000	1.038
2992.000	1.037
2993.000	1.037
2994.000	1.036
2995.000	1.036
2996.000	1.036
2997.000	1.036
2998.000	1.035
2999.000	1.035
3000.000	1.034
3001.000	1.034
3002.000	1.033
3003.000	1.033
3004.000	1.033
3005.000	1.032
3006.000	1.032
3007.000	1.031
3008.000	1.031
3009.000	1.031
3010.000	1.030
3011.000	1.030
3012.000	1.030
3013.000	1.029
3014.000	1.029
3015.000	1.028
3016.000	1.028
3017.000	1.027
3018.000	1.027
3019.000	1.027
3020.000	1.027
3021.000	1.026
3022.000	1.026
3023.000	1.025
3024.000	1.025
3025.000	1.024
3026.000	1.024
3027.000	1.024
3028.000	1.023
3029.000	1.023
3030.000	1.023
3031.000	1.022
3032.000	1.022
3033.000	1.022
3034.000	1.021
3035.000	1.021
3036.000	1.020
3037.000	1.020
3038.000	1.020
3039.000	1.019
3040.000	1.019
3041.000	1.018
3042.000	1.018
3043.000	1.018
3044.000	1.018
3045.000	1.017
3046.000	1.017
3047.000	1.016
3048.000	1.016
3049.000	1.016
3050.000	1.015
3051.000	1.015
3052.000	1.014
3053.000	1.014
3054.000	1.014
3055.000	1.014
3056.000	1.013
3057.000	1.013
3058.000	1.012
3059.000	1.012
3060.000	1.012
3061.000	1.011
3062.000	1.011
3063.000	1.010
3064.000	1.010
3065.000	1.010
3066.000	1.010
3067.000	1.009
3068.000	1.009
3069.000	1.008
3070.000	1.008
3071.000	1.008
3072.000	1.007
3073.000	1.007
3074.000	1.006
3075.000	1.006
3076.000	1.006
3077.000	1.005
3078.000	1.005
3079.000	1.005
3080.000	1.004
3081.000	1.004
3082.000	1.003
3083.000	1.003
3084.000	1.003
3085.000	1.002
3086.000	1.002
3087.000	1.002
3088.000	1.001
3089.000	1.001
3090.000	1.000
3091.000	1.000
3092.000	1.000
3093.000	0.999
3094.000	0.999
3095.000	0.998
3096.000	0.998
3097.000	0.998
3098.000	0.998
3099.000	0.997
3100.000	0.997
3101.000	0.996
3102.000	0.996
3103.000	0.995
3104.000	0.995
3105.000	0.994
3106.000	0.994
3107.000	0.994
3108.000	0.994
3109.000	0.993
3110.000	0.993
3111.000	0.992
3112.000	0.992
3113.000	0.991
3114.000	0.991
3115.000	0.991
3116.000	0.990
3117.000	0.990
3118.000	0.989
3119.000	0.989
3120.000	0.989
3121.000	0.988
3122.000	0.988
3123.000	0.987
3124.000	0.987
3125.000	0.987
3126.000	0.986
3127.000	0.986
3128.000	0.985
3129.000	0.985
3130.000	0.984
3131.000	0.984
3132.000	0.984
3133.000	0.984
3134.000	0.983
3135.000	0.983
3136.000	0.982
3137.000	0.982
3138.000	0.982
3139.000	0.981
3140.000	0.981
3141.000	0.981
3142.000	0.981
3143.000	0.980
3144.000	0.980
3145.000	0.980
3146.000	0.979
3147.000	0.979
3148.000	0.979
3149.000	0.978
3150.000	0.978
3151.000	0.977
3152.000	0.977
3153.000	0.977
3154.000	0.977
3155.000	0.976
3156.000	0.976
3157.000	0.976
3158.000	0.975
3159.000	0.975
3160.000	0.975
3161.000	0.974
3162.000	0.974
3163.000	0.973
3164.000	0.973
3165.000	0.973
3166.000	0.973
3167.000	0.972
3168.000	0.972
3169.000	0.972
3170.000	0.971
3171.000	0.971
3172.000	0.971
3173.000	0.970
3174.000	0.970
3175.000	0.970
3176.000	0.970
3177.000	0.969
3178.000	0.969
3179.000	0.969
3180.000	0.968
3181.000	0.968
3182.000	0.968
3183.000	0.967
3184.000	0.967
3185.000	0.967
3186.000	0.966
3187.000	0.966
3188.000	0.966
3189.000	0.966
3190.000	0.965
3191.000	0.965
3192.000	0.964
3193.000	0.964
3194.000	0.964
3195.000	0.963
3196.000	0.963
3197.000	0.962
3198.000	0.962
3199.000	0.962
3200.000	0.961
3201.000	0.961
3202.000	0.960
3203.000	0.960
3204.000	0.960
3205.000	0.959
3206.000	0.959
3207.000	0.958
3208.000	0.958
3209.000	0.958
3210.000	0.957
3211.000	0.957
3212.000	0.957
3213.000	0.956
3214.000	0.956
3215.000	0.955
3216.000	0.955
3217.000	0.954
3218.000	0.954
3219.000	0.953
3220.000	0.953
3221.000	0.953
3222.000	0.953
3223.000	0.952
3224.000	0.952
3225.000	0.951
3226.000	0.951
3227.000	0.950
3228.000	0.950
3229.000	0.949
3230.000	0.949
3231.000	0.949
3232.000	0.948
3233.000	0.948
3234.000	0.947
3235.000	0.947
3236.000	0.947
3237.000	0.946
3238.000	0.946
3239.000	0.945
3240.000	0.945
3241.000	0.944
3242.000	0.944
3243.000	0.944
3244.000	0.943
3245.000	0.943
3246.000	0.942
3247.000	0.942
3248.000	0.941
3249.000	0.941
3250.000	0.940
3251.000	0.940
3252.000	0.940
3253.000	0.939
3254.000	0.939
3255.000	0.939
3256.000	0.938
3257.000	0.938
3258.000	0.937
3259.000	0.937
3260.000	0.936
3261.000	0.936
3262.000	0.935
3263.000	0.935
3264.000	0.934
3265.000	0.934
3266.000	0.934
3267.000	0.933
3268.000	0.933
3269.000	0.933
3270.000	0.932
3271.000	0.932
3272.000	0.931
3273.000	0.931
3274.000	0.930
3275.000	0.930
3276.000	0.930
3277.000	0.929
3278.000	0.929
3279.000	0.928
3280.000	0.928
3281.000	0.927
3282.000	0.927
3283.000	0.927
3284.000	0.926
3285.000	0.926
3286.000	0.925
3287.000	0.925
3288.000	0.925
3289.000	0.924
3290.000	0.924
3291.000	0.923
3292.000	0.923
3293.000	0.922
3294.000	0.922
3295.000	0.921
3296.000	0.921
3297.000	0.921
3298.000	0.921
3299.000	0.920
3300.000	0.920
3301.000	0.919
3302.000	0.919
3303.000	0.918
3304.000	0.918
3305.000	0.917
3306.000	0.917
3307.000	0.916
3308.000	0.916
3309.000	0.916
3310.000	0.916
3311.000	0.915
3312.000	0.915
3313.000	0.914
3314.000	0.914
3315.000	0.913
3316.000	0.913
3317.000	0.912
3318.000	0.912
3319.000	0.911
3320.000	0.911
3321.000	0.911
3322.000	0.911
3323.000	0.910
3324.000	0.910
3325.000	0.909
3326.000	0.909
3327.000	0.908
3328.000	0.908
3329.000	0.907
3330.000	0.907
3331.000	0.906
3332.000	0.906
3333.000	0.906
3334.000	0.905
3335.000	0.905
3336.000	0.904
3337.000	0.904
3338.000	0.903
3339.000	0.903
3340.000	0.902
3341.000	0.902
3342.000	0.901
3343.000	0.901
3344.000	0.901
3345.000	0.900
3346.000	0.900
3347.000	0.899
3348.000	0.899
3349.000	0.898
3350.000	0.898
3351.000	0.897
3352.000	0.897
3353.000	0.896
3354.000	0.896
3355.000	0.896
3356.000	0.895
3357.000	0.895
3358.000	0.894
3359.000	0.894
3360.000	0.893
3361.000	0.893
3362.000	0.892
3363.000	0.892
3364.000	0.891
3365.000	0.891
3366.000	0.891
3367.000	0.890
3368.000	0.889
3369.000	0.889
3370.000	0.888
3371.000	0.888
3372.000	0.887
3373.000	0.887
3374.000	0.886
3375.000	0.886
3376.000	0.886
3377.000	0.885
3378.000	0.885
3379.000	0.884
3380.000	0.884
3381.000	0.883
3382.000	0.883
3383.000	0.882
3384.000	0.882
3385.000	0.881
3386.000	0.881
3387.000	0.881
3388.000	0.880
3389.000	0.880
3390.000	0.879
3391.000	0.879
3392.000	0.878
3393.000	0.878
3394.000	0.877
3395.000	0.877
3396.000	0.876
3397.000	0.876
3398.000	0.875
3399.000	0.875
3400.000	0.875
3401.000	0.874
3402.000	0.874
3403.000	0.874
3404.000	0.873
3405.000	0.873
3406.000	0.872
3407.000	0.872
3408.000	0.871
3409.000	0.871
3410.000	0.871
3411.000	0.870
3412.000	0.870
3413.000	0.869
3414.000	0.869
3415.000	0.868
3416.000	0.868
3417.000	0.867
3418.000	0.867
3419.000	0.866
3420.000	0.866
3421.000	0.866
3422.000	0.865
3423.000	0.865
3424.000	0.864
3425.000	0.864
3426.000	0.864
3427.000	0.863
3428.000	0.863
3429.000	0.862
3430.000	0.862
3431.000	0.861
3432.000	0.861
3433.000	0.861
3434.000	0.860
3435.000	0.860
3436.000	0.860
3437.000	0.859
3438.000	0.859
3439.000	0.858
3440.000	0.858
3441.000	0.858
3442.000	0.857
3443.000	0.857
3444.000	0.857
3445.000	0.857
3446.000	0.856
3447.000	0.856
3448.000	0.856
3449.000	0.855
3450.000	0.855
3451.000	0.855
3452.000	0.854
3453.000	0.854
3454.000	0.854
3455.000	0.854
3456.000	0.853
3457.000	0.853
3458.000	0.853
3459.000	0.853
3460.000	0.852
3461.000	0.852
3462.000	0.852
3463.000	0.851
3464.000	0.851
3465.000	0.851
3466.000	0.851
3467.000	0.850
3468.000	0.850
3469.000	0.850
3470.000	0.849
3471.000	0.849
3472.000	0.849
3473.000	0.848
3474.000	0.848
3475.000	0.848
3476.000	0.847
3477.000	0.847
3478.000	0.847
3479.000	0.847
3480.000	0.846
3481.000	0.846
3482.000	0.846
3483.000	0.845
3484.000	0.845
3485.000	0.844
3486.000	0.844
3487.000	0.844
3488.000	0.781
3489.000	0.781
3490.000	0.781
3491.000	0.780
3492.000	0.780
3493.000	0.780
3494.000	0.779
3495.000	0.779
3496.000	0.779
3497.000	0.779
3498.000	0.778
3499.000	0.778
3500.000	0.778
3501.000	0.778
3502.000	0.777
3503.000	0.777
3504.000	0.777
3505.000	0.776
3506.000	0.776
3507.000	0.776
3508.000	0.775
3509.000	0.775
3510.000	0.775
3511.000	0.775
3512.000	0.774
3513.000	0.774
3514.000	0.774
3515.000	0.773
3516.000	0.773
3517.000	0.773
3518.000	0.772
3519.000	0.772
3520.000	0.772
3521.000	0.772
3522.000	0.771
3523.000	0.771
3524.000	0.771
3525.000	0.770
3526.000	0.770
3527.000	0.770
3528.000	0.769
3529.000	0.769
3530.000	0.769
3531.000	0.768
3532.000	0.768
3533.000	0.768
3534.000	0.768
3535.000	0.767
3536.000	0.767
3537.000	0.767
3538.000	0.766
3539.000	0.766
3540.000	0.766
3541.000	0.765
3542.000	0.765
3543.000	0.765
3544.000	0.765
3545.000	0.765
3546.000	0.764
3547.000	0.764
3548.000	0.764
3549.000	0.763
3550.000	0.763
3551.000	0.763
3552.000	0.762
3553.000	0.762
3554.000	0.762
3555.000	0.762
3556.000	0.762
3557.000	0.761
3558.000	0.761
3559.000	0.761
3560.000	0.760
3561.000	0.760
3562.000	0.760
3563.000	0.759
3564.000	0.759
3565.000	0.759
3566.000	0.759
3567.000	0.759
3568.000	0.758
3569.000	0.758
3570.000	0.758
3571.000	0.757
3572.000	0.757
3573.000	0.757
3574.000	0.756
3575.000	0.756
3576.000	0.756
3577.000	0.756
3578.000	0.756
3579.000	0.755
3580.000	0.755
3581.000	0.755
3582.000	0.754
3583.000	0.754
3584.000	0.754
3585.000	0.753
3586.000	0.753
3587.000	0.753
3588.000	0.753
3589.000	0.753
3590.000	0.752
3591.000	0.752
3592.000	0.752
3593.000	0.751
3594.000	0.751
3595.000	0.751
3596.000	0.751
3597.000	0.750
3598.000	0.750
3599.000	0.750
3600.000	0.750
3601.000	0.749
3602.000	0.749
3603.000	0.749
3604.000	0.748
3605.000	0.748
3606.000	0.748
3607.000	0.748
3608.000	0.747
3609.000	0.747
3610.000	0.747
3611.000	0.747
3612.000	0.746
3613.000	0.746
3614.000	0.746
3615.000	0.745
3616.000	0.745
3617.000	0.745
3618.000	0.745
3619.000	0.744
3620.000	0.744
3621.000	0.744
3622.000	0.744
3623.000	0.743
3624.000	0.743
3625.000	0.743
3626.000	0.743
3627.000	0.742
3628.000	0.742
3629.000	0.742
3630.000	0.741
3631.000	0.741
3632.000	0.741
3633.000	0.741
3634.000	0.740
3635.000	0.740
3636.000	0.740
3637.000	0.740
3638.000	0.739
3639.000	0.739
3640.000	0.739
3641.000	0.738
3642.000	0.738
3643.000	0.738
3644.000	0.738
3645.000	0.737
3646.000	0.737
3647.000	0.737
3648.000	0.736
3649.000	0.736
3650.000	0.736
3651.000	0.735
3652.000	0.735
3653.000	0.735
3654.000	0.734
3655.000	0.734
3656.000	0.734
3657.000	0.734
3658.000	0.733
3659.000	0.733
3660.000	0.732
3661.000	0.732
3662.000	0.732
3663.000	0.731
3664.000	0.731
3665.000	0.731
3666.000	0.731
3667.000	0.730
3668.000	0.730
3669.000	0.730
3670.000	0.729
3671.000	0.729
3672.000	0.729
3673.000	0.728
3674.000	0.728
3675.000	0.728
3676.000	0.727
3677.000	0.727
3678.000	0.727
3679.000	0.726
3680.000	0.726
3681.000	0.726
3682.000	0.725
3683.000	0.725
3684.000	0.725
3685.000	0.724
3686.000	0.724
3687.000	0.724
3688.000	0.723
3689.000	0.723
3690.000	0.723
3691.000	0.723
3692.000	0.722
3693.000	0.722
3694.000	0.721
3695.000	0.721
3696.000	0.721
3697.000	0.720
3698.000	0.720
3699.000	0.719
3700.000	0.719
3701.000	0.719
3702.000	0.719
3703.000	0.718
3704.000	0.718
3705.000	0.718
3706.000	0.717
3707.000	0.717
3708.000	0.716
3709.000	0.716
3710.000	0.716
3711.000	0.716
3712.000	0.715
3713.000	0.715
3714.000	0.715
3715.000	0.714
3716.000	0.714
3717.000	0.713
3718.000	0.713
3719.000	0.713
3720.000	0.712
3721.000	0.712
3722.000	0.712
3723.000	0.712
3724.000	0.711
3725.000	0.711
3726.000	0.710
3727.000	0.710
3728.000	0.710
3729.000	0.709
3730.000	0.709
3731.000	0.708
3732.000	0.708
3733.000	0.708
3734.000	0.708
3735.000	0.707
3736.000	0.707
3737.000	0.706
3738.000	0.706
3739.000	0.706
3740.000	0.705
3741.000	0.705
3742.000	0.704
3743.000	0.704
3744.000	0.704
3745.000	0.703
3746.000	0.703
3747.000	0.703
3748.000	0.703
3749.000	0.703
3750.000	0.703
3751.000	0.703
3752.000	0.703
3753.000	0.703
3754.000	0.703
3755.000	0.703
3756.000	0.703
3757.000	0.703
3758.000	0.703
3759.000	0.703
3760.000	0.703
3761.000	0.703
3762.000	0.703
3763.000	0.703
3764.000	0.703
3765.000	0.703
3766.000	0.703
3767.000	0.703
3768.000	0.703
3769.000	0.703
3770.000	0.703
3771.000	0.703
3772.000	0.703
3773.000	0.703
3774.000	0.703
3775.000	0.703
3776.000	0.703
3777.000	0.703
3778.000	0.703
3779.000	0.703
3780.000	0.703
3781.000	0.703
3782.000	0.703
3783.000	0.703
3784.000	0.703
3785.000	0.703
3786.000	0.703
3787.000	0.703
3788.000	0.703
3789.000	0.703
3790.000	0.703
3791.000	0.703
3792.000	0.703
3793.000	0.703
3794.000	0.703
3795.000	0.703
3796.000	0.703
3797.000	0.703
3798.000	0.703
3799.000	0.703
3800.000	0.703
3801.000	0.703
3802.000	0.703
3803.000	0.703
3804.000	0.703
3805.000	0.703
3806.000	0.679
3807.000	0.679
3808.000	0.679
3809.000	0.679
3810.000	0.679
3811.000	0.679
3812.000	0.679
3813.000	0.679
3814.000	0.679
3815.000	0.679
3816.000	0.679
3817.000	0.679
3818.000	0.679
3819.000	0.679
3820.000	0.662
3821.000	0.662
3822.000	0.662
3823.000	0.662
3824.000	0.662
3825.000	0.662
3826.000	0.662
3827.000	0.662
3828.000	0.662
3829.000	0.662
3830.000	0.662
3831.000	0.662
3832.000	0.662
3833.000	0.662
3834.000	0.662
3835.000	0.662
3836.000	0.662
3837.000	0.662
3838.000	0.662
3839.000	0.662
3840.000	0.662
3841.000	0.662
3842.000	0.662
3843.000	0.662
3844.000	0.662
3845.000	0.662
3846.000	0.662
3847.000	0.662
3848.000	0.662
3849.000	0.662
3850.000	0.662
3851.000	0.662
3852.000	0.662
3853.000	0.662
3854.000	0.662
3855.000	0.662
3856.000	0.662
3857.000	0.662
3858.000	0.662
3859.000	0.662
3860.000	0.662
3861.000	0.662
3862.000	0.662
3863.000	0.662
3864.000	0.662
3865.000	0.662
3866.000	0.662
3867.000	0.662
3868.000	0.662
3869.000	0.662
3870.000	0.662
3871.000	0.662
3872.000	0.662
3873.000	0.662
3874.000	0.662
3875.000	0.662
3876.000	0.662
3877.000	0.662
3878.000	0.662
3879.000	0.662
3880.000	0.662
3881.000	0.662
3882.000	0.662
3883.000	0.662
3884.000	0.662
3885.000	0.662
3886.000	0.662
3887.000	0.662
3888.000	0.662
3889.000	0.662
3890.000	0.656
3891.000	0.656
3892.000	0.656
3893.000	0.656
3894.000	0.656
3895.000	0.656
3896.000	0.656
3897.000	0.656
3898.000	0.656
3899.000	0.656
3900.000	0.656
3901.000	0.656
3902.000	0.656
3903.000	0.656
3904.000	0.656
3905.000	0.656
3906.000	0.656
3907.000	0.656
3908.000	0.656
3909.000	0.656
3910.000	0.656
3911.000	0.656
3912.000	0.656
3913.000	0.656
3914.000	0.656
3915.000	0.656
3916.000	0.656
3917.000	0.656
3918.000	0.656
3919.000	0.656
3920.000	0.656
3921.000	0.656
3922.000	0.656
3923.000	0.656
3924.000	0.656
3925.000	0.656
3926.000	0.656
3927.000	0.656
3928.000	0.656
3929.000	0.656
3930.000	0.656
3931.000	0.656
3932.000	0.656
3933.000	0.656
3934.000	0.656
3935.000	0.656
3936.000	0.656
3937.000	0.656
3938.000	0.656
3939.000	0.656
3940.000	0.656
3941.000	0.656
3942.000	0.656
3943.000	0.656
3944.000	0.656
3945.000	0.656
3946.000	0.656
3947.000	0.656
3948.000	0.656
3949.000	0.656
3950.000	0.656
3951.000	0.656
3952.000	0.656
3953.000	0.656
3954.000	0.656
3955.000	0.656
3956.000	0.656
3957.000	0.656
3958.000	0.656
3959.000	0.656
3960.000	0.656
3961.000	0.656
3962.000	0.656
3963.000	0.656
3964.000	0.656
3965.000	0.656
3966.000	0.656
3967.000	0.656
3968.000	0.656
3969.000	0.656
3970.000	0.656
3971.000	0.656
3972.000	0.656
3973.000	0.656
3974.000	0.656
3975.000	0.656
3976.000	0.656
3977.000	0.656
3978.000	0.656
3979.000	0.656
3980.000	0.656
3981.000	0.656
3982.000	0.656
3983.000	0.656
3984.000	0.621
3985.000	0.621
3986.000	0.621
3987.000	0.621
3988.000	0.621
3989.000	0.621
3990.000	0.621
3991.000	0.614
3992.000	0.614
3993.000	0.614
3994.000	0.614
3995.000	0.614
3996.000	0.614
3997.000	0.614
3998.000	0.614
3999.000	0.614
4000.000	0.614
4001.000	0.614
4002.000	0.614
4003.000	0.614
4004.000	0.614
4005.000	0.614
4006.000	0.614
4007.000	0.614
4008.000	0.614
4009.000	0.614
4010.000	0.614
4011.000	0.614
4012.000	0.614
4013.000	0.614
4014.000	0.614
4015.000	0.614
4016.000	0.614
4017.000	0.614
4018.000	0.614
4019.000	0.614
4020.000	0.614
4021.000	0.614
4022.000	0.614
4023.000	0.614
4024.000	0.614
4025.000	0.614
4026.000	0.614
4027.000	0.614
4028.000	0.614
4029.000	0.614
4030.000	0.614
4031.000	0.614
4032.000	0.614
4033.000	0.614
4034.000	0.614
4035.000	0.614
4036.000	0.614
4037.000	0.614
4038.000	0.586
4039.000	0.586
4040.000	0.586
4041.000	0.586
4042.000	0.586
4043.000	0.586
4044.000	0.586
4045.000	0.586
4046.000	0.586
4047.000	0.586
4048.000	0.586
4049.000	0.586
4050.000	0.586
4051.000	0.586
4052.000	0.586
4053.000	0.586
4054.000	0.586
4055.000	0.586
4056.000	0.586
4057.000	0.586
4058.000	0.586
4059.000	0.586
4060.000	0.586
4061.000	0.586
4062.000	0.586
4063.000	0.586
4064.000	0.586
4065.000	0.586
4066.000	0.586
4067.000	0.586
4068.000	0.586
4069.000	0.586
4070.000	0.586
4071.000	0.571
4072.000	0.571
4073.000	0.571
4074.000	0.571
4075.000	0.571
4076.000	0.571
4077.000	0.571
4078.000	0.548
4079.000	0.548
4080.000	0.548
4081.000	0.548
4082.000	0.548
4083.000	0.548
4084.000	0.548
4085.000	0.548
4086.000	0.548
4087.000	0.548
4088.000	0.548
4089.000	0.535
4090.000	0.535
4091.000	0.535
4092.000	0.535
4093.000	0.535
4094.000	0.518
4095.000	0.403
