0.000	14.490
1.000	14.490
2.000	14.489
3.000	14.489
4.000	14.488
5.000	14.488
6.000	14.488
7.000	14.487
8.000	14.487
9.000	14.486
10.000	14.486
11.000	14.485
12.000	14.453
13.000	14.453
14.000	14.452
15.000	14.452
16.000	14.451
17.000	14.450
18.000	14.450
19.000	14.448
20.000	14.446
21.000	14.445
22.000	14.443
23.000	14.441
24.000	14.441
25.000	14.439
26.000	14.437
27.000	14.435
28.000	14.435
29.000	14.433
30.000	14.431
31.000	14.431
32.000	14.429
33.000	14.426
34.000	14.410
35.000	14.408
36.000	14.407
37.000	14.405
38.000	14.397
39.000	14.396
40.000	14.394
41.000	14.394
42.000	14.392
43.000	14.391
44.000	14.390
45.000	14.389
46.000	14.388
47.000	14.386
48.000	14.386
49.000	14.385
50.000	14.383
51.000	14.383
52.000	14.381
53.000	14.379
54.000	14.377
55.000	14.377
56.000	14.375
57.000	14.373
58.000	14.372
59.000	14.370
60.000	14.368
61.000	14.366
62.000	14.366
63.000	14.364
64.000	14.362
65.000	14.361
66.000	14.360
67.000	14.358
68.000	14.357
69.000	14.355
70.000	14.353
71.000	14.351
72.000	14.350
73.000	14.348
74.000	14.346
75.000	14.345
76.000	14.342
77.000	14.340
78.000	14.337
79.000	14.299
80.000	14.296
81.000	14.293
82.000	14.292
83.000	14.289
84.000	14.286
85.000	14.286
86.000	14.282
87.000	14.278
88.000	14.273
89.000	14.273
90.000	14.268
91.000	14.264
92.000	14.264
93.000	14.259
94.000	14.254
95.000	14.254
96.000	14.249
97.000	14.243
98.000	14.238
99.000	14.238
100.000	14.232
101.000	14.226
102.000	14.226
103.000	14.219
104.000	14.212
105.000	14.205
106.000	14.205
107.000	14.197
108.000	14.190
109.000	14.189
110.000	14.181
111.000	14.173
112.000	14.162
113.000	14.153
114.000	14.144
115.000	14.134
116.000	14.134
117.000	14.124
118.000	14.114
119.000	14.113
120.000	14.103
121.000	14.092
122.000	14.080
123.000	14.061
124.000	14.049
125.000	14.037
126.000	14.036
127.000	14.023
128.000	14.010
129.000	13.987
130.000	13.974
131.000	13.961
132.000	13.948
133.000	13.940
134.000	13.925
135.000	13.911
136.000	13.883
137.000	13.869
138.000	13.854
139.000	13.839
140.000	13.802
141.000	13.786
142.000	13.771
143.000	13.736
144.000	13.720
145.000	13.704
146.000	13.695
147.000	13.679
148.000	13.662
149.000	13.645
150.000	13.645
151.000	13.628
152.000	13.610
153.000	13.600
154.000	13.582
155.000	13.564
156.000	13.537
157.000	13.518
158.000	13.500
159.000	13.481
160.000	13.470
161.000	13.450
162.000	13.431
163.000	13.419
164.000	13.400
165.000	13.379
166.000	13.359
167.000	13.323
168.000	13.302
169.000	13.281
170.000	13.268
171.000	13.247
172.000	13.225
173.000	13.218
174.000	13.196
175.000	13.174
176.000	13.151
177.000	13.127
178.000	13.104
179.000	13.082
180.000	13.078
181.000	13.054
182.000	13.031
183.000	13.007
184.000	12.984
185.000	12.959
186.000	12.935
187.000	12.932
188.000	12.908
189.000	12.884
190.000	12.854
191.000	12.829
192.000	12.805
193.000	12.780
194.000	12.731
195.000	12.706
196.000	12.681
197.000	12.655
198.000	12.630
199.000	12.605
200.000	12.579
201.000	12.578
202.000	12.553
203.000	12.527
204.000	12.481
205.000	12.455
206.000	12.429
207.000	12.378
208.000	12.352
209.000	12.325
210.000	12.299
211.000	12.269
212.000	12.242
213.000	12.216
214.000	12.188
215.000	12.161
216.000	12.135
217.000	12.104
218.000	12.077
219.000	12.051
220.000	12.026
221.000	11.989
222.000	11.963
223.000	11.937
224.000	11.901
225.000	11.875
226.000	11.849
227.000	11.824
228.000	11.786
229.000	11.761
230.000	11.734
231.000	11.713
232.000	11.686
233.000	11.660
234.000	11.590
235.000	11.562
236.000	11.535
237.000	11.507
238.000	11.461
239.000	11.434
240.000	11.407
241.000	11.382
242.000	11.355
243.000	11.328
244.000	11.302
245.000	11.250
246.000	11.224
247.000	11.196
248.000	11.152
249.000	11.124
250.000	11.097
251.000	11.076
252.000	11.049
253.000	11.022
254.000	10.995
255.000	10.968
256.000	10.940
257.000	10.913
258.000	10.887
259.000	10.860
260.000	10.833
261.000	10.806
262.000	10.805
263.000	10.778
264.000	10.750
265.000	10.710
266.000	10.682
267.000	10.655
268.000	10.650
269.000	10.623
270.000	10.596
271.000	10.569
272.000	10.568
273.000	10.541
274.000	10.513
275.000	10.453
276.000	10.425
277.000	10.398
278.000	10.398
279.000	10.371
280.000	10.343
281.000	10.316
282.000	10.316
283.000	10.289
284.000	10.262
285.000	10.253
286.000	10.226
287.000	10.199
288.000	10.172
289.000	10.171
290.000	10.144
291.000	10.117
292.000	10.117
293.000	10.090
294.000	10.063
295.000	10.063
296.000	10.036
297.000	10.009
298.000	9.982
299.000	9.811
300.000	9.784
301.000	9.757
302.000	9.757
303.000	9.730
304.000	9.703
305.000	9.676
306.000	9.676
307.000	9.649
308.000	9.623
309.000	9.295
310.000	9.268
311.000	9.242
312.000	9.242
313.000	9.216
314.000	9.189
315.000	9.163
316.000	9.099
317.000	9.073
318.000	9.047
319.000	9.047
320.000	9.021
321.000	8.995
322.000	8.969
323.000	8.969
324.000	8.943
325.000	8.918
326.000	8.883
327.000	8.858
328.000	8.833
329.000	8.832
330.000	8.807
331.000	8.782
332.000	8.757
333.000	8.700
334.000	8.675
335.000	8.651
336.000	8.650
337.000	8.625
338.000	8.601
339.000	8.523
340.000	8.498
341.000	8.474
342.000	8.450
343.000	8.430
344.000	8.406
345.000	8.382
346.000	8.375
347.000	8.351
348.000	8.328
349.000	8.305
350.000	8.239
351.000	8.216
352.000	8.193
353.000	8.193
354.000	8.170
355.000	8.147
356.000	8.127
357.000	8.104
358.000	8.082
359.000	8.059
360.000	8.036
361.000	8.013
362.000	7.991
363.000	7.937
364.000	7.915
365.000	7.893
366.000	7.871
367.000	7.865
368.000	7.843
369.000	7.821
370.000	7.797
371.000	7.775
372.000	7.754
373.000	7.727
374.000	7.705
375.000	7.684
376.000	7.662
377.000	7.662
378.000	7.641
379.000	7.620
380.000	7.573
381.000	7.552
382.000	7.531
383.000	7.510
384.000	7.507
385.000	7.486
386.000	7.465
387.000	7.446
388.000	7.425
389.000	7.404
390.000	7.371
391.000	7.350
392.000	7.330
393.000	7.310
394.000	7.286
395.000	7.265
396.000	7.245
397.000	7.238
398.000	7.218
399.000	7.198
400.000	7.171
401.000	7.151
402.000	7.131
403.000	7.111
404.000	7.104
405.000	7.084
406.000	7.064
407.000	7.055
408.000	7.035
409.000	7.016
410.000	6.997
411.000	6.969
412.000	6.949
413.000	6.930
414.000	6.921
415.000	6.902
416.000	6.883
417.000	6.864
418.000	6.845
419.000	6.826
420.000	6.807
421.000	6.801
422.000	6.782
423.000	6.763
424.000	6.746
425.000	6.727
426.000	6.708
427.000	6.689
428.000	6.662
429.000	6.644
430.000	6.625
431.000	6.604
432.000	6.585
433.000	6.567
434.000	6.566
435.000	6.548
436.000	6.529
437.000	6.510
438.000	6.494
439.000	6.475
440.000	6.457
441.000	6.456
442.000	6.438
443.000	6.420
444.000	6.402
445.000	6.390
446.000	6.372
447.000	6.354
448.000	6.353
449.000	6.335
450.000	6.317
451.000	6.316
452.000	6.298
453.000	6.280
454.000	6.262
455.000	6.261
456.000	6.244
457.000	6.227
458.000	6.186
459.000	6.168
460.000	6.151
461.000	6.151
462.000	6.135
463.000	6.118
464.000	6.102
465.000	6.075
466.000	6.059
467.000	6.043
468.000	6.030
469.000	6.014
470.000	5.998
471.000	5.982
472.000	5.956
473.000	5.939
474.000	5.923
475.000	5.923
476.000	5.907
477.000	5.890
478.000	5.889
479.000	5.873
480.000	5.856
481.000	5.840
482.000	5.840
483.000	5.824
484.000	5.808
485.000	5.794
486.000	5.779
487.000	5.763
488.000	5.748
489.000	5.742
490.000	5.727
491.000	5.712
492.000	5.706
493.000	5.691
494.000	5.676
495.000	5.664
496.000	5.649
497.000	5.634
498.000	5.619
499.000	5.608
500.000	5.593
501.000	5.579
502.000	5.578
503.000	5.564
504.000	5.549
505.000	5.535
506.000	5.489
507.000	5.475
508.000	5.461
509.000	5.446
510.000	5.432
511.000	5.418
512.000	5.417
513.000	5.404
514.000	5.390
515.000	5.376
516.000	5.369
517.000	5.355
518.000	5.342
519.000	5.336
520.000	5.323
521.000	5.310
522.000	5.309
523.000	5.296
524.000	5.283
525.000	5.270
526.000	5.256
527.000	5.244
528.000	5.231
529.000	5.195
530.000	5.182
531.000	5.169
532.000	5.157
533.000	5.140
534.000	5.128
535.000	5.115
536.000	5.098
537.000	5.085
538.000	5.073
539.000	5.052
540.000	5.040
541.000	5.028
542.000	5.016
543.000	5.015
544.000	5.003
545.000	4.991
546.000	4.991
547.000	4.979
548.000	4.967
549.000	4.956
550.000	4.931
551.000	4.919
552.000	4.907
553.000	4.896
554.000	4.885
555.000	4.873
556.000	4.871
557.000	4.860
558.000	4.848
559.000	4.837
560.000	4.800
561.000	4.789
562.000	4.778
563.000	4.778
564.000	4.767
565.000	4.756
566.000	4.745
567.000	4.731
568.000	4.720
569.000	4.709
570.000	4.709
571.000	4.698
572.000	4.688
573.000	4.660
574.000	4.649
575.000	4.639
576.000	4.628
577.000	4.624
578.000	4.614
579.000	4.604
580.000	4.603
581.000	4.593
582.000	4.583
583.000	4.573
584.000	4.550
585.000	4.540
586.000	4.530
587.000	4.530
588.000	4.520
589.000	4.510
590.000	4.470
591.000	4.461
592.000	4.451
593.000	4.441
594.000	4.441
595.000	4.431
596.000	4.422
597.000	4.417
598.000	4.407
599.000	4.398
600.000	4.394
601.000	4.385
602.000	4.376
603.000	4.366
604.000	4.305
605.000	4.295
606.000	4.285
607.000	4.285
608.000	4.275
609.000	4.265
610.000	4.256
611.000	4.248
612.000	4.238
613.000	4.229
614.000	4.228
615.000	4.219
616.000	4.210
617.000	4.210
618.000	4.200
619.000	4.191
620.000	4.182
621.000	4.182
622.000	4.173
623.000	4.164
624.000	4.163
625.000	4.154
626.000	4.146
627.000	4.137
628.000	4.137
629.000	4.128
630.000	4.119
631.000	4.079
632.000	4.070
633.000	4.061
634.000	4.040
635.000	4.031
636.000	4.023
637.000	4.014
638.000	4.010
639.000	4.002
640.000	3.993
641.000	3.993
642.000	3.985
643.000	3.977
644.000	3.968
645.000	3.966
646.000	3.958
647.000	3.950
648.000	3.930
649.000	3.922
650.000	3.914
651.000	3.913
652.000	3.906
653.000	3.898
654.000	3.890
655.000	3.890
656.000	3.882
657.000	3.874
658.000	3.793
659.000	3.785
660.000	3.777
661.000	3.760
662.000	3.753
663.000	3.744
664.000	3.736
665.000	3.736
666.000	3.727
667.000	3.719
668.000	3.719
669.000	3.711
670.000	3.703
671.000	3.694
672.000	3.694
673.000	3.686
674.000	3.678
675.000	3.616
676.000	3.608
677.000	3.599
678.000	3.599
679.000	3.591
680.000	3.583
681.000	3.576
682.000	3.575
683.000	3.568
684.000	3.560
685.000	3.559
686.000	3.551
687.000	3.544
688.000	3.536
689.000	3.536
690.000	3.528
691.000	3.520
692.000	3.520
693.000	3.512
694.000	3.505
695.000	3.457
696.000	3.449
697.000	3.442
698.000	3.434
699.000	3.431
700.000	3.423
701.000	3.416
702.000	3.410
703.000	3.403
704.000	3.395
705.000	3.388
706.000	3.387
707.000	3.380
708.000	3.373
709.000	3.373
710.000	3.365
711.000	3.358
712.000	3.358
713.000	3.351
714.000	3.344
715.000	3.337
716.000	3.336
717.000	3.329
718.000	3.322
719.000	3.322
720.000	3.315
721.000	3.307
722.000	3.264
723.000	3.257
724.000	3.250
725.000	3.243
726.000	3.243
727.000	3.236
728.000	3.229
729.000	3.229
730.000	3.222
731.000	3.215
732.000	3.208
733.000	3.208
734.000	3.201
735.000	3.194
736.000	3.194
737.000	3.187
738.000	3.181
739.000	3.180
740.000	3.174
741.000	3.167
742.000	3.161
743.000	3.160
744.000	3.154
745.000	3.147
746.000	3.147
747.000	3.141
748.000	3.134
749.000	3.128
750.000	3.128
751.000	3.121
752.000	3.115
753.000	3.115
754.000	3.108
755.000	3.102
756.000	3.102
757.000	3.096
758.000	3.089
759.000	3.083
760.000	3.083
761.000	3.076
762.000	3.070
763.000	3.070
764.000	3.064
765.000	3.057
766.000	3.051
767.000	3.051
768.000	3.045
769.000	3.039
770.000	3.039
771.000	3.032
772.000	3.026
773.000	3.026
774.000	3.020
775.000	3.014
776.000	3.008
777.000	3.008
778.000	3.002
779.000	2.996
780.000	2.996
781.000	2.990
782.000	2.984
783.000	2.984
784.000	2.978
785.000	2.972
786.000	2.966
787.000	2.966
788.000	2.960
789.000	2.954
790.000	2.954
791.000	2.948
792.000	2.942
793.000	2.936
794.000	2.936
795.000	2.930
796.000	2.925
797.000	2.925
798.000	2.919
799.000	2.913
800.000	2.913
801.000	2.907
802.000	2.902
803.000	2.896
804.000	2.896
805.000	2.890
806.000	2.885
807.000	2.885
808.000	2.879
809.000	2.874
810.000	2.868
811.000	2.868
812.000	2.862
813.000	2.857
814.000	2.857
815.000	2.852
816.000	2.846
817.000	2.846
818.000	2.841
819.000	2.835
820.000	2.830
821.000	2.830
822.000	2.824
823.000	2.819
824.000	2.819
825.000	2.814
826.000	2.808
827.000	2.803
828.000	2.803
829.000	2.797
830.000	2.792
831.000	2.792
832.000	2.787
833.000	2.782
834.000	2.782
835.000	2.776
836.000	2.771
837.000	2.766
838.000	2.766
839.000	2.761
840.000	2.756
841.000	2.756
842.000	2.751
843.000	2.746
844.000	2.745
845.000	2.740
846.000	2.735
847.000	2.730
848.000	2.730
849.000	2.725
850.000	2.720
851.000	2.720
852.000	2.715
853.000	2.710
854.000	2.705
855.000	2.705
856.000	2.700
857.000	2.695
858.000	2.695
859.000	2.690
860.000	2.685
861.000	2.537
862.000	2.532
863.000	2.527
864.000	2.523
865.000	2.523
866.000	2.518
867.000	2.513
868.000	2.337
869.000	2.332
870.000	2.328
871.000	2.323
872.000	2.323
873.000	2.318
874.000	2.313
875.000	2.313
876.000	2.309
877.000	2.304
878.000	2.304
879.000	2.299
880.000	2.295
881.000	2.290
882.000	2.290
883.000	2.285
884.000	2.281
885.000	2.281
886.000	2.276
887.000	2.272
888.000	2.267
889.000	2.267
890.000	2.263
891.000	2.258
892.000	2.258
893.000	2.254
894.000	2.250
895.000	2.250
896.000	2.245
897.000	2.241
898.000	2.236
899.000	2.236
900.000	2.232
901.000	2.228
902.000	2.228
903.000	2.223
904.000	2.219
905.000	2.219
906.000	2.215
907.000	2.210
908.000	2.206
909.000	2.206
910.000	2.202
911.000	2.197
912.000	2.197
913.000	2.193
914.000	2.189
915.000	2.185
916.000	2.185
917.000	2.181
918.000	2.176
919.000	2.164
920.000	2.160
921.000	2.156
922.000	2.156
923.000	2.152
924.000	2.148
925.000	2.144
926.000	2.144
927.000	2.139
928.000	2.135
929.000	2.135
930.000	2.131
931.000	2.127
932.000	2.123
933.000	2.123
934.000	2.119
935.000	2.114
936.000	2.114
937.000	2.110
938.000	2.106
939.000	2.036
940.000	2.032
941.000	2.028
942.000	2.024
943.000	2.024
944.000	2.019
945.000	2.015
946.000	2.015
947.000	2.011
948.000	2.007
949.000	2.003
950.000	1.983
951.000	1.979
952.000	1.975
953.000	1.975
954.000	1.971
955.000	1.968
956.000	1.938
957.000	1.934
958.000	1.930
959.000	1.926
960.000	1.926
961.000	1.922
962.000	1.918
963.000	1.918
964.000	1.914
965.000	1.911
966.000	1.911
967.000	1.907
968.000	1.903
969.000	1.899
970.000	1.899
971.000	1.895
972.000	1.891
973.000	1.891
974.000	1.887
975.000	1.883
976.000	1.880
977.000	1.880
978.000	1.876
979.000	1.872
980.000	1.848
981.000	1.844
982.000	1.840
983.000	1.840
984.000	1.837
985.000	1.833
986.000	1.829
987.000	1.829
988.000	1.825
989.000	1.821
990.000	1.821
991.000	1.818
992.000	1.814
993.000	1.810
994.000	1.773
995.000	1.769
996.000	1.765
997.000	1.765
998.000	1.762
999.000	1.758
1000.000	1.758
1001.000	1.754
1002.000	1.750
1003.000	1.747
1004.000	1.747
1005.000	1.743
1006.000	1.740
1007.000	1.740
1008.000	1.736
1009.000	1.732
1010.000	1.729
1011.000	1.729
1012.000	1.725
1013.000	1.721
1014.000	1.700
1015.000	1.696
1016.000	1.693
1017.000	1.693
1018.000	1.689
1019.000	1.686
1020.000	1.682
1021.000	1.647
1022.000	1.644
1023.000	1.640
1024.000	1.640
1025.000	1.637
1026.000	1.633
1027.000	1.633
1028.000	1.629
1029.000	1.626
1030.000	1.622
1031.000	1.622
1032.000	1.619
1033.000	1.615
1034.000	1.615
1035.000	1.612
1036.000	1.608
1037.000	1.605
1038.000	1.589
1039.000	1.585
1040.000	1.582
1041.000	1.566
1042.000	1.562
1043.000	1.559
1044.000	1.559
1045.000	1.555
1046.000	1.552
1047.000	1.548
1048.000	1.548
1049.000	1.545
1050.000	1.542
1051.000	1.542
1052.000	1.538
1053.000	1.535
1054.000	1.531
1055.000	1.531
1056.000	1.528
1057.000	1.525
1058.000	1.525
1059.000	1.521
1060.000	1.518
1061.000	1.518
1062.000	1.514
1063.000	1.511
1064.000	1.508
1065.000	1.508
1066.000	1.504
1067.000	1.501
1068.000	1.501
1069.000	1.498
1070.000	1.494
1071.000	1.491
1072.000	1.491
1073.000	1.487
1074.000	1.484
1075.000	1.484
1076.000	1.481
1077.000	1.477
1078.000	1.477
1079.000	1.474
1080.000	1.471
1081.000	1.467
1082.000	1.467
1083.000	1.464
1084.000	1.460
1085.000	1.456
1086.000	1.453
1087.000	1.449
1088.000	1.449
1089.000	1.446
1090.000	1.443
1091.000	1.439
1092.000	1.439
1093.000	1.436
1094.000	1.433
1095.000	1.433
1096.000	1.430
1097.000	1.426
1098.000	1.423
1099.000	1.411
1100.000	1.407
1101.000	1.404
1102.000	1.404
1103.000	1.401
1104.000	1.397
1105.000	1.397
1106.000	1.394
1107.000	1.391
1108.000	1.387
1109.000	1.387
1110.000	1.384
1111.000	1.381
1112.000	1.381
1113.000	1.378
1114.000	1.374
1115.000	1.371
1116.000	1.371
1117.000	1.368
1118.000	1.365
1119.000	1.365
1120.000	1.361
1121.000	1.358
1122.000	1.357
1123.000	1.353
1124.000	1.350
1125.000	1.347
1126.000	1.347
1127.000	1.344
1128.000	1.341
1129.000	1.341
1130.000	1.338
1131.000	1.334
1132.000	1.331
1133.000	1.330
1134.000	1.327
1135.000	1.323
1136.000	1.323
1137.000	1.320
1138.000	1.317
1139.000	1.314
1140.000	1.312
1141.000	1.309
1142.000	1.306
1143.000	1.306
1144.000	1.303
1145.000	1.300
1146.000	1.291
1147.000	1.289
1148.000	1.286
1149.000	1.283
1150.000	1.283
1151.000	1.272
1152.000	1.272
1153.000	1.272
1154.000	1.272
1155.000	1.272
1156.000	1.272
1157.000	1.272
1158.000	1.272
1159.000	1.272
1160.000	1.272
1161.000	1.261
1162.000	1.261
1163.000	1.261
1164.000	1.261
1165.000	1.261
1166.000	1.261
1167.000	1.248
1168.000	1.248
1169.000	1.248
1170.000	1.248
1171.000	1.242
1172.000	1.242
1173.000	1.220
1174.000	1.206
1175.000	1.206
1176.000	1.206
1177.000	1.206
1178.000	1.206
1179.000	1.206
1180.000	1.206
1181.000	1.206
1182.000	1.206
1183.000	1.206
1184.000	1.206
1185.000	1.204
1186.000	1.204
1187.000	1.204
1188.000	1.204
1189.000	1.204
1190.000	1.204
1191.000	1.204
1192.000	1.183
1193.000	1.183
1194.000	1.183
1195.000	1.183
1196.000	1.183
1197.000	1.183
1198.000	1.183
1199.000	1.183
1200.000	1.183
1201.000	1.183
1202.000	1.183
1203.000	1.183
1204.000	1.183
1205.000	1.183
1206.000	1.183
1207.000	1.183
1208.000	1.183
1209.000	1.183
1210.000	1.183
1211.000	1.148
1212.000	1.148
1213.000	1.148
1214.000	1.148
1215.000	1.138
1216.000	1.130
1217.000	1.130
1218.000	1.099
1219.000	1.099
1220.000	1.097
1221.000	1.097
1222.000	1.097
1223.000	1.097
1224.000	1.097
1225.000	1.097
1226.000	1.097
1227.000	1.097
1228.000	1.097
1229.000	1.097
1230.000	1.097
1231.000	1.097
1232.000	1.084
1233.000	1.084
1234.000	1.084
1235.000	1.084
1236.000	1.084
1237.000	1.084
1238.000	1.084
1239.000	1.084
1240.000	1.084
1241.000	1.064
1242.000	1.060
1243.000	1.060
1244.000	1.060
1245.000	1.060
1246.000	1.060
1247.000	1.060
1248.000	1.059
1249.000	1.059
1250.000	1.059
1251.000	1.052
1252.000	1.039
1253.000	1.039
1254.000	1.039
1255.000	1.034
1256.000	1.034
1257.000	1.034
1258.000	1.034
1259.000	1.034
1260.000	1.034
1261.000	1.034
1262.000	1.034
1263.000	1.013
1264.000	1.013
1265.000	1.013
1266.000	1.013
1267.000	1.013
1268.000	1.013
1269.000	1.013
1270.000	1.013
1271.000	1.013
1272.000	1.013
1273.000	1.013
1274.000	1.008
1275.000	1.008
1276.000	1.008
1277.000	1.008
1278.000	1.008
1279.000	0.983
1280.000	0.983
1281.000	0.979
1282.000	0.979
1283.000	0.979
1284.000	0.979
1285.000	0.979
1286.000	0.979
1287.000	0.979
1288.000	0.979
1289.000	0.975
1290.000	0.975
1291.000	0.975
1292.000	0.975
1293.000	0.975
1294.000	0.975
1295.000	0.975
1296.000	0.960
1297.000	0.960
1298.000	0.941
1299.000	0.941
1300.000	0.941
1301.000	0.941
1302.000	0.941
1303.000	0.939
1304.000	0.939
1305.000	0.939
1306.000	0.939
1307.000	0.939
1308.000	0.939
1309.000	0.939
1310.000	0.939
1311.000	0.939
1312.000	0.939
1313.000	0.939
1314.000	0.939
1315.000	0.939
1316.000	0.939
1317.000	0.899
1318.000	0.899
1319.000	0.899
1320.000	0.899
1321.000	0.899
1322.000	0.899
1323.000	0.899
1324.000	0.899
1325.000	0.899
1326.000	0.899
1327.000	0.899
1328.000	0.899
1329.000	0.899
1330.000	0.899
1331.000	0.899
1332.000	0.899
1333.000	0.891
1334.000	0.891
1335.000	0.891
1336.000	0.891
1337.000	0.891
1338.000	0.891
1339.000	0.891
1340.000	0.865
1341.000	0.865
1342.000	0.865
1343.000	0.862
1344.000	0.862
1345.000	0.862
1346.000	0.862
1347.000	0.862
1348.000	0.862
1349.000	0.862
1350.000	0.862
1351.000	0.862
1352.000	0.862
1353.000	0.858
1354.000	0.858
1355.000	0.858
1356.000	0.845
1357.000	0.845
1358.000	0.845
1359.000	0.845
1360.000	0.845
1361.000	0.845
1362.000	0.845
1363.000	0.845
1364.000	0.845
1365.000	0.832
1366.000	0.832
1367.000	0.832
1368.000	0.832
1369.000	0.832
1370.000	0.814
1371.000	0.801
1372.000	0.801
1373.000	0.801
1374.000	0.801
1375.000	0.801
1376.000	0.799
1377.000	0.799
1378.000	0.799
1379.000	0.799
1380.000	0.799
1381.000	0.799
1382.000	0.799
1383.000	0.789
1384.000	0.789
1385.000	0.789
1386.000	0.789
1387.000	0.789
1388.000	0.789
1389.000	0.781
1390.000	0.781
1391.000	0.776
1392.000	0.772
1393.000	0.772
1394.000	0.772
1395.000	0.772
1396.000	0.761
1397.000	0.761
1398.000	0.761
1399.000	0.761
1400.000	0.761
1401.000	0.761
1402.000	0.761
1403.000	0.761
1404.000	0.761
1405.000	0.754
1406.000	0.754
1407.000	0.754
1408.000	0.754
1409.000	0.754
1410.000	0.754
1411.000	0.753
1412.000	0.753
1413.000	0.753
1414.000	0.753
1415.000	0.753
1416.000	0.745
1417.000	0.745
1418.000	0.745
1419.000	0.745
1420.000	0.745
1421.000	0.745
1422.000	0.745
1423.000	0.745
1424.000	0.745
1425.000	0.745
1426.000	0.745
1427.000	0.745
1428.000	0.745
1429.000	0.745
1430.000	0.745
1431.000	0.745
1432.000	0.745
1433.000	0.745
1434.000	0.745
1435.000	0.745
1436.000	0.745
1437.000	0.745
1438.000	0.745
1439.000	0.745
1440.000	0.745
1441.000	0.688
1442.000	0.688
1443.000	0.688
1444.000	0.686
1445.000	0.686
1446.000	0.685
1447.000	0.685
1448.000	0.685
1449.000	0.685
1450.000	0.685
1451.000	0.681
1452.000	0.681
1453.000	0.681
1454.000	0.681
1455.000	0.681
1456.000	0.681
1457.000	0.681
1458.000	0.681
1459.000	0.681
1460.000	0.681
1461.000	0.681
1462.000	0.681
1463.000	0.681
1464.000	0.681
1465.000	0.681
1466.000	0.681
1467.000	0.681
1468.000	0.681
1469.000	0.681
1470.000	0.681
1471.000	0.681
1472.000	0.649
1473.000	0.647
1474.000	0.647
1475.000	0.647
1476.000	0.647
1477.000	0.647
1478.000	0.647
1479.000	0.647
1480.000	0.647
1481.000	0.646
1482.000	0.646
1483.000	0.636
1484.000	0.636
1485.000	0.636
1486.000	0.636
1487.000	0.636
1488.000	0.636
1489.000	0.632
1490.000	0.632
1491.000	0.632
1492.000	0.632
1493.000	0.632
1494.000	0.629
1495.000	0.629
1496.000	0.629
1497.000	0.629
1498.000	0.596
1499.000	0.590
1500.000	0.590
1501.000	0.000
1502.000	0.000
1503.000	0.000
1504.000	0.000
1505.000	0.000
1506.000	0.000
1507.000	0.000
1508.000	0.000
1509.000	0.000
1510.000	0.000
1511.000	0.000
1512.000	0.000
1513.000	0.000
1514.000	0.000
1515.000	0.000
1516.000	0.000
1517.000	0.000
1518.000	0.000
1519.000	0.000
1520.000	0.000
1521.000	0.000
1522.000	0.000
1523.000	0.000
1524.000	0.000
1525.000	0.000
1526.000	0.000
1527.000	0.000
1528.000	0.000
1529.000	0.000
1530.000	0.000
1531.000	0.000
1532.000	0.000
1533.000	0.000
1534.000	0.000
1535.000	0.000
1536.000	0.000
1537.000	0.000
1538.000	0.000
1539.000	0.000
1540.000	0.000
1541.000	0.000
1542.000	0.000
1543.000	0.000
1544.000	0.000
1545.000	0.000
1546.000	0.000
1547.000	0.000
1548.000	0.000
1549.000	0.000
1550.000	0.000
1551.000	0.000
1552.000	0.000
1553.000	0.000
1554.000	0.000
1555.000	0.000
1556.000	0.000
1557.000	0.000
1558.000	0.000
1559.000	0.000
1560.000	0.000
1561.000	0.000
1562.000	0.000
1563.000	0.000
1564.000	0.000
1565.000	0.000
1566.000	0.000
1567.000	0.000
1568.000	0.000
1569.000	0.000
1570.000	0.000
1571.000	0.000
1572.000	0.000
1573.000	0.000
1574.000	0.000
1575.000	0.000
1576.000	0.000
1577.000	0.000
1578.000	0.000
1579.000	0.000
1580.000	0.000
1581.000	0.000
1582.000	0.000
1583.000	0.000
1584.000	0.000
1585.000	0.000
1586.000	0.000
1587.000	0.000
1588.000	0.000
1589.000	0.000
1590.000	0.000
1591.000	0.000
1592.000	0.000
1593.000	0.000
1594.000	0.000
1595.000	0.000
1596.000	0.000
1597.000	0.000
1598.000	0.000
1599.000	0.000
1600.000	0.000
1601.000	0.000
1602.000	0.000
1603.000	0.000
1604.000	0.000
1605.000	0.000
1606.000	0.000
1607.000	0.000
1608.000	0.000
1609.000	0.000
1610.000	0.000
1611.000	0.000
1612.000	0.000
1613.000	0.000
1614.000	0.000
1615.000	0.000
1616.000	0.000
1617.000	0.000
1618.000	0.000
1619.000	0.000
1620.000	0.000
1621.000	0.000
1622.000	0.000
1623.000	0.000
1624.000	0.000
1625.000	0.000
1626.000	0.000
1627.000	0.000
1628.000	0.000
1629.000	0.000
1630.000	0.000
1631.000	0.000
1632.000	0.000
1633.000	0.000
1634.000	0.000
1635.000	0.000
1636.000	0.000
1637.000	0.000
1638.000	0.000
1639.000	0.000
1640.000	0.000
1641.000	0.000
1642.000	0.000
1643.000	0.000
1644.000	0.000
1645.000	0.000
1646.000	0.000
1647.000	0.000
1648.000	0.000
1649.000	0.000
1650.000	0.000
1651.000	0.000
1652.000	0.000
1653.000	0.000
1654.000	0.000
1655.000	0.000
1656.000	0.000
1657.000	0.000
1658.000	0.000
1659.000	0.000
1660.000	0.000
1661.000	0.000
1662.000	0.000
1663.000	0.000
1664.000	0.000
1665.000	0.000
1666.000	0.000
1667.000	0.000
1668.000	0.000
1669.000	0.000
1670.000	0.000
1671.000	0.000
1672.000	0.000
1673.000	0.000
1674.000	0.000
1675.000	0.000
1676.000	0.000
1677.000	0.000
1678.000	0.000
1679.000	0.000
1680.000	0.000
1681.000	0.000
1682.000	0.000
1683.000	0.000
1684.000	0.000
1685.000	0.000
1686.000	0.000
1687.000	0.000
1688.000	0.000
1689.000	0.000
1690.000	0.000
1691.000	0.000
1692.000	0.000
1693.000	0.000
1694.000	0.000
1695.000	0.000
1696.000	0.000
1697.000	0.000
1698.000	0.000
1699.000	0.000
1700.000	0.000
1701.000	0.000
1702.000	0.000
1703.000	0.000
1704.000	0.000
1705.000	0.000
1706.000	0.000
1707.000	0.000
1708.000	0.000
1709.000	0.000
1710.000	0.000
1711.000	0.000
1712.000	0.000
1713.000	0.000
1714.000	0.000
1715.000	0.000
1716.000	0.000
1717.000	0.000
1718.000	0.000
1719.000	0.000
1720.000	0.000
1721.000	0.000
1722.000	0.000
1723.000	0.000
1724.000	0.000
1725.000	0.000
1726.000	0.000
1727.000	0.000
1728.000	0.000
1729.000	0.000
1730.000	0.000
1731.000	0.000
1732.000	0.000
1733.000	0.000
1734.000	0.000
1735.000	0.000
1736.000	0.000
1737.000	0.000
1738.000	0.000
1739.000	0.000
1740.000	0.000
1741.000	0.000
1742.000	0.000
1743.000	0.000
1744.000	0.000
1745.000	0.000
1746.000	0.000
1747.000	0.000
1748.000	0.000
1749.000	0.000
1750.000	0.000
1751.000	0.000
1752.000	0.000
1753.000	0.000
1754.000	0.000
1755.000	0.000
1756.000	0.000
1757.000	0.000
1758.000	0.000
1759.000	0.000
1760.000	0.000
1761.000	0.000
1762.000	0.000
1763.000	0.000
1764.000	0.000
1765.000	0.000
1766.000	0.000
1767.000	0.000
1768.000	0.000
1769.000	0.000
1770.000	0.000
1771.000	0.000
1772.000	0.000
1773.000	0.000
1774.000	0.000
1775.000	0.000
1776.000	0.000
1777.000	0.000
1778.000	0.000
1779.000	0.000
1780.000	0.000
1781.000	0.000
1782.000	0.000
1783.000	0.000
1784.000	0.000
1785.000	0.000
1786.000	0.000
1787.000	0.000
1788.000	0.000
1789.000	0.000
1790.000	0.000
1791.000	0.000
1792.000	0.000
1793.000	0.000
1794.000	0.000
1795.000	0.000
1796.000	0.000
1797.000	0.000
1798.000	0.000
1799.000	0.000
1800.000	0.000
1801.000	0.000
1802.000	0.000
1803.000	0.000
1804.000	0.000
1805.000	0.000
1806.000	0.000
1807.000	0.000
1808.000	0.000
1809.000	0.000
1810.000	0.000
1811.000	0.000
1812.000	0.000
1813.000	0.000
1814.000	0.000
1815.000	0.000
1816.000	0.000
1817.000	0.000
1818.000	0.000
1819.000	0.000
1820.000	0.000
1821.000	0.000
1822.000	0.000
1823.000	0.000
1824.000	0.000
1825.000	0.000
1826.000	0.000
1827.000	0.000
1828.000	0.000
1829.000	0.000
1830.000	0.000
1831.000	0.000
1832.000	0.000
1833.000	0.000
1834.000	0.000
1835.000	0.000
1836.000	0.000
1837.000	0.000
1838.000	0.000
1839.000	0.000
1840.000	0.000
1841.000	0.000
1842.000	0.000
1843.000	0.000
1844.000	0.000
1845.000	0.000
1846.000	0.000
1847.000	0.000
1848.000	0.000
1849.000	0.000
1850.000	0.000
1851.000	0.000
1852.000	0.000
1853.000	0.000
1854.000	0.000
1855.000	0.000
1856.000	0.000
1857.000	0.000
1858.000	0.000
1859.000	0.000
1860.000	0.000
1861.000	0.000
1862.000	0.000
1863.000	0.000
1864.000	0.000
1865.000	0.000
1866.000	0.000
1867.000	0.000
1868.000	0.000
1869.000	0.000
1870.000	0.000
1871.000	0.000
1872.000	0.000
1873.000	0.000
1874.000	0.000
1875.000	0.000
1876.000	0.000
1877.000	0.000
1878.000	0.000
1879.000	0.000
1880.000	0.000
1881.000	0.000
1882.000	0.000
1883.000	0.000
1884.000	0.000
1885.000	0.000
1886.000	0.000
1887.000	0.000
1888.000	0.000
1889.000	0.000
1890.000	0.000
1891.000	0.000
1892.000	0.000
1893.000	0.000
1894.000	0.000
1895.000	0.000
1896.000	0.000
1897.000	0.000
1898.000	0.000
1899.000	0.000
1900.000	0.000
1901.000	0.000
1902.000	0.000
1903.000	0.000
1904.000	0.000
1905.000	0.000
1906.000	0.000
1907.000	0.000
1908.000	0.000
1909.000	0.000
1910.000	0.000
1911.000	0.000
1912.000	0.000
1913.000	0.000
1914.000	0.000
1915.000	0.000
1916.000	0.000
1917.000	0.000
1918.000	0.000
1919.000	0.000
1920.000	0.000
1921.000	0.000
1922.000	0.000
1923.000	0.000
1924.000	0.000
1925.000	0.000
1926.000	0.000
1927.000	0.000
1928.000	0.000
1929.000	0.000
1930.000	0.000
1931.000	0.000
1932.000	0.000
1933.000	0.000
1934.000	0.000
1935.000	0.000
1936.000	0.000
1937.000	0.000
1938.000	0.000
1939.000	0.000
1940.000	0.000
1941.000	0.000
1942.000	0.000
1943.000	0.000
1944.000	0.000
1945.000	0.000
1946.000	0.000
1947.000	0.000
1948.000	0.000
1949.000	0.000
1950.000	0.000
1951.000	0.000
1952.000	0.000
1953.000	0.000
1954.000	0.000
1955.000	0.000
1956.000	0.000
1957.000	0.000
1958.000	0.000
1959.000	0.000
1960.000	0.000
1961.000	0.000
1962.000	0.000
1963.000	0.000
1964.000	0.000
1965.000	0.000
1966.000	0.000
1967.000	0.000
1968.000	0.000
1969.000	0.000
1970.000	0.000
1971.000	0.000
1972.000	0.000
1973.000	0.000
1974.000	0.000
1975.000	0.000
1976.000	0.000
1977.000	0.000
1978.000	0.000
1979.000	0.000
1980.000	0.000
1981.000	0.000
1982.000	0.000
1983.000	0.000
1984.000	0.000
1985.000	0.000
1986.000	0.000
1987.000	0.000
1988.000	0.000
1989.000	0.000
1990.000	0.000
1991.000	0.000
1992.000	0.000
1993.000	0.000
1994.000	0.000
1995.000	0.000
1996.000	0.000
1997.000	0.000
1998.000	0.000
1999.000	0.000
2000.000	0.000
2001.000	0.000
2002.000	0.000
2003.000	0.000
2004.000	0.000
2005.000	0.000
2006.000	0.000
2007.000	0.000
2008.000	0.000
2009.000	0.000
2010.000	0.000
2011.000	0.000
2012.000	0.000
2013.000	0.000
2014.000	0.000
2015.000	0.000
2016.000	0.000
2017.000	0.000
2018.000	0.000
2019.000	0.000
2020.000	0.000
2021.000	0.000
2022.000	0.000
2023.000	0.000
2024.000	0.000
2025.000	0.000
2026.000	0.000
2027.000	0.000
2028.000	0.000
2029.000	0.000
2030.000	0.000
2031.000	0.000
2032.000	0.000
2033.000	0.000
2034.000	0.000
2035.000	0.000
2036.000	0.000
2037.000	0.000
2038.000	0.000
2039.000	0.000
2040.000	0.000
2041.000	0.000
2042.000	0.000
2043.000	0.000
2044.000	0.000
2045.000	0.000
2046.000	0.000
2047.000	0.000
2048.000	0.000
2049.000	0.000
2050.000	0.000
2051.000	0.000
2052.000	0.000
2053.000	0.000
2054.000	0.000
2055.000	0.000
2056.000	0.000
2057.000	0.000
2058.000	0.000
2059.000	0.000
2060.000	0.000
2061.000	0.000
2062.000	0.000
2063.000	0.000
2064.000	0.000
2065.000	0.000
2066.000	0.000
2067.000	0.000
2068.000	0.000
2069.000	0.000
2070.000	0.000
2071.000	0.000
2072.000	0.000
2073.000	0.000
2074.000	0.000
2075.000	0.000
2076.000	0.000
2077.000	0.000
2078.000	0.000
2079.000	0.000
2080.000	0.000
2081.000	0.000
2082.000	0.000
2083.000	0.000
2084.000	0.000
2085.000	0.000
2086.000	0.000
2087.000	0.000
2088.000	0.000
2089.000	0.000
2090.000	0.000
2091.000	0.000
2092.000	0.000
2093.000	0.000
2094.000	0.000
2095.000	0.000
2096.000	0.000
2097.000	0.000
2098.000	0.000
2099.000	0.000
2100.000	0.000
2101.000	0.000
2102.000	0.000
2103.000	0.000
2104.000	0.000
2105.000	0.000
2106.000	0.000
2107.000	0.000
2108.000	0.000
2109.000	0.000
2110.000	0.000
2111.000	0.000
2112.000	0.000
2113.000	0.000
2114.000	0.000
2115.000	0.000
2116.000	0.000
2117.000	0.000
2118.000	0.000
2119.000	0.000
2120.000	0.000
2121.000	0.000
2122.000	0.000
2123.000	0.000
2124.000	0.000
2125.000	0.000
2126.000	0.000
2127.000	0.000
2128.000	0.000
2129.000	0.000
2130.000	0.000
2131.000	0.000
2132.000	0.000
2133.000	0.000
2134.000	0.000
2135.000	0.000
2136.000	0.000
2137.000	0.000
2138.000	0.000
2139.000	0.000
2140.000	0.000
2141.000	0.000
2142.000	0.000
2143.000	0.000
2144.000	0.000
2145.000	0.000
2146.000	0.000
2147.000	0.000
2148.000	0.000
2149.000	0.000
2150.000	0.000
2151.000	0.000
2152.000	0.000
2153.000	0.000
2154.000	0.000
2155.000	0.000
2156.000	0.000
2157.000	0.000
2158.000	0.000
2159.000	0.000
2160.000	0.000
2161.000	0.000
2162.000	0.000
2163.000	0.000
2164.000	0.000
2165.000	0.000
2166.000	0.000
2167.000	0.000
2168.000	0.000
2169.000	0.000
2170.000	0.000
2171.000	0.000
2172.000	0.000
2173.000	0.000
2174.000	0.000
2175.000	0.000
2176.000	0.000
2177.000	0.000
2178.000	0.000
2179.000	0.000
2180.000	0.000
2181.000	0.000
2182.000	0.000
2183.000	0.000
2184.000	0.000
2185.000	0.000
2186.000	0.000
2187.000	0.000
2188.000	0.000
2189.000	0.000
2190.000	0.000
2191.000	0.000
2192.000	0.000
2193.000	0.000
2194.000	0.000
2195.000	0.000
2196.000	0.000
2197.000	0.000
2198.000	0.000
2199.000	0.000
2200.000	0.000
2201.000	0.000
2202.000	0.000
2203.000	0.000
2204.000	0.000
2205.000	0.000
2206.000	0.000
2207.000	0.000
2208.000	0.000
2209.000	0.000
2210.000	0.000
2211.000	0.000
2212.000	0.000
2213.000	0.000
2214.000	0.000
2215.000	0.000
2216.000	0.000
2217.000	0.000
2218.000	0.000
2219.000	0.000
2220.000	0.000
2221.000	0.000
2222.000	0.000
2223.000	0.000
2224.000	0.000
2225.000	0.000
2226.000	0.000
2227.000	0.000
2228.000	0.000
2229.000	0.000
2230.000	0.000
2231.000	0.000
2232.000	0.000
2233.000	0.000
2234.000	0.000
2235.000	0.000
2236.000	0.000
2237.000	0.000
2238.000	0.000
2239.000	0.000
2240.000	0.000
2241.000	0.000
2242.000	0.000
2243.000	0.000
2244.000	0.000
2245.000	0.000
2246.000	0.000
2247.000	0.000
2248.000	0.000
2249.000	0.000
2250.000	0.000
2251.000	0.000
2252.000	0.000
2253.000	0.000
2254.000	0.000
2255.000	0.000
2256.000	0.000
2257.000	0.000
2258.000	0.000
2259.000	0.000
2260.000	0.000
2261.000	0.000
2262.000	0.000
2263.000	0.000
2264.000	0.000
2265.000	0.000
2266.000	0.000
2267.000	0.000
2268.000	0.000
2269.000	0.000
2270.000	0.000
2271.000	0.000
2272.000	0.000
2273.000	0.000
2274.000	0.000
2275.000	0.000
2276.000	0.000
2277.000	0.000
2278.000	0.000
2279.000	0.000
2280.000	0.000
2281.000	0.000
2282.000	0.000
2283.000	0.000
2284.000	0.000
2285.000	0.000
2286.000	0.000
2287.000	0.000
2288.000	0.000
2289.000	0.000
2290.000	0.000
2291.000	0.000
2292.000	0.000
2293.000	0.000
2294.000	0.000
2295.000	0.000
2296.000	0.000
2297.000	0.000
2298.000	0.000
2299.000	0.000
2300.000	0.000
2301.000	0.000
2302.000	0.000
2303.000	0.000
2304.000	0.000
2305.000	0.000
2306.000	0.000
2307.000	0.000
2308.000	0.000
2309.000	0.000
2310.000	0.000
2311.000	0.000
2312.000	0.000
2313.000	0.000
2314.000	0.000
2315.000	0.000
2316.000	0.000
2317.000	0.000
2318.000	0.000
2319.000	0.000
2320.000	0.000
2321.000	0.000
2322.000	0.000
2323.000	0.000
2324.000	0.000
2325.000	0.000
2326.000	0.000
2327.000	0.000
2328.000	0.000
2329.000	0.000
2330.000	0.000
2331.000	0.000
2332.000	0.000
2333.000	0.000
2334.000	0.000
2335.000	0.000
2336.000	0.000
2337.000	0.000
2338.000	0.000
2339.000	0.000
2340.000	0.000
2341.000	0.000
2342.000	0.000
2343.000	0.000
2344.000	0.000
2345.000	0.000
2346.000	0.000
2347.000	0.000
2348.000	0.000
2349.000	0.000
2350.000	0.000
2351.000	0.000
2352.000	0.000
2353.000	0.000
2354.000	0.000
2355.000	0.000
2356.000	0.000
2357.000	0.000
2358.000	0.000
2359.000	0.000
2360.000	0.000
2361.000	0.000
2362.000	0.000
2363.000	0.000
2364.000	0.000
2365.000	0.000
2366.000	0.000
2367.000	0.000
2368.000	0.000
2369.000	0.000
2370.000	0.000
2371.000	0.000
2372.000	0.000
2373.000	0.000
2374.000	0.000
2375.000	0.000
2376.000	0.000
2377.000	0.000
2378.000	0.000
2379.000	0.000
2380.000	0.000
2381.000	0.000
2382.000	0.000
2383.000	0.000
2384.000	0.000
2385.000	0.000
2386.000	0.000
2387.000	0.000
2388.000	0.000
2389.000	0.000
2390.000	0.000
2391.000	0.000
2392.000	0.000
2393.000	0.000
2394.000	0.000
2395.000	0.000
2396.000	0.000
2397.000	0.000
2398.000	0.000
2399.000	0.000
2400.000	0.000
2401.000	0.000
2402.000	0.000
2403.000	0.000
2404.000	0.000
2405.000	0.000
2406.000	0.000
2407.000	0.000
2408.000	0.000
2409.000	0.000
2410.000	0.000
2411.000	0.000
2412.000	0.000
2413.000	0.000
2414.000	0.000
2415.000	0.000
2416.000	0.000
2417.000	0.000
2418.000	0.000
2419.000	0.000
2420.000	0.000
2421.000	0.000
2422.000	0.000
2423.000	0.000
2424.000	0.000
2425.000	0.000
2426.000	0.000
2427.000	0.000
2428.000	0.000
2429.000	0.000
2430.000	0.000
2431.000	0.000
2432.000	0.000
2433.000	0.000
2434.000	0.000
2435.000	0.000
2436.000	0.000
2437.000	0.000
2438.000	0.000
2439.000	0.000
2440.000	0.000
2441.000	0.000
2442.000	0.000
2443.000	0.000
2444.000	0.000
2445.000	0.000
2446.000	0.000
2447.000	0.000
2448.000	0.000
2449.000	0.000
2450.000	0.000
2451.000	0.000
2452.000	0.000
2453.000	0.000
2454.000	0.000
2455.000	0.000
2456.000	0.000
2457.000	0.000
2458.000	0.000
2459.000	0.000
2460.000	0.000
2461.000	0.000
2462.000	0.000
2463.000	0.000
2464.000	0.000
2465.000	0.000
2466.000	0.000
2467.000	0.000
2468.000	0.000
2469.000	0.000
2470.000	0.000
2471.000	0.000
2472.000	0.000
2473.000	0.000
2474.000	0.000
2475.000	0.000
2476.000	0.000
2477.000	0.000
2478.000	0.000
2479.000	0.000
2480.000	0.000
2481.000	0.000
2482.000	0.000
2483.000	0.000
2484.000	0.000
2485.000	0.000
2486.000	0.000
2487.000	0.000
2488.000	0.000
2489.000	0.000
2490.000	0.000
2491.000	0.000
2492.000	0.000
2493.000	0.000
2494.000	0.000
2495.000	0.000
2496.000	0.000
2497.000	0.000
2498.000	0.000
2499.000	0.000
2500.000	0.000
2501.000	0.000
2502.000	0.000
2503.000	0.000
2504.000	0.000
2505.000	0.000
2506.000	0.000
2507.000	0.000
2508.000	0.000
2509.000	0.000
2510.000	0.000
2511.000	0.000
2512.000	0.000
2513.000	0.000
2514.000	0.000
2515.000	0.000
2516.000	0.000
2517.000	0.000
2518.000	0.000
2519.000	0.000
2520.000	0.000
2521.000	0.000
2522.000	0.000
2523.000	0.000
2524.000	0.000
2525.000	0.000
2526.000	0.000
2527.000	0.000
2528.000	0.000
2529.000	0.000
2530.000	0.000
2531.000	0.000
2532.000	0.000
2533.000	0.000
2534.000	0.000
2535.000	0.000
2536.000	0.000
2537.000	0.000
2538.000	0.000
2539.000	0.000
2540.000	0.000
2541.000	0.000
2542.000	0.000
2543.000	0.000
2544.000	0.000
2545.000	0.000
2546.000	0.000
2547.000	0.000
2548.000	0.000
2549.000	0.000
2550.000	0.000
2551.000	0.000
2552.000	0.000
2553.000	0.000
2554.000	0.000
2555.000	0.000
2556.000	0.000
2557.000	0.000
2558.000	0.000
2559.000	0.000
2560.000	0.000
2561.000	0.000
2562.000	0.000
2563.000	0.000
2564.000	0.000
2565.000	0.000
2566.000	0.000
2567.000	0.000
2568.000	0.000
2569.000	0.000
2570.000	0.000
2571.000	0.000
2572.000	0.000
2573.000	0.000
2574.000	0.000
2575.000	0.000
2576.000	0.000
2577.000	0.000
2578.000	0.000
2579.000	0.000
2580.000	0.000
2581.000	0.000
2582.000	0.000
2583.000	0.000
2584.000	0.000
2585.000	0.000
2586.000	0.000
2587.000	0.000
2588.000	0.000
2589.000	0.000
2590.000	0.000
2591.000	0.000
2592.000	0.000
2593.000	0.000
2594.000	0.000
2595.000	0.000
2596.000	0.000
2597.000	0.000
2598.000	0.000
2599.000	0.000
2600.000	0.000
2601.000	0.000
2602.000	0.000
2603.000	0.000
2604.000	0.000
2605.000	0.000
2606.000	0.000
2607.000	0.000
2608.000	0.000
2609.000	0.000
2610.000	0.000
2611.000	0.000
2612.000	0.000
2613.000	0.000
2614.000	0.000
2615.000	0.000
2616.000	0.000
2617.000	0.000
2618.000	0.000
2619.000	0.000
2620.000	0.000
2621.000	0.000
2622.000	0.000
2623.000	0.000
2624.000	0.000
2625.000	0.000
2626.000	0.000
2627.000	0.000
2628.000	0.000
2629.000	0.000
2630.000	0.000
2631.000	0.000
2632.000	0.000
2633.000	0.000
2634.000	0.000
2635.000	0.000
2636.000	0.000
2637.000	0.000
2638.000	0.000
2639.000	0.000
2640.000	0.000
2641.000	0.000
2642.000	0.000
2643.000	0.000
2644.000	0.000
2645.000	0.000
2646.000	0.000
2647.000	0.000
2648.000	0.000
2649.000	0.000
2650.000	0.000
2651.000	0.000
2652.000	0.000
2653.000	0.000
2654.000	0.000
2655.000	0.000
2656.000	0.000
2657.000	0.000
2658.000	0.000
2659.000	0.000
2660.000	0.000
2661.000	0.000
2662.000	0.000
2663.000	0.000
2664.000	0.000
2665.000	0.000
2666.000	0.000
2667.000	0.000
2668.000	0.000
2669.000	0.000
2670.000	0.000
2671.000	0.000
2672.000	0.000
2673.000	0.000
2674.000	0.000
2675.000	0.000
2676.000	0.000
2677.000	0.000
2678.000	0.000
2679.000	0.000
2680.000	0.000
2681.000	0.000
2682.000	0.000
2683.000	0.000
2684.000	0.000
2685.000	0.000
2686.000	0.000
2687.000	0.000
2688.000	0.000
2689.000	0.000
2690.000	0.000
2691.000	0.000
2692.000	0.000
2693.000	0.000
2694.000	0.000
2695.000	0.000
2696.000	0.000
2697.000	0.000
2698.000	0.000
2699.000	0.000
2700.000	0.000
2701.000	0.000
2702.000	0.000
2703.000	0.000
2704.000	0.000
2705.000	0.000
2706.000	0.000
2707.000	0.000
2708.000	0.000
2709.000	0.000
2710.000	0.000
2711.000	0.000
2712.000	0.000
2713.000	0.000
2714.000	0.000
2715.000	0.000
2716.000	0.000
2717.000	0.000
2718.000	0.000
2719.000	0.000
2720.000	0.000
2721.000	0.000
2722.000	0.000
2723.000	0.000
2724.000	0.000
2725.000	0.000
2726.000	0.000
2727.000	0.000
2728.000	0.000
2729.000	0.000
2730.000	0.000
2731.000	0.000
2732.000	0.000
2733.000	0.000
2734.000	0.000
2735.000	0.000
2736.000	0.000
2737.000	0.000
2738.000	0.000
2739.000	0.000
2740.000	0.000
2741.000	0.000
2742.000	0.000
2743.000	0.000
2744.000	0.000
2745.000	0.000
2746.000	0.000
2747.000	0.000
2748.000	0.000
2749.000	0.000
2750.000	0.000
2751.000	0.000
2752.000	0.000
2753.000	0.000
2754.000	0.000
2755.000	0.000
2756.000	0.000
2757.000	0.000
2758.000	0.000
2759.000	0.000
2760.000	0.000
2761.000	0.000
2762.000	0.000
2763.000	0.000
2764.000	0.000
2765.000	0.000
2766.000	0.000
2767.000	0.000
2768.000	0.000
2769.000	0.000
2770.000	0.000
2771.000	0.000
2772.000	0.000
2773.000	0.000
2774.000	0.000
2775.000	0.000
2776.000	0.000
2777.000	0.000
2778.000	0.000
2779.000	0.000
2780.000	0.000
2781.000	0.000
2782.000	0.000
2783.000	0.000
2784.000	0.000
2785.000	0.000
2786.000	0.000
2787.000	0.000
2788.000	0.000
2789.000	0.000
2790.000	0.000
2791.000	0.000
2792.000	0.000
2793.000	0.000
2794.000	0.000
2795.000	0.000
2796.000	0.000
2797.000	0.000
2798.000	0.000
2799.000	0.000
2800.000	0.000
2801.000	0.000
2802.000	0.000
2803.000	0.000
2804.000	0.000
2805.000	0.000
2806.000	0.000
2807.000	0.000
2808.000	0.000
2809.000	0.000
2810.000	0.000
2811.000	0.000
2812.000	0.000
2813.000	0.000
2814.000	0.000
2815.000	0.000
2816.000	0.000
2817.000	0.000
2818.000	0.000
2819.000	0.000
2820.000	0.000
2821.000	0.000
2822.000	0.000
2823.000	0.000
2824.000	0.000
2825.000	0.000
2826.000	0.000
2827.000	0.000
2828.000	0.000
2829.000	0.000
2830.000	0.000
2831.000	0.000
2832.000	0.000
2833.000	0.000
2834.000	0.000
2835.000	0.000
2836.000	0.000
2837.000	0.000
2838.000	0.000
2839.000	0.000
2840.000	0.000
2841.000	0.000
2842.000	0.000
2843.000	0.000
2844.000	0.000
2845.000	0.000
2846.000	0.000
2847.000	0.000
2848.000	0.000
2849.000	0.000
2850.000	0.000
2851.000	0.000
2852.000	0.000
2853.000	0.000
2854.000	0.000
2855.000	0.000
2856.000	0.000
2857.000	0.000
2858.000	0.000
2859.000	0.000
2860.000	0.000
2861.000	0.000
2862.000	0.000
2863.000	0.000
2864.000	0.000
2865.000	0.000
2866.000	0.000
2867.000	0.000
2868.000	0.000
2869.000	0.000
2870.000	0.000
2871.000	0.000
2872.000	0.000
2873.000	0.000
2874.000	0.000
2875.000	0.000
2876.000	0.000
2877.000	0.000
2878.000	0.000
2879.000	0.000
2880.000	0.000
2881.000	0.000
2882.000	0.000
2883.000	0.000
2884.000	0.000
2885.000	0.000
2886.000	0.000
2887.000	0.000
2888.000	0.000
2889.000	0.000
2890.000	0.000
2891.000	0.000
2892.000	0.000
2893.000	0.000
2894.000	0.000
2895.000	0.000
2896.000	0.000
2897.000	0.000
2898.000	0.000
2899.000	0.000
2900.000	0.000
2901.000	0.000
2902.000	0.000
2903.000	0.000
2904.000	0.000
2905.000	0.000
2906.000	0.000
2907.000	0.000
2908.000	0.000
2909.000	0.000
2910.000	0.000
2911.000	0.000
2912.000	0.000
2913.000	0.000
2914.000	0.000
2915.000	0.000
2916.000	0.000
2917.000	0.000
2918.000	0.000
2919.000	0.000
2920.000	0.000
2921.000	0.000
2922.000	0.000
2923.000	0.000
2924.000	0.000
2925.000	0.000
2926.000	0.000
2927.000	0.000
2928.000	0.000
2929.000	0.000
2930.000	0.000
2931.000	0.000
2932.000	0.000
2933.000	0.000
2934.000	0.000
2935.000	0.000
2936.000	0.000
2937.000	0.000
2938.000	0.000
2939.000	0.000
2940.000	0.000
2941.000	0.000
2942.000	0.000
2943.000	0.000
2944.000	0.000
2945.000	0.000
2946.000	0.000
2947.000	0.000
2948.000	0.000
2949.000	0.000
2950.000	0.000
2951.000	0.000
2952.000	0.000
2953.000	0.000
2954.000	0.000
2955.000	0.000
2956.000	0.000
2957.000	0.000
2958.000	0.000
2959.000	0.000
2960.000	0.000
2961.000	0.000
2962.000	0.000
2963.000	0.000
2964.000	0.000
2965.000	0.000
2966.000	0.000
2967.000	0.000
2968.000	0.000
2969.000	0.000
2970.000	0.000
2971.000	0.000
2972.000	0.000
2973.000	0.000
2974.000	0.000
2975.000	0.000
2976.000	0.000
2977.000	0.000
2978.000	0.000
2979.000	0.000
2980.000	0.000
2981.000	0.000
2982.000	0.000
2983.000	0.000
2984.000	0.000
2985.000	0.000
2986.000	0.000
2987.000	0.000
2988.000	0.000
2989.000	0.000
2990.000	0.000
2991.000	0.000
2992.000	0.000
2993.000	0.000
2994.000	0.000
2995.000	0.000
2996.000	0.000
2997.000	0.000
2998.000	0.000
2999.000	0.000
3000.000	0.000
3001.000	0.000
3002.000	0.000
3003.000	0.000
3004.000	0.000
3005.000	0.000
3006.000	0.000
3007.000	0.000
3008.000	0.000
3009.000	0.000
3010.000	0.000
3011.000	0.000
3012.000	0.000
3013.000	0.000
3014.000	0.000
3015.000	0.000
3016.000	0.000
3017.000	0.000
3018.000	0.000
3019.000	0.000
3020.000	0.000
3021.000	0.000
3022.000	0.000
3023.000	0.000
3024.000	0.000
3025.000	0.000
3026.000	0.000
3027.000	0.000
3028.000	0.000
3029.000	0.000
3030.000	0.000
3031.000	0.000
3032.000	0.000
3033.000	0.000
3034.000	0.000
3035.000	0.000
3036.000	0.000
3037.000	0.000
3038.000	0.000
3039.000	0.000
3040.000	0.000
3041.000	0.000
3042.000	0.000
3043.000	0.000
3044.000	0.000
3045.000	0.000
3046.000	0.000
3047.000	0.000
3048.000	0.000
3049.000	0.000
3050.000	0.000
3051.000	0.000
3052.000	0.000
3053.000	0.000
3054.000	0.000
3055.000	0.000
3056.000	0.000
3057.000	0.000
3058.000	0.000
3059.000	0.000
3060.000	0.000
3061.000	0.000
3062.000	0.000
3063.000	0.000
3064.000	0.000
3065.000	0.000
3066.000	0.000
3067.000	0.000
3068.000	0.000
3069.000	0.000
3070.000	0.000
3071.000	0.000
3072.000	0.000
3073.000	0.000
3074.000	0.000
3075.000	0.000
3076.000	0.000
3077.000	0.000
3078.000	0.000
3079.000	0.000
3080.000	0.000
3081.000	0.000
3082.000	0.000
3083.000	0.000
3084.000	0.000
3085.000	0.000
3086.000	0.000
3087.000	0.000
3088.000	0.000
3089.000	0.000
3090.000	0.000
3091.000	0.000
3092.000	0.000
3093.000	0.000
3094.000	0.000
3095.000	0.000
3096.000	0.000
3097.000	0.000
3098.000	0.000
3099.000	0.000
3100.000	0.000
3101.000	0.000
3102.000	0.000
3103.000	0.000
3104.000	0.000
3105.000	0.000
3106.000	0.000
3107.000	0.000
3108.000	0.000
3109.000	0.000
3110.000	0.000
3111.000	0.000
3112.000	0.000
3113.000	0.000
3114.000	0.000
3115.000	0.000
3116.000	0.000
3117.000	0.000
3118.000	0.000
3119.000	0.000
3120.000	0.000
3121.000	0.000
3122.000	0.000
3123.000	0.000
3124.000	0.000
3125.000	0.000
3126.000	0.000
3127.000	0.000
3128.000	0.000
3129.000	0.000
3130.000	0.000
3131.000	0.000
3132.000	0.000
3133.000	0.000
3134.000	0.000
3135.000	0.000
3136.000	0.000
3137.000	0.000
3138.000	0.000
3139.000	0.000
3140.000	0.000
3141.000	0.000
3142.000	0.000
3143.000	0.000
3144.000	0.000
3145.000	0.000
3146.000	0.000
3147.000	0.000
3148.000	0.000
3149.000	0.000
3150.000	0.000
3151.000	0.000
3152.000	0.000
3153.000	0.000
3154.000	0.000
3155.000	0.000
3156.000	0.000
3157.000	0.000
3158.000	0.000
3159.000	0.000
3160.000	0.000
3161.000	0.000
3162.000	0.000
3163.000	0.000
3164.000	0.000
3165.000	0.000
3166.000	0.000
3167.000	0.000
3168.000	0.000
3169.000	0.000
3170.000	0.000
3171.000	0.000
3172.000	0.000
3173.000	0.000
3174.000	0.000
3175.000	0.000
3176.000	0.000
3177.000	0.000
3178.000	0.000
3179.000	0.000
3180.000	0.000
3181.000	0.000
3182.000	0.000
3183.000	0.000
3184.000	0.000
3185.000	0.000
3186.000	0.000
3187.000	0.000
3188.000	0.000
3189.000	0.000
3190.000	0.000
3191.000	0.000
3192.000	0.000
3193.000	0.000
3194.000	0.000
3195.000	0.000
3196.000	0.000
3197.000	0.000
3198.000	0.000
3199.000	0.000
3200.000	0.000
3201.000	0.000
3202.000	0.000
3203.000	0.000
3204.000	0.000
3205.000	0.000
3206.000	0.000
3207.000	0.000
3208.000	0.000
3209.000	0.000
3210.000	0.000
3211.000	0.000
3212.000	0.000
3213.000	0.000
3214.000	0.000
3215.000	0.000
3216.000	0.000
3217.000	0.000
3218.000	0.000
3219.000	0.000
3220.000	0.000
3221.000	0.000
3222.000	0.000
3223.000	0.000
3224.000	0.000
3225.000	0.000
3226.000	0.000
3227.000	0.000
3228.000	0.000
3229.000	0.000
3230.000	0.000
3231.000	0.000
3232.000	0.000
3233.000	0.000
3234.000	0.000
3235.000	0.000
3236.000	0.000
3237.000	0.000
3238.000	0.000
3239.000	0.000
3240.000	0.000
3241.000	0.000
3242.000	0.000
3243.000	0.000
3244.000	0.000
3245.000	0.000
3246.000	0.000
3247.000	0.000
3248.000	0.000
3249.000	0.000
3250.000	0.000
3251.000	0.000
3252.000	0.000
3253.000	0.000
3254.000	0.000
3255.000	0.000
3256.000	0.000
3257.000	0.000
3258.000	0.000
3259.000	0.000
3260.000	0.000
3261.000	0.000
3262.000	0.000
3263.000	0.000
3264.000	0.000
3265.000	0.000
3266.000	0.000
3267.000	0.000
3268.000	0.000
3269.000	0.000
3270.000	0.000
3271.000	0.000
3272.000	0.000
3273.000	0.000
3274.000	0.000
3275.000	0.000
3276.000	0.000
3277.000	0.000
3278.000	0.000
3279.000	0.000
3280.000	0.000
3281.000	0.000
3282.000	0.000
3283.000	0.000
3284.000	0.000
3285.000	0.000
3286.000	0.000
3287.000	0.000
3288.000	0.000
3289.000	0.000
3290.000	0.000
3291.000	0.000
3292.000	0.000
3293.000	0.000
3294.000	0.000
3295.000	0.000
3296.000	0.000
3297.000	0.000
3298.000	0.000
3299.000	0.000
3300.000	0.000
3301.000	0.000
3302.000	0.000
3303.000	0.000
3304.000	0.000
3305.000	0.000
3306.000	0.000
3307.000	0.000
3308.000	0.000
3309.000	0.000
3310.000	0.000
3311.000	0.000
3312.000	0.000
3313.000	0.000
3314.000	0.000
3315.000	0.000
3316.000	0.000
3317.000	0.000
3318.000	0.000
3319.000	0.000
3320.000	0.000
3321.000	0.000
3322.000	0.000
3323.000	0.000
3324.000	0.000
3325.000	0.000
3326.000	0.000
3327.000	0.000
3328.000	0.000
3329.000	0.000
3330.000	0.000
3331.000	0.000
3332.000	0.000
3333.000	0.000
3334.000	0.000
3335.000	0.000
3336.000	0.000
3337.000	0.000
3338.000	0.000
3339.000	0.000
3340.000	0.000
3341.000	0.000
3342.000	0.000
3343.000	0.000
3344.000	0.000
3345.000	0.000
3346.000	0.000
3347.000	0.000
3348.000	0.000
3349.000	0.000
3350.000	0.000
3351.000	0.000
3352.000	0.000
3353.000	0.000
3354.000	0.000
3355.000	0.000
3356.000	0.000
3357.000	0.000
3358.000	0.000
3359.000	0.000
3360.000	0.000
3361.000	0.000
3362.000	0.000
3363.000	0.000
3364.000	0.000
3365.000	0.000
3366.000	0.000
3367.000	0.000
3368.000	0.000
3369.000	0.000
3370.000	0.000
3371.000	0.000
3372.000	0.000
3373.000	0.000
3374.000	0.000
3375.000	0.000
3376.000	0.000
3377.000	0.000
3378.000	0.000
3379.000	0.000
3380.000	0.000
3381.000	0.000
3382.000	0.000
3383.000	0.000
3384.000	0.000
3385.000	0.000
3386.000	0.000
3387.000	0.000
3388.000	0.000
3389.000	0.000
3390.000	0.000
3391.000	0.000
3392.000	0.000
3393.000	0.000
3394.000	0.000
3395.000	0.000
3396.000	0.000
3397.000	0.000
3398.000	0.000
3399.000	0.000
3400.000	0.000
3401.000	0.000
3402.000	0.000
3403.000	0.000
3404.000	0.000
3405.000	0.000
3406.000	0.000
3407.000	0.000
3408.000	0.000
3409.000	0.000
3410.000	0.000
3411.000	0.000
3412.000	0.000
3413.000	0.000
3414.000	0.000
3415.000	0.000
3416.000	0.000
3417.000	0.000
3418.000	0.000
3419.000	0.000
3420.000	0.000
3421.000	0.000
3422.000	0.000
3423.000	0.000
3424.000	0.000
3425.000	0.000
3426.000	0.000
3427.000	0.000
3428.000	0.000
3429.000	0.000
3430.000	0.000
3431.000	0.000
3432.000	0.000
3433.000	0.000
3434.000	0.000
3435.000	0.000
3436.000	0.000
3437.000	0.000
3438.000	0.000
3439.000	0.000
3440.000	0.000
3441.000	0.000
3442.000	0.000
3443.000	0.000
3444.000	0.000
3445.000	0.000
3446.000	0.000
3447.000	0.000
3448.000	0.000
3449.000	0.000
3450.000	0.000
3451.000	0.000
3452.000	0.000
3453.000	0.000
3454.000	0.000
3455.000	0.000
3456.000	0.000
3457.000	0.000
3458.000	0.000
3459.000	0.000
3460.000	0.000
3461.000	0.000
3462.000	0.000
3463.000	0.000
3464.000	0.000
3465.000	0.000
3466.000	0.000
3467.000	0.000
3468.000	0.000
3469.000	0.000
3470.000	0.000
3471.000	0.000
3472.000	0.000
3473.000	0.000
3474.000	0.000
3475.000	0.000
3476.000	0.000
3477.000	0.000
3478.000	0.000
3479.000	0.000
3480.000	0.000
3481.000	0.000
3482.000	0.000
3483.000	0.000
3484.000	0.000
3485.000	0.000
3486.000	0.000
3487.000	0.000
3488.000	0.000
3489.000	0.000
3490.000	0.000
3491.000	0.000
3492.000	0.000
3493.000	0.000
3494.000	0.000
3495.000	0.000
3496.000	0.000
3497.000	0.000
3498.000	0.000
3499.000	0.000
3500.000	0.000
3501.000	0.000
3502.000	0.000
3503.000	0.000
3504.000	0.000
3505.000	0.000
3506.000	0.000
3507.000	0.000
3508.000	0.000
3509.000	0.000
3510.000	0.000
3511.000	0.000
3512.000	0.000
3513.000	0.000
3514.000	0.000
3515.000	0.000
3516.000	0.000
3517.000	0.000
3518.000	0.000
3519.000	0.000
3520.000	0.000
3521.000	0.000
3522.000	0.000
3523.000	0.000
3524.000	0.000
3525.000	0.000
3526.000	0.000
3527.000	0.000
3528.000	0.000
3529.000	0.000
3530.000	0.000
3531.000	0.000
3532.000	0.000
3533.000	0.000
3534.000	0.000
3535.000	0.000
3536.000	0.000
3537.000	0.000
3538.000	0.000
3539.000	0.000
3540.000	0.000
3541.000	0.000
3542.000	0.000
3543.000	0.000
3544.000	0.000
3545.000	0.000
3546.000	0.000
3547.000	0.000
3548.000	0.000
3549.000	0.000
3550.000	0.000
3551.000	0.000
3552.000	0.000
3553.000	0.000
3554.000	0.000
3555.000	0.000
3556.000	0.000
3557.000	0.000
3558.000	0.000
3559.000	0.000
3560.000	0.000
3561.000	0.000
3562.000	0.000
3563.000	0.000
3564.000	0.000
3565.000	0.000
3566.000	0.000
3567.000	0.000
3568.000	0.000
3569.000	0.000
3570.000	0.000
3571.000	0.000
3572.000	0.000
3573.000	0.000
3574.000	0.000
3575.000	0.000
3576.000	0.000
3577.000	0.000
3578.000	0.000
3579.000	0.000
3580.000	0.000
3581.000	0.000
3582.000	0.000
3583.000	0.000
3584.000	0.000
3585.000	0.000
3586.000	0.000
3587.000	0.000
3588.000	0.000
3589.000	0.000
3590.000	0.000
3591.000	0.000
3592.000	0.000
3593.000	0.000
3594.000	0.000
3595.000	0.000
3596.000	0.000
3597.000	0.000
3598.000	0.000
3599.000	0.000
3600.000	0.000
3601.000	0.000
3602.000	0.000
3603.000	0.000
3604.000	0.000
3605.000	0.000
3606.000	0.000
3607.000	0.000
3608.000	0.000
3609.000	0.000
3610.000	0.000
3611.000	0.000
3612.000	0.000
3613.000	0.000
3614.000	0.000
3615.000	0.000
3616.000	0.000
3617.000	0.000
3618.000	0.000
3619.000	0.000
3620.000	0.000
3621.000	0.000
3622.000	0.000
3623.000	0.000
3624.000	0.000
3625.000	0.000
3626.000	0.000
3627.000	0.000
3628.000	0.000
3629.000	0.000
3630.000	0.000
3631.000	0.000
3632.000	0.000
3633.000	0.000
3634.000	0.000
3635.000	0.000
3636.000	0.000
3637.000	0.000
3638.000	0.000
3639.000	0.000
3640.000	0.000
3641.000	0.000
3642.000	0.000
3643.000	0.000
3644.000	0.000
3645.000	0.000
3646.000	0.000
3647.000	0.000
3648.000	0.000
3649.000	0.000
3650.000	0.000
3651.000	0.000
3652.000	0.000
3653.000	0.000
3654.000	0.000
3655.000	0.000
3656.000	0.000
3657.000	0.000
3658.000	0.000
3659.000	0.000
3660.000	0.000
3661.000	0.000
3662.000	0.000
3663.000	0.000
3664.000	0.000
3665.000	0.000
3666.000	0.000
3667.000	0.000
3668.000	0.000
3669.000	0.000
3670.000	0.000
3671.000	0.000
3672.000	0.000
3673.000	0.000
3674.000	0.000
3675.000	0.000
3676.000	0.000
3677.000	0.000
3678.000	0.000
3679.000	0.000
3680.000	0.000
3681.000	0.000
3682.000	0.000
3683.000	0.000
3684.000	0.000
3685.000	0.000
3686.000	0.000
3687.000	0.000
3688.000	0.000
3689.000	0.000
3690.000	0.000
3691.000	0.000
3692.000	0.000
3693.000	0.000
3694.000	0.000
3695.000	0.000
3696.000	0.000
3697.000	0.000
3698.000	0.000
3699.000	0.000
3700.000	0.000
3701.000	0.000
3702.000	0.000
3703.000	0.000
3704.000	0.000
3705.000	0.000
3706.000	0.000
3707.000	0.000
3708.000	0.000
3709.000	0.000
3710.000	0.000
3711.000	0.000
3712.000	0.000
3713.000	0.000
3714.000	0.000
3715.000	0.000
3716.000	0.000
3717.000	0.000
3718.000	0.000
3719.000	0.000
3720.000	0.000
3721.000	0.000
3722.000	0.000
3723.000	0.000
3724.000	0.000
3725.000	0.000
3726.000	0.000
3727.000	0.000
3728.000	0.000
3729.000	0.000
3730.000	0.000
3731.000	0.000
3732.000	0.000
3733.000	0.000
3734.000	0.000
3735.000	0.000
3736.000	0.000
3737.000	0.000
3738.000	0.000
3739.000	0.000
3740.000	0.000
3741.000	0.000
3742.000	0.000
3743.000	0.000
3744.000	0.000
3745.000	0.000
3746.000	0.000
3747.000	0.000
3748.000	0.000
3749.000	0.000
3750.000	0.000
3751.000	0.000
3752.000	0.000
3753.000	0.000
3754.000	0.000
3755.000	0.000
3756.000	0.000
3757.000	0.000
3758.000	0.000
3759.000	0.000
3760.000	0.000
3761.000	0.000
3762.000	0.000
3763.000	0.000
3764.000	0.000
3765.000	0.000
3766.000	0.000
3767.000	0.000
3768.000	0.000
3769.000	0.000
3770.000	0.000
3771.000	0.000
3772.000	0.000
3773.000	0.000
3774.000	0.000
3775.000	0.000
3776.000	0.000
3777.000	0.000
3778.000	0.000
3779.000	0.000
3780.000	0.000
3781.000	0.000
3782.000	0.000
3783.000	0.000
3784.000	0.000
3785.000	0.000
3786.000	0.000
3787.000	0.000
3788.000	0.000
3789.000	0.000
3790.000	0.000
3791.000	0.000
3792.000	0.000
3793.000	0.000
3794.000	0.000
3795.000	0.000
3796.000	0.000
3797.000	0.000
3798.000	0.000
3799.000	0.000
3800.000	0.000
3801.000	0.000
3802.000	0.000
3803.000	0.000
3804.000	0.000
3805.000	0.000
3806.000	0.000
3807.000	0.000
3808.000	0.000
3809.000	0.000
3810.000	0.000
3811.000	0.000
3812.000	0.000
3813.000	0.000
3814.000	0.000
3815.000	0.000
3816.000	0.000
3817.000	0.000
3818.000	0.000
3819.000	0.000
3820.000	0.000
3821.000	0.000
3822.000	0.000
3823.000	0.000
3824.000	0.000
3825.000	0.000
3826.000	0.000
3827.000	0.000
3828.000	0.000
3829.000	0.000
3830.000	0.000
3831.000	0.000
3832.000	0.000
3833.000	0.000
3834.000	0.000
3835.000	0.000
3836.000	0.000
3837.000	0.000
3838.000	0.000
3839.000	0.000
3840.000	0.000
3841.000	0.000
3842.000	0.000
3843.000	0.000
3844.000	0.000
3845.000	0.000
3846.000	0.000
3847.000	0.000
3848.000	0.000
3849.000	0.000
3850.000	0.000
3851.000	0.000
3852.000	0.000
3853.000	0.000
3854.000	0.000
3855.000	0.000
3856.000	0.000
3857.000	0.000
3858.000	0.000
3859.000	0.000
3860.000	0.000
3861.000	0.000
3862.000	0.000
3863.000	0.000
3864.000	0.000
3865.000	0.000
3866.000	0.000
3867.000	0.000
3868.000	0.000
3869.000	0.000
3870.000	0.000
3871.000	0.000
3872.000	0.000
3873.000	0.000
3874.000	0.000
3875.000	0.000
3876.000	0.000
3877.000	0.000
3878.000	0.000
3879.000	0.000
3880.000	0.000
3881.000	0.000
3882.000	0.000
3883.000	0.000
3884.000	0.000
3885.000	0.000
3886.000	0.000
3887.000	0.000
3888.000	0.000
3889.000	0.000
3890.000	0.000
3891.000	0.000
3892.000	0.000
3893.000	0.000
3894.000	0.000
3895.000	0.000
3896.000	0.000
3897.000	0.000
3898.000	0.000
3899.000	0.000
3900.000	0.000
3901.000	0.000
3902.000	0.000
3903.000	0.000
3904.000	0.000
3905.000	0.000
3906.000	0.000
3907.000	0.000
3908.000	0.000
3909.000	0.000
3910.000	0.000
3911.000	0.000
3912.000	0.000
3913.000	0.000
3914.000	0.000
3915.000	0.000
3916.000	0.000
3917.000	0.000
3918.000	0.000
3919.000	0.000
3920.000	0.000
3921.000	0.000
3922.000	0.000
3923.000	0.000
3924.000	0.000
3925.000	0.000
3926.000	0.000
3927.000	0.000
3928.000	0.000
3929.000	0.000
3930.000	0.000
3931.000	0.000
3932.000	0.000
3933.000	0.000
3934.000	0.000
3935.000	0.000
3936.000	0.000
3937.000	0.000
3938.000	0.000
3939.000	0.000
3940.000	0.000
3941.000	0.000
3942.000	0.000
3943.000	0.000
3944.000	0.000
3945.000	0.000
3946.000	0.000
3947.000	0.000
3948.000	0.000
3949.000	0.000
3950.000	0.000
3951.000	0.000
3952.000	0.000
3953.000	0.000
3954.000	0.000
3955.000	0.000
3956.000	0.000
3957.000	0.000
3958.000	0.000
3959.000	0.000
3960.000	0.000
3961.000	0.000
3962.000	0.000
3963.000	0.000
3964.000	0.000
3965.000	0.000
3966.000	0.000
3967.000	0.000
3968.000	0.000
3969.000	0.000
3970.000	0.000
3971.000	0.000
3972.000	0.000
3973.000	0.000
3974.000	0.000
3975.000	0.000
3976.000	0.000
3977.000	0.000
3978.000	0.000
3979.000	0.000
3980.000	0.000
3981.000	0.000
3982.000	0.000
3983.000	0.000
3984.000	0.000
3985.000	0.000
3986.000	0.000
3987.000	0.000
3988.000	0.000
3989.000	0.000
3990.000	0.000
3991.000	0.000
3992.000	0.000
3993.000	0.000
3994.000	0.000
3995.000	0.000
3996.000	0.000
3997.000	0.000
3998.000	0.000
3999.000	0.000
4000.000	0.000
4001.000	0.000
4002.000	0.000
4003.000	0.000
4004.000	0.000
4005.000	0.000
4006.000	0.000
4007.000	0.000
4008.000	0.000
4009.000	0.000
4010.000	0.000
4011.000	0.000
4012.000	0.000
4013.000	0.000
4014.000	0.000
4015.000	0.000
4016.000	0.000
4017.000	0.000
4018.000	0.000
4019.000	0.000
4020.000	0.000
4021.000	0.000
4022.000	0.000
4023.000	0.000
4024.000	0.000
4025.000	0.000
4026.000	0.000
4027.000	0.000
4028.000	0.000
4029.000	0.000
4030.000	0.000
4031.000	0.000
4032.000	0.000
4033.000	0.000
4034.000	0.000
4035.000	0.000
4036.000	0.000
4037.000	0.000
4038.000	0.000
4039.000	0.000
4040.000	0.000
4041.000	0.000
4042.000	0.000
4043.000	0.000
4044.000	0.000
4045.000	0.000
4046.000	0.000
4047.000	0.000
4048.000	0.000
4049.000	0.000
4050.000	0.000
4051.000	0.000
4052.000	0.000
4053.000	0.000
4054.000	0.000
4055.000	0.000
4056.000	0.000
4057.000	0.000
4058.000	0.000
4059.000	0.000
4060.000	0.000
4061.000	0.000
4062.000	0.000
4063.000	0.000
4064.000	0.000
4065.000	0.000
4066.000	0.000
4067.000	0.000
4068.000	0.000
4069.000	0.000
4070.000	0.000
4071.000	0.000
4072.000	0.000
4073.000	0.000
4074.000	0.000
4075.000	0.000
4076.000	0.000
4077.000	0.000
4078.000	0.000
4079.000	0.000
4080.000	0.000
4081.000	0.000
4082.000	0.000
4083.000	0.000
4084.000	0.000
4085.000	0.000
4086.000	0.000
4087.000	0.000
4088.000	0.000
4089.000	0.000
4090.000	0.000
4091.000	0.000
4092.000	0.000
4093.000	0.000
4094.000	0.000
4095.000	0.000
