0.000	13.630
1.000	13.434
2.000	13.350
3.000	13.350
4.000	13.350
5.000	13.350
6.000	13.350
7.000	13.350
8.000	13.350
9.000	13.350
10.000	13.350
11.000	13.350
12.000	13.350
13.000	13.350
14.000	13.350
15.000	13.350
16.000	13.350
17.000	13.337
18.000	13.337
19.000	13.330
20.000	13.326
21.000	13.326
22.000	13.322
23.000	13.311
24.000	13.311
25.000	13.300
26.000	13.279
27.000	13.259
28.000	13.259
29.000	13.240
30.000	13.220
31.000	13.220
32.000	13.201
33.000	13.183
34.000	13.183
35.000	13.164
36.000	13.147
37.000	13.129
38.000	13.129
39.000	13.112
40.000	13.095
41.000	13.095
42.000	13.078
43.000	13.062
44.000	13.046
45.000	13.046
46.000	13.031
47.000	13.015
48.000	13.015
49.000	13.000
50.000	12.987
51.000	12.987
52.000	12.975
53.000	12.963
54.000	12.952
55.000	12.952
56.000	12.940
57.000	12.929
58.000	12.929
59.000	12.918
60.000	12.907
61.000	12.896
62.000	12.896
63.000	12.885
64.000	12.874
65.000	12.874
66.000	12.864
67.000	12.854
68.000	12.854
69.000	12.843
70.000	12.833
71.000	12.820
72.000	12.820
73.000	12.806
74.000	12.797
75.000	12.797
76.000	12.788
77.000	12.779
78.000	12.770
79.000	12.770
80.000	12.766
81.000	12.763
82.000	12.763
83.000	12.759
84.000	12.756
85.000	12.756
86.000	12.753
87.000	12.749
88.000	12.746
89.000	12.746
90.000	12.743
91.000	12.740
92.000	12.740
93.000	12.736
94.000	12.733
95.000	12.733
96.000	12.730
97.000	12.727
98.000	12.724
99.000	12.724
100.000	12.721
101.000	12.718
102.000	12.473
103.000	12.466
104.000	12.456
105.000	12.447
106.000	12.447
107.000	12.438
108.000	12.428
109.000	12.428
110.000	12.419
111.000	12.409
112.000	12.409
113.000	12.399
114.000	12.389
115.000	12.379
116.000	12.379
117.000	12.370
118.000	12.360
119.000	12.360
120.000	12.350
121.000	12.341
122.000	12.329
123.000	12.329
124.000	12.318
125.000	12.306
126.000	12.306
127.000	12.293
128.000	12.281
129.000	12.281
130.000	12.268
131.000	12.255
132.000	12.241
133.000	12.241
134.000	12.227
135.000	12.213
136.000	12.213
137.000	12.199
138.000	12.183
139.000	12.167
140.000	12.167
141.000	12.151
142.000	12.135
143.000	11.738
144.000	11.722
145.000	11.705
146.000	11.705
147.000	11.688
148.000	11.671
149.000	11.654
150.000	11.654
151.000	11.638
152.000	11.621
153.000	11.621
154.000	11.604
155.000	11.588
156.000	11.588
157.000	11.568
158.000	11.547
159.000	11.527
160.000	11.527
161.000	11.507
162.000	11.490
163.000	11.490
164.000	11.472
165.000	11.454
166.000	11.437
167.000	11.437
168.000	11.420
169.000	11.402
170.000	11.402
171.000	11.385
172.000	11.368
173.000	11.368
174.000	11.351
175.000	11.334
176.000	11.316
177.000	11.275
178.000	11.257
179.000	11.239
180.000	11.239
181.000	11.216
182.000	11.194
183.000	11.172
184.000	11.172
185.000	11.150
186.000	11.128
187.000	11.128
188.000	11.106
189.000	11.085
190.000	11.085
191.000	11.063
192.000	11.042
193.000	11.021
194.000	10.982
195.000	10.961
196.000	10.940
197.000	10.940
198.000	10.919
199.000	10.898
200.000	10.878
201.000	10.878
202.000	10.857
203.000	10.837
204.000	10.837
205.000	10.814
206.000	10.790
207.000	10.790
208.000	10.766
209.000	10.740
210.000	10.715
211.000	10.715
212.000	10.689
213.000	10.664
214.000	10.664
215.000	10.638
216.000	10.612
217.000	10.612
218.000	10.585
219.000	10.559
220.000	10.536
221.000	10.536
222.000	10.513
223.000	10.491
224.000	10.491
225.000	10.468
226.000	10.445
227.000	10.422
228.000	10.422
229.000	10.399
230.000	10.375
231.000	10.375
232.000	10.351
233.000	10.327
234.000	10.327
235.000	10.303
236.000	10.279
237.000	10.255
238.000	10.255
239.000	10.232
240.000	10.208
241.000	10.152
242.000	10.129
243.000	10.106
244.000	10.081
245.000	10.081
246.000	10.057
247.000	10.032
248.000	10.032
249.000	10.008
250.000	9.984
251.000	9.984
252.000	9.960
253.000	9.935
254.000	9.911
255.000	9.911
256.000	9.887
257.000	9.864
258.000	9.864
259.000	9.841
260.000	9.817
261.000	9.794
262.000	9.794
263.000	9.771
264.000	9.748
265.000	9.748
266.000	9.725
267.000	9.702
268.000	9.702
269.000	9.680
270.000	9.658
271.000	9.636
272.000	9.636
273.000	9.614
274.000	9.593
275.000	9.179
276.000	9.158
277.000	9.136
278.000	9.136
279.000	9.113
280.000	9.091
281.000	9.068
282.000	9.006
283.000	8.984
284.000	8.961
285.000	8.961
286.000	8.941
287.000	8.920
288.000	8.899
289.000	8.899
290.000	8.879
291.000	8.858
292.000	8.858
293.000	8.838
294.000	8.818
295.000	8.818
296.000	8.796
297.000	8.773
298.000	8.750
299.000	8.750
300.000	8.728
301.000	8.706
302.000	8.706
303.000	8.684
304.000	8.662
305.000	8.640
306.000	8.640
307.000	8.619
308.000	8.597
309.000	8.597
310.000	8.576
311.000	8.554
312.000	8.554
313.000	8.533
314.000	8.512
315.000	8.491
316.000	8.491
317.000	8.470
318.000	8.449
319.000	8.449
320.000	8.430
321.000	8.412
322.000	8.392
323.000	8.392
324.000	8.372
325.000	8.351
326.000	8.351
327.000	8.331
328.000	8.311
329.000	8.311
330.000	8.291
331.000	8.270
332.000	8.250
333.000	8.250
334.000	8.229
335.000	8.208
336.000	8.208
337.000	8.187
338.000	8.166
339.000	8.166
340.000	8.145
341.000	8.125
342.000	8.104
343.000	8.104
344.000	8.083
345.000	8.063
346.000	8.063
347.000	8.042
348.000	8.022
349.000	8.001
350.000	8.001
351.000	7.980
352.000	7.959
353.000	7.959
354.000	7.938
355.000	7.917
356.000	7.917
357.000	7.897
358.000	7.877
359.000	7.856
360.000	7.856
361.000	7.836
362.000	7.815
363.000	7.815
364.000	7.796
365.000	7.778
366.000	7.759
367.000	7.759
368.000	7.741
369.000	7.723
370.000	7.662
371.000	7.643
372.000	7.625
373.000	7.625
374.000	7.607
375.000	7.588
376.000	7.570
377.000	7.570
378.000	7.551
379.000	7.533
380.000	7.533
381.000	7.515
382.000	7.496
383.000	7.478
384.000	7.478
385.000	7.460
386.000	7.442
387.000	7.442
388.000	7.424
389.000	7.406
390.000	7.406
391.000	7.387
392.000	7.369
393.000	7.350
394.000	7.350
395.000	7.332
396.000	7.313
397.000	7.313
398.000	7.295
399.000	7.276
400.000	7.276
401.000	7.258
402.000	7.239
403.000	7.220
404.000	7.220
405.000	7.202
406.000	7.183
407.000	7.183
408.000	7.166
409.000	7.150
410.000	7.134
411.000	7.134
412.000	7.118
413.000	7.102
414.000	7.102
415.000	7.086
416.000	7.070
417.000	7.070
418.000	7.055
419.000	7.040
420.000	7.025
421.000	7.025
422.000	7.010
423.000	6.995
424.000	6.995
425.000	6.980
426.000	6.965
427.000	6.951
428.000	6.951
429.000	6.936
430.000	6.922
431.000	6.922
432.000	6.907
433.000	6.892
434.000	6.892
435.000	6.878
436.000	6.863
437.000	6.848
438.000	6.848
439.000	6.834
440.000	6.819
441.000	6.819
442.000	6.805
443.000	6.790
444.000	6.776
445.000	6.776
446.000	6.761
447.000	6.747
448.000	6.747
449.000	6.732
450.000	6.718
451.000	6.718
452.000	6.704
453.000	6.689
454.000	6.676
455.000	6.676
456.000	6.663
457.000	6.649
458.000	6.649
459.000	6.636
460.000	6.623
461.000	6.623
462.000	6.610
463.000	6.597
464.000	6.584
465.000	6.584
466.000	6.571
467.000	6.558
468.000	6.558
469.000	6.546
470.000	6.533
471.000	6.521
472.000	6.521
473.000	6.507
474.000	6.494
475.000	6.494
476.000	6.481
477.000	6.468
478.000	6.468
479.000	6.455
480.000	6.442
481.000	6.429
482.000	6.429
483.000	6.417
484.000	6.405
485.000	6.405
486.000	6.393
487.000	6.381
488.000	6.368
489.000	6.368
490.000	6.356
491.000	6.344
492.000	6.344
493.000	6.332
494.000	6.321
495.000	6.218
496.000	6.206
497.000	6.194
498.000	6.182
499.000	6.182
500.000	6.171
501.000	6.159
502.000	6.159
503.000	6.148
504.000	6.136
505.000	6.124
506.000	6.124
507.000	6.113
508.000	6.102
509.000	6.102
510.000	6.091
511.000	6.080
512.000	6.080
513.000	6.069
514.000	6.058
515.000	6.047
516.000	6.047
517.000	6.036
518.000	6.025
519.000	6.025
520.000	6.014
521.000	6.003
522.000	6.003
523.000	5.992
524.000	5.981
525.000	5.970
526.000	5.970
527.000	5.959
528.000	5.948
529.000	5.948
530.000	5.937
531.000	5.924
532.000	5.912
533.000	5.912
534.000	5.900
535.000	5.888
536.000	5.888
537.000	5.876
538.000	5.864
539.000	5.864
540.000	5.852
541.000	5.841
542.000	5.830
543.000	5.830
544.000	5.819
545.000	5.808
546.000	5.808
547.000	5.797
548.000	5.786
549.000	5.775
550.000	5.775
551.000	5.764
552.000	5.753
553.000	5.753
554.000	5.742
555.000	5.731
556.000	5.731
557.000	5.721
558.000	5.710
559.000	5.699
560.000	5.699
561.000	5.688
562.000	5.678
563.000	5.678
564.000	5.667
565.000	5.657
566.000	5.646
567.000	5.646
568.000	5.635
569.000	5.625
570.000	5.625
571.000	5.614
572.000	5.604
573.000	5.604
574.000	5.595
575.000	5.585
576.000	5.576
577.000	5.576
578.000	5.567
579.000	5.559
580.000	5.559
581.000	5.550
582.000	5.542
583.000	5.533
584.000	5.533
585.000	5.525
586.000	5.516
587.000	5.516
588.000	5.508
589.000	5.499
590.000	5.499
591.000	5.491
592.000	5.482
593.000	5.474
594.000	5.474
595.000	5.465
596.000	5.457
597.000	5.457
598.000	5.449
599.000	5.440
600.000	5.440
601.000	5.432
602.000	5.424
603.000	5.415
604.000	5.415
605.000	5.407
606.000	5.399
607.000	5.399
608.000	5.390
609.000	5.382
610.000	5.374
611.000	5.374
612.000	5.366
613.000	5.358
614.000	5.358
615.000	5.350
616.000	5.341
617.000	5.341
618.000	5.333
619.000	5.325
620.000	5.317
621.000	5.317
622.000	5.309
623.000	5.302
624.000	5.302
625.000	5.295
626.000	5.287
627.000	5.280
628.000	5.280
629.000	5.273
630.000	5.266
631.000	5.266
632.000	5.259
633.000	5.252
634.000	5.252
635.000	5.246
636.000	5.239
637.000	5.232
638.000	5.232
639.000	5.225
640.000	5.219
641.000	5.219
642.000	5.212
643.000	5.205
644.000	5.199
645.000	5.199
646.000	5.193
647.000	5.187
648.000	5.187
649.000	5.181
650.000	5.175
651.000	5.175
652.000	5.169
653.000	5.163
654.000	5.157
655.000	5.157
656.000	5.151
657.000	5.145
658.000	5.145
659.000	5.139
660.000	5.134
661.000	5.134
662.000	5.128
663.000	5.122
664.000	5.116
665.000	5.116
666.000	5.109
667.000	5.102
668.000	5.102
669.000	5.095
670.000	5.088
671.000	5.081
672.000	5.081
673.000	5.074
674.000	5.068
675.000	5.068
676.000	5.061
677.000	5.055
678.000	5.055
679.000	5.048
680.000	5.041
681.000	5.035
682.000	5.035
683.000	5.029
684.000	5.022
685.000	5.022
686.000	5.016
687.000	5.009
688.000	5.003
689.000	5.003
690.000	4.997
691.000	4.991
692.000	4.991
693.000	4.985
694.000	4.979
695.000	4.979
696.000	4.973
697.000	4.967
698.000	4.962
699.000	4.962
700.000	4.956
701.000	4.950
702.000	4.950
703.000	4.945
704.000	4.939
705.000	4.933
706.000	4.933
707.000	4.928
708.000	4.922
709.000	4.922
710.000	4.916
711.000	4.910
712.000	4.910
713.000	4.905
714.000	4.899
715.000	4.893
716.000	4.893
717.000	4.887
718.000	4.881
719.000	4.881
720.000	4.875
721.000	4.869
722.000	4.869
723.000	4.863
724.000	4.858
725.000	4.852
726.000	4.852
727.000	4.846
728.000	4.841
729.000	4.841
730.000	4.835
731.000	4.829
732.000	4.824
733.000	4.824
734.000	4.818
735.000	4.812
736.000	4.812
737.000	4.807
738.000	4.801
739.000	4.801
740.000	4.796
741.000	4.790
742.000	4.784
743.000	4.784
744.000	4.779
745.000	4.773
746.000	4.773
747.000	4.768
748.000	4.762
749.000	4.757
750.000	4.757
751.000	4.752
752.000	4.747
753.000	4.747
754.000	4.742
755.000	4.737
756.000	4.737
757.000	4.731
758.000	4.726
759.000	4.721
760.000	4.721
761.000	4.716
762.000	4.710
763.000	4.710
764.000	4.705
765.000	4.700
766.000	4.695
767.000	4.695
768.000	4.690
769.000	4.684
770.000	4.684
771.000	4.679
772.000	4.674
773.000	4.674
774.000	4.669
775.000	4.664
776.000	4.659
777.000	4.659
778.000	4.654
779.000	4.649
780.000	4.649
781.000	4.644
782.000	4.639
783.000	4.639
784.000	4.634
785.000	4.629
786.000	4.624
787.000	4.624
788.000	4.619
789.000	4.614
790.000	4.614
791.000	4.609
792.000	4.604
793.000	4.599
794.000	4.599
795.000	4.594
796.000	4.590
797.000	4.590
798.000	4.585
799.000	4.580
800.000	4.580
801.000	4.576
802.000	4.571
803.000	4.566
804.000	4.566
805.000	4.562
806.000	4.557
807.000	4.557
808.000	4.553
809.000	4.548
810.000	4.543
811.000	4.543
812.000	4.539
813.000	4.534
814.000	4.534
815.000	4.529
816.000	4.525
817.000	4.525
818.000	4.520
819.000	4.515
820.000	4.511
821.000	4.511
822.000	4.506
823.000	4.502
824.000	4.502
825.000	4.498
826.000	4.493
827.000	4.489
828.000	4.489
829.000	4.485
830.000	4.480
831.000	4.480
832.000	4.476
833.000	4.472
834.000	4.472
835.000	4.467
836.000	4.463
837.000	4.459
838.000	4.459
839.000	4.454
840.000	4.450
841.000	4.450
842.000	4.446
843.000	4.441
844.000	4.441
845.000	4.437
846.000	4.433
847.000	4.428
848.000	4.428
849.000	4.424
850.000	4.420
851.000	4.420
852.000	4.416
853.000	4.412
854.000	4.408
855.000	4.408
856.000	4.403
857.000	4.399
858.000	4.399
859.000	4.395
860.000	4.391
861.000	4.391
862.000	4.387
863.000	4.383
864.000	4.378
865.000	4.378
866.000	4.374
867.000	4.370
868.000	4.370
869.000	4.366
870.000	4.362
871.000	4.358
872.000	3.825
873.000	3.821
874.000	3.817
875.000	3.817
876.000	3.813
877.000	3.809
878.000	3.809
879.000	3.805
880.000	3.801
881.000	3.797
882.000	3.797
883.000	3.793
884.000	3.789
885.000	3.789
886.000	3.785
887.000	3.781
888.000	3.777
889.000	3.777
890.000	3.773
891.000	3.769
892.000	3.769
893.000	3.765
894.000	3.762
895.000	3.762
896.000	3.758
897.000	3.754
898.000	3.750
899.000	3.750
900.000	3.746
901.000	3.743
902.000	3.743
903.000	3.739
904.000	3.735
905.000	3.735
906.000	3.732
907.000	3.728
908.000	3.725
909.000	3.725
910.000	3.721
911.000	3.718
912.000	3.718
913.000	3.714
914.000	3.710
915.000	3.707
916.000	3.707
917.000	3.703
918.000	3.700
919.000	3.700
920.000	3.696
921.000	3.692
922.000	3.544
923.000	3.540
924.000	3.537
925.000	3.533
926.000	3.533
927.000	3.529
928.000	3.526
929.000	3.526
930.000	3.522
931.000	3.519
932.000	3.515
933.000	3.515
934.000	3.512
935.000	3.508
936.000	3.508
937.000	3.504
938.000	3.501
939.000	3.501
940.000	3.497
941.000	3.494
942.000	3.490
943.000	3.490
944.000	3.486
945.000	3.483
946.000	3.483
947.000	3.479
948.000	3.476
949.000	3.472
950.000	3.472
951.000	3.469
952.000	3.465
953.000	3.465
954.000	3.462
955.000	3.458
956.000	3.458
957.000	3.454
958.000	3.451
959.000	3.447
960.000	3.447
961.000	3.444
962.000	3.440
963.000	3.440
964.000	3.437
965.000	3.433
966.000	3.433
967.000	3.430
968.000	3.426
969.000	3.423
970.000	3.423
971.000	3.419
972.000	3.416
973.000	3.416
974.000	3.412
975.000	3.409
976.000	3.405
977.000	3.405
978.000	3.402
979.000	3.399
980.000	3.399
981.000	3.395
982.000	3.392
983.000	3.392
984.000	3.389
985.000	3.385
986.000	3.382
987.000	3.382
988.000	3.379
989.000	3.376
990.000	3.376
991.000	3.372
992.000	3.369
993.000	3.366
994.000	3.366
995.000	3.362
996.000	3.359
997.000	3.359
998.000	3.356
999.000	3.353
1000.000	3.353
1001.000	3.349
1002.000	3.346
1003.000	3.343
1004.000	3.343
1005.000	3.340
1006.000	3.337
1007.000	3.337
1008.000	3.335
1009.000	3.332
1010.000	3.330
1011.000	3.330
1012.000	3.327
1013.000	3.325
1014.000	3.325
1015.000	3.323
1016.000	3.320
1017.000	3.320
1018.000	3.318
1019.000	3.315
1020.000	3.313
1021.000	3.313
1022.000	3.311
1023.000	3.308
1024.000	3.308
1025.000	3.306
1026.000	3.303
1027.000	3.303
1028.000	3.301
1029.000	3.298
1030.000	3.296
1031.000	3.296
1032.000	3.293
1033.000	3.290
1034.000	3.290
1035.000	3.288
1036.000	3.285
1037.000	3.283
1038.000	3.283
1039.000	3.280
1040.000	3.278
1041.000	3.278
1042.000	3.275
1043.000	3.272
1044.000	3.272
1045.000	3.270
1046.000	3.267
1047.000	3.265
1048.000	3.265
1049.000	3.262
1050.000	3.260
1051.000	3.260
1052.000	3.257
1053.000	3.254
1054.000	3.252
1055.000	3.252
1056.000	3.249
1057.000	3.247
1058.000	3.247
1059.000	3.244
1060.000	3.242
1061.000	3.242
1062.000	3.239
1063.000	3.237
1064.000	3.234
1065.000	3.234
1066.000	3.232
1067.000	3.229
1068.000	3.229
1069.000	3.227
1070.000	3.224
1071.000	3.222
1072.000	3.222
1073.000	3.219
1074.000	3.216
1075.000	3.216
1076.000	3.214
1077.000	3.211
1078.000	3.211
1079.000	3.209
1080.000	3.206
1081.000	3.204
1082.000	3.204
1083.000	3.201
1084.000	3.199
1085.000	3.199
1086.000	3.196
1087.000	3.194
1088.000	3.194
1089.000	3.191
1090.000	3.189
1091.000	3.186
1092.000	3.186
1093.000	3.184
1094.000	3.181
1095.000	3.181
1096.000	3.179
1097.000	3.176
1098.000	3.174
1099.000	3.174
1100.000	3.171
1101.000	3.169
1102.000	3.043
1103.000	3.040
1104.000	3.038
1105.000	3.038
1106.000	3.035
1107.000	3.033
1108.000	3.030
1109.000	3.030
1110.000	3.028
1111.000	3.025
1112.000	3.025
1113.000	3.023
1114.000	3.021
1115.000	3.018
1116.000	3.018
1117.000	3.016
1118.000	3.013
1119.000	3.013
1120.000	3.011
1121.000	3.008
1122.000	3.008
1123.000	3.006
1124.000	3.003
1125.000	3.001
1126.000	3.001
1127.000	2.999
1128.000	2.996
1129.000	2.996
1130.000	2.994
1131.000	2.991
1132.000	2.989
1133.000	2.989
1134.000	2.987
1135.000	2.984
1136.000	2.984
1137.000	2.982
1138.000	2.979
1139.000	2.979
1140.000	2.977
1141.000	2.975
1142.000	2.972
1143.000	2.972
1144.000	2.970
1145.000	2.967
1146.000	2.967
1147.000	2.965
1148.000	2.962
1149.000	2.960
1150.000	2.960
1151.000	2.960
1152.000	2.960
1153.000	2.960
1154.000	2.960
1155.000	2.960
1156.000	2.960
1157.000	2.960
1158.000	2.960
1159.000	2.960
1160.000	2.960
1161.000	2.960
1162.000	2.960
1163.000	2.960
1164.000	2.960
1165.000	2.960
1166.000	2.960
1167.000	2.960
1168.000	2.960
1169.000	2.960
1170.000	2.960
1171.000	2.960
1172.000	2.960
1173.000	2.960
1174.000	2.928
1175.000	2.928
1176.000	2.928
1177.000	2.928
1178.000	2.928
1179.000	2.928
1180.000	2.928
1181.000	2.928
1182.000	2.928
1183.000	2.928
1184.000	2.928
1185.000	2.928
1186.000	2.928
1187.000	2.928
1188.000	2.928
1189.000	2.928
1190.000	2.928
1191.000	2.928
1192.000	2.928
1193.000	2.928
1194.000	2.928
1195.000	2.928
1196.000	2.928
1197.000	2.928
1198.000	2.881
1199.000	2.881
1200.000	2.881
1201.000	2.881
1202.000	2.881
1203.000	2.881
1204.000	2.881
1205.000	2.881
1206.000	2.881
1207.000	2.881
1208.000	2.881
1209.000	2.881
1210.000	2.881
1211.000	2.881
1212.000	2.881
1213.000	2.881
1214.000	2.881
1215.000	2.881
1216.000	2.881
1217.000	2.881
1218.000	2.881
1219.000	2.881
1220.000	2.881
1221.000	2.850
1222.000	2.850
1223.000	2.850
1224.000	2.850
1225.000	2.850
1226.000	2.850
1227.000	2.850
1228.000	2.850
1229.000	2.850
1230.000	2.850
1231.000	2.850
1232.000	2.850
1233.000	2.850
1234.000	2.850
1235.000	2.850
1236.000	2.850
1237.000	2.850
1238.000	2.850
1239.000	2.850
1240.000	2.850
1241.000	2.850
1242.000	2.850
1243.000	2.850
1244.000	2.850
1245.000	2.850
1246.000	2.850
1247.000	2.850
1248.000	2.850
1249.000	2.772
1250.000	2.772
1251.000	2.772
1252.000	2.772
1253.000	2.772
1254.000	2.772
1255.000	2.772
1256.000	2.772
1257.000	2.772
1258.000	2.772
1259.000	2.772
1260.000	2.772
1261.000	2.772
1262.000	2.772
1263.000	2.772
1264.000	2.772
1265.000	2.772
1266.000	2.772
1267.000	2.772
1268.000	2.772
1269.000	2.772
1270.000	2.772
1271.000	2.772
1272.000	2.772
1273.000	2.772
1274.000	2.772
1275.000	2.772
1276.000	2.772
1277.000	2.772
1278.000	2.772
1279.000	2.772
1280.000	2.772
1281.000	2.772
1282.000	2.772
1283.000	2.772
1284.000	2.772
1285.000	2.772
1286.000	2.772
1287.000	2.772
1288.000	2.772
1289.000	2.772
1290.000	2.772
1291.000	2.772
1292.000	2.772
1293.000	2.772
1294.000	2.772
1295.000	2.772
1296.000	2.772
1297.000	2.772
1298.000	2.772
1299.000	2.772
1300.000	2.772
1301.000	2.772
1302.000	2.772
1303.000	2.772
1304.000	2.772
1305.000	2.772
1306.000	2.772
1307.000	2.772
1308.000	2.772
1309.000	2.772
1310.000	2.772
1311.000	2.772
1312.000	2.772
1313.000	2.772
1314.000	2.772
1315.000	2.772
1316.000	2.772
1317.000	2.772
1318.000	2.772
1319.000	2.772
1320.000	2.772
1321.000	2.772
1322.000	2.772
1323.000	2.772
1324.000	2.772
1325.000	2.772
1326.000	2.772
1327.000	2.772
1328.000	2.772
1329.000	2.772
1330.000	2.772
1331.000	2.772
1332.000	2.772
1333.000	2.772
1334.000	2.772
1335.000	2.772
1336.000	2.772
1337.000	2.772
1338.000	2.634
1339.000	2.634
1340.000	2.634
1341.000	2.634
1342.000	2.634
1343.000	2.634
1344.000	2.634
1345.000	2.634
1346.000	2.634
1347.000	2.634
1348.000	2.634
1349.000	2.634
1350.000	2.634
1351.000	2.634
1352.000	2.634
1353.000	2.634
1354.000	2.634
1355.000	2.634
1356.000	2.634
1357.000	2.634
1358.000	2.634
1359.000	2.634
1360.000	2.634
1361.000	2.626
1362.000	2.626
1363.000	2.626
1364.000	2.626
1365.000	2.626
1366.000	2.626
1367.000	2.626
1368.000	2.626
1369.000	2.626
1370.000	2.626
1371.000	2.626
1372.000	2.626
1373.000	2.626
1374.000	2.626
1375.000	2.626
1376.000	2.626
1377.000	2.626
1378.000	2.618
1379.000	2.618
1380.000	2.618
1381.000	2.618
1382.000	2.618
1383.000	2.618
1384.000	2.618
1385.000	2.618
1386.000	2.618
1387.000	2.618
1388.000	2.618
1389.000	2.618
1390.000	2.618
1391.000	2.618
1392.000	2.618
1393.000	2.618
1394.000	2.618
1395.000	2.618
1396.000	2.618
1397.000	2.618
1398.000	2.618
1399.000	2.618
1400.000	2.618
1401.000	2.618
1402.000	2.618
1403.000	2.603
1404.000	2.603
1405.000	2.603
1406.000	2.603
1407.000	2.603
1408.000	2.603
1409.000	2.603
1410.000	2.603
1411.000	2.603
1412.000	2.603
1413.000	2.603
1414.000	2.603
1415.000	2.603
1416.000	2.603
1417.000	2.603
1418.000	2.603
1419.000	2.603
1420.000	2.603
1421.000	2.603
1422.000	2.603
1423.000	2.603
1424.000	2.603
1425.000	2.603
1426.000	2.603
1427.000	2.603
1428.000	2.603
1429.000	2.603
1430.000	2.603
1431.000	2.603
1432.000	2.603
1433.000	2.603
1434.000	2.603
1435.000	2.603
1436.000	2.603
1437.000	2.603
1438.000	2.603
1439.000	2.603
1440.000	2.603
1441.000	2.603
1442.000	2.603
1443.000	2.603
1444.000	2.603
1445.000	2.603
1446.000	2.603
1447.000	2.603
1448.000	2.603
1449.000	2.603
1450.000	2.603
1451.000	2.603
1452.000	2.603
1453.000	2.603
1454.000	2.603
1455.000	2.603
1456.000	2.603
1457.000	2.603
1458.000	2.603
1459.000	2.603
1460.000	2.603
1461.000	2.603
1462.000	2.603
1463.000	2.603
1464.000	2.603
1465.000	2.603
1466.000	2.603
1467.000	2.603
1468.000	2.603
1469.000	2.603
1470.000	2.603
1471.000	2.603
1472.000	2.603
1473.000	2.603
1474.000	2.603
1475.000	2.603
1476.000	2.603
1477.000	2.603
1478.000	2.603
1479.000	2.603
1480.000	2.603
1481.000	2.603
1482.000	2.603
1483.000	2.603
1484.000	2.603
1485.000	2.603
1486.000	2.603
1487.000	2.603
1488.000	2.603
1489.000	2.603
1490.000	2.603
1491.000	2.603
1492.000	2.603
1493.000	2.603
1494.000	2.603
1495.000	2.509
1496.000	2.509
1497.000	2.509
1498.000	2.509
1499.000	2.509
1500.000	2.509
1501.000	0.000
1502.000	0.000
1503.000	0.000
1504.000	0.000
1505.000	0.000
1506.000	0.000
1507.000	0.000
1508.000	0.000
1509.000	0.000
1510.000	0.000
1511.000	0.000
1512.000	0.000
1513.000	0.000
1514.000	0.000
1515.000	0.000
1516.000	0.000
1517.000	0.000
1518.000	0.000
1519.000	0.000
1520.000	0.000
1521.000	0.000
1522.000	0.000
1523.000	0.000
1524.000	0.000
1525.000	0.000
1526.000	0.000
1527.000	0.000
1528.000	0.000
1529.000	0.000
1530.000	0.000
1531.000	0.000
1532.000	0.000
1533.000	0.000
1534.000	0.000
1535.000	0.000
1536.000	0.000
1537.000	0.000
1538.000	0.000
1539.000	0.000
1540.000	0.000
1541.000	0.000
1542.000	0.000
1543.000	0.000
1544.000	0.000
1545.000	0.000
1546.000	0.000
1547.000	0.000
1548.000	0.000
1549.000	0.000
1550.000	0.000
1551.000	0.000
1552.000	0.000
1553.000	0.000
1554.000	0.000
1555.000	0.000
1556.000	0.000
1557.000	0.000
1558.000	0.000
1559.000	0.000
1560.000	0.000
1561.000	0.000
1562.000	0.000
1563.000	0.000
1564.000	0.000
1565.000	0.000
1566.000	0.000
1567.000	0.000
1568.000	0.000
1569.000	0.000
1570.000	0.000
1571.000	0.000
1572.000	0.000
1573.000	0.000
1574.000	0.000
1575.000	0.000
1576.000	0.000
1577.000	0.000
1578.000	0.000
1579.000	0.000
1580.000	0.000
1581.000	0.000
1582.000	0.000
1583.000	0.000
1584.000	0.000
1585.000	0.000
1586.000	0.000
1587.000	0.000
1588.000	0.000
1589.000	0.000
1590.000	0.000
1591.000	0.000
1592.000	0.000
1593.000	0.000
1594.000	0.000
1595.000	0.000
1596.000	0.000
1597.000	0.000
1598.000	0.000
1599.000	0.000
1600.000	0.000
1601.000	0.000
1602.000	0.000
1603.000	0.000
1604.000	0.000
1605.000	0.000
1606.000	0.000
1607.000	0.000
1608.000	0.000
1609.000	0.000
1610.000	0.000
1611.000	0.000
1612.000	0.000
1613.000	0.000
1614.000	0.000
1615.000	0.000
1616.000	0.000
1617.000	0.000
1618.000	0.000
1619.000	0.000
1620.000	0.000
1621.000	0.000
1622.000	0.000
1623.000	0.000
1624.000	0.000
1625.000	0.000
1626.000	0.000
1627.000	0.000
1628.000	0.000
1629.000	0.000
1630.000	0.000
1631.000	0.000
1632.000	0.000
1633.000	0.000
1634.000	0.000
1635.000	0.000
1636.000	0.000
1637.000	0.000
1638.000	0.000
1639.000	0.000
1640.000	0.000
1641.000	0.000
1642.000	0.000
1643.000	0.000
1644.000	0.000
1645.000	0.000
1646.000	0.000
1647.000	0.000
1648.000	0.000
1649.000	0.000
1650.000	0.000
1651.000	0.000
1652.000	0.000
1653.000	0.000
1654.000	0.000
1655.000	0.000
1656.000	0.000
1657.000	0.000
1658.000	0.000
1659.000	0.000
1660.000	0.000
1661.000	0.000
1662.000	0.000
1663.000	0.000
1664.000	0.000
1665.000	0.000
1666.000	0.000
1667.000	0.000
1668.000	0.000
1669.000	0.000
1670.000	0.000
1671.000	0.000
1672.000	0.000
1673.000	0.000
1674.000	0.000
1675.000	0.000
1676.000	0.000
1677.000	0.000
1678.000	0.000
1679.000	0.000
1680.000	0.000
1681.000	0.000
1682.000	0.000
1683.000	0.000
1684.000	0.000
1685.000	0.000
1686.000	0.000
1687.000	0.000
1688.000	0.000
1689.000	0.000
1690.000	0.000
1691.000	0.000
1692.000	0.000
1693.000	0.000
1694.000	0.000
1695.000	0.000
1696.000	0.000
1697.000	0.000
1698.000	0.000
1699.000	0.000
1700.000	0.000
1701.000	0.000
1702.000	0.000
1703.000	0.000
1704.000	0.000
1705.000	0.000
1706.000	0.000
1707.000	0.000
1708.000	0.000
1709.000	0.000
1710.000	0.000
1711.000	0.000
1712.000	0.000
1713.000	0.000
1714.000	0.000
1715.000	0.000
1716.000	0.000
1717.000	0.000
1718.000	0.000
1719.000	0.000
1720.000	0.000
1721.000	0.000
1722.000	0.000
1723.000	0.000
1724.000	0.000
1725.000	0.000
1726.000	0.000
1727.000	0.000
1728.000	0.000
1729.000	0.000
1730.000	0.000
1731.000	0.000
1732.000	0.000
1733.000	0.000
1734.000	0.000
1735.000	0.000
1736.000	0.000
1737.000	0.000
1738.000	0.000
1739.000	0.000
1740.000	0.000
1741.000	0.000
1742.000	0.000
1743.000	0.000
1744.000	0.000
1745.000	0.000
1746.000	0.000
1747.000	0.000
1748.000	0.000
1749.000	0.000
1750.000	0.000
1751.000	0.000
1752.000	0.000
1753.000	0.000
1754.000	0.000
1755.000	0.000
1756.000	0.000
1757.000	0.000
1758.000	0.000
1759.000	0.000
1760.000	0.000
1761.000	0.000
1762.000	0.000
1763.000	0.000
1764.000	0.000
1765.000	0.000
1766.000	0.000
1767.000	0.000
1768.000	0.000
1769.000	0.000
1770.000	0.000
1771.000	0.000
1772.000	0.000
1773.000	0.000
1774.000	0.000
1775.000	0.000
1776.000	0.000
1777.000	0.000
1778.000	0.000
1779.000	0.000
1780.000	0.000
1781.000	0.000
1782.000	0.000
1783.000	0.000
1784.000	0.000
1785.000	0.000
1786.000	0.000
1787.000	0.000
1788.000	0.000
1789.000	0.000
1790.000	0.000
1791.000	0.000
1792.000	0.000
1793.000	0.000
1794.000	0.000
1795.000	0.000
1796.000	0.000
1797.000	0.000
1798.000	0.000
1799.000	0.000
1800.000	0.000
1801.000	0.000
1802.000	0.000
1803.000	0.000
1804.000	0.000
1805.000	0.000
1806.000	0.000
1807.000	0.000
1808.000	0.000
1809.000	0.000
1810.000	0.000
1811.000	0.000
1812.000	0.000
1813.000	0.000
1814.000	0.000
1815.000	0.000
1816.000	0.000
1817.000	0.000
1818.000	0.000
1819.000	0.000
1820.000	0.000
1821.000	0.000
1822.000	0.000
1823.000	0.000
1824.000	0.000
1825.000	0.000
1826.000	0.000
1827.000	0.000
1828.000	0.000
1829.000	0.000
1830.000	0.000
1831.000	0.000
1832.000	0.000
1833.000	0.000
1834.000	0.000
1835.000	0.000
1836.000	0.000
1837.000	0.000
1838.000	0.000
1839.000	0.000
1840.000	0.000
1841.000	0.000
1842.000	0.000
1843.000	0.000
1844.000	0.000
1845.000	0.000
1846.000	0.000
1847.000	0.000
1848.000	0.000
1849.000	0.000
1850.000	0.000
1851.000	0.000
1852.000	0.000
1853.000	0.000
1854.000	0.000
1855.000	0.000
1856.000	0.000
1857.000	0.000
1858.000	0.000
1859.000	0.000
1860.000	0.000
1861.000	0.000
1862.000	0.000
1863.000	0.000
1864.000	0.000
1865.000	0.000
1866.000	0.000
1867.000	0.000
1868.000	0.000
1869.000	0.000
1870.000	0.000
1871.000	0.000
1872.000	0.000
1873.000	0.000
1874.000	0.000
1875.000	0.000
1876.000	0.000
1877.000	0.000
1878.000	0.000
1879.000	0.000
1880.000	0.000
1881.000	0.000
1882.000	0.000
1883.000	0.000
1884.000	0.000
1885.000	0.000
1886.000	0.000
1887.000	0.000
1888.000	0.000
1889.000	0.000
1890.000	0.000
1891.000	0.000
1892.000	0.000
1893.000	0.000
1894.000	0.000
1895.000	0.000
1896.000	0.000
1897.000	0.000
1898.000	0.000
1899.000	0.000
1900.000	0.000
1901.000	0.000
1902.000	0.000
1903.000	0.000
1904.000	0.000
1905.000	0.000
1906.000	0.000
1907.000	0.000
1908.000	0.000
1909.000	0.000
1910.000	0.000
1911.000	0.000
1912.000	0.000
1913.000	0.000
1914.000	0.000
1915.000	0.000
1916.000	0.000
1917.000	0.000
1918.000	0.000
1919.000	0.000
1920.000	0.000
1921.000	0.000
1922.000	0.000
1923.000	0.000
1924.000	0.000
1925.000	0.000
1926.000	0.000
1927.000	0.000
1928.000	0.000
1929.000	0.000
1930.000	0.000
1931.000	0.000
1932.000	0.000
1933.000	0.000
1934.000	0.000
1935.000	0.000
1936.000	0.000
1937.000	0.000
1938.000	0.000
1939.000	0.000
1940.000	0.000
1941.000	0.000
1942.000	0.000
1943.000	0.000
1944.000	0.000
1945.000	0.000
1946.000	0.000
1947.000	0.000
1948.000	0.000
1949.000	0.000
1950.000	0.000
1951.000	0.000
1952.000	0.000
1953.000	0.000
1954.000	0.000
1955.000	0.000
1956.000	0.000
1957.000	0.000
1958.000	0.000
1959.000	0.000
1960.000	0.000
1961.000	0.000
1962.000	0.000
1963.000	0.000
1964.000	0.000
1965.000	0.000
1966.000	0.000
1967.000	0.000
1968.000	0.000
1969.000	0.000
1970.000	0.000
1971.000	0.000
1972.000	0.000
1973.000	0.000
1974.000	0.000
1975.000	0.000
1976.000	0.000
1977.000	0.000
1978.000	0.000
1979.000	0.000
1980.000	0.000
1981.000	0.000
1982.000	0.000
1983.000	0.000
1984.000	0.000
1985.000	0.000
1986.000	0.000
1987.000	0.000
1988.000	0.000
1989.000	0.000
1990.000	0.000
1991.000	0.000
1992.000	0.000
1993.000	0.000
1994.000	0.000
1995.000	0.000
1996.000	0.000
1997.000	0.000
1998.000	0.000
1999.000	0.000
2000.000	0.000
2001.000	0.000
2002.000	0.000
2003.000	0.000
2004.000	0.000
2005.000	0.000
2006.000	0.000
2007.000	0.000
2008.000	0.000
2009.000	0.000
2010.000	0.000
2011.000	0.000
2012.000	0.000
2013.000	0.000
2014.000	0.000
2015.000	0.000
2016.000	0.000
2017.000	0.000
2018.000	0.000
2019.000	0.000
2020.000	0.000
2021.000	0.000
2022.000	0.000
2023.000	0.000
2024.000	0.000
2025.000	0.000
2026.000	0.000
2027.000	0.000
2028.000	0.000
2029.000	0.000
2030.000	0.000
2031.000	0.000
2032.000	0.000
2033.000	0.000
2034.000	0.000
2035.000	0.000
2036.000	0.000
2037.000	0.000
2038.000	0.000
2039.000	0.000
2040.000	0.000
2041.000	0.000
2042.000	0.000
2043.000	0.000
2044.000	0.000
2045.000	0.000
2046.000	0.000
2047.000	0.000
2048.000	0.000
2049.000	0.000
2050.000	0.000
2051.000	0.000
2052.000	0.000
2053.000	0.000
2054.000	0.000
2055.000	0.000
2056.000	0.000
2057.000	0.000
2058.000	0.000
2059.000	0.000
2060.000	0.000
2061.000	0.000
2062.000	0.000
2063.000	0.000
2064.000	0.000
2065.000	0.000
2066.000	0.000
2067.000	0.000
2068.000	0.000
2069.000	0.000
2070.000	0.000
2071.000	0.000
2072.000	0.000
2073.000	0.000
2074.000	0.000
2075.000	0.000
2076.000	0.000
2077.000	0.000
2078.000	0.000
2079.000	0.000
2080.000	0.000
2081.000	0.000
2082.000	0.000
2083.000	0.000
2084.000	0.000
2085.000	0.000
2086.000	0.000
2087.000	0.000
2088.000	0.000
2089.000	0.000
2090.000	0.000
2091.000	0.000
2092.000	0.000
2093.000	0.000
2094.000	0.000
2095.000	0.000
2096.000	0.000
2097.000	0.000
2098.000	0.000
2099.000	0.000
2100.000	0.000
2101.000	0.000
2102.000	0.000
2103.000	0.000
2104.000	0.000
2105.000	0.000
2106.000	0.000
2107.000	0.000
2108.000	0.000
2109.000	0.000
2110.000	0.000
2111.000	0.000
2112.000	0.000
2113.000	0.000
2114.000	0.000
2115.000	0.000
2116.000	0.000
2117.000	0.000
2118.000	0.000
2119.000	0.000
2120.000	0.000
2121.000	0.000
2122.000	0.000
2123.000	0.000
2124.000	0.000
2125.000	0.000
2126.000	0.000
2127.000	0.000
2128.000	0.000
2129.000	0.000
2130.000	0.000
2131.000	0.000
2132.000	0.000
2133.000	0.000
2134.000	0.000
2135.000	0.000
2136.000	0.000
2137.000	0.000
2138.000	0.000
2139.000	0.000
2140.000	0.000
2141.000	0.000
2142.000	0.000
2143.000	0.000
2144.000	0.000
2145.000	0.000
2146.000	0.000
2147.000	0.000
2148.000	0.000
2149.000	0.000
2150.000	0.000
2151.000	0.000
2152.000	0.000
2153.000	0.000
2154.000	0.000
2155.000	0.000
2156.000	0.000
2157.000	0.000
2158.000	0.000
2159.000	0.000
2160.000	0.000
2161.000	0.000
2162.000	0.000
2163.000	0.000
2164.000	0.000
2165.000	0.000
2166.000	0.000
2167.000	0.000
2168.000	0.000
2169.000	0.000
2170.000	0.000
2171.000	0.000
2172.000	0.000
2173.000	0.000
2174.000	0.000
2175.000	0.000
2176.000	0.000
2177.000	0.000
2178.000	0.000
2179.000	0.000
2180.000	0.000
2181.000	0.000
2182.000	0.000
2183.000	0.000
2184.000	0.000
2185.000	0.000
2186.000	0.000
2187.000	0.000
2188.000	0.000
2189.000	0.000
2190.000	0.000
2191.000	0.000
2192.000	0.000
2193.000	0.000
2194.000	0.000
2195.000	0.000
2196.000	0.000
2197.000	0.000
2198.000	0.000
2199.000	0.000
2200.000	0.000
2201.000	0.000
2202.000	0.000
2203.000	0.000
2204.000	0.000
2205.000	0.000
2206.000	0.000
2207.000	0.000
2208.000	0.000
2209.000	0.000
2210.000	0.000
2211.000	0.000
2212.000	0.000
2213.000	0.000
2214.000	0.000
2215.000	0.000
2216.000	0.000
2217.000	0.000
2218.000	0.000
2219.000	0.000
2220.000	0.000
2221.000	0.000
2222.000	0.000
2223.000	0.000
2224.000	0.000
2225.000	0.000
2226.000	0.000
2227.000	0.000
2228.000	0.000
2229.000	0.000
2230.000	0.000
2231.000	0.000
2232.000	0.000
2233.000	0.000
2234.000	0.000
2235.000	0.000
2236.000	0.000
2237.000	0.000
2238.000	0.000
2239.000	0.000
2240.000	0.000
2241.000	0.000
2242.000	0.000
2243.000	0.000
2244.000	0.000
2245.000	0.000
2246.000	0.000
2247.000	0.000
2248.000	0.000
2249.000	0.000
2250.000	0.000
2251.000	0.000
2252.000	0.000
2253.000	0.000
2254.000	0.000
2255.000	0.000
2256.000	0.000
2257.000	0.000
2258.000	0.000
2259.000	0.000
2260.000	0.000
2261.000	0.000
2262.000	0.000
2263.000	0.000
2264.000	0.000
2265.000	0.000
2266.000	0.000
2267.000	0.000
2268.000	0.000
2269.000	0.000
2270.000	0.000
2271.000	0.000
2272.000	0.000
2273.000	0.000
2274.000	0.000
2275.000	0.000
2276.000	0.000
2277.000	0.000
2278.000	0.000
2279.000	0.000
2280.000	0.000
2281.000	0.000
2282.000	0.000
2283.000	0.000
2284.000	0.000
2285.000	0.000
2286.000	0.000
2287.000	0.000
2288.000	0.000
2289.000	0.000
2290.000	0.000
2291.000	0.000
2292.000	0.000
2293.000	0.000
2294.000	0.000
2295.000	0.000
2296.000	0.000
2297.000	0.000
2298.000	0.000
2299.000	0.000
2300.000	0.000
2301.000	0.000
2302.000	0.000
2303.000	0.000
2304.000	0.000
2305.000	0.000
2306.000	0.000
2307.000	0.000
2308.000	0.000
2309.000	0.000
2310.000	0.000
2311.000	0.000
2312.000	0.000
2313.000	0.000
2314.000	0.000
2315.000	0.000
2316.000	0.000
2317.000	0.000
2318.000	0.000
2319.000	0.000
2320.000	0.000
2321.000	0.000
2322.000	0.000
2323.000	0.000
2324.000	0.000
2325.000	0.000
2326.000	0.000
2327.000	0.000
2328.000	0.000
2329.000	0.000
2330.000	0.000
2331.000	0.000
2332.000	0.000
2333.000	0.000
2334.000	0.000
2335.000	0.000
2336.000	0.000
2337.000	0.000
2338.000	0.000
2339.000	0.000
2340.000	0.000
2341.000	0.000
2342.000	0.000
2343.000	0.000
2344.000	0.000
2345.000	0.000
2346.000	0.000
2347.000	0.000
2348.000	0.000
2349.000	0.000
2350.000	0.000
2351.000	0.000
2352.000	0.000
2353.000	0.000
2354.000	0.000
2355.000	0.000
2356.000	0.000
2357.000	0.000
2358.000	0.000
2359.000	0.000
2360.000	0.000
2361.000	0.000
2362.000	0.000
2363.000	0.000
2364.000	0.000
2365.000	0.000
2366.000	0.000
2367.000	0.000
2368.000	0.000
2369.000	0.000
2370.000	0.000
2371.000	0.000
2372.000	0.000
2373.000	0.000
2374.000	0.000
2375.000	0.000
2376.000	0.000
2377.000	0.000
2378.000	0.000
2379.000	0.000
2380.000	0.000
2381.000	0.000
2382.000	0.000
2383.000	0.000
2384.000	0.000
2385.000	0.000
2386.000	0.000
2387.000	0.000
2388.000	0.000
2389.000	0.000
2390.000	0.000
2391.000	0.000
2392.000	0.000
2393.000	0.000
2394.000	0.000
2395.000	0.000
2396.000	0.000
2397.000	0.000
2398.000	0.000
2399.000	0.000
2400.000	0.000
2401.000	0.000
2402.000	0.000
2403.000	0.000
2404.000	0.000
2405.000	0.000
2406.000	0.000
2407.000	0.000
2408.000	0.000
2409.000	0.000
2410.000	0.000
2411.000	0.000
2412.000	0.000
2413.000	0.000
2414.000	0.000
2415.000	0.000
2416.000	0.000
2417.000	0.000
2418.000	0.000
2419.000	0.000
2420.000	0.000
2421.000	0.000
2422.000	0.000
2423.000	0.000
2424.000	0.000
2425.000	0.000
2426.000	0.000
2427.000	0.000
2428.000	0.000
2429.000	0.000
2430.000	0.000
2431.000	0.000
2432.000	0.000
2433.000	0.000
2434.000	0.000
2435.000	0.000
2436.000	0.000
2437.000	0.000
2438.000	0.000
2439.000	0.000
2440.000	0.000
2441.000	0.000
2442.000	0.000
2443.000	0.000
2444.000	0.000
2445.000	0.000
2446.000	0.000
2447.000	0.000
2448.000	0.000
2449.000	0.000
2450.000	0.000
2451.000	0.000
2452.000	0.000
2453.000	0.000
2454.000	0.000
2455.000	0.000
2456.000	0.000
2457.000	0.000
2458.000	0.000
2459.000	0.000
2460.000	0.000
2461.000	0.000
2462.000	0.000
2463.000	0.000
2464.000	0.000
2465.000	0.000
2466.000	0.000
2467.000	0.000
2468.000	0.000
2469.000	0.000
2470.000	0.000
2471.000	0.000
2472.000	0.000
2473.000	0.000
2474.000	0.000
2475.000	0.000
2476.000	0.000
2477.000	0.000
2478.000	0.000
2479.000	0.000
2480.000	0.000
2481.000	0.000
2482.000	0.000
2483.000	0.000
2484.000	0.000
2485.000	0.000
2486.000	0.000
2487.000	0.000
2488.000	0.000
2489.000	0.000
2490.000	0.000
2491.000	0.000
2492.000	0.000
2493.000	0.000
2494.000	0.000
2495.000	0.000
2496.000	0.000
2497.000	0.000
2498.000	0.000
2499.000	0.000
2500.000	0.000
2501.000	0.000
2502.000	0.000
2503.000	0.000
2504.000	0.000
2505.000	0.000
2506.000	0.000
2507.000	0.000
2508.000	0.000
2509.000	0.000
2510.000	0.000
2511.000	0.000
2512.000	0.000
2513.000	0.000
2514.000	0.000
2515.000	0.000
2516.000	0.000
2517.000	0.000
2518.000	0.000
2519.000	0.000
2520.000	0.000
2521.000	0.000
2522.000	0.000
2523.000	0.000
2524.000	0.000
2525.000	0.000
2526.000	0.000
2527.000	0.000
2528.000	0.000
2529.000	0.000
2530.000	0.000
2531.000	0.000
2532.000	0.000
2533.000	0.000
2534.000	0.000
2535.000	0.000
2536.000	0.000
2537.000	0.000
2538.000	0.000
2539.000	0.000
2540.000	0.000
2541.000	0.000
2542.000	0.000
2543.000	0.000
2544.000	0.000
2545.000	0.000
2546.000	0.000
2547.000	0.000
2548.000	0.000
2549.000	0.000
2550.000	0.000
2551.000	0.000
2552.000	0.000
2553.000	0.000
2554.000	0.000
2555.000	0.000
2556.000	0.000
2557.000	0.000
2558.000	0.000
2559.000	0.000
2560.000	0.000
2561.000	0.000
2562.000	0.000
2563.000	0.000
2564.000	0.000
2565.000	0.000
2566.000	0.000
2567.000	0.000
2568.000	0.000
2569.000	0.000
2570.000	0.000
2571.000	0.000
2572.000	0.000
2573.000	0.000
2574.000	0.000
2575.000	0.000
2576.000	0.000
2577.000	0.000
2578.000	0.000
2579.000	0.000
2580.000	0.000
2581.000	0.000
2582.000	0.000
2583.000	0.000
2584.000	0.000
2585.000	0.000
2586.000	0.000
2587.000	0.000
2588.000	0.000
2589.000	0.000
2590.000	0.000
2591.000	0.000
2592.000	0.000
2593.000	0.000
2594.000	0.000
2595.000	0.000
2596.000	0.000
2597.000	0.000
2598.000	0.000
2599.000	0.000
2600.000	0.000
2601.000	0.000
2602.000	0.000
2603.000	0.000
2604.000	0.000
2605.000	0.000
2606.000	0.000
2607.000	0.000
2608.000	0.000
2609.000	0.000
2610.000	0.000
2611.000	0.000
2612.000	0.000
2613.000	0.000
2614.000	0.000
2615.000	0.000
2616.000	0.000
2617.000	0.000
2618.000	0.000
2619.000	0.000
2620.000	0.000
2621.000	0.000
2622.000	0.000
2623.000	0.000
2624.000	0.000
2625.000	0.000
2626.000	0.000
2627.000	0.000
2628.000	0.000
2629.000	0.000
2630.000	0.000
2631.000	0.000
2632.000	0.000
2633.000	0.000
2634.000	0.000
2635.000	0.000
2636.000	0.000
2637.000	0.000
2638.000	0.000
2639.000	0.000
2640.000	0.000
2641.000	0.000
2642.000	0.000
2643.000	0.000
2644.000	0.000
2645.000	0.000
2646.000	0.000
2647.000	0.000
2648.000	0.000
2649.000	0.000
2650.000	0.000
2651.000	0.000
2652.000	0.000
2653.000	0.000
2654.000	0.000
2655.000	0.000
2656.000	0.000
2657.000	0.000
2658.000	0.000
2659.000	0.000
2660.000	0.000
2661.000	0.000
2662.000	0.000
2663.000	0.000
2664.000	0.000
2665.000	0.000
2666.000	0.000
2667.000	0.000
2668.000	0.000
2669.000	0.000
2670.000	0.000
2671.000	0.000
2672.000	0.000
2673.000	0.000
2674.000	0.000
2675.000	0.000
2676.000	0.000
2677.000	0.000
2678.000	0.000
2679.000	0.000
2680.000	0.000
2681.000	0.000
2682.000	0.000
2683.000	0.000
2684.000	0.000
2685.000	0.000
2686.000	0.000
2687.000	0.000
2688.000	0.000
2689.000	0.000
2690.000	0.000
2691.000	0.000
2692.000	0.000
2693.000	0.000
2694.000	0.000
2695.000	0.000
2696.000	0.000
2697.000	0.000
2698.000	0.000
2699.000	0.000
2700.000	0.000
2701.000	0.000
2702.000	0.000
2703.000	0.000
2704.000	0.000
2705.000	0.000
2706.000	0.000
2707.000	0.000
2708.000	0.000
2709.000	0.000
2710.000	0.000
2711.000	0.000
2712.000	0.000
2713.000	0.000
2714.000	0.000
2715.000	0.000
2716.000	0.000
2717.000	0.000
2718.000	0.000
2719.000	0.000
2720.000	0.000
2721.000	0.000
2722.000	0.000
2723.000	0.000
2724.000	0.000
2725.000	0.000
2726.000	0.000
2727.000	0.000
2728.000	0.000
2729.000	0.000
2730.000	0.000
2731.000	0.000
2732.000	0.000
2733.000	0.000
2734.000	0.000
2735.000	0.000
2736.000	0.000
2737.000	0.000
2738.000	0.000
2739.000	0.000
2740.000	0.000
2741.000	0.000
2742.000	0.000
2743.000	0.000
2744.000	0.000
2745.000	0.000
2746.000	0.000
2747.000	0.000
2748.000	0.000
2749.000	0.000
2750.000	0.000
2751.000	0.000
2752.000	0.000
2753.000	0.000
2754.000	0.000
2755.000	0.000
2756.000	0.000
2757.000	0.000
2758.000	0.000
2759.000	0.000
2760.000	0.000
2761.000	0.000
2762.000	0.000
2763.000	0.000
2764.000	0.000
2765.000	0.000
2766.000	0.000
2767.000	0.000
2768.000	0.000
2769.000	0.000
2770.000	0.000
2771.000	0.000
2772.000	0.000
2773.000	0.000
2774.000	0.000
2775.000	0.000
2776.000	0.000
2777.000	0.000
2778.000	0.000
2779.000	0.000
2780.000	0.000
2781.000	0.000
2782.000	0.000
2783.000	0.000
2784.000	0.000
2785.000	0.000
2786.000	0.000
2787.000	0.000
2788.000	0.000
2789.000	0.000
2790.000	0.000
2791.000	0.000
2792.000	0.000
2793.000	0.000
2794.000	0.000
2795.000	0.000
2796.000	0.000
2797.000	0.000
2798.000	0.000
2799.000	0.000
2800.000	0.000
2801.000	0.000
2802.000	0.000
2803.000	0.000
2804.000	0.000
2805.000	0.000
2806.000	0.000
2807.000	0.000
2808.000	0.000
2809.000	0.000
2810.000	0.000
2811.000	0.000
2812.000	0.000
2813.000	0.000
2814.000	0.000
2815.000	0.000
2816.000	0.000
2817.000	0.000
2818.000	0.000
2819.000	0.000
2820.000	0.000
2821.000	0.000
2822.000	0.000
2823.000	0.000
2824.000	0.000
2825.000	0.000
2826.000	0.000
2827.000	0.000
2828.000	0.000
2829.000	0.000
2830.000	0.000
2831.000	0.000
2832.000	0.000
2833.000	0.000
2834.000	0.000
2835.000	0.000
2836.000	0.000
2837.000	0.000
2838.000	0.000
2839.000	0.000
2840.000	0.000
2841.000	0.000
2842.000	0.000
2843.000	0.000
2844.000	0.000
2845.000	0.000
2846.000	0.000
2847.000	0.000
2848.000	0.000
2849.000	0.000
2850.000	0.000
2851.000	0.000
2852.000	0.000
2853.000	0.000
2854.000	0.000
2855.000	0.000
2856.000	0.000
2857.000	0.000
2858.000	0.000
2859.000	0.000
2860.000	0.000
2861.000	0.000
2862.000	0.000
2863.000	0.000
2864.000	0.000
2865.000	0.000
2866.000	0.000
2867.000	0.000
2868.000	0.000
2869.000	0.000
2870.000	0.000
2871.000	0.000
2872.000	0.000
2873.000	0.000
2874.000	0.000
2875.000	0.000
2876.000	0.000
2877.000	0.000
2878.000	0.000
2879.000	0.000
2880.000	0.000
2881.000	0.000
2882.000	0.000
2883.000	0.000
2884.000	0.000
2885.000	0.000
2886.000	0.000
2887.000	0.000
2888.000	0.000
2889.000	0.000
2890.000	0.000
2891.000	0.000
2892.000	0.000
2893.000	0.000
2894.000	0.000
2895.000	0.000
2896.000	0.000
2897.000	0.000
2898.000	0.000
2899.000	0.000
2900.000	0.000
2901.000	0.000
2902.000	0.000
2903.000	0.000
2904.000	0.000
2905.000	0.000
2906.000	0.000
2907.000	0.000
2908.000	0.000
2909.000	0.000
2910.000	0.000
2911.000	0.000
2912.000	0.000
2913.000	0.000
2914.000	0.000
2915.000	0.000
2916.000	0.000
2917.000	0.000
2918.000	0.000
2919.000	0.000
2920.000	0.000
2921.000	0.000
2922.000	0.000
2923.000	0.000
2924.000	0.000
2925.000	0.000
2926.000	0.000
2927.000	0.000
2928.000	0.000
2929.000	0.000
2930.000	0.000
2931.000	0.000
2932.000	0.000
2933.000	0.000
2934.000	0.000
2935.000	0.000
2936.000	0.000
2937.000	0.000
2938.000	0.000
2939.000	0.000
2940.000	0.000
2941.000	0.000
2942.000	0.000
2943.000	0.000
2944.000	0.000
2945.000	0.000
2946.000	0.000
2947.000	0.000
2948.000	0.000
2949.000	0.000
2950.000	0.000
2951.000	0.000
2952.000	0.000
2953.000	0.000
2954.000	0.000
2955.000	0.000
2956.000	0.000
2957.000	0.000
2958.000	0.000
2959.000	0.000
2960.000	0.000
2961.000	0.000
2962.000	0.000
2963.000	0.000
2964.000	0.000
2965.000	0.000
2966.000	0.000
2967.000	0.000
2968.000	0.000
2969.000	0.000
2970.000	0.000
2971.000	0.000
2972.000	0.000
2973.000	0.000
2974.000	0.000
2975.000	0.000
2976.000	0.000
2977.000	0.000
2978.000	0.000
2979.000	0.000
2980.000	0.000
2981.000	0.000
2982.000	0.000
2983.000	0.000
2984.000	0.000
2985.000	0.000
2986.000	0.000
2987.000	0.000
2988.000	0.000
2989.000	0.000
2990.000	0.000
2991.000	0.000
2992.000	0.000
2993.000	0.000
2994.000	0.000
2995.000	0.000
2996.000	0.000
2997.000	0.000
2998.000	0.000
2999.000	0.000
3000.000	0.000
3001.000	0.000
3002.000	0.000
3003.000	0.000
3004.000	0.000
3005.000	0.000
3006.000	0.000
3007.000	0.000
3008.000	0.000
3009.000	0.000
3010.000	0.000
3011.000	0.000
3012.000	0.000
3013.000	0.000
3014.000	0.000
3015.000	0.000
3016.000	0.000
3017.000	0.000
3018.000	0.000
3019.000	0.000
3020.000	0.000
3021.000	0.000
3022.000	0.000
3023.000	0.000
3024.000	0.000
3025.000	0.000
3026.000	0.000
3027.000	0.000
3028.000	0.000
3029.000	0.000
3030.000	0.000
3031.000	0.000
3032.000	0.000
3033.000	0.000
3034.000	0.000
3035.000	0.000
3036.000	0.000
3037.000	0.000
3038.000	0.000
3039.000	0.000
3040.000	0.000
3041.000	0.000
3042.000	0.000
3043.000	0.000
3044.000	0.000
3045.000	0.000
3046.000	0.000
3047.000	0.000
3048.000	0.000
3049.000	0.000
3050.000	0.000
3051.000	0.000
3052.000	0.000
3053.000	0.000
3054.000	0.000
3055.000	0.000
3056.000	0.000
3057.000	0.000
3058.000	0.000
3059.000	0.000
3060.000	0.000
3061.000	0.000
3062.000	0.000
3063.000	0.000
3064.000	0.000
3065.000	0.000
3066.000	0.000
3067.000	0.000
3068.000	0.000
3069.000	0.000
3070.000	0.000
3071.000	0.000
3072.000	0.000
3073.000	0.000
3074.000	0.000
3075.000	0.000
3076.000	0.000
3077.000	0.000
3078.000	0.000
3079.000	0.000
3080.000	0.000
3081.000	0.000
3082.000	0.000
3083.000	0.000
3084.000	0.000
3085.000	0.000
3086.000	0.000
3087.000	0.000
3088.000	0.000
3089.000	0.000
3090.000	0.000
3091.000	0.000
3092.000	0.000
3093.000	0.000
3094.000	0.000
3095.000	0.000
3096.000	0.000
3097.000	0.000
3098.000	0.000
3099.000	0.000
3100.000	0.000
3101.000	0.000
3102.000	0.000
3103.000	0.000
3104.000	0.000
3105.000	0.000
3106.000	0.000
3107.000	0.000
3108.000	0.000
3109.000	0.000
3110.000	0.000
3111.000	0.000
3112.000	0.000
3113.000	0.000
3114.000	0.000
3115.000	0.000
3116.000	0.000
3117.000	0.000
3118.000	0.000
3119.000	0.000
3120.000	0.000
3121.000	0.000
3122.000	0.000
3123.000	0.000
3124.000	0.000
3125.000	0.000
3126.000	0.000
3127.000	0.000
3128.000	0.000
3129.000	0.000
3130.000	0.000
3131.000	0.000
3132.000	0.000
3133.000	0.000
3134.000	0.000
3135.000	0.000
3136.000	0.000
3137.000	0.000
3138.000	0.000
3139.000	0.000
3140.000	0.000
3141.000	0.000
3142.000	0.000
3143.000	0.000
3144.000	0.000
3145.000	0.000
3146.000	0.000
3147.000	0.000
3148.000	0.000
3149.000	0.000
3150.000	0.000
3151.000	0.000
3152.000	0.000
3153.000	0.000
3154.000	0.000
3155.000	0.000
3156.000	0.000
3157.000	0.000
3158.000	0.000
3159.000	0.000
3160.000	0.000
3161.000	0.000
3162.000	0.000
3163.000	0.000
3164.000	0.000
3165.000	0.000
3166.000	0.000
3167.000	0.000
3168.000	0.000
3169.000	0.000
3170.000	0.000
3171.000	0.000
3172.000	0.000
3173.000	0.000
3174.000	0.000
3175.000	0.000
3176.000	0.000
3177.000	0.000
3178.000	0.000
3179.000	0.000
3180.000	0.000
3181.000	0.000
3182.000	0.000
3183.000	0.000
3184.000	0.000
3185.000	0.000
3186.000	0.000
3187.000	0.000
3188.000	0.000
3189.000	0.000
3190.000	0.000
3191.000	0.000
3192.000	0.000
3193.000	0.000
3194.000	0.000
3195.000	0.000
3196.000	0.000
3197.000	0.000
3198.000	0.000
3199.000	0.000
3200.000	0.000
3201.000	0.000
3202.000	0.000
3203.000	0.000
3204.000	0.000
3205.000	0.000
3206.000	0.000
3207.000	0.000
3208.000	0.000
3209.000	0.000
3210.000	0.000
3211.000	0.000
3212.000	0.000
3213.000	0.000
3214.000	0.000
3215.000	0.000
3216.000	0.000
3217.000	0.000
3218.000	0.000
3219.000	0.000
3220.000	0.000
3221.000	0.000
3222.000	0.000
3223.000	0.000
3224.000	0.000
3225.000	0.000
3226.000	0.000
3227.000	0.000
3228.000	0.000
3229.000	0.000
3230.000	0.000
3231.000	0.000
3232.000	0.000
3233.000	0.000
3234.000	0.000
3235.000	0.000
3236.000	0.000
3237.000	0.000
3238.000	0.000
3239.000	0.000
3240.000	0.000
3241.000	0.000
3242.000	0.000
3243.000	0.000
3244.000	0.000
3245.000	0.000
3246.000	0.000
3247.000	0.000
3248.000	0.000
3249.000	0.000
3250.000	0.000
3251.000	0.000
3252.000	0.000
3253.000	0.000
3254.000	0.000
3255.000	0.000
3256.000	0.000
3257.000	0.000
3258.000	0.000
3259.000	0.000
3260.000	0.000
3261.000	0.000
3262.000	0.000
3263.000	0.000
3264.000	0.000
3265.000	0.000
3266.000	0.000
3267.000	0.000
3268.000	0.000
3269.000	0.000
3270.000	0.000
3271.000	0.000
3272.000	0.000
3273.000	0.000
3274.000	0.000
3275.000	0.000
3276.000	0.000
3277.000	0.000
3278.000	0.000
3279.000	0.000
3280.000	0.000
3281.000	0.000
3282.000	0.000
3283.000	0.000
3284.000	0.000
3285.000	0.000
3286.000	0.000
3287.000	0.000
3288.000	0.000
3289.000	0.000
3290.000	0.000
3291.000	0.000
3292.000	0.000
3293.000	0.000
3294.000	0.000
3295.000	0.000
3296.000	0.000
3297.000	0.000
3298.000	0.000
3299.000	0.000
3300.000	0.000
3301.000	0.000
3302.000	0.000
3303.000	0.000
3304.000	0.000
3305.000	0.000
3306.000	0.000
3307.000	0.000
3308.000	0.000
3309.000	0.000
3310.000	0.000
3311.000	0.000
3312.000	0.000
3313.000	0.000
3314.000	0.000
3315.000	0.000
3316.000	0.000
3317.000	0.000
3318.000	0.000
3319.000	0.000
3320.000	0.000
3321.000	0.000
3322.000	0.000
3323.000	0.000
3324.000	0.000
3325.000	0.000
3326.000	0.000
3327.000	0.000
3328.000	0.000
3329.000	0.000
3330.000	0.000
3331.000	0.000
3332.000	0.000
3333.000	0.000
3334.000	0.000
3335.000	0.000
3336.000	0.000
3337.000	0.000
3338.000	0.000
3339.000	0.000
3340.000	0.000
3341.000	0.000
3342.000	0.000
3343.000	0.000
3344.000	0.000
3345.000	0.000
3346.000	0.000
3347.000	0.000
3348.000	0.000
3349.000	0.000
3350.000	0.000
3351.000	0.000
3352.000	0.000
3353.000	0.000
3354.000	0.000
3355.000	0.000
3356.000	0.000
3357.000	0.000
3358.000	0.000
3359.000	0.000
3360.000	0.000
3361.000	0.000
3362.000	0.000
3363.000	0.000
3364.000	0.000
3365.000	0.000
3366.000	0.000
3367.000	0.000
3368.000	0.000
3369.000	0.000
3370.000	0.000
3371.000	0.000
3372.000	0.000
3373.000	0.000
3374.000	0.000
3375.000	0.000
3376.000	0.000
3377.000	0.000
3378.000	0.000
3379.000	0.000
3380.000	0.000
3381.000	0.000
3382.000	0.000
3383.000	0.000
3384.000	0.000
3385.000	0.000
3386.000	0.000
3387.000	0.000
3388.000	0.000
3389.000	0.000
3390.000	0.000
3391.000	0.000
3392.000	0.000
3393.000	0.000
3394.000	0.000
3395.000	0.000
3396.000	0.000
3397.000	0.000
3398.000	0.000
3399.000	0.000
3400.000	0.000
3401.000	0.000
3402.000	0.000
3403.000	0.000
3404.000	0.000
3405.000	0.000
3406.000	0.000
3407.000	0.000
3408.000	0.000
3409.000	0.000
3410.000	0.000
3411.000	0.000
3412.000	0.000
3413.000	0.000
3414.000	0.000
3415.000	0.000
3416.000	0.000
3417.000	0.000
3418.000	0.000
3419.000	0.000
3420.000	0.000
3421.000	0.000
3422.000	0.000
3423.000	0.000
3424.000	0.000
3425.000	0.000
3426.000	0.000
3427.000	0.000
3428.000	0.000
3429.000	0.000
3430.000	0.000
3431.000	0.000
3432.000	0.000
3433.000	0.000
3434.000	0.000
3435.000	0.000
3436.000	0.000
3437.000	0.000
3438.000	0.000
3439.000	0.000
3440.000	0.000
3441.000	0.000
3442.000	0.000
3443.000	0.000
3444.000	0.000
3445.000	0.000
3446.000	0.000
3447.000	0.000
3448.000	0.000
3449.000	0.000
3450.000	0.000
3451.000	0.000
3452.000	0.000
3453.000	0.000
3454.000	0.000
3455.000	0.000
3456.000	0.000
3457.000	0.000
3458.000	0.000
3459.000	0.000
3460.000	0.000
3461.000	0.000
3462.000	0.000
3463.000	0.000
3464.000	0.000
3465.000	0.000
3466.000	0.000
3467.000	0.000
3468.000	0.000
3469.000	0.000
3470.000	0.000
3471.000	0.000
3472.000	0.000
3473.000	0.000
3474.000	0.000
3475.000	0.000
3476.000	0.000
3477.000	0.000
3478.000	0.000
3479.000	0.000
3480.000	0.000
3481.000	0.000
3482.000	0.000
3483.000	0.000
3484.000	0.000
3485.000	0.000
3486.000	0.000
3487.000	0.000
3488.000	0.000
3489.000	0.000
3490.000	0.000
3491.000	0.000
3492.000	0.000
3493.000	0.000
3494.000	0.000
3495.000	0.000
3496.000	0.000
3497.000	0.000
3498.000	0.000
3499.000	0.000
3500.000	0.000
3501.000	0.000
3502.000	0.000
3503.000	0.000
3504.000	0.000
3505.000	0.000
3506.000	0.000
3507.000	0.000
3508.000	0.000
3509.000	0.000
3510.000	0.000
3511.000	0.000
3512.000	0.000
3513.000	0.000
3514.000	0.000
3515.000	0.000
3516.000	0.000
3517.000	0.000
3518.000	0.000
3519.000	0.000
3520.000	0.000
3521.000	0.000
3522.000	0.000
3523.000	0.000
3524.000	0.000
3525.000	0.000
3526.000	0.000
3527.000	0.000
3528.000	0.000
3529.000	0.000
3530.000	0.000
3531.000	0.000
3532.000	0.000
3533.000	0.000
3534.000	0.000
3535.000	0.000
3536.000	0.000
3537.000	0.000
3538.000	0.000
3539.000	0.000
3540.000	0.000
3541.000	0.000
3542.000	0.000
3543.000	0.000
3544.000	0.000
3545.000	0.000
3546.000	0.000
3547.000	0.000
3548.000	0.000
3549.000	0.000
3550.000	0.000
3551.000	0.000
3552.000	0.000
3553.000	0.000
3554.000	0.000
3555.000	0.000
3556.000	0.000
3557.000	0.000
3558.000	0.000
3559.000	0.000
3560.000	0.000
3561.000	0.000
3562.000	0.000
3563.000	0.000
3564.000	0.000
3565.000	0.000
3566.000	0.000
3567.000	0.000
3568.000	0.000
3569.000	0.000
3570.000	0.000
3571.000	0.000
3572.000	0.000
3573.000	0.000
3574.000	0.000
3575.000	0.000
3576.000	0.000
3577.000	0.000
3578.000	0.000
3579.000	0.000
3580.000	0.000
3581.000	0.000
3582.000	0.000
3583.000	0.000
3584.000	0.000
3585.000	0.000
3586.000	0.000
3587.000	0.000
3588.000	0.000
3589.000	0.000
3590.000	0.000
3591.000	0.000
3592.000	0.000
3593.000	0.000
3594.000	0.000
3595.000	0.000
3596.000	0.000
3597.000	0.000
3598.000	0.000
3599.000	0.000
3600.000	0.000
3601.000	0.000
3602.000	0.000
3603.000	0.000
3604.000	0.000
3605.000	0.000
3606.000	0.000
3607.000	0.000
3608.000	0.000
3609.000	0.000
3610.000	0.000
3611.000	0.000
3612.000	0.000
3613.000	0.000
3614.000	0.000
3615.000	0.000
3616.000	0.000
3617.000	0.000
3618.000	0.000
3619.000	0.000
3620.000	0.000
3621.000	0.000
3622.000	0.000
3623.000	0.000
3624.000	0.000
3625.000	0.000
3626.000	0.000
3627.000	0.000
3628.000	0.000
3629.000	0.000
3630.000	0.000
3631.000	0.000
3632.000	0.000
3633.000	0.000
3634.000	0.000
3635.000	0.000
3636.000	0.000
3637.000	0.000
3638.000	0.000
3639.000	0.000
3640.000	0.000
3641.000	0.000
3642.000	0.000
3643.000	0.000
3644.000	0.000
3645.000	0.000
3646.000	0.000
3647.000	0.000
3648.000	0.000
3649.000	0.000
3650.000	0.000
3651.000	0.000
3652.000	0.000
3653.000	0.000
3654.000	0.000
3655.000	0.000
3656.000	0.000
3657.000	0.000
3658.000	0.000
3659.000	0.000
3660.000	0.000
3661.000	0.000
3662.000	0.000
3663.000	0.000
3664.000	0.000
3665.000	0.000
3666.000	0.000
3667.000	0.000
3668.000	0.000
3669.000	0.000
3670.000	0.000
3671.000	0.000
3672.000	0.000
3673.000	0.000
3674.000	0.000
3675.000	0.000
3676.000	0.000
3677.000	0.000
3678.000	0.000
3679.000	0.000
3680.000	0.000
3681.000	0.000
3682.000	0.000
3683.000	0.000
3684.000	0.000
3685.000	0.000
3686.000	0.000
3687.000	0.000
3688.000	0.000
3689.000	0.000
3690.000	0.000
3691.000	0.000
3692.000	0.000
3693.000	0.000
3694.000	0.000
3695.000	0.000
3696.000	0.000
3697.000	0.000
3698.000	0.000
3699.000	0.000
3700.000	0.000
3701.000	0.000
3702.000	0.000
3703.000	0.000
3704.000	0.000
3705.000	0.000
3706.000	0.000
3707.000	0.000
3708.000	0.000
3709.000	0.000
3710.000	0.000
3711.000	0.000
3712.000	0.000
3713.000	0.000
3714.000	0.000
3715.000	0.000
3716.000	0.000
3717.000	0.000
3718.000	0.000
3719.000	0.000
3720.000	0.000
3721.000	0.000
3722.000	0.000
3723.000	0.000
3724.000	0.000
3725.000	0.000
3726.000	0.000
3727.000	0.000
3728.000	0.000
3729.000	0.000
3730.000	0.000
3731.000	0.000
3732.000	0.000
3733.000	0.000
3734.000	0.000
3735.000	0.000
3736.000	0.000
3737.000	0.000
3738.000	0.000
3739.000	0.000
3740.000	0.000
3741.000	0.000
3742.000	0.000
3743.000	0.000
3744.000	0.000
3745.000	0.000
3746.000	0.000
3747.000	0.000
3748.000	0.000
3749.000	0.000
3750.000	0.000
3751.000	0.000
3752.000	0.000
3753.000	0.000
3754.000	0.000
3755.000	0.000
3756.000	0.000
3757.000	0.000
3758.000	0.000
3759.000	0.000
3760.000	0.000
3761.000	0.000
3762.000	0.000
3763.000	0.000
3764.000	0.000
3765.000	0.000
3766.000	0.000
3767.000	0.000
3768.000	0.000
3769.000	0.000
3770.000	0.000
3771.000	0.000
3772.000	0.000
3773.000	0.000
3774.000	0.000
3775.000	0.000
3776.000	0.000
3777.000	0.000
3778.000	0.000
3779.000	0.000
3780.000	0.000
3781.000	0.000
3782.000	0.000
3783.000	0.000
3784.000	0.000
3785.000	0.000
3786.000	0.000
3787.000	0.000
3788.000	0.000
3789.000	0.000
3790.000	0.000
3791.000	0.000
3792.000	0.000
3793.000	0.000
3794.000	0.000
3795.000	0.000
3796.000	0.000
3797.000	0.000
3798.000	0.000
3799.000	0.000
3800.000	0.000
3801.000	0.000
3802.000	0.000
3803.000	0.000
3804.000	0.000
3805.000	0.000
3806.000	0.000
3807.000	0.000
3808.000	0.000
3809.000	0.000
3810.000	0.000
3811.000	0.000
3812.000	0.000
3813.000	0.000
3814.000	0.000
3815.000	0.000
3816.000	0.000
3817.000	0.000
3818.000	0.000
3819.000	0.000
3820.000	0.000
3821.000	0.000
3822.000	0.000
3823.000	0.000
3824.000	0.000
3825.000	0.000
3826.000	0.000
3827.000	0.000
3828.000	0.000
3829.000	0.000
3830.000	0.000
3831.000	0.000
3832.000	0.000
3833.000	0.000
3834.000	0.000
3835.000	0.000
3836.000	0.000
3837.000	0.000
3838.000	0.000
3839.000	0.000
3840.000	0.000
3841.000	0.000
3842.000	0.000
3843.000	0.000
3844.000	0.000
3845.000	0.000
3846.000	0.000
3847.000	0.000
3848.000	0.000
3849.000	0.000
3850.000	0.000
3851.000	0.000
3852.000	0.000
3853.000	0.000
3854.000	0.000
3855.000	0.000
3856.000	0.000
3857.000	0.000
3858.000	0.000
3859.000	0.000
3860.000	0.000
3861.000	0.000
3862.000	0.000
3863.000	0.000
3864.000	0.000
3865.000	0.000
3866.000	0.000
3867.000	0.000
3868.000	0.000
3869.000	0.000
3870.000	0.000
3871.000	0.000
3872.000	0.000
3873.000	0.000
3874.000	0.000
3875.000	0.000
3876.000	0.000
3877.000	0.000
3878.000	0.000
3879.000	0.000
3880.000	0.000
3881.000	0.000
3882.000	0.000
3883.000	0.000
3884.000	0.000
3885.000	0.000
3886.000	0.000
3887.000	0.000
3888.000	0.000
3889.000	0.000
3890.000	0.000
3891.000	0.000
3892.000	0.000
3893.000	0.000
3894.000	0.000
3895.000	0.000
3896.000	0.000
3897.000	0.000
3898.000	0.000
3899.000	0.000
3900.000	0.000
3901.000	0.000
3902.000	0.000
3903.000	0.000
3904.000	0.000
3905.000	0.000
3906.000	0.000
3907.000	0.000
3908.000	0.000
3909.000	0.000
3910.000	0.000
3911.000	0.000
3912.000	0.000
3913.000	0.000
3914.000	0.000
3915.000	0.000
3916.000	0.000
3917.000	0.000
3918.000	0.000
3919.000	0.000
3920.000	0.000
3921.000	0.000
3922.000	0.000
3923.000	0.000
3924.000	0.000
3925.000	0.000
3926.000	0.000
3927.000	0.000
3928.000	0.000
3929.000	0.000
3930.000	0.000
3931.000	0.000
3932.000	0.000
3933.000	0.000
3934.000	0.000
3935.000	0.000
3936.000	0.000
3937.000	0.000
3938.000	0.000
3939.000	0.000
3940.000	0.000
3941.000	0.000
3942.000	0.000
3943.000	0.000
3944.000	0.000
3945.000	0.000
3946.000	0.000
3947.000	0.000
3948.000	0.000
3949.000	0.000
3950.000	0.000
3951.000	0.000
3952.000	0.000
3953.000	0.000
3954.000	0.000
3955.000	0.000
3956.000	0.000
3957.000	0.000
3958.000	0.000
3959.000	0.000
3960.000	0.000
3961.000	0.000
3962.000	0.000
3963.000	0.000
3964.000	0.000
3965.000	0.000
3966.000	0.000
3967.000	0.000
3968.000	0.000
3969.000	0.000
3970.000	0.000
3971.000	0.000
3972.000	0.000
3973.000	0.000
3974.000	0.000
3975.000	0.000
3976.000	0.000
3977.000	0.000
3978.000	0.000
3979.000	0.000
3980.000	0.000
3981.000	0.000
3982.000	0.000
3983.000	0.000
3984.000	0.000
3985.000	0.000
3986.000	0.000
3987.000	0.000
3988.000	0.000
3989.000	0.000
3990.000	0.000
3991.000	0.000
3992.000	0.000
3993.000	0.000
3994.000	0.000
3995.000	0.000
3996.000	0.000
3997.000	0.000
3998.000	0.000
3999.000	0.000
4000.000	0.000
4001.000	0.000
4002.000	0.000
4003.000	0.000
4004.000	0.000
4005.000	0.000
4006.000	0.000
4007.000	0.000
4008.000	0.000
4009.000	0.000
4010.000	0.000
4011.000	0.000
4012.000	0.000
4013.000	0.000
4014.000	0.000
4015.000	0.000
4016.000	0.000
4017.000	0.000
4018.000	0.000
4019.000	0.000
4020.000	0.000
4021.000	0.000
4022.000	0.000
4023.000	0.000
4024.000	0.000
4025.000	0.000
4026.000	0.000
4027.000	0.000
4028.000	0.000
4029.000	0.000
4030.000	0.000
4031.000	0.000
4032.000	0.000
4033.000	0.000
4034.000	0.000
4035.000	0.000
4036.000	0.000
4037.000	0.000
4038.000	0.000
4039.000	0.000
4040.000	0.000
4041.000	0.000
4042.000	0.000
4043.000	0.000
4044.000	0.000
4045.000	0.000
4046.000	0.000
4047.000	0.000
4048.000	0.000
4049.000	0.000
4050.000	0.000
4051.000	0.000
4052.000	0.000
4053.000	0.000
4054.000	0.000
4055.000	0.000
4056.000	0.000
4057.000	0.000
4058.000	0.000
4059.000	0.000
4060.000	0.000
4061.000	0.000
4062.000	0.000
4063.000	0.000
4064.000	0.000
4065.000	0.000
4066.000	0.000
4067.000	0.000
4068.000	0.000
4069.000	0.000
4070.000	0.000
4071.000	0.000
4072.000	0.000
4073.000	0.000
4074.000	0.000
4075.000	0.000
4076.000	0.000
4077.000	0.000
4078.000	0.000
4079.000	0.000
4080.000	0.000
4081.000	0.000
4082.000	0.000
4083.000	0.000
4084.000	0.000
4085.000	0.000
4086.000	0.000
4087.000	0.000
4088.000	0.000
4089.000	0.000
4090.000	0.000
4091.000	0.000
4092.000	0.000
4093.000	0.000
4094.000	0.000
4095.000	0.000
