0.000	13.374
1.000	13.178
2.000	13.178
3.000	13.178
4.000	13.178
5.000	13.178
6.000	13.178
7.000	13.178
8.000	13.178
9.000	13.178
10.000	13.178
11.000	13.178
12.000	13.178
13.000	13.178
14.000	13.178
15.000	13.178
16.000	13.178
17.000	13.173
18.000	13.173
19.000	13.171
20.000	13.169
21.000	13.169
22.000	13.168
23.000	13.166
24.000	13.166
25.000	13.165
26.000	13.164
27.000	13.162
28.000	13.162
29.000	13.161
30.000	13.160
31.000	13.160
32.000	13.158
33.000	13.157
34.000	13.157
35.000	13.156
36.000	13.155
37.000	13.154
38.000	13.154
39.000	13.152
40.000	13.151
41.000	13.151
42.000	13.150
43.000	13.149
44.000	13.148
45.000	13.148
46.000	13.147
47.000	13.146
48.000	13.146
49.000	13.145
50.000	13.144
51.000	13.144
52.000	13.143
53.000	13.142
54.000	13.141
55.000	13.141
56.000	13.140
57.000	13.139
58.000	13.139
59.000	13.138
60.000	13.136
61.000	13.135
62.000	13.135
63.000	13.133
64.000	13.131
65.000	13.131
66.000	13.130
67.000	13.129
68.000	13.129
69.000	13.128
70.000	13.127
71.000	13.127
72.000	13.127
73.000	13.125
74.000	13.124
75.000	13.124
76.000	13.121
77.000	13.119
78.000	13.116
79.000	13.116
80.000	13.113
81.000	13.111
82.000	13.111
83.000	13.108
84.000	13.105
85.000	13.105
86.000	13.103
87.000	13.100
88.000	13.096
89.000	13.096
90.000	13.088
91.000	13.081
92.000	13.081
93.000	13.074
94.000	13.067
95.000	13.067
96.000	13.060
97.000	13.053
98.000	13.046
99.000	13.046
100.000	13.039
101.000	13.032
102.000	13.032
103.000	13.025
104.000	13.019
105.000	13.012
106.000	13.012
107.000	13.006
108.000	12.999
109.000	12.999
110.000	12.990
111.000	12.982
112.000	12.982
113.000	12.973
114.000	12.964
115.000	12.954
116.000	12.954
117.000	12.944
118.000	12.933
119.000	12.899
120.000	12.889
121.000	12.878
122.000	12.867
123.000	12.867
124.000	12.856
125.000	12.844
126.000	12.578
127.000	12.566
128.000	12.553
129.000	12.553
130.000	12.540
131.000	12.527
132.000	12.514
133.000	12.514
134.000	12.499
135.000	12.485
136.000	12.485
137.000	12.471
138.000	12.456
139.000	12.440
140.000	12.440
141.000	12.425
142.000	12.410
143.000	12.410
144.000	12.394
145.000	12.378
146.000	12.378
147.000	12.361
148.000	12.344
149.000	12.327
150.000	12.327
151.000	12.310
152.000	12.293
153.000	12.293
154.000	12.275
155.000	12.257
156.000	12.257
157.000	12.239
158.000	12.220
159.000	12.202
160.000	12.169
161.000	12.151
162.000	12.131
163.000	12.131
164.000	12.112
165.000	12.092
166.000	12.073
167.000	11.998
168.000	11.978
169.000	11.958
170.000	11.958
171.000	11.939
172.000	11.918
173.000	11.805
174.000	11.784
175.000	11.764
176.000	11.743
177.000	11.743
178.000	11.723
179.000	11.703
180.000	11.677
181.000	11.656
182.000	11.635
183.000	11.613
184.000	11.541
185.000	11.519
186.000	11.497
187.000	11.488
188.000	11.466
189.000	11.445
190.000	11.445
191.000	11.423
192.000	11.402
193.000	11.381
194.000	11.381
195.000	11.359
196.000	11.340
197.000	11.340
198.000	11.320
199.000	11.301
200.000	11.281
201.000	11.281
202.000	11.261
203.000	11.239
204.000	11.237
205.000	11.215
206.000	11.193
207.000	11.124
208.000	11.102
209.000	11.081
210.000	11.058
211.000	11.058
212.000	11.034
213.000	11.010
214.000	11.010
215.000	10.986
216.000	10.963
217.000	10.911
218.000	10.887
219.000	10.862
220.000	10.837
221.000	10.807
222.000	10.783
223.000	10.758
224.000	10.732
225.000	10.707
226.000	10.681
227.000	10.656
228.000	10.656
229.000	10.630
230.000	10.604
231.000	10.604
232.000	10.578
233.000	10.553
234.000	10.553
235.000	10.527
236.000	10.502
237.000	10.477
238.000	10.477
239.000	10.451
240.000	10.426
241.000	10.426
242.000	10.401
243.000	10.376
244.000	10.351
245.000	10.347
246.000	10.323
247.000	10.297
248.000	10.297
249.000	10.272
250.000	10.247
251.000	10.247
252.000	10.222
253.000	10.197
254.000	10.172
255.000	10.172
256.000	10.146
257.000	10.121
258.000	10.121
259.000	10.096
260.000	10.071
261.000	10.046
262.000	10.000
263.000	9.975
264.000	9.950
265.000	9.950
266.000	9.926
267.000	9.901
268.000	9.901
269.000	9.876
270.000	9.852
271.000	9.827
272.000	9.827
273.000	9.803
274.000	9.778
275.000	9.778
276.000	9.753
277.000	9.729
278.000	9.729
279.000	9.705
280.000	9.681
281.000	9.657
282.000	9.657
283.000	9.633
284.000	9.609
285.000	9.426
286.000	9.403
287.000	9.379
288.000	9.355
289.000	9.355
290.000	9.332
291.000	9.309
292.000	9.169
293.000	9.145
294.000	9.122
295.000	9.104
296.000	9.080
297.000	9.057
298.000	9.034
299.000	9.034
300.000	9.011
301.000	8.989
302.000	8.989
303.000	8.966
304.000	8.944
305.000	8.922
306.000	8.844
307.000	8.822
308.000	8.801
309.000	8.733
310.000	8.711
311.000	8.689
312.000	8.650
313.000	8.628
314.000	8.606
315.000	8.585
316.000	8.585
317.000	8.563
318.000	8.540
319.000	8.522
320.000	8.500
321.000	8.478
322.000	8.456
323.000	8.456
324.000	8.434
325.000	8.413
326.000	8.320
327.000	8.299
328.000	8.277
329.000	8.277
330.000	8.256
331.000	8.234
332.000	8.212
333.000	8.178
334.000	8.156
335.000	8.135
336.000	8.135
337.000	8.113
338.000	8.091
339.000	8.064
340.000	8.042
341.000	8.021
342.000	7.998
343.000	7.998
344.000	7.977
345.000	7.955
346.000	7.901
347.000	7.879
348.000	7.859
349.000	7.838
350.000	7.755
351.000	7.735
352.000	7.714
353.000	7.659
354.000	7.639
355.000	7.618
356.000	7.565
357.000	7.544
358.000	7.524
359.000	7.503
360.000	7.500
361.000	7.479
362.000	7.459
363.000	7.459
364.000	7.438
365.000	7.418
366.000	7.398
367.000	7.398
368.000	7.378
369.000	7.358
370.000	7.358
371.000	7.338
372.000	7.318
373.000	7.318
374.000	7.298
375.000	7.279
376.000	7.259
377.000	7.259
378.000	7.239
379.000	7.219
380.000	7.219
381.000	7.199
382.000	7.179
383.000	7.159
384.000	7.159
385.000	7.139
386.000	7.119
387.000	7.119
388.000	7.099
389.000	7.080
390.000	7.080
391.000	7.060
392.000	7.041
393.000	7.022
394.000	7.022
395.000	7.002
396.000	6.983
397.000	6.983
398.000	6.963
399.000	6.944
400.000	6.944
401.000	6.925
402.000	6.905
403.000	6.886
404.000	6.886
405.000	6.868
406.000	6.851
407.000	6.851
408.000	6.833
409.000	6.815
410.000	6.797
411.000	6.727
412.000	6.709
413.000	6.691
414.000	6.691
415.000	6.673
416.000	6.656
417.000	6.656
418.000	6.638
419.000	6.620
420.000	6.603
421.000	6.457
422.000	6.441
423.000	6.424
424.000	6.424
425.000	6.408
426.000	6.392
427.000	6.375
428.000	6.375
429.000	6.359
430.000	6.343
431.000	6.343
432.000	6.327
433.000	6.312
434.000	6.312
435.000	6.296
436.000	6.280
437.000	6.265
438.000	6.265
439.000	6.249
440.000	6.234
441.000	6.234
442.000	6.218
443.000	6.203
444.000	6.188
445.000	6.188
446.000	6.173
447.000	6.158
448.000	6.158
449.000	6.143
450.000	6.128
451.000	6.128
452.000	6.114
453.000	6.099
454.000	6.084
455.000	6.084
456.000	6.070
457.000	6.056
458.000	6.056
459.000	6.041
460.000	6.027
461.000	6.027
462.000	6.012
463.000	5.998
464.000	5.984
465.000	5.984
466.000	5.970
467.000	5.955
468.000	5.955
469.000	5.941
470.000	5.927
471.000	5.914
472.000	5.914
473.000	5.900
474.000	5.886
475.000	5.886
476.000	5.873
477.000	5.859
478.000	5.859
479.000	5.846
480.000	5.833
481.000	5.819
482.000	5.819
483.000	5.806
484.000	5.793
485.000	5.793
486.000	5.780
487.000	5.768
488.000	5.755
489.000	5.755
490.000	5.742
491.000	5.730
492.000	5.730
493.000	5.717
494.000	5.704
495.000	5.704
496.000	5.692
497.000	5.679
498.000	5.667
499.000	5.667
500.000	5.654
501.000	5.642
502.000	5.592
503.000	5.580
504.000	5.567
505.000	5.555
506.000	5.540
507.000	5.527
508.000	5.515
509.000	5.497
510.000	5.485
511.000	5.473
512.000	5.473
513.000	5.461
514.000	5.449
515.000	5.438
516.000	5.354
517.000	5.342
518.000	5.331
519.000	5.331
520.000	5.320
521.000	5.308
522.000	5.271
523.000	5.259
524.000	5.248
525.000	5.237
526.000	5.237
527.000	5.225
528.000	5.214
529.000	5.214
530.000	5.203
531.000	5.192
532.000	5.181
533.000	5.181
534.000	5.170
535.000	5.159
536.000	5.159
537.000	5.149
538.000	5.138
539.000	5.138
540.000	5.127
541.000	5.117
542.000	5.107
543.000	5.107
544.000	5.096
545.000	5.086
546.000	5.084
547.000	5.073
548.000	5.063
549.000	5.053
550.000	5.053
551.000	5.043
552.000	5.033
553.000	5.033
554.000	5.024
555.000	5.014
556.000	5.014
557.000	5.004
558.000	4.994
559.000	4.984
560.000	4.984
561.000	4.974
562.000	4.965
563.000	4.965
564.000	4.955
565.000	4.945
566.000	4.935
567.000	4.905
568.000	4.896
569.000	4.886
570.000	4.886
571.000	4.877
572.000	4.868
573.000	4.868
574.000	4.858
575.000	4.849
576.000	4.839
577.000	4.839
578.000	4.829
579.000	4.819
580.000	4.750
581.000	4.740
582.000	4.730
583.000	4.720
584.000	4.720
585.000	4.710
586.000	4.701
587.000	4.701
588.000	4.691
589.000	4.681
590.000	4.681
591.000	4.671
592.000	4.662
593.000	4.652
594.000	4.652
595.000	4.642
596.000	4.633
597.000	4.633
598.000	4.623
599.000	4.614
600.000	4.552
601.000	4.543
602.000	4.534
603.000	4.524
604.000	4.524
605.000	4.515
606.000	4.506
607.000	4.506
608.000	4.497
609.000	4.488
610.000	4.479
611.000	4.479
612.000	4.470
613.000	4.461
614.000	4.461
615.000	4.453
616.000	4.445
617.000	4.435
618.000	4.427
619.000	4.419
620.000	4.411
621.000	4.411
622.000	4.403
623.000	4.394
624.000	4.394
625.000	4.386
626.000	4.377
627.000	4.369
628.000	4.330
629.000	4.322
630.000	4.313
631.000	4.313
632.000	4.305
633.000	4.296
634.000	4.296
635.000	4.287
636.000	4.279
637.000	4.271
638.000	4.271
639.000	4.263
640.000	4.255
641.000	4.255
642.000	4.247
643.000	4.240
644.000	4.232
645.000	4.232
646.000	4.224
647.000	4.217
648.000	4.217
649.000	4.209
650.000	4.202
651.000	4.162
652.000	4.154
653.000	4.147
654.000	4.140
655.000	4.140
656.000	4.133
657.000	4.126
658.000	4.072
659.000	4.065
660.000	4.058
661.000	4.058
662.000	4.051
663.000	4.043
664.000	4.036
665.000	4.036
666.000	4.029
667.000	4.022
668.000	4.022
669.000	4.014
670.000	4.006
671.000	3.999
672.000	3.999
673.000	3.992
674.000	3.984
675.000	3.984
676.000	3.977
677.000	3.969
678.000	3.969
679.000	3.962
680.000	3.955
681.000	3.948
682.000	3.948
683.000	3.941
684.000	3.934
685.000	3.934
686.000	3.927
687.000	3.920
688.000	3.913
689.000	3.913
690.000	3.906
691.000	3.898
692.000	3.898
693.000	3.891
694.000	3.884
695.000	3.884
696.000	3.878
697.000	3.871
698.000	3.864
699.000	3.864
700.000	3.857
701.000	3.850
702.000	3.850
703.000	3.843
704.000	3.837
705.000	3.830
706.000	3.830
707.000	3.824
708.000	3.817
709.000	3.817
710.000	3.810
711.000	3.804
712.000	3.804
713.000	3.797
714.000	3.791
715.000	3.784
716.000	3.784
717.000	3.778
718.000	3.772
719.000	3.772
720.000	3.765
721.000	3.759
722.000	3.759
723.000	3.753
724.000	3.747
725.000	3.741
726.000	3.741
727.000	3.735
728.000	3.729
729.000	3.712
730.000	3.707
731.000	3.701
732.000	3.695
733.000	3.695
734.000	3.689
735.000	3.683
736.000	3.683
737.000	3.677
738.000	3.671
739.000	3.671
740.000	3.665
741.000	3.659
742.000	3.653
743.000	3.639
744.000	3.634
745.000	3.628
746.000	3.628
747.000	3.622
748.000	3.616
749.000	3.610
750.000	3.610
751.000	3.604
752.000	3.598
753.000	3.598
754.000	3.592
755.000	3.587
756.000	3.587
757.000	3.581
758.000	3.575
759.000	3.569
760.000	3.569
761.000	3.564
762.000	3.558
763.000	3.558
764.000	3.552
765.000	3.547
766.000	3.541
767.000	3.541
768.000	3.535
769.000	3.530
770.000	3.530
771.000	3.524
772.000	3.518
773.000	3.518
774.000	3.513
775.000	3.507
776.000	3.502
777.000	3.502
778.000	3.496
779.000	3.491
780.000	3.491
781.000	3.486
782.000	3.480
783.000	3.480
784.000	3.475
785.000	3.469
786.000	3.464
787.000	3.464
788.000	3.458
789.000	3.453
790.000	3.453
791.000	3.447
792.000	3.442
793.000	3.437
794.000	3.437
795.000	3.431
796.000	3.426
797.000	3.426
798.000	3.420
799.000	3.415
800.000	3.415
801.000	3.410
802.000	3.405
803.000	3.399
804.000	3.399
805.000	3.394
806.000	3.389
807.000	3.389
808.000	3.384
809.000	3.379
810.000	3.374
811.000	3.374
812.000	3.369
813.000	3.363
814.000	3.304
815.000	3.299
816.000	3.293
817.000	3.293
818.000	3.288
819.000	3.283
820.000	3.278
821.000	3.278
822.000	3.273
823.000	3.268
824.000	3.268
825.000	3.263
826.000	3.258
827.000	3.253
828.000	3.253
829.000	3.248
830.000	3.243
831.000	3.243
832.000	3.238
833.000	3.233
834.000	3.233
835.000	3.228
836.000	3.223
837.000	3.218
838.000	3.218
839.000	3.213
840.000	3.209
841.000	3.209
842.000	3.204
843.000	3.199
844.000	3.199
845.000	3.194
846.000	3.190
847.000	3.185
848.000	3.185
849.000	3.180
850.000	3.175
851.000	3.175
852.000	3.171
853.000	3.166
854.000	3.161
855.000	3.161
856.000	3.156
857.000	3.152
858.000	3.152
859.000	3.147
860.000	3.143
861.000	3.143
862.000	3.138
863.000	3.134
864.000	3.129
865.000	3.129
866.000	3.124
867.000	3.120
868.000	3.120
869.000	3.115
870.000	3.111
871.000	3.107
872.000	3.012
873.000	3.008
874.000	3.003
875.000	3.003
876.000	2.999
877.000	2.995
878.000	2.995
879.000	2.990
880.000	2.986
881.000	2.982
882.000	2.982
883.000	2.977
884.000	2.973
885.000	2.973
886.000	2.969
887.000	2.964
888.000	2.960
889.000	2.960
890.000	2.956
891.000	2.952
892.000	2.952
893.000	2.948
894.000	2.943
895.000	2.943
896.000	2.939
897.000	2.935
898.000	2.931
899.000	2.931
900.000	2.926
901.000	2.922
902.000	2.922
903.000	2.918
904.000	2.914
905.000	2.914
906.000	2.910
907.000	2.905
908.000	2.901
909.000	2.901
910.000	2.897
911.000	2.893
912.000	2.893
913.000	2.889
914.000	2.885
915.000	2.881
916.000	2.881
917.000	2.876
918.000	2.872
919.000	2.872
920.000	2.868
921.000	2.864
922.000	2.864
923.000	2.860
924.000	2.856
925.000	2.852
926.000	2.852
927.000	2.848
928.000	2.844
929.000	2.844
930.000	2.839
931.000	2.835
932.000	2.831
933.000	2.831
934.000	2.827
935.000	2.823
936.000	2.823
937.000	2.819
938.000	2.815
939.000	2.815
940.000	2.811
941.000	2.808
942.000	2.804
943.000	2.804
944.000	2.800
945.000	2.796
946.000	2.796
947.000	2.792
948.000	2.788
949.000	2.784
950.000	2.784
951.000	2.781
952.000	2.777
953.000	2.777
954.000	2.773
955.000	2.769
956.000	2.678
957.000	2.674
958.000	2.671
959.000	2.667
960.000	2.667
961.000	2.663
962.000	2.659
963.000	2.659
964.000	2.656
965.000	2.652
966.000	2.652
967.000	2.648
968.000	2.645
969.000	2.641
970.000	2.641
971.000	2.638
972.000	2.634
973.000	2.634
974.000	2.630
975.000	2.627
976.000	2.623
977.000	2.623
978.000	2.620
979.000	2.616
980.000	2.465
981.000	2.461
982.000	2.458
983.000	2.458
984.000	2.454
985.000	2.450
986.000	2.447
987.000	2.447
988.000	2.443
989.000	2.440
990.000	2.440
991.000	2.436
992.000	2.432
993.000	2.429
994.000	2.429
995.000	2.425
996.000	2.422
997.000	2.422
998.000	2.418
999.000	2.415
1000.000	2.415
1001.000	2.411
1002.000	2.408
1003.000	2.404
1004.000	2.404
1005.000	2.401
1006.000	2.397
1007.000	2.397
1008.000	2.393
1009.000	2.390
1010.000	2.386
1011.000	2.386
1012.000	2.383
1013.000	2.379
1014.000	2.379
1015.000	2.376
1016.000	2.373
1017.000	2.373
1018.000	2.369
1019.000	2.366
1020.000	2.362
1021.000	2.362
1022.000	2.359
1023.000	2.355
1024.000	2.355
1025.000	2.352
1026.000	2.348
1027.000	2.348
1028.000	2.345
1029.000	2.342
1030.000	2.338
1031.000	2.338
1032.000	2.335
1033.000	2.331
1034.000	2.331
1035.000	2.328
1036.000	2.324
1037.000	2.321
1038.000	2.321
1039.000	2.318
1040.000	2.314
1041.000	2.314
1042.000	2.311
1043.000	2.307
1044.000	2.307
1045.000	2.304
1046.000	2.301
1047.000	2.297
1048.000	2.297
1049.000	2.294
1050.000	2.290
1051.000	2.290
1052.000	2.287
1053.000	2.283
1054.000	2.280
1055.000	2.280
1056.000	2.277
1057.000	2.273
1058.000	2.273
1059.000	2.270
1060.000	2.267
1061.000	2.267
1062.000	2.263
1063.000	2.260
1064.000	2.257
1065.000	2.257
1066.000	2.254
1067.000	2.250
1068.000	2.250
1069.000	2.247
1070.000	2.244
1071.000	2.240
1072.000	2.240
1073.000	2.237
1074.000	2.234
1075.000	2.234
1076.000	2.230
1077.000	2.227
1078.000	2.227
1079.000	2.224
1080.000	2.221
1081.000	2.217
1082.000	2.217
1083.000	2.214
1084.000	2.211
1085.000	2.211
1086.000	2.208
1087.000	2.204
1088.000	2.204
1089.000	2.201
1090.000	2.198
1091.000	2.195
1092.000	2.143
1093.000	2.141
1094.000	2.138
1095.000	2.138
1096.000	2.135
1097.000	2.133
1098.000	2.130
1099.000	2.130
1100.000	2.127
1101.000	2.124
1102.000	2.124
1103.000	2.122
1104.000	2.119
1105.000	2.119
1106.000	2.116
1107.000	2.113
1108.000	2.111
1109.000	2.111
1110.000	2.108
1111.000	2.105
1112.000	2.105
1113.000	2.102
1114.000	2.100
1115.000	2.097
1116.000	2.097
1117.000	2.094
1118.000	2.091
1119.000	2.091
1120.000	2.089
1121.000	2.086
1122.000	2.086
1123.000	2.083
1124.000	2.080
1125.000	2.077
1126.000	2.077
1127.000	2.075
1128.000	2.072
1129.000	2.072
1130.000	2.069
1131.000	2.066
1132.000	2.064
1133.000	2.064
1134.000	2.061
1135.000	2.058
1136.000	2.058
1137.000	2.055
1138.000	2.052
1139.000	2.052
1140.000	2.050
1141.000	2.047
1142.000	2.044
1143.000	2.044
1144.000	2.041
1145.000	2.039
1146.000	2.039
1147.000	2.036
1148.000	2.033
1149.000	2.030
1150.000	2.030
1151.000	2.030
1152.000	2.030
1153.000	2.003
1154.000	2.003
1155.000	1.963
1156.000	1.961
1157.000	1.961
1158.000	1.951
1159.000	1.951
1160.000	1.951
1161.000	1.951
1162.000	1.951
1163.000	1.941
1164.000	1.941
1165.000	1.941
1166.000	1.941
1167.000	1.941
1168.000	1.941
1169.000	1.919
1170.000	1.919
1171.000	1.919
1172.000	1.919
1173.000	1.919
1174.000	1.919
1175.000	1.919
1176.000	1.919
1177.000	1.919
1178.000	1.919
1179.000	1.919
1180.000	1.919
1181.000	1.919
1182.000	1.916
1183.000	1.916
1184.000	1.916
1185.000	1.916
1186.000	1.916
1187.000	1.916
1188.000	1.916
1189.000	1.916
1190.000	1.916
1191.000	1.916
1192.000	1.901
1193.000	1.901
1194.000	1.889
1195.000	1.889
1196.000	1.889
1197.000	1.889
1198.000	1.889
1199.000	1.889
1200.000	1.889
1201.000	1.889
1202.000	1.889
1203.000	1.889
1204.000	1.889
1205.000	1.889
1206.000	1.889
1207.000	1.889
1208.000	1.889
1209.000	1.889
1210.000	1.889
1211.000	1.867
1212.000	1.867
1213.000	1.867
1214.000	1.867
1215.000	1.845
1216.000	1.845
1217.000	1.845
1218.000	1.845
1219.000	1.845
1220.000	1.845
1221.000	1.845
1222.000	1.845
1223.000	1.845
1224.000	1.845
1225.000	1.845
1226.000	1.845
1227.000	1.845
1228.000	1.845
1229.000	1.845
1230.000	1.845
1231.000	1.845
1232.000	1.845
1233.000	1.845
1234.000	1.845
1235.000	1.845
1236.000	1.845
1237.000	1.845
1238.000	1.845
1239.000	1.845
1240.000	1.845
1241.000	1.845
1242.000	1.845
1243.000	1.845
1244.000	1.845
1245.000	1.845
1246.000	1.845
1247.000	1.845
1248.000	1.806
1249.000	1.806
1250.000	1.806
1251.000	1.806
1252.000	1.806
1253.000	1.806
1254.000	1.806
1255.000	1.806
1256.000	1.806
1257.000	1.806
1258.000	1.806
1259.000	1.806
1260.000	1.806
1261.000	1.806
1262.000	1.806
1263.000	1.806
1264.000	1.806
1265.000	1.806
1266.000	1.806
1267.000	1.806
1268.000	1.806
1269.000	1.806
1270.000	1.806
1271.000	1.806
1272.000	1.806
1273.000	1.806
1274.000	1.789
1275.000	1.789
1276.000	1.765
1277.000	1.765
1278.000	1.765
1279.000	1.765
1280.000	1.755
1281.000	1.755
1282.000	1.755
1283.000	1.755
1284.000	1.716
1285.000	1.716
1286.000	1.716
1287.000	1.716
1288.000	1.716
1289.000	1.716
1290.000	1.716
1291.000	1.716
1292.000	1.713
1293.000	1.713
1294.000	1.713
1295.000	1.713
1296.000	1.701
1297.000	1.701
1298.000	1.701
1299.000	1.701
1300.000	1.701
1301.000	1.701
1302.000	1.701
1303.000	1.701
1304.000	1.701
1305.000	1.701
1306.000	1.701
1307.000	1.701
1308.000	1.701
1309.000	1.701
1310.000	1.701
1311.000	1.701
1312.000	1.701
1313.000	1.701
1314.000	1.701
1315.000	1.701
1316.000	1.701
1317.000	1.701
1318.000	1.701
1319.000	1.701
1320.000	1.701
1321.000	1.701
1322.000	1.701
1323.000	1.701
1324.000	1.701
1325.000	1.701
1326.000	1.701
1327.000	1.701
1328.000	1.701
1329.000	1.701
1330.000	1.701
1331.000	1.701
1332.000	1.701
1333.000	1.701
1334.000	1.701
1335.000	1.701
1336.000	1.701
1337.000	1.701
1338.000	1.701
1339.000	1.701
1340.000	1.696
1341.000	1.696
1342.000	1.696
1343.000	1.674
1344.000	1.674
1345.000	1.674
1346.000	1.674
1347.000	1.674
1348.000	1.674
1349.000	1.674
1350.000	1.674
1351.000	1.674
1352.000	1.674
1353.000	1.674
1354.000	1.674
1355.000	1.674
1356.000	1.674
1357.000	1.674
1358.000	1.674
1359.000	1.674
1360.000	1.674
1361.000	1.674
1362.000	1.674
1363.000	1.674
1364.000	1.674
1365.000	1.674
1366.000	1.639
1367.000	1.639
1368.000	1.639
1369.000	1.639
1370.000	1.615
1371.000	1.615
1372.000	1.615
1373.000	1.615
1374.000	1.615
1375.000	1.615
1376.000	1.615
1377.000	1.602
1378.000	1.602
1379.000	1.602
1380.000	1.602
1381.000	1.602
1382.000	1.602
1383.000	1.602
1384.000	1.602
1385.000	1.602
1386.000	1.602
1387.000	1.602
1388.000	1.602
1389.000	1.602
1390.000	1.602
1391.000	1.602
1392.000	1.602
1393.000	1.572
1394.000	1.572
1395.000	1.572
1396.000	1.572
1397.000	1.572
1398.000	1.572
1399.000	1.572
1400.000	1.572
1401.000	1.572
1402.000	1.572
1403.000	1.572
1404.000	1.572
1405.000	1.572
1406.000	1.572
1407.000	1.572
1408.000	1.572
1409.000	1.572
1410.000	1.572
1411.000	1.572
1412.000	1.572
1413.000	1.572
1414.000	1.572
1415.000	1.572
1416.000	1.572
1417.000	1.572
1418.000	1.572
1419.000	1.572
1420.000	1.572
1421.000	1.572
1422.000	1.572
1423.000	1.572
1424.000	1.572
1425.000	1.572
1426.000	1.572
1427.000	1.532
1428.000	1.532
1429.000	1.532
1430.000	1.532
1431.000	1.532
1432.000	1.532
1433.000	1.532
1434.000	1.532
1435.000	1.532
1436.000	1.519
1437.000	1.514
1438.000	1.514
1439.000	1.514
1440.000	1.514
1441.000	1.514
1442.000	1.514
1443.000	1.514
1444.000	1.514
1445.000	1.514
1446.000	1.514
1447.000	1.514
1448.000	1.514
1449.000	1.514
1450.000	1.514
1451.000	1.514
1452.000	1.514
1453.000	1.494
1454.000	1.494
1455.000	1.494
1456.000	1.494
1457.000	1.494
1458.000	1.494
1459.000	1.494
1460.000	1.494
1461.000	1.494
1462.000	1.494
1463.000	1.494
1464.000	1.465
1465.000	1.465
1466.000	1.465
1467.000	1.465
1468.000	1.465
1469.000	1.465
1470.000	1.465
1471.000	1.457
1472.000	1.457
1473.000	1.457
1474.000	1.457
1475.000	1.457
1476.000	1.457
1477.000	1.457
1478.000	1.457
1479.000	1.457
1480.000	1.457
1481.000	1.457
1482.000	1.457
1483.000	1.457
1484.000	1.450
1485.000	1.450
1486.000	1.450
1487.000	1.450
1488.000	1.450
1489.000	1.431
1490.000	1.431
1491.000	1.431
1492.000	1.431
1493.000	1.431
1494.000	1.424
1495.000	1.424
1496.000	1.424
1497.000	1.424
1498.000	1.421
1499.000	1.421
1500.000	1.421
1501.000	0.000
1502.000	0.000
1503.000	0.000
1504.000	0.000
1505.000	0.000
1506.000	0.000
1507.000	0.000
1508.000	0.000
1509.000	0.000
1510.000	0.000
1511.000	0.000
1512.000	0.000
1513.000	0.000
1514.000	0.000
1515.000	0.000
1516.000	0.000
1517.000	0.000
1518.000	0.000
1519.000	0.000
1520.000	0.000
1521.000	0.000
1522.000	0.000
1523.000	0.000
1524.000	0.000
1525.000	0.000
1526.000	0.000
1527.000	0.000
1528.000	0.000
1529.000	0.000
1530.000	0.000
1531.000	0.000
1532.000	0.000
1533.000	0.000
1534.000	0.000
1535.000	0.000
1536.000	0.000
1537.000	0.000
1538.000	0.000
1539.000	0.000
1540.000	0.000
1541.000	0.000
1542.000	0.000
1543.000	0.000
1544.000	0.000
1545.000	0.000
1546.000	0.000
1547.000	0.000
1548.000	0.000
1549.000	0.000
1550.000	0.000
1551.000	0.000
1552.000	0.000
1553.000	0.000
1554.000	0.000
1555.000	0.000
1556.000	0.000
1557.000	0.000
1558.000	0.000
1559.000	0.000
1560.000	0.000
1561.000	0.000
1562.000	0.000
1563.000	0.000
1564.000	0.000
1565.000	0.000
1566.000	0.000
1567.000	0.000
1568.000	0.000
1569.000	0.000
1570.000	0.000
1571.000	0.000
1572.000	0.000
1573.000	0.000
1574.000	0.000
1575.000	0.000
1576.000	0.000
1577.000	0.000
1578.000	0.000
1579.000	0.000
1580.000	0.000
1581.000	0.000
1582.000	0.000
1583.000	0.000
1584.000	0.000
1585.000	0.000
1586.000	0.000
1587.000	0.000
1588.000	0.000
1589.000	0.000
1590.000	0.000
1591.000	0.000
1592.000	0.000
1593.000	0.000
1594.000	0.000
1595.000	0.000
1596.000	0.000
1597.000	0.000
1598.000	0.000
1599.000	0.000
1600.000	0.000
1601.000	0.000
1602.000	0.000
1603.000	0.000
1604.000	0.000
1605.000	0.000
1606.000	0.000
1607.000	0.000
1608.000	0.000
1609.000	0.000
1610.000	0.000
1611.000	0.000
1612.000	0.000
1613.000	0.000
1614.000	0.000
1615.000	0.000
1616.000	0.000
1617.000	0.000
1618.000	0.000
1619.000	0.000
1620.000	0.000
1621.000	0.000
1622.000	0.000
1623.000	0.000
1624.000	0.000
1625.000	0.000
1626.000	0.000
1627.000	0.000
1628.000	0.000
1629.000	0.000
1630.000	0.000
1631.000	0.000
1632.000	0.000
1633.000	0.000
1634.000	0.000
1635.000	0.000
1636.000	0.000
1637.000	0.000
1638.000	0.000
1639.000	0.000
1640.000	0.000
1641.000	0.000
1642.000	0.000
1643.000	0.000
1644.000	0.000
1645.000	0.000
1646.000	0.000
1647.000	0.000
1648.000	0.000
1649.000	0.000
1650.000	0.000
1651.000	0.000
1652.000	0.000
1653.000	0.000
1654.000	0.000
1655.000	0.000
1656.000	0.000
1657.000	0.000
1658.000	0.000
1659.000	0.000
1660.000	0.000
1661.000	0.000
1662.000	0.000
1663.000	0.000
1664.000	0.000
1665.000	0.000
1666.000	0.000
1667.000	0.000
1668.000	0.000
1669.000	0.000
1670.000	0.000
1671.000	0.000
1672.000	0.000
1673.000	0.000
1674.000	0.000
1675.000	0.000
1676.000	0.000
1677.000	0.000
1678.000	0.000
1679.000	0.000
1680.000	0.000
1681.000	0.000
1682.000	0.000
1683.000	0.000
1684.000	0.000
1685.000	0.000
1686.000	0.000
1687.000	0.000
1688.000	0.000
1689.000	0.000
1690.000	0.000
1691.000	0.000
1692.000	0.000
1693.000	0.000
1694.000	0.000
1695.000	0.000
1696.000	0.000
1697.000	0.000
1698.000	0.000
1699.000	0.000
1700.000	0.000
1701.000	0.000
1702.000	0.000
1703.000	0.000
1704.000	0.000
1705.000	0.000
1706.000	0.000
1707.000	0.000
1708.000	0.000
1709.000	0.000
1710.000	0.000
1711.000	0.000
1712.000	0.000
1713.000	0.000
1714.000	0.000
1715.000	0.000
1716.000	0.000
1717.000	0.000
1718.000	0.000
1719.000	0.000
1720.000	0.000
1721.000	0.000
1722.000	0.000
1723.000	0.000
1724.000	0.000
1725.000	0.000
1726.000	0.000
1727.000	0.000
1728.000	0.000
1729.000	0.000
1730.000	0.000
1731.000	0.000
1732.000	0.000
1733.000	0.000
1734.000	0.000
1735.000	0.000
1736.000	0.000
1737.000	0.000
1738.000	0.000
1739.000	0.000
1740.000	0.000
1741.000	0.000
1742.000	0.000
1743.000	0.000
1744.000	0.000
1745.000	0.000
1746.000	0.000
1747.000	0.000
1748.000	0.000
1749.000	0.000
1750.000	0.000
1751.000	0.000
1752.000	0.000
1753.000	0.000
1754.000	0.000
1755.000	0.000
1756.000	0.000
1757.000	0.000
1758.000	0.000
1759.000	0.000
1760.000	0.000
1761.000	0.000
1762.000	0.000
1763.000	0.000
1764.000	0.000
1765.000	0.000
1766.000	0.000
1767.000	0.000
1768.000	0.000
1769.000	0.000
1770.000	0.000
1771.000	0.000
1772.000	0.000
1773.000	0.000
1774.000	0.000
1775.000	0.000
1776.000	0.000
1777.000	0.000
1778.000	0.000
1779.000	0.000
1780.000	0.000
1781.000	0.000
1782.000	0.000
1783.000	0.000
1784.000	0.000
1785.000	0.000
1786.000	0.000
1787.000	0.000
1788.000	0.000
1789.000	0.000
1790.000	0.000
1791.000	0.000
1792.000	0.000
1793.000	0.000
1794.000	0.000
1795.000	0.000
1796.000	0.000
1797.000	0.000
1798.000	0.000
1799.000	0.000
1800.000	0.000
1801.000	0.000
1802.000	0.000
1803.000	0.000
1804.000	0.000
1805.000	0.000
1806.000	0.000
1807.000	0.000
1808.000	0.000
1809.000	0.000
1810.000	0.000
1811.000	0.000
1812.000	0.000
1813.000	0.000
1814.000	0.000
1815.000	0.000
1816.000	0.000
1817.000	0.000
1818.000	0.000
1819.000	0.000
1820.000	0.000
1821.000	0.000
1822.000	0.000
1823.000	0.000
1824.000	0.000
1825.000	0.000
1826.000	0.000
1827.000	0.000
1828.000	0.000
1829.000	0.000
1830.000	0.000
1831.000	0.000
1832.000	0.000
1833.000	0.000
1834.000	0.000
1835.000	0.000
1836.000	0.000
1837.000	0.000
1838.000	0.000
1839.000	0.000
1840.000	0.000
1841.000	0.000
1842.000	0.000
1843.000	0.000
1844.000	0.000
1845.000	0.000
1846.000	0.000
1847.000	0.000
1848.000	0.000
1849.000	0.000
1850.000	0.000
1851.000	0.000
1852.000	0.000
1853.000	0.000
1854.000	0.000
1855.000	0.000
1856.000	0.000
1857.000	0.000
1858.000	0.000
1859.000	0.000
1860.000	0.000
1861.000	0.000
1862.000	0.000
1863.000	0.000
1864.000	0.000
1865.000	0.000
1866.000	0.000
1867.000	0.000
1868.000	0.000
1869.000	0.000
1870.000	0.000
1871.000	0.000
1872.000	0.000
1873.000	0.000
1874.000	0.000
1875.000	0.000
1876.000	0.000
1877.000	0.000
1878.000	0.000
1879.000	0.000
1880.000	0.000
1881.000	0.000
1882.000	0.000
1883.000	0.000
1884.000	0.000
1885.000	0.000
1886.000	0.000
1887.000	0.000
1888.000	0.000
1889.000	0.000
1890.000	0.000
1891.000	0.000
1892.000	0.000
1893.000	0.000
1894.000	0.000
1895.000	0.000
1896.000	0.000
1897.000	0.000
1898.000	0.000
1899.000	0.000
1900.000	0.000
1901.000	0.000
1902.000	0.000
1903.000	0.000
1904.000	0.000
1905.000	0.000
1906.000	0.000
1907.000	0.000
1908.000	0.000
1909.000	0.000
1910.000	0.000
1911.000	0.000
1912.000	0.000
1913.000	0.000
1914.000	0.000
1915.000	0.000
1916.000	0.000
1917.000	0.000
1918.000	0.000
1919.000	0.000
1920.000	0.000
1921.000	0.000
1922.000	0.000
1923.000	0.000
1924.000	0.000
1925.000	0.000
1926.000	0.000
1927.000	0.000
1928.000	0.000
1929.000	0.000
1930.000	0.000
1931.000	0.000
1932.000	0.000
1933.000	0.000
1934.000	0.000
1935.000	0.000
1936.000	0.000
1937.000	0.000
1938.000	0.000
1939.000	0.000
1940.000	0.000
1941.000	0.000
1942.000	0.000
1943.000	0.000
1944.000	0.000
1945.000	0.000
1946.000	0.000
1947.000	0.000
1948.000	0.000
1949.000	0.000
1950.000	0.000
1951.000	0.000
1952.000	0.000
1953.000	0.000
1954.000	0.000
1955.000	0.000
1956.000	0.000
1957.000	0.000
1958.000	0.000
1959.000	0.000
1960.000	0.000
1961.000	0.000
1962.000	0.000
1963.000	0.000
1964.000	0.000
1965.000	0.000
1966.000	0.000
1967.000	0.000
1968.000	0.000
1969.000	0.000
1970.000	0.000
1971.000	0.000
1972.000	0.000
1973.000	0.000
1974.000	0.000
1975.000	0.000
1976.000	0.000
1977.000	0.000
1978.000	0.000
1979.000	0.000
1980.000	0.000
1981.000	0.000
1982.000	0.000
1983.000	0.000
1984.000	0.000
1985.000	0.000
1986.000	0.000
1987.000	0.000
1988.000	0.000
1989.000	0.000
1990.000	0.000
1991.000	0.000
1992.000	0.000
1993.000	0.000
1994.000	0.000
1995.000	0.000
1996.000	0.000
1997.000	0.000
1998.000	0.000
1999.000	0.000
2000.000	0.000
2001.000	0.000
2002.000	0.000
2003.000	0.000
2004.000	0.000
2005.000	0.000
2006.000	0.000
2007.000	0.000
2008.000	0.000
2009.000	0.000
2010.000	0.000
2011.000	0.000
2012.000	0.000
2013.000	0.000
2014.000	0.000
2015.000	0.000
2016.000	0.000
2017.000	0.000
2018.000	0.000
2019.000	0.000
2020.000	0.000
2021.000	0.000
2022.000	0.000
2023.000	0.000
2024.000	0.000
2025.000	0.000
2026.000	0.000
2027.000	0.000
2028.000	0.000
2029.000	0.000
2030.000	0.000
2031.000	0.000
2032.000	0.000
2033.000	0.000
2034.000	0.000
2035.000	0.000
2036.000	0.000
2037.000	0.000
2038.000	0.000
2039.000	0.000
2040.000	0.000
2041.000	0.000
2042.000	0.000
2043.000	0.000
2044.000	0.000
2045.000	0.000
2046.000	0.000
2047.000	0.000
2048.000	0.000
2049.000	0.000
2050.000	0.000
2051.000	0.000
2052.000	0.000
2053.000	0.000
2054.000	0.000
2055.000	0.000
2056.000	0.000
2057.000	0.000
2058.000	0.000
2059.000	0.000
2060.000	0.000
2061.000	0.000
2062.000	0.000
2063.000	0.000
2064.000	0.000
2065.000	0.000
2066.000	0.000
2067.000	0.000
2068.000	0.000
2069.000	0.000
2070.000	0.000
2071.000	0.000
2072.000	0.000
2073.000	0.000
2074.000	0.000
2075.000	0.000
2076.000	0.000
2077.000	0.000
2078.000	0.000
2079.000	0.000
2080.000	0.000
2081.000	0.000
2082.000	0.000
2083.000	0.000
2084.000	0.000
2085.000	0.000
2086.000	0.000
2087.000	0.000
2088.000	0.000
2089.000	0.000
2090.000	0.000
2091.000	0.000
2092.000	0.000
2093.000	0.000
2094.000	0.000
2095.000	0.000
2096.000	0.000
2097.000	0.000
2098.000	0.000
2099.000	0.000
2100.000	0.000
2101.000	0.000
2102.000	0.000
2103.000	0.000
2104.000	0.000
2105.000	0.000
2106.000	0.000
2107.000	0.000
2108.000	0.000
2109.000	0.000
2110.000	0.000
2111.000	0.000
2112.000	0.000
2113.000	0.000
2114.000	0.000
2115.000	0.000
2116.000	0.000
2117.000	0.000
2118.000	0.000
2119.000	0.000
2120.000	0.000
2121.000	0.000
2122.000	0.000
2123.000	0.000
2124.000	0.000
2125.000	0.000
2126.000	0.000
2127.000	0.000
2128.000	0.000
2129.000	0.000
2130.000	0.000
2131.000	0.000
2132.000	0.000
2133.000	0.000
2134.000	0.000
2135.000	0.000
2136.000	0.000
2137.000	0.000
2138.000	0.000
2139.000	0.000
2140.000	0.000
2141.000	0.000
2142.000	0.000
2143.000	0.000
2144.000	0.000
2145.000	0.000
2146.000	0.000
2147.000	0.000
2148.000	0.000
2149.000	0.000
2150.000	0.000
2151.000	0.000
2152.000	0.000
2153.000	0.000
2154.000	0.000
2155.000	0.000
2156.000	0.000
2157.000	0.000
2158.000	0.000
2159.000	0.000
2160.000	0.000
2161.000	0.000
2162.000	0.000
2163.000	0.000
2164.000	0.000
2165.000	0.000
2166.000	0.000
2167.000	0.000
2168.000	0.000
2169.000	0.000
2170.000	0.000
2171.000	0.000
2172.000	0.000
2173.000	0.000
2174.000	0.000
2175.000	0.000
2176.000	0.000
2177.000	0.000
2178.000	0.000
2179.000	0.000
2180.000	0.000
2181.000	0.000
2182.000	0.000
2183.000	0.000
2184.000	0.000
2185.000	0.000
2186.000	0.000
2187.000	0.000
2188.000	0.000
2189.000	0.000
2190.000	0.000
2191.000	0.000
2192.000	0.000
2193.000	0.000
2194.000	0.000
2195.000	0.000
2196.000	0.000
2197.000	0.000
2198.000	0.000
2199.000	0.000
2200.000	0.000
2201.000	0.000
2202.000	0.000
2203.000	0.000
2204.000	0.000
2205.000	0.000
2206.000	0.000
2207.000	0.000
2208.000	0.000
2209.000	0.000
2210.000	0.000
2211.000	0.000
2212.000	0.000
2213.000	0.000
2214.000	0.000
2215.000	0.000
2216.000	0.000
2217.000	0.000
2218.000	0.000
2219.000	0.000
2220.000	0.000
2221.000	0.000
2222.000	0.000
2223.000	0.000
2224.000	0.000
2225.000	0.000
2226.000	0.000
2227.000	0.000
2228.000	0.000
2229.000	0.000
2230.000	0.000
2231.000	0.000
2232.000	0.000
2233.000	0.000
2234.000	0.000
2235.000	0.000
2236.000	0.000
2237.000	0.000
2238.000	0.000
2239.000	0.000
2240.000	0.000
2241.000	0.000
2242.000	0.000
2243.000	0.000
2244.000	0.000
2245.000	0.000
2246.000	0.000
2247.000	0.000
2248.000	0.000
2249.000	0.000
2250.000	0.000
2251.000	0.000
2252.000	0.000
2253.000	0.000
2254.000	0.000
2255.000	0.000
2256.000	0.000
2257.000	0.000
2258.000	0.000
2259.000	0.000
2260.000	0.000
2261.000	0.000
2262.000	0.000
2263.000	0.000
2264.000	0.000
2265.000	0.000
2266.000	0.000
2267.000	0.000
2268.000	0.000
2269.000	0.000
2270.000	0.000
2271.000	0.000
2272.000	0.000
2273.000	0.000
2274.000	0.000
2275.000	0.000
2276.000	0.000
2277.000	0.000
2278.000	0.000
2279.000	0.000
2280.000	0.000
2281.000	0.000
2282.000	0.000
2283.000	0.000
2284.000	0.000
2285.000	0.000
2286.000	0.000
2287.000	0.000
2288.000	0.000
2289.000	0.000
2290.000	0.000
2291.000	0.000
2292.000	0.000
2293.000	0.000
2294.000	0.000
2295.000	0.000
2296.000	0.000
2297.000	0.000
2298.000	0.000
2299.000	0.000
2300.000	0.000
2301.000	0.000
2302.000	0.000
2303.000	0.000
2304.000	0.000
2305.000	0.000
2306.000	0.000
2307.000	0.000
2308.000	0.000
2309.000	0.000
2310.000	0.000
2311.000	0.000
2312.000	0.000
2313.000	0.000
2314.000	0.000
2315.000	0.000
2316.000	0.000
2317.000	0.000
2318.000	0.000
2319.000	0.000
2320.000	0.000
2321.000	0.000
2322.000	0.000
2323.000	0.000
2324.000	0.000
2325.000	0.000
2326.000	0.000
2327.000	0.000
2328.000	0.000
2329.000	0.000
2330.000	0.000
2331.000	0.000
2332.000	0.000
2333.000	0.000
2334.000	0.000
2335.000	0.000
2336.000	0.000
2337.000	0.000
2338.000	0.000
2339.000	0.000
2340.000	0.000
2341.000	0.000
2342.000	0.000
2343.000	0.000
2344.000	0.000
2345.000	0.000
2346.000	0.000
2347.000	0.000
2348.000	0.000
2349.000	0.000
2350.000	0.000
2351.000	0.000
2352.000	0.000
2353.000	0.000
2354.000	0.000
2355.000	0.000
2356.000	0.000
2357.000	0.000
2358.000	0.000
2359.000	0.000
2360.000	0.000
2361.000	0.000
2362.000	0.000
2363.000	0.000
2364.000	0.000
2365.000	0.000
2366.000	0.000
2367.000	0.000
2368.000	0.000
2369.000	0.000
2370.000	0.000
2371.000	0.000
2372.000	0.000
2373.000	0.000
2374.000	0.000
2375.000	0.000
2376.000	0.000
2377.000	0.000
2378.000	0.000
2379.000	0.000
2380.000	0.000
2381.000	0.000
2382.000	0.000
2383.000	0.000
2384.000	0.000
2385.000	0.000
2386.000	0.000
2387.000	0.000
2388.000	0.000
2389.000	0.000
2390.000	0.000
2391.000	0.000
2392.000	0.000
2393.000	0.000
2394.000	0.000
2395.000	0.000
2396.000	0.000
2397.000	0.000
2398.000	0.000
2399.000	0.000
2400.000	0.000
2401.000	0.000
2402.000	0.000
2403.000	0.000
2404.000	0.000
2405.000	0.000
2406.000	0.000
2407.000	0.000
2408.000	0.000
2409.000	0.000
2410.000	0.000
2411.000	0.000
2412.000	0.000
2413.000	0.000
2414.000	0.000
2415.000	0.000
2416.000	0.000
2417.000	0.000
2418.000	0.000
2419.000	0.000
2420.000	0.000
2421.000	0.000
2422.000	0.000
2423.000	0.000
2424.000	0.000
2425.000	0.000
2426.000	0.000
2427.000	0.000
2428.000	0.000
2429.000	0.000
2430.000	0.000
2431.000	0.000
2432.000	0.000
2433.000	0.000
2434.000	0.000
2435.000	0.000
2436.000	0.000
2437.000	0.000
2438.000	0.000
2439.000	0.000
2440.000	0.000
2441.000	0.000
2442.000	0.000
2443.000	0.000
2444.000	0.000
2445.000	0.000
2446.000	0.000
2447.000	0.000
2448.000	0.000
2449.000	0.000
2450.000	0.000
2451.000	0.000
2452.000	0.000
2453.000	0.000
2454.000	0.000
2455.000	0.000
2456.000	0.000
2457.000	0.000
2458.000	0.000
2459.000	0.000
2460.000	0.000
2461.000	0.000
2462.000	0.000
2463.000	0.000
2464.000	0.000
2465.000	0.000
2466.000	0.000
2467.000	0.000
2468.000	0.000
2469.000	0.000
2470.000	0.000
2471.000	0.000
2472.000	0.000
2473.000	0.000
2474.000	0.000
2475.000	0.000
2476.000	0.000
2477.000	0.000
2478.000	0.000
2479.000	0.000
2480.000	0.000
2481.000	0.000
2482.000	0.000
2483.000	0.000
2484.000	0.000
2485.000	0.000
2486.000	0.000
2487.000	0.000
2488.000	0.000
2489.000	0.000
2490.000	0.000
2491.000	0.000
2492.000	0.000
2493.000	0.000
2494.000	0.000
2495.000	0.000
2496.000	0.000
2497.000	0.000
2498.000	0.000
2499.000	0.000
2500.000	0.000
2501.000	0.000
2502.000	0.000
2503.000	0.000
2504.000	0.000
2505.000	0.000
2506.000	0.000
2507.000	0.000
2508.000	0.000
2509.000	0.000
2510.000	0.000
2511.000	0.000
2512.000	0.000
2513.000	0.000
2514.000	0.000
2515.000	0.000
2516.000	0.000
2517.000	0.000
2518.000	0.000
2519.000	0.000
2520.000	0.000
2521.000	0.000
2522.000	0.000
2523.000	0.000
2524.000	0.000
2525.000	0.000
2526.000	0.000
2527.000	0.000
2528.000	0.000
2529.000	0.000
2530.000	0.000
2531.000	0.000
2532.000	0.000
2533.000	0.000
2534.000	0.000
2535.000	0.000
2536.000	0.000
2537.000	0.000
2538.000	0.000
2539.000	0.000
2540.000	0.000
2541.000	0.000
2542.000	0.000
2543.000	0.000
2544.000	0.000
2545.000	0.000
2546.000	0.000
2547.000	0.000
2548.000	0.000
2549.000	0.000
2550.000	0.000
2551.000	0.000
2552.000	0.000
2553.000	0.000
2554.000	0.000
2555.000	0.000
2556.000	0.000
2557.000	0.000
2558.000	0.000
2559.000	0.000
2560.000	0.000
2561.000	0.000
2562.000	0.000
2563.000	0.000
2564.000	0.000
2565.000	0.000
2566.000	0.000
2567.000	0.000
2568.000	0.000
2569.000	0.000
2570.000	0.000
2571.000	0.000
2572.000	0.000
2573.000	0.000
2574.000	0.000
2575.000	0.000
2576.000	0.000
2577.000	0.000
2578.000	0.000
2579.000	0.000
2580.000	0.000
2581.000	0.000
2582.000	0.000
2583.000	0.000
2584.000	0.000
2585.000	0.000
2586.000	0.000
2587.000	0.000
2588.000	0.000
2589.000	0.000
2590.000	0.000
2591.000	0.000
2592.000	0.000
2593.000	0.000
2594.000	0.000
2595.000	0.000
2596.000	0.000
2597.000	0.000
2598.000	0.000
2599.000	0.000
2600.000	0.000
2601.000	0.000
2602.000	0.000
2603.000	0.000
2604.000	0.000
2605.000	0.000
2606.000	0.000
2607.000	0.000
2608.000	0.000
2609.000	0.000
2610.000	0.000
2611.000	0.000
2612.000	0.000
2613.000	0.000
2614.000	0.000
2615.000	0.000
2616.000	0.000
2617.000	0.000
2618.000	0.000
2619.000	0.000
2620.000	0.000
2621.000	0.000
2622.000	0.000
2623.000	0.000
2624.000	0.000
2625.000	0.000
2626.000	0.000
2627.000	0.000
2628.000	0.000
2629.000	0.000
2630.000	0.000
2631.000	0.000
2632.000	0.000
2633.000	0.000
2634.000	0.000
2635.000	0.000
2636.000	0.000
2637.000	0.000
2638.000	0.000
2639.000	0.000
2640.000	0.000
2641.000	0.000
2642.000	0.000
2643.000	0.000
2644.000	0.000
2645.000	0.000
2646.000	0.000
2647.000	0.000
2648.000	0.000
2649.000	0.000
2650.000	0.000
2651.000	0.000
2652.000	0.000
2653.000	0.000
2654.000	0.000
2655.000	0.000
2656.000	0.000
2657.000	0.000
2658.000	0.000
2659.000	0.000
2660.000	0.000
2661.000	0.000
2662.000	0.000
2663.000	0.000
2664.000	0.000
2665.000	0.000
2666.000	0.000
2667.000	0.000
2668.000	0.000
2669.000	0.000
2670.000	0.000
2671.000	0.000
2672.000	0.000
2673.000	0.000
2674.000	0.000
2675.000	0.000
2676.000	0.000
2677.000	0.000
2678.000	0.000
2679.000	0.000
2680.000	0.000
2681.000	0.000
2682.000	0.000
2683.000	0.000
2684.000	0.000
2685.000	0.000
2686.000	0.000
2687.000	0.000
2688.000	0.000
2689.000	0.000
2690.000	0.000
2691.000	0.000
2692.000	0.000
2693.000	0.000
2694.000	0.000
2695.000	0.000
2696.000	0.000
2697.000	0.000
2698.000	0.000
2699.000	0.000
2700.000	0.000
2701.000	0.000
2702.000	0.000
2703.000	0.000
2704.000	0.000
2705.000	0.000
2706.000	0.000
2707.000	0.000
2708.000	0.000
2709.000	0.000
2710.000	0.000
2711.000	0.000
2712.000	0.000
2713.000	0.000
2714.000	0.000
2715.000	0.000
2716.000	0.000
2717.000	0.000
2718.000	0.000
2719.000	0.000
2720.000	0.000
2721.000	0.000
2722.000	0.000
2723.000	0.000
2724.000	0.000
2725.000	0.000
2726.000	0.000
2727.000	0.000
2728.000	0.000
2729.000	0.000
2730.000	0.000
2731.000	0.000
2732.000	0.000
2733.000	0.000
2734.000	0.000
2735.000	0.000
2736.000	0.000
2737.000	0.000
2738.000	0.000
2739.000	0.000
2740.000	0.000
2741.000	0.000
2742.000	0.000
2743.000	0.000
2744.000	0.000
2745.000	0.000
2746.000	0.000
2747.000	0.000
2748.000	0.000
2749.000	0.000
2750.000	0.000
2751.000	0.000
2752.000	0.000
2753.000	0.000
2754.000	0.000
2755.000	0.000
2756.000	0.000
2757.000	0.000
2758.000	0.000
2759.000	0.000
2760.000	0.000
2761.000	0.000
2762.000	0.000
2763.000	0.000
2764.000	0.000
2765.000	0.000
2766.000	0.000
2767.000	0.000
2768.000	0.000
2769.000	0.000
2770.000	0.000
2771.000	0.000
2772.000	0.000
2773.000	0.000
2774.000	0.000
2775.000	0.000
2776.000	0.000
2777.000	0.000
2778.000	0.000
2779.000	0.000
2780.000	0.000
2781.000	0.000
2782.000	0.000
2783.000	0.000
2784.000	0.000
2785.000	0.000
2786.000	0.000
2787.000	0.000
2788.000	0.000
2789.000	0.000
2790.000	0.000
2791.000	0.000
2792.000	0.000
2793.000	0.000
2794.000	0.000
2795.000	0.000
2796.000	0.000
2797.000	0.000
2798.000	0.000
2799.000	0.000
2800.000	0.000
2801.000	0.000
2802.000	0.000
2803.000	0.000
2804.000	0.000
2805.000	0.000
2806.000	0.000
2807.000	0.000
2808.000	0.000
2809.000	0.000
2810.000	0.000
2811.000	0.000
2812.000	0.000
2813.000	0.000
2814.000	0.000
2815.000	0.000
2816.000	0.000
2817.000	0.000
2818.000	0.000
2819.000	0.000
2820.000	0.000
2821.000	0.000
2822.000	0.000
2823.000	0.000
2824.000	0.000
2825.000	0.000
2826.000	0.000
2827.000	0.000
2828.000	0.000
2829.000	0.000
2830.000	0.000
2831.000	0.000
2832.000	0.000
2833.000	0.000
2834.000	0.000
2835.000	0.000
2836.000	0.000
2837.000	0.000
2838.000	0.000
2839.000	0.000
2840.000	0.000
2841.000	0.000
2842.000	0.000
2843.000	0.000
2844.000	0.000
2845.000	0.000
2846.000	0.000
2847.000	0.000
2848.000	0.000
2849.000	0.000
2850.000	0.000
2851.000	0.000
2852.000	0.000
2853.000	0.000
2854.000	0.000
2855.000	0.000
2856.000	0.000
2857.000	0.000
2858.000	0.000
2859.000	0.000
2860.000	0.000
2861.000	0.000
2862.000	0.000
2863.000	0.000
2864.000	0.000
2865.000	0.000
2866.000	0.000
2867.000	0.000
2868.000	0.000
2869.000	0.000
2870.000	0.000
2871.000	0.000
2872.000	0.000
2873.000	0.000
2874.000	0.000
2875.000	0.000
2876.000	0.000
2877.000	0.000
2878.000	0.000
2879.000	0.000
2880.000	0.000
2881.000	0.000
2882.000	0.000
2883.000	0.000
2884.000	0.000
2885.000	0.000
2886.000	0.000
2887.000	0.000
2888.000	0.000
2889.000	0.000
2890.000	0.000
2891.000	0.000
2892.000	0.000
2893.000	0.000
2894.000	0.000
2895.000	0.000
2896.000	0.000
2897.000	0.000
2898.000	0.000
2899.000	0.000
2900.000	0.000
2901.000	0.000
2902.000	0.000
2903.000	0.000
2904.000	0.000
2905.000	0.000
2906.000	0.000
2907.000	0.000
2908.000	0.000
2909.000	0.000
2910.000	0.000
2911.000	0.000
2912.000	0.000
2913.000	0.000
2914.000	0.000
2915.000	0.000
2916.000	0.000
2917.000	0.000
2918.000	0.000
2919.000	0.000
2920.000	0.000
2921.000	0.000
2922.000	0.000
2923.000	0.000
2924.000	0.000
2925.000	0.000
2926.000	0.000
2927.000	0.000
2928.000	0.000
2929.000	0.000
2930.000	0.000
2931.000	0.000
2932.000	0.000
2933.000	0.000
2934.000	0.000
2935.000	0.000
2936.000	0.000
2937.000	0.000
2938.000	0.000
2939.000	0.000
2940.000	0.000
2941.000	0.000
2942.000	0.000
2943.000	0.000
2944.000	0.000
2945.000	0.000
2946.000	0.000
2947.000	0.000
2948.000	0.000
2949.000	0.000
2950.000	0.000
2951.000	0.000
2952.000	0.000
2953.000	0.000
2954.000	0.000
2955.000	0.000
2956.000	0.000
2957.000	0.000
2958.000	0.000
2959.000	0.000
2960.000	0.000
2961.000	0.000
2962.000	0.000
2963.000	0.000
2964.000	0.000
2965.000	0.000
2966.000	0.000
2967.000	0.000
2968.000	0.000
2969.000	0.000
2970.000	0.000
2971.000	0.000
2972.000	0.000
2973.000	0.000
2974.000	0.000
2975.000	0.000
2976.000	0.000
2977.000	0.000
2978.000	0.000
2979.000	0.000
2980.000	0.000
2981.000	0.000
2982.000	0.000
2983.000	0.000
2984.000	0.000
2985.000	0.000
2986.000	0.000
2987.000	0.000
2988.000	0.000
2989.000	0.000
2990.000	0.000
2991.000	0.000
2992.000	0.000
2993.000	0.000
2994.000	0.000
2995.000	0.000
2996.000	0.000
2997.000	0.000
2998.000	0.000
2999.000	0.000
3000.000	0.000
3001.000	0.000
3002.000	0.000
3003.000	0.000
3004.000	0.000
3005.000	0.000
3006.000	0.000
3007.000	0.000
3008.000	0.000
3009.000	0.000
3010.000	0.000
3011.000	0.000
3012.000	0.000
3013.000	0.000
3014.000	0.000
3015.000	0.000
3016.000	0.000
3017.000	0.000
3018.000	0.000
3019.000	0.000
3020.000	0.000
3021.000	0.000
3022.000	0.000
3023.000	0.000
3024.000	0.000
3025.000	0.000
3026.000	0.000
3027.000	0.000
3028.000	0.000
3029.000	0.000
3030.000	0.000
3031.000	0.000
3032.000	0.000
3033.000	0.000
3034.000	0.000
3035.000	0.000
3036.000	0.000
3037.000	0.000
3038.000	0.000
3039.000	0.000
3040.000	0.000
3041.000	0.000
3042.000	0.000
3043.000	0.000
3044.000	0.000
3045.000	0.000
3046.000	0.000
3047.000	0.000
3048.000	0.000
3049.000	0.000
3050.000	0.000
3051.000	0.000
3052.000	0.000
3053.000	0.000
3054.000	0.000
3055.000	0.000
3056.000	0.000
3057.000	0.000
3058.000	0.000
3059.000	0.000
3060.000	0.000
3061.000	0.000
3062.000	0.000
3063.000	0.000
3064.000	0.000
3065.000	0.000
3066.000	0.000
3067.000	0.000
3068.000	0.000
3069.000	0.000
3070.000	0.000
3071.000	0.000
3072.000	0.000
3073.000	0.000
3074.000	0.000
3075.000	0.000
3076.000	0.000
3077.000	0.000
3078.000	0.000
3079.000	0.000
3080.000	0.000
3081.000	0.000
3082.000	0.000
3083.000	0.000
3084.000	0.000
3085.000	0.000
3086.000	0.000
3087.000	0.000
3088.000	0.000
3089.000	0.000
3090.000	0.000
3091.000	0.000
3092.000	0.000
3093.000	0.000
3094.000	0.000
3095.000	0.000
3096.000	0.000
3097.000	0.000
3098.000	0.000
3099.000	0.000
3100.000	0.000
3101.000	0.000
3102.000	0.000
3103.000	0.000
3104.000	0.000
3105.000	0.000
3106.000	0.000
3107.000	0.000
3108.000	0.000
3109.000	0.000
3110.000	0.000
3111.000	0.000
3112.000	0.000
3113.000	0.000
3114.000	0.000
3115.000	0.000
3116.000	0.000
3117.000	0.000
3118.000	0.000
3119.000	0.000
3120.000	0.000
3121.000	0.000
3122.000	0.000
3123.000	0.000
3124.000	0.000
3125.000	0.000
3126.000	0.000
3127.000	0.000
3128.000	0.000
3129.000	0.000
3130.000	0.000
3131.000	0.000
3132.000	0.000
3133.000	0.000
3134.000	0.000
3135.000	0.000
3136.000	0.000
3137.000	0.000
3138.000	0.000
3139.000	0.000
3140.000	0.000
3141.000	0.000
3142.000	0.000
3143.000	0.000
3144.000	0.000
3145.000	0.000
3146.000	0.000
3147.000	0.000
3148.000	0.000
3149.000	0.000
3150.000	0.000
3151.000	0.000
3152.000	0.000
3153.000	0.000
3154.000	0.000
3155.000	0.000
3156.000	0.000
3157.000	0.000
3158.000	0.000
3159.000	0.000
3160.000	0.000
3161.000	0.000
3162.000	0.000
3163.000	0.000
3164.000	0.000
3165.000	0.000
3166.000	0.000
3167.000	0.000
3168.000	0.000
3169.000	0.000
3170.000	0.000
3171.000	0.000
3172.000	0.000
3173.000	0.000
3174.000	0.000
3175.000	0.000
3176.000	0.000
3177.000	0.000
3178.000	0.000
3179.000	0.000
3180.000	0.000
3181.000	0.000
3182.000	0.000
3183.000	0.000
3184.000	0.000
3185.000	0.000
3186.000	0.000
3187.000	0.000
3188.000	0.000
3189.000	0.000
3190.000	0.000
3191.000	0.000
3192.000	0.000
3193.000	0.000
3194.000	0.000
3195.000	0.000
3196.000	0.000
3197.000	0.000
3198.000	0.000
3199.000	0.000
3200.000	0.000
3201.000	0.000
3202.000	0.000
3203.000	0.000
3204.000	0.000
3205.000	0.000
3206.000	0.000
3207.000	0.000
3208.000	0.000
3209.000	0.000
3210.000	0.000
3211.000	0.000
3212.000	0.000
3213.000	0.000
3214.000	0.000
3215.000	0.000
3216.000	0.000
3217.000	0.000
3218.000	0.000
3219.000	0.000
3220.000	0.000
3221.000	0.000
3222.000	0.000
3223.000	0.000
3224.000	0.000
3225.000	0.000
3226.000	0.000
3227.000	0.000
3228.000	0.000
3229.000	0.000
3230.000	0.000
3231.000	0.000
3232.000	0.000
3233.000	0.000
3234.000	0.000
3235.000	0.000
3236.000	0.000
3237.000	0.000
3238.000	0.000
3239.000	0.000
3240.000	0.000
3241.000	0.000
3242.000	0.000
3243.000	0.000
3244.000	0.000
3245.000	0.000
3246.000	0.000
3247.000	0.000
3248.000	0.000
3249.000	0.000
3250.000	0.000
3251.000	0.000
3252.000	0.000
3253.000	0.000
3254.000	0.000
3255.000	0.000
3256.000	0.000
3257.000	0.000
3258.000	0.000
3259.000	0.000
3260.000	0.000
3261.000	0.000
3262.000	0.000
3263.000	0.000
3264.000	0.000
3265.000	0.000
3266.000	0.000
3267.000	0.000
3268.000	0.000
3269.000	0.000
3270.000	0.000
3271.000	0.000
3272.000	0.000
3273.000	0.000
3274.000	0.000
3275.000	0.000
3276.000	0.000
3277.000	0.000
3278.000	0.000
3279.000	0.000
3280.000	0.000
3281.000	0.000
3282.000	0.000
3283.000	0.000
3284.000	0.000
3285.000	0.000
3286.000	0.000
3287.000	0.000
3288.000	0.000
3289.000	0.000
3290.000	0.000
3291.000	0.000
3292.000	0.000
3293.000	0.000
3294.000	0.000
3295.000	0.000
3296.000	0.000
3297.000	0.000
3298.000	0.000
3299.000	0.000
3300.000	0.000
3301.000	0.000
3302.000	0.000
3303.000	0.000
3304.000	0.000
3305.000	0.000
3306.000	0.000
3307.000	0.000
3308.000	0.000
3309.000	0.000
3310.000	0.000
3311.000	0.000
3312.000	0.000
3313.000	0.000
3314.000	0.000
3315.000	0.000
3316.000	0.000
3317.000	0.000
3318.000	0.000
3319.000	0.000
3320.000	0.000
3321.000	0.000
3322.000	0.000
3323.000	0.000
3324.000	0.000
3325.000	0.000
3326.000	0.000
3327.000	0.000
3328.000	0.000
3329.000	0.000
3330.000	0.000
3331.000	0.000
3332.000	0.000
3333.000	0.000
3334.000	0.000
3335.000	0.000
3336.000	0.000
3337.000	0.000
3338.000	0.000
3339.000	0.000
3340.000	0.000
3341.000	0.000
3342.000	0.000
3343.000	0.000
3344.000	0.000
3345.000	0.000
3346.000	0.000
3347.000	0.000
3348.000	0.000
3349.000	0.000
3350.000	0.000
3351.000	0.000
3352.000	0.000
3353.000	0.000
3354.000	0.000
3355.000	0.000
3356.000	0.000
3357.000	0.000
3358.000	0.000
3359.000	0.000
3360.000	0.000
3361.000	0.000
3362.000	0.000
3363.000	0.000
3364.000	0.000
3365.000	0.000
3366.000	0.000
3367.000	0.000
3368.000	0.000
3369.000	0.000
3370.000	0.000
3371.000	0.000
3372.000	0.000
3373.000	0.000
3374.000	0.000
3375.000	0.000
3376.000	0.000
3377.000	0.000
3378.000	0.000
3379.000	0.000
3380.000	0.000
3381.000	0.000
3382.000	0.000
3383.000	0.000
3384.000	0.000
3385.000	0.000
3386.000	0.000
3387.000	0.000
3388.000	0.000
3389.000	0.000
3390.000	0.000
3391.000	0.000
3392.000	0.000
3393.000	0.000
3394.000	0.000
3395.000	0.000
3396.000	0.000
3397.000	0.000
3398.000	0.000
3399.000	0.000
3400.000	0.000
3401.000	0.000
3402.000	0.000
3403.000	0.000
3404.000	0.000
3405.000	0.000
3406.000	0.000
3407.000	0.000
3408.000	0.000
3409.000	0.000
3410.000	0.000
3411.000	0.000
3412.000	0.000
3413.000	0.000
3414.000	0.000
3415.000	0.000
3416.000	0.000
3417.000	0.000
3418.000	0.000
3419.000	0.000
3420.000	0.000
3421.000	0.000
3422.000	0.000
3423.000	0.000
3424.000	0.000
3425.000	0.000
3426.000	0.000
3427.000	0.000
3428.000	0.000
3429.000	0.000
3430.000	0.000
3431.000	0.000
3432.000	0.000
3433.000	0.000
3434.000	0.000
3435.000	0.000
3436.000	0.000
3437.000	0.000
3438.000	0.000
3439.000	0.000
3440.000	0.000
3441.000	0.000
3442.000	0.000
3443.000	0.000
3444.000	0.000
3445.000	0.000
3446.000	0.000
3447.000	0.000
3448.000	0.000
3449.000	0.000
3450.000	0.000
3451.000	0.000
3452.000	0.000
3453.000	0.000
3454.000	0.000
3455.000	0.000
3456.000	0.000
3457.000	0.000
3458.000	0.000
3459.000	0.000
3460.000	0.000
3461.000	0.000
3462.000	0.000
3463.000	0.000
3464.000	0.000
3465.000	0.000
3466.000	0.000
3467.000	0.000
3468.000	0.000
3469.000	0.000
3470.000	0.000
3471.000	0.000
3472.000	0.000
3473.000	0.000
3474.000	0.000
3475.000	0.000
3476.000	0.000
3477.000	0.000
3478.000	0.000
3479.000	0.000
3480.000	0.000
3481.000	0.000
3482.000	0.000
3483.000	0.000
3484.000	0.000
3485.000	0.000
3486.000	0.000
3487.000	0.000
3488.000	0.000
3489.000	0.000
3490.000	0.000
3491.000	0.000
3492.000	0.000
3493.000	0.000
3494.000	0.000
3495.000	0.000
3496.000	0.000
3497.000	0.000
3498.000	0.000
3499.000	0.000
3500.000	0.000
3501.000	0.000
3502.000	0.000
3503.000	0.000
3504.000	0.000
3505.000	0.000
3506.000	0.000
3507.000	0.000
3508.000	0.000
3509.000	0.000
3510.000	0.000
3511.000	0.000
3512.000	0.000
3513.000	0.000
3514.000	0.000
3515.000	0.000
3516.000	0.000
3517.000	0.000
3518.000	0.000
3519.000	0.000
3520.000	0.000
3521.000	0.000
3522.000	0.000
3523.000	0.000
3524.000	0.000
3525.000	0.000
3526.000	0.000
3527.000	0.000
3528.000	0.000
3529.000	0.000
3530.000	0.000
3531.000	0.000
3532.000	0.000
3533.000	0.000
3534.000	0.000
3535.000	0.000
3536.000	0.000
3537.000	0.000
3538.000	0.000
3539.000	0.000
3540.000	0.000
3541.000	0.000
3542.000	0.000
3543.000	0.000
3544.000	0.000
3545.000	0.000
3546.000	0.000
3547.000	0.000
3548.000	0.000
3549.000	0.000
3550.000	0.000
3551.000	0.000
3552.000	0.000
3553.000	0.000
3554.000	0.000
3555.000	0.000
3556.000	0.000
3557.000	0.000
3558.000	0.000
3559.000	0.000
3560.000	0.000
3561.000	0.000
3562.000	0.000
3563.000	0.000
3564.000	0.000
3565.000	0.000
3566.000	0.000
3567.000	0.000
3568.000	0.000
3569.000	0.000
3570.000	0.000
3571.000	0.000
3572.000	0.000
3573.000	0.000
3574.000	0.000
3575.000	0.000
3576.000	0.000
3577.000	0.000
3578.000	0.000
3579.000	0.000
3580.000	0.000
3581.000	0.000
3582.000	0.000
3583.000	0.000
3584.000	0.000
3585.000	0.000
3586.000	0.000
3587.000	0.000
3588.000	0.000
3589.000	0.000
3590.000	0.000
3591.000	0.000
3592.000	0.000
3593.000	0.000
3594.000	0.000
3595.000	0.000
3596.000	0.000
3597.000	0.000
3598.000	0.000
3599.000	0.000
3600.000	0.000
3601.000	0.000
3602.000	0.000
3603.000	0.000
3604.000	0.000
3605.000	0.000
3606.000	0.000
3607.000	0.000
3608.000	0.000
3609.000	0.000
3610.000	0.000
3611.000	0.000
3612.000	0.000
3613.000	0.000
3614.000	0.000
3615.000	0.000
3616.000	0.000
3617.000	0.000
3618.000	0.000
3619.000	0.000
3620.000	0.000
3621.000	0.000
3622.000	0.000
3623.000	0.000
3624.000	0.000
3625.000	0.000
3626.000	0.000
3627.000	0.000
3628.000	0.000
3629.000	0.000
3630.000	0.000
3631.000	0.000
3632.000	0.000
3633.000	0.000
3634.000	0.000
3635.000	0.000
3636.000	0.000
3637.000	0.000
3638.000	0.000
3639.000	0.000
3640.000	0.000
3641.000	0.000
3642.000	0.000
3643.000	0.000
3644.000	0.000
3645.000	0.000
3646.000	0.000
3647.000	0.000
3648.000	0.000
3649.000	0.000
3650.000	0.000
3651.000	0.000
3652.000	0.000
3653.000	0.000
3654.000	0.000
3655.000	0.000
3656.000	0.000
3657.000	0.000
3658.000	0.000
3659.000	0.000
3660.000	0.000
3661.000	0.000
3662.000	0.000
3663.000	0.000
3664.000	0.000
3665.000	0.000
3666.000	0.000
3667.000	0.000
3668.000	0.000
3669.000	0.000
3670.000	0.000
3671.000	0.000
3672.000	0.000
3673.000	0.000
3674.000	0.000
3675.000	0.000
3676.000	0.000
3677.000	0.000
3678.000	0.000
3679.000	0.000
3680.000	0.000
3681.000	0.000
3682.000	0.000
3683.000	0.000
3684.000	0.000
3685.000	0.000
3686.000	0.000
3687.000	0.000
3688.000	0.000
3689.000	0.000
3690.000	0.000
3691.000	0.000
3692.000	0.000
3693.000	0.000
3694.000	0.000
3695.000	0.000
3696.000	0.000
3697.000	0.000
3698.000	0.000
3699.000	0.000
3700.000	0.000
3701.000	0.000
3702.000	0.000
3703.000	0.000
3704.000	0.000
3705.000	0.000
3706.000	0.000
3707.000	0.000
3708.000	0.000
3709.000	0.000
3710.000	0.000
3711.000	0.000
3712.000	0.000
3713.000	0.000
3714.000	0.000
3715.000	0.000
3716.000	0.000
3717.000	0.000
3718.000	0.000
3719.000	0.000
3720.000	0.000
3721.000	0.000
3722.000	0.000
3723.000	0.000
3724.000	0.000
3725.000	0.000
3726.000	0.000
3727.000	0.000
3728.000	0.000
3729.000	0.000
3730.000	0.000
3731.000	0.000
3732.000	0.000
3733.000	0.000
3734.000	0.000
3735.000	0.000
3736.000	0.000
3737.000	0.000
3738.000	0.000
3739.000	0.000
3740.000	0.000
3741.000	0.000
3742.000	0.000
3743.000	0.000
3744.000	0.000
3745.000	0.000
3746.000	0.000
3747.000	0.000
3748.000	0.000
3749.000	0.000
3750.000	0.000
3751.000	0.000
3752.000	0.000
3753.000	0.000
3754.000	0.000
3755.000	0.000
3756.000	0.000
3757.000	0.000
3758.000	0.000
3759.000	0.000
3760.000	0.000
3761.000	0.000
3762.000	0.000
3763.000	0.000
3764.000	0.000
3765.000	0.000
3766.000	0.000
3767.000	0.000
3768.000	0.000
3769.000	0.000
3770.000	0.000
3771.000	0.000
3772.000	0.000
3773.000	0.000
3774.000	0.000
3775.000	0.000
3776.000	0.000
3777.000	0.000
3778.000	0.000
3779.000	0.000
3780.000	0.000
3781.000	0.000
3782.000	0.000
3783.000	0.000
3784.000	0.000
3785.000	0.000
3786.000	0.000
3787.000	0.000
3788.000	0.000
3789.000	0.000
3790.000	0.000
3791.000	0.000
3792.000	0.000
3793.000	0.000
3794.000	0.000
3795.000	0.000
3796.000	0.000
3797.000	0.000
3798.000	0.000
3799.000	0.000
3800.000	0.000
3801.000	0.000
3802.000	0.000
3803.000	0.000
3804.000	0.000
3805.000	0.000
3806.000	0.000
3807.000	0.000
3808.000	0.000
3809.000	0.000
3810.000	0.000
3811.000	0.000
3812.000	0.000
3813.000	0.000
3814.000	0.000
3815.000	0.000
3816.000	0.000
3817.000	0.000
3818.000	0.000
3819.000	0.000
3820.000	0.000
3821.000	0.000
3822.000	0.000
3823.000	0.000
3824.000	0.000
3825.000	0.000
3826.000	0.000
3827.000	0.000
3828.000	0.000
3829.000	0.000
3830.000	0.000
3831.000	0.000
3832.000	0.000
3833.000	0.000
3834.000	0.000
3835.000	0.000
3836.000	0.000
3837.000	0.000
3838.000	0.000
3839.000	0.000
3840.000	0.000
3841.000	0.000
3842.000	0.000
3843.000	0.000
3844.000	0.000
3845.000	0.000
3846.000	0.000
3847.000	0.000
3848.000	0.000
3849.000	0.000
3850.000	0.000
3851.000	0.000
3852.000	0.000
3853.000	0.000
3854.000	0.000
3855.000	0.000
3856.000	0.000
3857.000	0.000
3858.000	0.000
3859.000	0.000
3860.000	0.000
3861.000	0.000
3862.000	0.000
3863.000	0.000
3864.000	0.000
3865.000	0.000
3866.000	0.000
3867.000	0.000
3868.000	0.000
3869.000	0.000
3870.000	0.000
3871.000	0.000
3872.000	0.000
3873.000	0.000
3874.000	0.000
3875.000	0.000
3876.000	0.000
3877.000	0.000
3878.000	0.000
3879.000	0.000
3880.000	0.000
3881.000	0.000
3882.000	0.000
3883.000	0.000
3884.000	0.000
3885.000	0.000
3886.000	0.000
3887.000	0.000
3888.000	0.000
3889.000	0.000
3890.000	0.000
3891.000	0.000
3892.000	0.000
3893.000	0.000
3894.000	0.000
3895.000	0.000
3896.000	0.000
3897.000	0.000
3898.000	0.000
3899.000	0.000
3900.000	0.000
3901.000	0.000
3902.000	0.000
3903.000	0.000
3904.000	0.000
3905.000	0.000
3906.000	0.000
3907.000	0.000
3908.000	0.000
3909.000	0.000
3910.000	0.000
3911.000	0.000
3912.000	0.000
3913.000	0.000
3914.000	0.000
3915.000	0.000
3916.000	0.000
3917.000	0.000
3918.000	0.000
3919.000	0.000
3920.000	0.000
3921.000	0.000
3922.000	0.000
3923.000	0.000
3924.000	0.000
3925.000	0.000
3926.000	0.000
3927.000	0.000
3928.000	0.000
3929.000	0.000
3930.000	0.000
3931.000	0.000
3932.000	0.000
3933.000	0.000
3934.000	0.000
3935.000	0.000
3936.000	0.000
3937.000	0.000
3938.000	0.000
3939.000	0.000
3940.000	0.000
3941.000	0.000
3942.000	0.000
3943.000	0.000
3944.000	0.000
3945.000	0.000
3946.000	0.000
3947.000	0.000
3948.000	0.000
3949.000	0.000
3950.000	0.000
3951.000	0.000
3952.000	0.000
3953.000	0.000
3954.000	0.000
3955.000	0.000
3956.000	0.000
3957.000	0.000
3958.000	0.000
3959.000	0.000
3960.000	0.000
3961.000	0.000
3962.000	0.000
3963.000	0.000
3964.000	0.000
3965.000	0.000
3966.000	0.000
3967.000	0.000
3968.000	0.000
3969.000	0.000
3970.000	0.000
3971.000	0.000
3972.000	0.000
3973.000	0.000
3974.000	0.000
3975.000	0.000
3976.000	0.000
3977.000	0.000
3978.000	0.000
3979.000	0.000
3980.000	0.000
3981.000	0.000
3982.000	0.000
3983.000	0.000
3984.000	0.000
3985.000	0.000
3986.000	0.000
3987.000	0.000
3988.000	0.000
3989.000	0.000
3990.000	0.000
3991.000	0.000
3992.000	0.000
3993.000	0.000
3994.000	0.000
3995.000	0.000
3996.000	0.000
3997.000	0.000
3998.000	0.000
3999.000	0.000
4000.000	0.000
4001.000	0.000
4002.000	0.000
4003.000	0.000
4004.000	0.000
4005.000	0.000
4006.000	0.000
4007.000	0.000
4008.000	0.000
4009.000	0.000
4010.000	0.000
4011.000	0.000
4012.000	0.000
4013.000	0.000
4014.000	0.000
4015.000	0.000
4016.000	0.000
4017.000	0.000
4018.000	0.000
4019.000	0.000
4020.000	0.000
4021.000	0.000
4022.000	0.000
4023.000	0.000
4024.000	0.000
4025.000	0.000
4026.000	0.000
4027.000	0.000
4028.000	0.000
4029.000	0.000
4030.000	0.000
4031.000	0.000
4032.000	0.000
4033.000	0.000
4034.000	0.000
4035.000	0.000
4036.000	0.000
4037.000	0.000
4038.000	0.000
4039.000	0.000
4040.000	0.000
4041.000	0.000
4042.000	0.000
4043.000	0.000
4044.000	0.000
4045.000	0.000
4046.000	0.000
4047.000	0.000
4048.000	0.000
4049.000	0.000
4050.000	0.000
4051.000	0.000
4052.000	0.000
4053.000	0.000
4054.000	0.000
4055.000	0.000
4056.000	0.000
4057.000	0.000
4058.000	0.000
4059.000	0.000
4060.000	0.000
4061.000	0.000
4062.000	0.000
4063.000	0.000
4064.000	0.000
4065.000	0.000
4066.000	0.000
4067.000	0.000
4068.000	0.000
4069.000	0.000
4070.000	0.000
4071.000	0.000
4072.000	0.000
4073.000	0.000
4074.000	0.000
4075.000	0.000
4076.000	0.000
4077.000	0.000
4078.000	0.000
4079.000	0.000
4080.000	0.000
4081.000	0.000
4082.000	0.000
4083.000	0.000
4084.000	0.000
4085.000	0.000
4086.000	0.000
4087.000	0.000
4088.000	0.000
4089.000	0.000
4090.000	0.000
4091.000	0.000
4092.000	0.000
4093.000	0.000
4094.000	0.000
4095.000	0.000
