0.000	14.505
1.000	14.504
2.000	14.503
3.000	14.502
4.000	14.501
5.000	14.500
6.000	14.499
7.000	14.498
8.000	14.497
9.000	14.496
10.000	14.495
11.000	14.494
12.000	14.493
13.000	14.493
14.000	14.474
15.000	14.474
16.000	14.470
17.000	14.468
18.000	14.467
19.000	14.465
20.000	14.463
21.000	14.462
22.000	14.461
23.000	14.459
24.000	14.458
25.000	14.456
26.000	14.454
27.000	14.452
28.000	14.451
29.000	14.449
30.000	14.448
31.000	14.447
32.000	14.445
33.000	14.443
34.000	14.442
35.000	14.440
36.000	14.438
37.000	14.436
38.000	14.435
39.000	14.433
40.000	14.431
41.000	14.430
42.000	14.428
43.000	14.426
44.000	14.424
45.000	14.423
46.000	14.421
47.000	14.419
48.000	14.418
49.000	14.417
50.000	14.414
51.000	14.414
52.000	14.411
53.000	14.409
54.000	14.407
55.000	14.386
56.000	14.384
57.000	14.382
58.000	14.381
59.000	14.379
60.000	14.376
61.000	14.373
62.000	14.373
63.000	14.370
64.000	14.368
65.000	14.356
66.000	14.354
67.000	14.351
68.000	14.350
69.000	14.348
70.000	14.346
71.000	14.343
72.000	14.342
73.000	14.339
74.000	14.336
75.000	14.335
76.000	14.333
77.000	14.330
78.000	14.326
79.000	14.326
80.000	14.322
81.000	14.318
82.000	14.317
83.000	14.313
84.000	14.310
85.000	14.309
86.000	14.305
87.000	14.301
88.000	14.296
89.000	14.295
90.000	14.291
91.000	14.286
92.000	14.285
93.000	14.280
94.000	14.276
95.000	14.275
96.000	14.270
97.000	14.265
98.000	14.259
99.000	14.255
100.000	14.249
101.000	14.243
102.000	14.242
103.000	14.236
104.000	14.230
105.000	14.223
106.000	14.222
107.000	14.215
108.000	14.208
109.000	14.207
110.000	14.199
111.000	14.191
112.000	14.190
113.000	14.181
114.000	14.172
115.000	14.163
116.000	14.162
117.000	14.153
118.000	14.143
119.000	14.142
120.000	14.131
121.000	14.120
122.000	14.109
123.000	14.098
124.000	14.086
125.000	14.074
126.000	14.073
127.000	14.061
128.000	14.048
129.000	14.027
130.000	14.014
131.000	14.000
132.000	13.986
133.000	13.985
134.000	13.971
135.000	13.956
136.000	13.916
137.000	13.901
138.000	13.886
139.000	13.871
140.000	13.870
141.000	13.854
142.000	13.838
143.000	13.838
144.000	13.822
145.000	13.805
146.000	13.775
147.000	13.759
148.000	13.742
149.000	13.725
150.000	13.708
151.000	13.691
152.000	13.673
153.000	13.672
154.000	13.654
155.000	13.637
156.000	13.596
157.000	13.578
158.000	13.559
159.000	13.540
160.000	13.529
161.000	13.510
162.000	13.491
163.000	13.441
164.000	13.422
165.000	13.402
166.000	13.381
167.000	13.326
168.000	13.306
169.000	13.285
170.000	13.284
171.000	13.263
172.000	13.241
173.000	13.228
174.000	13.206
175.000	13.184
176.000	13.161
177.000	13.158
178.000	13.136
179.000	13.113
180.000	13.112
181.000	13.089
182.000	13.066
183.000	13.042
184.000	13.021
185.000	12.997
186.000	12.973
187.000	12.932
188.000	12.907
189.000	12.883
190.000	12.864
191.000	12.839
192.000	12.814
193.000	12.788
194.000	12.787
195.000	12.762
196.000	12.736
197.000	12.711
198.000	12.685
199.000	12.659
200.000	12.632
201.000	12.629
202.000	12.602
203.000	12.575
204.000	12.572
205.000	12.545
206.000	12.518
207.000	12.490
208.000	12.462
209.000	12.434
210.000	12.407
211.000	12.403
212.000	12.376
213.000	12.348
214.000	12.335
215.000	12.307
216.000	12.279
217.000	12.203
218.000	12.175
219.000	12.148
220.000	12.121
221.000	12.111
222.000	12.084
223.000	12.057
224.000	12.002
225.000	11.975
226.000	11.948
227.000	11.920
228.000	11.877
229.000	11.850
230.000	11.822
231.000	11.754
232.000	11.727
233.000	11.700
234.000	11.655
235.000	11.628
236.000	11.602
237.000	11.575
238.000	11.561
239.000	11.533
240.000	11.506
241.000	11.492
242.000	11.465
243.000	11.437
244.000	11.410
245.000	11.392
246.000	11.365
247.000	11.338
248.000	11.301
249.000	11.274
250.000	11.247
251.000	11.226
252.000	11.198
253.000	11.171
254.000	11.143
255.000	11.121
256.000	11.094
257.000	11.067
258.000	11.030
259.000	11.003
260.000	10.976
261.000	10.949
262.000	10.930
263.000	10.903
264.000	10.876
265.000	10.869
266.000	10.842
267.000	10.815
268.000	10.811
269.000	10.785
270.000	10.758
271.000	10.731
272.000	10.634
273.000	10.607
274.000	10.580
275.000	10.577
276.000	10.551
277.000	10.524
278.000	10.439
279.000	10.413
280.000	10.386
281.000	10.360
282.000	10.336
283.000	10.310
284.000	10.283
285.000	10.280
286.000	10.253
287.000	10.227
288.000	10.200
289.000	10.197
290.000	10.170
291.000	10.144
292.000	10.141
293.000	10.114
294.000	10.088
295.000	10.084
296.000	10.058
297.000	10.031
298.000	10.005
299.000	10.001
300.000	9.975
301.000	9.948
302.000	9.829
303.000	9.802
304.000	9.776
305.000	9.749
306.000	9.747
307.000	9.720
308.000	9.694
309.000	9.691
310.000	9.665
311.000	9.639
312.000	9.636
313.000	9.610
314.000	9.584
315.000	9.558
316.000	9.555
317.000	9.529
318.000	9.503
319.000	9.501
320.000	9.474
321.000	9.448
322.000	9.423
323.000	9.420
324.000	9.394
325.000	9.368
326.000	9.366
327.000	9.340
328.000	9.314
329.000	9.312
330.000	9.286
331.000	9.261
332.000	9.235
333.000	9.105
334.000	9.080
335.000	9.055
336.000	8.998
337.000	8.973
338.000	8.948
339.000	8.865
340.000	8.840
341.000	8.816
342.000	8.792
343.000	8.789
344.000	8.765
345.000	8.742
346.000	8.681
347.000	8.657
348.000	8.634
349.000	8.611
350.000	8.608
351.000	8.585
352.000	8.562
353.000	8.550
354.000	8.527
355.000	8.504
356.000	8.502
357.000	8.479
358.000	8.457
359.000	8.434
360.000	8.432
361.000	8.410
362.000	8.387
363.000	8.346
364.000	8.324
365.000	8.302
366.000	8.280
367.000	8.278
368.000	8.256
369.000	8.234
370.000	8.213
371.000	8.191
372.000	8.170
373.000	8.160
374.000	8.138
375.000	8.117
376.000	8.096
377.000	8.071
378.000	8.050
379.000	8.029
380.000	8.026
381.000	8.005
382.000	7.984
383.000	7.963
384.000	7.948
385.000	7.928
386.000	7.908
387.000	7.885
388.000	7.865
389.000	7.845
390.000	7.811
391.000	7.791
392.000	7.771
393.000	7.751
394.000	7.711
395.000	7.691
396.000	7.671
397.000	7.603
398.000	7.583
399.000	7.564
400.000	7.561
401.000	7.542
402.000	7.522
403.000	7.504
404.000	7.485
405.000	7.466
406.000	7.447
407.000	7.441
408.000	7.422
409.000	7.403
410.000	7.384
411.000	7.381
412.000	7.363
413.000	7.345
414.000	7.322
415.000	7.304
416.000	7.286
417.000	7.220
418.000	7.202
419.000	7.184
420.000	7.166
421.000	7.164
422.000	7.145
423.000	7.127
424.000	7.109
425.000	7.092
426.000	7.074
427.000	7.056
428.000	7.054
429.000	7.036
430.000	7.019
431.000	7.016
432.000	6.999
433.000	6.981
434.000	6.963
435.000	6.946
436.000	6.928
437.000	6.910
438.000	6.908
439.000	6.890
440.000	6.873
441.000	6.870
442.000	6.852
443.000	6.835
444.000	6.817
445.000	6.815
446.000	6.797
447.000	6.780
448.000	6.778
449.000	6.761
450.000	6.744
451.000	6.730
452.000	6.713
453.000	6.696
454.000	6.680
455.000	6.677
456.000	6.660
457.000	6.644
458.000	6.643
459.000	6.626
460.000	6.610
461.000	6.609
462.000	6.592
463.000	6.576
464.000	6.559
465.000	6.559
466.000	6.542
467.000	6.526
468.000	6.489
469.000	6.472
470.000	6.456
471.000	6.440
472.000	6.440
473.000	6.424
474.000	6.408
475.000	6.408
476.000	6.392
477.000	6.376
478.000	6.348
479.000	6.333
480.000	6.317
481.000	6.301
482.000	6.288
483.000	6.273
484.000	6.257
485.000	6.257
486.000	6.241
487.000	6.226
488.000	6.210
489.000	6.174
490.000	6.159
491.000	6.144
492.000	6.144
493.000	6.129
494.000	6.114
495.000	6.105
496.000	6.091
497.000	6.076
498.000	6.061
499.000	6.031
500.000	6.016
501.000	6.002
502.000	5.998
503.000	5.984
504.000	5.969
505.000	5.954
506.000	5.939
507.000	5.925
508.000	5.911
509.000	5.910
510.000	5.896
511.000	5.882
512.000	5.882
513.000	5.868
514.000	5.854
515.000	5.840
516.000	5.839
517.000	5.826
518.000	5.812
519.000	5.808
520.000	5.794
521.000	5.780
522.000	5.780
523.000	5.766
524.000	5.753
525.000	5.739
526.000	5.734
527.000	5.721
528.000	5.707
529.000	5.678
530.000	5.665
531.000	5.652
532.000	5.639
533.000	5.639
534.000	5.626
535.000	5.613
536.000	5.613
537.000	5.600
538.000	5.587
539.000	5.574
540.000	5.561
541.000	5.549
542.000	5.536
543.000	5.536
544.000	5.523
545.000	5.511
546.000	5.511
547.000	5.498
548.000	5.486
549.000	5.474
550.000	5.474
551.000	5.462
552.000	5.450
553.000	5.434
554.000	5.422
555.000	5.410
556.000	5.400
557.000	5.388
558.000	5.377
559.000	5.365
560.000	5.365
561.000	5.354
562.000	5.342
563.000	5.332
564.000	5.321
565.000	5.309
566.000	5.298
567.000	5.274
568.000	5.263
569.000	5.252
570.000	5.228
571.000	5.217
572.000	5.206
573.000	5.206
574.000	5.195
575.000	5.184
576.000	5.173
577.000	5.173
578.000	5.162
579.000	5.152
580.000	5.151
581.000	5.141
582.000	5.130
583.000	5.120
584.000	5.111
585.000	5.100
586.000	5.090
587.000	5.081
588.000	5.071
589.000	5.061
590.000	5.060
591.000	5.050
592.000	5.040
593.000	5.030
594.000	4.994
595.000	4.984
596.000	4.974
597.000	4.951
598.000	4.941
599.000	4.930
600.000	4.930
601.000	4.920
602.000	4.910
603.000	4.900
604.000	4.854
605.000	4.844
606.000	4.835
607.000	4.834
608.000	4.824
609.000	4.815
610.000	4.805
611.000	4.805
612.000	4.796
613.000	4.786
614.000	4.786
615.000	4.776
616.000	4.767
617.000	4.694
618.000	4.685
619.000	4.676
620.000	4.667
621.000	4.622
622.000	4.613
623.000	4.604
624.000	4.601
625.000	4.592
626.000	4.584
627.000	4.575
628.000	4.534
629.000	4.525
630.000	4.517
631.000	4.516
632.000	4.508
633.000	4.499
634.000	4.499
635.000	4.491
636.000	4.482
637.000	4.474
638.000	4.474
639.000	4.466
640.000	4.458
641.000	4.444
642.000	4.435
643.000	4.427
644.000	4.418
645.000	4.418
646.000	4.410
647.000	4.401
648.000	4.398
649.000	4.390
650.000	4.382
651.000	4.381
652.000	4.373
653.000	4.365
654.000	4.356
655.000	4.337
656.000	4.328
657.000	4.320
658.000	4.285
659.000	4.277
660.000	4.268
661.000	4.268
662.000	4.259
663.000	4.251
664.000	4.242
665.000	4.242
666.000	4.233
667.000	4.225
668.000	4.225
669.000	4.216
670.000	4.208
671.000	4.200
672.000	4.199
673.000	4.191
674.000	4.183
675.000	4.183
676.000	4.175
677.000	4.166
678.000	4.166
679.000	4.158
680.000	4.150
681.000	4.142
682.000	4.142
683.000	4.134
684.000	4.126
685.000	4.042
686.000	4.034
687.000	4.026
688.000	4.019
689.000	4.018
690.000	4.011
691.000	4.003
692.000	4.003
693.000	3.995
694.000	3.987
695.000	3.987
696.000	3.979
697.000	3.971
698.000	3.963
699.000	3.963
700.000	3.955
701.000	3.947
702.000	3.947
703.000	3.939
704.000	3.931
705.000	3.924
706.000	3.923
707.000	3.916
708.000	3.908
709.000	3.908
710.000	3.900
711.000	3.892
712.000	3.892
713.000	3.884
714.000	3.877
715.000	3.869
716.000	3.869
717.000	3.862
718.000	3.854
719.000	3.811
720.000	3.804
721.000	3.797
722.000	3.796
723.000	3.789
724.000	3.782
725.000	3.774
726.000	3.774
727.000	3.767
728.000	3.759
729.000	3.759
730.000	3.752
731.000	3.745
732.000	3.737
733.000	3.737
734.000	3.730
735.000	3.723
736.000	3.723
737.000	3.716
738.000	3.708
739.000	3.662
740.000	3.655
741.000	3.648
742.000	3.641
743.000	3.641
744.000	3.634
745.000	3.627
746.000	3.627
747.000	3.620
748.000	3.613
749.000	3.606
750.000	3.606
751.000	3.599
752.000	3.592
753.000	3.592
754.000	3.585
755.000	3.578
756.000	3.540
757.000	3.533
758.000	3.527
759.000	3.520
760.000	3.491
761.000	3.485
762.000	3.478
763.000	3.478
764.000	3.471
765.000	3.465
766.000	3.458
767.000	3.458
768.000	3.452
769.000	3.445
770.000	3.445
771.000	3.438
772.000	3.432
773.000	3.432
774.000	3.425
775.000	3.419
776.000	3.413
777.000	3.412
778.000	3.406
779.000	3.400
780.000	3.400
781.000	3.393
782.000	3.387
783.000	3.387
784.000	3.381
785.000	3.375
786.000	3.369
787.000	3.368
788.000	3.362
789.000	3.356
790.000	3.356
791.000	3.349
792.000	3.343
793.000	3.337
794.000	3.337
795.000	3.331
796.000	3.325
797.000	3.325
798.000	3.319
799.000	3.313
800.000	3.312
801.000	3.307
802.000	3.301
803.000	3.295
804.000	3.295
805.000	3.289
806.000	3.283
807.000	3.283
808.000	3.277
809.000	3.271
810.000	3.265
811.000	3.265
812.000	3.259
813.000	3.254
814.000	3.253
815.000	3.248
816.000	3.242
817.000	3.242
818.000	3.236
819.000	3.231
820.000	3.225
821.000	3.225
822.000	3.219
823.000	3.213
824.000	3.213
825.000	3.207
826.000	3.202
827.000	3.196
828.000	3.196
829.000	3.191
830.000	3.185
831.000	3.185
832.000	3.179
833.000	3.174
834.000	3.174
835.000	3.168
836.000	3.163
837.000	3.158
838.000	3.158
839.000	3.152
840.000	3.147
841.000	3.147
842.000	3.142
843.000	3.137
844.000	3.137
845.000	3.132
846.000	3.126
847.000	3.121
848.000	3.121
849.000	3.116
850.000	3.111
851.000	3.111
852.000	3.106
853.000	3.101
854.000	3.096
855.000	3.096
856.000	3.091
857.000	3.086
858.000	3.086
859.000	3.081
860.000	3.076
861.000	3.076
862.000	3.071
863.000	3.066
864.000	3.061
865.000	2.960
866.000	2.955
867.000	2.950
868.000	2.950
869.000	2.945
870.000	2.941
871.000	2.936
872.000	2.936
873.000	2.931
874.000	2.926
875.000	2.926
876.000	2.921
877.000	2.916
878.000	2.916
879.000	2.911
880.000	2.907
881.000	2.902
882.000	2.902
883.000	2.897
884.000	2.893
885.000	2.893
886.000	2.888
887.000	2.883
888.000	2.878
889.000	2.878
890.000	2.874
891.000	2.869
892.000	2.869
893.000	2.865
894.000	2.860
895.000	2.860
896.000	2.856
897.000	2.851
898.000	2.847
899.000	2.847
900.000	2.842
901.000	2.838
902.000	2.838
903.000	2.833
904.000	2.829
905.000	2.829
906.000	2.825
907.000	2.820
908.000	2.816
909.000	2.583
910.000	2.578
911.000	2.574
912.000	2.574
913.000	2.570
914.000	2.566
915.000	2.561
916.000	2.561
917.000	2.557
918.000	2.553
919.000	2.553
920.000	2.548
921.000	2.544
922.000	2.544
923.000	2.540
924.000	2.536
925.000	2.531
926.000	2.531
927.000	2.527
928.000	2.523
929.000	2.523
930.000	2.519
931.000	2.515
932.000	2.511
933.000	2.511
934.000	2.507
935.000	2.503
936.000	2.496
937.000	2.492
938.000	2.488
939.000	2.488
940.000	2.484
941.000	2.480
942.000	2.476
943.000	2.476
944.000	2.472
945.000	2.468
946.000	2.468
947.000	2.464
948.000	2.460
949.000	2.456
950.000	2.456
951.000	2.452
952.000	2.448
953.000	2.448
954.000	2.444
955.000	2.440
956.000	2.440
957.000	2.437
958.000	2.433
959.000	2.429
960.000	2.429
961.000	2.425
962.000	2.421
963.000	2.421
964.000	2.417
965.000	2.414
966.000	2.414
967.000	2.410
968.000	2.406
969.000	2.402
970.000	2.402
971.000	2.399
972.000	2.395
973.000	2.395
974.000	2.391
975.000	2.387
976.000	2.384
977.000	2.384
978.000	2.380
979.000	2.376
980.000	2.376
981.000	2.372
982.000	2.369
983.000	2.342
984.000	2.338
985.000	2.334
986.000	2.331
987.000	2.331
988.000	2.327
989.000	2.323
990.000	2.323
991.000	2.320
992.000	2.316
993.000	2.313
994.000	2.313
995.000	2.309
996.000	2.306
997.000	2.306
998.000	2.302
999.000	2.298
1000.000	2.289
1001.000	2.285
1002.000	2.282
1003.000	2.278
1004.000	2.278
1005.000	2.275
1006.000	2.271
1007.000	2.271
1008.000	2.268
1009.000	2.264
1010.000	2.260
1011.000	2.260
1012.000	2.257
1013.000	2.253
1014.000	2.253
1015.000	2.250
1016.000	2.246
1017.000	2.246
1018.000	2.243
1019.000	2.239
1020.000	2.236
1021.000	2.236
1022.000	2.233
1023.000	2.229
1024.000	2.229
1025.000	2.226
1026.000	2.223
1027.000	2.223
1028.000	2.219
1029.000	2.216
1030.000	2.213
1031.000	2.213
1032.000	2.209
1033.000	2.206
1034.000	2.206
1035.000	2.203
1036.000	2.199
1037.000	2.196
1038.000	2.196
1039.000	2.193
1040.000	2.189
1041.000	2.189
1042.000	2.186
1043.000	2.183
1044.000	2.183
1045.000	2.180
1046.000	2.176
1047.000	2.173
1048.000	2.173
1049.000	2.170
1050.000	2.166
1051.000	2.166
1052.000	2.163
1053.000	2.160
1054.000	2.156
1055.000	2.093
1056.000	2.090
1057.000	2.086
1058.000	2.086
1059.000	2.083
1060.000	2.080
1061.000	2.080
1062.000	2.077
1063.000	2.073
1064.000	2.070
1065.000	2.070
1066.000	2.066
1067.000	2.063
1068.000	2.063
1069.000	2.060
1070.000	2.057
1071.000	2.054
1072.000	2.038
1073.000	2.035
1074.000	2.031
1075.000	2.031
1076.000	2.028
1077.000	2.025
1078.000	2.025
1079.000	2.022
1080.000	2.019
1081.000	2.016
1082.000	2.016
1083.000	2.012
1084.000	2.009
1085.000	2.009
1086.000	2.006
1087.000	2.003
1088.000	2.003
1089.000	2.000
1090.000	1.997
1091.000	1.993
1092.000	1.993
1093.000	1.990
1094.000	1.987
1095.000	1.987
1096.000	1.984
1097.000	1.981
1098.000	1.978
1099.000	1.946
1100.000	1.943
1101.000	1.940
1102.000	1.940
1103.000	1.937
1104.000	1.933
1105.000	1.933
1106.000	1.930
1107.000	1.927
1108.000	1.924
1109.000	1.924
1110.000	1.921
1111.000	1.918
1112.000	1.918
1113.000	1.915
1114.000	1.912
1115.000	1.909
1116.000	1.909
1117.000	1.906
1118.000	1.902
1119.000	1.880
1120.000	1.877
1121.000	1.874
1122.000	1.874
1123.000	1.871
1124.000	1.869
1125.000	1.866
1126.000	1.866
1127.000	1.863
1128.000	1.861
1129.000	1.842
1130.000	1.840
1131.000	1.837
1132.000	1.834
1133.000	1.834
1134.000	1.832
1135.000	1.829
1136.000	1.829
1137.000	1.826
1138.000	1.824
1139.000	1.814
1140.000	1.811
1141.000	1.809
1142.000	1.806
1143.000	1.806
1144.000	1.803
1145.000	1.801
1146.000	1.801
1147.000	1.798
1148.000	1.795
1149.000	1.792
1150.000	1.792
1151.000	1.792
1152.000	1.792
1153.000	1.792
1154.000	1.792
1155.000	1.792
1156.000	1.783
1157.000	1.783
1158.000	1.783
1159.000	1.783
1160.000	1.783
1161.000	1.783
1162.000	1.783
1163.000	1.783
1164.000	1.783
1165.000	1.774
1166.000	1.774
1167.000	1.774
1168.000	1.774
1169.000	1.774
1170.000	1.774
1171.000	1.774
1172.000	1.774
1173.000	1.774
1174.000	1.774
1175.000	1.774
1176.000	1.774
1177.000	1.774
1178.000	1.774
1179.000	1.774
1180.000	1.774
1181.000	1.774
1182.000	1.774
1183.000	1.774
1184.000	1.774
1185.000	1.774
1186.000	1.774
1187.000	1.774
1188.000	1.774
1189.000	1.774
1190.000	1.774
1191.000	1.730
1192.000	1.730
1193.000	1.730
1194.000	1.730
1195.000	1.730
1196.000	1.730
1197.000	1.730
1198.000	1.700
1199.000	1.700
1200.000	1.700
1201.000	1.700
1202.000	1.700
1203.000	1.700
1204.000	1.672
1205.000	1.672
1206.000	1.672
1207.000	1.672
1208.000	1.672
1209.000	1.672
1210.000	1.672
1211.000	1.672
1212.000	1.672
1213.000	1.672
1214.000	1.672
1215.000	1.672
1216.000	1.669
1217.000	1.669
1218.000	1.669
1219.000	1.669
1220.000	1.669
1221.000	1.669
1222.000	1.669
1223.000	1.669
1224.000	1.668
1225.000	1.668
1226.000	1.668
1227.000	1.668
1228.000	1.627
1229.000	1.626
1230.000	1.626
1231.000	1.626
1232.000	1.613
1233.000	1.613
1234.000	1.613
1235.000	1.613
1236.000	1.613
1237.000	1.613
1238.000	1.613
1239.000	1.610
1240.000	1.600
1241.000	1.600
1242.000	1.600
1243.000	1.600
1244.000	1.600
1245.000	1.600
1246.000	1.600
1247.000	1.600
1248.000	1.600
1249.000	1.600
1250.000	1.600
1251.000	1.600
1252.000	1.600
1253.000	1.600
1254.000	1.600
1255.000	1.570
1256.000	1.570
1257.000	1.570
1258.000	1.570
1259.000	1.570
1260.000	1.568
1261.000	1.568
1262.000	1.556
1263.000	1.556
1264.000	1.556
1265.000	1.556
1266.000	1.556
1267.000	1.556
1268.000	1.556
1269.000	1.556
1270.000	1.556
1271.000	1.525
1272.000	1.525
1273.000	1.525
1274.000	1.525
1275.000	1.525
1276.000	1.525
1277.000	1.525
1278.000	1.525
1279.000	1.525
1280.000	1.525
1281.000	1.525
1282.000	1.525
1283.000	1.524
1284.000	1.517
1285.000	1.517
1286.000	1.517
1287.000	1.517
1288.000	1.517
1289.000	1.517
1290.000	1.517
1291.000	1.517
1292.000	1.516
1293.000	1.504
1294.000	1.504
1295.000	1.502
1296.000	1.502
1297.000	1.493
1298.000	1.493
1299.000	1.493
1300.000	1.491
1301.000	1.491
1302.000	1.491
1303.000	1.491
1304.000	1.491
1305.000	1.491
1306.000	1.491
1307.000	1.469
1308.000	1.469
1309.000	1.469
1310.000	1.469
1311.000	1.469
1312.000	1.469
1313.000	1.469
1314.000	1.469
1315.000	1.469
1316.000	1.469
1317.000	1.469
1318.000	1.469
1319.000	1.469
1320.000	1.469
1321.000	1.469
1322.000	1.469
1323.000	1.469
1324.000	1.469
1325.000	1.469
1326.000	1.469
1327.000	1.469
1328.000	1.469
1329.000	1.469
1330.000	1.469
1331.000	1.469
1332.000	1.469
1333.000	1.469
1334.000	1.469
1335.000	1.469
1336.000	1.469
1337.000	1.469
1338.000	1.427
1339.000	1.427
1340.000	1.427
1341.000	1.427
1342.000	1.425
1343.000	1.425
1344.000	1.425
1345.000	1.425
1346.000	1.424
1347.000	1.424
1348.000	1.424
1349.000	1.424
1350.000	1.424
1351.000	1.424
1352.000	1.424
1353.000	1.424
1354.000	1.419
1355.000	1.419
1356.000	1.419
1357.000	1.419
1358.000	1.419
1359.000	1.419
1360.000	1.419
1361.000	1.419
1362.000	1.419
1363.000	1.386
1364.000	1.386
1365.000	1.386
1366.000	1.386
1367.000	1.380
1368.000	1.380
1369.000	1.380
1370.000	1.380
1371.000	1.380
1372.000	1.380
1373.000	1.380
1374.000	1.380
1375.000	1.380
1376.000	1.380
1377.000	1.380
1378.000	1.380
1379.000	1.377
1380.000	1.377
1381.000	1.377
1382.000	1.377
1383.000	1.377
1384.000	1.377
1385.000	1.377
1386.000	1.377
1387.000	1.377
1388.000	1.377
1389.000	1.372
1390.000	1.372
1391.000	1.372
1392.000	1.372
1393.000	1.372
1394.000	1.372
1395.000	1.372
1396.000	1.372
1397.000	1.372
1398.000	1.372
1399.000	1.372
1400.000	1.372
1401.000	1.372
1402.000	1.372
1403.000	1.372
1404.000	1.372
1405.000	1.372
1406.000	1.345
1407.000	1.345
1408.000	1.345
1409.000	1.345
1410.000	1.345
1411.000	1.329
1412.000	1.329
1413.000	1.329
1414.000	1.329
1415.000	1.318
1416.000	1.318
1417.000	1.318
1418.000	1.318
1419.000	1.318
1420.000	1.318
1421.000	1.318
1422.000	1.303
1423.000	1.303
1424.000	1.303
1425.000	1.303
1426.000	1.303
1427.000	1.303
1428.000	1.285
1429.000	1.285
1430.000	1.285
1431.000	1.285
1432.000	1.285
1433.000	1.285
1434.000	1.285
1435.000	1.285
1436.000	1.285
1437.000	1.273
1438.000	1.273
1439.000	1.270
1440.000	1.270
1441.000	1.266
1442.000	1.266
1443.000	1.266
1444.000	1.266
1445.000	1.266
1446.000	1.266
1447.000	1.266
1448.000	1.266
1449.000	1.266
1450.000	1.266
1451.000	1.266
1452.000	1.260
1453.000	1.260
1454.000	1.260
1455.000	1.260
1456.000	1.260
1457.000	1.260
1458.000	1.260
1459.000	1.260
1460.000	1.260
1461.000	1.260
1462.000	1.260
1463.000	1.260
1464.000	1.260
1465.000	1.260
1466.000	1.260
1467.000	1.260
1468.000	1.260
1469.000	1.260
1470.000	1.260
1471.000	1.260
1472.000	1.260
1473.000	1.260
1474.000	1.260
1475.000	1.251
1476.000	1.251
1477.000	1.251
1478.000	1.251
1479.000	1.251
1480.000	1.251
1481.000	1.251
1482.000	1.251
1483.000	1.251
1484.000	1.251
1485.000	1.251
1486.000	1.234
1487.000	1.234
1488.000	1.234
1489.000	1.234
1490.000	1.234
1491.000	1.234
1492.000	1.211
1493.000	1.200
1494.000	1.200
1495.000	1.185
1496.000	1.184
1497.000	1.184
1498.000	1.184
1499.000	1.184
1500.000	1.184
1501.000	0.000
1502.000	0.000
1503.000	0.000
1504.000	0.000
1505.000	0.000
1506.000	0.000
1507.000	0.000
1508.000	0.000
1509.000	0.000
1510.000	0.000
1511.000	0.000
1512.000	0.000
1513.000	0.000
1514.000	0.000
1515.000	0.000
1516.000	0.000
1517.000	0.000
1518.000	0.000
1519.000	0.000
1520.000	0.000
1521.000	0.000
1522.000	0.000
1523.000	0.000
1524.000	0.000
1525.000	0.000
1526.000	0.000
1527.000	0.000
1528.000	0.000
1529.000	0.000
1530.000	0.000
1531.000	0.000
1532.000	0.000
1533.000	0.000
1534.000	0.000
1535.000	0.000
1536.000	0.000
1537.000	0.000
1538.000	0.000
1539.000	0.000
1540.000	0.000
1541.000	0.000
1542.000	0.000
1543.000	0.000
1544.000	0.000
1545.000	0.000
1546.000	0.000
1547.000	0.000
1548.000	0.000
1549.000	0.000
1550.000	0.000
1551.000	0.000
1552.000	0.000
1553.000	0.000
1554.000	0.000
1555.000	0.000
1556.000	0.000
1557.000	0.000
1558.000	0.000
1559.000	0.000
1560.000	0.000
1561.000	0.000
1562.000	0.000
1563.000	0.000
1564.000	0.000
1565.000	0.000
1566.000	0.000
1567.000	0.000
1568.000	0.000
1569.000	0.000
1570.000	0.000
1571.000	0.000
1572.000	0.000
1573.000	0.000
1574.000	0.000
1575.000	0.000
1576.000	0.000
1577.000	0.000
1578.000	0.000
1579.000	0.000
1580.000	0.000
1581.000	0.000
1582.000	0.000
1583.000	0.000
1584.000	0.000
1585.000	0.000
1586.000	0.000
1587.000	0.000
1588.000	0.000
1589.000	0.000
1590.000	0.000
1591.000	0.000
1592.000	0.000
1593.000	0.000
1594.000	0.000
1595.000	0.000
1596.000	0.000
1597.000	0.000
1598.000	0.000
1599.000	0.000
1600.000	0.000
1601.000	0.000
1602.000	0.000
1603.000	0.000
1604.000	0.000
1605.000	0.000
1606.000	0.000
1607.000	0.000
1608.000	0.000
1609.000	0.000
1610.000	0.000
1611.000	0.000
1612.000	0.000
1613.000	0.000
1614.000	0.000
1615.000	0.000
1616.000	0.000
1617.000	0.000
1618.000	0.000
1619.000	0.000
1620.000	0.000
1621.000	0.000
1622.000	0.000
1623.000	0.000
1624.000	0.000
1625.000	0.000
1626.000	0.000
1627.000	0.000
1628.000	0.000
1629.000	0.000
1630.000	0.000
1631.000	0.000
1632.000	0.000
1633.000	0.000
1634.000	0.000
1635.000	0.000
1636.000	0.000
1637.000	0.000
1638.000	0.000
1639.000	0.000
1640.000	0.000
1641.000	0.000
1642.000	0.000
1643.000	0.000
1644.000	0.000
1645.000	0.000
1646.000	0.000
1647.000	0.000
1648.000	0.000
1649.000	0.000
1650.000	0.000
1651.000	0.000
1652.000	0.000
1653.000	0.000
1654.000	0.000
1655.000	0.000
1656.000	0.000
1657.000	0.000
1658.000	0.000
1659.000	0.000
1660.000	0.000
1661.000	0.000
1662.000	0.000
1663.000	0.000
1664.000	0.000
1665.000	0.000
1666.000	0.000
1667.000	0.000
1668.000	0.000
1669.000	0.000
1670.000	0.000
1671.000	0.000
1672.000	0.000
1673.000	0.000
1674.000	0.000
1675.000	0.000
1676.000	0.000
1677.000	0.000
1678.000	0.000
1679.000	0.000
1680.000	0.000
1681.000	0.000
1682.000	0.000
1683.000	0.000
1684.000	0.000
1685.000	0.000
1686.000	0.000
1687.000	0.000
1688.000	0.000
1689.000	0.000
1690.000	0.000
1691.000	0.000
1692.000	0.000
1693.000	0.000
1694.000	0.000
1695.000	0.000
1696.000	0.000
1697.000	0.000
1698.000	0.000
1699.000	0.000
1700.000	0.000
1701.000	0.000
1702.000	0.000
1703.000	0.000
1704.000	0.000
1705.000	0.000
1706.000	0.000
1707.000	0.000
1708.000	0.000
1709.000	0.000
1710.000	0.000
1711.000	0.000
1712.000	0.000
1713.000	0.000
1714.000	0.000
1715.000	0.000
1716.000	0.000
1717.000	0.000
1718.000	0.000
1719.000	0.000
1720.000	0.000
1721.000	0.000
1722.000	0.000
1723.000	0.000
1724.000	0.000
1725.000	0.000
1726.000	0.000
1727.000	0.000
1728.000	0.000
1729.000	0.000
1730.000	0.000
1731.000	0.000
1732.000	0.000
1733.000	0.000
1734.000	0.000
1735.000	0.000
1736.000	0.000
1737.000	0.000
1738.000	0.000
1739.000	0.000
1740.000	0.000
1741.000	0.000
1742.000	0.000
1743.000	0.000
1744.000	0.000
1745.000	0.000
1746.000	0.000
1747.000	0.000
1748.000	0.000
1749.000	0.000
1750.000	0.000
1751.000	0.000
1752.000	0.000
1753.000	0.000
1754.000	0.000
1755.000	0.000
1756.000	0.000
1757.000	0.000
1758.000	0.000
1759.000	0.000
1760.000	0.000
1761.000	0.000
1762.000	0.000
1763.000	0.000
1764.000	0.000
1765.000	0.000
1766.000	0.000
1767.000	0.000
1768.000	0.000
1769.000	0.000
1770.000	0.000
1771.000	0.000
1772.000	0.000
1773.000	0.000
1774.000	0.000
1775.000	0.000
1776.000	0.000
1777.000	0.000
1778.000	0.000
1779.000	0.000
1780.000	0.000
1781.000	0.000
1782.000	0.000
1783.000	0.000
1784.000	0.000
1785.000	0.000
1786.000	0.000
1787.000	0.000
1788.000	0.000
1789.000	0.000
1790.000	0.000
1791.000	0.000
1792.000	0.000
1793.000	0.000
1794.000	0.000
1795.000	0.000
1796.000	0.000
1797.000	0.000
1798.000	0.000
1799.000	0.000
1800.000	0.000
1801.000	0.000
1802.000	0.000
1803.000	0.000
1804.000	0.000
1805.000	0.000
1806.000	0.000
1807.000	0.000
1808.000	0.000
1809.000	0.000
1810.000	0.000
1811.000	0.000
1812.000	0.000
1813.000	0.000
1814.000	0.000
1815.000	0.000
1816.000	0.000
1817.000	0.000
1818.000	0.000
1819.000	0.000
1820.000	0.000
1821.000	0.000
1822.000	0.000
1823.000	0.000
1824.000	0.000
1825.000	0.000
1826.000	0.000
1827.000	0.000
1828.000	0.000
1829.000	0.000
1830.000	0.000
1831.000	0.000
1832.000	0.000
1833.000	0.000
1834.000	0.000
1835.000	0.000
1836.000	0.000
1837.000	0.000
1838.000	0.000
1839.000	0.000
1840.000	0.000
1841.000	0.000
1842.000	0.000
1843.000	0.000
1844.000	0.000
1845.000	0.000
1846.000	0.000
1847.000	0.000
1848.000	0.000
1849.000	0.000
1850.000	0.000
1851.000	0.000
1852.000	0.000
1853.000	0.000
1854.000	0.000
1855.000	0.000
1856.000	0.000
1857.000	0.000
1858.000	0.000
1859.000	0.000
1860.000	0.000
1861.000	0.000
1862.000	0.000
1863.000	0.000
1864.000	0.000
1865.000	0.000
1866.000	0.000
1867.000	0.000
1868.000	0.000
1869.000	0.000
1870.000	0.000
1871.000	0.000
1872.000	0.000
1873.000	0.000
1874.000	0.000
1875.000	0.000
1876.000	0.000
1877.000	0.000
1878.000	0.000
1879.000	0.000
1880.000	0.000
1881.000	0.000
1882.000	0.000
1883.000	0.000
1884.000	0.000
1885.000	0.000
1886.000	0.000
1887.000	0.000
1888.000	0.000
1889.000	0.000
1890.000	0.000
1891.000	0.000
1892.000	0.000
1893.000	0.000
1894.000	0.000
1895.000	0.000
1896.000	0.000
1897.000	0.000
1898.000	0.000
1899.000	0.000
1900.000	0.000
1901.000	0.000
1902.000	0.000
1903.000	0.000
1904.000	0.000
1905.000	0.000
1906.000	0.000
1907.000	0.000
1908.000	0.000
1909.000	0.000
1910.000	0.000
1911.000	0.000
1912.000	0.000
1913.000	0.000
1914.000	0.000
1915.000	0.000
1916.000	0.000
1917.000	0.000
1918.000	0.000
1919.000	0.000
1920.000	0.000
1921.000	0.000
1922.000	0.000
1923.000	0.000
1924.000	0.000
1925.000	0.000
1926.000	0.000
1927.000	0.000
1928.000	0.000
1929.000	0.000
1930.000	0.000
1931.000	0.000
1932.000	0.000
1933.000	0.000
1934.000	0.000
1935.000	0.000
1936.000	0.000
1937.000	0.000
1938.000	0.000
1939.000	0.000
1940.000	0.000
1941.000	0.000
1942.000	0.000
1943.000	0.000
1944.000	0.000
1945.000	0.000
1946.000	0.000
1947.000	0.000
1948.000	0.000
1949.000	0.000
1950.000	0.000
1951.000	0.000
1952.000	0.000
1953.000	0.000
1954.000	0.000
1955.000	0.000
1956.000	0.000
1957.000	0.000
1958.000	0.000
1959.000	0.000
1960.000	0.000
1961.000	0.000
1962.000	0.000
1963.000	0.000
1964.000	0.000
1965.000	0.000
1966.000	0.000
1967.000	0.000
1968.000	0.000
1969.000	0.000
1970.000	0.000
1971.000	0.000
1972.000	0.000
1973.000	0.000
1974.000	0.000
1975.000	0.000
1976.000	0.000
1977.000	0.000
1978.000	0.000
1979.000	0.000
1980.000	0.000
1981.000	0.000
1982.000	0.000
1983.000	0.000
1984.000	0.000
1985.000	0.000
1986.000	0.000
1987.000	0.000
1988.000	0.000
1989.000	0.000
1990.000	0.000
1991.000	0.000
1992.000	0.000
1993.000	0.000
1994.000	0.000
1995.000	0.000
1996.000	0.000
1997.000	0.000
1998.000	0.000
1999.000	0.000
2000.000	0.000
2001.000	0.000
2002.000	0.000
2003.000	0.000
2004.000	0.000
2005.000	0.000
2006.000	0.000
2007.000	0.000
2008.000	0.000
2009.000	0.000
2010.000	0.000
2011.000	0.000
2012.000	0.000
2013.000	0.000
2014.000	0.000
2015.000	0.000
2016.000	0.000
2017.000	0.000
2018.000	0.000
2019.000	0.000
2020.000	0.000
2021.000	0.000
2022.000	0.000
2023.000	0.000
2024.000	0.000
2025.000	0.000
2026.000	0.000
2027.000	0.000
2028.000	0.000
2029.000	0.000
2030.000	0.000
2031.000	0.000
2032.000	0.000
2033.000	0.000
2034.000	0.000
2035.000	0.000
2036.000	0.000
2037.000	0.000
2038.000	0.000
2039.000	0.000
2040.000	0.000
2041.000	0.000
2042.000	0.000
2043.000	0.000
2044.000	0.000
2045.000	0.000
2046.000	0.000
2047.000	0.000
2048.000	0.000
2049.000	0.000
2050.000	0.000
2051.000	0.000
2052.000	0.000
2053.000	0.000
2054.000	0.000
2055.000	0.000
2056.000	0.000
2057.000	0.000
2058.000	0.000
2059.000	0.000
2060.000	0.000
2061.000	0.000
2062.000	0.000
2063.000	0.000
2064.000	0.000
2065.000	0.000
2066.000	0.000
2067.000	0.000
2068.000	0.000
2069.000	0.000
2070.000	0.000
2071.000	0.000
2072.000	0.000
2073.000	0.000
2074.000	0.000
2075.000	0.000
2076.000	0.000
2077.000	0.000
2078.000	0.000
2079.000	0.000
2080.000	0.000
2081.000	0.000
2082.000	0.000
2083.000	0.000
2084.000	0.000
2085.000	0.000
2086.000	0.000
2087.000	0.000
2088.000	0.000
2089.000	0.000
2090.000	0.000
2091.000	0.000
2092.000	0.000
2093.000	0.000
2094.000	0.000
2095.000	0.000
2096.000	0.000
2097.000	0.000
2098.000	0.000
2099.000	0.000
2100.000	0.000
2101.000	0.000
2102.000	0.000
2103.000	0.000
2104.000	0.000
2105.000	0.000
2106.000	0.000
2107.000	0.000
2108.000	0.000
2109.000	0.000
2110.000	0.000
2111.000	0.000
2112.000	0.000
2113.000	0.000
2114.000	0.000
2115.000	0.000
2116.000	0.000
2117.000	0.000
2118.000	0.000
2119.000	0.000
2120.000	0.000
2121.000	0.000
2122.000	0.000
2123.000	0.000
2124.000	0.000
2125.000	0.000
2126.000	0.000
2127.000	0.000
2128.000	0.000
2129.000	0.000
2130.000	0.000
2131.000	0.000
2132.000	0.000
2133.000	0.000
2134.000	0.000
2135.000	0.000
2136.000	0.000
2137.000	0.000
2138.000	0.000
2139.000	0.000
2140.000	0.000
2141.000	0.000
2142.000	0.000
2143.000	0.000
2144.000	0.000
2145.000	0.000
2146.000	0.000
2147.000	0.000
2148.000	0.000
2149.000	0.000
2150.000	0.000
2151.000	0.000
2152.000	0.000
2153.000	0.000
2154.000	0.000
2155.000	0.000
2156.000	0.000
2157.000	0.000
2158.000	0.000
2159.000	0.000
2160.000	0.000
2161.000	0.000
2162.000	0.000
2163.000	0.000
2164.000	0.000
2165.000	0.000
2166.000	0.000
2167.000	0.000
2168.000	0.000
2169.000	0.000
2170.000	0.000
2171.000	0.000
2172.000	0.000
2173.000	0.000
2174.000	0.000
2175.000	0.000
2176.000	0.000
2177.000	0.000
2178.000	0.000
2179.000	0.000
2180.000	0.000
2181.000	0.000
2182.000	0.000
2183.000	0.000
2184.000	0.000
2185.000	0.000
2186.000	0.000
2187.000	0.000
2188.000	0.000
2189.000	0.000
2190.000	0.000
2191.000	0.000
2192.000	0.000
2193.000	0.000
2194.000	0.000
2195.000	0.000
2196.000	0.000
2197.000	0.000
2198.000	0.000
2199.000	0.000
2200.000	0.000
2201.000	0.000
2202.000	0.000
2203.000	0.000
2204.000	0.000
2205.000	0.000
2206.000	0.000
2207.000	0.000
2208.000	0.000
2209.000	0.000
2210.000	0.000
2211.000	0.000
2212.000	0.000
2213.000	0.000
2214.000	0.000
2215.000	0.000
2216.000	0.000
2217.000	0.000
2218.000	0.000
2219.000	0.000
2220.000	0.000
2221.000	0.000
2222.000	0.000
2223.000	0.000
2224.000	0.000
2225.000	0.000
2226.000	0.000
2227.000	0.000
2228.000	0.000
2229.000	0.000
2230.000	0.000
2231.000	0.000
2232.000	0.000
2233.000	0.000
2234.000	0.000
2235.000	0.000
2236.000	0.000
2237.000	0.000
2238.000	0.000
2239.000	0.000
2240.000	0.000
2241.000	0.000
2242.000	0.000
2243.000	0.000
2244.000	0.000
2245.000	0.000
2246.000	0.000
2247.000	0.000
2248.000	0.000
2249.000	0.000
2250.000	0.000
2251.000	0.000
2252.000	0.000
2253.000	0.000
2254.000	0.000
2255.000	0.000
2256.000	0.000
2257.000	0.000
2258.000	0.000
2259.000	0.000
2260.000	0.000
2261.000	0.000
2262.000	0.000
2263.000	0.000
2264.000	0.000
2265.000	0.000
2266.000	0.000
2267.000	0.000
2268.000	0.000
2269.000	0.000
2270.000	0.000
2271.000	0.000
2272.000	0.000
2273.000	0.000
2274.000	0.000
2275.000	0.000
2276.000	0.000
2277.000	0.000
2278.000	0.000
2279.000	0.000
2280.000	0.000
2281.000	0.000
2282.000	0.000
2283.000	0.000
2284.000	0.000
2285.000	0.000
2286.000	0.000
2287.000	0.000
2288.000	0.000
2289.000	0.000
2290.000	0.000
2291.000	0.000
2292.000	0.000
2293.000	0.000
2294.000	0.000
2295.000	0.000
2296.000	0.000
2297.000	0.000
2298.000	0.000
2299.000	0.000
2300.000	0.000
2301.000	0.000
2302.000	0.000
2303.000	0.000
2304.000	0.000
2305.000	0.000
2306.000	0.000
2307.000	0.000
2308.000	0.000
2309.000	0.000
2310.000	0.000
2311.000	0.000
2312.000	0.000
2313.000	0.000
2314.000	0.000
2315.000	0.000
2316.000	0.000
2317.000	0.000
2318.000	0.000
2319.000	0.000
2320.000	0.000
2321.000	0.000
2322.000	0.000
2323.000	0.000
2324.000	0.000
2325.000	0.000
2326.000	0.000
2327.000	0.000
2328.000	0.000
2329.000	0.000
2330.000	0.000
2331.000	0.000
2332.000	0.000
2333.000	0.000
2334.000	0.000
2335.000	0.000
2336.000	0.000
2337.000	0.000
2338.000	0.000
2339.000	0.000
2340.000	0.000
2341.000	0.000
2342.000	0.000
2343.000	0.000
2344.000	0.000
2345.000	0.000
2346.000	0.000
2347.000	0.000
2348.000	0.000
2349.000	0.000
2350.000	0.000
2351.000	0.000
2352.000	0.000
2353.000	0.000
2354.000	0.000
2355.000	0.000
2356.000	0.000
2357.000	0.000
2358.000	0.000
2359.000	0.000
2360.000	0.000
2361.000	0.000
2362.000	0.000
2363.000	0.000
2364.000	0.000
2365.000	0.000
2366.000	0.000
2367.000	0.000
2368.000	0.000
2369.000	0.000
2370.000	0.000
2371.000	0.000
2372.000	0.000
2373.000	0.000
2374.000	0.000
2375.000	0.000
2376.000	0.000
2377.000	0.000
2378.000	0.000
2379.000	0.000
2380.000	0.000
2381.000	0.000
2382.000	0.000
2383.000	0.000
2384.000	0.000
2385.000	0.000
2386.000	0.000
2387.000	0.000
2388.000	0.000
2389.000	0.000
2390.000	0.000
2391.000	0.000
2392.000	0.000
2393.000	0.000
2394.000	0.000
2395.000	0.000
2396.000	0.000
2397.000	0.000
2398.000	0.000
2399.000	0.000
2400.000	0.000
2401.000	0.000
2402.000	0.000
2403.000	0.000
2404.000	0.000
2405.000	0.000
2406.000	0.000
2407.000	0.000
2408.000	0.000
2409.000	0.000
2410.000	0.000
2411.000	0.000
2412.000	0.000
2413.000	0.000
2414.000	0.000
2415.000	0.000
2416.000	0.000
2417.000	0.000
2418.000	0.000
2419.000	0.000
2420.000	0.000
2421.000	0.000
2422.000	0.000
2423.000	0.000
2424.000	0.000
2425.000	0.000
2426.000	0.000
2427.000	0.000
2428.000	0.000
2429.000	0.000
2430.000	0.000
2431.000	0.000
2432.000	0.000
2433.000	0.000
2434.000	0.000
2435.000	0.000
2436.000	0.000
2437.000	0.000
2438.000	0.000
2439.000	0.000
2440.000	0.000
2441.000	0.000
2442.000	0.000
2443.000	0.000
2444.000	0.000
2445.000	0.000
2446.000	0.000
2447.000	0.000
2448.000	0.000
2449.000	0.000
2450.000	0.000
2451.000	0.000
2452.000	0.000
2453.000	0.000
2454.000	0.000
2455.000	0.000
2456.000	0.000
2457.000	0.000
2458.000	0.000
2459.000	0.000
2460.000	0.000
2461.000	0.000
2462.000	0.000
2463.000	0.000
2464.000	0.000
2465.000	0.000
2466.000	0.000
2467.000	0.000
2468.000	0.000
2469.000	0.000
2470.000	0.000
2471.000	0.000
2472.000	0.000
2473.000	0.000
2474.000	0.000
2475.000	0.000
2476.000	0.000
2477.000	0.000
2478.000	0.000
2479.000	0.000
2480.000	0.000
2481.000	0.000
2482.000	0.000
2483.000	0.000
2484.000	0.000
2485.000	0.000
2486.000	0.000
2487.000	0.000
2488.000	0.000
2489.000	0.000
2490.000	0.000
2491.000	0.000
2492.000	0.000
2493.000	0.000
2494.000	0.000
2495.000	0.000
2496.000	0.000
2497.000	0.000
2498.000	0.000
2499.000	0.000
2500.000	0.000
2501.000	0.000
2502.000	0.000
2503.000	0.000
2504.000	0.000
2505.000	0.000
2506.000	0.000
2507.000	0.000
2508.000	0.000
2509.000	0.000
2510.000	0.000
2511.000	0.000
2512.000	0.000
2513.000	0.000
2514.000	0.000
2515.000	0.000
2516.000	0.000
2517.000	0.000
2518.000	0.000
2519.000	0.000
2520.000	0.000
2521.000	0.000
2522.000	0.000
2523.000	0.000
2524.000	0.000
2525.000	0.000
2526.000	0.000
2527.000	0.000
2528.000	0.000
2529.000	0.000
2530.000	0.000
2531.000	0.000
2532.000	0.000
2533.000	0.000
2534.000	0.000
2535.000	0.000
2536.000	0.000
2537.000	0.000
2538.000	0.000
2539.000	0.000
2540.000	0.000
2541.000	0.000
2542.000	0.000
2543.000	0.000
2544.000	0.000
2545.000	0.000
2546.000	0.000
2547.000	0.000
2548.000	0.000
2549.000	0.000
2550.000	0.000
2551.000	0.000
2552.000	0.000
2553.000	0.000
2554.000	0.000
2555.000	0.000
2556.000	0.000
2557.000	0.000
2558.000	0.000
2559.000	0.000
2560.000	0.000
2561.000	0.000
2562.000	0.000
2563.000	0.000
2564.000	0.000
2565.000	0.000
2566.000	0.000
2567.000	0.000
2568.000	0.000
2569.000	0.000
2570.000	0.000
2571.000	0.000
2572.000	0.000
2573.000	0.000
2574.000	0.000
2575.000	0.000
2576.000	0.000
2577.000	0.000
2578.000	0.000
2579.000	0.000
2580.000	0.000
2581.000	0.000
2582.000	0.000
2583.000	0.000
2584.000	0.000
2585.000	0.000
2586.000	0.000
2587.000	0.000
2588.000	0.000
2589.000	0.000
2590.000	0.000
2591.000	0.000
2592.000	0.000
2593.000	0.000
2594.000	0.000
2595.000	0.000
2596.000	0.000
2597.000	0.000
2598.000	0.000
2599.000	0.000
2600.000	0.000
2601.000	0.000
2602.000	0.000
2603.000	0.000
2604.000	0.000
2605.000	0.000
2606.000	0.000
2607.000	0.000
2608.000	0.000
2609.000	0.000
2610.000	0.000
2611.000	0.000
2612.000	0.000
2613.000	0.000
2614.000	0.000
2615.000	0.000
2616.000	0.000
2617.000	0.000
2618.000	0.000
2619.000	0.000
2620.000	0.000
2621.000	0.000
2622.000	0.000
2623.000	0.000
2624.000	0.000
2625.000	0.000
2626.000	0.000
2627.000	0.000
2628.000	0.000
2629.000	0.000
2630.000	0.000
2631.000	0.000
2632.000	0.000
2633.000	0.000
2634.000	0.000
2635.000	0.000
2636.000	0.000
2637.000	0.000
2638.000	0.000
2639.000	0.000
2640.000	0.000
2641.000	0.000
2642.000	0.000
2643.000	0.000
2644.000	0.000
2645.000	0.000
2646.000	0.000
2647.000	0.000
2648.000	0.000
2649.000	0.000
2650.000	0.000
2651.000	0.000
2652.000	0.000
2653.000	0.000
2654.000	0.000
2655.000	0.000
2656.000	0.000
2657.000	0.000
2658.000	0.000
2659.000	0.000
2660.000	0.000
2661.000	0.000
2662.000	0.000
2663.000	0.000
2664.000	0.000
2665.000	0.000
2666.000	0.000
2667.000	0.000
2668.000	0.000
2669.000	0.000
2670.000	0.000
2671.000	0.000
2672.000	0.000
2673.000	0.000
2674.000	0.000
2675.000	0.000
2676.000	0.000
2677.000	0.000
2678.000	0.000
2679.000	0.000
2680.000	0.000
2681.000	0.000
2682.000	0.000
2683.000	0.000
2684.000	0.000
2685.000	0.000
2686.000	0.000
2687.000	0.000
2688.000	0.000
2689.000	0.000
2690.000	0.000
2691.000	0.000
2692.000	0.000
2693.000	0.000
2694.000	0.000
2695.000	0.000
2696.000	0.000
2697.000	0.000
2698.000	0.000
2699.000	0.000
2700.000	0.000
2701.000	0.000
2702.000	0.000
2703.000	0.000
2704.000	0.000
2705.000	0.000
2706.000	0.000
2707.000	0.000
2708.000	0.000
2709.000	0.000
2710.000	0.000
2711.000	0.000
2712.000	0.000
2713.000	0.000
2714.000	0.000
2715.000	0.000
2716.000	0.000
2717.000	0.000
2718.000	0.000
2719.000	0.000
2720.000	0.000
2721.000	0.000
2722.000	0.000
2723.000	0.000
2724.000	0.000
2725.000	0.000
2726.000	0.000
2727.000	0.000
2728.000	0.000
2729.000	0.000
2730.000	0.000
2731.000	0.000
2732.000	0.000
2733.000	0.000
2734.000	0.000
2735.000	0.000
2736.000	0.000
2737.000	0.000
2738.000	0.000
2739.000	0.000
2740.000	0.000
2741.000	0.000
2742.000	0.000
2743.000	0.000
2744.000	0.000
2745.000	0.000
2746.000	0.000
2747.000	0.000
2748.000	0.000
2749.000	0.000
2750.000	0.000
2751.000	0.000
2752.000	0.000
2753.000	0.000
2754.000	0.000
2755.000	0.000
2756.000	0.000
2757.000	0.000
2758.000	0.000
2759.000	0.000
2760.000	0.000
2761.000	0.000
2762.000	0.000
2763.000	0.000
2764.000	0.000
2765.000	0.000
2766.000	0.000
2767.000	0.000
2768.000	0.000
2769.000	0.000
2770.000	0.000
2771.000	0.000
2772.000	0.000
2773.000	0.000
2774.000	0.000
2775.000	0.000
2776.000	0.000
2777.000	0.000
2778.000	0.000
2779.000	0.000
2780.000	0.000
2781.000	0.000
2782.000	0.000
2783.000	0.000
2784.000	0.000
2785.000	0.000
2786.000	0.000
2787.000	0.000
2788.000	0.000
2789.000	0.000
2790.000	0.000
2791.000	0.000
2792.000	0.000
2793.000	0.000
2794.000	0.000
2795.000	0.000
2796.000	0.000
2797.000	0.000
2798.000	0.000
2799.000	0.000
2800.000	0.000
2801.000	0.000
2802.000	0.000
2803.000	0.000
2804.000	0.000
2805.000	0.000
2806.000	0.000
2807.000	0.000
2808.000	0.000
2809.000	0.000
2810.000	0.000
2811.000	0.000
2812.000	0.000
2813.000	0.000
2814.000	0.000
2815.000	0.000
2816.000	0.000
2817.000	0.000
2818.000	0.000
2819.000	0.000
2820.000	0.000
2821.000	0.000
2822.000	0.000
2823.000	0.000
2824.000	0.000
2825.000	0.000
2826.000	0.000
2827.000	0.000
2828.000	0.000
2829.000	0.000
2830.000	0.000
2831.000	0.000
2832.000	0.000
2833.000	0.000
2834.000	0.000
2835.000	0.000
2836.000	0.000
2837.000	0.000
2838.000	0.000
2839.000	0.000
2840.000	0.000
2841.000	0.000
2842.000	0.000
2843.000	0.000
2844.000	0.000
2845.000	0.000
2846.000	0.000
2847.000	0.000
2848.000	0.000
2849.000	0.000
2850.000	0.000
2851.000	0.000
2852.000	0.000
2853.000	0.000
2854.000	0.000
2855.000	0.000
2856.000	0.000
2857.000	0.000
2858.000	0.000
2859.000	0.000
2860.000	0.000
2861.000	0.000
2862.000	0.000
2863.000	0.000
2864.000	0.000
2865.000	0.000
2866.000	0.000
2867.000	0.000
2868.000	0.000
2869.000	0.000
2870.000	0.000
2871.000	0.000
2872.000	0.000
2873.000	0.000
2874.000	0.000
2875.000	0.000
2876.000	0.000
2877.000	0.000
2878.000	0.000
2879.000	0.000
2880.000	0.000
2881.000	0.000
2882.000	0.000
2883.000	0.000
2884.000	0.000
2885.000	0.000
2886.000	0.000
2887.000	0.000
2888.000	0.000
2889.000	0.000
2890.000	0.000
2891.000	0.000
2892.000	0.000
2893.000	0.000
2894.000	0.000
2895.000	0.000
2896.000	0.000
2897.000	0.000
2898.000	0.000
2899.000	0.000
2900.000	0.000
2901.000	0.000
2902.000	0.000
2903.000	0.000
2904.000	0.000
2905.000	0.000
2906.000	0.000
2907.000	0.000
2908.000	0.000
2909.000	0.000
2910.000	0.000
2911.000	0.000
2912.000	0.000
2913.000	0.000
2914.000	0.000
2915.000	0.000
2916.000	0.000
2917.000	0.000
2918.000	0.000
2919.000	0.000
2920.000	0.000
2921.000	0.000
2922.000	0.000
2923.000	0.000
2924.000	0.000
2925.000	0.000
2926.000	0.000
2927.000	0.000
2928.000	0.000
2929.000	0.000
2930.000	0.000
2931.000	0.000
2932.000	0.000
2933.000	0.000
2934.000	0.000
2935.000	0.000
2936.000	0.000
2937.000	0.000
2938.000	0.000
2939.000	0.000
2940.000	0.000
2941.000	0.000
2942.000	0.000
2943.000	0.000
2944.000	0.000
2945.000	0.000
2946.000	0.000
2947.000	0.000
2948.000	0.000
2949.000	0.000
2950.000	0.000
2951.000	0.000
2952.000	0.000
2953.000	0.000
2954.000	0.000
2955.000	0.000
2956.000	0.000
2957.000	0.000
2958.000	0.000
2959.000	0.000
2960.000	0.000
2961.000	0.000
2962.000	0.000
2963.000	0.000
2964.000	0.000
2965.000	0.000
2966.000	0.000
2967.000	0.000
2968.000	0.000
2969.000	0.000
2970.000	0.000
2971.000	0.000
2972.000	0.000
2973.000	0.000
2974.000	0.000
2975.000	0.000
2976.000	0.000
2977.000	0.000
2978.000	0.000
2979.000	0.000
2980.000	0.000
2981.000	0.000
2982.000	0.000
2983.000	0.000
2984.000	0.000
2985.000	0.000
2986.000	0.000
2987.000	0.000
2988.000	0.000
2989.000	0.000
2990.000	0.000
2991.000	0.000
2992.000	0.000
2993.000	0.000
2994.000	0.000
2995.000	0.000
2996.000	0.000
2997.000	0.000
2998.000	0.000
2999.000	0.000
3000.000	0.000
3001.000	0.000
3002.000	0.000
3003.000	0.000
3004.000	0.000
3005.000	0.000
3006.000	0.000
3007.000	0.000
3008.000	0.000
3009.000	0.000
3010.000	0.000
3011.000	0.000
3012.000	0.000
3013.000	0.000
3014.000	0.000
3015.000	0.000
3016.000	0.000
3017.000	0.000
3018.000	0.000
3019.000	0.000
3020.000	0.000
3021.000	0.000
3022.000	0.000
3023.000	0.000
3024.000	0.000
3025.000	0.000
3026.000	0.000
3027.000	0.000
3028.000	0.000
3029.000	0.000
3030.000	0.000
3031.000	0.000
3032.000	0.000
3033.000	0.000
3034.000	0.000
3035.000	0.000
3036.000	0.000
3037.000	0.000
3038.000	0.000
3039.000	0.000
3040.000	0.000
3041.000	0.000
3042.000	0.000
3043.000	0.000
3044.000	0.000
3045.000	0.000
3046.000	0.000
3047.000	0.000
3048.000	0.000
3049.000	0.000
3050.000	0.000
3051.000	0.000
3052.000	0.000
3053.000	0.000
3054.000	0.000
3055.000	0.000
3056.000	0.000
3057.000	0.000
3058.000	0.000
3059.000	0.000
3060.000	0.000
3061.000	0.000
3062.000	0.000
3063.000	0.000
3064.000	0.000
3065.000	0.000
3066.000	0.000
3067.000	0.000
3068.000	0.000
3069.000	0.000
3070.000	0.000
3071.000	0.000
3072.000	0.000
3073.000	0.000
3074.000	0.000
3075.000	0.000
3076.000	0.000
3077.000	0.000
3078.000	0.000
3079.000	0.000
3080.000	0.000
3081.000	0.000
3082.000	0.000
3083.000	0.000
3084.000	0.000
3085.000	0.000
3086.000	0.000
3087.000	0.000
3088.000	0.000
3089.000	0.000
3090.000	0.000
3091.000	0.000
3092.000	0.000
3093.000	0.000
3094.000	0.000
3095.000	0.000
3096.000	0.000
3097.000	0.000
3098.000	0.000
3099.000	0.000
3100.000	0.000
3101.000	0.000
3102.000	0.000
3103.000	0.000
3104.000	0.000
3105.000	0.000
3106.000	0.000
3107.000	0.000
3108.000	0.000
3109.000	0.000
3110.000	0.000
3111.000	0.000
3112.000	0.000
3113.000	0.000
3114.000	0.000
3115.000	0.000
3116.000	0.000
3117.000	0.000
3118.000	0.000
3119.000	0.000
3120.000	0.000
3121.000	0.000
3122.000	0.000
3123.000	0.000
3124.000	0.000
3125.000	0.000
3126.000	0.000
3127.000	0.000
3128.000	0.000
3129.000	0.000
3130.000	0.000
3131.000	0.000
3132.000	0.000
3133.000	0.000
3134.000	0.000
3135.000	0.000
3136.000	0.000
3137.000	0.000
3138.000	0.000
3139.000	0.000
3140.000	0.000
3141.000	0.000
3142.000	0.000
3143.000	0.000
3144.000	0.000
3145.000	0.000
3146.000	0.000
3147.000	0.000
3148.000	0.000
3149.000	0.000
3150.000	0.000
3151.000	0.000
3152.000	0.000
3153.000	0.000
3154.000	0.000
3155.000	0.000
3156.000	0.000
3157.000	0.000
3158.000	0.000
3159.000	0.000
3160.000	0.000
3161.000	0.000
3162.000	0.000
3163.000	0.000
3164.000	0.000
3165.000	0.000
3166.000	0.000
3167.000	0.000
3168.000	0.000
3169.000	0.000
3170.000	0.000
3171.000	0.000
3172.000	0.000
3173.000	0.000
3174.000	0.000
3175.000	0.000
3176.000	0.000
3177.000	0.000
3178.000	0.000
3179.000	0.000
3180.000	0.000
3181.000	0.000
3182.000	0.000
3183.000	0.000
3184.000	0.000
3185.000	0.000
3186.000	0.000
3187.000	0.000
3188.000	0.000
3189.000	0.000
3190.000	0.000
3191.000	0.000
3192.000	0.000
3193.000	0.000
3194.000	0.000
3195.000	0.000
3196.000	0.000
3197.000	0.000
3198.000	0.000
3199.000	0.000
3200.000	0.000
3201.000	0.000
3202.000	0.000
3203.000	0.000
3204.000	0.000
3205.000	0.000
3206.000	0.000
3207.000	0.000
3208.000	0.000
3209.000	0.000
3210.000	0.000
3211.000	0.000
3212.000	0.000
3213.000	0.000
3214.000	0.000
3215.000	0.000
3216.000	0.000
3217.000	0.000
3218.000	0.000
3219.000	0.000
3220.000	0.000
3221.000	0.000
3222.000	0.000
3223.000	0.000
3224.000	0.000
3225.000	0.000
3226.000	0.000
3227.000	0.000
3228.000	0.000
3229.000	0.000
3230.000	0.000
3231.000	0.000
3232.000	0.000
3233.000	0.000
3234.000	0.000
3235.000	0.000
3236.000	0.000
3237.000	0.000
3238.000	0.000
3239.000	0.000
3240.000	0.000
3241.000	0.000
3242.000	0.000
3243.000	0.000
3244.000	0.000
3245.000	0.000
3246.000	0.000
3247.000	0.000
3248.000	0.000
3249.000	0.000
3250.000	0.000
3251.000	0.000
3252.000	0.000
3253.000	0.000
3254.000	0.000
3255.000	0.000
3256.000	0.000
3257.000	0.000
3258.000	0.000
3259.000	0.000
3260.000	0.000
3261.000	0.000
3262.000	0.000
3263.000	0.000
3264.000	0.000
3265.000	0.000
3266.000	0.000
3267.000	0.000
3268.000	0.000
3269.000	0.000
3270.000	0.000
3271.000	0.000
3272.000	0.000
3273.000	0.000
3274.000	0.000
3275.000	0.000
3276.000	0.000
3277.000	0.000
3278.000	0.000
3279.000	0.000
3280.000	0.000
3281.000	0.000
3282.000	0.000
3283.000	0.000
3284.000	0.000
3285.000	0.000
3286.000	0.000
3287.000	0.000
3288.000	0.000
3289.000	0.000
3290.000	0.000
3291.000	0.000
3292.000	0.000
3293.000	0.000
3294.000	0.000
3295.000	0.000
3296.000	0.000
3297.000	0.000
3298.000	0.000
3299.000	0.000
3300.000	0.000
3301.000	0.000
3302.000	0.000
3303.000	0.000
3304.000	0.000
3305.000	0.000
3306.000	0.000
3307.000	0.000
3308.000	0.000
3309.000	0.000
3310.000	0.000
3311.000	0.000
3312.000	0.000
3313.000	0.000
3314.000	0.000
3315.000	0.000
3316.000	0.000
3317.000	0.000
3318.000	0.000
3319.000	0.000
3320.000	0.000
3321.000	0.000
3322.000	0.000
3323.000	0.000
3324.000	0.000
3325.000	0.000
3326.000	0.000
3327.000	0.000
3328.000	0.000
3329.000	0.000
3330.000	0.000
3331.000	0.000
3332.000	0.000
3333.000	0.000
3334.000	0.000
3335.000	0.000
3336.000	0.000
3337.000	0.000
3338.000	0.000
3339.000	0.000
3340.000	0.000
3341.000	0.000
3342.000	0.000
3343.000	0.000
3344.000	0.000
3345.000	0.000
3346.000	0.000
3347.000	0.000
3348.000	0.000
3349.000	0.000
3350.000	0.000
3351.000	0.000
3352.000	0.000
3353.000	0.000
3354.000	0.000
3355.000	0.000
3356.000	0.000
3357.000	0.000
3358.000	0.000
3359.000	0.000
3360.000	0.000
3361.000	0.000
3362.000	0.000
3363.000	0.000
3364.000	0.000
3365.000	0.000
3366.000	0.000
3367.000	0.000
3368.000	0.000
3369.000	0.000
3370.000	0.000
3371.000	0.000
3372.000	0.000
3373.000	0.000
3374.000	0.000
3375.000	0.000
3376.000	0.000
3377.000	0.000
3378.000	0.000
3379.000	0.000
3380.000	0.000
3381.000	0.000
3382.000	0.000
3383.000	0.000
3384.000	0.000
3385.000	0.000
3386.000	0.000
3387.000	0.000
3388.000	0.000
3389.000	0.000
3390.000	0.000
3391.000	0.000
3392.000	0.000
3393.000	0.000
3394.000	0.000
3395.000	0.000
3396.000	0.000
3397.000	0.000
3398.000	0.000
3399.000	0.000
3400.000	0.000
3401.000	0.000
3402.000	0.000
3403.000	0.000
3404.000	0.000
3405.000	0.000
3406.000	0.000
3407.000	0.000
3408.000	0.000
3409.000	0.000
3410.000	0.000
3411.000	0.000
3412.000	0.000
3413.000	0.000
3414.000	0.000
3415.000	0.000
3416.000	0.000
3417.000	0.000
3418.000	0.000
3419.000	0.000
3420.000	0.000
3421.000	0.000
3422.000	0.000
3423.000	0.000
3424.000	0.000
3425.000	0.000
3426.000	0.000
3427.000	0.000
3428.000	0.000
3429.000	0.000
3430.000	0.000
3431.000	0.000
3432.000	0.000
3433.000	0.000
3434.000	0.000
3435.000	0.000
3436.000	0.000
3437.000	0.000
3438.000	0.000
3439.000	0.000
3440.000	0.000
3441.000	0.000
3442.000	0.000
3443.000	0.000
3444.000	0.000
3445.000	0.000
3446.000	0.000
3447.000	0.000
3448.000	0.000
3449.000	0.000
3450.000	0.000
3451.000	0.000
3452.000	0.000
3453.000	0.000
3454.000	0.000
3455.000	0.000
3456.000	0.000
3457.000	0.000
3458.000	0.000
3459.000	0.000
3460.000	0.000
3461.000	0.000
3462.000	0.000
3463.000	0.000
3464.000	0.000
3465.000	0.000
3466.000	0.000
3467.000	0.000
3468.000	0.000
3469.000	0.000
3470.000	0.000
3471.000	0.000
3472.000	0.000
3473.000	0.000
3474.000	0.000
3475.000	0.000
3476.000	0.000
3477.000	0.000
3478.000	0.000
3479.000	0.000
3480.000	0.000
3481.000	0.000
3482.000	0.000
3483.000	0.000
3484.000	0.000
3485.000	0.000
3486.000	0.000
3487.000	0.000
3488.000	0.000
3489.000	0.000
3490.000	0.000
3491.000	0.000
3492.000	0.000
3493.000	0.000
3494.000	0.000
3495.000	0.000
3496.000	0.000
3497.000	0.000
3498.000	0.000
3499.000	0.000
3500.000	0.000
3501.000	0.000
3502.000	0.000
3503.000	0.000
3504.000	0.000
3505.000	0.000
3506.000	0.000
3507.000	0.000
3508.000	0.000
3509.000	0.000
3510.000	0.000
3511.000	0.000
3512.000	0.000
3513.000	0.000
3514.000	0.000
3515.000	0.000
3516.000	0.000
3517.000	0.000
3518.000	0.000
3519.000	0.000
3520.000	0.000
3521.000	0.000
3522.000	0.000
3523.000	0.000
3524.000	0.000
3525.000	0.000
3526.000	0.000
3527.000	0.000
3528.000	0.000
3529.000	0.000
3530.000	0.000
3531.000	0.000
3532.000	0.000
3533.000	0.000
3534.000	0.000
3535.000	0.000
3536.000	0.000
3537.000	0.000
3538.000	0.000
3539.000	0.000
3540.000	0.000
3541.000	0.000
3542.000	0.000
3543.000	0.000
3544.000	0.000
3545.000	0.000
3546.000	0.000
3547.000	0.000
3548.000	0.000
3549.000	0.000
3550.000	0.000
3551.000	0.000
3552.000	0.000
3553.000	0.000
3554.000	0.000
3555.000	0.000
3556.000	0.000
3557.000	0.000
3558.000	0.000
3559.000	0.000
3560.000	0.000
3561.000	0.000
3562.000	0.000
3563.000	0.000
3564.000	0.000
3565.000	0.000
3566.000	0.000
3567.000	0.000
3568.000	0.000
3569.000	0.000
3570.000	0.000
3571.000	0.000
3572.000	0.000
3573.000	0.000
3574.000	0.000
3575.000	0.000
3576.000	0.000
3577.000	0.000
3578.000	0.000
3579.000	0.000
3580.000	0.000
3581.000	0.000
3582.000	0.000
3583.000	0.000
3584.000	0.000
3585.000	0.000
3586.000	0.000
3587.000	0.000
3588.000	0.000
3589.000	0.000
3590.000	0.000
3591.000	0.000
3592.000	0.000
3593.000	0.000
3594.000	0.000
3595.000	0.000
3596.000	0.000
3597.000	0.000
3598.000	0.000
3599.000	0.000
3600.000	0.000
3601.000	0.000
3602.000	0.000
3603.000	0.000
3604.000	0.000
3605.000	0.000
3606.000	0.000
3607.000	0.000
3608.000	0.000
3609.000	0.000
3610.000	0.000
3611.000	0.000
3612.000	0.000
3613.000	0.000
3614.000	0.000
3615.000	0.000
3616.000	0.000
3617.000	0.000
3618.000	0.000
3619.000	0.000
3620.000	0.000
3621.000	0.000
3622.000	0.000
3623.000	0.000
3624.000	0.000
3625.000	0.000
3626.000	0.000
3627.000	0.000
3628.000	0.000
3629.000	0.000
3630.000	0.000
3631.000	0.000
3632.000	0.000
3633.000	0.000
3634.000	0.000
3635.000	0.000
3636.000	0.000
3637.000	0.000
3638.000	0.000
3639.000	0.000
3640.000	0.000
3641.000	0.000
3642.000	0.000
3643.000	0.000
3644.000	0.000
3645.000	0.000
3646.000	0.000
3647.000	0.000
3648.000	0.000
3649.000	0.000
3650.000	0.000
3651.000	0.000
3652.000	0.000
3653.000	0.000
3654.000	0.000
3655.000	0.000
3656.000	0.000
3657.000	0.000
3658.000	0.000
3659.000	0.000
3660.000	0.000
3661.000	0.000
3662.000	0.000
3663.000	0.000
3664.000	0.000
3665.000	0.000
3666.000	0.000
3667.000	0.000
3668.000	0.000
3669.000	0.000
3670.000	0.000
3671.000	0.000
3672.000	0.000
3673.000	0.000
3674.000	0.000
3675.000	0.000
3676.000	0.000
3677.000	0.000
3678.000	0.000
3679.000	0.000
3680.000	0.000
3681.000	0.000
3682.000	0.000
3683.000	0.000
3684.000	0.000
3685.000	0.000
3686.000	0.000
3687.000	0.000
3688.000	0.000
3689.000	0.000
3690.000	0.000
3691.000	0.000
3692.000	0.000
3693.000	0.000
3694.000	0.000
3695.000	0.000
3696.000	0.000
3697.000	0.000
3698.000	0.000
3699.000	0.000
3700.000	0.000
3701.000	0.000
3702.000	0.000
3703.000	0.000
3704.000	0.000
3705.000	0.000
3706.000	0.000
3707.000	0.000
3708.000	0.000
3709.000	0.000
3710.000	0.000
3711.000	0.000
3712.000	0.000
3713.000	0.000
3714.000	0.000
3715.000	0.000
3716.000	0.000
3717.000	0.000
3718.000	0.000
3719.000	0.000
3720.000	0.000
3721.000	0.000
3722.000	0.000
3723.000	0.000
3724.000	0.000
3725.000	0.000
3726.000	0.000
3727.000	0.000
3728.000	0.000
3729.000	0.000
3730.000	0.000
3731.000	0.000
3732.000	0.000
3733.000	0.000
3734.000	0.000
3735.000	0.000
3736.000	0.000
3737.000	0.000
3738.000	0.000
3739.000	0.000
3740.000	0.000
3741.000	0.000
3742.000	0.000
3743.000	0.000
3744.000	0.000
3745.000	0.000
3746.000	0.000
3747.000	0.000
3748.000	0.000
3749.000	0.000
3750.000	0.000
3751.000	0.000
3752.000	0.000
3753.000	0.000
3754.000	0.000
3755.000	0.000
3756.000	0.000
3757.000	0.000
3758.000	0.000
3759.000	0.000
3760.000	0.000
3761.000	0.000
3762.000	0.000
3763.000	0.000
3764.000	0.000
3765.000	0.000
3766.000	0.000
3767.000	0.000
3768.000	0.000
3769.000	0.000
3770.000	0.000
3771.000	0.000
3772.000	0.000
3773.000	0.000
3774.000	0.000
3775.000	0.000
3776.000	0.000
3777.000	0.000
3778.000	0.000
3779.000	0.000
3780.000	0.000
3781.000	0.000
3782.000	0.000
3783.000	0.000
3784.000	0.000
3785.000	0.000
3786.000	0.000
3787.000	0.000
3788.000	0.000
3789.000	0.000
3790.000	0.000
3791.000	0.000
3792.000	0.000
3793.000	0.000
3794.000	0.000
3795.000	0.000
3796.000	0.000
3797.000	0.000
3798.000	0.000
3799.000	0.000
3800.000	0.000
3801.000	0.000
3802.000	0.000
3803.000	0.000
3804.000	0.000
3805.000	0.000
3806.000	0.000
3807.000	0.000
3808.000	0.000
3809.000	0.000
3810.000	0.000
3811.000	0.000
3812.000	0.000
3813.000	0.000
3814.000	0.000
3815.000	0.000
3816.000	0.000
3817.000	0.000
3818.000	0.000
3819.000	0.000
3820.000	0.000
3821.000	0.000
3822.000	0.000
3823.000	0.000
3824.000	0.000
3825.000	0.000
3826.000	0.000
3827.000	0.000
3828.000	0.000
3829.000	0.000
3830.000	0.000
3831.000	0.000
3832.000	0.000
3833.000	0.000
3834.000	0.000
3835.000	0.000
3836.000	0.000
3837.000	0.000
3838.000	0.000
3839.000	0.000
3840.000	0.000
3841.000	0.000
3842.000	0.000
3843.000	0.000
3844.000	0.000
3845.000	0.000
3846.000	0.000
3847.000	0.000
3848.000	0.000
3849.000	0.000
3850.000	0.000
3851.000	0.000
3852.000	0.000
3853.000	0.000
3854.000	0.000
3855.000	0.000
3856.000	0.000
3857.000	0.000
3858.000	0.000
3859.000	0.000
3860.000	0.000
3861.000	0.000
3862.000	0.000
3863.000	0.000
3864.000	0.000
3865.000	0.000
3866.000	0.000
3867.000	0.000
3868.000	0.000
3869.000	0.000
3870.000	0.000
3871.000	0.000
3872.000	0.000
3873.000	0.000
3874.000	0.000
3875.000	0.000
3876.000	0.000
3877.000	0.000
3878.000	0.000
3879.000	0.000
3880.000	0.000
3881.000	0.000
3882.000	0.000
3883.000	0.000
3884.000	0.000
3885.000	0.000
3886.000	0.000
3887.000	0.000
3888.000	0.000
3889.000	0.000
3890.000	0.000
3891.000	0.000
3892.000	0.000
3893.000	0.000
3894.000	0.000
3895.000	0.000
3896.000	0.000
3897.000	0.000
3898.000	0.000
3899.000	0.000
3900.000	0.000
3901.000	0.000
3902.000	0.000
3903.000	0.000
3904.000	0.000
3905.000	0.000
3906.000	0.000
3907.000	0.000
3908.000	0.000
3909.000	0.000
3910.000	0.000
3911.000	0.000
3912.000	0.000
3913.000	0.000
3914.000	0.000
3915.000	0.000
3916.000	0.000
3917.000	0.000
3918.000	0.000
3919.000	0.000
3920.000	0.000
3921.000	0.000
3922.000	0.000
3923.000	0.000
3924.000	0.000
3925.000	0.000
3926.000	0.000
3927.000	0.000
3928.000	0.000
3929.000	0.000
3930.000	0.000
3931.000	0.000
3932.000	0.000
3933.000	0.000
3934.000	0.000
3935.000	0.000
3936.000	0.000
3937.000	0.000
3938.000	0.000
3939.000	0.000
3940.000	0.000
3941.000	0.000
3942.000	0.000
3943.000	0.000
3944.000	0.000
3945.000	0.000
3946.000	0.000
3947.000	0.000
3948.000	0.000
3949.000	0.000
3950.000	0.000
3951.000	0.000
3952.000	0.000
3953.000	0.000
3954.000	0.000
3955.000	0.000
3956.000	0.000
3957.000	0.000
3958.000	0.000
3959.000	0.000
3960.000	0.000
3961.000	0.000
3962.000	0.000
3963.000	0.000
3964.000	0.000
3965.000	0.000
3966.000	0.000
3967.000	0.000
3968.000	0.000
3969.000	0.000
3970.000	0.000
3971.000	0.000
3972.000	0.000
3973.000	0.000
3974.000	0.000
3975.000	0.000
3976.000	0.000
3977.000	0.000
3978.000	0.000
3979.000	0.000
3980.000	0.000
3981.000	0.000
3982.000	0.000
3983.000	0.000
3984.000	0.000
3985.000	0.000
3986.000	0.000
3987.000	0.000
3988.000	0.000
3989.000	0.000
3990.000	0.000
3991.000	0.000
3992.000	0.000
3993.000	0.000
3994.000	0.000
3995.000	0.000
3996.000	0.000
3997.000	0.000
3998.000	0.000
3999.000	0.000
4000.000	0.000
4001.000	0.000
4002.000	0.000
4003.000	0.000
4004.000	0.000
4005.000	0.000
4006.000	0.000
4007.000	0.000
4008.000	0.000
4009.000	0.000
4010.000	0.000
4011.000	0.000
4012.000	0.000
4013.000	0.000
4014.000	0.000
4015.000	0.000
4016.000	0.000
4017.000	0.000
4018.000	0.000
4019.000	0.000
4020.000	0.000
4021.000	0.000
4022.000	0.000
4023.000	0.000
4024.000	0.000
4025.000	0.000
4026.000	0.000
4027.000	0.000
4028.000	0.000
4029.000	0.000
4030.000	0.000
4031.000	0.000
4032.000	0.000
4033.000	0.000
4034.000	0.000
4035.000	0.000
4036.000	0.000
4037.000	0.000
4038.000	0.000
4039.000	0.000
4040.000	0.000
4041.000	0.000
4042.000	0.000
4043.000	0.000
4044.000	0.000
4045.000	0.000
4046.000	0.000
4047.000	0.000
4048.000	0.000
4049.000	0.000
4050.000	0.000
4051.000	0.000
4052.000	0.000
4053.000	0.000
4054.000	0.000
4055.000	0.000
4056.000	0.000
4057.000	0.000
4058.000	0.000
4059.000	0.000
4060.000	0.000
4061.000	0.000
4062.000	0.000
4063.000	0.000
4064.000	0.000
4065.000	0.000
4066.000	0.000
4067.000	0.000
4068.000	0.000
4069.000	0.000
4070.000	0.000
4071.000	0.000
4072.000	0.000
4073.000	0.000
4074.000	0.000
4075.000	0.000
4076.000	0.000
4077.000	0.000
4078.000	0.000
4079.000	0.000
4080.000	0.000
4081.000	0.000
4082.000	0.000
4083.000	0.000
4084.000	0.000
4085.000	0.000
4086.000	0.000
4087.000	0.000
4088.000	0.000
4089.000	0.000
4090.000	0.000
4091.000	0.000
4092.000	0.000
4093.000	0.000
4094.000	0.000
4095.000	0.000
