0.000	14.140
1.000	14.140
2.000	14.139
3.000	14.139
4.000	14.138
5.000	14.138
6.000	14.137
7.000	14.137
8.000	14.136
9.000	14.136
10.000	14.135
11.000	14.135
12.000	14.134
13.000	14.134
14.000	14.123
15.000	14.123
16.000	14.122
17.000	14.122
18.000	14.121
19.000	14.120
20.000	14.119
21.000	14.118
22.000	14.117
23.000	14.116
24.000	14.115
25.000	14.114
26.000	14.113
27.000	14.112
28.000	14.112
29.000	14.110
30.000	14.109
31.000	14.109
32.000	14.108
33.000	14.107
34.000	14.106
35.000	14.105
36.000	14.104
37.000	14.103
38.000	14.103
39.000	14.102
40.000	14.101
41.000	14.101
42.000	14.100
43.000	14.099
44.000	14.098
45.000	14.097
46.000	14.096
47.000	14.095
48.000	14.094
49.000	14.093
50.000	14.092
51.000	14.091
52.000	14.090
53.000	14.088
54.000	14.087
55.000	14.086
56.000	14.085
57.000	14.084
58.000	14.083
59.000	14.081
60.000	14.079
61.000	14.078
62.000	14.077
63.000	14.075
64.000	14.073
65.000	14.058
66.000	14.056
67.000	14.054
68.000	14.054
69.000	14.052
70.000	14.050
71.000	14.048
72.000	14.047
73.000	14.045
74.000	14.044
75.000	14.022
76.000	14.020
77.000	14.018
78.000	14.016
79.000	14.015
80.000	14.012
81.000	14.009
82.000	14.009
83.000	14.006
84.000	14.003
85.000	14.003
86.000	13.999
87.000	13.996
88.000	13.993
89.000	13.992
90.000	13.989
91.000	13.985
92.000	13.984
93.000	13.980
94.000	13.976
95.000	13.976
96.000	13.971
97.000	13.966
98.000	13.961
99.000	13.961
100.000	13.956
101.000	13.950
102.000	13.950
103.000	13.944
104.000	13.939
105.000	13.933
106.000	13.932
107.000	13.926
108.000	13.919
109.000	13.918
110.000	13.912
111.000	13.904
112.000	13.904
113.000	13.896
114.000	13.889
115.000	13.880
116.000	13.880
117.000	13.871
118.000	13.862
119.000	13.862
120.000	13.853
121.000	13.843
122.000	13.832
123.000	13.832
124.000	13.822
125.000	13.811
126.000	13.811
127.000	13.800
128.000	13.789
129.000	13.765
130.000	13.754
131.000	13.742
132.000	13.730
133.000	13.729
134.000	13.717
135.000	13.704
136.000	13.699
137.000	13.684
138.000	13.669
139.000	13.654
140.000	13.653
141.000	13.638
142.000	13.623
143.000	13.623
144.000	13.608
145.000	13.593
146.000	13.559
147.000	13.544
148.000	13.527
149.000	13.510
150.000	13.436
151.000	13.419
152.000	13.402
153.000	13.401
154.000	13.383
155.000	13.365
156.000	13.303
157.000	13.285
158.000	13.266
159.000	13.248
160.000	13.197
161.000	13.178
162.000	13.158
163.000	13.103
164.000	13.083
165.000	13.064
166.000	13.044
167.000	12.999
168.000	12.979
169.000	12.958
170.000	12.958
171.000	12.937
172.000	12.915
173.000	12.872
174.000	12.850
175.000	12.829
176.000	12.808
177.000	12.807
178.000	12.785
179.000	12.763
180.000	12.763
181.000	12.741
182.000	12.719
183.000	12.696
184.000	12.690
185.000	12.668
186.000	12.645
187.000	12.605
188.000	12.581
189.000	12.558
190.000	12.558
191.000	12.535
192.000	12.511
193.000	12.488
194.000	12.466
195.000	12.442
196.000	12.418
197.000	12.418
198.000	12.393
199.000	12.369
200.000	12.345
201.000	12.345
202.000	12.320
203.000	12.295
204.000	12.205
205.000	12.180
206.000	12.156
207.000	12.100
208.000	12.075
209.000	12.050
210.000	12.025
211.000	12.025
212.000	11.999
213.000	11.974
214.000	11.963
215.000	11.938
216.000	11.912
217.000	11.872
218.000	11.847
219.000	11.823
220.000	11.798
221.000	11.776
222.000	11.751
223.000	11.723
224.000	11.723
225.000	11.695
226.000	11.667
227.000	11.639
228.000	11.602
229.000	11.574
230.000	11.546
231.000	11.509
232.000	11.481
233.000	11.452
234.000	11.425
235.000	11.397
236.000	11.369
237.000	11.342
238.000	11.280
239.000	11.252
240.000	11.224
241.000	11.213
242.000	11.184
243.000	11.156
244.000	11.128
245.000	11.128
246.000	11.100
247.000	11.072
248.000	11.057
249.000	11.029
250.000	11.001
251.000	10.948
252.000	10.919
253.000	10.892
254.000	10.864
255.000	10.839
256.000	10.810
257.000	10.782
258.000	10.777
259.000	10.749
260.000	10.721
261.000	10.693
262.000	10.693
263.000	10.665
264.000	10.637
265.000	10.637
266.000	10.610
267.000	10.583
268.000	10.522
269.000	10.495
270.000	10.468
271.000	10.441
272.000	10.340
273.000	10.312
274.000	10.285
275.000	10.285
276.000	10.257
277.000	10.230
278.000	10.126
279.000	10.098
280.000	10.071
281.000	10.045
282.000	9.961
283.000	9.935
284.000	9.908
285.000	9.882
286.000	9.857
287.000	9.831
288.000	9.805
289.000	9.805
290.000	9.780
291.000	9.754
292.000	9.754
293.000	9.728
294.000	9.702
295.000	9.702
296.000	9.676
297.000	9.650
298.000	9.624
299.000	9.404
300.000	9.379
301.000	9.353
302.000	9.353
303.000	9.327
304.000	9.301
305.000	9.276
306.000	9.276
307.000	9.251
308.000	9.225
309.000	9.144
310.000	9.119
311.000	9.094
312.000	9.058
313.000	9.033
314.000	9.009
315.000	8.984
316.000	8.984
317.000	8.959
318.000	8.935
319.000	8.935
320.000	8.910
321.000	8.886
322.000	8.861
323.000	8.813
324.000	8.788
325.000	8.764
326.000	8.764
327.000	8.740
328.000	8.716
329.000	8.716
330.000	8.692
331.000	8.668
332.000	8.644
333.000	8.549
334.000	8.525
335.000	8.502
336.000	8.477
337.000	8.454
338.000	8.431
339.000	8.331
340.000	8.307
341.000	8.284
342.000	8.261
343.000	8.261
344.000	8.238
345.000	8.215
346.000	8.183
347.000	8.160
348.000	8.136
349.000	8.114
350.000	8.104
351.000	8.081
352.000	8.058
353.000	8.010
354.000	7.987
355.000	7.964
356.000	7.964
357.000	7.941
358.000	7.918
359.000	7.896
360.000	7.896
361.000	7.874
362.000	7.851
363.000	7.848
364.000	7.825
365.000	7.803
366.000	7.781
367.000	7.781
368.000	7.759
369.000	7.737
370.000	7.737
371.000	7.715
372.000	7.693
373.000	7.681
374.000	7.660
375.000	7.638
376.000	7.617
377.000	7.575
378.000	7.553
379.000	7.532
380.000	7.532
381.000	7.511
382.000	7.490
383.000	7.469
384.000	7.469
385.000	7.448
386.000	7.427
387.000	7.351
388.000	7.330
389.000	7.310
390.000	7.255
391.000	7.234
392.000	7.214
393.000	7.193
394.000	7.170
395.000	7.149
396.000	7.129
397.000	7.086
398.000	7.066
399.000	7.046
400.000	7.027
401.000	7.007
402.000	6.987
403.000	6.967
404.000	6.967
405.000	6.948
406.000	6.928
407.000	6.910
408.000	6.891
409.000	6.871
410.000	6.851
411.000	6.851
412.000	6.832
413.000	6.813
414.000	6.813
415.000	6.793
416.000	6.774
417.000	6.711
418.000	6.692
419.000	6.673
420.000	6.654
421.000	6.620
422.000	6.601
423.000	6.582
424.000	6.562
425.000	6.543
426.000	6.524
427.000	6.506
428.000	6.506
429.000	6.487
430.000	6.469
431.000	6.469
432.000	6.450
433.000	6.431
434.000	6.431
435.000	6.413
436.000	6.394
437.000	6.376
438.000	6.346
439.000	6.328
440.000	6.310
441.000	6.310
442.000	6.293
443.000	6.276
444.000	6.260
445.000	6.260
446.000	6.244
447.000	6.228
448.000	6.066
449.000	6.050
450.000	6.035
451.000	6.035
452.000	6.018
453.000	6.002
454.000	5.986
455.000	5.986
456.000	5.970
457.000	5.954
458.000	5.912
459.000	5.896
460.000	5.880
461.000	5.880
462.000	5.865
463.000	5.849
464.000	5.834
465.000	5.834
466.000	5.818
467.000	5.803
468.000	5.803
469.000	5.787
470.000	5.771
471.000	5.756
472.000	5.756
473.000	5.741
474.000	5.726
475.000	5.702
476.000	5.688
477.000	5.673
478.000	5.673
479.000	5.659
480.000	5.644
481.000	5.630
482.000	5.622
483.000	5.608
484.000	5.594
485.000	5.537
486.000	5.523
487.000	5.508
488.000	5.494
489.000	5.494
490.000	5.480
491.000	5.466
492.000	5.456
493.000	5.442
494.000	5.428
495.000	5.428
496.000	5.414
497.000	5.401
498.000	5.387
499.000	5.387
500.000	5.373
501.000	5.360
502.000	5.356
503.000	5.342
504.000	5.329
505.000	5.315
506.000	5.315
507.000	5.302
508.000	5.288
509.000	5.274
510.000	5.260
511.000	5.247
512.000	5.247
513.000	5.234
514.000	5.221
515.000	5.208
516.000	5.208
517.000	5.195
518.000	5.182
519.000	5.182
520.000	5.169
521.000	5.157
522.000	5.156
523.000	5.143
524.000	5.130
525.000	5.118
526.000	5.096
527.000	5.083
528.000	5.071
529.000	5.018
530.000	5.005
531.000	4.993
532.000	4.980
533.000	4.980
534.000	4.968
535.000	4.956
536.000	4.956
537.000	4.944
538.000	4.932
539.000	4.901
540.000	4.889
541.000	4.877
542.000	4.865
543.000	4.865
544.000	4.854
545.000	4.842
546.000	4.842
547.000	4.830
548.000	4.819
549.000	4.807
550.000	4.786
551.000	4.775
552.000	4.763
553.000	4.763
554.000	4.752
555.000	4.741
556.000	4.741
557.000	4.730
558.000	4.718
559.000	4.707
560.000	4.707
561.000	4.696
562.000	4.685
563.000	4.684
564.000	4.673
565.000	4.662
566.000	4.651
567.000	4.616
568.000	4.605
569.000	4.595
570.000	4.587
571.000	4.576
572.000	4.566
573.000	4.566
574.000	4.555
575.000	4.545
576.000	4.535
577.000	4.535
578.000	4.525
579.000	4.514
580.000	4.514
581.000	4.504
582.000	4.494
583.000	4.484
584.000	4.484
585.000	4.474
586.000	4.465
587.000	4.451
588.000	4.441
589.000	4.431
590.000	4.431
591.000	4.422
592.000	4.412
593.000	4.402
594.000	4.314
595.000	4.304
596.000	4.294
597.000	4.249
598.000	4.239
599.000	4.229
600.000	4.229
601.000	4.219
602.000	4.208
603.000	4.198
604.000	4.184
605.000	4.174
606.000	4.164
607.000	4.164
608.000	4.154
609.000	4.145
610.000	4.135
611.000	4.102
612.000	4.092
613.000	4.083
614.000	4.083
615.000	4.073
616.000	4.064
617.000	4.020
618.000	4.011
619.000	4.002
620.000	3.992
621.000	3.984
622.000	3.975
623.000	3.966
624.000	3.942
625.000	3.933
626.000	3.924
627.000	3.915
628.000	3.915
629.000	3.907
630.000	3.898
631.000	3.898
632.000	3.889
633.000	3.881
634.000	3.868
635.000	3.860
636.000	3.852
637.000	3.843
638.000	3.843
639.000	3.835
640.000	3.827
641.000	3.826
642.000	3.817
643.000	3.808
644.000	3.799
645.000	3.799
646.000	3.790
647.000	3.782
648.000	3.782
649.000	3.773
650.000	3.764
651.000	3.764
652.000	3.756
653.000	3.747
654.000	3.739
655.000	3.729
656.000	3.720
657.000	3.712
658.000	3.674
659.000	3.666
660.000	3.657
661.000	3.655
662.000	3.646
663.000	3.637
664.000	3.629
665.000	3.629
666.000	3.620
667.000	3.612
668.000	3.598
669.000	3.590
670.000	3.582
671.000	3.574
672.000	3.574
673.000	3.566
674.000	3.558
675.000	3.558
676.000	3.550
677.000	3.542
678.000	3.535
679.000	3.527
680.000	3.519
681.000	3.512
682.000	3.512
683.000	3.504
684.000	3.496
685.000	3.446
686.000	3.439
687.000	3.431
688.000	3.424
689.000	3.424
690.000	3.416
691.000	3.409
692.000	3.409
693.000	3.401
694.000	3.394
695.000	3.394
696.000	3.386
697.000	3.378
698.000	3.371
699.000	3.371
700.000	3.363
701.000	3.356
702.000	3.356
703.000	3.348
704.000	3.341
705.000	3.333
706.000	3.333
707.000	3.326
708.000	3.319
709.000	3.319
710.000	3.312
711.000	3.304
712.000	3.304
713.000	3.297
714.000	3.290
715.000	3.283
716.000	3.283
717.000	3.276
718.000	3.269
719.000	3.176
720.000	3.169
721.000	3.162
722.000	3.162
723.000	3.155
724.000	3.148
725.000	3.141
726.000	3.141
727.000	3.133
728.000	3.127
729.000	3.127
730.000	3.120
731.000	3.113
732.000	3.106
733.000	3.106
734.000	3.099
735.000	3.092
736.000	3.069
737.000	3.062
738.000	3.055
739.000	3.055
740.000	3.049
741.000	3.042
742.000	3.035
743.000	3.035
744.000	3.029
745.000	3.022
746.000	3.022
747.000	3.016
748.000	3.009
749.000	3.002
750.000	3.002
751.000	2.996
752.000	2.989
753.000	2.989
754.000	2.983
755.000	2.976
756.000	2.922
757.000	2.915
758.000	2.909
759.000	2.902
760.000	2.902
761.000	2.896
762.000	2.889
763.000	2.889
764.000	2.883
765.000	2.877
766.000	2.870
767.000	2.870
768.000	2.864
769.000	2.858
770.000	2.858
771.000	2.851
772.000	2.845
773.000	2.845
774.000	2.839
775.000	2.833
776.000	2.827
777.000	2.827
778.000	2.820
779.000	2.814
780.000	2.607
781.000	2.601
782.000	2.595
783.000	2.595
784.000	2.589
785.000	2.583
786.000	2.577
787.000	2.577
788.000	2.571
789.000	2.565
790.000	2.565
791.000	2.559
792.000	2.553
793.000	2.547
794.000	2.547
795.000	2.541
796.000	2.536
797.000	2.536
798.000	2.530
799.000	2.524
800.000	2.524
801.000	2.518
802.000	2.513
803.000	2.507
804.000	2.507
805.000	2.501
806.000	2.496
807.000	2.496
808.000	2.490
809.000	2.484
810.000	2.479
811.000	2.479
812.000	2.473
813.000	2.467
814.000	2.467
815.000	2.462
816.000	2.456
817.000	2.456
818.000	2.451
819.000	2.445
820.000	2.439
821.000	2.439
822.000	2.434
823.000	2.428
824.000	2.428
825.000	2.423
826.000	2.418
827.000	2.412
828.000	2.412
829.000	2.407
830.000	2.401
831.000	2.401
832.000	2.396
833.000	2.391
834.000	2.391
835.000	2.385
836.000	2.380
837.000	2.375
838.000	2.375
839.000	2.369
840.000	2.364
841.000	2.364
842.000	2.359
843.000	2.354
844.000	2.342
845.000	2.337
846.000	2.332
847.000	2.327
848.000	2.327
849.000	2.321
850.000	2.316
851.000	2.316
852.000	2.311
853.000	2.306
854.000	2.301
855.000	2.301
856.000	2.296
857.000	2.291
858.000	2.291
859.000	2.285
860.000	2.281
861.000	2.281
862.000	2.276
863.000	2.271
864.000	2.266
865.000	2.088
866.000	2.084
867.000	2.079
868.000	2.024
869.000	2.019
870.000	2.015
871.000	2.010
872.000	2.010
873.000	2.005
874.000	2.000
875.000	2.000
876.000	1.995
877.000	1.990
878.000	1.990
879.000	1.985
880.000	1.980
881.000	1.976
882.000	1.976
883.000	1.971
884.000	1.966
885.000	1.966
886.000	1.961
887.000	1.957
888.000	1.952
889.000	1.952
890.000	1.947
891.000	1.943
892.000	1.943
893.000	1.938
894.000	1.933
895.000	1.933
896.000	1.929
897.000	1.924
898.000	1.920
899.000	1.920
900.000	1.915
901.000	1.911
902.000	1.911
903.000	1.906
904.000	1.902
905.000	1.902
906.000	1.897
907.000	1.893
908.000	1.888
909.000	1.755
910.000	1.751
911.000	1.746
912.000	1.746
913.000	1.742
914.000	1.738
915.000	1.733
916.000	1.733
917.000	1.729
918.000	1.724
919.000	1.724
920.000	1.720
921.000	1.716
922.000	1.716
923.000	1.711
924.000	1.707
925.000	1.703
926.000	1.703
927.000	1.698
928.000	1.694
929.000	1.694
930.000	1.690
931.000	1.686
932.000	1.681
933.000	1.681
934.000	1.677
935.000	1.673
936.000	1.673
937.000	1.669
938.000	1.665
939.000	1.665
940.000	1.661
941.000	1.656
942.000	1.652
943.000	1.652
944.000	1.648
945.000	1.644
946.000	1.644
947.000	1.640
948.000	1.636
949.000	1.632
950.000	1.632
951.000	1.628
952.000	1.624
953.000	1.624
954.000	1.620
955.000	1.616
956.000	1.616
957.000	1.612
958.000	1.608
959.000	1.604
960.000	1.604
961.000	1.600
962.000	1.597
963.000	1.597
964.000	1.593
965.000	1.589
966.000	1.589
967.000	1.585
968.000	1.581
969.000	1.577
970.000	1.577
971.000	1.573
972.000	1.570
973.000	1.531
974.000	1.527
975.000	1.524
976.000	1.520
977.000	1.520
978.000	1.516
979.000	1.512
980.000	1.512
981.000	1.508
982.000	1.505
983.000	1.497
984.000	1.493
985.000	1.489
986.000	1.485
987.000	1.485
988.000	1.482
989.000	1.478
990.000	1.478
991.000	1.474
992.000	1.470
993.000	1.467
994.000	1.467
995.000	1.463
996.000	1.459
997.000	1.459
998.000	1.456
999.000	1.452
1000.000	1.445
1001.000	1.441
1002.000	1.437
1003.000	1.434
1004.000	1.434
1005.000	1.430
1006.000	1.426
1007.000	1.426
1008.000	1.423
1009.000	1.419
1010.000	1.416
1011.000	1.406
1012.000	1.403
1013.000	1.399
1014.000	1.399
1015.000	1.396
1016.000	1.392
1017.000	1.392
1018.000	1.389
1019.000	1.385
1020.000	1.381
1021.000	1.381
1022.000	1.378
1023.000	1.374
1024.000	1.374
1025.000	1.371
1026.000	1.367
1027.000	1.367
1028.000	1.364
1029.000	1.360
1030.000	1.357
1031.000	1.357
1032.000	1.353
1033.000	1.350
1034.000	1.350
1035.000	1.346
1036.000	1.343
1037.000	1.339
1038.000	1.339
1039.000	1.336
1040.000	1.332
1041.000	1.332
1042.000	1.329
1043.000	1.326
1044.000	1.326
1045.000	1.322
1046.000	1.319
1047.000	1.315
1048.000	1.315
1049.000	1.312
1050.000	1.308
1051.000	1.308
1052.000	1.305
1053.000	1.302
1054.000	1.298
1055.000	1.231
1056.000	1.228
1057.000	1.225
1058.000	1.225
1059.000	1.221
1060.000	1.218
1061.000	1.196
1062.000	1.192
1063.000	1.189
1064.000	1.186
1065.000	1.186
1066.000	1.182
1067.000	1.179
1068.000	1.179
1069.000	1.175
1070.000	1.172
1071.000	1.169
1072.000	1.169
1073.000	1.165
1074.000	1.162
1075.000	1.162
1076.000	1.159
1077.000	1.155
1078.000	1.155
1079.000	1.152
1080.000	1.149
1081.000	1.145
1082.000	1.145
1083.000	1.142
1084.000	1.139
1085.000	1.139
1086.000	1.135
1087.000	1.132
1088.000	1.132
1089.000	1.129
1090.000	1.126
1091.000	1.122
1092.000	1.122
1093.000	1.119
1094.000	1.116
1095.000	1.116
1096.000	1.113
1097.000	1.109
1098.000	1.106
1099.000	1.083
1100.000	1.079
1101.000	1.076
1102.000	1.076
1103.000	1.073
1104.000	1.069
1105.000	1.069
1106.000	1.066
1107.000	1.063
1108.000	1.060
1109.000	1.060
1110.000	1.056
1111.000	1.053
1112.000	1.048
1113.000	1.045
1114.000	1.042
1115.000	1.039
1116.000	1.039
1117.000	1.035
1118.000	1.032
1119.000	1.017
1120.000	1.014
1121.000	1.011
1122.000	1.011
1123.000	1.008
1124.000	1.005
1125.000	1.002
1126.000	1.002
1127.000	1.000
1128.000	0.997
1129.000	0.996
1130.000	0.993
1131.000	0.991
1132.000	0.988
1133.000	0.988
1134.000	0.985
1135.000	0.983
1136.000	0.983
1137.000	0.980
1138.000	0.977
1139.000	0.977
1140.000	0.974
1141.000	0.972
1142.000	0.969
1143.000	0.965
1144.000	0.963
1145.000	0.960
1146.000	0.960
1147.000	0.957
1148.000	0.954
1149.000	0.952
1150.000	0.952
1151.000	0.952
1152.000	0.952
1153.000	0.952
1154.000	0.952
1155.000	0.952
1156.000	0.944
1157.000	0.944
1158.000	0.944
1159.000	0.944
1160.000	0.944
1161.000	0.944
1162.000	0.944
1163.000	0.940
1164.000	0.940
1165.000	0.940
1166.000	0.932
1167.000	0.932
1168.000	0.932
1169.000	0.932
1170.000	0.932
1171.000	0.932
1172.000	0.932
1173.000	0.932
1174.000	0.932
1175.000	0.932
1176.000	0.932
1177.000	0.932
1178.000	0.915
1179.000	0.915
1180.000	0.915
1181.000	0.915
1182.000	0.915
1183.000	0.915
1184.000	0.915
1185.000	0.915
1186.000	0.915
1187.000	0.915
1188.000	0.915
1189.000	0.915
1190.000	0.915
1191.000	0.906
1192.000	0.906
1193.000	0.906
1194.000	0.906
1195.000	0.906
1196.000	0.906
1197.000	0.906
1198.000	0.860
1199.000	0.860
1200.000	0.860
1201.000	0.860
1202.000	0.853
1203.000	0.853
1204.000	0.853
1205.000	0.853
1206.000	0.853
1207.000	0.853
1208.000	0.853
1209.000	0.853
1210.000	0.853
1211.000	0.853
1212.000	0.853
1213.000	0.853
1214.000	0.853
1215.000	0.853
1216.000	0.837
1217.000	0.837
1218.000	0.837
1219.000	0.837
1220.000	0.837
1221.000	0.837
1222.000	0.837
1223.000	0.837
1224.000	0.837
1225.000	0.837
1226.000	0.837
1227.000	0.837
1228.000	0.837
1229.000	0.813
1230.000	0.813
1231.000	0.813
1232.000	0.813
1233.000	0.813
1234.000	0.813
1235.000	0.813
1236.000	0.813
1237.000	0.813
1238.000	0.813
1239.000	0.813
1240.000	0.808
1241.000	0.794
1242.000	0.794
1243.000	0.794
1244.000	0.794
1245.000	0.794
1246.000	0.794
1247.000	0.794
1248.000	0.794
1249.000	0.794
1250.000	0.794
1251.000	0.794
1252.000	0.794
1253.000	0.794
1254.000	0.794
1255.000	0.762
1256.000	0.762
1257.000	0.762
1258.000	0.762
1259.000	0.762
1260.000	0.762
1261.000	0.762
1262.000	0.728
1263.000	0.728
1264.000	0.728
1265.000	0.728
1266.000	0.728
1267.000	0.728
1268.000	0.728
1269.000	0.728
1270.000	0.728
1271.000	0.728
1272.000	0.728
1273.000	0.728
1274.000	0.728
1275.000	0.728
1276.000	0.728
1277.000	0.728
1278.000	0.728
1279.000	0.728
1280.000	0.728
1281.000	0.728
1282.000	0.725
1283.000	0.725
1284.000	0.725
1285.000	0.725
1286.000	0.725
1287.000	0.725
1288.000	0.725
1289.000	0.725
1290.000	0.725
1291.000	0.725
1292.000	0.725
1293.000	0.710
1294.000	0.710
1295.000	0.704
1296.000	0.704
1297.000	0.704
1298.000	0.704
1299.000	0.704
1300.000	0.704
1301.000	0.704
1302.000	0.704
1303.000	0.704
1304.000	0.704
1305.000	0.663
1306.000	0.663
1307.000	0.663
1308.000	0.663
1309.000	0.663
1310.000	0.663
1311.000	0.663
1312.000	0.663
1313.000	0.663
1314.000	0.663
1315.000	0.663
1316.000	0.645
1317.000	0.645
1318.000	0.645
1319.000	0.645
1320.000	0.645
1321.000	0.645
1322.000	0.645
1323.000	0.645
1324.000	0.645
1325.000	0.645
1326.000	0.645
1327.000	0.645
1328.000	0.645
1329.000	0.645
1330.000	0.645
1331.000	0.645
1332.000	0.645
1333.000	0.645
1334.000	0.645
1335.000	0.645
1336.000	0.645
1337.000	0.645
1338.000	0.642
1339.000	0.642
1340.000	0.642
1341.000	0.642
1342.000	0.642
1343.000	0.642
1344.000	0.642
1345.000	0.642
1346.000	0.642
1347.000	0.642
1348.000	0.642
1349.000	0.642
1350.000	0.642
1351.000	0.642
1352.000	0.642
1353.000	0.642
1354.000	0.592
1355.000	0.590
1356.000	0.590
1357.000	0.590
1358.000	0.590
1359.000	0.590
1360.000	0.590
1361.000	0.590
1362.000	0.590
1363.000	0.590
1364.000	0.590
1365.000	0.570
1366.000	0.570
1367.000	0.570
1368.000	0.570
1369.000	0.563
1370.000	0.562
1371.000	0.562
1372.000	0.562
1373.000	0.562
1374.000	0.562
1375.000	0.562
1376.000	0.562
1377.000	0.562
1378.000	0.562
1379.000	0.562
1380.000	0.562
1381.000	0.562
1382.000	0.557
1383.000	0.557
1384.000	0.557
1385.000	0.557
1386.000	0.557
1387.000	0.557
1388.000	0.557
1389.000	0.548
1390.000	0.548
1391.000	0.548
1392.000	0.548
1393.000	0.548
1394.000	0.548
1395.000	0.548
1396.000	0.548
1397.000	0.548
1398.000	0.548
1399.000	0.548
1400.000	0.548
1401.000	0.548
1402.000	0.548
1403.000	0.548
1404.000	0.548
1405.000	0.548
1406.000	0.548
1407.000	0.548
1408.000	0.548
1409.000	0.548
1410.000	0.548
1411.000	0.548
1412.000	0.548
1413.000	0.548
1414.000	0.548
1415.000	0.548
1416.000	0.548
1417.000	0.548
1418.000	0.548
1419.000	0.548
1420.000	0.548
1421.000	0.548
1422.000	0.519
1423.000	0.519
1424.000	0.519
1425.000	0.519
1426.000	0.519
1427.000	0.519
1428.000	0.503
1429.000	0.503
1430.000	0.503
1431.000	0.503
1432.000	0.503
1433.000	0.503
1434.000	0.503
1435.000	0.503
1436.000	0.503
1437.000	0.503
1438.000	0.503
1439.000	0.471
1440.000	0.471
1441.000	0.471
1442.000	0.471
1443.000	0.470
1444.000	0.470
1445.000	0.470
1446.000	0.470
1447.000	0.470
1448.000	0.463
1449.000	0.463
1450.000	0.463
1451.000	0.463
1452.000	0.463
1453.000	0.463
1454.000	0.463
1455.000	0.463
1456.000	0.463
1457.000	0.463
1458.000	0.463
1459.000	0.463
1460.000	0.463
1461.000	0.448
1462.000	0.448
1463.000	0.448
1464.000	0.448
1465.000	0.448
1466.000	0.444
1467.000	0.444
1468.000	0.444
1469.000	0.444
1470.000	0.444
1471.000	0.444
1472.000	0.444
1473.000	0.444
1474.000	0.444
1475.000	0.444
1476.000	0.444
1477.000	0.444
1478.000	0.444
1479.000	0.444
1480.000	0.444
1481.000	0.444
1482.000	0.444
1483.000	0.444
1484.000	0.444
1485.000	0.444
1486.000	0.433
1487.000	0.433
1488.000	0.433
1489.000	0.433
1490.000	0.414
1491.000	0.414
1492.000	0.414
1493.000	0.414
1494.000	0.414
1495.000	0.414
1496.000	0.402
1497.000	0.402
1498.000	0.402
1499.000	0.387
1500.000	0.387
1501.000	0.000
1502.000	0.000
1503.000	0.000
1504.000	0.000
1505.000	0.000
1506.000	0.000
1507.000	0.000
1508.000	0.000
1509.000	0.000
1510.000	0.000
1511.000	0.000
1512.000	0.000
1513.000	0.000
1514.000	0.000
1515.000	0.000
1516.000	0.000
1517.000	0.000
1518.000	0.000
1519.000	0.000
1520.000	0.000
1521.000	0.000
1522.000	0.000
1523.000	0.000
1524.000	0.000
1525.000	0.000
1526.000	0.000
1527.000	0.000
1528.000	0.000
1529.000	0.000
1530.000	0.000
1531.000	0.000
1532.000	0.000
1533.000	0.000
1534.000	0.000
1535.000	0.000
1536.000	0.000
1537.000	0.000
1538.000	0.000
1539.000	0.000
1540.000	0.000
1541.000	0.000
1542.000	0.000
1543.000	0.000
1544.000	0.000
1545.000	0.000
1546.000	0.000
1547.000	0.000
1548.000	0.000
1549.000	0.000
1550.000	0.000
1551.000	0.000
1552.000	0.000
1553.000	0.000
1554.000	0.000
1555.000	0.000
1556.000	0.000
1557.000	0.000
1558.000	0.000
1559.000	0.000
1560.000	0.000
1561.000	0.000
1562.000	0.000
1563.000	0.000
1564.000	0.000
1565.000	0.000
1566.000	0.000
1567.000	0.000
1568.000	0.000
1569.000	0.000
1570.000	0.000
1571.000	0.000
1572.000	0.000
1573.000	0.000
1574.000	0.000
1575.000	0.000
1576.000	0.000
1577.000	0.000
1578.000	0.000
1579.000	0.000
1580.000	0.000
1581.000	0.000
1582.000	0.000
1583.000	0.000
1584.000	0.000
1585.000	0.000
1586.000	0.000
1587.000	0.000
1588.000	0.000
1589.000	0.000
1590.000	0.000
1591.000	0.000
1592.000	0.000
1593.000	0.000
1594.000	0.000
1595.000	0.000
1596.000	0.000
1597.000	0.000
1598.000	0.000
1599.000	0.000
1600.000	0.000
1601.000	0.000
1602.000	0.000
1603.000	0.000
1604.000	0.000
1605.000	0.000
1606.000	0.000
1607.000	0.000
1608.000	0.000
1609.000	0.000
1610.000	0.000
1611.000	0.000
1612.000	0.000
1613.000	0.000
1614.000	0.000
1615.000	0.000
1616.000	0.000
1617.000	0.000
1618.000	0.000
1619.000	0.000
1620.000	0.000
1621.000	0.000
1622.000	0.000
1623.000	0.000
1624.000	0.000
1625.000	0.000
1626.000	0.000
1627.000	0.000
1628.000	0.000
1629.000	0.000
1630.000	0.000
1631.000	0.000
1632.000	0.000
1633.000	0.000
1634.000	0.000
1635.000	0.000
1636.000	0.000
1637.000	0.000
1638.000	0.000
1639.000	0.000
1640.000	0.000
1641.000	0.000
1642.000	0.000
1643.000	0.000
1644.000	0.000
1645.000	0.000
1646.000	0.000
1647.000	0.000
1648.000	0.000
1649.000	0.000
1650.000	0.000
1651.000	0.000
1652.000	0.000
1653.000	0.000
1654.000	0.000
1655.000	0.000
1656.000	0.000
1657.000	0.000
1658.000	0.000
1659.000	0.000
1660.000	0.000
1661.000	0.000
1662.000	0.000
1663.000	0.000
1664.000	0.000
1665.000	0.000
1666.000	0.000
1667.000	0.000
1668.000	0.000
1669.000	0.000
1670.000	0.000
1671.000	0.000
1672.000	0.000
1673.000	0.000
1674.000	0.000
1675.000	0.000
1676.000	0.000
1677.000	0.000
1678.000	0.000
1679.000	0.000
1680.000	0.000
1681.000	0.000
1682.000	0.000
1683.000	0.000
1684.000	0.000
1685.000	0.000
1686.000	0.000
1687.000	0.000
1688.000	0.000
1689.000	0.000
1690.000	0.000
1691.000	0.000
1692.000	0.000
1693.000	0.000
1694.000	0.000
1695.000	0.000
1696.000	0.000
1697.000	0.000
1698.000	0.000
1699.000	0.000
1700.000	0.000
1701.000	0.000
1702.000	0.000
1703.000	0.000
1704.000	0.000
1705.000	0.000
1706.000	0.000
1707.000	0.000
1708.000	0.000
1709.000	0.000
1710.000	0.000
1711.000	0.000
1712.000	0.000
1713.000	0.000
1714.000	0.000
1715.000	0.000
1716.000	0.000
1717.000	0.000
1718.000	0.000
1719.000	0.000
1720.000	0.000
1721.000	0.000
1722.000	0.000
1723.000	0.000
1724.000	0.000
1725.000	0.000
1726.000	0.000
1727.000	0.000
1728.000	0.000
1729.000	0.000
1730.000	0.000
1731.000	0.000
1732.000	0.000
1733.000	0.000
1734.000	0.000
1735.000	0.000
1736.000	0.000
1737.000	0.000
1738.000	0.000
1739.000	0.000
1740.000	0.000
1741.000	0.000
1742.000	0.000
1743.000	0.000
1744.000	0.000
1745.000	0.000
1746.000	0.000
1747.000	0.000
1748.000	0.000
1749.000	0.000
1750.000	0.000
1751.000	0.000
1752.000	0.000
1753.000	0.000
1754.000	0.000
1755.000	0.000
1756.000	0.000
1757.000	0.000
1758.000	0.000
1759.000	0.000
1760.000	0.000
1761.000	0.000
1762.000	0.000
1763.000	0.000
1764.000	0.000
1765.000	0.000
1766.000	0.000
1767.000	0.000
1768.000	0.000
1769.000	0.000
1770.000	0.000
1771.000	0.000
1772.000	0.000
1773.000	0.000
1774.000	0.000
1775.000	0.000
1776.000	0.000
1777.000	0.000
1778.000	0.000
1779.000	0.000
1780.000	0.000
1781.000	0.000
1782.000	0.000
1783.000	0.000
1784.000	0.000
1785.000	0.000
1786.000	0.000
1787.000	0.000
1788.000	0.000
1789.000	0.000
1790.000	0.000
1791.000	0.000
1792.000	0.000
1793.000	0.000
1794.000	0.000
1795.000	0.000
1796.000	0.000
1797.000	0.000
1798.000	0.000
1799.000	0.000
1800.000	0.000
1801.000	0.000
1802.000	0.000
1803.000	0.000
1804.000	0.000
1805.000	0.000
1806.000	0.000
1807.000	0.000
1808.000	0.000
1809.000	0.000
1810.000	0.000
1811.000	0.000
1812.000	0.000
1813.000	0.000
1814.000	0.000
1815.000	0.000
1816.000	0.000
1817.000	0.000
1818.000	0.000
1819.000	0.000
1820.000	0.000
1821.000	0.000
1822.000	0.000
1823.000	0.000
1824.000	0.000
1825.000	0.000
1826.000	0.000
1827.000	0.000
1828.000	0.000
1829.000	0.000
1830.000	0.000
1831.000	0.000
1832.000	0.000
1833.000	0.000
1834.000	0.000
1835.000	0.000
1836.000	0.000
1837.000	0.000
1838.000	0.000
1839.000	0.000
1840.000	0.000
1841.000	0.000
1842.000	0.000
1843.000	0.000
1844.000	0.000
1845.000	0.000
1846.000	0.000
1847.000	0.000
1848.000	0.000
1849.000	0.000
1850.000	0.000
1851.000	0.000
1852.000	0.000
1853.000	0.000
1854.000	0.000
1855.000	0.000
1856.000	0.000
1857.000	0.000
1858.000	0.000
1859.000	0.000
1860.000	0.000
1861.000	0.000
1862.000	0.000
1863.000	0.000
1864.000	0.000
1865.000	0.000
1866.000	0.000
1867.000	0.000
1868.000	0.000
1869.000	0.000
1870.000	0.000
1871.000	0.000
1872.000	0.000
1873.000	0.000
1874.000	0.000
1875.000	0.000
1876.000	0.000
1877.000	0.000
1878.000	0.000
1879.000	0.000
1880.000	0.000
1881.000	0.000
1882.000	0.000
1883.000	0.000
1884.000	0.000
1885.000	0.000
1886.000	0.000
1887.000	0.000
1888.000	0.000
1889.000	0.000
1890.000	0.000
1891.000	0.000
1892.000	0.000
1893.000	0.000
1894.000	0.000
1895.000	0.000
1896.000	0.000
1897.000	0.000
1898.000	0.000
1899.000	0.000
1900.000	0.000
1901.000	0.000
1902.000	0.000
1903.000	0.000
1904.000	0.000
1905.000	0.000
1906.000	0.000
1907.000	0.000
1908.000	0.000
1909.000	0.000
1910.000	0.000
1911.000	0.000
1912.000	0.000
1913.000	0.000
1914.000	0.000
1915.000	0.000
1916.000	0.000
1917.000	0.000
1918.000	0.000
1919.000	0.000
1920.000	0.000
1921.000	0.000
1922.000	0.000
1923.000	0.000
1924.000	0.000
1925.000	0.000
1926.000	0.000
1927.000	0.000
1928.000	0.000
1929.000	0.000
1930.000	0.000
1931.000	0.000
1932.000	0.000
1933.000	0.000
1934.000	0.000
1935.000	0.000
1936.000	0.000
1937.000	0.000
1938.000	0.000
1939.000	0.000
1940.000	0.000
1941.000	0.000
1942.000	0.000
1943.000	0.000
1944.000	0.000
1945.000	0.000
1946.000	0.000
1947.000	0.000
1948.000	0.000
1949.000	0.000
1950.000	0.000
1951.000	0.000
1952.000	0.000
1953.000	0.000
1954.000	0.000
1955.000	0.000
1956.000	0.000
1957.000	0.000
1958.000	0.000
1959.000	0.000
1960.000	0.000
1961.000	0.000
1962.000	0.000
1963.000	0.000
1964.000	0.000
1965.000	0.000
1966.000	0.000
1967.000	0.000
1968.000	0.000
1969.000	0.000
1970.000	0.000
1971.000	0.000
1972.000	0.000
1973.000	0.000
1974.000	0.000
1975.000	0.000
1976.000	0.000
1977.000	0.000
1978.000	0.000
1979.000	0.000
1980.000	0.000
1981.000	0.000
1982.000	0.000
1983.000	0.000
1984.000	0.000
1985.000	0.000
1986.000	0.000
1987.000	0.000
1988.000	0.000
1989.000	0.000
1990.000	0.000
1991.000	0.000
1992.000	0.000
1993.000	0.000
1994.000	0.000
1995.000	0.000
1996.000	0.000
1997.000	0.000
1998.000	0.000
1999.000	0.000
2000.000	0.000
2001.000	0.000
2002.000	0.000
2003.000	0.000
2004.000	0.000
2005.000	0.000
2006.000	0.000
2007.000	0.000
2008.000	0.000
2009.000	0.000
2010.000	0.000
2011.000	0.000
2012.000	0.000
2013.000	0.000
2014.000	0.000
2015.000	0.000
2016.000	0.000
2017.000	0.000
2018.000	0.000
2019.000	0.000
2020.000	0.000
2021.000	0.000
2022.000	0.000
2023.000	0.000
2024.000	0.000
2025.000	0.000
2026.000	0.000
2027.000	0.000
2028.000	0.000
2029.000	0.000
2030.000	0.000
2031.000	0.000
2032.000	0.000
2033.000	0.000
2034.000	0.000
2035.000	0.000
2036.000	0.000
2037.000	0.000
2038.000	0.000
2039.000	0.000
2040.000	0.000
2041.000	0.000
2042.000	0.000
2043.000	0.000
2044.000	0.000
2045.000	0.000
2046.000	0.000
2047.000	0.000
2048.000	0.000
2049.000	0.000
2050.000	0.000
2051.000	0.000
2052.000	0.000
2053.000	0.000
2054.000	0.000
2055.000	0.000
2056.000	0.000
2057.000	0.000
2058.000	0.000
2059.000	0.000
2060.000	0.000
2061.000	0.000
2062.000	0.000
2063.000	0.000
2064.000	0.000
2065.000	0.000
2066.000	0.000
2067.000	0.000
2068.000	0.000
2069.000	0.000
2070.000	0.000
2071.000	0.000
2072.000	0.000
2073.000	0.000
2074.000	0.000
2075.000	0.000
2076.000	0.000
2077.000	0.000
2078.000	0.000
2079.000	0.000
2080.000	0.000
2081.000	0.000
2082.000	0.000
2083.000	0.000
2084.000	0.000
2085.000	0.000
2086.000	0.000
2087.000	0.000
2088.000	0.000
2089.000	0.000
2090.000	0.000
2091.000	0.000
2092.000	0.000
2093.000	0.000
2094.000	0.000
2095.000	0.000
2096.000	0.000
2097.000	0.000
2098.000	0.000
2099.000	0.000
2100.000	0.000
2101.000	0.000
2102.000	0.000
2103.000	0.000
2104.000	0.000
2105.000	0.000
2106.000	0.000
2107.000	0.000
2108.000	0.000
2109.000	0.000
2110.000	0.000
2111.000	0.000
2112.000	0.000
2113.000	0.000
2114.000	0.000
2115.000	0.000
2116.000	0.000
2117.000	0.000
2118.000	0.000
2119.000	0.000
2120.000	0.000
2121.000	0.000
2122.000	0.000
2123.000	0.000
2124.000	0.000
2125.000	0.000
2126.000	0.000
2127.000	0.000
2128.000	0.000
2129.000	0.000
2130.000	0.000
2131.000	0.000
2132.000	0.000
2133.000	0.000
2134.000	0.000
2135.000	0.000
2136.000	0.000
2137.000	0.000
2138.000	0.000
2139.000	0.000
2140.000	0.000
2141.000	0.000
2142.000	0.000
2143.000	0.000
2144.000	0.000
2145.000	0.000
2146.000	0.000
2147.000	0.000
2148.000	0.000
2149.000	0.000
2150.000	0.000
2151.000	0.000
2152.000	0.000
2153.000	0.000
2154.000	0.000
2155.000	0.000
2156.000	0.000
2157.000	0.000
2158.000	0.000
2159.000	0.000
2160.000	0.000
2161.000	0.000
2162.000	0.000
2163.000	0.000
2164.000	0.000
2165.000	0.000
2166.000	0.000
2167.000	0.000
2168.000	0.000
2169.000	0.000
2170.000	0.000
2171.000	0.000
2172.000	0.000
2173.000	0.000
2174.000	0.000
2175.000	0.000
2176.000	0.000
2177.000	0.000
2178.000	0.000
2179.000	0.000
2180.000	0.000
2181.000	0.000
2182.000	0.000
2183.000	0.000
2184.000	0.000
2185.000	0.000
2186.000	0.000
2187.000	0.000
2188.000	0.000
2189.000	0.000
2190.000	0.000
2191.000	0.000
2192.000	0.000
2193.000	0.000
2194.000	0.000
2195.000	0.000
2196.000	0.000
2197.000	0.000
2198.000	0.000
2199.000	0.000
2200.000	0.000
2201.000	0.000
2202.000	0.000
2203.000	0.000
2204.000	0.000
2205.000	0.000
2206.000	0.000
2207.000	0.000
2208.000	0.000
2209.000	0.000
2210.000	0.000
2211.000	0.000
2212.000	0.000
2213.000	0.000
2214.000	0.000
2215.000	0.000
2216.000	0.000
2217.000	0.000
2218.000	0.000
2219.000	0.000
2220.000	0.000
2221.000	0.000
2222.000	0.000
2223.000	0.000
2224.000	0.000
2225.000	0.000
2226.000	0.000
2227.000	0.000
2228.000	0.000
2229.000	0.000
2230.000	0.000
2231.000	0.000
2232.000	0.000
2233.000	0.000
2234.000	0.000
2235.000	0.000
2236.000	0.000
2237.000	0.000
2238.000	0.000
2239.000	0.000
2240.000	0.000
2241.000	0.000
2242.000	0.000
2243.000	0.000
2244.000	0.000
2245.000	0.000
2246.000	0.000
2247.000	0.000
2248.000	0.000
2249.000	0.000
2250.000	0.000
2251.000	0.000
2252.000	0.000
2253.000	0.000
2254.000	0.000
2255.000	0.000
2256.000	0.000
2257.000	0.000
2258.000	0.000
2259.000	0.000
2260.000	0.000
2261.000	0.000
2262.000	0.000
2263.000	0.000
2264.000	0.000
2265.000	0.000
2266.000	0.000
2267.000	0.000
2268.000	0.000
2269.000	0.000
2270.000	0.000
2271.000	0.000
2272.000	0.000
2273.000	0.000
2274.000	0.000
2275.000	0.000
2276.000	0.000
2277.000	0.000
2278.000	0.000
2279.000	0.000
2280.000	0.000
2281.000	0.000
2282.000	0.000
2283.000	0.000
2284.000	0.000
2285.000	0.000
2286.000	0.000
2287.000	0.000
2288.000	0.000
2289.000	0.000
2290.000	0.000
2291.000	0.000
2292.000	0.000
2293.000	0.000
2294.000	0.000
2295.000	0.000
2296.000	0.000
2297.000	0.000
2298.000	0.000
2299.000	0.000
2300.000	0.000
2301.000	0.000
2302.000	0.000
2303.000	0.000
2304.000	0.000
2305.000	0.000
2306.000	0.000
2307.000	0.000
2308.000	0.000
2309.000	0.000
2310.000	0.000
2311.000	0.000
2312.000	0.000
2313.000	0.000
2314.000	0.000
2315.000	0.000
2316.000	0.000
2317.000	0.000
2318.000	0.000
2319.000	0.000
2320.000	0.000
2321.000	0.000
2322.000	0.000
2323.000	0.000
2324.000	0.000
2325.000	0.000
2326.000	0.000
2327.000	0.000
2328.000	0.000
2329.000	0.000
2330.000	0.000
2331.000	0.000
2332.000	0.000
2333.000	0.000
2334.000	0.000
2335.000	0.000
2336.000	0.000
2337.000	0.000
2338.000	0.000
2339.000	0.000
2340.000	0.000
2341.000	0.000
2342.000	0.000
2343.000	0.000
2344.000	0.000
2345.000	0.000
2346.000	0.000
2347.000	0.000
2348.000	0.000
2349.000	0.000
2350.000	0.000
2351.000	0.000
2352.000	0.000
2353.000	0.000
2354.000	0.000
2355.000	0.000
2356.000	0.000
2357.000	0.000
2358.000	0.000
2359.000	0.000
2360.000	0.000
2361.000	0.000
2362.000	0.000
2363.000	0.000
2364.000	0.000
2365.000	0.000
2366.000	0.000
2367.000	0.000
2368.000	0.000
2369.000	0.000
2370.000	0.000
2371.000	0.000
2372.000	0.000
2373.000	0.000
2374.000	0.000
2375.000	0.000
2376.000	0.000
2377.000	0.000
2378.000	0.000
2379.000	0.000
2380.000	0.000
2381.000	0.000
2382.000	0.000
2383.000	0.000
2384.000	0.000
2385.000	0.000
2386.000	0.000
2387.000	0.000
2388.000	0.000
2389.000	0.000
2390.000	0.000
2391.000	0.000
2392.000	0.000
2393.000	0.000
2394.000	0.000
2395.000	0.000
2396.000	0.000
2397.000	0.000
2398.000	0.000
2399.000	0.000
2400.000	0.000
2401.000	0.000
2402.000	0.000
2403.000	0.000
2404.000	0.000
2405.000	0.000
2406.000	0.000
2407.000	0.000
2408.000	0.000
2409.000	0.000
2410.000	0.000
2411.000	0.000
2412.000	0.000
2413.000	0.000
2414.000	0.000
2415.000	0.000
2416.000	0.000
2417.000	0.000
2418.000	0.000
2419.000	0.000
2420.000	0.000
2421.000	0.000
2422.000	0.000
2423.000	0.000
2424.000	0.000
2425.000	0.000
2426.000	0.000
2427.000	0.000
2428.000	0.000
2429.000	0.000
2430.000	0.000
2431.000	0.000
2432.000	0.000
2433.000	0.000
2434.000	0.000
2435.000	0.000
2436.000	0.000
2437.000	0.000
2438.000	0.000
2439.000	0.000
2440.000	0.000
2441.000	0.000
2442.000	0.000
2443.000	0.000
2444.000	0.000
2445.000	0.000
2446.000	0.000
2447.000	0.000
2448.000	0.000
2449.000	0.000
2450.000	0.000
2451.000	0.000
2452.000	0.000
2453.000	0.000
2454.000	0.000
2455.000	0.000
2456.000	0.000
2457.000	0.000
2458.000	0.000
2459.000	0.000
2460.000	0.000
2461.000	0.000
2462.000	0.000
2463.000	0.000
2464.000	0.000
2465.000	0.000
2466.000	0.000
2467.000	0.000
2468.000	0.000
2469.000	0.000
2470.000	0.000
2471.000	0.000
2472.000	0.000
2473.000	0.000
2474.000	0.000
2475.000	0.000
2476.000	0.000
2477.000	0.000
2478.000	0.000
2479.000	0.000
2480.000	0.000
2481.000	0.000
2482.000	0.000
2483.000	0.000
2484.000	0.000
2485.000	0.000
2486.000	0.000
2487.000	0.000
2488.000	0.000
2489.000	0.000
2490.000	0.000
2491.000	0.000
2492.000	0.000
2493.000	0.000
2494.000	0.000
2495.000	0.000
2496.000	0.000
2497.000	0.000
2498.000	0.000
2499.000	0.000
2500.000	0.000
2501.000	0.000
2502.000	0.000
2503.000	0.000
2504.000	0.000
2505.000	0.000
2506.000	0.000
2507.000	0.000
2508.000	0.000
2509.000	0.000
2510.000	0.000
2511.000	0.000
2512.000	0.000
2513.000	0.000
2514.000	0.000
2515.000	0.000
2516.000	0.000
2517.000	0.000
2518.000	0.000
2519.000	0.000
2520.000	0.000
2521.000	0.000
2522.000	0.000
2523.000	0.000
2524.000	0.000
2525.000	0.000
2526.000	0.000
2527.000	0.000
2528.000	0.000
2529.000	0.000
2530.000	0.000
2531.000	0.000
2532.000	0.000
2533.000	0.000
2534.000	0.000
2535.000	0.000
2536.000	0.000
2537.000	0.000
2538.000	0.000
2539.000	0.000
2540.000	0.000
2541.000	0.000
2542.000	0.000
2543.000	0.000
2544.000	0.000
2545.000	0.000
2546.000	0.000
2547.000	0.000
2548.000	0.000
2549.000	0.000
2550.000	0.000
2551.000	0.000
2552.000	0.000
2553.000	0.000
2554.000	0.000
2555.000	0.000
2556.000	0.000
2557.000	0.000
2558.000	0.000
2559.000	0.000
2560.000	0.000
2561.000	0.000
2562.000	0.000
2563.000	0.000
2564.000	0.000
2565.000	0.000
2566.000	0.000
2567.000	0.000
2568.000	0.000
2569.000	0.000
2570.000	0.000
2571.000	0.000
2572.000	0.000
2573.000	0.000
2574.000	0.000
2575.000	0.000
2576.000	0.000
2577.000	0.000
2578.000	0.000
2579.000	0.000
2580.000	0.000
2581.000	0.000
2582.000	0.000
2583.000	0.000
2584.000	0.000
2585.000	0.000
2586.000	0.000
2587.000	0.000
2588.000	0.000
2589.000	0.000
2590.000	0.000
2591.000	0.000
2592.000	0.000
2593.000	0.000
2594.000	0.000
2595.000	0.000
2596.000	0.000
2597.000	0.000
2598.000	0.000
2599.000	0.000
2600.000	0.000
2601.000	0.000
2602.000	0.000
2603.000	0.000
2604.000	0.000
2605.000	0.000
2606.000	0.000
2607.000	0.000
2608.000	0.000
2609.000	0.000
2610.000	0.000
2611.000	0.000
2612.000	0.000
2613.000	0.000
2614.000	0.000
2615.000	0.000
2616.000	0.000
2617.000	0.000
2618.000	0.000
2619.000	0.000
2620.000	0.000
2621.000	0.000
2622.000	0.000
2623.000	0.000
2624.000	0.000
2625.000	0.000
2626.000	0.000
2627.000	0.000
2628.000	0.000
2629.000	0.000
2630.000	0.000
2631.000	0.000
2632.000	0.000
2633.000	0.000
2634.000	0.000
2635.000	0.000
2636.000	0.000
2637.000	0.000
2638.000	0.000
2639.000	0.000
2640.000	0.000
2641.000	0.000
2642.000	0.000
2643.000	0.000
2644.000	0.000
2645.000	0.000
2646.000	0.000
2647.000	0.000
2648.000	0.000
2649.000	0.000
2650.000	0.000
2651.000	0.000
2652.000	0.000
2653.000	0.000
2654.000	0.000
2655.000	0.000
2656.000	0.000
2657.000	0.000
2658.000	0.000
2659.000	0.000
2660.000	0.000
2661.000	0.000
2662.000	0.000
2663.000	0.000
2664.000	0.000
2665.000	0.000
2666.000	0.000
2667.000	0.000
2668.000	0.000
2669.000	0.000
2670.000	0.000
2671.000	0.000
2672.000	0.000
2673.000	0.000
2674.000	0.000
2675.000	0.000
2676.000	0.000
2677.000	0.000
2678.000	0.000
2679.000	0.000
2680.000	0.000
2681.000	0.000
2682.000	0.000
2683.000	0.000
2684.000	0.000
2685.000	0.000
2686.000	0.000
2687.000	0.000
2688.000	0.000
2689.000	0.000
2690.000	0.000
2691.000	0.000
2692.000	0.000
2693.000	0.000
2694.000	0.000
2695.000	0.000
2696.000	0.000
2697.000	0.000
2698.000	0.000
2699.000	0.000
2700.000	0.000
2701.000	0.000
2702.000	0.000
2703.000	0.000
2704.000	0.000
2705.000	0.000
2706.000	0.000
2707.000	0.000
2708.000	0.000
2709.000	0.000
2710.000	0.000
2711.000	0.000
2712.000	0.000
2713.000	0.000
2714.000	0.000
2715.000	0.000
2716.000	0.000
2717.000	0.000
2718.000	0.000
2719.000	0.000
2720.000	0.000
2721.000	0.000
2722.000	0.000
2723.000	0.000
2724.000	0.000
2725.000	0.000
2726.000	0.000
2727.000	0.000
2728.000	0.000
2729.000	0.000
2730.000	0.000
2731.000	0.000
2732.000	0.000
2733.000	0.000
2734.000	0.000
2735.000	0.000
2736.000	0.000
2737.000	0.000
2738.000	0.000
2739.000	0.000
2740.000	0.000
2741.000	0.000
2742.000	0.000
2743.000	0.000
2744.000	0.000
2745.000	0.000
2746.000	0.000
2747.000	0.000
2748.000	0.000
2749.000	0.000
2750.000	0.000
2751.000	0.000
2752.000	0.000
2753.000	0.000
2754.000	0.000
2755.000	0.000
2756.000	0.000
2757.000	0.000
2758.000	0.000
2759.000	0.000
2760.000	0.000
2761.000	0.000
2762.000	0.000
2763.000	0.000
2764.000	0.000
2765.000	0.000
2766.000	0.000
2767.000	0.000
2768.000	0.000
2769.000	0.000
2770.000	0.000
2771.000	0.000
2772.000	0.000
2773.000	0.000
2774.000	0.000
2775.000	0.000
2776.000	0.000
2777.000	0.000
2778.000	0.000
2779.000	0.000
2780.000	0.000
2781.000	0.000
2782.000	0.000
2783.000	0.000
2784.000	0.000
2785.000	0.000
2786.000	0.000
2787.000	0.000
2788.000	0.000
2789.000	0.000
2790.000	0.000
2791.000	0.000
2792.000	0.000
2793.000	0.000
2794.000	0.000
2795.000	0.000
2796.000	0.000
2797.000	0.000
2798.000	0.000
2799.000	0.000
2800.000	0.000
2801.000	0.000
2802.000	0.000
2803.000	0.000
2804.000	0.000
2805.000	0.000
2806.000	0.000
2807.000	0.000
2808.000	0.000
2809.000	0.000
2810.000	0.000
2811.000	0.000
2812.000	0.000
2813.000	0.000
2814.000	0.000
2815.000	0.000
2816.000	0.000
2817.000	0.000
2818.000	0.000
2819.000	0.000
2820.000	0.000
2821.000	0.000
2822.000	0.000
2823.000	0.000
2824.000	0.000
2825.000	0.000
2826.000	0.000
2827.000	0.000
2828.000	0.000
2829.000	0.000
2830.000	0.000
2831.000	0.000
2832.000	0.000
2833.000	0.000
2834.000	0.000
2835.000	0.000
2836.000	0.000
2837.000	0.000
2838.000	0.000
2839.000	0.000
2840.000	0.000
2841.000	0.000
2842.000	0.000
2843.000	0.000
2844.000	0.000
2845.000	0.000
2846.000	0.000
2847.000	0.000
2848.000	0.000
2849.000	0.000
2850.000	0.000
2851.000	0.000
2852.000	0.000
2853.000	0.000
2854.000	0.000
2855.000	0.000
2856.000	0.000
2857.000	0.000
2858.000	0.000
2859.000	0.000
2860.000	0.000
2861.000	0.000
2862.000	0.000
2863.000	0.000
2864.000	0.000
2865.000	0.000
2866.000	0.000
2867.000	0.000
2868.000	0.000
2869.000	0.000
2870.000	0.000
2871.000	0.000
2872.000	0.000
2873.000	0.000
2874.000	0.000
2875.000	0.000
2876.000	0.000
2877.000	0.000
2878.000	0.000
2879.000	0.000
2880.000	0.000
2881.000	0.000
2882.000	0.000
2883.000	0.000
2884.000	0.000
2885.000	0.000
2886.000	0.000
2887.000	0.000
2888.000	0.000
2889.000	0.000
2890.000	0.000
2891.000	0.000
2892.000	0.000
2893.000	0.000
2894.000	0.000
2895.000	0.000
2896.000	0.000
2897.000	0.000
2898.000	0.000
2899.000	0.000
2900.000	0.000
2901.000	0.000
2902.000	0.000
2903.000	0.000
2904.000	0.000
2905.000	0.000
2906.000	0.000
2907.000	0.000
2908.000	0.000
2909.000	0.000
2910.000	0.000
2911.000	0.000
2912.000	0.000
2913.000	0.000
2914.000	0.000
2915.000	0.000
2916.000	0.000
2917.000	0.000
2918.000	0.000
2919.000	0.000
2920.000	0.000
2921.000	0.000
2922.000	0.000
2923.000	0.000
2924.000	0.000
2925.000	0.000
2926.000	0.000
2927.000	0.000
2928.000	0.000
2929.000	0.000
2930.000	0.000
2931.000	0.000
2932.000	0.000
2933.000	0.000
2934.000	0.000
2935.000	0.000
2936.000	0.000
2937.000	0.000
2938.000	0.000
2939.000	0.000
2940.000	0.000
2941.000	0.000
2942.000	0.000
2943.000	0.000
2944.000	0.000
2945.000	0.000
2946.000	0.000
2947.000	0.000
2948.000	0.000
2949.000	0.000
2950.000	0.000
2951.000	0.000
2952.000	0.000
2953.000	0.000
2954.000	0.000
2955.000	0.000
2956.000	0.000
2957.000	0.000
2958.000	0.000
2959.000	0.000
2960.000	0.000
2961.000	0.000
2962.000	0.000
2963.000	0.000
2964.000	0.000
2965.000	0.000
2966.000	0.000
2967.000	0.000
2968.000	0.000
2969.000	0.000
2970.000	0.000
2971.000	0.000
2972.000	0.000
2973.000	0.000
2974.000	0.000
2975.000	0.000
2976.000	0.000
2977.000	0.000
2978.000	0.000
2979.000	0.000
2980.000	0.000
2981.000	0.000
2982.000	0.000
2983.000	0.000
2984.000	0.000
2985.000	0.000
2986.000	0.000
2987.000	0.000
2988.000	0.000
2989.000	0.000
2990.000	0.000
2991.000	0.000
2992.000	0.000
2993.000	0.000
2994.000	0.000
2995.000	0.000
2996.000	0.000
2997.000	0.000
2998.000	0.000
2999.000	0.000
3000.000	0.000
3001.000	0.000
3002.000	0.000
3003.000	0.000
3004.000	0.000
3005.000	0.000
3006.000	0.000
3007.000	0.000
3008.000	0.000
3009.000	0.000
3010.000	0.000
3011.000	0.000
3012.000	0.000
3013.000	0.000
3014.000	0.000
3015.000	0.000
3016.000	0.000
3017.000	0.000
3018.000	0.000
3019.000	0.000
3020.000	0.000
3021.000	0.000
3022.000	0.000
3023.000	0.000
3024.000	0.000
3025.000	0.000
3026.000	0.000
3027.000	0.000
3028.000	0.000
3029.000	0.000
3030.000	0.000
3031.000	0.000
3032.000	0.000
3033.000	0.000
3034.000	0.000
3035.000	0.000
3036.000	0.000
3037.000	0.000
3038.000	0.000
3039.000	0.000
3040.000	0.000
3041.000	0.000
3042.000	0.000
3043.000	0.000
3044.000	0.000
3045.000	0.000
3046.000	0.000
3047.000	0.000
3048.000	0.000
3049.000	0.000
3050.000	0.000
3051.000	0.000
3052.000	0.000
3053.000	0.000
3054.000	0.000
3055.000	0.000
3056.000	0.000
3057.000	0.000
3058.000	0.000
3059.000	0.000
3060.000	0.000
3061.000	0.000
3062.000	0.000
3063.000	0.000
3064.000	0.000
3065.000	0.000
3066.000	0.000
3067.000	0.000
3068.000	0.000
3069.000	0.000
3070.000	0.000
3071.000	0.000
3072.000	0.000
3073.000	0.000
3074.000	0.000
3075.000	0.000
3076.000	0.000
3077.000	0.000
3078.000	0.000
3079.000	0.000
3080.000	0.000
3081.000	0.000
3082.000	0.000
3083.000	0.000
3084.000	0.000
3085.000	0.000
3086.000	0.000
3087.000	0.000
3088.000	0.000
3089.000	0.000
3090.000	0.000
3091.000	0.000
3092.000	0.000
3093.000	0.000
3094.000	0.000
3095.000	0.000
3096.000	0.000
3097.000	0.000
3098.000	0.000
3099.000	0.000
3100.000	0.000
3101.000	0.000
3102.000	0.000
3103.000	0.000
3104.000	0.000
3105.000	0.000
3106.000	0.000
3107.000	0.000
3108.000	0.000
3109.000	0.000
3110.000	0.000
3111.000	0.000
3112.000	0.000
3113.000	0.000
3114.000	0.000
3115.000	0.000
3116.000	0.000
3117.000	0.000
3118.000	0.000
3119.000	0.000
3120.000	0.000
3121.000	0.000
3122.000	0.000
3123.000	0.000
3124.000	0.000
3125.000	0.000
3126.000	0.000
3127.000	0.000
3128.000	0.000
3129.000	0.000
3130.000	0.000
3131.000	0.000
3132.000	0.000
3133.000	0.000
3134.000	0.000
3135.000	0.000
3136.000	0.000
3137.000	0.000
3138.000	0.000
3139.000	0.000
3140.000	0.000
3141.000	0.000
3142.000	0.000
3143.000	0.000
3144.000	0.000
3145.000	0.000
3146.000	0.000
3147.000	0.000
3148.000	0.000
3149.000	0.000
3150.000	0.000
3151.000	0.000
3152.000	0.000
3153.000	0.000
3154.000	0.000
3155.000	0.000
3156.000	0.000
3157.000	0.000
3158.000	0.000
3159.000	0.000
3160.000	0.000
3161.000	0.000
3162.000	0.000
3163.000	0.000
3164.000	0.000
3165.000	0.000
3166.000	0.000
3167.000	0.000
3168.000	0.000
3169.000	0.000
3170.000	0.000
3171.000	0.000
3172.000	0.000
3173.000	0.000
3174.000	0.000
3175.000	0.000
3176.000	0.000
3177.000	0.000
3178.000	0.000
3179.000	0.000
3180.000	0.000
3181.000	0.000
3182.000	0.000
3183.000	0.000
3184.000	0.000
3185.000	0.000
3186.000	0.000
3187.000	0.000
3188.000	0.000
3189.000	0.000
3190.000	0.000
3191.000	0.000
3192.000	0.000
3193.000	0.000
3194.000	0.000
3195.000	0.000
3196.000	0.000
3197.000	0.000
3198.000	0.000
3199.000	0.000
3200.000	0.000
3201.000	0.000
3202.000	0.000
3203.000	0.000
3204.000	0.000
3205.000	0.000
3206.000	0.000
3207.000	0.000
3208.000	0.000
3209.000	0.000
3210.000	0.000
3211.000	0.000
3212.000	0.000
3213.000	0.000
3214.000	0.000
3215.000	0.000
3216.000	0.000
3217.000	0.000
3218.000	0.000
3219.000	0.000
3220.000	0.000
3221.000	0.000
3222.000	0.000
3223.000	0.000
3224.000	0.000
3225.000	0.000
3226.000	0.000
3227.000	0.000
3228.000	0.000
3229.000	0.000
3230.000	0.000
3231.000	0.000
3232.000	0.000
3233.000	0.000
3234.000	0.000
3235.000	0.000
3236.000	0.000
3237.000	0.000
3238.000	0.000
3239.000	0.000
3240.000	0.000
3241.000	0.000
3242.000	0.000
3243.000	0.000
3244.000	0.000
3245.000	0.000
3246.000	0.000
3247.000	0.000
3248.000	0.000
3249.000	0.000
3250.000	0.000
3251.000	0.000
3252.000	0.000
3253.000	0.000
3254.000	0.000
3255.000	0.000
3256.000	0.000
3257.000	0.000
3258.000	0.000
3259.000	0.000
3260.000	0.000
3261.000	0.000
3262.000	0.000
3263.000	0.000
3264.000	0.000
3265.000	0.000
3266.000	0.000
3267.000	0.000
3268.000	0.000
3269.000	0.000
3270.000	0.000
3271.000	0.000
3272.000	0.000
3273.000	0.000
3274.000	0.000
3275.000	0.000
3276.000	0.000
3277.000	0.000
3278.000	0.000
3279.000	0.000
3280.000	0.000
3281.000	0.000
3282.000	0.000
3283.000	0.000
3284.000	0.000
3285.000	0.000
3286.000	0.000
3287.000	0.000
3288.000	0.000
3289.000	0.000
3290.000	0.000
3291.000	0.000
3292.000	0.000
3293.000	0.000
3294.000	0.000
3295.000	0.000
3296.000	0.000
3297.000	0.000
3298.000	0.000
3299.000	0.000
3300.000	0.000
3301.000	0.000
3302.000	0.000
3303.000	0.000
3304.000	0.000
3305.000	0.000
3306.000	0.000
3307.000	0.000
3308.000	0.000
3309.000	0.000
3310.000	0.000
3311.000	0.000
3312.000	0.000
3313.000	0.000
3314.000	0.000
3315.000	0.000
3316.000	0.000
3317.000	0.000
3318.000	0.000
3319.000	0.000
3320.000	0.000
3321.000	0.000
3322.000	0.000
3323.000	0.000
3324.000	0.000
3325.000	0.000
3326.000	0.000
3327.000	0.000
3328.000	0.000
3329.000	0.000
3330.000	0.000
3331.000	0.000
3332.000	0.000
3333.000	0.000
3334.000	0.000
3335.000	0.000
3336.000	0.000
3337.000	0.000
3338.000	0.000
3339.000	0.000
3340.000	0.000
3341.000	0.000
3342.000	0.000
3343.000	0.000
3344.000	0.000
3345.000	0.000
3346.000	0.000
3347.000	0.000
3348.000	0.000
3349.000	0.000
3350.000	0.000
3351.000	0.000
3352.000	0.000
3353.000	0.000
3354.000	0.000
3355.000	0.000
3356.000	0.000
3357.000	0.000
3358.000	0.000
3359.000	0.000
3360.000	0.000
3361.000	0.000
3362.000	0.000
3363.000	0.000
3364.000	0.000
3365.000	0.000
3366.000	0.000
3367.000	0.000
3368.000	0.000
3369.000	0.000
3370.000	0.000
3371.000	0.000
3372.000	0.000
3373.000	0.000
3374.000	0.000
3375.000	0.000
3376.000	0.000
3377.000	0.000
3378.000	0.000
3379.000	0.000
3380.000	0.000
3381.000	0.000
3382.000	0.000
3383.000	0.000
3384.000	0.000
3385.000	0.000
3386.000	0.000
3387.000	0.000
3388.000	0.000
3389.000	0.000
3390.000	0.000
3391.000	0.000
3392.000	0.000
3393.000	0.000
3394.000	0.000
3395.000	0.000
3396.000	0.000
3397.000	0.000
3398.000	0.000
3399.000	0.000
3400.000	0.000
3401.000	0.000
3402.000	0.000
3403.000	0.000
3404.000	0.000
3405.000	0.000
3406.000	0.000
3407.000	0.000
3408.000	0.000
3409.000	0.000
3410.000	0.000
3411.000	0.000
3412.000	0.000
3413.000	0.000
3414.000	0.000
3415.000	0.000
3416.000	0.000
3417.000	0.000
3418.000	0.000
3419.000	0.000
3420.000	0.000
3421.000	0.000
3422.000	0.000
3423.000	0.000
3424.000	0.000
3425.000	0.000
3426.000	0.000
3427.000	0.000
3428.000	0.000
3429.000	0.000
3430.000	0.000
3431.000	0.000
3432.000	0.000
3433.000	0.000
3434.000	0.000
3435.000	0.000
3436.000	0.000
3437.000	0.000
3438.000	0.000
3439.000	0.000
3440.000	0.000
3441.000	0.000
3442.000	0.000
3443.000	0.000
3444.000	0.000
3445.000	0.000
3446.000	0.000
3447.000	0.000
3448.000	0.000
3449.000	0.000
3450.000	0.000
3451.000	0.000
3452.000	0.000
3453.000	0.000
3454.000	0.000
3455.000	0.000
3456.000	0.000
3457.000	0.000
3458.000	0.000
3459.000	0.000
3460.000	0.000
3461.000	0.000
3462.000	0.000
3463.000	0.000
3464.000	0.000
3465.000	0.000
3466.000	0.000
3467.000	0.000
3468.000	0.000
3469.000	0.000
3470.000	0.000
3471.000	0.000
3472.000	0.000
3473.000	0.000
3474.000	0.000
3475.000	0.000
3476.000	0.000
3477.000	0.000
3478.000	0.000
3479.000	0.000
3480.000	0.000
3481.000	0.000
3482.000	0.000
3483.000	0.000
3484.000	0.000
3485.000	0.000
3486.000	0.000
3487.000	0.000
3488.000	0.000
3489.000	0.000
3490.000	0.000
3491.000	0.000
3492.000	0.000
3493.000	0.000
3494.000	0.000
3495.000	0.000
3496.000	0.000
3497.000	0.000
3498.000	0.000
3499.000	0.000
3500.000	0.000
3501.000	0.000
3502.000	0.000
3503.000	0.000
3504.000	0.000
3505.000	0.000
3506.000	0.000
3507.000	0.000
3508.000	0.000
3509.000	0.000
3510.000	0.000
3511.000	0.000
3512.000	0.000
3513.000	0.000
3514.000	0.000
3515.000	0.000
3516.000	0.000
3517.000	0.000
3518.000	0.000
3519.000	0.000
3520.000	0.000
3521.000	0.000
3522.000	0.000
3523.000	0.000
3524.000	0.000
3525.000	0.000
3526.000	0.000
3527.000	0.000
3528.000	0.000
3529.000	0.000
3530.000	0.000
3531.000	0.000
3532.000	0.000
3533.000	0.000
3534.000	0.000
3535.000	0.000
3536.000	0.000
3537.000	0.000
3538.000	0.000
3539.000	0.000
3540.000	0.000
3541.000	0.000
3542.000	0.000
3543.000	0.000
3544.000	0.000
3545.000	0.000
3546.000	0.000
3547.000	0.000
3548.000	0.000
3549.000	0.000
3550.000	0.000
3551.000	0.000
3552.000	0.000
3553.000	0.000
3554.000	0.000
3555.000	0.000
3556.000	0.000
3557.000	0.000
3558.000	0.000
3559.000	0.000
3560.000	0.000
3561.000	0.000
3562.000	0.000
3563.000	0.000
3564.000	0.000
3565.000	0.000
3566.000	0.000
3567.000	0.000
3568.000	0.000
3569.000	0.000
3570.000	0.000
3571.000	0.000
3572.000	0.000
3573.000	0.000
3574.000	0.000
3575.000	0.000
3576.000	0.000
3577.000	0.000
3578.000	0.000
3579.000	0.000
3580.000	0.000
3581.000	0.000
3582.000	0.000
3583.000	0.000
3584.000	0.000
3585.000	0.000
3586.000	0.000
3587.000	0.000
3588.000	0.000
3589.000	0.000
3590.000	0.000
3591.000	0.000
3592.000	0.000
3593.000	0.000
3594.000	0.000
3595.000	0.000
3596.000	0.000
3597.000	0.000
3598.000	0.000
3599.000	0.000
3600.000	0.000
3601.000	0.000
3602.000	0.000
3603.000	0.000
3604.000	0.000
3605.000	0.000
3606.000	0.000
3607.000	0.000
3608.000	0.000
3609.000	0.000
3610.000	0.000
3611.000	0.000
3612.000	0.000
3613.000	0.000
3614.000	0.000
3615.000	0.000
3616.000	0.000
3617.000	0.000
3618.000	0.000
3619.000	0.000
3620.000	0.000
3621.000	0.000
3622.000	0.000
3623.000	0.000
3624.000	0.000
3625.000	0.000
3626.000	0.000
3627.000	0.000
3628.000	0.000
3629.000	0.000
3630.000	0.000
3631.000	0.000
3632.000	0.000
3633.000	0.000
3634.000	0.000
3635.000	0.000
3636.000	0.000
3637.000	0.000
3638.000	0.000
3639.000	0.000
3640.000	0.000
3641.000	0.000
3642.000	0.000
3643.000	0.000
3644.000	0.000
3645.000	0.000
3646.000	0.000
3647.000	0.000
3648.000	0.000
3649.000	0.000
3650.000	0.000
3651.000	0.000
3652.000	0.000
3653.000	0.000
3654.000	0.000
3655.000	0.000
3656.000	0.000
3657.000	0.000
3658.000	0.000
3659.000	0.000
3660.000	0.000
3661.000	0.000
3662.000	0.000
3663.000	0.000
3664.000	0.000
3665.000	0.000
3666.000	0.000
3667.000	0.000
3668.000	0.000
3669.000	0.000
3670.000	0.000
3671.000	0.000
3672.000	0.000
3673.000	0.000
3674.000	0.000
3675.000	0.000
3676.000	0.000
3677.000	0.000
3678.000	0.000
3679.000	0.000
3680.000	0.000
3681.000	0.000
3682.000	0.000
3683.000	0.000
3684.000	0.000
3685.000	0.000
3686.000	0.000
3687.000	0.000
3688.000	0.000
3689.000	0.000
3690.000	0.000
3691.000	0.000
3692.000	0.000
3693.000	0.000
3694.000	0.000
3695.000	0.000
3696.000	0.000
3697.000	0.000
3698.000	0.000
3699.000	0.000
3700.000	0.000
3701.000	0.000
3702.000	0.000
3703.000	0.000
3704.000	0.000
3705.000	0.000
3706.000	0.000
3707.000	0.000
3708.000	0.000
3709.000	0.000
3710.000	0.000
3711.000	0.000
3712.000	0.000
3713.000	0.000
3714.000	0.000
3715.000	0.000
3716.000	0.000
3717.000	0.000
3718.000	0.000
3719.000	0.000
3720.000	0.000
3721.000	0.000
3722.000	0.000
3723.000	0.000
3724.000	0.000
3725.000	0.000
3726.000	0.000
3727.000	0.000
3728.000	0.000
3729.000	0.000
3730.000	0.000
3731.000	0.000
3732.000	0.000
3733.000	0.000
3734.000	0.000
3735.000	0.000
3736.000	0.000
3737.000	0.000
3738.000	0.000
3739.000	0.000
3740.000	0.000
3741.000	0.000
3742.000	0.000
3743.000	0.000
3744.000	0.000
3745.000	0.000
3746.000	0.000
3747.000	0.000
3748.000	0.000
3749.000	0.000
3750.000	0.000
3751.000	0.000
3752.000	0.000
3753.000	0.000
3754.000	0.000
3755.000	0.000
3756.000	0.000
3757.000	0.000
3758.000	0.000
3759.000	0.000
3760.000	0.000
3761.000	0.000
3762.000	0.000
3763.000	0.000
3764.000	0.000
3765.000	0.000
3766.000	0.000
3767.000	0.000
3768.000	0.000
3769.000	0.000
3770.000	0.000
3771.000	0.000
3772.000	0.000
3773.000	0.000
3774.000	0.000
3775.000	0.000
3776.000	0.000
3777.000	0.000
3778.000	0.000
3779.000	0.000
3780.000	0.000
3781.000	0.000
3782.000	0.000
3783.000	0.000
3784.000	0.000
3785.000	0.000
3786.000	0.000
3787.000	0.000
3788.000	0.000
3789.000	0.000
3790.000	0.000
3791.000	0.000
3792.000	0.000
3793.000	0.000
3794.000	0.000
3795.000	0.000
3796.000	0.000
3797.000	0.000
3798.000	0.000
3799.000	0.000
3800.000	0.000
3801.000	0.000
3802.000	0.000
3803.000	0.000
3804.000	0.000
3805.000	0.000
3806.000	0.000
3807.000	0.000
3808.000	0.000
3809.000	0.000
3810.000	0.000
3811.000	0.000
3812.000	0.000
3813.000	0.000
3814.000	0.000
3815.000	0.000
3816.000	0.000
3817.000	0.000
3818.000	0.000
3819.000	0.000
3820.000	0.000
3821.000	0.000
3822.000	0.000
3823.000	0.000
3824.000	0.000
3825.000	0.000
3826.000	0.000
3827.000	0.000
3828.000	0.000
3829.000	0.000
3830.000	0.000
3831.000	0.000
3832.000	0.000
3833.000	0.000
3834.000	0.000
3835.000	0.000
3836.000	0.000
3837.000	0.000
3838.000	0.000
3839.000	0.000
3840.000	0.000
3841.000	0.000
3842.000	0.000
3843.000	0.000
3844.000	0.000
3845.000	0.000
3846.000	0.000
3847.000	0.000
3848.000	0.000
3849.000	0.000
3850.000	0.000
3851.000	0.000
3852.000	0.000
3853.000	0.000
3854.000	0.000
3855.000	0.000
3856.000	0.000
3857.000	0.000
3858.000	0.000
3859.000	0.000
3860.000	0.000
3861.000	0.000
3862.000	0.000
3863.000	0.000
3864.000	0.000
3865.000	0.000
3866.000	0.000
3867.000	0.000
3868.000	0.000
3869.000	0.000
3870.000	0.000
3871.000	0.000
3872.000	0.000
3873.000	0.000
3874.000	0.000
3875.000	0.000
3876.000	0.000
3877.000	0.000
3878.000	0.000
3879.000	0.000
3880.000	0.000
3881.000	0.000
3882.000	0.000
3883.000	0.000
3884.000	0.000
3885.000	0.000
3886.000	0.000
3887.000	0.000
3888.000	0.000
3889.000	0.000
3890.000	0.000
3891.000	0.000
3892.000	0.000
3893.000	0.000
3894.000	0.000
3895.000	0.000
3896.000	0.000
3897.000	0.000
3898.000	0.000
3899.000	0.000
3900.000	0.000
3901.000	0.000
3902.000	0.000
3903.000	0.000
3904.000	0.000
3905.000	0.000
3906.000	0.000
3907.000	0.000
3908.000	0.000
3909.000	0.000
3910.000	0.000
3911.000	0.000
3912.000	0.000
3913.000	0.000
3914.000	0.000
3915.000	0.000
3916.000	0.000
3917.000	0.000
3918.000	0.000
3919.000	0.000
3920.000	0.000
3921.000	0.000
3922.000	0.000
3923.000	0.000
3924.000	0.000
3925.000	0.000
3926.000	0.000
3927.000	0.000
3928.000	0.000
3929.000	0.000
3930.000	0.000
3931.000	0.000
3932.000	0.000
3933.000	0.000
3934.000	0.000
3935.000	0.000
3936.000	0.000
3937.000	0.000
3938.000	0.000
3939.000	0.000
3940.000	0.000
3941.000	0.000
3942.000	0.000
3943.000	0.000
3944.000	0.000
3945.000	0.000
3946.000	0.000
3947.000	0.000
3948.000	0.000
3949.000	0.000
3950.000	0.000
3951.000	0.000
3952.000	0.000
3953.000	0.000
3954.000	0.000
3955.000	0.000
3956.000	0.000
3957.000	0.000
3958.000	0.000
3959.000	0.000
3960.000	0.000
3961.000	0.000
3962.000	0.000
3963.000	0.000
3964.000	0.000
3965.000	0.000
3966.000	0.000
3967.000	0.000
3968.000	0.000
3969.000	0.000
3970.000	0.000
3971.000	0.000
3972.000	0.000
3973.000	0.000
3974.000	0.000
3975.000	0.000
3976.000	0.000
3977.000	0.000
3978.000	0.000
3979.000	0.000
3980.000	0.000
3981.000	0.000
3982.000	0.000
3983.000	0.000
3984.000	0.000
3985.000	0.000
3986.000	0.000
3987.000	0.000
3988.000	0.000
3989.000	0.000
3990.000	0.000
3991.000	0.000
3992.000	0.000
3993.000	0.000
3994.000	0.000
3995.000	0.000
3996.000	0.000
3997.000	0.000
3998.000	0.000
3999.000	0.000
4000.000	0.000
4001.000	0.000
4002.000	0.000
4003.000	0.000
4004.000	0.000
4005.000	0.000
4006.000	0.000
4007.000	0.000
4008.000	0.000
4009.000	0.000
4010.000	0.000
4011.000	0.000
4012.000	0.000
4013.000	0.000
4014.000	0.000
4015.000	0.000
4016.000	0.000
4017.000	0.000
4018.000	0.000
4019.000	0.000
4020.000	0.000
4021.000	0.000
4022.000	0.000
4023.000	0.000
4024.000	0.000
4025.000	0.000
4026.000	0.000
4027.000	0.000
4028.000	0.000
4029.000	0.000
4030.000	0.000
4031.000	0.000
4032.000	0.000
4033.000	0.000
4034.000	0.000
4035.000	0.000
4036.000	0.000
4037.000	0.000
4038.000	0.000
4039.000	0.000
4040.000	0.000
4041.000	0.000
4042.000	0.000
4043.000	0.000
4044.000	0.000
4045.000	0.000
4046.000	0.000
4047.000	0.000
4048.000	0.000
4049.000	0.000
4050.000	0.000
4051.000	0.000
4052.000	0.000
4053.000	0.000
4054.000	0.000
4055.000	0.000
4056.000	0.000
4057.000	0.000
4058.000	0.000
4059.000	0.000
4060.000	0.000
4061.000	0.000
4062.000	0.000
4063.000	0.000
4064.000	0.000
4065.000	0.000
4066.000	0.000
4067.000	0.000
4068.000	0.000
4069.000	0.000
4070.000	0.000
4071.000	0.000
4072.000	0.000
4073.000	0.000
4074.000	0.000
4075.000	0.000
4076.000	0.000
4077.000	0.000
4078.000	0.000
4079.000	0.000
4080.000	0.000
4081.000	0.000
4082.000	0.000
4083.000	0.000
4084.000	0.000
4085.000	0.000
4086.000	0.000
4087.000	0.000
4088.000	0.000
4089.000	0.000
4090.000	0.000
4091.000	0.000
4092.000	0.000
4093.000	0.000
4094.000	0.000
4095.000	0.000
