0.000	17.793
1.000	16.226
2.000	16.178
3.000	16.178
4.000	16.178
5.000	16.178
6.000	16.178
7.000	16.178
8.000	16.178
9.000	16.178
10.000	16.178
11.000	16.178
12.000	16.178
13.000	16.178
14.000	16.178
15.000	16.178
16.000	16.178
17.000	16.129
18.000	16.129
19.000	16.128
20.000	16.128
21.000	16.128
22.000	16.128
23.000	16.128
24.000	16.128
25.000	16.128
26.000	16.128
27.000	16.128
28.000	16.128
29.000	16.128
30.000	16.128
31.000	16.128
32.000	16.128
33.000	16.128
34.000	16.128
35.000	16.128
36.000	16.128
37.000	16.128
38.000	16.128
39.000	16.128
40.000	16.128
41.000	16.128
42.000	16.128
43.000	16.128
44.000	16.128
45.000	16.128
46.000	16.128
47.000	16.128
48.000	16.128
49.000	16.128
50.000	16.128
51.000	16.128
52.000	16.128
53.000	16.128
54.000	16.128
55.000	16.128
56.000	16.127
57.000	16.126
58.000	16.126
59.000	16.125
60.000	16.124
61.000	16.123
62.000	16.123
63.000	16.123
64.000	16.122
65.000	16.122
66.000	16.121
67.000	16.120
68.000	16.120
69.000	16.119
70.000	16.118
71.000	16.118
72.000	16.118
73.000	16.117
74.000	16.116
75.000	16.116
76.000	16.115
77.000	16.115
78.000	16.114
79.000	16.114
80.000	16.113
81.000	16.113
82.000	16.062
83.000	16.062
84.000	16.061
85.000	16.061
86.000	16.054
87.000	16.048
88.000	16.042
89.000	16.042
90.000	16.036
91.000	16.030
92.000	16.030
93.000	16.023
94.000	16.017
95.000	16.017
96.000	16.011
97.000	16.002
98.000	15.992
99.000	15.992
100.000	15.983
101.000	15.974
102.000	15.974
103.000	15.964
104.000	15.955
105.000	15.945
106.000	15.945
107.000	15.935
108.000	15.924
109.000	15.924
110.000	15.912
111.000	15.901
112.000	15.901
113.000	15.888
114.000	15.875
115.000	15.863
116.000	15.863
117.000	15.849
118.000	15.835
119.000	15.835
120.000	15.821
121.000	15.807
122.000	15.791
123.000	15.791
124.000	15.776
125.000	15.759
126.000	15.759
127.000	15.743
128.000	15.726
129.000	15.726
130.000	15.709
131.000	15.691
132.000	15.672
133.000	15.672
134.000	15.654
135.000	15.635
136.000	15.627
137.000	15.607
138.000	15.588
139.000	15.567
140.000	15.567
141.000	15.546
142.000	15.525
143.000	15.524
144.000	15.502
145.000	15.481
146.000	15.421
147.000	15.398
148.000	15.375
149.000	15.352
150.000	15.319
151.000	15.295
152.000	15.271
153.000	15.271
154.000	15.246
155.000	15.222
156.000	15.131
157.000	15.106
158.000	15.081
159.000	15.055
160.000	15.039
161.000	15.013
162.000	14.987
163.000	14.973
164.000	14.946
165.000	14.919
166.000	14.892
167.000	14.825
168.000	14.798
169.000	14.770
170.000	14.770
171.000	14.742
172.000	14.714
173.000	14.670
174.000	14.642
175.000	14.613
176.000	14.585
177.000	14.558
178.000	14.529
179.000	14.500
180.000	14.488
181.000	14.459
182.000	14.429
183.000	14.399
184.000	14.360
185.000	14.330
186.000	14.299
187.000	14.245
188.000	14.216
189.000	14.188
190.000	14.135
191.000	14.107
192.000	14.078
193.000	14.049
194.000	14.010
195.000	13.980
196.000	13.950
197.000	13.899
198.000	13.869
199.000	13.838
200.000	13.808
201.000	13.779
202.000	13.748
203.000	13.717
204.000	13.680
205.000	13.649
206.000	13.617
207.000	13.588
208.000	13.556
209.000	13.526
210.000	13.495
211.000	13.453
212.000	13.422
213.000	13.391
214.000	13.353
215.000	13.322
216.000	13.290
217.000	13.275
218.000	13.243
219.000	13.211
220.000	13.179
221.000	13.171
222.000	13.139
223.000	13.106
224.000	13.064
225.000	13.032
226.000	12.999
227.000	12.967
228.000	12.931
229.000	12.899
230.000	12.867
231.000	12.866
232.000	12.834
233.000	12.802
234.000	12.785
235.000	12.753
236.000	12.721
237.000	12.688
238.000	12.685
239.000	12.653
240.000	12.621
241.000	12.579
242.000	12.547
243.000	12.516
244.000	12.483
245.000	12.441
246.000	12.409
247.000	12.377
248.000	12.341
249.000	12.309
250.000	12.277
251.000	12.226
252.000	12.194
253.000	12.163
254.000	12.132
255.000	12.111
256.000	12.080
257.000	12.050
258.000	12.009
259.000	11.978
260.000	11.948
261.000	11.917
262.000	11.887
263.000	11.857
264.000	11.827
265.000	11.804
266.000	11.774
267.000	11.744
268.000	11.694
269.000	11.665
270.000	11.635
271.000	11.605
272.000	11.535
273.000	11.505
274.000	11.476
275.000	11.444
276.000	11.415
277.000	11.385
278.000	11.327
279.000	11.297
280.000	11.268
281.000	11.238
282.000	11.179
283.000	11.150
284.000	11.121
285.000	11.060
286.000	11.031
287.000	11.002
288.000	10.973
289.000	10.905
290.000	10.876
291.000	10.847
292.000	10.795
293.000	10.766
294.000	10.738
295.000	10.699
296.000	10.670
297.000	10.641
298.000	10.613
299.000	10.581
300.000	10.553
301.000	10.524
302.000	10.471
303.000	10.443
304.000	10.415
305.000	10.387
306.000	10.355
307.000	10.327
308.000	10.299
309.000	10.296
310.000	10.268
311.000	10.240
312.000	10.215
313.000	10.187
314.000	10.159
315.000	10.132
316.000	10.080
317.000	10.052
318.000	10.025
319.000	9.939
320.000	9.912
321.000	9.884
322.000	9.857
323.000	9.834
324.000	9.806
325.000	9.779
326.000	9.723
327.000	9.696
328.000	9.669
329.000	9.648
330.000	9.621
331.000	9.594
332.000	9.567
333.000	9.564
334.000	9.537
335.000	9.511
336.000	9.508
337.000	9.481
338.000	9.455
339.000	9.452
340.000	9.426
341.000	9.400
342.000	9.374
343.000	9.374
344.000	9.348
345.000	9.322
346.000	9.296
347.000	9.271
348.000	9.245
349.000	9.220
350.000	9.219
351.000	9.194
352.000	9.168
353.000	9.158
354.000	9.133
355.000	9.107
356.000	9.107
357.000	9.082
358.000	9.057
359.000	9.032
360.000	9.030
361.000	9.005
362.000	8.980
363.000	8.950
364.000	8.926
365.000	8.901
366.000	8.877
367.000	8.876
368.000	8.852
369.000	8.828
370.000	8.823
371.000	8.799
372.000	8.775
373.000	8.758
374.000	8.734
375.000	8.711
376.000	8.687
377.000	8.642
378.000	8.619
379.000	8.595
380.000	8.567
381.000	8.544
382.000	8.521
383.000	8.498
384.000	8.467
385.000	8.444
386.000	8.422
387.000	8.386
388.000	8.364
389.000	8.341
390.000	8.317
391.000	8.295
392.000	8.272
393.000	8.250
394.000	8.196
395.000	8.174
396.000	8.152
397.000	8.088
398.000	8.066
399.000	8.045
400.000	8.038
401.000	8.017
402.000	7.995
403.000	7.974
404.000	7.949
405.000	7.928
406.000	7.907
407.000	7.870
408.000	7.849
409.000	7.828
410.000	7.807
411.000	7.790
412.000	7.769
413.000	7.749
414.000	7.714
415.000	7.694
416.000	7.674
417.000	7.627
418.000	7.607
419.000	7.587
420.000	7.567
421.000	7.563
422.000	7.543
423.000	7.523
424.000	7.498
425.000	7.478
426.000	7.458
427.000	7.439
428.000	7.418
429.000	7.399
430.000	7.379
431.000	7.360
432.000	7.341
433.000	7.322
434.000	7.311
435.000	7.292
436.000	7.273
437.000	7.254
438.000	7.235
439.000	7.216
440.000	7.197
441.000	7.185
442.000	7.167
443.000	7.148
444.000	7.129
445.000	7.129
446.000	7.110
447.000	7.092
448.000	7.069
449.000	7.051
450.000	7.032
451.000	7.024
452.000	7.006
453.000	6.988
454.000	6.970
455.000	6.935
456.000	6.917
457.000	6.899
458.000	6.876
459.000	6.859
460.000	6.841
461.000	6.841
462.000	6.823
463.000	6.806
464.000	6.788
465.000	6.788
466.000	6.771
467.000	6.753
468.000	6.745
469.000	6.728
470.000	6.711
471.000	6.694
472.000	6.694
473.000	6.677
474.000	6.660
475.000	6.650
476.000	6.634
477.000	6.617
478.000	6.616
479.000	6.599
480.000	6.583
481.000	6.566
482.000	6.566
483.000	6.550
484.000	6.533
485.000	6.533
486.000	6.517
487.000	6.500
488.000	6.484
489.000	6.484
490.000	6.468
491.000	6.452
492.000	6.451
493.000	6.435
494.000	6.419
495.000	6.332
496.000	6.316
497.000	6.300
498.000	6.284
499.000	6.284
500.000	6.268
501.000	6.252
502.000	6.236
503.000	6.220
504.000	6.204
505.000	6.188
506.000	6.188
507.000	6.172
508.000	6.157
509.000	6.152
510.000	6.136
511.000	6.121
512.000	6.121
513.000	6.105
514.000	6.090
515.000	6.074
516.000	6.074
517.000	6.059
518.000	6.044
519.000	6.017
520.000	6.002
521.000	5.987
522.000	5.970
523.000	5.955
524.000	5.940
525.000	5.925
526.000	5.910
527.000	5.895
528.000	5.880
529.000	5.865
530.000	5.850
531.000	5.836
532.000	5.821
533.000	5.821
534.000	5.807
535.000	5.793
536.000	5.768
537.000	5.754
538.000	5.740
539.000	5.716
540.000	5.702
541.000	5.688
542.000	5.674
543.000	5.674
544.000	5.660
545.000	5.646
546.000	5.646
547.000	5.633
548.000	5.619
549.000	5.605
550.000	5.582
551.000	5.568
552.000	5.555
553.000	5.542
554.000	5.528
555.000	5.515
556.000	5.508
557.000	5.494
558.000	5.481
559.000	5.468
560.000	5.468
561.000	5.455
562.000	5.443
563.000	5.430
564.000	5.417
565.000	5.404
566.000	5.391
567.000	5.360
568.000	5.348
569.000	5.335
570.000	5.335
571.000	5.323
572.000	5.311
573.000	5.311
574.000	5.298
575.000	5.286
576.000	5.274
577.000	5.270
578.000	5.258
579.000	5.246
580.000	5.239
581.000	5.227
582.000	5.216
583.000	5.204
584.000	5.193
585.000	5.182
586.000	5.170
587.000	5.154
588.000	5.142
589.000	5.131
590.000	5.131
591.000	5.120
592.000	5.108
593.000	5.097
594.000	5.075
595.000	5.064
596.000	5.052
597.000	5.046
598.000	5.035
599.000	5.024
600.000	5.015
601.000	5.004
602.000	4.993
603.000	4.982
604.000	4.972
605.000	4.961
606.000	4.951
607.000	4.943
608.000	4.933
609.000	4.922
610.000	4.912
611.000	4.870
612.000	4.859
613.000	4.849
614.000	4.845
615.000	4.835
616.000	4.825
617.000	4.801
618.000	4.791
619.000	4.781
620.000	4.771
621.000	4.741
622.000	4.731
623.000	4.721
624.000	4.705
625.000	4.696
626.000	4.686
627.000	4.676
628.000	4.658
629.000	4.649
630.000	4.639
631.000	4.636
632.000	4.627
633.000	4.617
634.000	4.594
635.000	4.585
636.000	4.575
637.000	4.566
638.000	4.556
639.000	4.547
640.000	4.537
641.000	4.514
642.000	4.505
643.000	4.496
644.000	4.487
645.000	4.487
646.000	4.478
647.000	4.469
648.000	4.469
649.000	4.460
650.000	4.451
651.000	4.451
652.000	4.442
653.000	4.433
654.000	4.425
655.000	4.415
656.000	4.406
657.000	4.398
658.000	4.387
659.000	4.378
660.000	4.370
661.000	4.368
662.000	4.359
663.000	4.351
664.000	4.343
665.000	4.328
666.000	4.320
667.000	4.312
668.000	4.287
669.000	4.279
670.000	4.271
671.000	4.262
672.000	4.262
673.000	4.253
674.000	4.245
675.000	4.244
676.000	4.236
677.000	4.227
678.000	4.216
679.000	4.208
680.000	4.199
681.000	4.191
682.000	4.191
683.000	4.182
684.000	4.174
685.000	4.156
686.000	4.148
687.000	4.140
688.000	4.132
689.000	4.132
690.000	4.124
691.000	4.116
692.000	4.116
693.000	4.108
694.000	4.099
695.000	4.089
696.000	4.081
697.000	4.073
698.000	4.065
699.000	4.065
700.000	4.057
701.000	4.049
702.000	4.049
703.000	4.041
704.000	4.034
705.000	4.026
706.000	4.026
707.000	4.018
708.000	4.010
709.000	3.968
710.000	3.960
711.000	3.952
712.000	3.950
713.000	3.942
714.000	3.935
715.000	3.927
716.000	3.919
717.000	3.911
718.000	3.904
719.000	3.904
720.000	3.896
721.000	3.888
722.000	3.888
723.000	3.880
724.000	3.872
725.000	3.865
726.000	3.865
727.000	3.857
728.000	3.850
729.000	3.850
730.000	3.842
731.000	3.835
732.000	3.828
733.000	3.828
734.000	3.820
735.000	3.813
736.000	3.800
737.000	3.793
738.000	3.785
739.000	3.778
740.000	3.770
741.000	3.763
742.000	3.756
743.000	3.756
744.000	3.749
745.000	3.742
746.000	3.742
747.000	3.735
748.000	3.727
749.000	3.720
750.000	3.716
751.000	3.709
752.000	3.702
753.000	3.702
754.000	3.695
755.000	3.688
756.000	3.655
757.000	3.648
758.000	3.641
759.000	3.634
760.000	3.634
761.000	3.628
762.000	3.621
763.000	3.620
764.000	3.613
765.000	3.606
766.000	3.600
767.000	3.600
768.000	3.593
769.000	3.587
770.000	3.554
771.000	3.548
772.000	3.541
773.000	3.541
774.000	3.534
775.000	3.528
776.000	3.521
777.000	3.521
778.000	3.515
779.000	3.508
780.000	3.508
781.000	3.502
782.000	3.496
783.000	3.496
784.000	3.489
785.000	3.483
786.000	3.476
787.000	3.476
788.000	3.470
789.000	3.464
790.000	3.464
791.000	3.458
792.000	3.451
793.000	3.445
794.000	3.445
795.000	3.439
796.000	3.433
797.000	3.433
798.000	3.427
799.000	3.421
800.000	3.421
801.000	3.415
802.000	3.409
803.000	3.403
804.000	3.393
805.000	3.387
806.000	3.381
807.000	3.381
808.000	3.375
809.000	3.369
810.000	3.363
811.000	3.363
812.000	3.357
813.000	3.351
814.000	3.351
815.000	3.345
816.000	3.340
817.000	3.340
818.000	3.334
819.000	3.328
820.000	3.322
821.000	3.322
822.000	3.316
823.000	3.311
824.000	3.311
825.000	3.305
826.000	3.299
827.000	3.294
828.000	3.267
829.000	3.261
830.000	3.255
831.000	3.255
832.000	3.250
833.000	3.244
834.000	3.244
835.000	3.239
836.000	3.233
837.000	3.228
838.000	3.228
839.000	3.222
840.000	3.217
841.000	3.217
842.000	3.212
843.000	3.206
844.000	3.206
845.000	3.201
846.000	3.195
847.000	3.190
848.000	3.190
849.000	3.185
850.000	3.179
851.000	3.179
852.000	3.174
853.000	3.169
854.000	3.164
855.000	3.164
856.000	3.158
857.000	3.153
858.000	3.153
859.000	3.148
860.000	3.143
861.000	3.143
862.000	3.138
863.000	3.133
864.000	3.128
865.000	3.128
866.000	3.123
867.000	3.118
868.000	3.118
869.000	3.112
870.000	3.107
871.000	3.102
872.000	3.102
873.000	3.097
874.000	3.092
875.000	3.079
876.000	3.074
877.000	3.069
878.000	3.069
879.000	3.064
880.000	3.059
881.000	3.054
882.000	3.054
883.000	3.050
884.000	3.045
885.000	3.045
886.000	3.040
887.000	3.035
888.000	3.030
889.000	3.030
890.000	3.025
891.000	3.021
892.000	3.021
893.000	3.016
894.000	3.011
895.000	3.011
896.000	3.006
897.000	3.002
898.000	2.997
899.000	2.997
900.000	2.992
901.000	2.988
902.000	2.988
903.000	2.983
904.000	2.978
905.000	2.978
906.000	2.974
907.000	2.969
908.000	2.965
909.000	2.837
910.000	2.832
911.000	2.828
912.000	2.828
913.000	2.823
914.000	2.819
915.000	2.814
916.000	2.814
917.000	2.810
918.000	2.805
919.000	2.805
920.000	2.801
921.000	2.796
922.000	2.796
923.000	2.792
924.000	2.787
925.000	2.783
926.000	2.783
927.000	2.779
928.000	2.774
929.000	2.774
930.000	2.770
931.000	2.765
932.000	2.761
933.000	2.761
934.000	2.757
935.000	2.752
936.000	2.752
937.000	2.748
938.000	2.744
939.000	2.744
940.000	2.739
941.000	2.735
942.000	2.731
943.000	2.731
944.000	2.727
945.000	2.722
946.000	2.722
947.000	2.718
948.000	2.714
949.000	2.710
950.000	2.710
951.000	2.706
952.000	2.701
953.000	2.701
954.000	2.697
955.000	2.693
956.000	2.693
957.000	2.689
958.000	2.685
959.000	2.680
960.000	2.680
961.000	2.676
962.000	2.672
963.000	2.672
964.000	2.668
965.000	2.664
966.000	2.664
967.000	2.660
968.000	2.656
969.000	2.652
970.000	2.652
971.000	2.648
972.000	2.644
973.000	2.644
974.000	2.640
975.000	2.636
976.000	2.632
977.000	2.632
978.000	2.628
979.000	2.624
980.000	2.624
981.000	2.620
982.000	2.616
983.000	2.576
984.000	2.572
985.000	2.568
986.000	2.564
987.000	2.550
988.000	2.546
989.000	2.542
990.000	2.542
991.000	2.539
992.000	2.535
993.000	2.531
994.000	2.531
995.000	2.527
996.000	2.523
997.000	2.523
998.000	2.519
999.000	2.516
1000.000	2.516
1001.000	2.512
1002.000	2.508
1003.000	2.504
1004.000	2.504
1005.000	2.501
1006.000	2.497
1007.000	2.497
1008.000	2.493
1009.000	2.489
1010.000	2.486
1011.000	2.481
1012.000	2.477
1013.000	2.473
1014.000	2.473
1015.000	2.469
1016.000	2.466
1017.000	2.466
1018.000	2.462
1019.000	2.458
1020.000	2.455
1021.000	2.455
1022.000	2.451
1023.000	2.447
1024.000	2.447
1025.000	2.444
1026.000	2.440
1027.000	2.440
1028.000	2.436
1029.000	2.433
1030.000	2.429
1031.000	2.429
1032.000	2.425
1033.000	2.422
1034.000	2.422
1035.000	2.418
1036.000	2.415
1037.000	2.411
1038.000	2.411
1039.000	2.408
1040.000	2.404
1041.000	2.404
1042.000	2.400
1043.000	2.397
1044.000	2.397
1045.000	2.393
1046.000	2.390
1047.000	2.386
1048.000	2.386
1049.000	2.383
1050.000	2.379
1051.000	2.379
1052.000	2.376
1053.000	2.372
1054.000	2.369
1055.000	2.336
1056.000	2.332
1057.000	2.329
1058.000	2.329
1059.000	2.325
1060.000	2.322
1061.000	2.322
1062.000	2.318
1063.000	2.315
1064.000	2.311
1065.000	2.282
1066.000	2.279
1067.000	2.275
1068.000	2.275
1069.000	2.272
1070.000	2.269
1071.000	2.265
1072.000	2.265
1073.000	2.262
1074.000	2.258
1075.000	2.227
1076.000	2.223
1077.000	2.220
1078.000	2.220
1079.000	2.217
1080.000	2.213
1081.000	2.210
1082.000	2.210
1083.000	2.207
1084.000	2.203
1085.000	2.203
1086.000	2.200
1087.000	2.197
1088.000	2.193
1089.000	2.190
1090.000	2.186
1091.000	2.183
1092.000	2.183
1093.000	2.180
1094.000	2.177
1095.000	2.177
1096.000	2.173
1097.000	2.170
1098.000	2.167
1099.000	2.150
1100.000	2.147
1101.000	2.143
1102.000	2.143
1103.000	2.140
1104.000	2.137
1105.000	2.137
1106.000	2.133
1107.000	2.130
1108.000	2.127
1109.000	2.127
1110.000	2.124
1111.000	2.120
1112.000	2.120
1113.000	2.117
1114.000	2.114
1115.000	2.111
1116.000	2.111
1117.000	2.108
1118.000	2.105
1119.000	2.105
1120.000	2.101
1121.000	2.098
1122.000	2.098
1123.000	2.095
1124.000	2.092
1125.000	2.089
1126.000	2.089
1127.000	2.086
1128.000	2.082
1129.000	2.047
1130.000	2.044
1131.000	2.041
1132.000	2.038
1133.000	2.038
1134.000	2.035
1135.000	2.032
1136.000	2.032
1137.000	2.029
1138.000	2.025
1139.000	1.994
1140.000	1.991
1141.000	1.988
1142.000	1.985
1143.000	1.985
1144.000	1.982
1145.000	1.979
1146.000	1.968
1147.000	1.965
1148.000	1.962
1149.000	1.959
1150.000	1.936
1151.000	1.933
1152.000	1.933
1153.000	1.933
1154.000	1.933
1155.000	1.933
1156.000	1.933
1157.000	1.933
1158.000	1.933
1159.000	1.933
1160.000	1.925
1161.000	1.925
1162.000	1.925
1163.000	1.925
1164.000	1.925
1165.000	1.905
1166.000	1.900
1167.000	1.900
1168.000	1.900
1169.000	1.900
1170.000	1.900
1171.000	1.900
1172.000	1.900
1173.000	1.900
1174.000	1.900
1175.000	1.900
1176.000	1.900
1177.000	1.900
1178.000	1.900
1179.000	1.900
1180.000	1.900
1181.000	1.900
1182.000	1.900
1183.000	1.900
1184.000	1.900
1185.000	1.900
1186.000	1.900
1187.000	1.900
1188.000	1.900
1189.000	1.900
1190.000	1.900
1191.000	1.846
1192.000	1.846
1193.000	1.846
1194.000	1.846
1195.000	1.846
1196.000	1.837
1197.000	1.837
1198.000	1.832
1199.000	1.832
1200.000	1.832
1201.000	1.832
1202.000	1.823
1203.000	1.823
1204.000	1.817
1205.000	1.817
1206.000	1.797
1207.000	1.797
1208.000	1.797
1209.000	1.792
1210.000	1.792
1211.000	1.792
1212.000	1.792
1213.000	1.792
1214.000	1.792
1215.000	1.792
1216.000	1.783
1217.000	1.783
1218.000	1.783
1219.000	1.783
1220.000	1.783
1221.000	1.775
1222.000	1.775
1223.000	1.775
1224.000	1.759
1225.000	1.759
1226.000	1.759
1227.000	1.759
1228.000	1.745
1229.000	1.745
1230.000	1.745
1231.000	1.745
1232.000	1.745
1233.000	1.745
1234.000	1.745
1235.000	1.745
1236.000	1.745
1237.000	1.745
1238.000	1.745
1239.000	1.745
1240.000	1.722
1241.000	1.722
1242.000	1.722
1243.000	1.713
1244.000	1.710
1245.000	1.710
1246.000	1.710
1247.000	1.710
1248.000	1.702
1249.000	1.696
1250.000	1.690
1251.000	1.690
1252.000	1.690
1253.000	1.690
1254.000	1.690
1255.000	1.684
1256.000	1.684
1257.000	1.684
1258.000	1.684
1259.000	1.684
1260.000	1.682
1261.000	1.682
1262.000	1.671
1263.000	1.661
1264.000	1.661
1265.000	1.655
1266.000	1.654
1267.000	1.654
1268.000	1.654
1269.000	1.654
1270.000	1.654
1271.000	1.639
1272.000	1.639
1273.000	1.639
1274.000	1.639
1275.000	1.639
1276.000	1.639
1277.000	1.639
1278.000	1.639
1279.000	1.639
1280.000	1.639
1281.000	1.639
1282.000	1.639
1283.000	1.627
1284.000	1.621
1285.000	1.621
1286.000	1.613
1287.000	1.613
1288.000	1.613
1289.000	1.613
1290.000	1.613
1291.000	1.613
1292.000	1.613
1293.000	1.613
1294.000	1.613
1295.000	1.613
1296.000	1.613
1297.000	1.612
1298.000	1.612
1299.000	1.612
1300.000	1.593
1301.000	1.593
1302.000	1.593
1303.000	1.593
1304.000	1.592
1305.000	1.580
1306.000	1.580
1307.000	1.580
1308.000	1.580
1309.000	1.580
1310.000	1.580
1311.000	1.580
1312.000	1.580
1313.000	1.580
1314.000	1.580
1315.000	1.580
1316.000	1.550
1317.000	1.549
1318.000	1.549
1319.000	1.549
1320.000	1.549
1321.000	1.549
1322.000	1.538
1323.000	1.538
1324.000	1.538
1325.000	1.538
1326.000	1.538
1327.000	1.538
1328.000	1.538
1329.000	1.538
1330.000	1.538
1331.000	1.538
1332.000	1.538
1333.000	1.538
1334.000	1.538
1335.000	1.538
1336.000	1.538
1337.000	1.538
1338.000	1.516
1339.000	1.516
1340.000	1.516
1341.000	1.516
1342.000	1.509
1343.000	1.496
1344.000	1.496
1345.000	1.496
1346.000	1.496
1347.000	1.496
1348.000	1.496
1349.000	1.496
1350.000	1.488
1351.000	1.485
1352.000	1.485
1353.000	1.485
1354.000	1.478
1355.000	1.478
1356.000	1.478
1357.000	1.478
1358.000	1.478
1359.000	1.478
1360.000	1.473
1361.000	1.473
1362.000	1.473
1363.000	1.473
1364.000	1.473
1365.000	1.473
1366.000	1.473
1367.000	1.473
1368.000	1.473
1369.000	1.455
1370.000	1.455
1371.000	1.455
1372.000	1.455
1373.000	1.455
1374.000	1.455
1375.000	1.455
1376.000	1.455
1377.000	1.455
1378.000	1.446
1379.000	1.446
1380.000	1.441
1381.000	1.441
1382.000	1.441
1383.000	1.441
1384.000	1.438
1385.000	1.437
1386.000	1.434
1387.000	1.434
1388.000	1.434
1389.000	1.423
1390.000	1.420
1391.000	1.420
1392.000	1.420
1393.000	1.420
1394.000	1.420
1395.000	1.420
1396.000	1.409
1397.000	1.409
1398.000	1.409
1399.000	1.409
1400.000	1.409
1401.000	1.409
1402.000	1.409
1403.000	1.409
1404.000	1.409
1405.000	1.409
1406.000	1.394
1407.000	1.394
1408.000	1.394
1409.000	1.394
1410.000	1.394
1411.000	1.386
1412.000	1.386
1413.000	1.386
1414.000	1.386
1415.000	1.377
1416.000	1.377
1417.000	1.368
1418.000	1.368
1419.000	1.368
1420.000	1.368
1421.000	1.368
1422.000	1.365
1423.000	1.365
1424.000	1.365
1425.000	1.365
1426.000	1.365
1427.000	1.365
1428.000	1.352
1429.000	1.352
1430.000	1.352
1431.000	1.345
1432.000	1.345
1433.000	1.345
1434.000	1.345
1435.000	1.345
1436.000	1.345
1437.000	1.345
1438.000	1.337
1439.000	1.329
1440.000	1.329
1441.000	1.329
1442.000	1.323
1443.000	1.323
1444.000	1.323
1445.000	1.323
1446.000	1.323
1447.000	1.323
1448.000	1.323
1449.000	1.323
1450.000	1.323
1451.000	1.323
1452.000	1.319
1453.000	1.314
1454.000	1.314
1455.000	1.314
1456.000	1.314
1457.000	1.308
1458.000	1.307
1459.000	1.307
1460.000	1.307
1461.000	1.303
1462.000	1.303
1463.000	1.303
1464.000	1.303
1465.000	1.303
1466.000	1.303
1467.000	1.303
1468.000	1.292
1469.000	1.292
1470.000	1.290
1471.000	1.287
1472.000	1.287
1473.000	1.282
1474.000	1.282
1475.000	1.277
1476.000	1.276
1477.000	1.275
1478.000	1.275
1479.000	1.275
1480.000	1.275
1481.000	1.275
1482.000	1.269
1483.000	1.269
1484.000	1.269
1485.000	1.269
1486.000	1.258
1487.000	1.251
1488.000	1.251
1489.000	1.251
1490.000	1.251
1491.000	1.251
1492.000	1.251
1493.000	1.251
1494.000	1.251
1495.000	1.251
1496.000	1.250
1497.000	1.250
1498.000	1.250
1499.000	1.230
1500.000	1.230
1501.000	0.000
1502.000	0.000
1503.000	0.000
1504.000	0.000
1505.000	0.000
1506.000	0.000
1507.000	0.000
1508.000	0.000
1509.000	0.000
1510.000	0.000
1511.000	0.000
1512.000	0.000
1513.000	0.000
1514.000	0.000
1515.000	0.000
1516.000	0.000
1517.000	0.000
1518.000	0.000
1519.000	0.000
1520.000	0.000
1521.000	0.000
1522.000	0.000
1523.000	0.000
1524.000	0.000
1525.000	0.000
1526.000	0.000
1527.000	0.000
1528.000	0.000
1529.000	0.000
1530.000	0.000
1531.000	0.000
1532.000	0.000
1533.000	0.000
1534.000	0.000
1535.000	0.000
1536.000	0.000
1537.000	0.000
1538.000	0.000
1539.000	0.000
1540.000	0.000
1541.000	0.000
1542.000	0.000
1543.000	0.000
1544.000	0.000
1545.000	0.000
1546.000	0.000
1547.000	0.000
1548.000	0.000
1549.000	0.000
1550.000	0.000
1551.000	0.000
1552.000	0.000
1553.000	0.000
1554.000	0.000
1555.000	0.000
1556.000	0.000
1557.000	0.000
1558.000	0.000
1559.000	0.000
1560.000	0.000
1561.000	0.000
1562.000	0.000
1563.000	0.000
1564.000	0.000
1565.000	0.000
1566.000	0.000
1567.000	0.000
1568.000	0.000
1569.000	0.000
1570.000	0.000
1571.000	0.000
1572.000	0.000
1573.000	0.000
1574.000	0.000
1575.000	0.000
1576.000	0.000
1577.000	0.000
1578.000	0.000
1579.000	0.000
1580.000	0.000
1581.000	0.000
1582.000	0.000
1583.000	0.000
1584.000	0.000
1585.000	0.000
1586.000	0.000
1587.000	0.000
1588.000	0.000
1589.000	0.000
1590.000	0.000
1591.000	0.000
1592.000	0.000
1593.000	0.000
1594.000	0.000
1595.000	0.000
1596.000	0.000
1597.000	0.000
1598.000	0.000
1599.000	0.000
1600.000	0.000
1601.000	0.000
1602.000	0.000
1603.000	0.000
1604.000	0.000
1605.000	0.000
1606.000	0.000
1607.000	0.000
1608.000	0.000
1609.000	0.000
1610.000	0.000
1611.000	0.000
1612.000	0.000
1613.000	0.000
1614.000	0.000
1615.000	0.000
1616.000	0.000
1617.000	0.000
1618.000	0.000
1619.000	0.000
1620.000	0.000
1621.000	0.000
1622.000	0.000
1623.000	0.000
1624.000	0.000
1625.000	0.000
1626.000	0.000
1627.000	0.000
1628.000	0.000
1629.000	0.000
1630.000	0.000
1631.000	0.000
1632.000	0.000
1633.000	0.000
1634.000	0.000
1635.000	0.000
1636.000	0.000
1637.000	0.000
1638.000	0.000
1639.000	0.000
1640.000	0.000
1641.000	0.000
1642.000	0.000
1643.000	0.000
1644.000	0.000
1645.000	0.000
1646.000	0.000
1647.000	0.000
1648.000	0.000
1649.000	0.000
1650.000	0.000
1651.000	0.000
1652.000	0.000
1653.000	0.000
1654.000	0.000
1655.000	0.000
1656.000	0.000
1657.000	0.000
1658.000	0.000
1659.000	0.000
1660.000	0.000
1661.000	0.000
1662.000	0.000
1663.000	0.000
1664.000	0.000
1665.000	0.000
1666.000	0.000
1667.000	0.000
1668.000	0.000
1669.000	0.000
1670.000	0.000
1671.000	0.000
1672.000	0.000
1673.000	0.000
1674.000	0.000
1675.000	0.000
1676.000	0.000
1677.000	0.000
1678.000	0.000
1679.000	0.000
1680.000	0.000
1681.000	0.000
1682.000	0.000
1683.000	0.000
1684.000	0.000
1685.000	0.000
1686.000	0.000
1687.000	0.000
1688.000	0.000
1689.000	0.000
1690.000	0.000
1691.000	0.000
1692.000	0.000
1693.000	0.000
1694.000	0.000
1695.000	0.000
1696.000	0.000
1697.000	0.000
1698.000	0.000
1699.000	0.000
1700.000	0.000
1701.000	0.000
1702.000	0.000
1703.000	0.000
1704.000	0.000
1705.000	0.000
1706.000	0.000
1707.000	0.000
1708.000	0.000
1709.000	0.000
1710.000	0.000
1711.000	0.000
1712.000	0.000
1713.000	0.000
1714.000	0.000
1715.000	0.000
1716.000	0.000
1717.000	0.000
1718.000	0.000
1719.000	0.000
1720.000	0.000
1721.000	0.000
1722.000	0.000
1723.000	0.000
1724.000	0.000
1725.000	0.000
1726.000	0.000
1727.000	0.000
1728.000	0.000
1729.000	0.000
1730.000	0.000
1731.000	0.000
1732.000	0.000
1733.000	0.000
1734.000	0.000
1735.000	0.000
1736.000	0.000
1737.000	0.000
1738.000	0.000
1739.000	0.000
1740.000	0.000
1741.000	0.000
1742.000	0.000
1743.000	0.000
1744.000	0.000
1745.000	0.000
1746.000	0.000
1747.000	0.000
1748.000	0.000
1749.000	0.000
1750.000	0.000
1751.000	0.000
1752.000	0.000
1753.000	0.000
1754.000	0.000
1755.000	0.000
1756.000	0.000
1757.000	0.000
1758.000	0.000
1759.000	0.000
1760.000	0.000
1761.000	0.000
1762.000	0.000
1763.000	0.000
1764.000	0.000
1765.000	0.000
1766.000	0.000
1767.000	0.000
1768.000	0.000
1769.000	0.000
1770.000	0.000
1771.000	0.000
1772.000	0.000
1773.000	0.000
1774.000	0.000
1775.000	0.000
1776.000	0.000
1777.000	0.000
1778.000	0.000
1779.000	0.000
1780.000	0.000
1781.000	0.000
1782.000	0.000
1783.000	0.000
1784.000	0.000
1785.000	0.000
1786.000	0.000
1787.000	0.000
1788.000	0.000
1789.000	0.000
1790.000	0.000
1791.000	0.000
1792.000	0.000
1793.000	0.000
1794.000	0.000
1795.000	0.000
1796.000	0.000
1797.000	0.000
1798.000	0.000
1799.000	0.000
1800.000	0.000
1801.000	0.000
1802.000	0.000
1803.000	0.000
1804.000	0.000
1805.000	0.000
1806.000	0.000
1807.000	0.000
1808.000	0.000
1809.000	0.000
1810.000	0.000
1811.000	0.000
1812.000	0.000
1813.000	0.000
1814.000	0.000
1815.000	0.000
1816.000	0.000
1817.000	0.000
1818.000	0.000
1819.000	0.000
1820.000	0.000
1821.000	0.000
1822.000	0.000
1823.000	0.000
1824.000	0.000
1825.000	0.000
1826.000	0.000
1827.000	0.000
1828.000	0.000
1829.000	0.000
1830.000	0.000
1831.000	0.000
1832.000	0.000
1833.000	0.000
1834.000	0.000
1835.000	0.000
1836.000	0.000
1837.000	0.000
1838.000	0.000
1839.000	0.000
1840.000	0.000
1841.000	0.000
1842.000	0.000
1843.000	0.000
1844.000	0.000
1845.000	0.000
1846.000	0.000
1847.000	0.000
1848.000	0.000
1849.000	0.000
1850.000	0.000
1851.000	0.000
1852.000	0.000
1853.000	0.000
1854.000	0.000
1855.000	0.000
1856.000	0.000
1857.000	0.000
1858.000	0.000
1859.000	0.000
1860.000	0.000
1861.000	0.000
1862.000	0.000
1863.000	0.000
1864.000	0.000
1865.000	0.000
1866.000	0.000
1867.000	0.000
1868.000	0.000
1869.000	0.000
1870.000	0.000
1871.000	0.000
1872.000	0.000
1873.000	0.000
1874.000	0.000
1875.000	0.000
1876.000	0.000
1877.000	0.000
1878.000	0.000
1879.000	0.000
1880.000	0.000
1881.000	0.000
1882.000	0.000
1883.000	0.000
1884.000	0.000
1885.000	0.000
1886.000	0.000
1887.000	0.000
1888.000	0.000
1889.000	0.000
1890.000	0.000
1891.000	0.000
1892.000	0.000
1893.000	0.000
1894.000	0.000
1895.000	0.000
1896.000	0.000
1897.000	0.000
1898.000	0.000
1899.000	0.000
1900.000	0.000
1901.000	0.000
1902.000	0.000
1903.000	0.000
1904.000	0.000
1905.000	0.000
1906.000	0.000
1907.000	0.000
1908.000	0.000
1909.000	0.000
1910.000	0.000
1911.000	0.000
1912.000	0.000
1913.000	0.000
1914.000	0.000
1915.000	0.000
1916.000	0.000
1917.000	0.000
1918.000	0.000
1919.000	0.000
1920.000	0.000
1921.000	0.000
1922.000	0.000
1923.000	0.000
1924.000	0.000
1925.000	0.000
1926.000	0.000
1927.000	0.000
1928.000	0.000
1929.000	0.000
1930.000	0.000
1931.000	0.000
1932.000	0.000
1933.000	0.000
1934.000	0.000
1935.000	0.000
1936.000	0.000
1937.000	0.000
1938.000	0.000
1939.000	0.000
1940.000	0.000
1941.000	0.000
1942.000	0.000
1943.000	0.000
1944.000	0.000
1945.000	0.000
1946.000	0.000
1947.000	0.000
1948.000	0.000
1949.000	0.000
1950.000	0.000
1951.000	0.000
1952.000	0.000
1953.000	0.000
1954.000	0.000
1955.000	0.000
1956.000	0.000
1957.000	0.000
1958.000	0.000
1959.000	0.000
1960.000	0.000
1961.000	0.000
1962.000	0.000
1963.000	0.000
1964.000	0.000
1965.000	0.000
1966.000	0.000
1967.000	0.000
1968.000	0.000
1969.000	0.000
1970.000	0.000
1971.000	0.000
1972.000	0.000
1973.000	0.000
1974.000	0.000
1975.000	0.000
1976.000	0.000
1977.000	0.000
1978.000	0.000
1979.000	0.000
1980.000	0.000
1981.000	0.000
1982.000	0.000
1983.000	0.000
1984.000	0.000
1985.000	0.000
1986.000	0.000
1987.000	0.000
1988.000	0.000
1989.000	0.000
1990.000	0.000
1991.000	0.000
1992.000	0.000
1993.000	0.000
1994.000	0.000
1995.000	0.000
1996.000	0.000
1997.000	0.000
1998.000	0.000
1999.000	0.000
2000.000	0.000
2001.000	0.000
2002.000	0.000
2003.000	0.000
2004.000	0.000
2005.000	0.000
2006.000	0.000
2007.000	0.000
2008.000	0.000
2009.000	0.000
2010.000	0.000
2011.000	0.000
2012.000	0.000
2013.000	0.000
2014.000	0.000
2015.000	0.000
2016.000	0.000
2017.000	0.000
2018.000	0.000
2019.000	0.000
2020.000	0.000
2021.000	0.000
2022.000	0.000
2023.000	0.000
2024.000	0.000
2025.000	0.000
2026.000	0.000
2027.000	0.000
2028.000	0.000
2029.000	0.000
2030.000	0.000
2031.000	0.000
2032.000	0.000
2033.000	0.000
2034.000	0.000
2035.000	0.000
2036.000	0.000
2037.000	0.000
2038.000	0.000
2039.000	0.000
2040.000	0.000
2041.000	0.000
2042.000	0.000
2043.000	0.000
2044.000	0.000
2045.000	0.000
2046.000	0.000
2047.000	0.000
2048.000	0.000
2049.000	0.000
2050.000	0.000
2051.000	0.000
2052.000	0.000
2053.000	0.000
2054.000	0.000
2055.000	0.000
2056.000	0.000
2057.000	0.000
2058.000	0.000
2059.000	0.000
2060.000	0.000
2061.000	0.000
2062.000	0.000
2063.000	0.000
2064.000	0.000
2065.000	0.000
2066.000	0.000
2067.000	0.000
2068.000	0.000
2069.000	0.000
2070.000	0.000
2071.000	0.000
2072.000	0.000
2073.000	0.000
2074.000	0.000
2075.000	0.000
2076.000	0.000
2077.000	0.000
2078.000	0.000
2079.000	0.000
2080.000	0.000
2081.000	0.000
2082.000	0.000
2083.000	0.000
2084.000	0.000
2085.000	0.000
2086.000	0.000
2087.000	0.000
2088.000	0.000
2089.000	0.000
2090.000	0.000
2091.000	0.000
2092.000	0.000
2093.000	0.000
2094.000	0.000
2095.000	0.000
2096.000	0.000
2097.000	0.000
2098.000	0.000
2099.000	0.000
2100.000	0.000
2101.000	0.000
2102.000	0.000
2103.000	0.000
2104.000	0.000
2105.000	0.000
2106.000	0.000
2107.000	0.000
2108.000	0.000
2109.000	0.000
2110.000	0.000
2111.000	0.000
2112.000	0.000
2113.000	0.000
2114.000	0.000
2115.000	0.000
2116.000	0.000
2117.000	0.000
2118.000	0.000
2119.000	0.000
2120.000	0.000
2121.000	0.000
2122.000	0.000
2123.000	0.000
2124.000	0.000
2125.000	0.000
2126.000	0.000
2127.000	0.000
2128.000	0.000
2129.000	0.000
2130.000	0.000
2131.000	0.000
2132.000	0.000
2133.000	0.000
2134.000	0.000
2135.000	0.000
2136.000	0.000
2137.000	0.000
2138.000	0.000
2139.000	0.000
2140.000	0.000
2141.000	0.000
2142.000	0.000
2143.000	0.000
2144.000	0.000
2145.000	0.000
2146.000	0.000
2147.000	0.000
2148.000	0.000
2149.000	0.000
2150.000	0.000
2151.000	0.000
2152.000	0.000
2153.000	0.000
2154.000	0.000
2155.000	0.000
2156.000	0.000
2157.000	0.000
2158.000	0.000
2159.000	0.000
2160.000	0.000
2161.000	0.000
2162.000	0.000
2163.000	0.000
2164.000	0.000
2165.000	0.000
2166.000	0.000
2167.000	0.000
2168.000	0.000
2169.000	0.000
2170.000	0.000
2171.000	0.000
2172.000	0.000
2173.000	0.000
2174.000	0.000
2175.000	0.000
2176.000	0.000
2177.000	0.000
2178.000	0.000
2179.000	0.000
2180.000	0.000
2181.000	0.000
2182.000	0.000
2183.000	0.000
2184.000	0.000
2185.000	0.000
2186.000	0.000
2187.000	0.000
2188.000	0.000
2189.000	0.000
2190.000	0.000
2191.000	0.000
2192.000	0.000
2193.000	0.000
2194.000	0.000
2195.000	0.000
2196.000	0.000
2197.000	0.000
2198.000	0.000
2199.000	0.000
2200.000	0.000
2201.000	0.000
2202.000	0.000
2203.000	0.000
2204.000	0.000
2205.000	0.000
2206.000	0.000
2207.000	0.000
2208.000	0.000
2209.000	0.000
2210.000	0.000
2211.000	0.000
2212.000	0.000
2213.000	0.000
2214.000	0.000
2215.000	0.000
2216.000	0.000
2217.000	0.000
2218.000	0.000
2219.000	0.000
2220.000	0.000
2221.000	0.000
2222.000	0.000
2223.000	0.000
2224.000	0.000
2225.000	0.000
2226.000	0.000
2227.000	0.000
2228.000	0.000
2229.000	0.000
2230.000	0.000
2231.000	0.000
2232.000	0.000
2233.000	0.000
2234.000	0.000
2235.000	0.000
2236.000	0.000
2237.000	0.000
2238.000	0.000
2239.000	0.000
2240.000	0.000
2241.000	0.000
2242.000	0.000
2243.000	0.000
2244.000	0.000
2245.000	0.000
2246.000	0.000
2247.000	0.000
2248.000	0.000
2249.000	0.000
2250.000	0.000
2251.000	0.000
2252.000	0.000
2253.000	0.000
2254.000	0.000
2255.000	0.000
2256.000	0.000
2257.000	0.000
2258.000	0.000
2259.000	0.000
2260.000	0.000
2261.000	0.000
2262.000	0.000
2263.000	0.000
2264.000	0.000
2265.000	0.000
2266.000	0.000
2267.000	0.000
2268.000	0.000
2269.000	0.000
2270.000	0.000
2271.000	0.000
2272.000	0.000
2273.000	0.000
2274.000	0.000
2275.000	0.000
2276.000	0.000
2277.000	0.000
2278.000	0.000
2279.000	0.000
2280.000	0.000
2281.000	0.000
2282.000	0.000
2283.000	0.000
2284.000	0.000
2285.000	0.000
2286.000	0.000
2287.000	0.000
2288.000	0.000
2289.000	0.000
2290.000	0.000
2291.000	0.000
2292.000	0.000
2293.000	0.000
2294.000	0.000
2295.000	0.000
2296.000	0.000
2297.000	0.000
2298.000	0.000
2299.000	0.000
2300.000	0.000
2301.000	0.000
2302.000	0.000
2303.000	0.000
2304.000	0.000
2305.000	0.000
2306.000	0.000
2307.000	0.000
2308.000	0.000
2309.000	0.000
2310.000	0.000
2311.000	0.000
2312.000	0.000
2313.000	0.000
2314.000	0.000
2315.000	0.000
2316.000	0.000
2317.000	0.000
2318.000	0.000
2319.000	0.000
2320.000	0.000
2321.000	0.000
2322.000	0.000
2323.000	0.000
2324.000	0.000
2325.000	0.000
2326.000	0.000
2327.000	0.000
2328.000	0.000
2329.000	0.000
2330.000	0.000
2331.000	0.000
2332.000	0.000
2333.000	0.000
2334.000	0.000
2335.000	0.000
2336.000	0.000
2337.000	0.000
2338.000	0.000
2339.000	0.000
2340.000	0.000
2341.000	0.000
2342.000	0.000
2343.000	0.000
2344.000	0.000
2345.000	0.000
2346.000	0.000
2347.000	0.000
2348.000	0.000
2349.000	0.000
2350.000	0.000
2351.000	0.000
2352.000	0.000
2353.000	0.000
2354.000	0.000
2355.000	0.000
2356.000	0.000
2357.000	0.000
2358.000	0.000
2359.000	0.000
2360.000	0.000
2361.000	0.000
2362.000	0.000
2363.000	0.000
2364.000	0.000
2365.000	0.000
2366.000	0.000
2367.000	0.000
2368.000	0.000
2369.000	0.000
2370.000	0.000
2371.000	0.000
2372.000	0.000
2373.000	0.000
2374.000	0.000
2375.000	0.000
2376.000	0.000
2377.000	0.000
2378.000	0.000
2379.000	0.000
2380.000	0.000
2381.000	0.000
2382.000	0.000
2383.000	0.000
2384.000	0.000
2385.000	0.000
2386.000	0.000
2387.000	0.000
2388.000	0.000
2389.000	0.000
2390.000	0.000
2391.000	0.000
2392.000	0.000
2393.000	0.000
2394.000	0.000
2395.000	0.000
2396.000	0.000
2397.000	0.000
2398.000	0.000
2399.000	0.000
2400.000	0.000
2401.000	0.000
2402.000	0.000
2403.000	0.000
2404.000	0.000
2405.000	0.000
2406.000	0.000
2407.000	0.000
2408.000	0.000
2409.000	0.000
2410.000	0.000
2411.000	0.000
2412.000	0.000
2413.000	0.000
2414.000	0.000
2415.000	0.000
2416.000	0.000
2417.000	0.000
2418.000	0.000
2419.000	0.000
2420.000	0.000
2421.000	0.000
2422.000	0.000
2423.000	0.000
2424.000	0.000
2425.000	0.000
2426.000	0.000
2427.000	0.000
2428.000	0.000
2429.000	0.000
2430.000	0.000
2431.000	0.000
2432.000	0.000
2433.000	0.000
2434.000	0.000
2435.000	0.000
2436.000	0.000
2437.000	0.000
2438.000	0.000
2439.000	0.000
2440.000	0.000
2441.000	0.000
2442.000	0.000
2443.000	0.000
2444.000	0.000
2445.000	0.000
2446.000	0.000
2447.000	0.000
2448.000	0.000
2449.000	0.000
2450.000	0.000
2451.000	0.000
2452.000	0.000
2453.000	0.000
2454.000	0.000
2455.000	0.000
2456.000	0.000
2457.000	0.000
2458.000	0.000
2459.000	0.000
2460.000	0.000
2461.000	0.000
2462.000	0.000
2463.000	0.000
2464.000	0.000
2465.000	0.000
2466.000	0.000
2467.000	0.000
2468.000	0.000
2469.000	0.000
2470.000	0.000
2471.000	0.000
2472.000	0.000
2473.000	0.000
2474.000	0.000
2475.000	0.000
2476.000	0.000
2477.000	0.000
2478.000	0.000
2479.000	0.000
2480.000	0.000
2481.000	0.000
2482.000	0.000
2483.000	0.000
2484.000	0.000
2485.000	0.000
2486.000	0.000
2487.000	0.000
2488.000	0.000
2489.000	0.000
2490.000	0.000
2491.000	0.000
2492.000	0.000
2493.000	0.000
2494.000	0.000
2495.000	0.000
2496.000	0.000
2497.000	0.000
2498.000	0.000
2499.000	0.000
2500.000	0.000
2501.000	0.000
2502.000	0.000
2503.000	0.000
2504.000	0.000
2505.000	0.000
2506.000	0.000
2507.000	0.000
2508.000	0.000
2509.000	0.000
2510.000	0.000
2511.000	0.000
2512.000	0.000
2513.000	0.000
2514.000	0.000
2515.000	0.000
2516.000	0.000
2517.000	0.000
2518.000	0.000
2519.000	0.000
2520.000	0.000
2521.000	0.000
2522.000	0.000
2523.000	0.000
2524.000	0.000
2525.000	0.000
2526.000	0.000
2527.000	0.000
2528.000	0.000
2529.000	0.000
2530.000	0.000
2531.000	0.000
2532.000	0.000
2533.000	0.000
2534.000	0.000
2535.000	0.000
2536.000	0.000
2537.000	0.000
2538.000	0.000
2539.000	0.000
2540.000	0.000
2541.000	0.000
2542.000	0.000
2543.000	0.000
2544.000	0.000
2545.000	0.000
2546.000	0.000
2547.000	0.000
2548.000	0.000
2549.000	0.000
2550.000	0.000
2551.000	0.000
2552.000	0.000
2553.000	0.000
2554.000	0.000
2555.000	0.000
2556.000	0.000
2557.000	0.000
2558.000	0.000
2559.000	0.000
2560.000	0.000
2561.000	0.000
2562.000	0.000
2563.000	0.000
2564.000	0.000
2565.000	0.000
2566.000	0.000
2567.000	0.000
2568.000	0.000
2569.000	0.000
2570.000	0.000
2571.000	0.000
2572.000	0.000
2573.000	0.000
2574.000	0.000
2575.000	0.000
2576.000	0.000
2577.000	0.000
2578.000	0.000
2579.000	0.000
2580.000	0.000
2581.000	0.000
2582.000	0.000
2583.000	0.000
2584.000	0.000
2585.000	0.000
2586.000	0.000
2587.000	0.000
2588.000	0.000
2589.000	0.000
2590.000	0.000
2591.000	0.000
2592.000	0.000
2593.000	0.000
2594.000	0.000
2595.000	0.000
2596.000	0.000
2597.000	0.000
2598.000	0.000
2599.000	0.000
2600.000	0.000
2601.000	0.000
2602.000	0.000
2603.000	0.000
2604.000	0.000
2605.000	0.000
2606.000	0.000
2607.000	0.000
2608.000	0.000
2609.000	0.000
2610.000	0.000
2611.000	0.000
2612.000	0.000
2613.000	0.000
2614.000	0.000
2615.000	0.000
2616.000	0.000
2617.000	0.000
2618.000	0.000
2619.000	0.000
2620.000	0.000
2621.000	0.000
2622.000	0.000
2623.000	0.000
2624.000	0.000
2625.000	0.000
2626.000	0.000
2627.000	0.000
2628.000	0.000
2629.000	0.000
2630.000	0.000
2631.000	0.000
2632.000	0.000
2633.000	0.000
2634.000	0.000
2635.000	0.000
2636.000	0.000
2637.000	0.000
2638.000	0.000
2639.000	0.000
2640.000	0.000
2641.000	0.000
2642.000	0.000
2643.000	0.000
2644.000	0.000
2645.000	0.000
2646.000	0.000
2647.000	0.000
2648.000	0.000
2649.000	0.000
2650.000	0.000
2651.000	0.000
2652.000	0.000
2653.000	0.000
2654.000	0.000
2655.000	0.000
2656.000	0.000
2657.000	0.000
2658.000	0.000
2659.000	0.000
2660.000	0.000
2661.000	0.000
2662.000	0.000
2663.000	0.000
2664.000	0.000
2665.000	0.000
2666.000	0.000
2667.000	0.000
2668.000	0.000
2669.000	0.000
2670.000	0.000
2671.000	0.000
2672.000	0.000
2673.000	0.000
2674.000	0.000
2675.000	0.000
2676.000	0.000
2677.000	0.000
2678.000	0.000
2679.000	0.000
2680.000	0.000
2681.000	0.000
2682.000	0.000
2683.000	0.000
2684.000	0.000
2685.000	0.000
2686.000	0.000
2687.000	0.000
2688.000	0.000
2689.000	0.000
2690.000	0.000
2691.000	0.000
2692.000	0.000
2693.000	0.000
2694.000	0.000
2695.000	0.000
2696.000	0.000
2697.000	0.000
2698.000	0.000
2699.000	0.000
2700.000	0.000
2701.000	0.000
2702.000	0.000
2703.000	0.000
2704.000	0.000
2705.000	0.000
2706.000	0.000
2707.000	0.000
2708.000	0.000
2709.000	0.000
2710.000	0.000
2711.000	0.000
2712.000	0.000
2713.000	0.000
2714.000	0.000
2715.000	0.000
2716.000	0.000
2717.000	0.000
2718.000	0.000
2719.000	0.000
2720.000	0.000
2721.000	0.000
2722.000	0.000
2723.000	0.000
2724.000	0.000
2725.000	0.000
2726.000	0.000
2727.000	0.000
2728.000	0.000
2729.000	0.000
2730.000	0.000
2731.000	0.000
2732.000	0.000
2733.000	0.000
2734.000	0.000
2735.000	0.000
2736.000	0.000
2737.000	0.000
2738.000	0.000
2739.000	0.000
2740.000	0.000
2741.000	0.000
2742.000	0.000
2743.000	0.000
2744.000	0.000
2745.000	0.000
2746.000	0.000
2747.000	0.000
2748.000	0.000
2749.000	0.000
2750.000	0.000
2751.000	0.000
2752.000	0.000
2753.000	0.000
2754.000	0.000
2755.000	0.000
2756.000	0.000
2757.000	0.000
2758.000	0.000
2759.000	0.000
2760.000	0.000
2761.000	0.000
2762.000	0.000
2763.000	0.000
2764.000	0.000
2765.000	0.000
2766.000	0.000
2767.000	0.000
2768.000	0.000
2769.000	0.000
2770.000	0.000
2771.000	0.000
2772.000	0.000
2773.000	0.000
2774.000	0.000
2775.000	0.000
2776.000	0.000
2777.000	0.000
2778.000	0.000
2779.000	0.000
2780.000	0.000
2781.000	0.000
2782.000	0.000
2783.000	0.000
2784.000	0.000
2785.000	0.000
2786.000	0.000
2787.000	0.000
2788.000	0.000
2789.000	0.000
2790.000	0.000
2791.000	0.000
2792.000	0.000
2793.000	0.000
2794.000	0.000
2795.000	0.000
2796.000	0.000
2797.000	0.000
2798.000	0.000
2799.000	0.000
2800.000	0.000
2801.000	0.000
2802.000	0.000
2803.000	0.000
2804.000	0.000
2805.000	0.000
2806.000	0.000
2807.000	0.000
2808.000	0.000
2809.000	0.000
2810.000	0.000
2811.000	0.000
2812.000	0.000
2813.000	0.000
2814.000	0.000
2815.000	0.000
2816.000	0.000
2817.000	0.000
2818.000	0.000
2819.000	0.000
2820.000	0.000
2821.000	0.000
2822.000	0.000
2823.000	0.000
2824.000	0.000
2825.000	0.000
2826.000	0.000
2827.000	0.000
2828.000	0.000
2829.000	0.000
2830.000	0.000
2831.000	0.000
2832.000	0.000
2833.000	0.000
2834.000	0.000
2835.000	0.000
2836.000	0.000
2837.000	0.000
2838.000	0.000
2839.000	0.000
2840.000	0.000
2841.000	0.000
2842.000	0.000
2843.000	0.000
2844.000	0.000
2845.000	0.000
2846.000	0.000
2847.000	0.000
2848.000	0.000
2849.000	0.000
2850.000	0.000
2851.000	0.000
2852.000	0.000
2853.000	0.000
2854.000	0.000
2855.000	0.000
2856.000	0.000
2857.000	0.000
2858.000	0.000
2859.000	0.000
2860.000	0.000
2861.000	0.000
2862.000	0.000
2863.000	0.000
2864.000	0.000
2865.000	0.000
2866.000	0.000
2867.000	0.000
2868.000	0.000
2869.000	0.000
2870.000	0.000
2871.000	0.000
2872.000	0.000
2873.000	0.000
2874.000	0.000
2875.000	0.000
2876.000	0.000
2877.000	0.000
2878.000	0.000
2879.000	0.000
2880.000	0.000
2881.000	0.000
2882.000	0.000
2883.000	0.000
2884.000	0.000
2885.000	0.000
2886.000	0.000
2887.000	0.000
2888.000	0.000
2889.000	0.000
2890.000	0.000
2891.000	0.000
2892.000	0.000
2893.000	0.000
2894.000	0.000
2895.000	0.000
2896.000	0.000
2897.000	0.000
2898.000	0.000
2899.000	0.000
2900.000	0.000
2901.000	0.000
2902.000	0.000
2903.000	0.000
2904.000	0.000
2905.000	0.000
2906.000	0.000
2907.000	0.000
2908.000	0.000
2909.000	0.000
2910.000	0.000
2911.000	0.000
2912.000	0.000
2913.000	0.000
2914.000	0.000
2915.000	0.000
2916.000	0.000
2917.000	0.000
2918.000	0.000
2919.000	0.000
2920.000	0.000
2921.000	0.000
2922.000	0.000
2923.000	0.000
2924.000	0.000
2925.000	0.000
2926.000	0.000
2927.000	0.000
2928.000	0.000
2929.000	0.000
2930.000	0.000
2931.000	0.000
2932.000	0.000
2933.000	0.000
2934.000	0.000
2935.000	0.000
2936.000	0.000
2937.000	0.000
2938.000	0.000
2939.000	0.000
2940.000	0.000
2941.000	0.000
2942.000	0.000
2943.000	0.000
2944.000	0.000
2945.000	0.000
2946.000	0.000
2947.000	0.000
2948.000	0.000
2949.000	0.000
2950.000	0.000
2951.000	0.000
2952.000	0.000
2953.000	0.000
2954.000	0.000
2955.000	0.000
2956.000	0.000
2957.000	0.000
2958.000	0.000
2959.000	0.000
2960.000	0.000
2961.000	0.000
2962.000	0.000
2963.000	0.000
2964.000	0.000
2965.000	0.000
2966.000	0.000
2967.000	0.000
2968.000	0.000
2969.000	0.000
2970.000	0.000
2971.000	0.000
2972.000	0.000
2973.000	0.000
2974.000	0.000
2975.000	0.000
2976.000	0.000
2977.000	0.000
2978.000	0.000
2979.000	0.000
2980.000	0.000
2981.000	0.000
2982.000	0.000
2983.000	0.000
2984.000	0.000
2985.000	0.000
2986.000	0.000
2987.000	0.000
2988.000	0.000
2989.000	0.000
2990.000	0.000
2991.000	0.000
2992.000	0.000
2993.000	0.000
2994.000	0.000
2995.000	0.000
2996.000	0.000
2997.000	0.000
2998.000	0.000
2999.000	0.000
3000.000	0.000
3001.000	0.000
3002.000	0.000
3003.000	0.000
3004.000	0.000
3005.000	0.000
3006.000	0.000
3007.000	0.000
3008.000	0.000
3009.000	0.000
3010.000	0.000
3011.000	0.000
3012.000	0.000
3013.000	0.000
3014.000	0.000
3015.000	0.000
3016.000	0.000
3017.000	0.000
3018.000	0.000
3019.000	0.000
3020.000	0.000
3021.000	0.000
3022.000	0.000
3023.000	0.000
3024.000	0.000
3025.000	0.000
3026.000	0.000
3027.000	0.000
3028.000	0.000
3029.000	0.000
3030.000	0.000
3031.000	0.000
3032.000	0.000
3033.000	0.000
3034.000	0.000
3035.000	0.000
3036.000	0.000
3037.000	0.000
3038.000	0.000
3039.000	0.000
3040.000	0.000
3041.000	0.000
3042.000	0.000
3043.000	0.000
3044.000	0.000
3045.000	0.000
3046.000	0.000
3047.000	0.000
3048.000	0.000
3049.000	0.000
3050.000	0.000
3051.000	0.000
3052.000	0.000
3053.000	0.000
3054.000	0.000
3055.000	0.000
3056.000	0.000
3057.000	0.000
3058.000	0.000
3059.000	0.000
3060.000	0.000
3061.000	0.000
3062.000	0.000
3063.000	0.000
3064.000	0.000
3065.000	0.000
3066.000	0.000
3067.000	0.000
3068.000	0.000
3069.000	0.000
3070.000	0.000
3071.000	0.000
3072.000	0.000
3073.000	0.000
3074.000	0.000
3075.000	0.000
3076.000	0.000
3077.000	0.000
3078.000	0.000
3079.000	0.000
3080.000	0.000
3081.000	0.000
3082.000	0.000
3083.000	0.000
3084.000	0.000
3085.000	0.000
3086.000	0.000
3087.000	0.000
3088.000	0.000
3089.000	0.000
3090.000	0.000
3091.000	0.000
3092.000	0.000
3093.000	0.000
3094.000	0.000
3095.000	0.000
3096.000	0.000
3097.000	0.000
3098.000	0.000
3099.000	0.000
3100.000	0.000
3101.000	0.000
3102.000	0.000
3103.000	0.000
3104.000	0.000
3105.000	0.000
3106.000	0.000
3107.000	0.000
3108.000	0.000
3109.000	0.000
3110.000	0.000
3111.000	0.000
3112.000	0.000
3113.000	0.000
3114.000	0.000
3115.000	0.000
3116.000	0.000
3117.000	0.000
3118.000	0.000
3119.000	0.000
3120.000	0.000
3121.000	0.000
3122.000	0.000
3123.000	0.000
3124.000	0.000
3125.000	0.000
3126.000	0.000
3127.000	0.000
3128.000	0.000
3129.000	0.000
3130.000	0.000
3131.000	0.000
3132.000	0.000
3133.000	0.000
3134.000	0.000
3135.000	0.000
3136.000	0.000
3137.000	0.000
3138.000	0.000
3139.000	0.000
3140.000	0.000
3141.000	0.000
3142.000	0.000
3143.000	0.000
3144.000	0.000
3145.000	0.000
3146.000	0.000
3147.000	0.000
3148.000	0.000
3149.000	0.000
3150.000	0.000
3151.000	0.000
3152.000	0.000
3153.000	0.000
3154.000	0.000
3155.000	0.000
3156.000	0.000
3157.000	0.000
3158.000	0.000
3159.000	0.000
3160.000	0.000
3161.000	0.000
3162.000	0.000
3163.000	0.000
3164.000	0.000
3165.000	0.000
3166.000	0.000
3167.000	0.000
3168.000	0.000
3169.000	0.000
3170.000	0.000
3171.000	0.000
3172.000	0.000
3173.000	0.000
3174.000	0.000
3175.000	0.000
3176.000	0.000
3177.000	0.000
3178.000	0.000
3179.000	0.000
3180.000	0.000
3181.000	0.000
3182.000	0.000
3183.000	0.000
3184.000	0.000
3185.000	0.000
3186.000	0.000
3187.000	0.000
3188.000	0.000
3189.000	0.000
3190.000	0.000
3191.000	0.000
3192.000	0.000
3193.000	0.000
3194.000	0.000
3195.000	0.000
3196.000	0.000
3197.000	0.000
3198.000	0.000
3199.000	0.000
3200.000	0.000
3201.000	0.000
3202.000	0.000
3203.000	0.000
3204.000	0.000
3205.000	0.000
3206.000	0.000
3207.000	0.000
3208.000	0.000
3209.000	0.000
3210.000	0.000
3211.000	0.000
3212.000	0.000
3213.000	0.000
3214.000	0.000
3215.000	0.000
3216.000	0.000
3217.000	0.000
3218.000	0.000
3219.000	0.000
3220.000	0.000
3221.000	0.000
3222.000	0.000
3223.000	0.000
3224.000	0.000
3225.000	0.000
3226.000	0.000
3227.000	0.000
3228.000	0.000
3229.000	0.000
3230.000	0.000
3231.000	0.000
3232.000	0.000
3233.000	0.000
3234.000	0.000
3235.000	0.000
3236.000	0.000
3237.000	0.000
3238.000	0.000
3239.000	0.000
3240.000	0.000
3241.000	0.000
3242.000	0.000
3243.000	0.000
3244.000	0.000
3245.000	0.000
3246.000	0.000
3247.000	0.000
3248.000	0.000
3249.000	0.000
3250.000	0.000
3251.000	0.000
3252.000	0.000
3253.000	0.000
3254.000	0.000
3255.000	0.000
3256.000	0.000
3257.000	0.000
3258.000	0.000
3259.000	0.000
3260.000	0.000
3261.000	0.000
3262.000	0.000
3263.000	0.000
3264.000	0.000
3265.000	0.000
3266.000	0.000
3267.000	0.000
3268.000	0.000
3269.000	0.000
3270.000	0.000
3271.000	0.000
3272.000	0.000
3273.000	0.000
3274.000	0.000
3275.000	0.000
3276.000	0.000
3277.000	0.000
3278.000	0.000
3279.000	0.000
3280.000	0.000
3281.000	0.000
3282.000	0.000
3283.000	0.000
3284.000	0.000
3285.000	0.000
3286.000	0.000
3287.000	0.000
3288.000	0.000
3289.000	0.000
3290.000	0.000
3291.000	0.000
3292.000	0.000
3293.000	0.000
3294.000	0.000
3295.000	0.000
3296.000	0.000
3297.000	0.000
3298.000	0.000
3299.000	0.000
3300.000	0.000
3301.000	0.000
3302.000	0.000
3303.000	0.000
3304.000	0.000
3305.000	0.000
3306.000	0.000
3307.000	0.000
3308.000	0.000
3309.000	0.000
3310.000	0.000
3311.000	0.000
3312.000	0.000
3313.000	0.000
3314.000	0.000
3315.000	0.000
3316.000	0.000
3317.000	0.000
3318.000	0.000
3319.000	0.000
3320.000	0.000
3321.000	0.000
3322.000	0.000
3323.000	0.000
3324.000	0.000
3325.000	0.000
3326.000	0.000
3327.000	0.000
3328.000	0.000
3329.000	0.000
3330.000	0.000
3331.000	0.000
3332.000	0.000
3333.000	0.000
3334.000	0.000
3335.000	0.000
3336.000	0.000
3337.000	0.000
3338.000	0.000
3339.000	0.000
3340.000	0.000
3341.000	0.000
3342.000	0.000
3343.000	0.000
3344.000	0.000
3345.000	0.000
3346.000	0.000
3347.000	0.000
3348.000	0.000
3349.000	0.000
3350.000	0.000
3351.000	0.000
3352.000	0.000
3353.000	0.000
3354.000	0.000
3355.000	0.000
3356.000	0.000
3357.000	0.000
3358.000	0.000
3359.000	0.000
3360.000	0.000
3361.000	0.000
3362.000	0.000
3363.000	0.000
3364.000	0.000
3365.000	0.000
3366.000	0.000
3367.000	0.000
3368.000	0.000
3369.000	0.000
3370.000	0.000
3371.000	0.000
3372.000	0.000
3373.000	0.000
3374.000	0.000
3375.000	0.000
3376.000	0.000
3377.000	0.000
3378.000	0.000
3379.000	0.000
3380.000	0.000
3381.000	0.000
3382.000	0.000
3383.000	0.000
3384.000	0.000
3385.000	0.000
3386.000	0.000
3387.000	0.000
3388.000	0.000
3389.000	0.000
3390.000	0.000
3391.000	0.000
3392.000	0.000
3393.000	0.000
3394.000	0.000
3395.000	0.000
3396.000	0.000
3397.000	0.000
3398.000	0.000
3399.000	0.000
3400.000	0.000
3401.000	0.000
3402.000	0.000
3403.000	0.000
3404.000	0.000
3405.000	0.000
3406.000	0.000
3407.000	0.000
3408.000	0.000
3409.000	0.000
3410.000	0.000
3411.000	0.000
3412.000	0.000
3413.000	0.000
3414.000	0.000
3415.000	0.000
3416.000	0.000
3417.000	0.000
3418.000	0.000
3419.000	0.000
3420.000	0.000
3421.000	0.000
3422.000	0.000
3423.000	0.000
3424.000	0.000
3425.000	0.000
3426.000	0.000
3427.000	0.000
3428.000	0.000
3429.000	0.000
3430.000	0.000
3431.000	0.000
3432.000	0.000
3433.000	0.000
3434.000	0.000
3435.000	0.000
3436.000	0.000
3437.000	0.000
3438.000	0.000
3439.000	0.000
3440.000	0.000
3441.000	0.000
3442.000	0.000
3443.000	0.000
3444.000	0.000
3445.000	0.000
3446.000	0.000
3447.000	0.000
3448.000	0.000
3449.000	0.000
3450.000	0.000
3451.000	0.000
3452.000	0.000
3453.000	0.000
3454.000	0.000
3455.000	0.000
3456.000	0.000
3457.000	0.000
3458.000	0.000
3459.000	0.000
3460.000	0.000
3461.000	0.000
3462.000	0.000
3463.000	0.000
3464.000	0.000
3465.000	0.000
3466.000	0.000
3467.000	0.000
3468.000	0.000
3469.000	0.000
3470.000	0.000
3471.000	0.000
3472.000	0.000
3473.000	0.000
3474.000	0.000
3475.000	0.000
3476.000	0.000
3477.000	0.000
3478.000	0.000
3479.000	0.000
3480.000	0.000
3481.000	0.000
3482.000	0.000
3483.000	0.000
3484.000	0.000
3485.000	0.000
3486.000	0.000
3487.000	0.000
3488.000	0.000
3489.000	0.000
3490.000	0.000
3491.000	0.000
3492.000	0.000
3493.000	0.000
3494.000	0.000
3495.000	0.000
3496.000	0.000
3497.000	0.000
3498.000	0.000
3499.000	0.000
3500.000	0.000
3501.000	0.000
3502.000	0.000
3503.000	0.000
3504.000	0.000
3505.000	0.000
3506.000	0.000
3507.000	0.000
3508.000	0.000
3509.000	0.000
3510.000	0.000
3511.000	0.000
3512.000	0.000
3513.000	0.000
3514.000	0.000
3515.000	0.000
3516.000	0.000
3517.000	0.000
3518.000	0.000
3519.000	0.000
3520.000	0.000
3521.000	0.000
3522.000	0.000
3523.000	0.000
3524.000	0.000
3525.000	0.000
3526.000	0.000
3527.000	0.000
3528.000	0.000
3529.000	0.000
3530.000	0.000
3531.000	0.000
3532.000	0.000
3533.000	0.000
3534.000	0.000
3535.000	0.000
3536.000	0.000
3537.000	0.000
3538.000	0.000
3539.000	0.000
3540.000	0.000
3541.000	0.000
3542.000	0.000
3543.000	0.000
3544.000	0.000
3545.000	0.000
3546.000	0.000
3547.000	0.000
3548.000	0.000
3549.000	0.000
3550.000	0.000
3551.000	0.000
3552.000	0.000
3553.000	0.000
3554.000	0.000
3555.000	0.000
3556.000	0.000
3557.000	0.000
3558.000	0.000
3559.000	0.000
3560.000	0.000
3561.000	0.000
3562.000	0.000
3563.000	0.000
3564.000	0.000
3565.000	0.000
3566.000	0.000
3567.000	0.000
3568.000	0.000
3569.000	0.000
3570.000	0.000
3571.000	0.000
3572.000	0.000
3573.000	0.000
3574.000	0.000
3575.000	0.000
3576.000	0.000
3577.000	0.000
3578.000	0.000
3579.000	0.000
3580.000	0.000
3581.000	0.000
3582.000	0.000
3583.000	0.000
3584.000	0.000
3585.000	0.000
3586.000	0.000
3587.000	0.000
3588.000	0.000
3589.000	0.000
3590.000	0.000
3591.000	0.000
3592.000	0.000
3593.000	0.000
3594.000	0.000
3595.000	0.000
3596.000	0.000
3597.000	0.000
3598.000	0.000
3599.000	0.000
3600.000	0.000
3601.000	0.000
3602.000	0.000
3603.000	0.000
3604.000	0.000
3605.000	0.000
3606.000	0.000
3607.000	0.000
3608.000	0.000
3609.000	0.000
3610.000	0.000
3611.000	0.000
3612.000	0.000
3613.000	0.000
3614.000	0.000
3615.000	0.000
3616.000	0.000
3617.000	0.000
3618.000	0.000
3619.000	0.000
3620.000	0.000
3621.000	0.000
3622.000	0.000
3623.000	0.000
3624.000	0.000
3625.000	0.000
3626.000	0.000
3627.000	0.000
3628.000	0.000
3629.000	0.000
3630.000	0.000
3631.000	0.000
3632.000	0.000
3633.000	0.000
3634.000	0.000
3635.000	0.000
3636.000	0.000
3637.000	0.000
3638.000	0.000
3639.000	0.000
3640.000	0.000
3641.000	0.000
3642.000	0.000
3643.000	0.000
3644.000	0.000
3645.000	0.000
3646.000	0.000
3647.000	0.000
3648.000	0.000
3649.000	0.000
3650.000	0.000
3651.000	0.000
3652.000	0.000
3653.000	0.000
3654.000	0.000
3655.000	0.000
3656.000	0.000
3657.000	0.000
3658.000	0.000
3659.000	0.000
3660.000	0.000
3661.000	0.000
3662.000	0.000
3663.000	0.000
3664.000	0.000
3665.000	0.000
3666.000	0.000
3667.000	0.000
3668.000	0.000
3669.000	0.000
3670.000	0.000
3671.000	0.000
3672.000	0.000
3673.000	0.000
3674.000	0.000
3675.000	0.000
3676.000	0.000
3677.000	0.000
3678.000	0.000
3679.000	0.000
3680.000	0.000
3681.000	0.000
3682.000	0.000
3683.000	0.000
3684.000	0.000
3685.000	0.000
3686.000	0.000
3687.000	0.000
3688.000	0.000
3689.000	0.000
3690.000	0.000
3691.000	0.000
3692.000	0.000
3693.000	0.000
3694.000	0.000
3695.000	0.000
3696.000	0.000
3697.000	0.000
3698.000	0.000
3699.000	0.000
3700.000	0.000
3701.000	0.000
3702.000	0.000
3703.000	0.000
3704.000	0.000
3705.000	0.000
3706.000	0.000
3707.000	0.000
3708.000	0.000
3709.000	0.000
3710.000	0.000
3711.000	0.000
3712.000	0.000
3713.000	0.000
3714.000	0.000
3715.000	0.000
3716.000	0.000
3717.000	0.000
3718.000	0.000
3719.000	0.000
3720.000	0.000
3721.000	0.000
3722.000	0.000
3723.000	0.000
3724.000	0.000
3725.000	0.000
3726.000	0.000
3727.000	0.000
3728.000	0.000
3729.000	0.000
3730.000	0.000
3731.000	0.000
3732.000	0.000
3733.000	0.000
3734.000	0.000
3735.000	0.000
3736.000	0.000
3737.000	0.000
3738.000	0.000
3739.000	0.000
3740.000	0.000
3741.000	0.000
3742.000	0.000
3743.000	0.000
3744.000	0.000
3745.000	0.000
3746.000	0.000
3747.000	0.000
3748.000	0.000
3749.000	0.000
3750.000	0.000
3751.000	0.000
3752.000	0.000
3753.000	0.000
3754.000	0.000
3755.000	0.000
3756.000	0.000
3757.000	0.000
3758.000	0.000
3759.000	0.000
3760.000	0.000
3761.000	0.000
3762.000	0.000
3763.000	0.000
3764.000	0.000
3765.000	0.000
3766.000	0.000
3767.000	0.000
3768.000	0.000
3769.000	0.000
3770.000	0.000
3771.000	0.000
3772.000	0.000
3773.000	0.000
3774.000	0.000
3775.000	0.000
3776.000	0.000
3777.000	0.000
3778.000	0.000
3779.000	0.000
3780.000	0.000
3781.000	0.000
3782.000	0.000
3783.000	0.000
3784.000	0.000
3785.000	0.000
3786.000	0.000
3787.000	0.000
3788.000	0.000
3789.000	0.000
3790.000	0.000
3791.000	0.000
3792.000	0.000
3793.000	0.000
3794.000	0.000
3795.000	0.000
3796.000	0.000
3797.000	0.000
3798.000	0.000
3799.000	0.000
3800.000	0.000
3801.000	0.000
3802.000	0.000
3803.000	0.000
3804.000	0.000
3805.000	0.000
3806.000	0.000
3807.000	0.000
3808.000	0.000
3809.000	0.000
3810.000	0.000
3811.000	0.000
3812.000	0.000
3813.000	0.000
3814.000	0.000
3815.000	0.000
3816.000	0.000
3817.000	0.000
3818.000	0.000
3819.000	0.000
3820.000	0.000
3821.000	0.000
3822.000	0.000
3823.000	0.000
3824.000	0.000
3825.000	0.000
3826.000	0.000
3827.000	0.000
3828.000	0.000
3829.000	0.000
3830.000	0.000
3831.000	0.000
3832.000	0.000
3833.000	0.000
3834.000	0.000
3835.000	0.000
3836.000	0.000
3837.000	0.000
3838.000	0.000
3839.000	0.000
3840.000	0.000
3841.000	0.000
3842.000	0.000
3843.000	0.000
3844.000	0.000
3845.000	0.000
3846.000	0.000
3847.000	0.000
3848.000	0.000
3849.000	0.000
3850.000	0.000
3851.000	0.000
3852.000	0.000
3853.000	0.000
3854.000	0.000
3855.000	0.000
3856.000	0.000
3857.000	0.000
3858.000	0.000
3859.000	0.000
3860.000	0.000
3861.000	0.000
3862.000	0.000
3863.000	0.000
3864.000	0.000
3865.000	0.000
3866.000	0.000
3867.000	0.000
3868.000	0.000
3869.000	0.000
3870.000	0.000
3871.000	0.000
3872.000	0.000
3873.000	0.000
3874.000	0.000
3875.000	0.000
3876.000	0.000
3877.000	0.000
3878.000	0.000
3879.000	0.000
3880.000	0.000
3881.000	0.000
3882.000	0.000
3883.000	0.000
3884.000	0.000
3885.000	0.000
3886.000	0.000
3887.000	0.000
3888.000	0.000
3889.000	0.000
3890.000	0.000
3891.000	0.000
3892.000	0.000
3893.000	0.000
3894.000	0.000
3895.000	0.000
3896.000	0.000
3897.000	0.000
3898.000	0.000
3899.000	0.000
3900.000	0.000
3901.000	0.000
3902.000	0.000
3903.000	0.000
3904.000	0.000
3905.000	0.000
3906.000	0.000
3907.000	0.000
3908.000	0.000
3909.000	0.000
3910.000	0.000
3911.000	0.000
3912.000	0.000
3913.000	0.000
3914.000	0.000
3915.000	0.000
3916.000	0.000
3917.000	0.000
3918.000	0.000
3919.000	0.000
3920.000	0.000
3921.000	0.000
3922.000	0.000
3923.000	0.000
3924.000	0.000
3925.000	0.000
3926.000	0.000
3927.000	0.000
3928.000	0.000
3929.000	0.000
3930.000	0.000
3931.000	0.000
3932.000	0.000
3933.000	0.000
3934.000	0.000
3935.000	0.000
3936.000	0.000
3937.000	0.000
3938.000	0.000
3939.000	0.000
3940.000	0.000
3941.000	0.000
3942.000	0.000
3943.000	0.000
3944.000	0.000
3945.000	0.000
3946.000	0.000
3947.000	0.000
3948.000	0.000
3949.000	0.000
3950.000	0.000
3951.000	0.000
3952.000	0.000
3953.000	0.000
3954.000	0.000
3955.000	0.000
3956.000	0.000
3957.000	0.000
3958.000	0.000
3959.000	0.000
3960.000	0.000
3961.000	0.000
3962.000	0.000
3963.000	0.000
3964.000	0.000
3965.000	0.000
3966.000	0.000
3967.000	0.000
3968.000	0.000
3969.000	0.000
3970.000	0.000
3971.000	0.000
3972.000	0.000
3973.000	0.000
3974.000	0.000
3975.000	0.000
3976.000	0.000
3977.000	0.000
3978.000	0.000
3979.000	0.000
3980.000	0.000
3981.000	0.000
3982.000	0.000
3983.000	0.000
3984.000	0.000
3985.000	0.000
3986.000	0.000
3987.000	0.000
3988.000	0.000
3989.000	0.000
3990.000	0.000
3991.000	0.000
3992.000	0.000
3993.000	0.000
3994.000	0.000
3995.000	0.000
3996.000	0.000
3997.000	0.000
3998.000	0.000
3999.000	0.000
4000.000	0.000
4001.000	0.000
4002.000	0.000
4003.000	0.000
4004.000	0.000
4005.000	0.000
4006.000	0.000
4007.000	0.000
4008.000	0.000
4009.000	0.000
4010.000	0.000
4011.000	0.000
4012.000	0.000
4013.000	0.000
4014.000	0.000
4015.000	0.000
4016.000	0.000
4017.000	0.000
4018.000	0.000
4019.000	0.000
4020.000	0.000
4021.000	0.000
4022.000	0.000
4023.000	0.000
4024.000	0.000
4025.000	0.000
4026.000	0.000
4027.000	0.000
4028.000	0.000
4029.000	0.000
4030.000	0.000
4031.000	0.000
4032.000	0.000
4033.000	0.000
4034.000	0.000
4035.000	0.000
4036.000	0.000
4037.000	0.000
4038.000	0.000
4039.000	0.000
4040.000	0.000
4041.000	0.000
4042.000	0.000
4043.000	0.000
4044.000	0.000
4045.000	0.000
4046.000	0.000
4047.000	0.000
4048.000	0.000
4049.000	0.000
4050.000	0.000
4051.000	0.000
4052.000	0.000
4053.000	0.000
4054.000	0.000
4055.000	0.000
4056.000	0.000
4057.000	0.000
4058.000	0.000
4059.000	0.000
4060.000	0.000
4061.000	0.000
4062.000	0.000
4063.000	0.000
4064.000	0.000
4065.000	0.000
4066.000	0.000
4067.000	0.000
4068.000	0.000
4069.000	0.000
4070.000	0.000
4071.000	0.000
4072.000	0.000
4073.000	0.000
4074.000	0.000
4075.000	0.000
4076.000	0.000
4077.000	0.000
4078.000	0.000
4079.000	0.000
4080.000	0.000
4081.000	0.000
4082.000	0.000
4083.000	0.000
4084.000	0.000
4085.000	0.000
4086.000	0.000
4087.000	0.000
4088.000	0.000
4089.000	0.000
4090.000	0.000
4091.000	0.000
4092.000	0.000
4093.000	0.000
4094.000	0.000
4095.000	0.000
