0.000	13.587
1.000	13.531
2.000	13.531
3.000	13.531
4.000	13.531
5.000	13.531
6.000	13.531
7.000	13.531
8.000	13.531
9.000	13.531
10.000	13.531
11.000	13.531
12.000	13.531
13.000	13.531
14.000	13.531
15.000	13.531
16.000	13.531
17.000	13.529
18.000	13.529
19.000	13.529
20.000	13.529
21.000	13.529
22.000	13.529
23.000	13.528
24.000	13.528
25.000	13.527
26.000	13.527
27.000	13.526
28.000	13.526
29.000	13.526
30.000	13.525
31.000	13.525
32.000	13.524
33.000	13.524
34.000	13.524
35.000	13.523
36.000	13.523
37.000	13.522
38.000	13.522
39.000	13.522
40.000	13.521
41.000	13.521
42.000	13.521
43.000	13.520
44.000	13.520
45.000	13.520
46.000	13.519
47.000	13.519
48.000	13.519
49.000	13.518
50.000	13.518
51.000	13.518
52.000	13.517
53.000	13.516
54.000	13.514
55.000	13.514
56.000	13.513
57.000	13.511
58.000	13.511
59.000	13.509
60.000	13.508
61.000	13.506
62.000	13.506
63.000	13.504
64.000	13.503
65.000	13.503
66.000	13.501
67.000	13.499
68.000	13.499
69.000	13.498
70.000	13.496
71.000	13.494
72.000	13.494
73.000	13.493
74.000	13.491
75.000	13.491
76.000	13.489
77.000	13.487
78.000	13.485
79.000	13.439
80.000	13.437
81.000	13.434
82.000	13.434
83.000	13.431
84.000	13.429
85.000	13.429
86.000	13.426
87.000	13.423
88.000	13.420
89.000	13.420
90.000	13.417
91.000	13.414
92.000	13.414
93.000	13.411
94.000	13.407
95.000	13.407
96.000	13.403
97.000	13.399
98.000	13.395
99.000	13.395
100.000	13.391
101.000	13.386
102.000	13.349
103.000	13.344
104.000	13.339
105.000	13.333
106.000	13.333
107.000	13.328
108.000	13.322
109.000	13.322
110.000	13.317
111.000	13.310
112.000	13.310
113.000	13.304
114.000	13.298
115.000	13.290
116.000	13.290
117.000	13.283
118.000	13.275
119.000	13.275
120.000	13.265
121.000	13.255
122.000	13.245
123.000	13.245
124.000	13.234
125.000	13.222
126.000	13.222
127.000	13.211
128.000	13.200
129.000	13.182
130.000	13.171
131.000	13.160
132.000	13.149
133.000	13.149
134.000	13.137
135.000	13.124
136.000	13.124
137.000	13.111
138.000	13.098
139.000	13.085
140.000	13.085
141.000	13.071
142.000	13.057
143.000	13.057
144.000	13.043
145.000	13.028
146.000	13.022
147.000	13.007
148.000	12.991
149.000	12.975
150.000	12.948
151.000	12.931
152.000	12.914
153.000	12.914
154.000	12.897
155.000	12.879
156.000	12.879
157.000	12.861
158.000	12.843
159.000	12.825
160.000	12.773
161.000	12.754
162.000	12.735
163.000	12.705
164.000	12.686
165.000	12.667
166.000	12.647
167.000	12.647
168.000	12.627
169.000	12.607
170.000	12.466
171.000	12.446
172.000	12.426
173.000	12.426
174.000	12.405
175.000	12.384
176.000	12.363
177.000	12.363
178.000	12.341
179.000	12.320
180.000	12.320
181.000	12.299
182.000	12.276
183.000	12.254
184.000	12.254
185.000	12.231
186.000	12.209
187.000	12.182
188.000	12.159
189.000	12.137
190.000	12.072
191.000	12.049
192.000	12.027
193.000	12.004
194.000	11.924
195.000	11.901
196.000	11.877
197.000	11.827
198.000	11.804
199.000	11.780
200.000	11.757
201.000	11.749
202.000	11.726
203.000	11.703
204.000	11.703
205.000	11.679
206.000	11.656
207.000	11.575
208.000	11.552
209.000	11.528
210.000	11.504
211.000	11.460
212.000	11.436
213.000	11.411
214.000	11.403
215.000	11.378
216.000	11.353
217.000	11.309
218.000	11.285
219.000	11.261
220.000	11.237
221.000	11.237
222.000	11.213
223.000	11.189
224.000	11.113
225.000	11.089
226.000	11.064
227.000	11.039
228.000	11.013
229.000	10.986
230.000	10.960
231.000	10.902
232.000	10.875
233.000	10.849
234.000	10.751
235.000	10.724
236.000	10.698
237.000	10.671
238.000	10.624
239.000	10.597
240.000	10.571
241.000	10.571
242.000	10.544
243.000	10.518
244.000	10.492
245.000	10.386
246.000	10.360
247.000	10.334
248.000	10.324
249.000	10.297
250.000	10.272
251.000	10.272
252.000	10.246
253.000	10.221
254.000	10.195
255.000	10.195
256.000	10.169
257.000	10.143
258.000	10.143
259.000	10.118
260.000	10.092
261.000	10.067
262.000	10.067
263.000	10.041
264.000	10.015
265.000	9.991
266.000	9.965
267.000	9.939
268.000	9.939
269.000	9.913
270.000	9.887
271.000	9.861
272.000	9.861
273.000	9.835
274.000	9.809
275.000	9.809
276.000	9.783
277.000	9.757
278.000	9.757
279.000	9.732
280.000	9.706
281.000	9.681
282.000	9.681
283.000	9.655
284.000	9.630
285.000	9.602
286.000	9.577
287.000	9.551
288.000	9.526
289.000	9.526
290.000	9.501
291.000	9.476
292.000	9.476
293.000	9.451
294.000	9.426
295.000	9.426
296.000	9.401
297.000	9.376
298.000	9.351
299.000	9.351
300.000	9.327
301.000	9.302
302.000	9.302
303.000	9.278
304.000	9.254
305.000	9.230
306.000	8.950
307.000	8.925
308.000	8.901
309.000	8.901
310.000	8.877
311.000	8.854
312.000	8.854
313.000	8.831
314.000	8.807
315.000	8.784
316.000	8.737
317.000	8.714
318.000	8.691
319.000	8.691
320.000	8.668
321.000	8.644
322.000	8.622
323.000	8.622
324.000	8.599
325.000	8.577
326.000	8.488
327.000	8.465
328.000	8.443
329.000	8.443
330.000	8.421
331.000	8.398
332.000	8.376
333.000	8.330
334.000	8.308
335.000	8.286
336.000	8.286
337.000	8.265
338.000	8.243
339.000	8.193
340.000	8.172
341.000	8.149
342.000	8.127
343.000	8.127
344.000	8.105
345.000	8.083
346.000	8.065
347.000	8.044
348.000	8.022
349.000	8.000
350.000	7.950
351.000	7.929
352.000	7.907
353.000	7.907
354.000	7.886
355.000	7.865
356.000	7.865
357.000	7.844
358.000	7.823
359.000	7.802
360.000	7.802
361.000	7.780
362.000	7.759
363.000	7.722
364.000	7.701
365.000	7.680
366.000	7.660
367.000	7.660
368.000	7.639
369.000	7.619
370.000	7.602
371.000	7.582
372.000	7.562
373.000	7.562
374.000	7.541
375.000	7.521
376.000	7.500
377.000	7.480
378.000	7.460
379.000	7.439
380.000	7.439
381.000	7.419
382.000	7.399
383.000	7.379
384.000	7.336
385.000	7.315
386.000	7.295
387.000	7.261
388.000	7.241
389.000	7.221
390.000	7.221
391.000	7.202
392.000	7.182
393.000	7.162
394.000	7.135
395.000	7.115
396.000	7.096
397.000	7.096
398.000	7.076
399.000	7.057
400.000	7.045
401.000	7.026
402.000	7.006
403.000	6.986
404.000	6.986
405.000	6.967
406.000	6.947
407.000	6.947
408.000	6.928
409.000	6.909
410.000	6.889
411.000	6.882
412.000	6.863
413.000	6.844
414.000	6.844
415.000	6.825
416.000	6.807
417.000	6.721
418.000	6.702
419.000	6.684
420.000	6.665
421.000	6.635
422.000	6.617
423.000	6.598
424.000	6.598
425.000	6.580
426.000	6.563
427.000	6.545
428.000	6.545
429.000	6.527
430.000	6.509
431.000	6.509
432.000	6.492
433.000	6.474
434.000	6.474
435.000	6.456
436.000	6.438
437.000	6.420
438.000	6.420
439.000	6.403
440.000	6.385
441.000	6.385
442.000	6.367
443.000	6.350
444.000	6.333
445.000	6.333
446.000	6.316
447.000	6.299
448.000	6.299
449.000	6.282
450.000	6.265
451.000	6.037
452.000	6.020
453.000	6.005
454.000	5.989
455.000	5.983
456.000	5.967
457.000	5.952
458.000	5.952
459.000	5.936
460.000	5.920
461.000	5.920
462.000	5.905
463.000	5.889
464.000	5.874
465.000	5.874
466.000	5.859
467.000	5.844
468.000	5.844
469.000	5.829
470.000	5.814
471.000	5.799
472.000	5.799
473.000	5.784
474.000	5.769
475.000	5.769
476.000	5.754
477.000	5.739
478.000	5.739
479.000	5.724
480.000	5.710
481.000	5.695
482.000	5.695
483.000	5.681
484.000	5.666
485.000	5.666
486.000	5.652
487.000	5.638
488.000	5.624
489.000	5.612
490.000	5.598
491.000	5.585
492.000	5.585
493.000	5.571
494.000	5.557
495.000	5.554
496.000	5.541
497.000	5.527
498.000	5.514
499.000	5.511
500.000	5.497
501.000	5.484
502.000	5.461
503.000	5.447
504.000	5.434
505.000	5.421
506.000	5.414
507.000	5.401
508.000	5.388
509.000	5.384
510.000	5.371
511.000	5.358
512.000	5.358
513.000	5.345
514.000	5.333
515.000	5.320
516.000	5.320
517.000	5.308
518.000	5.295
519.000	5.295
520.000	5.283
521.000	5.271
522.000	5.271
523.000	5.258
524.000	5.246
525.000	5.234
526.000	5.234
527.000	5.222
528.000	5.210
529.000	5.210
530.000	5.199
531.000	5.187
532.000	5.175
533.000	5.171
534.000	5.160
535.000	5.148
536.000	5.148
537.000	5.137
538.000	5.125
539.000	5.125
540.000	5.114
541.000	5.103
542.000	5.092
543.000	5.076
544.000	5.065
545.000	5.054
546.000	5.054
547.000	5.043
548.000	5.033
549.000	5.022
550.000	5.022
551.000	5.011
552.000	5.000
553.000	5.000
554.000	4.990
555.000	4.979
556.000	4.979
557.000	4.969
558.000	4.959
559.000	4.948
560.000	4.902
561.000	4.891
562.000	4.881
563.000	4.881
564.000	4.871
565.000	4.861
566.000	4.851
567.000	4.851
568.000	4.841
569.000	4.831
570.000	4.831
571.000	4.821
572.000	4.812
573.000	4.752
574.000	4.742
575.000	4.733
576.000	4.723
577.000	4.723
578.000	4.714
579.000	4.704
580.000	4.704
581.000	4.695
582.000	4.686
583.000	4.676
584.000	4.676
585.000	4.667
586.000	4.658
587.000	4.658
588.000	4.648
589.000	4.638
590.000	4.588
591.000	4.578
592.000	4.568
593.000	4.558
594.000	4.558
595.000	4.548
596.000	4.539
597.000	4.499
598.000	4.489
599.000	4.480
600.000	4.480
601.000	4.471
602.000	4.461
603.000	4.452
604.000	4.445
605.000	4.436
606.000	4.426
607.000	4.426
608.000	4.417
609.000	4.408
610.000	4.399
611.000	4.399
612.000	4.390
613.000	4.381
614.000	4.381
615.000	4.373
616.000	4.364
617.000	4.364
618.000	4.355
619.000	4.347
620.000	4.338
621.000	4.338
622.000	4.329
623.000	4.321
624.000	4.321
625.000	4.312
626.000	4.304
627.000	4.295
628.000	4.295
629.000	4.287
630.000	4.279
631.000	4.247
632.000	4.239
633.000	4.231
634.000	4.231
635.000	4.222
636.000	4.214
637.000	4.206
638.000	4.206
639.000	4.199
640.000	4.191
641.000	4.191
642.000	4.183
643.000	4.175
644.000	4.167
645.000	4.167
646.000	4.160
647.000	4.152
648.000	4.109
649.000	4.101
650.000	4.093
651.000	4.093
652.000	4.085
653.000	4.078
654.000	4.070
655.000	4.070
656.000	4.062
657.000	4.055
658.000	3.927
659.000	3.919
660.000	3.912
661.000	3.912
662.000	3.904
663.000	3.897
664.000	3.889
665.000	3.889
666.000	3.881
667.000	3.874
668.000	3.874
669.000	3.866
670.000	3.859
671.000	3.851
672.000	3.851
673.000	3.844
674.000	3.836
675.000	3.836
676.000	3.829
677.000	3.821
678.000	3.804
679.000	3.797
680.000	3.790
681.000	3.782
682.000	3.781
683.000	3.773
684.000	3.766
685.000	3.766
686.000	3.759
687.000	3.752
688.000	3.745
689.000	3.745
690.000	3.738
691.000	3.730
692.000	3.730
693.000	3.723
694.000	3.716
695.000	3.707
696.000	3.700
697.000	3.693
698.000	3.686
699.000	3.686
700.000	3.679
701.000	3.672
702.000	3.672
703.000	3.666
704.000	3.659
705.000	3.652
706.000	3.652
707.000	3.645
708.000	3.639
709.000	3.639
710.000	3.632
711.000	3.626
712.000	3.626
713.000	3.619
714.000	3.613
715.000	3.606
716.000	3.606
717.000	3.600
718.000	3.593
719.000	3.593
720.000	3.586
721.000	3.580
722.000	3.511
723.000	3.505
724.000	3.498
725.000	3.492
726.000	3.492
727.000	3.485
728.000	3.479
729.000	3.479
730.000	3.473
731.000	3.466
732.000	3.460
733.000	3.460
734.000	3.454
735.000	3.448
736.000	3.448
737.000	3.442
738.000	3.436
739.000	3.436
740.000	3.430
741.000	3.424
742.000	3.418
743.000	3.418
744.000	3.412
745.000	3.406
746.000	3.406
747.000	3.400
748.000	3.395
749.000	3.389
750.000	3.389
751.000	3.383
752.000	3.377
753.000	3.377
754.000	3.371
755.000	3.366
756.000	3.366
757.000	3.360
758.000	3.354
759.000	3.348
760.000	3.348
761.000	3.342
762.000	3.336
763.000	3.336
764.000	3.331
765.000	3.325
766.000	3.319
767.000	3.271
768.000	3.265
769.000	3.260
770.000	3.260
771.000	3.254
772.000	3.248
773.000	3.248
774.000	3.243
775.000	3.237
776.000	3.232
777.000	3.232
778.000	3.226
779.000	3.221
780.000	3.221
781.000	3.215
782.000	3.210
783.000	3.210
784.000	3.204
785.000	3.199
786.000	3.193
787.000	3.193
788.000	3.188
789.000	3.183
790.000	3.183
791.000	3.177
792.000	3.172
793.000	3.166
794.000	3.166
795.000	3.161
796.000	3.156
797.000	3.156
798.000	3.150
799.000	3.145
800.000	3.145
801.000	3.140
802.000	3.135
803.000	3.130
804.000	3.130
805.000	3.124
806.000	3.119
807.000	3.119
808.000	3.114
809.000	3.109
810.000	3.104
811.000	3.104
812.000	3.099
813.000	3.094
814.000	3.094
815.000	3.089
816.000	3.084
817.000	3.084
818.000	3.079
819.000	3.074
820.000	3.069
821.000	3.069
822.000	3.064
823.000	3.059
824.000	3.059
825.000	3.054
826.000	3.049
827.000	3.044
828.000	3.044
829.000	3.039
830.000	3.034
831.000	3.034
832.000	3.030
833.000	3.025
834.000	3.025
835.000	3.020
836.000	3.015
837.000	3.010
838.000	3.010
839.000	3.006
840.000	3.001
841.000	3.001
842.000	2.996
843.000	2.992
844.000	2.992
845.000	2.987
846.000	2.982
847.000	2.977
848.000	2.977
849.000	2.973
850.000	2.968
851.000	2.968
852.000	2.963
853.000	2.959
854.000	2.954
855.000	2.954
856.000	2.949
857.000	2.945
858.000	2.945
859.000	2.940
860.000	2.936
861.000	2.901
862.000	2.896
863.000	2.892
864.000	2.887
865.000	2.887
866.000	2.883
867.000	2.879
868.000	2.790
869.000	2.786
870.000	2.781
871.000	2.777
872.000	2.777
873.000	2.773
874.000	2.768
875.000	2.768
876.000	2.764
877.000	2.759
878.000	2.759
879.000	2.755
880.000	2.750
881.000	2.746
882.000	2.746
883.000	2.741
884.000	2.737
885.000	2.737
886.000	2.733
887.000	2.728
888.000	2.724
889.000	2.724
890.000	2.720
891.000	2.716
892.000	2.716
893.000	2.711
894.000	2.707
895.000	2.676
896.000	2.672
897.000	2.668
898.000	2.663
899.000	2.663
900.000	2.659
901.000	2.655
902.000	2.655
903.000	2.651
904.000	2.647
905.000	2.647
906.000	2.643
907.000	2.639
908.000	2.635
909.000	2.635
910.000	2.631
911.000	2.626
912.000	2.626
913.000	2.622
914.000	2.618
915.000	2.614
916.000	2.614
917.000	2.610
918.000	2.606
919.000	2.585
920.000	2.581
921.000	2.577
922.000	2.577
923.000	2.573
924.000	2.569
925.000	2.565
926.000	2.565
927.000	2.561
928.000	2.557
929.000	2.557
930.000	2.553
931.000	2.549
932.000	2.545
933.000	2.545
934.000	2.541
935.000	2.537
936.000	2.537
937.000	2.533
938.000	2.529
939.000	2.422
940.000	2.418
941.000	2.414
942.000	2.410
943.000	2.410
944.000	2.406
945.000	2.402
946.000	2.402
947.000	2.398
948.000	2.394
949.000	2.390
950.000	2.390
951.000	2.386
952.000	2.383
953.000	2.383
954.000	2.379
955.000	2.375
956.000	2.375
957.000	2.371
958.000	2.368
959.000	2.364
960.000	2.364
961.000	2.360
962.000	2.356
963.000	2.356
964.000	2.353
965.000	2.349
966.000	2.349
967.000	2.345
968.000	2.342
969.000	2.338
970.000	2.338
971.000	2.334
972.000	2.331
973.000	2.331
974.000	2.327
975.000	2.323
976.000	2.320
977.000	2.320
978.000	2.316
979.000	2.312
980.000	2.282
981.000	2.278
982.000	2.275
983.000	2.275
984.000	2.271
985.000	2.268
986.000	2.264
987.000	2.264
988.000	2.261
989.000	2.257
990.000	2.257
991.000	2.253
992.000	2.250
993.000	2.246
994.000	2.195
995.000	2.192
996.000	2.188
997.000	2.172
998.000	2.169
999.000	2.165
1000.000	2.165
1001.000	2.162
1002.000	2.158
1003.000	2.155
1004.000	2.155
1005.000	2.151
1006.000	2.148
1007.000	2.148
1008.000	2.144
1009.000	2.141
1010.000	2.137
1011.000	2.137
1012.000	2.134
1013.000	2.130
1014.000	2.130
1015.000	2.127
1016.000	2.123
1017.000	2.123
1018.000	2.120
1019.000	2.116
1020.000	2.113
1021.000	2.076
1022.000	2.072
1023.000	2.069
1024.000	2.069
1025.000	2.065
1026.000	2.062
1027.000	2.062
1028.000	2.058
1029.000	2.055
1030.000	2.051
1031.000	2.051
1032.000	2.048
1033.000	2.045
1034.000	2.045
1035.000	2.041
1036.000	2.038
1037.000	2.034
1038.000	2.034
1039.000	2.031
1040.000	2.027
1041.000	2.009
1042.000	2.005
1043.000	2.002
1044.000	2.002
1045.000	1.999
1046.000	1.995
1047.000	1.992
1048.000	1.992
1049.000	1.988
1050.000	1.985
1051.000	1.985
1052.000	1.982
1053.000	1.978
1054.000	1.975
1055.000	1.975
1056.000	1.972
1057.000	1.968
1058.000	1.968
1059.000	1.965
1060.000	1.962
1061.000	1.962
1062.000	1.958
1063.000	1.955
1064.000	1.952
1065.000	1.952
1066.000	1.948
1067.000	1.945
1068.000	1.945
1069.000	1.942
1070.000	1.938
1071.000	1.935
1072.000	1.935
1073.000	1.932
1074.000	1.928
1075.000	1.928
1076.000	1.925
1077.000	1.922
1078.000	1.922
1079.000	1.919
1080.000	1.915
1081.000	1.912
1082.000	1.902
1083.000	1.899
1084.000	1.896
1085.000	1.896
1086.000	1.893
1087.000	1.889
1088.000	1.889
1089.000	1.886
1090.000	1.883
1091.000	1.879
1092.000	1.879
1093.000	1.876
1094.000	1.873
1095.000	1.873
1096.000	1.869
1097.000	1.866
1098.000	1.863
1099.000	1.826
1100.000	1.823
1101.000	1.820
1102.000	1.820
1103.000	1.817
1104.000	1.813
1105.000	1.813
1106.000	1.810
1107.000	1.807
1108.000	1.804
1109.000	1.804
1110.000	1.801
1111.000	1.798
1112.000	1.798
1113.000	1.795
1114.000	1.792
1115.000	1.789
1116.000	1.789
1117.000	1.786
1118.000	1.784
1119.000	1.784
1120.000	1.781
1121.000	1.778
1122.000	1.778
1123.000	1.776
1124.000	1.773
1125.000	1.770
1126.000	1.770
1127.000	1.767
1128.000	1.765
1129.000	1.765
1130.000	1.762
1131.000	1.759
1132.000	1.756
1133.000	1.729
1134.000	1.726
1135.000	1.723
1136.000	1.723
1137.000	1.720
1138.000	1.718
1139.000	1.718
1140.000	1.715
1141.000	1.712
1142.000	1.710
1143.000	1.710
1144.000	1.707
1145.000	1.704
1146.000	1.669
1147.000	1.666
1148.000	1.664
1149.000	1.661
1150.000	1.661
1151.000	1.661
1152.000	1.661
1153.000	1.661
1154.000	1.661
1155.000	1.661
1156.000	1.661
1157.000	1.661
1158.000	1.661
1159.000	1.661
1160.000	1.661
1161.000	1.656
1162.000	1.656
1163.000	1.656
1164.000	1.656
1165.000	1.656
1166.000	1.656
1167.000	1.656
1168.000	1.656
1169.000	1.656
1170.000	1.656
1171.000	1.629
1172.000	1.629
1173.000	1.617
1174.000	1.617
1175.000	1.617
1176.000	1.617
1177.000	1.617
1178.000	1.617
1179.000	1.617
1180.000	1.617
1181.000	1.617
1182.000	1.617
1183.000	1.617
1184.000	1.617
1185.000	1.617
1186.000	1.613
1187.000	1.613
1188.000	1.613
1189.000	1.613
1190.000	1.598
1191.000	1.598
1192.000	1.598
1193.000	1.576
1194.000	1.576
1195.000	1.560
1196.000	1.560
1197.000	1.560
1198.000	1.560
1199.000	1.560
1200.000	1.560
1201.000	1.560
1202.000	1.560
1203.000	1.560
1204.000	1.560
1205.000	1.560
1206.000	1.560
1207.000	1.560
1208.000	1.560
1209.000	1.560
1210.000	1.560
1211.000	1.560
1212.000	1.560
1213.000	1.560
1214.000	1.560
1215.000	1.555
1216.000	1.555
1217.000	1.555
1218.000	1.511
1219.000	1.511
1220.000	1.511
1221.000	1.511
1222.000	1.511
1223.000	1.511
1224.000	1.511
1225.000	1.511
1226.000	1.511
1227.000	1.511
1228.000	1.511
1229.000	1.511
1230.000	1.511
1231.000	1.511
1232.000	1.509
1233.000	1.509
1234.000	1.509
1235.000	1.509
1236.000	1.504
1237.000	1.490
1238.000	1.490
1239.000	1.490
1240.000	1.490
1241.000	1.469
1242.000	1.469
1243.000	1.464
1244.000	1.464
1245.000	1.464
1246.000	1.464
1247.000	1.464
1248.000	1.464
1249.000	1.464
1250.000	1.464
1251.000	1.457
1252.000	1.457
1253.000	1.457
1254.000	1.457
1255.000	1.457
1256.000	1.457
1257.000	1.457
1258.000	1.457
1259.000	1.457
1260.000	1.457
1261.000	1.457
1262.000	1.457
1263.000	1.457
1264.000	1.457
1265.000	1.457
1266.000	1.457
1267.000	1.457
1268.000	1.457
1269.000	1.457
1270.000	1.457
1271.000	1.457
1272.000	1.457
1273.000	1.457
1274.000	1.427
1275.000	1.427
1276.000	1.427
1277.000	1.427
1278.000	1.427
1279.000	1.427
1280.000	1.427
1281.000	1.419
1282.000	1.419
1283.000	1.419
1284.000	1.419
1285.000	1.419
1286.000	1.419
1287.000	1.400
1288.000	1.400
1289.000	1.389
1290.000	1.389
1291.000	1.389
1292.000	1.389
1293.000	1.389
1294.000	1.389
1295.000	1.389
1296.000	1.389
1297.000	1.373
1298.000	1.373
1299.000	1.373
1300.000	1.373
1301.000	1.373
1302.000	1.373
1303.000	1.363
1304.000	1.363
1305.000	1.363
1306.000	1.363
1307.000	1.363
1308.000	1.363
1309.000	1.363
1310.000	1.363
1311.000	1.363
1312.000	1.363
1313.000	1.363
1314.000	1.363
1315.000	1.363
1316.000	1.344
1317.000	1.344
1318.000	1.344
1319.000	1.344
1320.000	1.344
1321.000	1.335
1322.000	1.335
1323.000	1.335
1324.000	1.335
1325.000	1.335
1326.000	1.335
1327.000	1.335
1328.000	1.335
1329.000	1.335
1330.000	1.335
1331.000	1.335
1332.000	1.335
1333.000	1.324
1334.000	1.324
1335.000	1.324
1336.000	1.324
1337.000	1.324
1338.000	1.324
1339.000	1.324
1340.000	1.324
1341.000	1.324
1342.000	1.324
1343.000	1.324
1344.000	1.324
1345.000	1.324
1346.000	1.324
1347.000	1.324
1348.000	1.324
1349.000	1.324
1350.000	1.324
1351.000	1.324
1352.000	1.324
1353.000	1.324
1354.000	1.324
1355.000	1.324
1356.000	1.282
1357.000	1.276
1358.000	1.276
1359.000	1.276
1360.000	1.276
1361.000	1.276
1362.000	1.276
1363.000	1.276
1364.000	1.276
1365.000	1.276
1366.000	1.276
1367.000	1.250
1368.000	1.250
1369.000	1.250
1370.000	1.250
1371.000	1.246
1372.000	1.246
1373.000	1.246
1374.000	1.246
1375.000	1.237
1376.000	1.237
1377.000	1.237
1378.000	1.237
1379.000	1.237
1380.000	1.237
1381.000	1.237
1382.000	1.237
1383.000	1.237
1384.000	1.237
1385.000	1.226
1386.000	1.226
1387.000	1.226
1388.000	1.226
1389.000	1.226
1390.000	1.226
1391.000	1.226
1392.000	1.226
1393.000	1.226
1394.000	1.226
1395.000	1.226
1396.000	1.226
1397.000	1.226
1398.000	1.226
1399.000	1.226
1400.000	1.226
1401.000	1.226
1402.000	1.226
1403.000	1.226
1404.000	1.226
1405.000	1.226
1406.000	1.226
1407.000	1.226
1408.000	1.226
1409.000	1.226
1410.000	1.226
1411.000	1.226
1412.000	1.226
1413.000	1.226
1414.000	1.226
1415.000	1.226
1416.000	1.203
1417.000	1.183
1418.000	1.183
1419.000	1.176
1420.000	1.176
1421.000	1.176
1422.000	1.176
1423.000	1.176
1424.000	1.171
1425.000	1.170
1426.000	1.164
1427.000	1.164
1428.000	1.162
1429.000	1.162
1430.000	1.162
1431.000	1.162
1432.000	1.162
1433.000	1.162
1434.000	1.162
1435.000	1.161
1436.000	1.161
1437.000	1.161
1438.000	1.161
1439.000	1.161
1440.000	1.161
1441.000	1.158
1442.000	1.158
1443.000	1.158
1444.000	1.151
1445.000	1.151
1446.000	1.151
1447.000	1.146
1448.000	1.146
1449.000	1.146
1450.000	1.146
1451.000	1.146
1452.000	1.146
1453.000	1.146
1454.000	1.146
1455.000	1.146
1456.000	1.146
1457.000	1.146
1458.000	1.146
1459.000	1.146
1460.000	1.146
1461.000	1.146
1462.000	1.146
1463.000	1.146
1464.000	1.146
1465.000	1.146
1466.000	1.146
1467.000	1.146
1468.000	1.146
1469.000	1.146
1470.000	1.146
1471.000	1.146
1472.000	1.121
1473.000	1.121
1474.000	1.121
1475.000	1.121
1476.000	1.118
1477.000	1.118
1478.000	1.118
1479.000	1.118
1480.000	1.118
1481.000	1.107
1482.000	1.107
1483.000	1.107
1484.000	1.107
1485.000	1.107
1486.000	1.107
1487.000	1.098
1488.000	1.098
1489.000	1.098
1490.000	1.098
1491.000	1.098
1492.000	1.098
1493.000	1.098
1494.000	1.098
1495.000	1.098
1496.000	1.098
1497.000	1.098
1498.000	1.071
1499.000	1.017
1500.000	1.017
1501.000	0.000
1502.000	0.000
1503.000	0.000
1504.000	0.000
1505.000	0.000
1506.000	0.000
1507.000	0.000
1508.000	0.000
1509.000	0.000
1510.000	0.000
1511.000	0.000
1512.000	0.000
1513.000	0.000
1514.000	0.000
1515.000	0.000
1516.000	0.000
1517.000	0.000
1518.000	0.000
1519.000	0.000
1520.000	0.000
1521.000	0.000
1522.000	0.000
1523.000	0.000
1524.000	0.000
1525.000	0.000
1526.000	0.000
1527.000	0.000
1528.000	0.000
1529.000	0.000
1530.000	0.000
1531.000	0.000
1532.000	0.000
1533.000	0.000
1534.000	0.000
1535.000	0.000
1536.000	0.000
1537.000	0.000
1538.000	0.000
1539.000	0.000
1540.000	0.000
1541.000	0.000
1542.000	0.000
1543.000	0.000
1544.000	0.000
1545.000	0.000
1546.000	0.000
1547.000	0.000
1548.000	0.000
1549.000	0.000
1550.000	0.000
1551.000	0.000
1552.000	0.000
1553.000	0.000
1554.000	0.000
1555.000	0.000
1556.000	0.000
1557.000	0.000
1558.000	0.000
1559.000	0.000
1560.000	0.000
1561.000	0.000
1562.000	0.000
1563.000	0.000
1564.000	0.000
1565.000	0.000
1566.000	0.000
1567.000	0.000
1568.000	0.000
1569.000	0.000
1570.000	0.000
1571.000	0.000
1572.000	0.000
1573.000	0.000
1574.000	0.000
1575.000	0.000
1576.000	0.000
1577.000	0.000
1578.000	0.000
1579.000	0.000
1580.000	0.000
1581.000	0.000
1582.000	0.000
1583.000	0.000
1584.000	0.000
1585.000	0.000
1586.000	0.000
1587.000	0.000
1588.000	0.000
1589.000	0.000
1590.000	0.000
1591.000	0.000
1592.000	0.000
1593.000	0.000
1594.000	0.000
1595.000	0.000
1596.000	0.000
1597.000	0.000
1598.000	0.000
1599.000	0.000
1600.000	0.000
1601.000	0.000
1602.000	0.000
1603.000	0.000
1604.000	0.000
1605.000	0.000
1606.000	0.000
1607.000	0.000
1608.000	0.000
1609.000	0.000
1610.000	0.000
1611.000	0.000
1612.000	0.000
1613.000	0.000
1614.000	0.000
1615.000	0.000
1616.000	0.000
1617.000	0.000
1618.000	0.000
1619.000	0.000
1620.000	0.000
1621.000	0.000
1622.000	0.000
1623.000	0.000
1624.000	0.000
1625.000	0.000
1626.000	0.000
1627.000	0.000
1628.000	0.000
1629.000	0.000
1630.000	0.000
1631.000	0.000
1632.000	0.000
1633.000	0.000
1634.000	0.000
1635.000	0.000
1636.000	0.000
1637.000	0.000
1638.000	0.000
1639.000	0.000
1640.000	0.000
1641.000	0.000
1642.000	0.000
1643.000	0.000
1644.000	0.000
1645.000	0.000
1646.000	0.000
1647.000	0.000
1648.000	0.000
1649.000	0.000
1650.000	0.000
1651.000	0.000
1652.000	0.000
1653.000	0.000
1654.000	0.000
1655.000	0.000
1656.000	0.000
1657.000	0.000
1658.000	0.000
1659.000	0.000
1660.000	0.000
1661.000	0.000
1662.000	0.000
1663.000	0.000
1664.000	0.000
1665.000	0.000
1666.000	0.000
1667.000	0.000
1668.000	0.000
1669.000	0.000
1670.000	0.000
1671.000	0.000
1672.000	0.000
1673.000	0.000
1674.000	0.000
1675.000	0.000
1676.000	0.000
1677.000	0.000
1678.000	0.000
1679.000	0.000
1680.000	0.000
1681.000	0.000
1682.000	0.000
1683.000	0.000
1684.000	0.000
1685.000	0.000
1686.000	0.000
1687.000	0.000
1688.000	0.000
1689.000	0.000
1690.000	0.000
1691.000	0.000
1692.000	0.000
1693.000	0.000
1694.000	0.000
1695.000	0.000
1696.000	0.000
1697.000	0.000
1698.000	0.000
1699.000	0.000
1700.000	0.000
1701.000	0.000
1702.000	0.000
1703.000	0.000
1704.000	0.000
1705.000	0.000
1706.000	0.000
1707.000	0.000
1708.000	0.000
1709.000	0.000
1710.000	0.000
1711.000	0.000
1712.000	0.000
1713.000	0.000
1714.000	0.000
1715.000	0.000
1716.000	0.000
1717.000	0.000
1718.000	0.000
1719.000	0.000
1720.000	0.000
1721.000	0.000
1722.000	0.000
1723.000	0.000
1724.000	0.000
1725.000	0.000
1726.000	0.000
1727.000	0.000
1728.000	0.000
1729.000	0.000
1730.000	0.000
1731.000	0.000
1732.000	0.000
1733.000	0.000
1734.000	0.000
1735.000	0.000
1736.000	0.000
1737.000	0.000
1738.000	0.000
1739.000	0.000
1740.000	0.000
1741.000	0.000
1742.000	0.000
1743.000	0.000
1744.000	0.000
1745.000	0.000
1746.000	0.000
1747.000	0.000
1748.000	0.000
1749.000	0.000
1750.000	0.000
1751.000	0.000
1752.000	0.000
1753.000	0.000
1754.000	0.000
1755.000	0.000
1756.000	0.000
1757.000	0.000
1758.000	0.000
1759.000	0.000
1760.000	0.000
1761.000	0.000
1762.000	0.000
1763.000	0.000
1764.000	0.000
1765.000	0.000
1766.000	0.000
1767.000	0.000
1768.000	0.000
1769.000	0.000
1770.000	0.000
1771.000	0.000
1772.000	0.000
1773.000	0.000
1774.000	0.000
1775.000	0.000
1776.000	0.000
1777.000	0.000
1778.000	0.000
1779.000	0.000
1780.000	0.000
1781.000	0.000
1782.000	0.000
1783.000	0.000
1784.000	0.000
1785.000	0.000
1786.000	0.000
1787.000	0.000
1788.000	0.000
1789.000	0.000
1790.000	0.000
1791.000	0.000
1792.000	0.000
1793.000	0.000
1794.000	0.000
1795.000	0.000
1796.000	0.000
1797.000	0.000
1798.000	0.000
1799.000	0.000
1800.000	0.000
1801.000	0.000
1802.000	0.000
1803.000	0.000
1804.000	0.000
1805.000	0.000
1806.000	0.000
1807.000	0.000
1808.000	0.000
1809.000	0.000
1810.000	0.000
1811.000	0.000
1812.000	0.000
1813.000	0.000
1814.000	0.000
1815.000	0.000
1816.000	0.000
1817.000	0.000
1818.000	0.000
1819.000	0.000
1820.000	0.000
1821.000	0.000
1822.000	0.000
1823.000	0.000
1824.000	0.000
1825.000	0.000
1826.000	0.000
1827.000	0.000
1828.000	0.000
1829.000	0.000
1830.000	0.000
1831.000	0.000
1832.000	0.000
1833.000	0.000
1834.000	0.000
1835.000	0.000
1836.000	0.000
1837.000	0.000
1838.000	0.000
1839.000	0.000
1840.000	0.000
1841.000	0.000
1842.000	0.000
1843.000	0.000
1844.000	0.000
1845.000	0.000
1846.000	0.000
1847.000	0.000
1848.000	0.000
1849.000	0.000
1850.000	0.000
1851.000	0.000
1852.000	0.000
1853.000	0.000
1854.000	0.000
1855.000	0.000
1856.000	0.000
1857.000	0.000
1858.000	0.000
1859.000	0.000
1860.000	0.000
1861.000	0.000
1862.000	0.000
1863.000	0.000
1864.000	0.000
1865.000	0.000
1866.000	0.000
1867.000	0.000
1868.000	0.000
1869.000	0.000
1870.000	0.000
1871.000	0.000
1872.000	0.000
1873.000	0.000
1874.000	0.000
1875.000	0.000
1876.000	0.000
1877.000	0.000
1878.000	0.000
1879.000	0.000
1880.000	0.000
1881.000	0.000
1882.000	0.000
1883.000	0.000
1884.000	0.000
1885.000	0.000
1886.000	0.000
1887.000	0.000
1888.000	0.000
1889.000	0.000
1890.000	0.000
1891.000	0.000
1892.000	0.000
1893.000	0.000
1894.000	0.000
1895.000	0.000
1896.000	0.000
1897.000	0.000
1898.000	0.000
1899.000	0.000
1900.000	0.000
1901.000	0.000
1902.000	0.000
1903.000	0.000
1904.000	0.000
1905.000	0.000
1906.000	0.000
1907.000	0.000
1908.000	0.000
1909.000	0.000
1910.000	0.000
1911.000	0.000
1912.000	0.000
1913.000	0.000
1914.000	0.000
1915.000	0.000
1916.000	0.000
1917.000	0.000
1918.000	0.000
1919.000	0.000
1920.000	0.000
1921.000	0.000
1922.000	0.000
1923.000	0.000
1924.000	0.000
1925.000	0.000
1926.000	0.000
1927.000	0.000
1928.000	0.000
1929.000	0.000
1930.000	0.000
1931.000	0.000
1932.000	0.000
1933.000	0.000
1934.000	0.000
1935.000	0.000
1936.000	0.000
1937.000	0.000
1938.000	0.000
1939.000	0.000
1940.000	0.000
1941.000	0.000
1942.000	0.000
1943.000	0.000
1944.000	0.000
1945.000	0.000
1946.000	0.000
1947.000	0.000
1948.000	0.000
1949.000	0.000
1950.000	0.000
1951.000	0.000
1952.000	0.000
1953.000	0.000
1954.000	0.000
1955.000	0.000
1956.000	0.000
1957.000	0.000
1958.000	0.000
1959.000	0.000
1960.000	0.000
1961.000	0.000
1962.000	0.000
1963.000	0.000
1964.000	0.000
1965.000	0.000
1966.000	0.000
1967.000	0.000
1968.000	0.000
1969.000	0.000
1970.000	0.000
1971.000	0.000
1972.000	0.000
1973.000	0.000
1974.000	0.000
1975.000	0.000
1976.000	0.000
1977.000	0.000
1978.000	0.000
1979.000	0.000
1980.000	0.000
1981.000	0.000
1982.000	0.000
1983.000	0.000
1984.000	0.000
1985.000	0.000
1986.000	0.000
1987.000	0.000
1988.000	0.000
1989.000	0.000
1990.000	0.000
1991.000	0.000
1992.000	0.000
1993.000	0.000
1994.000	0.000
1995.000	0.000
1996.000	0.000
1997.000	0.000
1998.000	0.000
1999.000	0.000
2000.000	0.000
2001.000	0.000
2002.000	0.000
2003.000	0.000
2004.000	0.000
2005.000	0.000
2006.000	0.000
2007.000	0.000
2008.000	0.000
2009.000	0.000
2010.000	0.000
2011.000	0.000
2012.000	0.000
2013.000	0.000
2014.000	0.000
2015.000	0.000
2016.000	0.000
2017.000	0.000
2018.000	0.000
2019.000	0.000
2020.000	0.000
2021.000	0.000
2022.000	0.000
2023.000	0.000
2024.000	0.000
2025.000	0.000
2026.000	0.000
2027.000	0.000
2028.000	0.000
2029.000	0.000
2030.000	0.000
2031.000	0.000
2032.000	0.000
2033.000	0.000
2034.000	0.000
2035.000	0.000
2036.000	0.000
2037.000	0.000
2038.000	0.000
2039.000	0.000
2040.000	0.000
2041.000	0.000
2042.000	0.000
2043.000	0.000
2044.000	0.000
2045.000	0.000
2046.000	0.000
2047.000	0.000
2048.000	0.000
2049.000	0.000
2050.000	0.000
2051.000	0.000
2052.000	0.000
2053.000	0.000
2054.000	0.000
2055.000	0.000
2056.000	0.000
2057.000	0.000
2058.000	0.000
2059.000	0.000
2060.000	0.000
2061.000	0.000
2062.000	0.000
2063.000	0.000
2064.000	0.000
2065.000	0.000
2066.000	0.000
2067.000	0.000
2068.000	0.000
2069.000	0.000
2070.000	0.000
2071.000	0.000
2072.000	0.000
2073.000	0.000
2074.000	0.000
2075.000	0.000
2076.000	0.000
2077.000	0.000
2078.000	0.000
2079.000	0.000
2080.000	0.000
2081.000	0.000
2082.000	0.000
2083.000	0.000
2084.000	0.000
2085.000	0.000
2086.000	0.000
2087.000	0.000
2088.000	0.000
2089.000	0.000
2090.000	0.000
2091.000	0.000
2092.000	0.000
2093.000	0.000
2094.000	0.000
2095.000	0.000
2096.000	0.000
2097.000	0.000
2098.000	0.000
2099.000	0.000
2100.000	0.000
2101.000	0.000
2102.000	0.000
2103.000	0.000
2104.000	0.000
2105.000	0.000
2106.000	0.000
2107.000	0.000
2108.000	0.000
2109.000	0.000
2110.000	0.000
2111.000	0.000
2112.000	0.000
2113.000	0.000
2114.000	0.000
2115.000	0.000
2116.000	0.000
2117.000	0.000
2118.000	0.000
2119.000	0.000
2120.000	0.000
2121.000	0.000
2122.000	0.000
2123.000	0.000
2124.000	0.000
2125.000	0.000
2126.000	0.000
2127.000	0.000
2128.000	0.000
2129.000	0.000
2130.000	0.000
2131.000	0.000
2132.000	0.000
2133.000	0.000
2134.000	0.000
2135.000	0.000
2136.000	0.000
2137.000	0.000
2138.000	0.000
2139.000	0.000
2140.000	0.000
2141.000	0.000
2142.000	0.000
2143.000	0.000
2144.000	0.000
2145.000	0.000
2146.000	0.000
2147.000	0.000
2148.000	0.000
2149.000	0.000
2150.000	0.000
2151.000	0.000
2152.000	0.000
2153.000	0.000
2154.000	0.000
2155.000	0.000
2156.000	0.000
2157.000	0.000
2158.000	0.000
2159.000	0.000
2160.000	0.000
2161.000	0.000
2162.000	0.000
2163.000	0.000
2164.000	0.000
2165.000	0.000
2166.000	0.000
2167.000	0.000
2168.000	0.000
2169.000	0.000
2170.000	0.000
2171.000	0.000
2172.000	0.000
2173.000	0.000
2174.000	0.000
2175.000	0.000
2176.000	0.000
2177.000	0.000
2178.000	0.000
2179.000	0.000
2180.000	0.000
2181.000	0.000
2182.000	0.000
2183.000	0.000
2184.000	0.000
2185.000	0.000
2186.000	0.000
2187.000	0.000
2188.000	0.000
2189.000	0.000
2190.000	0.000
2191.000	0.000
2192.000	0.000
2193.000	0.000
2194.000	0.000
2195.000	0.000
2196.000	0.000
2197.000	0.000
2198.000	0.000
2199.000	0.000
2200.000	0.000
2201.000	0.000
2202.000	0.000
2203.000	0.000
2204.000	0.000
2205.000	0.000
2206.000	0.000
2207.000	0.000
2208.000	0.000
2209.000	0.000
2210.000	0.000
2211.000	0.000
2212.000	0.000
2213.000	0.000
2214.000	0.000
2215.000	0.000
2216.000	0.000
2217.000	0.000
2218.000	0.000
2219.000	0.000
2220.000	0.000
2221.000	0.000
2222.000	0.000
2223.000	0.000
2224.000	0.000
2225.000	0.000
2226.000	0.000
2227.000	0.000
2228.000	0.000
2229.000	0.000
2230.000	0.000
2231.000	0.000
2232.000	0.000
2233.000	0.000
2234.000	0.000
2235.000	0.000
2236.000	0.000
2237.000	0.000
2238.000	0.000
2239.000	0.000
2240.000	0.000
2241.000	0.000
2242.000	0.000
2243.000	0.000
2244.000	0.000
2245.000	0.000
2246.000	0.000
2247.000	0.000
2248.000	0.000
2249.000	0.000
2250.000	0.000
2251.000	0.000
2252.000	0.000
2253.000	0.000
2254.000	0.000
2255.000	0.000
2256.000	0.000
2257.000	0.000
2258.000	0.000
2259.000	0.000
2260.000	0.000
2261.000	0.000
2262.000	0.000
2263.000	0.000
2264.000	0.000
2265.000	0.000
2266.000	0.000
2267.000	0.000
2268.000	0.000
2269.000	0.000
2270.000	0.000
2271.000	0.000
2272.000	0.000
2273.000	0.000
2274.000	0.000
2275.000	0.000
2276.000	0.000
2277.000	0.000
2278.000	0.000
2279.000	0.000
2280.000	0.000
2281.000	0.000
2282.000	0.000
2283.000	0.000
2284.000	0.000
2285.000	0.000
2286.000	0.000
2287.000	0.000
2288.000	0.000
2289.000	0.000
2290.000	0.000
2291.000	0.000
2292.000	0.000
2293.000	0.000
2294.000	0.000
2295.000	0.000
2296.000	0.000
2297.000	0.000
2298.000	0.000
2299.000	0.000
2300.000	0.000
2301.000	0.000
2302.000	0.000
2303.000	0.000
2304.000	0.000
2305.000	0.000
2306.000	0.000
2307.000	0.000
2308.000	0.000
2309.000	0.000
2310.000	0.000
2311.000	0.000
2312.000	0.000
2313.000	0.000
2314.000	0.000
2315.000	0.000
2316.000	0.000
2317.000	0.000
2318.000	0.000
2319.000	0.000
2320.000	0.000
2321.000	0.000
2322.000	0.000
2323.000	0.000
2324.000	0.000
2325.000	0.000
2326.000	0.000
2327.000	0.000
2328.000	0.000
2329.000	0.000
2330.000	0.000
2331.000	0.000
2332.000	0.000
2333.000	0.000
2334.000	0.000
2335.000	0.000
2336.000	0.000
2337.000	0.000
2338.000	0.000
2339.000	0.000
2340.000	0.000
2341.000	0.000
2342.000	0.000
2343.000	0.000
2344.000	0.000
2345.000	0.000
2346.000	0.000
2347.000	0.000
2348.000	0.000
2349.000	0.000
2350.000	0.000
2351.000	0.000
2352.000	0.000
2353.000	0.000
2354.000	0.000
2355.000	0.000
2356.000	0.000
2357.000	0.000
2358.000	0.000
2359.000	0.000
2360.000	0.000
2361.000	0.000
2362.000	0.000
2363.000	0.000
2364.000	0.000
2365.000	0.000
2366.000	0.000
2367.000	0.000
2368.000	0.000
2369.000	0.000
2370.000	0.000
2371.000	0.000
2372.000	0.000
2373.000	0.000
2374.000	0.000
2375.000	0.000
2376.000	0.000
2377.000	0.000
2378.000	0.000
2379.000	0.000
2380.000	0.000
2381.000	0.000
2382.000	0.000
2383.000	0.000
2384.000	0.000
2385.000	0.000
2386.000	0.000
2387.000	0.000
2388.000	0.000
2389.000	0.000
2390.000	0.000
2391.000	0.000
2392.000	0.000
2393.000	0.000
2394.000	0.000
2395.000	0.000
2396.000	0.000
2397.000	0.000
2398.000	0.000
2399.000	0.000
2400.000	0.000
2401.000	0.000
2402.000	0.000
2403.000	0.000
2404.000	0.000
2405.000	0.000
2406.000	0.000
2407.000	0.000
2408.000	0.000
2409.000	0.000
2410.000	0.000
2411.000	0.000
2412.000	0.000
2413.000	0.000
2414.000	0.000
2415.000	0.000
2416.000	0.000
2417.000	0.000
2418.000	0.000
2419.000	0.000
2420.000	0.000
2421.000	0.000
2422.000	0.000
2423.000	0.000
2424.000	0.000
2425.000	0.000
2426.000	0.000
2427.000	0.000
2428.000	0.000
2429.000	0.000
2430.000	0.000
2431.000	0.000
2432.000	0.000
2433.000	0.000
2434.000	0.000
2435.000	0.000
2436.000	0.000
2437.000	0.000
2438.000	0.000
2439.000	0.000
2440.000	0.000
2441.000	0.000
2442.000	0.000
2443.000	0.000
2444.000	0.000
2445.000	0.000
2446.000	0.000
2447.000	0.000
2448.000	0.000
2449.000	0.000
2450.000	0.000
2451.000	0.000
2452.000	0.000
2453.000	0.000
2454.000	0.000
2455.000	0.000
2456.000	0.000
2457.000	0.000
2458.000	0.000
2459.000	0.000
2460.000	0.000
2461.000	0.000
2462.000	0.000
2463.000	0.000
2464.000	0.000
2465.000	0.000
2466.000	0.000
2467.000	0.000
2468.000	0.000
2469.000	0.000
2470.000	0.000
2471.000	0.000
2472.000	0.000
2473.000	0.000
2474.000	0.000
2475.000	0.000
2476.000	0.000
2477.000	0.000
2478.000	0.000
2479.000	0.000
2480.000	0.000
2481.000	0.000
2482.000	0.000
2483.000	0.000
2484.000	0.000
2485.000	0.000
2486.000	0.000
2487.000	0.000
2488.000	0.000
2489.000	0.000
2490.000	0.000
2491.000	0.000
2492.000	0.000
2493.000	0.000
2494.000	0.000
2495.000	0.000
2496.000	0.000
2497.000	0.000
2498.000	0.000
2499.000	0.000
2500.000	0.000
2501.000	0.000
2502.000	0.000
2503.000	0.000
2504.000	0.000
2505.000	0.000
2506.000	0.000
2507.000	0.000
2508.000	0.000
2509.000	0.000
2510.000	0.000
2511.000	0.000
2512.000	0.000
2513.000	0.000
2514.000	0.000
2515.000	0.000
2516.000	0.000
2517.000	0.000
2518.000	0.000
2519.000	0.000
2520.000	0.000
2521.000	0.000
2522.000	0.000
2523.000	0.000
2524.000	0.000
2525.000	0.000
2526.000	0.000
2527.000	0.000
2528.000	0.000
2529.000	0.000
2530.000	0.000
2531.000	0.000
2532.000	0.000
2533.000	0.000
2534.000	0.000
2535.000	0.000
2536.000	0.000
2537.000	0.000
2538.000	0.000
2539.000	0.000
2540.000	0.000
2541.000	0.000
2542.000	0.000
2543.000	0.000
2544.000	0.000
2545.000	0.000
2546.000	0.000
2547.000	0.000
2548.000	0.000
2549.000	0.000
2550.000	0.000
2551.000	0.000
2552.000	0.000
2553.000	0.000
2554.000	0.000
2555.000	0.000
2556.000	0.000
2557.000	0.000
2558.000	0.000
2559.000	0.000
2560.000	0.000
2561.000	0.000
2562.000	0.000
2563.000	0.000
2564.000	0.000
2565.000	0.000
2566.000	0.000
2567.000	0.000
2568.000	0.000
2569.000	0.000
2570.000	0.000
2571.000	0.000
2572.000	0.000
2573.000	0.000
2574.000	0.000
2575.000	0.000
2576.000	0.000
2577.000	0.000
2578.000	0.000
2579.000	0.000
2580.000	0.000
2581.000	0.000
2582.000	0.000
2583.000	0.000
2584.000	0.000
2585.000	0.000
2586.000	0.000
2587.000	0.000
2588.000	0.000
2589.000	0.000
2590.000	0.000
2591.000	0.000
2592.000	0.000
2593.000	0.000
2594.000	0.000
2595.000	0.000
2596.000	0.000
2597.000	0.000
2598.000	0.000
2599.000	0.000
2600.000	0.000
2601.000	0.000
2602.000	0.000
2603.000	0.000
2604.000	0.000
2605.000	0.000
2606.000	0.000
2607.000	0.000
2608.000	0.000
2609.000	0.000
2610.000	0.000
2611.000	0.000
2612.000	0.000
2613.000	0.000
2614.000	0.000
2615.000	0.000
2616.000	0.000
2617.000	0.000
2618.000	0.000
2619.000	0.000
2620.000	0.000
2621.000	0.000
2622.000	0.000
2623.000	0.000
2624.000	0.000
2625.000	0.000
2626.000	0.000
2627.000	0.000
2628.000	0.000
2629.000	0.000
2630.000	0.000
2631.000	0.000
2632.000	0.000
2633.000	0.000
2634.000	0.000
2635.000	0.000
2636.000	0.000
2637.000	0.000
2638.000	0.000
2639.000	0.000
2640.000	0.000
2641.000	0.000
2642.000	0.000
2643.000	0.000
2644.000	0.000
2645.000	0.000
2646.000	0.000
2647.000	0.000
2648.000	0.000
2649.000	0.000
2650.000	0.000
2651.000	0.000
2652.000	0.000
2653.000	0.000
2654.000	0.000
2655.000	0.000
2656.000	0.000
2657.000	0.000
2658.000	0.000
2659.000	0.000
2660.000	0.000
2661.000	0.000
2662.000	0.000
2663.000	0.000
2664.000	0.000
2665.000	0.000
2666.000	0.000
2667.000	0.000
2668.000	0.000
2669.000	0.000
2670.000	0.000
2671.000	0.000
2672.000	0.000
2673.000	0.000
2674.000	0.000
2675.000	0.000
2676.000	0.000
2677.000	0.000
2678.000	0.000
2679.000	0.000
2680.000	0.000
2681.000	0.000
2682.000	0.000
2683.000	0.000
2684.000	0.000
2685.000	0.000
2686.000	0.000
2687.000	0.000
2688.000	0.000
2689.000	0.000
2690.000	0.000
2691.000	0.000
2692.000	0.000
2693.000	0.000
2694.000	0.000
2695.000	0.000
2696.000	0.000
2697.000	0.000
2698.000	0.000
2699.000	0.000
2700.000	0.000
2701.000	0.000
2702.000	0.000
2703.000	0.000
2704.000	0.000
2705.000	0.000
2706.000	0.000
2707.000	0.000
2708.000	0.000
2709.000	0.000
2710.000	0.000
2711.000	0.000
2712.000	0.000
2713.000	0.000
2714.000	0.000
2715.000	0.000
2716.000	0.000
2717.000	0.000
2718.000	0.000
2719.000	0.000
2720.000	0.000
2721.000	0.000
2722.000	0.000
2723.000	0.000
2724.000	0.000
2725.000	0.000
2726.000	0.000
2727.000	0.000
2728.000	0.000
2729.000	0.000
2730.000	0.000
2731.000	0.000
2732.000	0.000
2733.000	0.000
2734.000	0.000
2735.000	0.000
2736.000	0.000
2737.000	0.000
2738.000	0.000
2739.000	0.000
2740.000	0.000
2741.000	0.000
2742.000	0.000
2743.000	0.000
2744.000	0.000
2745.000	0.000
2746.000	0.000
2747.000	0.000
2748.000	0.000
2749.000	0.000
2750.000	0.000
2751.000	0.000
2752.000	0.000
2753.000	0.000
2754.000	0.000
2755.000	0.000
2756.000	0.000
2757.000	0.000
2758.000	0.000
2759.000	0.000
2760.000	0.000
2761.000	0.000
2762.000	0.000
2763.000	0.000
2764.000	0.000
2765.000	0.000
2766.000	0.000
2767.000	0.000
2768.000	0.000
2769.000	0.000
2770.000	0.000
2771.000	0.000
2772.000	0.000
2773.000	0.000
2774.000	0.000
2775.000	0.000
2776.000	0.000
2777.000	0.000
2778.000	0.000
2779.000	0.000
2780.000	0.000
2781.000	0.000
2782.000	0.000
2783.000	0.000
2784.000	0.000
2785.000	0.000
2786.000	0.000
2787.000	0.000
2788.000	0.000
2789.000	0.000
2790.000	0.000
2791.000	0.000
2792.000	0.000
2793.000	0.000
2794.000	0.000
2795.000	0.000
2796.000	0.000
2797.000	0.000
2798.000	0.000
2799.000	0.000
2800.000	0.000
2801.000	0.000
2802.000	0.000
2803.000	0.000
2804.000	0.000
2805.000	0.000
2806.000	0.000
2807.000	0.000
2808.000	0.000
2809.000	0.000
2810.000	0.000
2811.000	0.000
2812.000	0.000
2813.000	0.000
2814.000	0.000
2815.000	0.000
2816.000	0.000
2817.000	0.000
2818.000	0.000
2819.000	0.000
2820.000	0.000
2821.000	0.000
2822.000	0.000
2823.000	0.000
2824.000	0.000
2825.000	0.000
2826.000	0.000
2827.000	0.000
2828.000	0.000
2829.000	0.000
2830.000	0.000
2831.000	0.000
2832.000	0.000
2833.000	0.000
2834.000	0.000
2835.000	0.000
2836.000	0.000
2837.000	0.000
2838.000	0.000
2839.000	0.000
2840.000	0.000
2841.000	0.000
2842.000	0.000
2843.000	0.000
2844.000	0.000
2845.000	0.000
2846.000	0.000
2847.000	0.000
2848.000	0.000
2849.000	0.000
2850.000	0.000
2851.000	0.000
2852.000	0.000
2853.000	0.000
2854.000	0.000
2855.000	0.000
2856.000	0.000
2857.000	0.000
2858.000	0.000
2859.000	0.000
2860.000	0.000
2861.000	0.000
2862.000	0.000
2863.000	0.000
2864.000	0.000
2865.000	0.000
2866.000	0.000
2867.000	0.000
2868.000	0.000
2869.000	0.000
2870.000	0.000
2871.000	0.000
2872.000	0.000
2873.000	0.000
2874.000	0.000
2875.000	0.000
2876.000	0.000
2877.000	0.000
2878.000	0.000
2879.000	0.000
2880.000	0.000
2881.000	0.000
2882.000	0.000
2883.000	0.000
2884.000	0.000
2885.000	0.000
2886.000	0.000
2887.000	0.000
2888.000	0.000
2889.000	0.000
2890.000	0.000
2891.000	0.000
2892.000	0.000
2893.000	0.000
2894.000	0.000
2895.000	0.000
2896.000	0.000
2897.000	0.000
2898.000	0.000
2899.000	0.000
2900.000	0.000
2901.000	0.000
2902.000	0.000
2903.000	0.000
2904.000	0.000
2905.000	0.000
2906.000	0.000
2907.000	0.000
2908.000	0.000
2909.000	0.000
2910.000	0.000
2911.000	0.000
2912.000	0.000
2913.000	0.000
2914.000	0.000
2915.000	0.000
2916.000	0.000
2917.000	0.000
2918.000	0.000
2919.000	0.000
2920.000	0.000
2921.000	0.000
2922.000	0.000
2923.000	0.000
2924.000	0.000
2925.000	0.000
2926.000	0.000
2927.000	0.000
2928.000	0.000
2929.000	0.000
2930.000	0.000
2931.000	0.000
2932.000	0.000
2933.000	0.000
2934.000	0.000
2935.000	0.000
2936.000	0.000
2937.000	0.000
2938.000	0.000
2939.000	0.000
2940.000	0.000
2941.000	0.000
2942.000	0.000
2943.000	0.000
2944.000	0.000
2945.000	0.000
2946.000	0.000
2947.000	0.000
2948.000	0.000
2949.000	0.000
2950.000	0.000
2951.000	0.000
2952.000	0.000
2953.000	0.000
2954.000	0.000
2955.000	0.000
2956.000	0.000
2957.000	0.000
2958.000	0.000
2959.000	0.000
2960.000	0.000
2961.000	0.000
2962.000	0.000
2963.000	0.000
2964.000	0.000
2965.000	0.000
2966.000	0.000
2967.000	0.000
2968.000	0.000
2969.000	0.000
2970.000	0.000
2971.000	0.000
2972.000	0.000
2973.000	0.000
2974.000	0.000
2975.000	0.000
2976.000	0.000
2977.000	0.000
2978.000	0.000
2979.000	0.000
2980.000	0.000
2981.000	0.000
2982.000	0.000
2983.000	0.000
2984.000	0.000
2985.000	0.000
2986.000	0.000
2987.000	0.000
2988.000	0.000
2989.000	0.000
2990.000	0.000
2991.000	0.000
2992.000	0.000
2993.000	0.000
2994.000	0.000
2995.000	0.000
2996.000	0.000
2997.000	0.000
2998.000	0.000
2999.000	0.000
3000.000	0.000
3001.000	0.000
3002.000	0.000
3003.000	0.000
3004.000	0.000
3005.000	0.000
3006.000	0.000
3007.000	0.000
3008.000	0.000
3009.000	0.000
3010.000	0.000
3011.000	0.000
3012.000	0.000
3013.000	0.000
3014.000	0.000
3015.000	0.000
3016.000	0.000
3017.000	0.000
3018.000	0.000
3019.000	0.000
3020.000	0.000
3021.000	0.000
3022.000	0.000
3023.000	0.000
3024.000	0.000
3025.000	0.000
3026.000	0.000
3027.000	0.000
3028.000	0.000
3029.000	0.000
3030.000	0.000
3031.000	0.000
3032.000	0.000
3033.000	0.000
3034.000	0.000
3035.000	0.000
3036.000	0.000
3037.000	0.000
3038.000	0.000
3039.000	0.000
3040.000	0.000
3041.000	0.000
3042.000	0.000
3043.000	0.000
3044.000	0.000
3045.000	0.000
3046.000	0.000
3047.000	0.000
3048.000	0.000
3049.000	0.000
3050.000	0.000
3051.000	0.000
3052.000	0.000
3053.000	0.000
3054.000	0.000
3055.000	0.000
3056.000	0.000
3057.000	0.000
3058.000	0.000
3059.000	0.000
3060.000	0.000
3061.000	0.000
3062.000	0.000
3063.000	0.000
3064.000	0.000
3065.000	0.000
3066.000	0.000
3067.000	0.000
3068.000	0.000
3069.000	0.000
3070.000	0.000
3071.000	0.000
3072.000	0.000
3073.000	0.000
3074.000	0.000
3075.000	0.000
3076.000	0.000
3077.000	0.000
3078.000	0.000
3079.000	0.000
3080.000	0.000
3081.000	0.000
3082.000	0.000
3083.000	0.000
3084.000	0.000
3085.000	0.000
3086.000	0.000
3087.000	0.000
3088.000	0.000
3089.000	0.000
3090.000	0.000
3091.000	0.000
3092.000	0.000
3093.000	0.000
3094.000	0.000
3095.000	0.000
3096.000	0.000
3097.000	0.000
3098.000	0.000
3099.000	0.000
3100.000	0.000
3101.000	0.000
3102.000	0.000
3103.000	0.000
3104.000	0.000
3105.000	0.000
3106.000	0.000
3107.000	0.000
3108.000	0.000
3109.000	0.000
3110.000	0.000
3111.000	0.000
3112.000	0.000
3113.000	0.000
3114.000	0.000
3115.000	0.000
3116.000	0.000
3117.000	0.000
3118.000	0.000
3119.000	0.000
3120.000	0.000
3121.000	0.000
3122.000	0.000
3123.000	0.000
3124.000	0.000
3125.000	0.000
3126.000	0.000
3127.000	0.000
3128.000	0.000
3129.000	0.000
3130.000	0.000
3131.000	0.000
3132.000	0.000
3133.000	0.000
3134.000	0.000
3135.000	0.000
3136.000	0.000
3137.000	0.000
3138.000	0.000
3139.000	0.000
3140.000	0.000
3141.000	0.000
3142.000	0.000
3143.000	0.000
3144.000	0.000
3145.000	0.000
3146.000	0.000
3147.000	0.000
3148.000	0.000
3149.000	0.000
3150.000	0.000
3151.000	0.000
3152.000	0.000
3153.000	0.000
3154.000	0.000
3155.000	0.000
3156.000	0.000
3157.000	0.000
3158.000	0.000
3159.000	0.000
3160.000	0.000
3161.000	0.000
3162.000	0.000
3163.000	0.000
3164.000	0.000
3165.000	0.000
3166.000	0.000
3167.000	0.000
3168.000	0.000
3169.000	0.000
3170.000	0.000
3171.000	0.000
3172.000	0.000
3173.000	0.000
3174.000	0.000
3175.000	0.000
3176.000	0.000
3177.000	0.000
3178.000	0.000
3179.000	0.000
3180.000	0.000
3181.000	0.000
3182.000	0.000
3183.000	0.000
3184.000	0.000
3185.000	0.000
3186.000	0.000
3187.000	0.000
3188.000	0.000
3189.000	0.000
3190.000	0.000
3191.000	0.000
3192.000	0.000
3193.000	0.000
3194.000	0.000
3195.000	0.000
3196.000	0.000
3197.000	0.000
3198.000	0.000
3199.000	0.000
3200.000	0.000
3201.000	0.000
3202.000	0.000
3203.000	0.000
3204.000	0.000
3205.000	0.000
3206.000	0.000
3207.000	0.000
3208.000	0.000
3209.000	0.000
3210.000	0.000
3211.000	0.000
3212.000	0.000
3213.000	0.000
3214.000	0.000
3215.000	0.000
3216.000	0.000
3217.000	0.000
3218.000	0.000
3219.000	0.000
3220.000	0.000
3221.000	0.000
3222.000	0.000
3223.000	0.000
3224.000	0.000
3225.000	0.000
3226.000	0.000
3227.000	0.000
3228.000	0.000
3229.000	0.000
3230.000	0.000
3231.000	0.000
3232.000	0.000
3233.000	0.000
3234.000	0.000
3235.000	0.000
3236.000	0.000
3237.000	0.000
3238.000	0.000
3239.000	0.000
3240.000	0.000
3241.000	0.000
3242.000	0.000
3243.000	0.000
3244.000	0.000
3245.000	0.000
3246.000	0.000
3247.000	0.000
3248.000	0.000
3249.000	0.000
3250.000	0.000
3251.000	0.000
3252.000	0.000
3253.000	0.000
3254.000	0.000
3255.000	0.000
3256.000	0.000
3257.000	0.000
3258.000	0.000
3259.000	0.000
3260.000	0.000
3261.000	0.000
3262.000	0.000
3263.000	0.000
3264.000	0.000
3265.000	0.000
3266.000	0.000
3267.000	0.000
3268.000	0.000
3269.000	0.000
3270.000	0.000
3271.000	0.000
3272.000	0.000
3273.000	0.000
3274.000	0.000
3275.000	0.000
3276.000	0.000
3277.000	0.000
3278.000	0.000
3279.000	0.000
3280.000	0.000
3281.000	0.000
3282.000	0.000
3283.000	0.000
3284.000	0.000
3285.000	0.000
3286.000	0.000
3287.000	0.000
3288.000	0.000
3289.000	0.000
3290.000	0.000
3291.000	0.000
3292.000	0.000
3293.000	0.000
3294.000	0.000
3295.000	0.000
3296.000	0.000
3297.000	0.000
3298.000	0.000
3299.000	0.000
3300.000	0.000
3301.000	0.000
3302.000	0.000
3303.000	0.000
3304.000	0.000
3305.000	0.000
3306.000	0.000
3307.000	0.000
3308.000	0.000
3309.000	0.000
3310.000	0.000
3311.000	0.000
3312.000	0.000
3313.000	0.000
3314.000	0.000
3315.000	0.000
3316.000	0.000
3317.000	0.000
3318.000	0.000
3319.000	0.000
3320.000	0.000
3321.000	0.000
3322.000	0.000
3323.000	0.000
3324.000	0.000
3325.000	0.000
3326.000	0.000
3327.000	0.000
3328.000	0.000
3329.000	0.000
3330.000	0.000
3331.000	0.000
3332.000	0.000
3333.000	0.000
3334.000	0.000
3335.000	0.000
3336.000	0.000
3337.000	0.000
3338.000	0.000
3339.000	0.000
3340.000	0.000
3341.000	0.000
3342.000	0.000
3343.000	0.000
3344.000	0.000
3345.000	0.000
3346.000	0.000
3347.000	0.000
3348.000	0.000
3349.000	0.000
3350.000	0.000
3351.000	0.000
3352.000	0.000
3353.000	0.000
3354.000	0.000
3355.000	0.000
3356.000	0.000
3357.000	0.000
3358.000	0.000
3359.000	0.000
3360.000	0.000
3361.000	0.000
3362.000	0.000
3363.000	0.000
3364.000	0.000
3365.000	0.000
3366.000	0.000
3367.000	0.000
3368.000	0.000
3369.000	0.000
3370.000	0.000
3371.000	0.000
3372.000	0.000
3373.000	0.000
3374.000	0.000
3375.000	0.000
3376.000	0.000
3377.000	0.000
3378.000	0.000
3379.000	0.000
3380.000	0.000
3381.000	0.000
3382.000	0.000
3383.000	0.000
3384.000	0.000
3385.000	0.000
3386.000	0.000
3387.000	0.000
3388.000	0.000
3389.000	0.000
3390.000	0.000
3391.000	0.000
3392.000	0.000
3393.000	0.000
3394.000	0.000
3395.000	0.000
3396.000	0.000
3397.000	0.000
3398.000	0.000
3399.000	0.000
3400.000	0.000
3401.000	0.000
3402.000	0.000
3403.000	0.000
3404.000	0.000
3405.000	0.000
3406.000	0.000
3407.000	0.000
3408.000	0.000
3409.000	0.000
3410.000	0.000
3411.000	0.000
3412.000	0.000
3413.000	0.000
3414.000	0.000
3415.000	0.000
3416.000	0.000
3417.000	0.000
3418.000	0.000
3419.000	0.000
3420.000	0.000
3421.000	0.000
3422.000	0.000
3423.000	0.000
3424.000	0.000
3425.000	0.000
3426.000	0.000
3427.000	0.000
3428.000	0.000
3429.000	0.000
3430.000	0.000
3431.000	0.000
3432.000	0.000
3433.000	0.000
3434.000	0.000
3435.000	0.000
3436.000	0.000
3437.000	0.000
3438.000	0.000
3439.000	0.000
3440.000	0.000
3441.000	0.000
3442.000	0.000
3443.000	0.000
3444.000	0.000
3445.000	0.000
3446.000	0.000
3447.000	0.000
3448.000	0.000
3449.000	0.000
3450.000	0.000
3451.000	0.000
3452.000	0.000
3453.000	0.000
3454.000	0.000
3455.000	0.000
3456.000	0.000
3457.000	0.000
3458.000	0.000
3459.000	0.000
3460.000	0.000
3461.000	0.000
3462.000	0.000
3463.000	0.000
3464.000	0.000
3465.000	0.000
3466.000	0.000
3467.000	0.000
3468.000	0.000
3469.000	0.000
3470.000	0.000
3471.000	0.000
3472.000	0.000
3473.000	0.000
3474.000	0.000
3475.000	0.000
3476.000	0.000
3477.000	0.000
3478.000	0.000
3479.000	0.000
3480.000	0.000
3481.000	0.000
3482.000	0.000
3483.000	0.000
3484.000	0.000
3485.000	0.000
3486.000	0.000
3487.000	0.000
3488.000	0.000
3489.000	0.000
3490.000	0.000
3491.000	0.000
3492.000	0.000
3493.000	0.000
3494.000	0.000
3495.000	0.000
3496.000	0.000
3497.000	0.000
3498.000	0.000
3499.000	0.000
3500.000	0.000
3501.000	0.000
3502.000	0.000
3503.000	0.000
3504.000	0.000
3505.000	0.000
3506.000	0.000
3507.000	0.000
3508.000	0.000
3509.000	0.000
3510.000	0.000
3511.000	0.000
3512.000	0.000
3513.000	0.000
3514.000	0.000
3515.000	0.000
3516.000	0.000
3517.000	0.000
3518.000	0.000
3519.000	0.000
3520.000	0.000
3521.000	0.000
3522.000	0.000
3523.000	0.000
3524.000	0.000
3525.000	0.000
3526.000	0.000
3527.000	0.000
3528.000	0.000
3529.000	0.000
3530.000	0.000
3531.000	0.000
3532.000	0.000
3533.000	0.000
3534.000	0.000
3535.000	0.000
3536.000	0.000
3537.000	0.000
3538.000	0.000
3539.000	0.000
3540.000	0.000
3541.000	0.000
3542.000	0.000
3543.000	0.000
3544.000	0.000
3545.000	0.000
3546.000	0.000
3547.000	0.000
3548.000	0.000
3549.000	0.000
3550.000	0.000
3551.000	0.000
3552.000	0.000
3553.000	0.000
3554.000	0.000
3555.000	0.000
3556.000	0.000
3557.000	0.000
3558.000	0.000
3559.000	0.000
3560.000	0.000
3561.000	0.000
3562.000	0.000
3563.000	0.000
3564.000	0.000
3565.000	0.000
3566.000	0.000
3567.000	0.000
3568.000	0.000
3569.000	0.000
3570.000	0.000
3571.000	0.000
3572.000	0.000
3573.000	0.000
3574.000	0.000
3575.000	0.000
3576.000	0.000
3577.000	0.000
3578.000	0.000
3579.000	0.000
3580.000	0.000
3581.000	0.000
3582.000	0.000
3583.000	0.000
3584.000	0.000
3585.000	0.000
3586.000	0.000
3587.000	0.000
3588.000	0.000
3589.000	0.000
3590.000	0.000
3591.000	0.000
3592.000	0.000
3593.000	0.000
3594.000	0.000
3595.000	0.000
3596.000	0.000
3597.000	0.000
3598.000	0.000
3599.000	0.000
3600.000	0.000
3601.000	0.000
3602.000	0.000
3603.000	0.000
3604.000	0.000
3605.000	0.000
3606.000	0.000
3607.000	0.000
3608.000	0.000
3609.000	0.000
3610.000	0.000
3611.000	0.000
3612.000	0.000
3613.000	0.000
3614.000	0.000
3615.000	0.000
3616.000	0.000
3617.000	0.000
3618.000	0.000
3619.000	0.000
3620.000	0.000
3621.000	0.000
3622.000	0.000
3623.000	0.000
3624.000	0.000
3625.000	0.000
3626.000	0.000
3627.000	0.000
3628.000	0.000
3629.000	0.000
3630.000	0.000
3631.000	0.000
3632.000	0.000
3633.000	0.000
3634.000	0.000
3635.000	0.000
3636.000	0.000
3637.000	0.000
3638.000	0.000
3639.000	0.000
3640.000	0.000
3641.000	0.000
3642.000	0.000
3643.000	0.000
3644.000	0.000
3645.000	0.000
3646.000	0.000
3647.000	0.000
3648.000	0.000
3649.000	0.000
3650.000	0.000
3651.000	0.000
3652.000	0.000
3653.000	0.000
3654.000	0.000
3655.000	0.000
3656.000	0.000
3657.000	0.000
3658.000	0.000
3659.000	0.000
3660.000	0.000
3661.000	0.000
3662.000	0.000
3663.000	0.000
3664.000	0.000
3665.000	0.000
3666.000	0.000
3667.000	0.000
3668.000	0.000
3669.000	0.000
3670.000	0.000
3671.000	0.000
3672.000	0.000
3673.000	0.000
3674.000	0.000
3675.000	0.000
3676.000	0.000
3677.000	0.000
3678.000	0.000
3679.000	0.000
3680.000	0.000
3681.000	0.000
3682.000	0.000
3683.000	0.000
3684.000	0.000
3685.000	0.000
3686.000	0.000
3687.000	0.000
3688.000	0.000
3689.000	0.000
3690.000	0.000
3691.000	0.000
3692.000	0.000
3693.000	0.000
3694.000	0.000
3695.000	0.000
3696.000	0.000
3697.000	0.000
3698.000	0.000
3699.000	0.000
3700.000	0.000
3701.000	0.000
3702.000	0.000
3703.000	0.000
3704.000	0.000
3705.000	0.000
3706.000	0.000
3707.000	0.000
3708.000	0.000
3709.000	0.000
3710.000	0.000
3711.000	0.000
3712.000	0.000
3713.000	0.000
3714.000	0.000
3715.000	0.000
3716.000	0.000
3717.000	0.000
3718.000	0.000
3719.000	0.000
3720.000	0.000
3721.000	0.000
3722.000	0.000
3723.000	0.000
3724.000	0.000
3725.000	0.000
3726.000	0.000
3727.000	0.000
3728.000	0.000
3729.000	0.000
3730.000	0.000
3731.000	0.000
3732.000	0.000
3733.000	0.000
3734.000	0.000
3735.000	0.000
3736.000	0.000
3737.000	0.000
3738.000	0.000
3739.000	0.000
3740.000	0.000
3741.000	0.000
3742.000	0.000
3743.000	0.000
3744.000	0.000
3745.000	0.000
3746.000	0.000
3747.000	0.000
3748.000	0.000
3749.000	0.000
3750.000	0.000
3751.000	0.000
3752.000	0.000
3753.000	0.000
3754.000	0.000
3755.000	0.000
3756.000	0.000
3757.000	0.000
3758.000	0.000
3759.000	0.000
3760.000	0.000
3761.000	0.000
3762.000	0.000
3763.000	0.000
3764.000	0.000
3765.000	0.000
3766.000	0.000
3767.000	0.000
3768.000	0.000
3769.000	0.000
3770.000	0.000
3771.000	0.000
3772.000	0.000
3773.000	0.000
3774.000	0.000
3775.000	0.000
3776.000	0.000
3777.000	0.000
3778.000	0.000
3779.000	0.000
3780.000	0.000
3781.000	0.000
3782.000	0.000
3783.000	0.000
3784.000	0.000
3785.000	0.000
3786.000	0.000
3787.000	0.000
3788.000	0.000
3789.000	0.000
3790.000	0.000
3791.000	0.000
3792.000	0.000
3793.000	0.000
3794.000	0.000
3795.000	0.000
3796.000	0.000
3797.000	0.000
3798.000	0.000
3799.000	0.000
3800.000	0.000
3801.000	0.000
3802.000	0.000
3803.000	0.000
3804.000	0.000
3805.000	0.000
3806.000	0.000
3807.000	0.000
3808.000	0.000
3809.000	0.000
3810.000	0.000
3811.000	0.000
3812.000	0.000
3813.000	0.000
3814.000	0.000
3815.000	0.000
3816.000	0.000
3817.000	0.000
3818.000	0.000
3819.000	0.000
3820.000	0.000
3821.000	0.000
3822.000	0.000
3823.000	0.000
3824.000	0.000
3825.000	0.000
3826.000	0.000
3827.000	0.000
3828.000	0.000
3829.000	0.000
3830.000	0.000
3831.000	0.000
3832.000	0.000
3833.000	0.000
3834.000	0.000
3835.000	0.000
3836.000	0.000
3837.000	0.000
3838.000	0.000
3839.000	0.000
3840.000	0.000
3841.000	0.000
3842.000	0.000
3843.000	0.000
3844.000	0.000
3845.000	0.000
3846.000	0.000
3847.000	0.000
3848.000	0.000
3849.000	0.000
3850.000	0.000
3851.000	0.000
3852.000	0.000
3853.000	0.000
3854.000	0.000
3855.000	0.000
3856.000	0.000
3857.000	0.000
3858.000	0.000
3859.000	0.000
3860.000	0.000
3861.000	0.000
3862.000	0.000
3863.000	0.000
3864.000	0.000
3865.000	0.000
3866.000	0.000
3867.000	0.000
3868.000	0.000
3869.000	0.000
3870.000	0.000
3871.000	0.000
3872.000	0.000
3873.000	0.000
3874.000	0.000
3875.000	0.000
3876.000	0.000
3877.000	0.000
3878.000	0.000
3879.000	0.000
3880.000	0.000
3881.000	0.000
3882.000	0.000
3883.000	0.000
3884.000	0.000
3885.000	0.000
3886.000	0.000
3887.000	0.000
3888.000	0.000
3889.000	0.000
3890.000	0.000
3891.000	0.000
3892.000	0.000
3893.000	0.000
3894.000	0.000
3895.000	0.000
3896.000	0.000
3897.000	0.000
3898.000	0.000
3899.000	0.000
3900.000	0.000
3901.000	0.000
3902.000	0.000
3903.000	0.000
3904.000	0.000
3905.000	0.000
3906.000	0.000
3907.000	0.000
3908.000	0.000
3909.000	0.000
3910.000	0.000
3911.000	0.000
3912.000	0.000
3913.000	0.000
3914.000	0.000
3915.000	0.000
3916.000	0.000
3917.000	0.000
3918.000	0.000
3919.000	0.000
3920.000	0.000
3921.000	0.000
3922.000	0.000
3923.000	0.000
3924.000	0.000
3925.000	0.000
3926.000	0.000
3927.000	0.000
3928.000	0.000
3929.000	0.000
3930.000	0.000
3931.000	0.000
3932.000	0.000
3933.000	0.000
3934.000	0.000
3935.000	0.000
3936.000	0.000
3937.000	0.000
3938.000	0.000
3939.000	0.000
3940.000	0.000
3941.000	0.000
3942.000	0.000
3943.000	0.000
3944.000	0.000
3945.000	0.000
3946.000	0.000
3947.000	0.000
3948.000	0.000
3949.000	0.000
3950.000	0.000
3951.000	0.000
3952.000	0.000
3953.000	0.000
3954.000	0.000
3955.000	0.000
3956.000	0.000
3957.000	0.000
3958.000	0.000
3959.000	0.000
3960.000	0.000
3961.000	0.000
3962.000	0.000
3963.000	0.000
3964.000	0.000
3965.000	0.000
3966.000	0.000
3967.000	0.000
3968.000	0.000
3969.000	0.000
3970.000	0.000
3971.000	0.000
3972.000	0.000
3973.000	0.000
3974.000	0.000
3975.000	0.000
3976.000	0.000
3977.000	0.000
3978.000	0.000
3979.000	0.000
3980.000	0.000
3981.000	0.000
3982.000	0.000
3983.000	0.000
3984.000	0.000
3985.000	0.000
3986.000	0.000
3987.000	0.000
3988.000	0.000
3989.000	0.000
3990.000	0.000
3991.000	0.000
3992.000	0.000
3993.000	0.000
3994.000	0.000
3995.000	0.000
3996.000	0.000
3997.000	0.000
3998.000	0.000
3999.000	0.000
4000.000	0.000
4001.000	0.000
4002.000	0.000
4003.000	0.000
4004.000	0.000
4005.000	0.000
4006.000	0.000
4007.000	0.000
4008.000	0.000
4009.000	0.000
4010.000	0.000
4011.000	0.000
4012.000	0.000
4013.000	0.000
4014.000	0.000
4015.000	0.000
4016.000	0.000
4017.000	0.000
4018.000	0.000
4019.000	0.000
4020.000	0.000
4021.000	0.000
4022.000	0.000
4023.000	0.000
4024.000	0.000
4025.000	0.000
4026.000	0.000
4027.000	0.000
4028.000	0.000
4029.000	0.000
4030.000	0.000
4031.000	0.000
4032.000	0.000
4033.000	0.000
4034.000	0.000
4035.000	0.000
4036.000	0.000
4037.000	0.000
4038.000	0.000
4039.000	0.000
4040.000	0.000
4041.000	0.000
4042.000	0.000
4043.000	0.000
4044.000	0.000
4045.000	0.000
4046.000	0.000
4047.000	0.000
4048.000	0.000
4049.000	0.000
4050.000	0.000
4051.000	0.000
4052.000	0.000
4053.000	0.000
4054.000	0.000
4055.000	0.000
4056.000	0.000
4057.000	0.000
4058.000	0.000
4059.000	0.000
4060.000	0.000
4061.000	0.000
4062.000	0.000
4063.000	0.000
4064.000	0.000
4065.000	0.000
4066.000	0.000
4067.000	0.000
4068.000	0.000
4069.000	0.000
4070.000	0.000
4071.000	0.000
4072.000	0.000
4073.000	0.000
4074.000	0.000
4075.000	0.000
4076.000	0.000
4077.000	0.000
4078.000	0.000
4079.000	0.000
4080.000	0.000
4081.000	0.000
4082.000	0.000
4083.000	0.000
4084.000	0.000
4085.000	0.000
4086.000	0.000
4087.000	0.000
4088.000	0.000
4089.000	0.000
4090.000	0.000
4091.000	0.000
4092.000	0.000
4093.000	0.000
4094.000	0.000
4095.000	0.000
