0.000	17.650
1.000	16.442
2.000	16.442
3.000	16.442
4.000	16.442
5.000	16.442
6.000	16.442
7.000	16.442
8.000	16.442
9.000	16.442
10.000	16.434
11.000	16.434
12.000	16.434
13.000	16.434
14.000	16.434
15.000	16.434
16.000	16.434
17.000	16.397
18.000	16.397
19.000	16.397
20.000	16.396
21.000	16.396
22.000	16.396
23.000	16.395
24.000	16.395
25.000	16.395
26.000	16.395
27.000	16.394
28.000	16.394
29.000	16.394
30.000	16.393
31.000	16.393
32.000	16.392
33.000	16.391
34.000	16.390
35.000	16.390
36.000	16.389
37.000	16.388
38.000	16.388
39.000	16.388
40.000	16.387
41.000	16.385
42.000	16.385
43.000	16.384
44.000	16.383
45.000	16.383
46.000	16.382
47.000	16.381
48.000	16.376
49.000	16.375
50.000	16.374
51.000	16.374
52.000	16.373
53.000	16.372
54.000	16.371
55.000	16.371
56.000	16.369
57.000	16.368
58.000	16.368
59.000	16.367
60.000	16.366
61.000	16.364
62.000	16.364
63.000	16.362
64.000	16.361
65.000	16.361
66.000	16.359
67.000	16.357
68.000	16.357
69.000	16.355
70.000	16.354
71.000	16.351
72.000	16.348
73.000	16.346
74.000	16.343
75.000	16.343
76.000	16.341
77.000	16.338
78.000	16.335
79.000	16.335
80.000	16.331
81.000	16.328
82.000	16.313
83.000	16.310
84.000	16.306
85.000	16.303
86.000	16.299
87.000	16.295
88.000	16.290
89.000	16.290
90.000	16.286
91.000	16.281
92.000	16.273
93.000	16.267
94.000	16.262
95.000	16.248
96.000	16.243
97.000	16.238
98.000	16.232
99.000	16.232
100.000	16.223
101.000	16.215
102.000	16.174
103.000	16.165
104.000	16.157
105.000	16.149
106.000	16.148
107.000	16.139
108.000	16.131
109.000	16.125
110.000	16.116
111.000	16.106
112.000	16.106
113.000	16.096
114.000	16.086
115.000	16.075
116.000	16.069
117.000	16.058
118.000	16.046
119.000	16.027
120.000	16.015
121.000	16.002
122.000	15.989
123.000	15.979
124.000	15.965
125.000	15.951
126.000	15.951
127.000	15.937
128.000	15.923
129.000	15.869
130.000	15.854
131.000	15.839
132.000	15.823
133.000	15.823
134.000	15.806
135.000	15.790
136.000	15.790
137.000	15.773
138.000	15.756
139.000	15.738
140.000	15.676
141.000	15.658
142.000	15.640
143.000	15.640
144.000	15.621
145.000	15.602
146.000	15.602
147.000	15.582
148.000	15.563
149.000	15.543
150.000	15.541
151.000	15.520
152.000	15.499
153.000	15.497
154.000	15.476
155.000	15.454
156.000	15.452
157.000	15.430
158.000	15.407
159.000	15.384
160.000	15.373
161.000	15.349
162.000	15.326
163.000	15.228
164.000	15.204
165.000	15.180
166.000	15.155
167.000	15.118
168.000	15.093
169.000	15.068
170.000	15.066
171.000	15.040
172.000	15.014
173.000	14.943
174.000	14.917
175.000	14.890
176.000	14.863
177.000	14.810
178.000	14.782
179.000	14.755
180.000	14.749
181.000	14.722
182.000	14.694
183.000	14.667
184.000	14.616
185.000	14.589
186.000	14.562
187.000	14.536
188.000	14.508
189.000	14.481
190.000	14.456
191.000	14.429
192.000	14.401
193.000	14.373
194.000	14.338
195.000	14.310
196.000	14.282
197.000	14.250
198.000	14.221
199.000	14.193
200.000	14.164
201.000	14.129
202.000	14.100
203.000	14.071
204.000	14.043
205.000	14.014
206.000	13.985
207.000	13.946
208.000	13.917
209.000	13.887
210.000	13.856
211.000	13.818
212.000	13.788
213.000	13.758
214.000	13.728
215.000	13.698
216.000	13.669
217.000	13.633
218.000	13.604
219.000	13.574
220.000	13.544
221.000	13.501
222.000	13.471
223.000	13.440
224.000	13.394
225.000	13.363
226.000	13.332
227.000	13.301
228.000	13.273
229.000	13.242
230.000	13.210
231.000	13.167
232.000	13.135
233.000	13.103
234.000	13.066
235.000	13.034
236.000	13.002
237.000	12.970
238.000	12.920
239.000	12.888
240.000	12.855
241.000	12.826
242.000	12.793
243.000	12.761
244.000	12.729
245.000	12.694
246.000	12.661
247.000	12.628
248.000	12.606
249.000	12.573
250.000	12.541
251.000	12.507
252.000	12.475
253.000	12.442
254.000	12.410
255.000	12.392
256.000	12.359
257.000	12.327
258.000	12.305
259.000	12.273
260.000	12.240
261.000	12.208
262.000	12.182
263.000	12.150
264.000	12.119
265.000	12.093
266.000	12.062
267.000	12.031
268.000	11.982
269.000	11.952
270.000	11.921
271.000	11.890
272.000	11.843
273.000	11.812
274.000	11.782
275.000	11.762
276.000	11.732
277.000	11.701
278.000	11.665
279.000	11.634
280.000	11.604
281.000	11.574
282.000	11.533
283.000	11.503
284.000	11.473
285.000	11.437
286.000	11.407
287.000	11.377
288.000	11.347
289.000	11.318
290.000	11.288
291.000	11.258
292.000	11.222
293.000	11.192
294.000	11.162
295.000	11.135
296.000	11.106
297.000	11.076
298.000	11.047
299.000	11.009
300.000	10.980
301.000	10.951
302.000	10.914
303.000	10.885
304.000	10.856
305.000	10.827
306.000	10.794
307.000	10.765
308.000	10.736
309.000	10.698
310.000	10.670
311.000	10.641
312.000	10.602
313.000	10.574
314.000	10.545
315.000	10.517
316.000	10.482
317.000	10.454
318.000	10.426
319.000	10.356
320.000	10.328
321.000	10.300
322.000	10.272
323.000	10.263
324.000	10.235
325.000	10.208
326.000	10.176
327.000	10.148
328.000	10.121
329.000	10.086
330.000	10.059
331.000	10.031
332.000	10.004
333.000	10.000
334.000	9.973
335.000	9.946
336.000	9.916
337.000	9.889
338.000	9.862
339.000	9.815
340.000	9.788
341.000	9.761
342.000	9.735
343.000	9.696
344.000	9.669
345.000	9.643
346.000	9.639
347.000	9.612
348.000	9.586
349.000	9.560
350.000	9.556
351.000	9.530
352.000	9.504
353.000	9.502
354.000	9.476
355.000	9.450
356.000	9.429
357.000	9.403
358.000	9.377
359.000	9.352
360.000	9.306
361.000	9.280
362.000	9.255
363.000	9.228
364.000	9.202
365.000	9.177
366.000	9.151
367.000	9.082
368.000	9.057
369.000	9.031
370.000	9.011
371.000	8.985
372.000	8.960
373.000	8.945
374.000	8.920
375.000	8.894
376.000	8.869
377.000	8.822
378.000	8.797
379.000	8.772
380.000	8.761
381.000	8.736
382.000	8.712
383.000	8.687
384.000	8.645
385.000	8.621
386.000	8.597
387.000	8.568
388.000	8.544
389.000	8.520
390.000	8.485
391.000	8.462
392.000	8.438
393.000	8.415
394.000	8.384
395.000	8.361
396.000	8.337
397.000	8.315
398.000	8.292
399.000	8.269
400.000	8.254
401.000	8.231
402.000	8.208
403.000	8.185
404.000	8.167
405.000	8.144
406.000	8.122
407.000	8.095
408.000	8.073
409.000	8.051
410.000	8.028
411.000	8.007
412.000	7.985
413.000	7.963
414.000	7.949
415.000	7.927
416.000	7.905
417.000	7.893
418.000	7.871
419.000	7.850
420.000	7.828
421.000	7.797
422.000	7.776
423.000	7.755
424.000	7.725
425.000	7.703
426.000	7.682
427.000	7.662
428.000	7.641
429.000	7.620
430.000	7.600
431.000	7.580
432.000	7.560
433.000	7.539
434.000	7.519
435.000	7.499
436.000	7.478
437.000	7.458
438.000	7.445
439.000	7.425
440.000	7.405
441.000	7.380
442.000	7.360
443.000	7.340
444.000	7.321
445.000	7.296
446.000	7.276
447.000	7.257
448.000	7.238
449.000	7.219
450.000	7.200
451.000	7.173
452.000	7.154
453.000	7.135
454.000	7.116
455.000	7.089
456.000	7.070
457.000	7.051
458.000	7.037
459.000	7.019
460.000	7.000
461.000	6.983
462.000	6.965
463.000	6.947
464.000	6.928
465.000	6.920
466.000	6.902
467.000	6.885
468.000	6.851
469.000	6.833
470.000	6.816
471.000	6.798
472.000	6.777
473.000	6.760
474.000	6.742
475.000	6.722
476.000	6.705
477.000	6.688
478.000	6.666
479.000	6.649
480.000	6.631
481.000	6.614
482.000	6.596
483.000	6.579
484.000	6.562
485.000	6.546
486.000	6.529
487.000	6.513
488.000	6.496
489.000	6.494
490.000	6.478
491.000	6.461
492.000	6.441
493.000	6.425
494.000	6.408
495.000	6.399
496.000	6.383
497.000	6.367
498.000	6.351
499.000	6.348
500.000	6.333
501.000	6.317
502.000	6.314
503.000	6.299
504.000	6.283
505.000	6.267
506.000	6.265
507.000	6.249
508.000	6.233
509.000	6.231
510.000	6.215
511.000	6.200
512.000	6.185
513.000	6.169
514.000	6.153
515.000	6.138
516.000	6.135
517.000	6.119
518.000	6.103
519.000	6.098
520.000	6.082
521.000	6.066
522.000	6.042
523.000	6.027
524.000	6.011
525.000	5.995
526.000	5.994
527.000	5.979
528.000	5.963
529.000	5.951
530.000	5.935
531.000	5.920
532.000	5.905
533.000	5.899
534.000	5.883
535.000	5.868
536.000	5.858
537.000	5.843
538.000	5.828
539.000	5.813
540.000	5.798
541.000	5.783
542.000	5.768
543.000	5.754
544.000	5.739
545.000	5.725
546.000	5.724
547.000	5.709
548.000	5.694
549.000	5.680
550.000	5.667
551.000	5.652
552.000	5.638
553.000	5.617
554.000	5.603
555.000	5.589
556.000	5.576
557.000	5.561
558.000	5.547
559.000	5.533
560.000	5.523
561.000	5.509
562.000	5.495
563.000	5.483
564.000	5.468
565.000	5.454
566.000	5.440
567.000	5.424
568.000	5.410
569.000	5.397
570.000	5.387
571.000	5.374
572.000	5.360
573.000	5.350
574.000	5.336
575.000	5.322
576.000	5.309
577.000	5.303
578.000	5.290
579.000	5.276
580.000	5.262
581.000	5.248
582.000	5.235
583.000	5.222
584.000	5.221
585.000	5.207
586.000	5.194
587.000	5.177
588.000	5.164
589.000	5.150
590.000	5.135
591.000	5.122
592.000	5.109
593.000	5.096
594.000	5.091
595.000	5.078
596.000	5.065
597.000	5.047
598.000	5.035
599.000	5.022
600.000	5.013
601.000	5.000
602.000	4.988
603.000	4.975
604.000	4.974
605.000	4.962
606.000	4.949
607.000	4.940
608.000	4.927
609.000	4.915
610.000	4.903
611.000	4.885
612.000	4.873
613.000	4.861
614.000	4.848
615.000	4.836
616.000	4.824
617.000	4.815
618.000	4.803
619.000	4.791
620.000	4.780
621.000	4.774
622.000	4.762
623.000	4.750
624.000	4.739
625.000	4.727
626.000	4.716
627.000	4.704
628.000	4.700
629.000	4.689
630.000	4.678
631.000	4.664
632.000	4.653
633.000	4.642
634.000	4.630
635.000	4.619
636.000	4.608
637.000	4.598
638.000	4.597
639.000	4.586
640.000	4.575
641.000	4.556
642.000	4.545
643.000	4.535
644.000	4.524
645.000	4.523
646.000	4.513
647.000	4.503
648.000	4.496
649.000	4.486
650.000	4.476
651.000	4.475
652.000	4.464
653.000	4.454
654.000	4.444
655.000	4.410
656.000	4.400
657.000	4.390
658.000	4.388
659.000	4.378
660.000	4.368
661.000	4.359
662.000	4.349
663.000	4.339
664.000	4.330
665.000	4.314
666.000	4.304
667.000	4.294
668.000	4.269
669.000	4.259
670.000	4.249
671.000	4.239
672.000	4.234
673.000	4.225
674.000	4.215
675.000	4.197
676.000	4.187
677.000	4.178
678.000	4.162
679.000	4.153
680.000	4.144
681.000	4.134
682.000	4.133
683.000	4.124
684.000	4.115
685.000	4.093
686.000	4.084
687.000	4.075
688.000	4.066
689.000	4.065
690.000	4.056
691.000	4.047
692.000	4.039
693.000	4.031
694.000	4.022
695.000	4.009
696.000	4.000
697.000	3.991
698.000	3.983
699.000	3.982
700.000	3.973
701.000	3.964
702.000	3.958
703.000	3.949
704.000	3.941
705.000	3.933
706.000	3.931
707.000	3.923
708.000	3.915
709.000	3.884
710.000	3.876
711.000	3.868
712.000	3.843
713.000	3.834
714.000	3.826
715.000	3.818
716.000	3.817
717.000	3.809
718.000	3.801
719.000	3.792
720.000	3.784
721.000	3.776
722.000	3.775
723.000	3.767
724.000	3.759
725.000	3.751
726.000	3.750
727.000	3.742
728.000	3.734
729.000	3.695
730.000	3.687
731.000	3.679
732.000	3.671
733.000	3.642
734.000	3.634
735.000	3.626
736.000	3.625
737.000	3.617
738.000	3.609
739.000	3.608
740.000	3.600
741.000	3.593
742.000	3.585
743.000	3.584
744.000	3.576
745.000	3.568
746.000	3.535
747.000	3.527
748.000	3.520
749.000	3.512
750.000	3.503
751.000	3.495
752.000	3.488
753.000	3.459
754.000	3.452
755.000	3.444
756.000	3.420
757.000	3.412
758.000	3.405
759.000	3.397
760.000	3.396
761.000	3.389
762.000	3.381
763.000	3.379
764.000	3.372
765.000	3.365
766.000	3.357
767.000	3.328
768.000	3.320
769.000	3.313
770.000	3.312
771.000	3.305
772.000	3.297
773.000	3.276
774.000	3.269
775.000	3.262
776.000	3.255
777.000	3.254
778.000	3.246
779.000	3.239
780.000	3.238
781.000	3.231
782.000	3.224
783.000	3.223
784.000	3.216
785.000	3.209
786.000	3.202
787.000	3.174
788.000	3.167
789.000	3.160
790.000	3.152
791.000	3.145
792.000	3.139
793.000	3.132
794.000	3.131
795.000	3.124
796.000	3.117
797.000	3.116
798.000	3.109
799.000	3.103
800.000	3.101
801.000	3.095
802.000	3.088
803.000	3.081
804.000	3.080
805.000	3.074
806.000	3.067
807.000	3.066
808.000	3.060
809.000	3.053
810.000	3.047
811.000	3.046
812.000	3.039
813.000	3.033
814.000	3.032
815.000	3.025
816.000	3.019
817.000	3.018
818.000	3.011
819.000	3.005
820.000	2.999
821.000	2.998
822.000	2.991
823.000	2.985
824.000	2.984
825.000	2.978
826.000	2.971
827.000	2.965
828.000	2.964
829.000	2.958
830.000	2.952
831.000	2.951
832.000	2.945
833.000	2.938
834.000	2.937
835.000	2.931
836.000	2.925
837.000	2.919
838.000	2.918
839.000	2.912
840.000	2.906
841.000	2.905
842.000	2.899
843.000	2.893
844.000	2.892
845.000	2.886
846.000	2.880
847.000	2.875
848.000	2.873
849.000	2.868
850.000	2.862
851.000	2.861
852.000	2.855
853.000	2.849
854.000	2.843
855.000	2.842
856.000	2.837
857.000	2.831
858.000	2.830
859.000	2.824
860.000	2.819
861.000	2.819
862.000	2.813
863.000	2.807
864.000	2.802
865.000	2.802
866.000	2.796
867.000	2.790
868.000	2.683
869.000	2.678
870.000	2.672
871.000	2.667
872.000	2.667
873.000	2.661
874.000	2.656
875.000	2.656
876.000	2.650
877.000	2.645
878.000	2.645
879.000	2.639
880.000	2.634
881.000	2.629
882.000	2.629
883.000	2.623
884.000	2.618
885.000	2.597
886.000	2.591
887.000	2.586
888.000	2.581
889.000	2.581
890.000	2.576
891.000	2.570
892.000	2.570
893.000	2.565
894.000	2.560
895.000	2.560
896.000	2.555
897.000	2.550
898.000	2.545
899.000	2.545
900.000	2.540
901.000	2.535
902.000	2.534
903.000	2.529
904.000	2.524
905.000	2.524
906.000	2.519
907.000	2.514
908.000	2.509
909.000	2.448
910.000	2.443
911.000	2.438
912.000	2.438
913.000	2.433
914.000	2.428
915.000	2.423
916.000	2.413
917.000	2.408
918.000	2.404
919.000	2.403
920.000	2.399
921.000	2.394
922.000	2.394
923.000	2.389
924.000	2.384
925.000	2.380
926.000	2.354
927.000	2.349
928.000	2.345
929.000	2.344
930.000	2.340
931.000	2.335
932.000	2.331
933.000	2.330
934.000	2.326
935.000	2.321
936.000	2.300
937.000	2.296
938.000	2.291
939.000	2.291
940.000	2.287
941.000	2.282
942.000	2.278
943.000	2.277
944.000	2.273
945.000	2.269
946.000	2.268
947.000	2.264
948.000	2.260
949.000	2.255
950.000	2.255
951.000	2.251
952.000	2.246
953.000	2.246
954.000	2.242
955.000	2.238
956.000	2.238
957.000	2.233
958.000	2.229
959.000	2.225
960.000	2.225
961.000	2.220
962.000	2.216
963.000	2.216
964.000	2.212
965.000	2.208
966.000	2.208
967.000	2.204
968.000	2.199
969.000	2.195
970.000	2.192
971.000	2.188
972.000	2.183
973.000	2.183
974.000	2.179
975.000	2.175
976.000	2.171
977.000	2.171
978.000	2.167
979.000	2.163
980.000	2.163
981.000	2.159
982.000	2.155
983.000	2.155
984.000	2.151
985.000	2.147
986.000	2.143
987.000	2.133
988.000	2.129
989.000	2.125
990.000	2.125
991.000	2.121
992.000	2.117
993.000	2.114
994.000	2.113
995.000	2.110
996.000	2.106
997.000	2.106
998.000	2.102
999.000	2.098
1000.000	2.080
1001.000	2.076
1002.000	2.072
1003.000	2.068
1004.000	2.068
1005.000	2.064
1006.000	2.061
1007.000	2.061
1008.000	2.057
1009.000	2.053
1010.000	2.050
1011.000	2.029
1012.000	2.025
1013.000	2.022
1014.000	2.022
1015.000	2.018
1016.000	2.014
1017.000	2.014
1018.000	2.011
1019.000	2.007
1020.000	2.004
1021.000	2.003
1022.000	2.000
1023.000	1.996
1024.000	1.996
1025.000	1.993
1026.000	1.989
1027.000	1.986
1028.000	1.983
1029.000	1.979
1030.000	1.976
1031.000	1.975
1032.000	1.972
1033.000	1.969
1034.000	1.946
1035.000	1.942
1036.000	1.939
1037.000	1.936
1038.000	1.933
1039.000	1.930
1040.000	1.926
1041.000	1.925
1042.000	1.922
1043.000	1.919
1044.000	1.919
1045.000	1.915
1046.000	1.912
1047.000	1.908
1048.000	1.907
1049.000	1.904
1050.000	1.901
1051.000	1.901
1052.000	1.897
1053.000	1.894
1054.000	1.891
1055.000	1.891
1056.000	1.888
1057.000	1.884
1058.000	1.884
1059.000	1.881
1060.000	1.878
1061.000	1.878
1062.000	1.875
1063.000	1.871
1064.000	1.868
1065.000	1.868
1066.000	1.865
1067.000	1.862
1068.000	1.862
1069.000	1.859
1070.000	1.856
1071.000	1.852
1072.000	1.852
1073.000	1.849
1074.000	1.846
1075.000	1.833
1076.000	1.830
1077.000	1.827
1078.000	1.827
1079.000	1.824
1080.000	1.821
1081.000	1.818
1082.000	1.803
1083.000	1.800
1084.000	1.797
1085.000	1.797
1086.000	1.794
1087.000	1.791
1088.000	1.791
1089.000	1.788
1090.000	1.785
1091.000	1.782
1092.000	1.782
1093.000	1.779
1094.000	1.776
1095.000	1.776
1096.000	1.773
1097.000	1.770
1098.000	1.767
1099.000	1.760
1100.000	1.757
1101.000	1.754
1102.000	1.754
1103.000	1.751
1104.000	1.748
1105.000	1.733
1106.000	1.731
1107.000	1.728
1108.000	1.725
1109.000	1.725
1110.000	1.722
1111.000	1.719
1112.000	1.719
1113.000	1.717
1114.000	1.714
1115.000	1.711
1116.000	1.703
1117.000	1.700
1118.000	1.698
1119.000	1.682
1120.000	1.679
1121.000	1.677
1122.000	1.677
1123.000	1.674
1124.000	1.671
1125.000	1.669
1126.000	1.669
1127.000	1.666
1128.000	1.663
1129.000	1.663
1130.000	1.660
1131.000	1.658
1132.000	1.655
1133.000	1.642
1134.000	1.640
1135.000	1.637
1136.000	1.634
1137.000	1.631
1138.000	1.628
1139.000	1.628
1140.000	1.626
1141.000	1.623
1142.000	1.621
1143.000	1.621
1144.000	1.618
1145.000	1.615
1146.000	1.615
1147.000	1.613
1148.000	1.610
1149.000	1.608
1150.000	1.608
1151.000	1.608
1152.000	1.601
1153.000	1.601
1154.000	1.601
1155.000	1.594
1156.000	1.594
1157.000	1.581
1158.000	1.581
1159.000	1.580
1160.000	1.569
1161.000	1.569
1162.000	1.569
1163.000	1.569
1164.000	1.569
1165.000	1.564
1166.000	1.563
1167.000	1.563
1168.000	1.563
1169.000	1.563
1170.000	1.558
1171.000	1.558
1172.000	1.558
1173.000	1.558
1174.000	1.555
1175.000	1.555
1176.000	1.555
1177.000	1.555
1178.000	1.541
1179.000	1.541
1180.000	1.541
1181.000	1.541
1182.000	1.538
1183.000	1.538
1184.000	1.538
1185.000	1.515
1186.000	1.515
1187.000	1.515
1188.000	1.512
1189.000	1.512
1190.000	1.512
1191.000	1.512
1192.000	1.512
1193.000	1.512
1194.000	1.503
1195.000	1.503
1196.000	1.503
1197.000	1.503
1198.000	1.503
1199.000	1.503
1200.000	1.502
1201.000	1.502
1202.000	1.482
1203.000	1.482
1204.000	1.482
1205.000	1.481
1206.000	1.473
1207.000	1.473
1208.000	1.473
1209.000	1.460
1210.000	1.459
1211.000	1.458
1212.000	1.457
1213.000	1.457
1214.000	1.456
1215.000	1.456
1216.000	1.456
1217.000	1.447
1218.000	1.447
1219.000	1.446
1220.000	1.446
1221.000	1.446
1222.000	1.446
1223.000	1.441
1224.000	1.440
1225.000	1.440
1226.000	1.440
1227.000	1.440
1228.000	1.425
1229.000	1.425
1230.000	1.425
1231.000	1.424
1232.000	1.412
1233.000	1.411
1234.000	1.411
1235.000	1.411
1236.000	1.411
1237.000	1.411
1238.000	1.411
1239.000	1.410
1240.000	1.396
1241.000	1.396
1242.000	1.396
1243.000	1.392
1244.000	1.392
1245.000	1.392
1246.000	1.392
1247.000	1.392
1248.000	1.392
1249.000	1.391
1250.000	1.391
1251.000	1.379
1252.000	1.379
1253.000	1.379
1254.000	1.379
1255.000	1.377
1256.000	1.377
1257.000	1.377
1258.000	1.377
1259.000	1.359
1260.000	1.359
1261.000	1.358
1262.000	1.358
1263.000	1.350
1264.000	1.347
1265.000	1.347
1266.000	1.347
1267.000	1.346
1268.000	1.346
1269.000	1.346
1270.000	1.344
1271.000	1.344
1272.000	1.344
1273.000	1.344
1274.000	1.344
1275.000	1.344
1276.000	1.344
1277.000	1.344
1278.000	1.326
1279.000	1.318
1280.000	1.318
1281.000	1.318
1282.000	1.318
1283.000	1.318
1284.000	1.318
1285.000	1.318
1286.000	1.304
1287.000	1.304
1288.000	1.303
1289.000	1.300
1290.000	1.299
1291.000	1.294
1292.000	1.294
1293.000	1.294
1294.000	1.294
1295.000	1.294
1296.000	1.294
1297.000	1.287
1298.000	1.284
1299.000	1.284
1300.000	1.284
1301.000	1.284
1302.000	1.279
1303.000	1.279
1304.000	1.269
1305.000	1.269
1306.000	1.269
1307.000	1.268
1308.000	1.268
1309.000	1.268
1310.000	1.266
1311.000	1.264
1312.000	1.260
1313.000	1.260
1314.000	1.260
1315.000	1.259
1316.000	1.252
1317.000	1.251
1318.000	1.248
1319.000	1.248
1320.000	1.248
1321.000	1.248
1322.000	1.245
1323.000	1.245
1324.000	1.232
1325.000	1.228
1326.000	1.228
1327.000	1.227
1328.000	1.226
1329.000	1.226
1330.000	1.226
1331.000	1.226
1332.000	1.222
1333.000	1.222
1334.000	1.221
1335.000	1.217
1336.000	1.217
1337.000	1.217
1338.000	1.217
1339.000	1.217
1340.000	1.217
1341.000	1.202
1342.000	1.202
1343.000	1.201
1344.000	1.201
1345.000	1.201
1346.000	1.201
1347.000	1.201
1348.000	1.201
1349.000	1.201
1350.000	1.201
1351.000	1.201
1352.000	1.194
1353.000	1.194
1354.000	1.193
1355.000	1.178
1356.000	1.176
1357.000	1.175
1358.000	1.173
1359.000	1.172
1360.000	1.172
1361.000	1.172
1362.000	1.172
1363.000	1.172
1364.000	1.172
1365.000	1.171
1366.000	1.171
1367.000	1.156
1368.000	1.156
1369.000	1.156
1370.000	1.153
1371.000	1.153
1372.000	1.153
1373.000	1.152
1374.000	1.152
1375.000	1.152
1376.000	1.152
1377.000	1.152
1378.000	1.152
1379.000	1.140
1380.000	1.140
1381.000	1.140
1382.000	1.135
1383.000	1.131
1384.000	1.131
1385.000	1.130
1386.000	1.130
1387.000	1.130
1388.000	1.130
1389.000	1.125
1390.000	1.125
1391.000	1.125
1392.000	1.125
1393.000	1.125
1394.000	1.125
1395.000	1.116
1396.000	1.112
1397.000	1.112
1398.000	1.112
1399.000	1.112
1400.000	1.107
1401.000	1.107
1402.000	1.106
1403.000	1.106
1404.000	1.106
1405.000	1.104
1406.000	1.101
1407.000	1.101
1408.000	1.101
1409.000	1.101
1410.000	1.101
1411.000	1.086
1412.000	1.085
1413.000	1.085
1414.000	1.085
1415.000	1.085
1416.000	1.085
1417.000	1.085
1418.000	1.085
1419.000	1.084
1420.000	1.073
1421.000	1.073
1422.000	1.067
1423.000	1.067
1424.000	1.067
1425.000	1.063
1426.000	1.063
1427.000	1.063
1428.000	1.062
1429.000	1.061
1430.000	1.061
1431.000	1.059
1432.000	1.055
1433.000	1.055
1434.000	1.055
1435.000	1.055
1436.000	1.051
1437.000	1.051
1438.000	1.050
1439.000	1.050
1440.000	1.050
1441.000	1.046
1442.000	1.046
1443.000	1.046
1444.000	1.046
1445.000	1.046
1446.000	1.046
1447.000	1.045
1448.000	1.031
1449.000	1.031
1450.000	1.031
1451.000	1.028
1452.000	1.028
1453.000	1.028
1454.000	1.017
1455.000	1.016
1456.000	1.016
1457.000	1.016
1458.000	1.016
1459.000	1.016
1460.000	1.016
1461.000	1.016
1462.000	1.016
1463.000	1.016
1464.000	1.016
1465.000	1.007
1466.000	1.007
1467.000	1.007
1468.000	1.007
1469.000	1.007
1470.000	1.007
1471.000	1.007
1472.000	1.001
1473.000	1.001
1474.000	1.001
1475.000	0.994
1476.000	0.992
1477.000	0.991
1478.000	0.991
1479.000	0.991
1480.000	0.988
1481.000	0.988
1482.000	0.987
1483.000	0.986
1484.000	0.979
1485.000	0.979
1486.000	0.979
1487.000	0.979
1488.000	0.979
1489.000	0.979
1490.000	0.979
1491.000	0.979
1492.000	0.979
1493.000	0.979
1494.000	0.964
1495.000	0.963
1496.000	0.963
1497.000	0.963
1498.000	0.963
1499.000	0.963
1500.000	0.951
1501.000	0.000
1502.000	0.000
1503.000	0.000
1504.000	0.000
1505.000	0.000
1506.000	0.000
1507.000	0.000
1508.000	0.000
1509.000	0.000
1510.000	0.000
1511.000	0.000
1512.000	0.000
1513.000	0.000
1514.000	0.000
1515.000	0.000
1516.000	0.000
1517.000	0.000
1518.000	0.000
1519.000	0.000
1520.000	0.000
1521.000	0.000
1522.000	0.000
1523.000	0.000
1524.000	0.000
1525.000	0.000
1526.000	0.000
1527.000	0.000
1528.000	0.000
1529.000	0.000
1530.000	0.000
1531.000	0.000
1532.000	0.000
1533.000	0.000
1534.000	0.000
1535.000	0.000
1536.000	0.000
1537.000	0.000
1538.000	0.000
1539.000	0.000
1540.000	0.000
1541.000	0.000
1542.000	0.000
1543.000	0.000
1544.000	0.000
1545.000	0.000
1546.000	0.000
1547.000	0.000
1548.000	0.000
1549.000	0.000
1550.000	0.000
1551.000	0.000
1552.000	0.000
1553.000	0.000
1554.000	0.000
1555.000	0.000
1556.000	0.000
1557.000	0.000
1558.000	0.000
1559.000	0.000
1560.000	0.000
1561.000	0.000
1562.000	0.000
1563.000	0.000
1564.000	0.000
1565.000	0.000
1566.000	0.000
1567.000	0.000
1568.000	0.000
1569.000	0.000
1570.000	0.000
1571.000	0.000
1572.000	0.000
1573.000	0.000
1574.000	0.000
1575.000	0.000
1576.000	0.000
1577.000	0.000
1578.000	0.000
1579.000	0.000
1580.000	0.000
1581.000	0.000
1582.000	0.000
1583.000	0.000
1584.000	0.000
1585.000	0.000
1586.000	0.000
1587.000	0.000
1588.000	0.000
1589.000	0.000
1590.000	0.000
1591.000	0.000
1592.000	0.000
1593.000	0.000
1594.000	0.000
1595.000	0.000
1596.000	0.000
1597.000	0.000
1598.000	0.000
1599.000	0.000
1600.000	0.000
1601.000	0.000
1602.000	0.000
1603.000	0.000
1604.000	0.000
1605.000	0.000
1606.000	0.000
1607.000	0.000
1608.000	0.000
1609.000	0.000
1610.000	0.000
1611.000	0.000
1612.000	0.000
1613.000	0.000
1614.000	0.000
1615.000	0.000
1616.000	0.000
1617.000	0.000
1618.000	0.000
1619.000	0.000
1620.000	0.000
1621.000	0.000
1622.000	0.000
1623.000	0.000
1624.000	0.000
1625.000	0.000
1626.000	0.000
1627.000	0.000
1628.000	0.000
1629.000	0.000
1630.000	0.000
1631.000	0.000
1632.000	0.000
1633.000	0.000
1634.000	0.000
1635.000	0.000
1636.000	0.000
1637.000	0.000
1638.000	0.000
1639.000	0.000
1640.000	0.000
1641.000	0.000
1642.000	0.000
1643.000	0.000
1644.000	0.000
1645.000	0.000
1646.000	0.000
1647.000	0.000
1648.000	0.000
1649.000	0.000
1650.000	0.000
1651.000	0.000
1652.000	0.000
1653.000	0.000
1654.000	0.000
1655.000	0.000
1656.000	0.000
1657.000	0.000
1658.000	0.000
1659.000	0.000
1660.000	0.000
1661.000	0.000
1662.000	0.000
1663.000	0.000
1664.000	0.000
1665.000	0.000
1666.000	0.000
1667.000	0.000
1668.000	0.000
1669.000	0.000
1670.000	0.000
1671.000	0.000
1672.000	0.000
1673.000	0.000
1674.000	0.000
1675.000	0.000
1676.000	0.000
1677.000	0.000
1678.000	0.000
1679.000	0.000
1680.000	0.000
1681.000	0.000
1682.000	0.000
1683.000	0.000
1684.000	0.000
1685.000	0.000
1686.000	0.000
1687.000	0.000
1688.000	0.000
1689.000	0.000
1690.000	0.000
1691.000	0.000
1692.000	0.000
1693.000	0.000
1694.000	0.000
1695.000	0.000
1696.000	0.000
1697.000	0.000
1698.000	0.000
1699.000	0.000
1700.000	0.000
1701.000	0.000
1702.000	0.000
1703.000	0.000
1704.000	0.000
1705.000	0.000
1706.000	0.000
1707.000	0.000
1708.000	0.000
1709.000	0.000
1710.000	0.000
1711.000	0.000
1712.000	0.000
1713.000	0.000
1714.000	0.000
1715.000	0.000
1716.000	0.000
1717.000	0.000
1718.000	0.000
1719.000	0.000
1720.000	0.000
1721.000	0.000
1722.000	0.000
1723.000	0.000
1724.000	0.000
1725.000	0.000
1726.000	0.000
1727.000	0.000
1728.000	0.000
1729.000	0.000
1730.000	0.000
1731.000	0.000
1732.000	0.000
1733.000	0.000
1734.000	0.000
1735.000	0.000
1736.000	0.000
1737.000	0.000
1738.000	0.000
1739.000	0.000
1740.000	0.000
1741.000	0.000
1742.000	0.000
1743.000	0.000
1744.000	0.000
1745.000	0.000
1746.000	0.000
1747.000	0.000
1748.000	0.000
1749.000	0.000
1750.000	0.000
1751.000	0.000
1752.000	0.000
1753.000	0.000
1754.000	0.000
1755.000	0.000
1756.000	0.000
1757.000	0.000
1758.000	0.000
1759.000	0.000
1760.000	0.000
1761.000	0.000
1762.000	0.000
1763.000	0.000
1764.000	0.000
1765.000	0.000
1766.000	0.000
1767.000	0.000
1768.000	0.000
1769.000	0.000
1770.000	0.000
1771.000	0.000
1772.000	0.000
1773.000	0.000
1774.000	0.000
1775.000	0.000
1776.000	0.000
1777.000	0.000
1778.000	0.000
1779.000	0.000
1780.000	0.000
1781.000	0.000
1782.000	0.000
1783.000	0.000
1784.000	0.000
1785.000	0.000
1786.000	0.000
1787.000	0.000
1788.000	0.000
1789.000	0.000
1790.000	0.000
1791.000	0.000
1792.000	0.000
1793.000	0.000
1794.000	0.000
1795.000	0.000
1796.000	0.000
1797.000	0.000
1798.000	0.000
1799.000	0.000
1800.000	0.000
1801.000	0.000
1802.000	0.000
1803.000	0.000
1804.000	0.000
1805.000	0.000
1806.000	0.000
1807.000	0.000
1808.000	0.000
1809.000	0.000
1810.000	0.000
1811.000	0.000
1812.000	0.000
1813.000	0.000
1814.000	0.000
1815.000	0.000
1816.000	0.000
1817.000	0.000
1818.000	0.000
1819.000	0.000
1820.000	0.000
1821.000	0.000
1822.000	0.000
1823.000	0.000
1824.000	0.000
1825.000	0.000
1826.000	0.000
1827.000	0.000
1828.000	0.000
1829.000	0.000
1830.000	0.000
1831.000	0.000
1832.000	0.000
1833.000	0.000
1834.000	0.000
1835.000	0.000
1836.000	0.000
1837.000	0.000
1838.000	0.000
1839.000	0.000
1840.000	0.000
1841.000	0.000
1842.000	0.000
1843.000	0.000
1844.000	0.000
1845.000	0.000
1846.000	0.000
1847.000	0.000
1848.000	0.000
1849.000	0.000
1850.000	0.000
1851.000	0.000
1852.000	0.000
1853.000	0.000
1854.000	0.000
1855.000	0.000
1856.000	0.000
1857.000	0.000
1858.000	0.000
1859.000	0.000
1860.000	0.000
1861.000	0.000
1862.000	0.000
1863.000	0.000
1864.000	0.000
1865.000	0.000
1866.000	0.000
1867.000	0.000
1868.000	0.000
1869.000	0.000
1870.000	0.000
1871.000	0.000
1872.000	0.000
1873.000	0.000
1874.000	0.000
1875.000	0.000
1876.000	0.000
1877.000	0.000
1878.000	0.000
1879.000	0.000
1880.000	0.000
1881.000	0.000
1882.000	0.000
1883.000	0.000
1884.000	0.000
1885.000	0.000
1886.000	0.000
1887.000	0.000
1888.000	0.000
1889.000	0.000
1890.000	0.000
1891.000	0.000
1892.000	0.000
1893.000	0.000
1894.000	0.000
1895.000	0.000
1896.000	0.000
1897.000	0.000
1898.000	0.000
1899.000	0.000
1900.000	0.000
1901.000	0.000
1902.000	0.000
1903.000	0.000
1904.000	0.000
1905.000	0.000
1906.000	0.000
1907.000	0.000
1908.000	0.000
1909.000	0.000
1910.000	0.000
1911.000	0.000
1912.000	0.000
1913.000	0.000
1914.000	0.000
1915.000	0.000
1916.000	0.000
1917.000	0.000
1918.000	0.000
1919.000	0.000
1920.000	0.000
1921.000	0.000
1922.000	0.000
1923.000	0.000
1924.000	0.000
1925.000	0.000
1926.000	0.000
1927.000	0.000
1928.000	0.000
1929.000	0.000
1930.000	0.000
1931.000	0.000
1932.000	0.000
1933.000	0.000
1934.000	0.000
1935.000	0.000
1936.000	0.000
1937.000	0.000
1938.000	0.000
1939.000	0.000
1940.000	0.000
1941.000	0.000
1942.000	0.000
1943.000	0.000
1944.000	0.000
1945.000	0.000
1946.000	0.000
1947.000	0.000
1948.000	0.000
1949.000	0.000
1950.000	0.000
1951.000	0.000
1952.000	0.000
1953.000	0.000
1954.000	0.000
1955.000	0.000
1956.000	0.000
1957.000	0.000
1958.000	0.000
1959.000	0.000
1960.000	0.000
1961.000	0.000
1962.000	0.000
1963.000	0.000
1964.000	0.000
1965.000	0.000
1966.000	0.000
1967.000	0.000
1968.000	0.000
1969.000	0.000
1970.000	0.000
1971.000	0.000
1972.000	0.000
1973.000	0.000
1974.000	0.000
1975.000	0.000
1976.000	0.000
1977.000	0.000
1978.000	0.000
1979.000	0.000
1980.000	0.000
1981.000	0.000
1982.000	0.000
1983.000	0.000
1984.000	0.000
1985.000	0.000
1986.000	0.000
1987.000	0.000
1988.000	0.000
1989.000	0.000
1990.000	0.000
1991.000	0.000
1992.000	0.000
1993.000	0.000
1994.000	0.000
1995.000	0.000
1996.000	0.000
1997.000	0.000
1998.000	0.000
1999.000	0.000
2000.000	0.000
2001.000	0.000
2002.000	0.000
2003.000	0.000
2004.000	0.000
2005.000	0.000
2006.000	0.000
2007.000	0.000
2008.000	0.000
2009.000	0.000
2010.000	0.000
2011.000	0.000
2012.000	0.000
2013.000	0.000
2014.000	0.000
2015.000	0.000
2016.000	0.000
2017.000	0.000
2018.000	0.000
2019.000	0.000
2020.000	0.000
2021.000	0.000
2022.000	0.000
2023.000	0.000
2024.000	0.000
2025.000	0.000
2026.000	0.000
2027.000	0.000
2028.000	0.000
2029.000	0.000
2030.000	0.000
2031.000	0.000
2032.000	0.000
2033.000	0.000
2034.000	0.000
2035.000	0.000
2036.000	0.000
2037.000	0.000
2038.000	0.000
2039.000	0.000
2040.000	0.000
2041.000	0.000
2042.000	0.000
2043.000	0.000
2044.000	0.000
2045.000	0.000
2046.000	0.000
2047.000	0.000
2048.000	0.000
2049.000	0.000
2050.000	0.000
2051.000	0.000
2052.000	0.000
2053.000	0.000
2054.000	0.000
2055.000	0.000
2056.000	0.000
2057.000	0.000
2058.000	0.000
2059.000	0.000
2060.000	0.000
2061.000	0.000
2062.000	0.000
2063.000	0.000
2064.000	0.000
2065.000	0.000
2066.000	0.000
2067.000	0.000
2068.000	0.000
2069.000	0.000
2070.000	0.000
2071.000	0.000
2072.000	0.000
2073.000	0.000
2074.000	0.000
2075.000	0.000
2076.000	0.000
2077.000	0.000
2078.000	0.000
2079.000	0.000
2080.000	0.000
2081.000	0.000
2082.000	0.000
2083.000	0.000
2084.000	0.000
2085.000	0.000
2086.000	0.000
2087.000	0.000
2088.000	0.000
2089.000	0.000
2090.000	0.000
2091.000	0.000
2092.000	0.000
2093.000	0.000
2094.000	0.000
2095.000	0.000
2096.000	0.000
2097.000	0.000
2098.000	0.000
2099.000	0.000
2100.000	0.000
2101.000	0.000
2102.000	0.000
2103.000	0.000
2104.000	0.000
2105.000	0.000
2106.000	0.000
2107.000	0.000
2108.000	0.000
2109.000	0.000
2110.000	0.000
2111.000	0.000
2112.000	0.000
2113.000	0.000
2114.000	0.000
2115.000	0.000
2116.000	0.000
2117.000	0.000
2118.000	0.000
2119.000	0.000
2120.000	0.000
2121.000	0.000
2122.000	0.000
2123.000	0.000
2124.000	0.000
2125.000	0.000
2126.000	0.000
2127.000	0.000
2128.000	0.000
2129.000	0.000
2130.000	0.000
2131.000	0.000
2132.000	0.000
2133.000	0.000
2134.000	0.000
2135.000	0.000
2136.000	0.000
2137.000	0.000
2138.000	0.000
2139.000	0.000
2140.000	0.000
2141.000	0.000
2142.000	0.000
2143.000	0.000
2144.000	0.000
2145.000	0.000
2146.000	0.000
2147.000	0.000
2148.000	0.000
2149.000	0.000
2150.000	0.000
2151.000	0.000
2152.000	0.000
2153.000	0.000
2154.000	0.000
2155.000	0.000
2156.000	0.000
2157.000	0.000
2158.000	0.000
2159.000	0.000
2160.000	0.000
2161.000	0.000
2162.000	0.000
2163.000	0.000
2164.000	0.000
2165.000	0.000
2166.000	0.000
2167.000	0.000
2168.000	0.000
2169.000	0.000
2170.000	0.000
2171.000	0.000
2172.000	0.000
2173.000	0.000
2174.000	0.000
2175.000	0.000
2176.000	0.000
2177.000	0.000
2178.000	0.000
2179.000	0.000
2180.000	0.000
2181.000	0.000
2182.000	0.000
2183.000	0.000
2184.000	0.000
2185.000	0.000
2186.000	0.000
2187.000	0.000
2188.000	0.000
2189.000	0.000
2190.000	0.000
2191.000	0.000
2192.000	0.000
2193.000	0.000
2194.000	0.000
2195.000	0.000
2196.000	0.000
2197.000	0.000
2198.000	0.000
2199.000	0.000
2200.000	0.000
2201.000	0.000
2202.000	0.000
2203.000	0.000
2204.000	0.000
2205.000	0.000
2206.000	0.000
2207.000	0.000
2208.000	0.000
2209.000	0.000
2210.000	0.000
2211.000	0.000
2212.000	0.000
2213.000	0.000
2214.000	0.000
2215.000	0.000
2216.000	0.000
2217.000	0.000
2218.000	0.000
2219.000	0.000
2220.000	0.000
2221.000	0.000
2222.000	0.000
2223.000	0.000
2224.000	0.000
2225.000	0.000
2226.000	0.000
2227.000	0.000
2228.000	0.000
2229.000	0.000
2230.000	0.000
2231.000	0.000
2232.000	0.000
2233.000	0.000
2234.000	0.000
2235.000	0.000
2236.000	0.000
2237.000	0.000
2238.000	0.000
2239.000	0.000
2240.000	0.000
2241.000	0.000
2242.000	0.000
2243.000	0.000
2244.000	0.000
2245.000	0.000
2246.000	0.000
2247.000	0.000
2248.000	0.000
2249.000	0.000
2250.000	0.000
2251.000	0.000
2252.000	0.000
2253.000	0.000
2254.000	0.000
2255.000	0.000
2256.000	0.000
2257.000	0.000
2258.000	0.000
2259.000	0.000
2260.000	0.000
2261.000	0.000
2262.000	0.000
2263.000	0.000
2264.000	0.000
2265.000	0.000
2266.000	0.000
2267.000	0.000
2268.000	0.000
2269.000	0.000
2270.000	0.000
2271.000	0.000
2272.000	0.000
2273.000	0.000
2274.000	0.000
2275.000	0.000
2276.000	0.000
2277.000	0.000
2278.000	0.000
2279.000	0.000
2280.000	0.000
2281.000	0.000
2282.000	0.000
2283.000	0.000
2284.000	0.000
2285.000	0.000
2286.000	0.000
2287.000	0.000
2288.000	0.000
2289.000	0.000
2290.000	0.000
2291.000	0.000
2292.000	0.000
2293.000	0.000
2294.000	0.000
2295.000	0.000
2296.000	0.000
2297.000	0.000
2298.000	0.000
2299.000	0.000
2300.000	0.000
2301.000	0.000
2302.000	0.000
2303.000	0.000
2304.000	0.000
2305.000	0.000
2306.000	0.000
2307.000	0.000
2308.000	0.000
2309.000	0.000
2310.000	0.000
2311.000	0.000
2312.000	0.000
2313.000	0.000
2314.000	0.000
2315.000	0.000
2316.000	0.000
2317.000	0.000
2318.000	0.000
2319.000	0.000
2320.000	0.000
2321.000	0.000
2322.000	0.000
2323.000	0.000
2324.000	0.000
2325.000	0.000
2326.000	0.000
2327.000	0.000
2328.000	0.000
2329.000	0.000
2330.000	0.000
2331.000	0.000
2332.000	0.000
2333.000	0.000
2334.000	0.000
2335.000	0.000
2336.000	0.000
2337.000	0.000
2338.000	0.000
2339.000	0.000
2340.000	0.000
2341.000	0.000
2342.000	0.000
2343.000	0.000
2344.000	0.000
2345.000	0.000
2346.000	0.000
2347.000	0.000
2348.000	0.000
2349.000	0.000
2350.000	0.000
2351.000	0.000
2352.000	0.000
2353.000	0.000
2354.000	0.000
2355.000	0.000
2356.000	0.000
2357.000	0.000
2358.000	0.000
2359.000	0.000
2360.000	0.000
2361.000	0.000
2362.000	0.000
2363.000	0.000
2364.000	0.000
2365.000	0.000
2366.000	0.000
2367.000	0.000
2368.000	0.000
2369.000	0.000
2370.000	0.000
2371.000	0.000
2372.000	0.000
2373.000	0.000
2374.000	0.000
2375.000	0.000
2376.000	0.000
2377.000	0.000
2378.000	0.000
2379.000	0.000
2380.000	0.000
2381.000	0.000
2382.000	0.000
2383.000	0.000
2384.000	0.000
2385.000	0.000
2386.000	0.000
2387.000	0.000
2388.000	0.000
2389.000	0.000
2390.000	0.000
2391.000	0.000
2392.000	0.000
2393.000	0.000
2394.000	0.000
2395.000	0.000
2396.000	0.000
2397.000	0.000
2398.000	0.000
2399.000	0.000
2400.000	0.000
2401.000	0.000
2402.000	0.000
2403.000	0.000
2404.000	0.000
2405.000	0.000
2406.000	0.000
2407.000	0.000
2408.000	0.000
2409.000	0.000
2410.000	0.000
2411.000	0.000
2412.000	0.000
2413.000	0.000
2414.000	0.000
2415.000	0.000
2416.000	0.000
2417.000	0.000
2418.000	0.000
2419.000	0.000
2420.000	0.000
2421.000	0.000
2422.000	0.000
2423.000	0.000
2424.000	0.000
2425.000	0.000
2426.000	0.000
2427.000	0.000
2428.000	0.000
2429.000	0.000
2430.000	0.000
2431.000	0.000
2432.000	0.000
2433.000	0.000
2434.000	0.000
2435.000	0.000
2436.000	0.000
2437.000	0.000
2438.000	0.000
2439.000	0.000
2440.000	0.000
2441.000	0.000
2442.000	0.000
2443.000	0.000
2444.000	0.000
2445.000	0.000
2446.000	0.000
2447.000	0.000
2448.000	0.000
2449.000	0.000
2450.000	0.000
2451.000	0.000
2452.000	0.000
2453.000	0.000
2454.000	0.000
2455.000	0.000
2456.000	0.000
2457.000	0.000
2458.000	0.000
2459.000	0.000
2460.000	0.000
2461.000	0.000
2462.000	0.000
2463.000	0.000
2464.000	0.000
2465.000	0.000
2466.000	0.000
2467.000	0.000
2468.000	0.000
2469.000	0.000
2470.000	0.000
2471.000	0.000
2472.000	0.000
2473.000	0.000
2474.000	0.000
2475.000	0.000
2476.000	0.000
2477.000	0.000
2478.000	0.000
2479.000	0.000
2480.000	0.000
2481.000	0.000
2482.000	0.000
2483.000	0.000
2484.000	0.000
2485.000	0.000
2486.000	0.000
2487.000	0.000
2488.000	0.000
2489.000	0.000
2490.000	0.000
2491.000	0.000
2492.000	0.000
2493.000	0.000
2494.000	0.000
2495.000	0.000
2496.000	0.000
2497.000	0.000
2498.000	0.000
2499.000	0.000
2500.000	0.000
2501.000	0.000
2502.000	0.000
2503.000	0.000
2504.000	0.000
2505.000	0.000
2506.000	0.000
2507.000	0.000
2508.000	0.000
2509.000	0.000
2510.000	0.000
2511.000	0.000
2512.000	0.000
2513.000	0.000
2514.000	0.000
2515.000	0.000
2516.000	0.000
2517.000	0.000
2518.000	0.000
2519.000	0.000
2520.000	0.000
2521.000	0.000
2522.000	0.000
2523.000	0.000
2524.000	0.000
2525.000	0.000
2526.000	0.000
2527.000	0.000
2528.000	0.000
2529.000	0.000
2530.000	0.000
2531.000	0.000
2532.000	0.000
2533.000	0.000
2534.000	0.000
2535.000	0.000
2536.000	0.000
2537.000	0.000
2538.000	0.000
2539.000	0.000
2540.000	0.000
2541.000	0.000
2542.000	0.000
2543.000	0.000
2544.000	0.000
2545.000	0.000
2546.000	0.000
2547.000	0.000
2548.000	0.000
2549.000	0.000
2550.000	0.000
2551.000	0.000
2552.000	0.000
2553.000	0.000
2554.000	0.000
2555.000	0.000
2556.000	0.000
2557.000	0.000
2558.000	0.000
2559.000	0.000
2560.000	0.000
2561.000	0.000
2562.000	0.000
2563.000	0.000
2564.000	0.000
2565.000	0.000
2566.000	0.000
2567.000	0.000
2568.000	0.000
2569.000	0.000
2570.000	0.000
2571.000	0.000
2572.000	0.000
2573.000	0.000
2574.000	0.000
2575.000	0.000
2576.000	0.000
2577.000	0.000
2578.000	0.000
2579.000	0.000
2580.000	0.000
2581.000	0.000
2582.000	0.000
2583.000	0.000
2584.000	0.000
2585.000	0.000
2586.000	0.000
2587.000	0.000
2588.000	0.000
2589.000	0.000
2590.000	0.000
2591.000	0.000
2592.000	0.000
2593.000	0.000
2594.000	0.000
2595.000	0.000
2596.000	0.000
2597.000	0.000
2598.000	0.000
2599.000	0.000
2600.000	0.000
2601.000	0.000
2602.000	0.000
2603.000	0.000
2604.000	0.000
2605.000	0.000
2606.000	0.000
2607.000	0.000
2608.000	0.000
2609.000	0.000
2610.000	0.000
2611.000	0.000
2612.000	0.000
2613.000	0.000
2614.000	0.000
2615.000	0.000
2616.000	0.000
2617.000	0.000
2618.000	0.000
2619.000	0.000
2620.000	0.000
2621.000	0.000
2622.000	0.000
2623.000	0.000
2624.000	0.000
2625.000	0.000
2626.000	0.000
2627.000	0.000
2628.000	0.000
2629.000	0.000
2630.000	0.000
2631.000	0.000
2632.000	0.000
2633.000	0.000
2634.000	0.000
2635.000	0.000
2636.000	0.000
2637.000	0.000
2638.000	0.000
2639.000	0.000
2640.000	0.000
2641.000	0.000
2642.000	0.000
2643.000	0.000
2644.000	0.000
2645.000	0.000
2646.000	0.000
2647.000	0.000
2648.000	0.000
2649.000	0.000
2650.000	0.000
2651.000	0.000
2652.000	0.000
2653.000	0.000
2654.000	0.000
2655.000	0.000
2656.000	0.000
2657.000	0.000
2658.000	0.000
2659.000	0.000
2660.000	0.000
2661.000	0.000
2662.000	0.000
2663.000	0.000
2664.000	0.000
2665.000	0.000
2666.000	0.000
2667.000	0.000
2668.000	0.000
2669.000	0.000
2670.000	0.000
2671.000	0.000
2672.000	0.000
2673.000	0.000
2674.000	0.000
2675.000	0.000
2676.000	0.000
2677.000	0.000
2678.000	0.000
2679.000	0.000
2680.000	0.000
2681.000	0.000
2682.000	0.000
2683.000	0.000
2684.000	0.000
2685.000	0.000
2686.000	0.000
2687.000	0.000
2688.000	0.000
2689.000	0.000
2690.000	0.000
2691.000	0.000
2692.000	0.000
2693.000	0.000
2694.000	0.000
2695.000	0.000
2696.000	0.000
2697.000	0.000
2698.000	0.000
2699.000	0.000
2700.000	0.000
2701.000	0.000
2702.000	0.000
2703.000	0.000
2704.000	0.000
2705.000	0.000
2706.000	0.000
2707.000	0.000
2708.000	0.000
2709.000	0.000
2710.000	0.000
2711.000	0.000
2712.000	0.000
2713.000	0.000
2714.000	0.000
2715.000	0.000
2716.000	0.000
2717.000	0.000
2718.000	0.000
2719.000	0.000
2720.000	0.000
2721.000	0.000
2722.000	0.000
2723.000	0.000
2724.000	0.000
2725.000	0.000
2726.000	0.000
2727.000	0.000
2728.000	0.000
2729.000	0.000
2730.000	0.000
2731.000	0.000
2732.000	0.000
2733.000	0.000
2734.000	0.000
2735.000	0.000
2736.000	0.000
2737.000	0.000
2738.000	0.000
2739.000	0.000
2740.000	0.000
2741.000	0.000
2742.000	0.000
2743.000	0.000
2744.000	0.000
2745.000	0.000
2746.000	0.000
2747.000	0.000
2748.000	0.000
2749.000	0.000
2750.000	0.000
2751.000	0.000
2752.000	0.000
2753.000	0.000
2754.000	0.000
2755.000	0.000
2756.000	0.000
2757.000	0.000
2758.000	0.000
2759.000	0.000
2760.000	0.000
2761.000	0.000
2762.000	0.000
2763.000	0.000
2764.000	0.000
2765.000	0.000
2766.000	0.000
2767.000	0.000
2768.000	0.000
2769.000	0.000
2770.000	0.000
2771.000	0.000
2772.000	0.000
2773.000	0.000
2774.000	0.000
2775.000	0.000
2776.000	0.000
2777.000	0.000
2778.000	0.000
2779.000	0.000
2780.000	0.000
2781.000	0.000
2782.000	0.000
2783.000	0.000
2784.000	0.000
2785.000	0.000
2786.000	0.000
2787.000	0.000
2788.000	0.000
2789.000	0.000
2790.000	0.000
2791.000	0.000
2792.000	0.000
2793.000	0.000
2794.000	0.000
2795.000	0.000
2796.000	0.000
2797.000	0.000
2798.000	0.000
2799.000	0.000
2800.000	0.000
2801.000	0.000
2802.000	0.000
2803.000	0.000
2804.000	0.000
2805.000	0.000
2806.000	0.000
2807.000	0.000
2808.000	0.000
2809.000	0.000
2810.000	0.000
2811.000	0.000
2812.000	0.000
2813.000	0.000
2814.000	0.000
2815.000	0.000
2816.000	0.000
2817.000	0.000
2818.000	0.000
2819.000	0.000
2820.000	0.000
2821.000	0.000
2822.000	0.000
2823.000	0.000
2824.000	0.000
2825.000	0.000
2826.000	0.000
2827.000	0.000
2828.000	0.000
2829.000	0.000
2830.000	0.000
2831.000	0.000
2832.000	0.000
2833.000	0.000
2834.000	0.000
2835.000	0.000
2836.000	0.000
2837.000	0.000
2838.000	0.000
2839.000	0.000
2840.000	0.000
2841.000	0.000
2842.000	0.000
2843.000	0.000
2844.000	0.000
2845.000	0.000
2846.000	0.000
2847.000	0.000
2848.000	0.000
2849.000	0.000
2850.000	0.000
2851.000	0.000
2852.000	0.000
2853.000	0.000
2854.000	0.000
2855.000	0.000
2856.000	0.000
2857.000	0.000
2858.000	0.000
2859.000	0.000
2860.000	0.000
2861.000	0.000
2862.000	0.000
2863.000	0.000
2864.000	0.000
2865.000	0.000
2866.000	0.000
2867.000	0.000
2868.000	0.000
2869.000	0.000
2870.000	0.000
2871.000	0.000
2872.000	0.000
2873.000	0.000
2874.000	0.000
2875.000	0.000
2876.000	0.000
2877.000	0.000
2878.000	0.000
2879.000	0.000
2880.000	0.000
2881.000	0.000
2882.000	0.000
2883.000	0.000
2884.000	0.000
2885.000	0.000
2886.000	0.000
2887.000	0.000
2888.000	0.000
2889.000	0.000
2890.000	0.000
2891.000	0.000
2892.000	0.000
2893.000	0.000
2894.000	0.000
2895.000	0.000
2896.000	0.000
2897.000	0.000
2898.000	0.000
2899.000	0.000
2900.000	0.000
2901.000	0.000
2902.000	0.000
2903.000	0.000
2904.000	0.000
2905.000	0.000
2906.000	0.000
2907.000	0.000
2908.000	0.000
2909.000	0.000
2910.000	0.000
2911.000	0.000
2912.000	0.000
2913.000	0.000
2914.000	0.000
2915.000	0.000
2916.000	0.000
2917.000	0.000
2918.000	0.000
2919.000	0.000
2920.000	0.000
2921.000	0.000
2922.000	0.000
2923.000	0.000
2924.000	0.000
2925.000	0.000
2926.000	0.000
2927.000	0.000
2928.000	0.000
2929.000	0.000
2930.000	0.000
2931.000	0.000
2932.000	0.000
2933.000	0.000
2934.000	0.000
2935.000	0.000
2936.000	0.000
2937.000	0.000
2938.000	0.000
2939.000	0.000
2940.000	0.000
2941.000	0.000
2942.000	0.000
2943.000	0.000
2944.000	0.000
2945.000	0.000
2946.000	0.000
2947.000	0.000
2948.000	0.000
2949.000	0.000
2950.000	0.000
2951.000	0.000
2952.000	0.000
2953.000	0.000
2954.000	0.000
2955.000	0.000
2956.000	0.000
2957.000	0.000
2958.000	0.000
2959.000	0.000
2960.000	0.000
2961.000	0.000
2962.000	0.000
2963.000	0.000
2964.000	0.000
2965.000	0.000
2966.000	0.000
2967.000	0.000
2968.000	0.000
2969.000	0.000
2970.000	0.000
2971.000	0.000
2972.000	0.000
2973.000	0.000
2974.000	0.000
2975.000	0.000
2976.000	0.000
2977.000	0.000
2978.000	0.000
2979.000	0.000
2980.000	0.000
2981.000	0.000
2982.000	0.000
2983.000	0.000
2984.000	0.000
2985.000	0.000
2986.000	0.000
2987.000	0.000
2988.000	0.000
2989.000	0.000
2990.000	0.000
2991.000	0.000
2992.000	0.000
2993.000	0.000
2994.000	0.000
2995.000	0.000
2996.000	0.000
2997.000	0.000
2998.000	0.000
2999.000	0.000
3000.000	0.000
3001.000	0.000
3002.000	0.000
3003.000	0.000
3004.000	0.000
3005.000	0.000
3006.000	0.000
3007.000	0.000
3008.000	0.000
3009.000	0.000
3010.000	0.000
3011.000	0.000
3012.000	0.000
3013.000	0.000
3014.000	0.000
3015.000	0.000
3016.000	0.000
3017.000	0.000
3018.000	0.000
3019.000	0.000
3020.000	0.000
3021.000	0.000
3022.000	0.000
3023.000	0.000
3024.000	0.000
3025.000	0.000
3026.000	0.000
3027.000	0.000
3028.000	0.000
3029.000	0.000
3030.000	0.000
3031.000	0.000
3032.000	0.000
3033.000	0.000
3034.000	0.000
3035.000	0.000
3036.000	0.000
3037.000	0.000
3038.000	0.000
3039.000	0.000
3040.000	0.000
3041.000	0.000
3042.000	0.000
3043.000	0.000
3044.000	0.000
3045.000	0.000
3046.000	0.000
3047.000	0.000
3048.000	0.000
3049.000	0.000
3050.000	0.000
3051.000	0.000
3052.000	0.000
3053.000	0.000
3054.000	0.000
3055.000	0.000
3056.000	0.000
3057.000	0.000
3058.000	0.000
3059.000	0.000
3060.000	0.000
3061.000	0.000
3062.000	0.000
3063.000	0.000
3064.000	0.000
3065.000	0.000
3066.000	0.000
3067.000	0.000
3068.000	0.000
3069.000	0.000
3070.000	0.000
3071.000	0.000
3072.000	0.000
3073.000	0.000
3074.000	0.000
3075.000	0.000
3076.000	0.000
3077.000	0.000
3078.000	0.000
3079.000	0.000
3080.000	0.000
3081.000	0.000
3082.000	0.000
3083.000	0.000
3084.000	0.000
3085.000	0.000
3086.000	0.000
3087.000	0.000
3088.000	0.000
3089.000	0.000
3090.000	0.000
3091.000	0.000
3092.000	0.000
3093.000	0.000
3094.000	0.000
3095.000	0.000
3096.000	0.000
3097.000	0.000
3098.000	0.000
3099.000	0.000
3100.000	0.000
3101.000	0.000
3102.000	0.000
3103.000	0.000
3104.000	0.000
3105.000	0.000
3106.000	0.000
3107.000	0.000
3108.000	0.000
3109.000	0.000
3110.000	0.000
3111.000	0.000
3112.000	0.000
3113.000	0.000
3114.000	0.000
3115.000	0.000
3116.000	0.000
3117.000	0.000
3118.000	0.000
3119.000	0.000
3120.000	0.000
3121.000	0.000
3122.000	0.000
3123.000	0.000
3124.000	0.000
3125.000	0.000
3126.000	0.000
3127.000	0.000
3128.000	0.000
3129.000	0.000
3130.000	0.000
3131.000	0.000
3132.000	0.000
3133.000	0.000
3134.000	0.000
3135.000	0.000
3136.000	0.000
3137.000	0.000
3138.000	0.000
3139.000	0.000
3140.000	0.000
3141.000	0.000
3142.000	0.000
3143.000	0.000
3144.000	0.000
3145.000	0.000
3146.000	0.000
3147.000	0.000
3148.000	0.000
3149.000	0.000
3150.000	0.000
3151.000	0.000
3152.000	0.000
3153.000	0.000
3154.000	0.000
3155.000	0.000
3156.000	0.000
3157.000	0.000
3158.000	0.000
3159.000	0.000
3160.000	0.000
3161.000	0.000
3162.000	0.000
3163.000	0.000
3164.000	0.000
3165.000	0.000
3166.000	0.000
3167.000	0.000
3168.000	0.000
3169.000	0.000
3170.000	0.000
3171.000	0.000
3172.000	0.000
3173.000	0.000
3174.000	0.000
3175.000	0.000
3176.000	0.000
3177.000	0.000
3178.000	0.000
3179.000	0.000
3180.000	0.000
3181.000	0.000
3182.000	0.000
3183.000	0.000
3184.000	0.000
3185.000	0.000
3186.000	0.000
3187.000	0.000
3188.000	0.000
3189.000	0.000
3190.000	0.000
3191.000	0.000
3192.000	0.000
3193.000	0.000
3194.000	0.000
3195.000	0.000
3196.000	0.000
3197.000	0.000
3198.000	0.000
3199.000	0.000
3200.000	0.000
3201.000	0.000
3202.000	0.000
3203.000	0.000
3204.000	0.000
3205.000	0.000
3206.000	0.000
3207.000	0.000
3208.000	0.000
3209.000	0.000
3210.000	0.000
3211.000	0.000
3212.000	0.000
3213.000	0.000
3214.000	0.000
3215.000	0.000
3216.000	0.000
3217.000	0.000
3218.000	0.000
3219.000	0.000
3220.000	0.000
3221.000	0.000
3222.000	0.000
3223.000	0.000
3224.000	0.000
3225.000	0.000
3226.000	0.000
3227.000	0.000
3228.000	0.000
3229.000	0.000
3230.000	0.000
3231.000	0.000
3232.000	0.000
3233.000	0.000
3234.000	0.000
3235.000	0.000
3236.000	0.000
3237.000	0.000
3238.000	0.000
3239.000	0.000
3240.000	0.000
3241.000	0.000
3242.000	0.000
3243.000	0.000
3244.000	0.000
3245.000	0.000
3246.000	0.000
3247.000	0.000
3248.000	0.000
3249.000	0.000
3250.000	0.000
3251.000	0.000
3252.000	0.000
3253.000	0.000
3254.000	0.000
3255.000	0.000
3256.000	0.000
3257.000	0.000
3258.000	0.000
3259.000	0.000
3260.000	0.000
3261.000	0.000
3262.000	0.000
3263.000	0.000
3264.000	0.000
3265.000	0.000
3266.000	0.000
3267.000	0.000
3268.000	0.000
3269.000	0.000
3270.000	0.000
3271.000	0.000
3272.000	0.000
3273.000	0.000
3274.000	0.000
3275.000	0.000
3276.000	0.000
3277.000	0.000
3278.000	0.000
3279.000	0.000
3280.000	0.000
3281.000	0.000
3282.000	0.000
3283.000	0.000
3284.000	0.000
3285.000	0.000
3286.000	0.000
3287.000	0.000
3288.000	0.000
3289.000	0.000
3290.000	0.000
3291.000	0.000
3292.000	0.000
3293.000	0.000
3294.000	0.000
3295.000	0.000
3296.000	0.000
3297.000	0.000
3298.000	0.000
3299.000	0.000
3300.000	0.000
3301.000	0.000
3302.000	0.000
3303.000	0.000
3304.000	0.000
3305.000	0.000
3306.000	0.000
3307.000	0.000
3308.000	0.000
3309.000	0.000
3310.000	0.000
3311.000	0.000
3312.000	0.000
3313.000	0.000
3314.000	0.000
3315.000	0.000
3316.000	0.000
3317.000	0.000
3318.000	0.000
3319.000	0.000
3320.000	0.000
3321.000	0.000
3322.000	0.000
3323.000	0.000
3324.000	0.000
3325.000	0.000
3326.000	0.000
3327.000	0.000
3328.000	0.000
3329.000	0.000
3330.000	0.000
3331.000	0.000
3332.000	0.000
3333.000	0.000
3334.000	0.000
3335.000	0.000
3336.000	0.000
3337.000	0.000
3338.000	0.000
3339.000	0.000
3340.000	0.000
3341.000	0.000
3342.000	0.000
3343.000	0.000
3344.000	0.000
3345.000	0.000
3346.000	0.000
3347.000	0.000
3348.000	0.000
3349.000	0.000
3350.000	0.000
3351.000	0.000
3352.000	0.000
3353.000	0.000
3354.000	0.000
3355.000	0.000
3356.000	0.000
3357.000	0.000
3358.000	0.000
3359.000	0.000
3360.000	0.000
3361.000	0.000
3362.000	0.000
3363.000	0.000
3364.000	0.000
3365.000	0.000
3366.000	0.000
3367.000	0.000
3368.000	0.000
3369.000	0.000
3370.000	0.000
3371.000	0.000
3372.000	0.000
3373.000	0.000
3374.000	0.000
3375.000	0.000
3376.000	0.000
3377.000	0.000
3378.000	0.000
3379.000	0.000
3380.000	0.000
3381.000	0.000
3382.000	0.000
3383.000	0.000
3384.000	0.000
3385.000	0.000
3386.000	0.000
3387.000	0.000
3388.000	0.000
3389.000	0.000
3390.000	0.000
3391.000	0.000
3392.000	0.000
3393.000	0.000
3394.000	0.000
3395.000	0.000
3396.000	0.000
3397.000	0.000
3398.000	0.000
3399.000	0.000
3400.000	0.000
3401.000	0.000
3402.000	0.000
3403.000	0.000
3404.000	0.000
3405.000	0.000
3406.000	0.000
3407.000	0.000
3408.000	0.000
3409.000	0.000
3410.000	0.000
3411.000	0.000
3412.000	0.000
3413.000	0.000
3414.000	0.000
3415.000	0.000
3416.000	0.000
3417.000	0.000
3418.000	0.000
3419.000	0.000
3420.000	0.000
3421.000	0.000
3422.000	0.000
3423.000	0.000
3424.000	0.000
3425.000	0.000
3426.000	0.000
3427.000	0.000
3428.000	0.000
3429.000	0.000
3430.000	0.000
3431.000	0.000
3432.000	0.000
3433.000	0.000
3434.000	0.000
3435.000	0.000
3436.000	0.000
3437.000	0.000
3438.000	0.000
3439.000	0.000
3440.000	0.000
3441.000	0.000
3442.000	0.000
3443.000	0.000
3444.000	0.000
3445.000	0.000
3446.000	0.000
3447.000	0.000
3448.000	0.000
3449.000	0.000
3450.000	0.000
3451.000	0.000
3452.000	0.000
3453.000	0.000
3454.000	0.000
3455.000	0.000
3456.000	0.000
3457.000	0.000
3458.000	0.000
3459.000	0.000
3460.000	0.000
3461.000	0.000
3462.000	0.000
3463.000	0.000
3464.000	0.000
3465.000	0.000
3466.000	0.000
3467.000	0.000
3468.000	0.000
3469.000	0.000
3470.000	0.000
3471.000	0.000
3472.000	0.000
3473.000	0.000
3474.000	0.000
3475.000	0.000
3476.000	0.000
3477.000	0.000
3478.000	0.000
3479.000	0.000
3480.000	0.000
3481.000	0.000
3482.000	0.000
3483.000	0.000
3484.000	0.000
3485.000	0.000
3486.000	0.000
3487.000	0.000
3488.000	0.000
3489.000	0.000
3490.000	0.000
3491.000	0.000
3492.000	0.000
3493.000	0.000
3494.000	0.000
3495.000	0.000
3496.000	0.000
3497.000	0.000
3498.000	0.000
3499.000	0.000
3500.000	0.000
3501.000	0.000
3502.000	0.000
3503.000	0.000
3504.000	0.000
3505.000	0.000
3506.000	0.000
3507.000	0.000
3508.000	0.000
3509.000	0.000
3510.000	0.000
3511.000	0.000
3512.000	0.000
3513.000	0.000
3514.000	0.000
3515.000	0.000
3516.000	0.000
3517.000	0.000
3518.000	0.000
3519.000	0.000
3520.000	0.000
3521.000	0.000
3522.000	0.000
3523.000	0.000
3524.000	0.000
3525.000	0.000
3526.000	0.000
3527.000	0.000
3528.000	0.000
3529.000	0.000
3530.000	0.000
3531.000	0.000
3532.000	0.000
3533.000	0.000
3534.000	0.000
3535.000	0.000
3536.000	0.000
3537.000	0.000
3538.000	0.000
3539.000	0.000
3540.000	0.000
3541.000	0.000
3542.000	0.000
3543.000	0.000
3544.000	0.000
3545.000	0.000
3546.000	0.000
3547.000	0.000
3548.000	0.000
3549.000	0.000
3550.000	0.000
3551.000	0.000
3552.000	0.000
3553.000	0.000
3554.000	0.000
3555.000	0.000
3556.000	0.000
3557.000	0.000
3558.000	0.000
3559.000	0.000
3560.000	0.000
3561.000	0.000
3562.000	0.000
3563.000	0.000
3564.000	0.000
3565.000	0.000
3566.000	0.000
3567.000	0.000
3568.000	0.000
3569.000	0.000
3570.000	0.000
3571.000	0.000
3572.000	0.000
3573.000	0.000
3574.000	0.000
3575.000	0.000
3576.000	0.000
3577.000	0.000
3578.000	0.000
3579.000	0.000
3580.000	0.000
3581.000	0.000
3582.000	0.000
3583.000	0.000
3584.000	0.000
3585.000	0.000
3586.000	0.000
3587.000	0.000
3588.000	0.000
3589.000	0.000
3590.000	0.000
3591.000	0.000
3592.000	0.000
3593.000	0.000
3594.000	0.000
3595.000	0.000
3596.000	0.000
3597.000	0.000
3598.000	0.000
3599.000	0.000
3600.000	0.000
3601.000	0.000
3602.000	0.000
3603.000	0.000
3604.000	0.000
3605.000	0.000
3606.000	0.000
3607.000	0.000
3608.000	0.000
3609.000	0.000
3610.000	0.000
3611.000	0.000
3612.000	0.000
3613.000	0.000
3614.000	0.000
3615.000	0.000
3616.000	0.000
3617.000	0.000
3618.000	0.000
3619.000	0.000
3620.000	0.000
3621.000	0.000
3622.000	0.000
3623.000	0.000
3624.000	0.000
3625.000	0.000
3626.000	0.000
3627.000	0.000
3628.000	0.000
3629.000	0.000
3630.000	0.000
3631.000	0.000
3632.000	0.000
3633.000	0.000
3634.000	0.000
3635.000	0.000
3636.000	0.000
3637.000	0.000
3638.000	0.000
3639.000	0.000
3640.000	0.000
3641.000	0.000
3642.000	0.000
3643.000	0.000
3644.000	0.000
3645.000	0.000
3646.000	0.000
3647.000	0.000
3648.000	0.000
3649.000	0.000
3650.000	0.000
3651.000	0.000
3652.000	0.000
3653.000	0.000
3654.000	0.000
3655.000	0.000
3656.000	0.000
3657.000	0.000
3658.000	0.000
3659.000	0.000
3660.000	0.000
3661.000	0.000
3662.000	0.000
3663.000	0.000
3664.000	0.000
3665.000	0.000
3666.000	0.000
3667.000	0.000
3668.000	0.000
3669.000	0.000
3670.000	0.000
3671.000	0.000
3672.000	0.000
3673.000	0.000
3674.000	0.000
3675.000	0.000
3676.000	0.000
3677.000	0.000
3678.000	0.000
3679.000	0.000
3680.000	0.000
3681.000	0.000
3682.000	0.000
3683.000	0.000
3684.000	0.000
3685.000	0.000
3686.000	0.000
3687.000	0.000
3688.000	0.000
3689.000	0.000
3690.000	0.000
3691.000	0.000
3692.000	0.000
3693.000	0.000
3694.000	0.000
3695.000	0.000
3696.000	0.000
3697.000	0.000
3698.000	0.000
3699.000	0.000
3700.000	0.000
3701.000	0.000
3702.000	0.000
3703.000	0.000
3704.000	0.000
3705.000	0.000
3706.000	0.000
3707.000	0.000
3708.000	0.000
3709.000	0.000
3710.000	0.000
3711.000	0.000
3712.000	0.000
3713.000	0.000
3714.000	0.000
3715.000	0.000
3716.000	0.000
3717.000	0.000
3718.000	0.000
3719.000	0.000
3720.000	0.000
3721.000	0.000
3722.000	0.000
3723.000	0.000
3724.000	0.000
3725.000	0.000
3726.000	0.000
3727.000	0.000
3728.000	0.000
3729.000	0.000
3730.000	0.000
3731.000	0.000
3732.000	0.000
3733.000	0.000
3734.000	0.000
3735.000	0.000
3736.000	0.000
3737.000	0.000
3738.000	0.000
3739.000	0.000
3740.000	0.000
3741.000	0.000
3742.000	0.000
3743.000	0.000
3744.000	0.000
3745.000	0.000
3746.000	0.000
3747.000	0.000
3748.000	0.000
3749.000	0.000
3750.000	0.000
3751.000	0.000
3752.000	0.000
3753.000	0.000
3754.000	0.000
3755.000	0.000
3756.000	0.000
3757.000	0.000
3758.000	0.000
3759.000	0.000
3760.000	0.000
3761.000	0.000
3762.000	0.000
3763.000	0.000
3764.000	0.000
3765.000	0.000
3766.000	0.000
3767.000	0.000
3768.000	0.000
3769.000	0.000
3770.000	0.000
3771.000	0.000
3772.000	0.000
3773.000	0.000
3774.000	0.000
3775.000	0.000
3776.000	0.000
3777.000	0.000
3778.000	0.000
3779.000	0.000
3780.000	0.000
3781.000	0.000
3782.000	0.000
3783.000	0.000
3784.000	0.000
3785.000	0.000
3786.000	0.000
3787.000	0.000
3788.000	0.000
3789.000	0.000
3790.000	0.000
3791.000	0.000
3792.000	0.000
3793.000	0.000
3794.000	0.000
3795.000	0.000
3796.000	0.000
3797.000	0.000
3798.000	0.000
3799.000	0.000
3800.000	0.000
3801.000	0.000
3802.000	0.000
3803.000	0.000
3804.000	0.000
3805.000	0.000
3806.000	0.000
3807.000	0.000
3808.000	0.000
3809.000	0.000
3810.000	0.000
3811.000	0.000
3812.000	0.000
3813.000	0.000
3814.000	0.000
3815.000	0.000
3816.000	0.000
3817.000	0.000
3818.000	0.000
3819.000	0.000
3820.000	0.000
3821.000	0.000
3822.000	0.000
3823.000	0.000
3824.000	0.000
3825.000	0.000
3826.000	0.000
3827.000	0.000
3828.000	0.000
3829.000	0.000
3830.000	0.000
3831.000	0.000
3832.000	0.000
3833.000	0.000
3834.000	0.000
3835.000	0.000
3836.000	0.000
3837.000	0.000
3838.000	0.000
3839.000	0.000
3840.000	0.000
3841.000	0.000
3842.000	0.000
3843.000	0.000
3844.000	0.000
3845.000	0.000
3846.000	0.000
3847.000	0.000
3848.000	0.000
3849.000	0.000
3850.000	0.000
3851.000	0.000
3852.000	0.000
3853.000	0.000
3854.000	0.000
3855.000	0.000
3856.000	0.000
3857.000	0.000
3858.000	0.000
3859.000	0.000
3860.000	0.000
3861.000	0.000
3862.000	0.000
3863.000	0.000
3864.000	0.000
3865.000	0.000
3866.000	0.000
3867.000	0.000
3868.000	0.000
3869.000	0.000
3870.000	0.000
3871.000	0.000
3872.000	0.000
3873.000	0.000
3874.000	0.000
3875.000	0.000
3876.000	0.000
3877.000	0.000
3878.000	0.000
3879.000	0.000
3880.000	0.000
3881.000	0.000
3882.000	0.000
3883.000	0.000
3884.000	0.000
3885.000	0.000
3886.000	0.000
3887.000	0.000
3888.000	0.000
3889.000	0.000
3890.000	0.000
3891.000	0.000
3892.000	0.000
3893.000	0.000
3894.000	0.000
3895.000	0.000
3896.000	0.000
3897.000	0.000
3898.000	0.000
3899.000	0.000
3900.000	0.000
3901.000	0.000
3902.000	0.000
3903.000	0.000
3904.000	0.000
3905.000	0.000
3906.000	0.000
3907.000	0.000
3908.000	0.000
3909.000	0.000
3910.000	0.000
3911.000	0.000
3912.000	0.000
3913.000	0.000
3914.000	0.000
3915.000	0.000
3916.000	0.000
3917.000	0.000
3918.000	0.000
3919.000	0.000
3920.000	0.000
3921.000	0.000
3922.000	0.000
3923.000	0.000
3924.000	0.000
3925.000	0.000
3926.000	0.000
3927.000	0.000
3928.000	0.000
3929.000	0.000
3930.000	0.000
3931.000	0.000
3932.000	0.000
3933.000	0.000
3934.000	0.000
3935.000	0.000
3936.000	0.000
3937.000	0.000
3938.000	0.000
3939.000	0.000
3940.000	0.000
3941.000	0.000
3942.000	0.000
3943.000	0.000
3944.000	0.000
3945.000	0.000
3946.000	0.000
3947.000	0.000
3948.000	0.000
3949.000	0.000
3950.000	0.000
3951.000	0.000
3952.000	0.000
3953.000	0.000
3954.000	0.000
3955.000	0.000
3956.000	0.000
3957.000	0.000
3958.000	0.000
3959.000	0.000
3960.000	0.000
3961.000	0.000
3962.000	0.000
3963.000	0.000
3964.000	0.000
3965.000	0.000
3966.000	0.000
3967.000	0.000
3968.000	0.000
3969.000	0.000
3970.000	0.000
3971.000	0.000
3972.000	0.000
3973.000	0.000
3974.000	0.000
3975.000	0.000
3976.000	0.000
3977.000	0.000
3978.000	0.000
3979.000	0.000
3980.000	0.000
3981.000	0.000
3982.000	0.000
3983.000	0.000
3984.000	0.000
3985.000	0.000
3986.000	0.000
3987.000	0.000
3988.000	0.000
3989.000	0.000
3990.000	0.000
3991.000	0.000
3992.000	0.000
3993.000	0.000
3994.000	0.000
3995.000	0.000
3996.000	0.000
3997.000	0.000
3998.000	0.000
3999.000	0.000
4000.000	0.000
4001.000	0.000
4002.000	0.000
4003.000	0.000
4004.000	0.000
4005.000	0.000
4006.000	0.000
4007.000	0.000
4008.000	0.000
4009.000	0.000
4010.000	0.000
4011.000	0.000
4012.000	0.000
4013.000	0.000
4014.000	0.000
4015.000	0.000
4016.000	0.000
4017.000	0.000
4018.000	0.000
4019.000	0.000
4020.000	0.000
4021.000	0.000
4022.000	0.000
4023.000	0.000
4024.000	0.000
4025.000	0.000
4026.000	0.000
4027.000	0.000
4028.000	0.000
4029.000	0.000
4030.000	0.000
4031.000	0.000
4032.000	0.000
4033.000	0.000
4034.000	0.000
4035.000	0.000
4036.000	0.000
4037.000	0.000
4038.000	0.000
4039.000	0.000
4040.000	0.000
4041.000	0.000
4042.000	0.000
4043.000	0.000
4044.000	0.000
4045.000	0.000
4046.000	0.000
4047.000	0.000
4048.000	0.000
4049.000	0.000
4050.000	0.000
4051.000	0.000
4052.000	0.000
4053.000	0.000
4054.000	0.000
4055.000	0.000
4056.000	0.000
4057.000	0.000
4058.000	0.000
4059.000	0.000
4060.000	0.000
4061.000	0.000
4062.000	0.000
4063.000	0.000
4064.000	0.000
4065.000	0.000
4066.000	0.000
4067.000	0.000
4068.000	0.000
4069.000	0.000
4070.000	0.000
4071.000	0.000
4072.000	0.000
4073.000	0.000
4074.000	0.000
4075.000	0.000
4076.000	0.000
4077.000	0.000
4078.000	0.000
4079.000	0.000
4080.000	0.000
4081.000	0.000
4082.000	0.000
4083.000	0.000
4084.000	0.000
4085.000	0.000
4086.000	0.000
4087.000	0.000
4088.000	0.000
4089.000	0.000
4090.000	0.000
4091.000	0.000
4092.000	0.000
4093.000	0.000
4094.000	0.000
4095.000	0.000
