0.000	13.326
1.000	13.295
2.000	12.993
3.000	12.993
4.000	12.961
5.000	12.961
6.000	12.961
7.000	12.961
8.000	12.961
9.000	12.961
10.000	12.961
11.000	12.961
12.000	12.961
13.000	12.961
14.000	12.961
15.000	12.961
16.000	12.932
17.000	12.909
18.000	12.909
19.000	12.887
20.000	12.875
21.000	12.622
22.000	12.610
23.000	12.599
24.000	12.599
25.000	12.589
26.000	12.578
27.000	12.568
28.000	12.568
29.000	12.558
30.000	12.549
31.000	12.549
32.000	12.539
33.000	12.530
34.000	12.530
35.000	12.520
36.000	12.511
37.000	12.503
38.000	12.503
39.000	12.494
40.000	12.486
41.000	12.486
42.000	12.478
43.000	12.471
44.000	12.466
45.000	12.466
46.000	12.461
47.000	12.461
48.000	12.461
49.000	12.461
50.000	12.461
51.000	12.461
52.000	12.461
53.000	12.461
54.000	12.461
55.000	12.461
56.000	12.461
57.000	12.461
58.000	12.461
59.000	12.461
60.000	12.461
61.000	12.461
62.000	12.461
63.000	12.461
64.000	12.461
65.000	12.461
66.000	12.461
67.000	12.461
68.000	12.461
69.000	12.461
70.000	12.461
71.000	12.461
72.000	12.461
73.000	12.461
74.000	12.461
75.000	12.461
76.000	12.461
77.000	12.461
78.000	12.461
79.000	12.461
80.000	12.461
81.000	12.461
82.000	12.461
83.000	12.457
84.000	12.453
85.000	12.453
86.000	12.450
87.000	12.445
88.000	12.441
89.000	12.441
90.000	12.436
91.000	12.430
92.000	12.430
93.000	12.425
94.000	12.420
95.000	12.420
96.000	12.415
97.000	12.410
98.000	12.406
99.000	12.406
100.000	12.399
101.000	12.393
102.000	12.393
103.000	12.387
104.000	12.381
105.000	12.375
106.000	12.375
107.000	12.368
108.000	12.360
109.000	12.360
110.000	12.352
111.000	12.345
112.000	12.345
113.000	12.336
114.000	12.327
115.000	12.318
116.000	12.318
117.000	12.310
118.000	12.300
119.000	12.300
120.000	12.289
121.000	12.279
122.000	12.268
123.000	12.268
124.000	12.257
125.000	12.246
126.000	12.186
127.000	12.175
128.000	12.162
129.000	12.162
130.000	12.150
131.000	12.137
132.000	12.124
133.000	12.124
134.000	12.111
135.000	12.098
136.000	12.098
137.000	12.084
138.000	12.070
139.000	12.056
140.000	11.952
141.000	11.938
142.000	11.923
143.000	11.923
144.000	11.908
145.000	11.893
146.000	11.834
147.000	11.819
148.000	11.803
149.000	11.788
150.000	11.727
151.000	11.711
152.000	11.695
153.000	11.695
154.000	11.677
155.000	11.660
156.000	11.620
157.000	11.602
158.000	11.584
159.000	11.566
160.000	11.566
161.000	11.548
162.000	11.529
163.000	11.427
164.000	11.408
165.000	11.390
166.000	11.372
167.000	11.320
168.000	11.302
169.000	11.282
170.000	11.269
171.000	11.249
172.000	11.229
173.000	11.229
174.000	11.208
175.000	11.188
176.000	11.167
177.000	11.135
178.000	11.114
179.000	11.093
180.000	11.071
181.000	11.050
182.000	11.028
183.000	11.007
184.000	11.000
185.000	10.981
186.000	10.962
187.000	10.917
188.000	10.897
189.000	10.875
190.000	10.875
191.000	10.855
192.000	10.834
193.000	10.814
194.000	10.760
195.000	10.740
196.000	10.720
197.000	10.720
198.000	10.700
199.000	10.680
200.000	10.661
201.000	10.661
202.000	10.639
203.000	10.618
204.000	10.618
205.000	10.595
206.000	10.572
207.000	10.381
208.000	10.358
209.000	10.335
210.000	10.312
211.000	10.312
212.000	10.288
213.000	10.264
214.000	10.264
215.000	10.240
216.000	10.216
217.000	10.175
218.000	10.151
219.000	10.127
220.000	10.103
221.000	10.084
222.000	10.060
223.000	10.036
224.000	10.036
225.000	10.012
226.000	9.987
227.000	9.963
228.000	9.963
229.000	9.939
230.000	9.916
231.000	9.916
232.000	9.892
233.000	9.867
234.000	9.795
235.000	9.771
236.000	9.746
237.000	9.722
238.000	9.676
239.000	9.652
240.000	9.628
241.000	9.628
242.000	9.604
243.000	9.579
244.000	9.555
245.000	9.555
246.000	9.530
247.000	9.505
248.000	9.505
249.000	9.481
250.000	9.457
251.000	9.457
252.000	9.433
253.000	9.408
254.000	9.384
255.000	9.384
256.000	9.360
257.000	9.336
258.000	9.336
259.000	9.312
260.000	9.288
261.000	9.264
262.000	9.264
263.000	9.240
264.000	9.216
265.000	9.216
266.000	9.193
267.000	9.169
268.000	9.169
269.000	9.146
270.000	9.122
271.000	9.099
272.000	8.774
273.000	8.751
274.000	8.727
275.000	8.613
276.000	8.590
277.000	8.567
278.000	8.551
279.000	8.528
280.000	8.504
281.000	8.481
282.000	8.343
283.000	8.320
284.000	8.297
285.000	8.297
286.000	8.275
287.000	8.252
288.000	8.229
289.000	8.102
290.000	8.079
291.000	8.057
292.000	8.057
293.000	8.035
294.000	8.013
295.000	8.013
296.000	7.991
297.000	7.969
298.000	7.948
299.000	7.948
300.000	7.926
301.000	7.903
302.000	7.863
303.000	7.841
304.000	7.818
305.000	7.796
306.000	7.794
307.000	7.771
308.000	7.749
309.000	7.749
310.000	7.727
311.000	7.705
312.000	7.705
313.000	7.684
314.000	7.663
315.000	7.642
316.000	7.642
317.000	7.620
318.000	7.598
319.000	7.536
320.000	7.515
321.000	7.493
322.000	7.471
323.000	7.471
324.000	7.450
325.000	7.429
326.000	7.409
327.000	7.388
328.000	7.367
329.000	7.332
330.000	7.311
331.000	7.289
332.000	7.267
333.000	7.243
334.000	7.221
335.000	7.200
336.000	7.200
337.000	7.179
338.000	7.157
339.000	7.157
340.000	7.135
341.000	7.113
342.000	7.093
343.000	7.042
344.000	7.021
345.000	7.001
346.000	6.971
347.000	6.950
348.000	6.929
349.000	6.909
350.000	6.880
351.000	6.860
352.000	6.840
353.000	6.840
354.000	6.819
355.000	6.799
356.000	6.758
357.000	6.739
358.000	6.718
359.000	6.698
360.000	6.698
361.000	6.678
362.000	6.659
363.000	6.652
364.000	6.633
365.000	6.613
366.000	6.593
367.000	6.593
368.000	6.573
369.000	6.553
370.000	6.553
371.000	6.534
372.000	6.514
373.000	6.420
374.000	6.400
375.000	6.380
376.000	6.361
377.000	6.361
378.000	6.342
379.000	6.324
380.000	6.324
381.000	6.306
382.000	6.287
383.000	6.269
384.000	6.211
385.000	6.193
386.000	6.175
387.000	6.175
388.000	6.156
389.000	6.138
390.000	6.103
391.000	6.085
392.000	6.066
393.000	6.048
394.000	6.048
395.000	6.029
396.000	6.011
397.000	6.011
398.000	5.992
399.000	5.974
400.000	5.974
401.000	5.955
402.000	5.936
403.000	5.919
404.000	5.919
405.000	5.902
406.000	5.885
407.000	5.885
408.000	5.867
409.000	5.850
410.000	5.834
411.000	5.834
412.000	5.817
413.000	5.801
414.000	5.801
415.000	5.784
416.000	5.768
417.000	5.768
418.000	5.752
419.000	5.736
420.000	5.720
421.000	5.704
422.000	5.688
423.000	5.672
424.000	5.672
425.000	5.656
426.000	5.641
427.000	5.625
428.000	5.625
429.000	5.610
430.000	5.595
431.000	5.572
432.000	5.557
433.000	5.542
434.000	5.461
435.000	5.446
436.000	5.431
437.000	5.416
438.000	5.405
439.000	5.390
440.000	5.375
441.000	5.375
442.000	5.360
443.000	5.345
444.000	5.330
445.000	5.330
446.000	5.316
447.000	5.301
448.000	5.276
449.000	5.262
450.000	5.248
451.000	5.214
452.000	5.199
453.000	5.185
454.000	5.170
455.000	5.121
456.000	5.107
457.000	5.093
458.000	5.054
459.000	5.040
460.000	5.026
461.000	5.002
462.000	4.989
463.000	4.975
464.000	4.962
465.000	4.944
466.000	4.931
467.000	4.917
468.000	4.917
469.000	4.904
470.000	4.891
471.000	4.878
472.000	4.878
473.000	4.865
474.000	4.852
475.000	4.852
476.000	4.840
477.000	4.827
478.000	4.827
479.000	4.814
480.000	4.801
481.000	4.788
482.000	4.788
483.000	4.776
484.000	4.763
485.000	4.702
486.000	4.689
487.000	4.677
488.000	4.665
489.000	4.665
490.000	4.653
491.000	4.640
492.000	4.609
493.000	4.597
494.000	4.584
495.000	4.584
496.000	4.572
497.000	4.560
498.000	4.548
499.000	4.548
500.000	4.536
501.000	4.524
502.000	4.524
503.000	4.513
504.000	4.501
505.000	4.489
506.000	4.489
507.000	4.478
508.000	4.466
509.000	4.466
510.000	4.455
511.000	4.444
512.000	4.444
513.000	4.432
514.000	4.421
515.000	4.410
516.000	4.350
517.000	4.339
518.000	4.328
519.000	4.328
520.000	4.317
521.000	4.306
522.000	4.306
523.000	4.295
524.000	4.285
525.000	4.274
526.000	4.274
527.000	4.263
528.000	4.253
529.000	4.253
530.000	4.243
531.000	4.232
532.000	4.222
533.000	4.222
534.000	4.212
535.000	4.202
536.000	4.143
537.000	4.133
538.000	4.123
539.000	4.123
540.000	4.113
541.000	4.104
542.000	4.094
543.000	4.094
544.000	4.084
545.000	4.074
546.000	4.074
547.000	4.064
548.000	4.053
549.000	4.043
550.000	4.043
551.000	4.032
552.000	4.022
553.000	4.022
554.000	4.012
555.000	4.001
556.000	4.001
557.000	3.991
558.000	3.981
559.000	3.970
560.000	3.963
561.000	3.953
562.000	3.943
563.000	3.943
564.000	3.933
565.000	3.923
566.000	3.914
567.000	3.914
568.000	3.904
569.000	3.894
570.000	3.894
571.000	3.884
572.000	3.874
573.000	3.852
574.000	3.843
575.000	3.833
576.000	3.823
577.000	3.823
578.000	3.814
579.000	3.804
580.000	3.804
581.000	3.794
582.000	3.785
583.000	3.776
584.000	3.776
585.000	3.767
586.000	3.758
587.000	3.758
588.000	3.749
589.000	3.741
590.000	3.741
591.000	3.732
592.000	3.724
593.000	3.715
594.000	3.715
595.000	3.707
596.000	3.699
597.000	3.699
598.000	3.690
599.000	3.681
600.000	3.681
601.000	3.672
602.000	3.663
603.000	3.654
604.000	3.654
605.000	3.645
606.000	3.636
607.000	3.636
608.000	3.627
609.000	3.618
610.000	3.609
611.000	3.609
612.000	3.601
613.000	3.593
614.000	3.593
615.000	3.585
616.000	3.577
617.000	3.577
618.000	3.569
619.000	3.561
620.000	3.553
621.000	3.553
622.000	3.545
623.000	3.537
624.000	3.537
625.000	3.529
626.000	3.522
627.000	3.514
628.000	3.395
629.000	3.387
630.000	3.379
631.000	3.379
632.000	3.372
633.000	3.364
634.000	3.364
635.000	3.356
636.000	3.348
637.000	3.340
638.000	3.340
639.000	3.332
640.000	3.324
641.000	3.324
642.000	3.316
643.000	3.309
644.000	3.301
645.000	3.301
646.000	3.293
647.000	3.285
648.000	3.285
649.000	3.278
650.000	3.270
651.000	3.270
652.000	3.262
653.000	3.255
654.000	3.248
655.000	3.248
656.000	3.240
657.000	3.233
658.000	3.233
659.000	3.225
660.000	3.218
661.000	3.218
662.000	3.211
663.000	3.204
664.000	3.196
665.000	3.196
666.000	3.189
667.000	3.182
668.000	3.182
669.000	3.175
670.000	3.168
671.000	3.161
672.000	3.161
673.000	3.154
674.000	3.147
675.000	3.147
676.000	3.140
677.000	3.133
678.000	3.089
679.000	3.082
680.000	3.075
681.000	3.068
682.000	3.068
683.000	3.061
684.000	3.054
685.000	3.054
686.000	3.046
687.000	3.039
688.000	3.032
689.000	3.032
690.000	3.026
691.000	3.019
692.000	3.019
693.000	3.012
694.000	3.005
695.000	3.005
696.000	2.998
697.000	2.992
698.000	2.985
699.000	2.985
700.000	2.979
701.000	2.972
702.000	2.972
703.000	2.965
704.000	2.959
705.000	2.953
706.000	2.953
707.000	2.946
708.000	2.940
709.000	2.940
710.000	2.934
711.000	2.927
712.000	2.927
713.000	2.921
714.000	2.915
715.000	2.909
716.000	2.737
717.000	2.731
718.000	2.725
719.000	2.507
720.000	2.501
721.000	2.495
722.000	2.495
723.000	2.489
724.000	2.483
725.000	2.477
726.000	2.477
727.000	2.471
728.000	2.465
729.000	2.465
730.000	2.459
731.000	2.453
732.000	2.447
733.000	2.447
734.000	2.442
735.000	2.435
736.000	2.435
737.000	2.430
738.000	2.424
739.000	2.424
740.000	2.418
741.000	2.412
742.000	2.406
743.000	2.406
744.000	2.400
745.000	2.394
746.000	2.394
747.000	2.388
748.000	2.382
749.000	2.377
750.000	2.377
751.000	2.371
752.000	2.365
753.000	2.365
754.000	2.360
755.000	2.354
756.000	2.354
757.000	2.348
758.000	2.342
759.000	2.337
760.000	2.337
761.000	2.331
762.000	2.326
763.000	2.326
764.000	2.320
765.000	2.314
766.000	2.309
767.000	2.309
768.000	2.304
769.000	2.298
770.000	2.298
771.000	2.292
772.000	2.287
773.000	2.287
774.000	2.281
775.000	2.276
776.000	2.270
777.000	2.270
778.000	2.265
779.000	2.260
780.000	2.260
781.000	2.254
782.000	2.249
783.000	2.249
784.000	2.244
785.000	2.239
786.000	2.234
787.000	2.234
788.000	2.228
789.000	2.223
790.000	2.223
791.000	2.218
792.000	2.213
793.000	2.208
794.000	2.208
795.000	2.202
796.000	2.197
797.000	2.197
798.000	2.192
799.000	2.187
800.000	2.187
801.000	2.182
802.000	2.177
803.000	2.171
804.000	2.171
805.000	2.166
806.000	2.161
807.000	2.161
808.000	2.156
809.000	2.151
810.000	2.146
811.000	2.146
812.000	2.141
813.000	2.136
814.000	2.136
815.000	2.131
816.000	2.126
817.000	2.126
818.000	2.121
819.000	2.116
820.000	2.112
821.000	2.112
822.000	2.107
823.000	2.102
824.000	2.102
825.000	2.097
826.000	2.093
827.000	2.088
828.000	2.088
829.000	2.083
830.000	2.078
831.000	2.078
832.000	2.074
833.000	2.069
834.000	2.069
835.000	2.065
836.000	2.060
837.000	2.056
838.000	1.974
839.000	1.970
840.000	1.965
841.000	1.965
842.000	1.961
843.000	1.956
844.000	1.956
845.000	1.951
846.000	1.947
847.000	1.942
848.000	1.942
849.000	1.938
850.000	1.933
851.000	1.933
852.000	1.928
853.000	1.924
854.000	1.919
855.000	1.919
856.000	1.915
857.000	1.910
858.000	1.910
859.000	1.906
860.000	1.901
861.000	1.901
862.000	1.897
863.000	1.893
864.000	1.888
865.000	1.888
866.000	1.884
867.000	1.880
868.000	1.880
869.000	1.876
870.000	1.872
871.000	1.867
872.000	1.867
873.000	1.863
874.000	1.859
875.000	1.859
876.000	1.855
877.000	1.851
878.000	1.767
879.000	1.763
880.000	1.759
881.000	1.754
882.000	1.754
883.000	1.750
884.000	1.746
885.000	1.746
886.000	1.742
887.000	1.738
888.000	1.733
889.000	1.733
890.000	1.729
891.000	1.725
892.000	1.725
893.000	1.721
894.000	1.717
895.000	1.717
896.000	1.712
897.000	1.708
898.000	1.704
899.000	1.704
900.000	1.700
901.000	1.696
902.000	1.696
903.000	1.692
904.000	1.688
905.000	1.688
906.000	1.684
907.000	1.680
908.000	1.676
909.000	1.676
910.000	1.672
911.000	1.668
912.000	1.668
913.000	1.664
914.000	1.661
915.000	1.657
916.000	1.657
917.000	1.653
918.000	1.649
919.000	1.649
920.000	1.645
921.000	1.641
922.000	1.641
923.000	1.637
924.000	1.633
925.000	1.629
926.000	1.629
927.000	1.625
928.000	1.621
929.000	1.621
930.000	1.617
931.000	1.614
932.000	1.610
933.000	1.610
934.000	1.606
935.000	1.603
936.000	1.603
937.000	1.599
938.000	1.595
939.000	1.595
940.000	1.592
941.000	1.588
942.000	1.584
943.000	1.584
944.000	1.581
945.000	1.577
946.000	1.577
947.000	1.573
948.000	1.570
949.000	1.566
950.000	1.566
951.000	1.562
952.000	1.559
953.000	1.559
954.000	1.555
955.000	1.551
956.000	1.549
957.000	1.545
958.000	1.541
959.000	1.538
960.000	1.538
961.000	1.534
962.000	1.530
963.000	1.530
964.000	1.527
965.000	1.523
966.000	1.523
967.000	1.519
968.000	1.516
969.000	1.512
970.000	1.512
971.000	1.508
972.000	1.505
973.000	1.505
974.000	1.501
975.000	1.497
976.000	1.494
977.000	1.494
978.000	1.490
979.000	1.487
980.000	1.487
981.000	1.483
982.000	1.479
983.000	1.479
984.000	1.476
985.000	1.472
986.000	1.469
987.000	1.469
988.000	1.466
989.000	1.462
990.000	1.397
991.000	1.393
992.000	1.390
993.000	1.386
994.000	1.386
995.000	1.383
996.000	1.379
997.000	1.379
998.000	1.376
999.000	1.372
1000.000	1.372
1001.000	1.369
1002.000	1.365
1003.000	1.362
1004.000	1.327
1005.000	1.323
1006.000	1.320
1007.000	1.283
1008.000	1.279
1009.000	1.276
1010.000	1.272
1011.000	1.272
1012.000	1.269
1013.000	1.265
1014.000	1.265
1015.000	1.262
1016.000	1.258
1017.000	1.258
1018.000	1.255
1019.000	1.251
1020.000	1.248
1021.000	1.248
1022.000	1.244
1023.000	1.241
1024.000	1.241
1025.000	1.237
1026.000	1.234
1027.000	1.234
1028.000	1.230
1029.000	1.227
1030.000	1.223
1031.000	1.223
1032.000	1.220
1033.000	1.217
1034.000	1.192
1035.000	1.189
1036.000	1.185
1037.000	1.182
1038.000	1.182
1039.000	1.180
1040.000	1.177
1041.000	1.177
1042.000	1.174
1043.000	1.171
1044.000	1.171
1045.000	1.168
1046.000	1.165
1047.000	1.162
1048.000	1.162
1049.000	1.160
1050.000	1.157
1051.000	1.157
1052.000	1.154
1053.000	1.151
1054.000	1.148
1055.000	1.148
1056.000	1.145
1057.000	1.143
1058.000	1.134
1059.000	1.131
1060.000	1.128
1061.000	1.128
1062.000	1.125
1063.000	1.122
1064.000	1.120
1065.000	1.120
1066.000	1.117
1067.000	1.114
1068.000	1.114
1069.000	1.111
1070.000	1.108
1071.000	1.105
1072.000	1.105
1073.000	1.102
1074.000	1.099
1075.000	1.099
1076.000	1.097
1077.000	1.094
1078.000	1.094
1079.000	1.091
1080.000	1.088
1081.000	1.085
1082.000	1.085
1083.000	1.082
1084.000	1.079
1085.000	1.079
1086.000	1.076
1087.000	1.074
1088.000	1.074
1089.000	1.071
1090.000	1.068
1091.000	1.065
1092.000	1.065
1093.000	1.062
1094.000	1.059
1095.000	1.059
1096.000	1.057
1097.000	1.054
1098.000	1.051
1099.000	1.051
1100.000	1.048
1101.000	1.045
1102.000	1.045
1103.000	1.042
1104.000	1.040
1105.000	1.040
1106.000	1.037
1107.000	1.034
1108.000	1.031
1109.000	1.031
1110.000	1.028
1111.000	1.026
1112.000	1.026
1113.000	1.023
1114.000	1.020
1115.000	1.017
1116.000	1.017
1117.000	1.014
1118.000	1.012
1119.000	0.994
1120.000	0.992
1121.000	0.989
1122.000	0.978
1123.000	0.975
1124.000	0.973
1125.000	0.970
1126.000	0.970
1127.000	0.967
1128.000	0.964
1129.000	0.964
1130.000	0.962
1131.000	0.959
1132.000	0.956
1133.000	0.956
1134.000	0.954
1135.000	0.952
1136.000	0.952
1137.000	0.949
1138.000	0.947
1139.000	0.947
1140.000	0.945
1141.000	0.942
1142.000	0.940
1143.000	0.940
1144.000	0.937
1145.000	0.935
1146.000	0.890
1147.000	0.887
1148.000	0.885
1149.000	0.883
1150.000	0.883
1151.000	0.883
1152.000	0.880
1153.000	0.880
1154.000	0.880
1155.000	0.880
1156.000	0.880
1157.000	0.880
1158.000	0.880
1159.000	0.880
1160.000	0.880
1161.000	0.880
1162.000	0.880
1163.000	0.880
1164.000	0.880
1165.000	0.880
1166.000	0.880
1167.000	0.880
1168.000	0.880
1169.000	0.880
1170.000	0.880
1171.000	0.880
1172.000	0.880
1173.000	0.880
1174.000	0.880
1175.000	0.880
1176.000	0.880
1177.000	0.880
1178.000	0.880
1179.000	0.880
1180.000	0.880
1181.000	0.880
1182.000	0.880
1183.000	0.880
1184.000	0.880
1185.000	0.880
1186.000	0.880
1187.000	0.880
1188.000	0.880
1189.000	0.880
1190.000	0.880
1191.000	0.880
1192.000	0.880
1193.000	0.880
1194.000	0.880
1195.000	0.880
1196.000	0.880
1197.000	0.880
1198.000	0.880
1199.000	0.880
1200.000	0.880
1201.000	0.880
1202.000	0.750
1203.000	0.750
1204.000	0.750
1205.000	0.750
1206.000	0.750
1207.000	0.750
1208.000	0.750
1209.000	0.750
1210.000	0.750
1211.000	0.750
1212.000	0.750
1213.000	0.750
1214.000	0.750
1215.000	0.750
1216.000	0.750
1217.000	0.750
1218.000	0.750
1219.000	0.750
1220.000	0.746
1221.000	0.735
1222.000	0.735
1223.000	0.735
1224.000	0.735
1225.000	0.735
1226.000	0.735
1227.000	0.735
1228.000	0.735
1229.000	0.735
1230.000	0.735
1231.000	0.735
1232.000	0.724
1233.000	0.724
1234.000	0.724
1235.000	0.724
1236.000	0.724
1237.000	0.724
1238.000	0.724
1239.000	0.724
1240.000	0.724
1241.000	0.724
1242.000	0.724
1243.000	0.724
1244.000	0.724
1245.000	0.724
1246.000	0.724
1247.000	0.724
1248.000	0.724
1249.000	0.724
1250.000	0.724
1251.000	0.724
1252.000	0.724
1253.000	0.724
1254.000	0.724
1255.000	0.724
1256.000	0.724
1257.000	0.677
1258.000	0.673
1259.000	0.673
1260.000	0.673
1261.000	0.673
1262.000	0.673
1263.000	0.673
1264.000	0.673
1265.000	0.673
1266.000	0.673
1267.000	0.673
1268.000	0.673
1269.000	0.673
1270.000	0.673
1271.000	0.673
1272.000	0.673
1273.000	0.673
1274.000	0.673
1275.000	0.673
1276.000	0.673
1277.000	0.673
1278.000	0.673
1279.000	0.673
1280.000	0.673
1281.000	0.673
1282.000	0.673
1283.000	0.673
1284.000	0.673
1285.000	0.673
1286.000	0.673
1287.000	0.673
1288.000	0.673
1289.000	0.673
1290.000	0.673
1291.000	0.673
1292.000	0.673
1293.000	0.673
1294.000	0.632
1295.000	0.632
1296.000	0.632
1297.000	0.632
1298.000	0.632
1299.000	0.632
1300.000	0.632
1301.000	0.632
1302.000	0.632
1303.000	0.632
1304.000	0.632
1305.000	0.632
1306.000	0.632
1307.000	0.632
1308.000	0.632
1309.000	0.632
1310.000	0.632
1311.000	0.632
1312.000	0.632
1313.000	0.632
1314.000	0.632
1315.000	0.632
1316.000	0.632
1317.000	0.621
1318.000	0.621
1319.000	0.621
1320.000	0.621
1321.000	0.621
1322.000	0.577
1323.000	0.577
1324.000	0.577
1325.000	0.575
1326.000	0.575
1327.000	0.575
1328.000	0.575
1329.000	0.575
1330.000	0.575
1331.000	0.575
1332.000	0.575
1333.000	0.575
1334.000	0.575
1335.000	0.575
1336.000	0.575
1337.000	0.575
1338.000	0.575
1339.000	0.575
1340.000	0.575
1341.000	0.575
1342.000	0.575
1343.000	0.575
1344.000	0.564
1345.000	0.564
1346.000	0.564
1347.000	0.564
1348.000	0.564
1349.000	0.564
1350.000	0.564
1351.000	0.564
1352.000	0.564
1353.000	0.564
1354.000	0.564
1355.000	0.564
1356.000	0.564
1357.000	0.564
1358.000	0.564
1359.000	0.564
1360.000	0.564
1361.000	0.564
1362.000	0.564
1363.000	0.564
1364.000	0.564
1365.000	0.564
1366.000	0.564
1367.000	0.564
1368.000	0.564
1369.000	0.564
1370.000	0.564
1371.000	0.564
1372.000	0.564
1373.000	0.564
1374.000	0.564
1375.000	0.564
1376.000	0.564
1377.000	0.524
1378.000	0.524
1379.000	0.524
1380.000	0.524
1381.000	0.524
1382.000	0.524
1383.000	0.524
1384.000	0.524
1385.000	0.524
1386.000	0.524
1387.000	0.524
1388.000	0.524
1389.000	0.524
1390.000	0.524
1391.000	0.524
1392.000	0.524
1393.000	0.524
1394.000	0.515
1395.000	0.486
1396.000	0.486
1397.000	0.486
1398.000	0.486
1399.000	0.486
1400.000	0.486
1401.000	0.486
1402.000	0.486
1403.000	0.486
1404.000	0.486
1405.000	0.486
1406.000	0.486
1407.000	0.486
1408.000	0.486
1409.000	0.486
1410.000	0.486
1411.000	0.486
1412.000	0.486
1413.000	0.486
1414.000	0.486
1415.000	0.486
1416.000	0.486
1417.000	0.486
1418.000	0.486
1419.000	0.486
1420.000	0.486
1421.000	0.486
1422.000	0.486
1423.000	0.486
1424.000	0.486
1425.000	0.486
1426.000	0.486
1427.000	0.486
1428.000	0.486
1429.000	0.486
1430.000	0.486
1431.000	0.486
1432.000	0.486
1433.000	0.486
1434.000	0.486
1435.000	0.486
1436.000	0.486
1437.000	0.486
1438.000	0.486
1439.000	0.486
1440.000	0.486
1441.000	0.486
1442.000	0.486
1443.000	0.486
1444.000	0.486
1445.000	0.486
1446.000	0.486
1447.000	0.486
1448.000	0.486
1449.000	0.486
1450.000	0.486
1451.000	0.486
1452.000	0.486
1453.000	0.486
1454.000	0.486
1455.000	0.486
1456.000	0.486
1457.000	0.486
1458.000	0.486
1459.000	0.486
1460.000	0.486
1461.000	0.486
1462.000	0.486
1463.000	0.486
1464.000	0.486
1465.000	0.486
1466.000	0.486
1467.000	0.486
1468.000	0.486
1469.000	0.486
1470.000	0.486
1471.000	0.486
1472.000	0.486
1473.000	0.486
1474.000	0.486
1475.000	0.486
1476.000	0.486
1477.000	0.486
1478.000	0.486
1479.000	0.486
1480.000	0.486
1481.000	0.486
1482.000	0.486
1483.000	0.486
1484.000	0.486
1485.000	0.486
1486.000	0.413
1487.000	0.413
1488.000	0.413
1489.000	0.413
1490.000	0.413
1491.000	0.413
1492.000	0.413
1493.000	0.413
1494.000	0.413
1495.000	0.413
1496.000	0.413
1497.000	0.413
1498.000	0.397
1499.000	0.354
1500.000	0.354
1501.000	0.000
1502.000	0.000
1503.000	0.000
1504.000	0.000
1505.000	0.000
1506.000	0.000
1507.000	0.000
1508.000	0.000
1509.000	0.000
1510.000	0.000
1511.000	0.000
1512.000	0.000
1513.000	0.000
1514.000	0.000
1515.000	0.000
1516.000	0.000
1517.000	0.000
1518.000	0.000
1519.000	0.000
1520.000	0.000
1521.000	0.000
1522.000	0.000
1523.000	0.000
1524.000	0.000
1525.000	0.000
1526.000	0.000
1527.000	0.000
1528.000	0.000
1529.000	0.000
1530.000	0.000
1531.000	0.000
1532.000	0.000
1533.000	0.000
1534.000	0.000
1535.000	0.000
1536.000	0.000
1537.000	0.000
1538.000	0.000
1539.000	0.000
1540.000	0.000
1541.000	0.000
1542.000	0.000
1543.000	0.000
1544.000	0.000
1545.000	0.000
1546.000	0.000
1547.000	0.000
1548.000	0.000
1549.000	0.000
1550.000	0.000
1551.000	0.000
1552.000	0.000
1553.000	0.000
1554.000	0.000
1555.000	0.000
1556.000	0.000
1557.000	0.000
1558.000	0.000
1559.000	0.000
1560.000	0.000
1561.000	0.000
1562.000	0.000
1563.000	0.000
1564.000	0.000
1565.000	0.000
1566.000	0.000
1567.000	0.000
1568.000	0.000
1569.000	0.000
1570.000	0.000
1571.000	0.000
1572.000	0.000
1573.000	0.000
1574.000	0.000
1575.000	0.000
1576.000	0.000
1577.000	0.000
1578.000	0.000
1579.000	0.000
1580.000	0.000
1581.000	0.000
1582.000	0.000
1583.000	0.000
1584.000	0.000
1585.000	0.000
1586.000	0.000
1587.000	0.000
1588.000	0.000
1589.000	0.000
1590.000	0.000
1591.000	0.000
1592.000	0.000
1593.000	0.000
1594.000	0.000
1595.000	0.000
1596.000	0.000
1597.000	0.000
1598.000	0.000
1599.000	0.000
1600.000	0.000
1601.000	0.000
1602.000	0.000
1603.000	0.000
1604.000	0.000
1605.000	0.000
1606.000	0.000
1607.000	0.000
1608.000	0.000
1609.000	0.000
1610.000	0.000
1611.000	0.000
1612.000	0.000
1613.000	0.000
1614.000	0.000
1615.000	0.000
1616.000	0.000
1617.000	0.000
1618.000	0.000
1619.000	0.000
1620.000	0.000
1621.000	0.000
1622.000	0.000
1623.000	0.000
1624.000	0.000
1625.000	0.000
1626.000	0.000
1627.000	0.000
1628.000	0.000
1629.000	0.000
1630.000	0.000
1631.000	0.000
1632.000	0.000
1633.000	0.000
1634.000	0.000
1635.000	0.000
1636.000	0.000
1637.000	0.000
1638.000	0.000
1639.000	0.000
1640.000	0.000
1641.000	0.000
1642.000	0.000
1643.000	0.000
1644.000	0.000
1645.000	0.000
1646.000	0.000
1647.000	0.000
1648.000	0.000
1649.000	0.000
1650.000	0.000
1651.000	0.000
1652.000	0.000
1653.000	0.000
1654.000	0.000
1655.000	0.000
1656.000	0.000
1657.000	0.000
1658.000	0.000
1659.000	0.000
1660.000	0.000
1661.000	0.000
1662.000	0.000
1663.000	0.000
1664.000	0.000
1665.000	0.000
1666.000	0.000
1667.000	0.000
1668.000	0.000
1669.000	0.000
1670.000	0.000
1671.000	0.000
1672.000	0.000
1673.000	0.000
1674.000	0.000
1675.000	0.000
1676.000	0.000
1677.000	0.000
1678.000	0.000
1679.000	0.000
1680.000	0.000
1681.000	0.000
1682.000	0.000
1683.000	0.000
1684.000	0.000
1685.000	0.000
1686.000	0.000
1687.000	0.000
1688.000	0.000
1689.000	0.000
1690.000	0.000
1691.000	0.000
1692.000	0.000
1693.000	0.000
1694.000	0.000
1695.000	0.000
1696.000	0.000
1697.000	0.000
1698.000	0.000
1699.000	0.000
1700.000	0.000
1701.000	0.000
1702.000	0.000
1703.000	0.000
1704.000	0.000
1705.000	0.000
1706.000	0.000
1707.000	0.000
1708.000	0.000
1709.000	0.000
1710.000	0.000
1711.000	0.000
1712.000	0.000
1713.000	0.000
1714.000	0.000
1715.000	0.000
1716.000	0.000
1717.000	0.000
1718.000	0.000
1719.000	0.000
1720.000	0.000
1721.000	0.000
1722.000	0.000
1723.000	0.000
1724.000	0.000
1725.000	0.000
1726.000	0.000
1727.000	0.000
1728.000	0.000
1729.000	0.000
1730.000	0.000
1731.000	0.000
1732.000	0.000
1733.000	0.000
1734.000	0.000
1735.000	0.000
1736.000	0.000
1737.000	0.000
1738.000	0.000
1739.000	0.000
1740.000	0.000
1741.000	0.000
1742.000	0.000
1743.000	0.000
1744.000	0.000
1745.000	0.000
1746.000	0.000
1747.000	0.000
1748.000	0.000
1749.000	0.000
1750.000	0.000
1751.000	0.000
1752.000	0.000
1753.000	0.000
1754.000	0.000
1755.000	0.000
1756.000	0.000
1757.000	0.000
1758.000	0.000
1759.000	0.000
1760.000	0.000
1761.000	0.000
1762.000	0.000
1763.000	0.000
1764.000	0.000
1765.000	0.000
1766.000	0.000
1767.000	0.000
1768.000	0.000
1769.000	0.000
1770.000	0.000
1771.000	0.000
1772.000	0.000
1773.000	0.000
1774.000	0.000
1775.000	0.000
1776.000	0.000
1777.000	0.000
1778.000	0.000
1779.000	0.000
1780.000	0.000
1781.000	0.000
1782.000	0.000
1783.000	0.000
1784.000	0.000
1785.000	0.000
1786.000	0.000
1787.000	0.000
1788.000	0.000
1789.000	0.000
1790.000	0.000
1791.000	0.000
1792.000	0.000
1793.000	0.000
1794.000	0.000
1795.000	0.000
1796.000	0.000
1797.000	0.000
1798.000	0.000
1799.000	0.000
1800.000	0.000
1801.000	0.000
1802.000	0.000
1803.000	0.000
1804.000	0.000
1805.000	0.000
1806.000	0.000
1807.000	0.000
1808.000	0.000
1809.000	0.000
1810.000	0.000
1811.000	0.000
1812.000	0.000
1813.000	0.000
1814.000	0.000
1815.000	0.000
1816.000	0.000
1817.000	0.000
1818.000	0.000
1819.000	0.000
1820.000	0.000
1821.000	0.000
1822.000	0.000
1823.000	0.000
1824.000	0.000
1825.000	0.000
1826.000	0.000
1827.000	0.000
1828.000	0.000
1829.000	0.000
1830.000	0.000
1831.000	0.000
1832.000	0.000
1833.000	0.000
1834.000	0.000
1835.000	0.000
1836.000	0.000
1837.000	0.000
1838.000	0.000
1839.000	0.000
1840.000	0.000
1841.000	0.000
1842.000	0.000
1843.000	0.000
1844.000	0.000
1845.000	0.000
1846.000	0.000
1847.000	0.000
1848.000	0.000
1849.000	0.000
1850.000	0.000
1851.000	0.000
1852.000	0.000
1853.000	0.000
1854.000	0.000
1855.000	0.000
1856.000	0.000
1857.000	0.000
1858.000	0.000
1859.000	0.000
1860.000	0.000
1861.000	0.000
1862.000	0.000
1863.000	0.000
1864.000	0.000
1865.000	0.000
1866.000	0.000
1867.000	0.000
1868.000	0.000
1869.000	0.000
1870.000	0.000
1871.000	0.000
1872.000	0.000
1873.000	0.000
1874.000	0.000
1875.000	0.000
1876.000	0.000
1877.000	0.000
1878.000	0.000
1879.000	0.000
1880.000	0.000
1881.000	0.000
1882.000	0.000
1883.000	0.000
1884.000	0.000
1885.000	0.000
1886.000	0.000
1887.000	0.000
1888.000	0.000
1889.000	0.000
1890.000	0.000
1891.000	0.000
1892.000	0.000
1893.000	0.000
1894.000	0.000
1895.000	0.000
1896.000	0.000
1897.000	0.000
1898.000	0.000
1899.000	0.000
1900.000	0.000
1901.000	0.000
1902.000	0.000
1903.000	0.000
1904.000	0.000
1905.000	0.000
1906.000	0.000
1907.000	0.000
1908.000	0.000
1909.000	0.000
1910.000	0.000
1911.000	0.000
1912.000	0.000
1913.000	0.000
1914.000	0.000
1915.000	0.000
1916.000	0.000
1917.000	0.000
1918.000	0.000
1919.000	0.000
1920.000	0.000
1921.000	0.000
1922.000	0.000
1923.000	0.000
1924.000	0.000
1925.000	0.000
1926.000	0.000
1927.000	0.000
1928.000	0.000
1929.000	0.000
1930.000	0.000
1931.000	0.000
1932.000	0.000
1933.000	0.000
1934.000	0.000
1935.000	0.000
1936.000	0.000
1937.000	0.000
1938.000	0.000
1939.000	0.000
1940.000	0.000
1941.000	0.000
1942.000	0.000
1943.000	0.000
1944.000	0.000
1945.000	0.000
1946.000	0.000
1947.000	0.000
1948.000	0.000
1949.000	0.000
1950.000	0.000
1951.000	0.000
1952.000	0.000
1953.000	0.000
1954.000	0.000
1955.000	0.000
1956.000	0.000
1957.000	0.000
1958.000	0.000
1959.000	0.000
1960.000	0.000
1961.000	0.000
1962.000	0.000
1963.000	0.000
1964.000	0.000
1965.000	0.000
1966.000	0.000
1967.000	0.000
1968.000	0.000
1969.000	0.000
1970.000	0.000
1971.000	0.000
1972.000	0.000
1973.000	0.000
1974.000	0.000
1975.000	0.000
1976.000	0.000
1977.000	0.000
1978.000	0.000
1979.000	0.000
1980.000	0.000
1981.000	0.000
1982.000	0.000
1983.000	0.000
1984.000	0.000
1985.000	0.000
1986.000	0.000
1987.000	0.000
1988.000	0.000
1989.000	0.000
1990.000	0.000
1991.000	0.000
1992.000	0.000
1993.000	0.000
1994.000	0.000
1995.000	0.000
1996.000	0.000
1997.000	0.000
1998.000	0.000
1999.000	0.000
2000.000	0.000
2001.000	0.000
2002.000	0.000
2003.000	0.000
2004.000	0.000
2005.000	0.000
2006.000	0.000
2007.000	0.000
2008.000	0.000
2009.000	0.000
2010.000	0.000
2011.000	0.000
2012.000	0.000
2013.000	0.000
2014.000	0.000
2015.000	0.000
2016.000	0.000
2017.000	0.000
2018.000	0.000
2019.000	0.000
2020.000	0.000
2021.000	0.000
2022.000	0.000
2023.000	0.000
2024.000	0.000
2025.000	0.000
2026.000	0.000
2027.000	0.000
2028.000	0.000
2029.000	0.000
2030.000	0.000
2031.000	0.000
2032.000	0.000
2033.000	0.000
2034.000	0.000
2035.000	0.000
2036.000	0.000
2037.000	0.000
2038.000	0.000
2039.000	0.000
2040.000	0.000
2041.000	0.000
2042.000	0.000
2043.000	0.000
2044.000	0.000
2045.000	0.000
2046.000	0.000
2047.000	0.000
2048.000	0.000
2049.000	0.000
2050.000	0.000
2051.000	0.000
2052.000	0.000
2053.000	0.000
2054.000	0.000
2055.000	0.000
2056.000	0.000
2057.000	0.000
2058.000	0.000
2059.000	0.000
2060.000	0.000
2061.000	0.000
2062.000	0.000
2063.000	0.000
2064.000	0.000
2065.000	0.000
2066.000	0.000
2067.000	0.000
2068.000	0.000
2069.000	0.000
2070.000	0.000
2071.000	0.000
2072.000	0.000
2073.000	0.000
2074.000	0.000
2075.000	0.000
2076.000	0.000
2077.000	0.000
2078.000	0.000
2079.000	0.000
2080.000	0.000
2081.000	0.000
2082.000	0.000
2083.000	0.000
2084.000	0.000
2085.000	0.000
2086.000	0.000
2087.000	0.000
2088.000	0.000
2089.000	0.000
2090.000	0.000
2091.000	0.000
2092.000	0.000
2093.000	0.000
2094.000	0.000
2095.000	0.000
2096.000	0.000
2097.000	0.000
2098.000	0.000
2099.000	0.000
2100.000	0.000
2101.000	0.000
2102.000	0.000
2103.000	0.000
2104.000	0.000
2105.000	0.000
2106.000	0.000
2107.000	0.000
2108.000	0.000
2109.000	0.000
2110.000	0.000
2111.000	0.000
2112.000	0.000
2113.000	0.000
2114.000	0.000
2115.000	0.000
2116.000	0.000
2117.000	0.000
2118.000	0.000
2119.000	0.000
2120.000	0.000
2121.000	0.000
2122.000	0.000
2123.000	0.000
2124.000	0.000
2125.000	0.000
2126.000	0.000
2127.000	0.000
2128.000	0.000
2129.000	0.000
2130.000	0.000
2131.000	0.000
2132.000	0.000
2133.000	0.000
2134.000	0.000
2135.000	0.000
2136.000	0.000
2137.000	0.000
2138.000	0.000
2139.000	0.000
2140.000	0.000
2141.000	0.000
2142.000	0.000
2143.000	0.000
2144.000	0.000
2145.000	0.000
2146.000	0.000
2147.000	0.000
2148.000	0.000
2149.000	0.000
2150.000	0.000
2151.000	0.000
2152.000	0.000
2153.000	0.000
2154.000	0.000
2155.000	0.000
2156.000	0.000
2157.000	0.000
2158.000	0.000
2159.000	0.000
2160.000	0.000
2161.000	0.000
2162.000	0.000
2163.000	0.000
2164.000	0.000
2165.000	0.000
2166.000	0.000
2167.000	0.000
2168.000	0.000
2169.000	0.000
2170.000	0.000
2171.000	0.000
2172.000	0.000
2173.000	0.000
2174.000	0.000
2175.000	0.000
2176.000	0.000
2177.000	0.000
2178.000	0.000
2179.000	0.000
2180.000	0.000
2181.000	0.000
2182.000	0.000
2183.000	0.000
2184.000	0.000
2185.000	0.000
2186.000	0.000
2187.000	0.000
2188.000	0.000
2189.000	0.000
2190.000	0.000
2191.000	0.000
2192.000	0.000
2193.000	0.000
2194.000	0.000
2195.000	0.000
2196.000	0.000
2197.000	0.000
2198.000	0.000
2199.000	0.000
2200.000	0.000
2201.000	0.000
2202.000	0.000
2203.000	0.000
2204.000	0.000
2205.000	0.000
2206.000	0.000
2207.000	0.000
2208.000	0.000
2209.000	0.000
2210.000	0.000
2211.000	0.000
2212.000	0.000
2213.000	0.000
2214.000	0.000
2215.000	0.000
2216.000	0.000
2217.000	0.000
2218.000	0.000
2219.000	0.000
2220.000	0.000
2221.000	0.000
2222.000	0.000
2223.000	0.000
2224.000	0.000
2225.000	0.000
2226.000	0.000
2227.000	0.000
2228.000	0.000
2229.000	0.000
2230.000	0.000
2231.000	0.000
2232.000	0.000
2233.000	0.000
2234.000	0.000
2235.000	0.000
2236.000	0.000
2237.000	0.000
2238.000	0.000
2239.000	0.000
2240.000	0.000
2241.000	0.000
2242.000	0.000
2243.000	0.000
2244.000	0.000
2245.000	0.000
2246.000	0.000
2247.000	0.000
2248.000	0.000
2249.000	0.000
2250.000	0.000
2251.000	0.000
2252.000	0.000
2253.000	0.000
2254.000	0.000
2255.000	0.000
2256.000	0.000
2257.000	0.000
2258.000	0.000
2259.000	0.000
2260.000	0.000
2261.000	0.000
2262.000	0.000
2263.000	0.000
2264.000	0.000
2265.000	0.000
2266.000	0.000
2267.000	0.000
2268.000	0.000
2269.000	0.000
2270.000	0.000
2271.000	0.000
2272.000	0.000
2273.000	0.000
2274.000	0.000
2275.000	0.000
2276.000	0.000
2277.000	0.000
2278.000	0.000
2279.000	0.000
2280.000	0.000
2281.000	0.000
2282.000	0.000
2283.000	0.000
2284.000	0.000
2285.000	0.000
2286.000	0.000
2287.000	0.000
2288.000	0.000
2289.000	0.000
2290.000	0.000
2291.000	0.000
2292.000	0.000
2293.000	0.000
2294.000	0.000
2295.000	0.000
2296.000	0.000
2297.000	0.000
2298.000	0.000
2299.000	0.000
2300.000	0.000
2301.000	0.000
2302.000	0.000
2303.000	0.000
2304.000	0.000
2305.000	0.000
2306.000	0.000
2307.000	0.000
2308.000	0.000
2309.000	0.000
2310.000	0.000
2311.000	0.000
2312.000	0.000
2313.000	0.000
2314.000	0.000
2315.000	0.000
2316.000	0.000
2317.000	0.000
2318.000	0.000
2319.000	0.000
2320.000	0.000
2321.000	0.000
2322.000	0.000
2323.000	0.000
2324.000	0.000
2325.000	0.000
2326.000	0.000
2327.000	0.000
2328.000	0.000
2329.000	0.000
2330.000	0.000
2331.000	0.000
2332.000	0.000
2333.000	0.000
2334.000	0.000
2335.000	0.000
2336.000	0.000
2337.000	0.000
2338.000	0.000
2339.000	0.000
2340.000	0.000
2341.000	0.000
2342.000	0.000
2343.000	0.000
2344.000	0.000
2345.000	0.000
2346.000	0.000
2347.000	0.000
2348.000	0.000
2349.000	0.000
2350.000	0.000
2351.000	0.000
2352.000	0.000
2353.000	0.000
2354.000	0.000
2355.000	0.000
2356.000	0.000
2357.000	0.000
2358.000	0.000
2359.000	0.000
2360.000	0.000
2361.000	0.000
2362.000	0.000
2363.000	0.000
2364.000	0.000
2365.000	0.000
2366.000	0.000
2367.000	0.000
2368.000	0.000
2369.000	0.000
2370.000	0.000
2371.000	0.000
2372.000	0.000
2373.000	0.000
2374.000	0.000
2375.000	0.000
2376.000	0.000
2377.000	0.000
2378.000	0.000
2379.000	0.000
2380.000	0.000
2381.000	0.000
2382.000	0.000
2383.000	0.000
2384.000	0.000
2385.000	0.000
2386.000	0.000
2387.000	0.000
2388.000	0.000
2389.000	0.000
2390.000	0.000
2391.000	0.000
2392.000	0.000
2393.000	0.000
2394.000	0.000
2395.000	0.000
2396.000	0.000
2397.000	0.000
2398.000	0.000
2399.000	0.000
2400.000	0.000
2401.000	0.000
2402.000	0.000
2403.000	0.000
2404.000	0.000
2405.000	0.000
2406.000	0.000
2407.000	0.000
2408.000	0.000
2409.000	0.000
2410.000	0.000
2411.000	0.000
2412.000	0.000
2413.000	0.000
2414.000	0.000
2415.000	0.000
2416.000	0.000
2417.000	0.000
2418.000	0.000
2419.000	0.000
2420.000	0.000
2421.000	0.000
2422.000	0.000
2423.000	0.000
2424.000	0.000
2425.000	0.000
2426.000	0.000
2427.000	0.000
2428.000	0.000
2429.000	0.000
2430.000	0.000
2431.000	0.000
2432.000	0.000
2433.000	0.000
2434.000	0.000
2435.000	0.000
2436.000	0.000
2437.000	0.000
2438.000	0.000
2439.000	0.000
2440.000	0.000
2441.000	0.000
2442.000	0.000
2443.000	0.000
2444.000	0.000
2445.000	0.000
2446.000	0.000
2447.000	0.000
2448.000	0.000
2449.000	0.000
2450.000	0.000
2451.000	0.000
2452.000	0.000
2453.000	0.000
2454.000	0.000
2455.000	0.000
2456.000	0.000
2457.000	0.000
2458.000	0.000
2459.000	0.000
2460.000	0.000
2461.000	0.000
2462.000	0.000
2463.000	0.000
2464.000	0.000
2465.000	0.000
2466.000	0.000
2467.000	0.000
2468.000	0.000
2469.000	0.000
2470.000	0.000
2471.000	0.000
2472.000	0.000
2473.000	0.000
2474.000	0.000
2475.000	0.000
2476.000	0.000
2477.000	0.000
2478.000	0.000
2479.000	0.000
2480.000	0.000
2481.000	0.000
2482.000	0.000
2483.000	0.000
2484.000	0.000
2485.000	0.000
2486.000	0.000
2487.000	0.000
2488.000	0.000
2489.000	0.000
2490.000	0.000
2491.000	0.000
2492.000	0.000
2493.000	0.000
2494.000	0.000
2495.000	0.000
2496.000	0.000
2497.000	0.000
2498.000	0.000
2499.000	0.000
2500.000	0.000
2501.000	0.000
2502.000	0.000
2503.000	0.000
2504.000	0.000
2505.000	0.000
2506.000	0.000
2507.000	0.000
2508.000	0.000
2509.000	0.000
2510.000	0.000
2511.000	0.000
2512.000	0.000
2513.000	0.000
2514.000	0.000
2515.000	0.000
2516.000	0.000
2517.000	0.000
2518.000	0.000
2519.000	0.000
2520.000	0.000
2521.000	0.000
2522.000	0.000
2523.000	0.000
2524.000	0.000
2525.000	0.000
2526.000	0.000
2527.000	0.000
2528.000	0.000
2529.000	0.000
2530.000	0.000
2531.000	0.000
2532.000	0.000
2533.000	0.000
2534.000	0.000
2535.000	0.000
2536.000	0.000
2537.000	0.000
2538.000	0.000
2539.000	0.000
2540.000	0.000
2541.000	0.000
2542.000	0.000
2543.000	0.000
2544.000	0.000
2545.000	0.000
2546.000	0.000
2547.000	0.000
2548.000	0.000
2549.000	0.000
2550.000	0.000
2551.000	0.000
2552.000	0.000
2553.000	0.000
2554.000	0.000
2555.000	0.000
2556.000	0.000
2557.000	0.000
2558.000	0.000
2559.000	0.000
2560.000	0.000
2561.000	0.000
2562.000	0.000
2563.000	0.000
2564.000	0.000
2565.000	0.000
2566.000	0.000
2567.000	0.000
2568.000	0.000
2569.000	0.000
2570.000	0.000
2571.000	0.000
2572.000	0.000
2573.000	0.000
2574.000	0.000
2575.000	0.000
2576.000	0.000
2577.000	0.000
2578.000	0.000
2579.000	0.000
2580.000	0.000
2581.000	0.000
2582.000	0.000
2583.000	0.000
2584.000	0.000
2585.000	0.000
2586.000	0.000
2587.000	0.000
2588.000	0.000
2589.000	0.000
2590.000	0.000
2591.000	0.000
2592.000	0.000
2593.000	0.000
2594.000	0.000
2595.000	0.000
2596.000	0.000
2597.000	0.000
2598.000	0.000
2599.000	0.000
2600.000	0.000
2601.000	0.000
2602.000	0.000
2603.000	0.000
2604.000	0.000
2605.000	0.000
2606.000	0.000
2607.000	0.000
2608.000	0.000
2609.000	0.000
2610.000	0.000
2611.000	0.000
2612.000	0.000
2613.000	0.000
2614.000	0.000
2615.000	0.000
2616.000	0.000
2617.000	0.000
2618.000	0.000
2619.000	0.000
2620.000	0.000
2621.000	0.000
2622.000	0.000
2623.000	0.000
2624.000	0.000
2625.000	0.000
2626.000	0.000
2627.000	0.000
2628.000	0.000
2629.000	0.000
2630.000	0.000
2631.000	0.000
2632.000	0.000
2633.000	0.000
2634.000	0.000
2635.000	0.000
2636.000	0.000
2637.000	0.000
2638.000	0.000
2639.000	0.000
2640.000	0.000
2641.000	0.000
2642.000	0.000
2643.000	0.000
2644.000	0.000
2645.000	0.000
2646.000	0.000
2647.000	0.000
2648.000	0.000
2649.000	0.000
2650.000	0.000
2651.000	0.000
2652.000	0.000
2653.000	0.000
2654.000	0.000
2655.000	0.000
2656.000	0.000
2657.000	0.000
2658.000	0.000
2659.000	0.000
2660.000	0.000
2661.000	0.000
2662.000	0.000
2663.000	0.000
2664.000	0.000
2665.000	0.000
2666.000	0.000
2667.000	0.000
2668.000	0.000
2669.000	0.000
2670.000	0.000
2671.000	0.000
2672.000	0.000
2673.000	0.000
2674.000	0.000
2675.000	0.000
2676.000	0.000
2677.000	0.000
2678.000	0.000
2679.000	0.000
2680.000	0.000
2681.000	0.000
2682.000	0.000
2683.000	0.000
2684.000	0.000
2685.000	0.000
2686.000	0.000
2687.000	0.000
2688.000	0.000
2689.000	0.000
2690.000	0.000
2691.000	0.000
2692.000	0.000
2693.000	0.000
2694.000	0.000
2695.000	0.000
2696.000	0.000
2697.000	0.000
2698.000	0.000
2699.000	0.000
2700.000	0.000
2701.000	0.000
2702.000	0.000
2703.000	0.000
2704.000	0.000
2705.000	0.000
2706.000	0.000
2707.000	0.000
2708.000	0.000
2709.000	0.000
2710.000	0.000
2711.000	0.000
2712.000	0.000
2713.000	0.000
2714.000	0.000
2715.000	0.000
2716.000	0.000
2717.000	0.000
2718.000	0.000
2719.000	0.000
2720.000	0.000
2721.000	0.000
2722.000	0.000
2723.000	0.000
2724.000	0.000
2725.000	0.000
2726.000	0.000
2727.000	0.000
2728.000	0.000
2729.000	0.000
2730.000	0.000
2731.000	0.000
2732.000	0.000
2733.000	0.000
2734.000	0.000
2735.000	0.000
2736.000	0.000
2737.000	0.000
2738.000	0.000
2739.000	0.000
2740.000	0.000
2741.000	0.000
2742.000	0.000
2743.000	0.000
2744.000	0.000
2745.000	0.000
2746.000	0.000
2747.000	0.000
2748.000	0.000
2749.000	0.000
2750.000	0.000
2751.000	0.000
2752.000	0.000
2753.000	0.000
2754.000	0.000
2755.000	0.000
2756.000	0.000
2757.000	0.000
2758.000	0.000
2759.000	0.000
2760.000	0.000
2761.000	0.000
2762.000	0.000
2763.000	0.000
2764.000	0.000
2765.000	0.000
2766.000	0.000
2767.000	0.000
2768.000	0.000
2769.000	0.000
2770.000	0.000
2771.000	0.000
2772.000	0.000
2773.000	0.000
2774.000	0.000
2775.000	0.000
2776.000	0.000
2777.000	0.000
2778.000	0.000
2779.000	0.000
2780.000	0.000
2781.000	0.000
2782.000	0.000
2783.000	0.000
2784.000	0.000
2785.000	0.000
2786.000	0.000
2787.000	0.000
2788.000	0.000
2789.000	0.000
2790.000	0.000
2791.000	0.000
2792.000	0.000
2793.000	0.000
2794.000	0.000
2795.000	0.000
2796.000	0.000
2797.000	0.000
2798.000	0.000
2799.000	0.000
2800.000	0.000
2801.000	0.000
2802.000	0.000
2803.000	0.000
2804.000	0.000
2805.000	0.000
2806.000	0.000
2807.000	0.000
2808.000	0.000
2809.000	0.000
2810.000	0.000
2811.000	0.000
2812.000	0.000
2813.000	0.000
2814.000	0.000
2815.000	0.000
2816.000	0.000
2817.000	0.000
2818.000	0.000
2819.000	0.000
2820.000	0.000
2821.000	0.000
2822.000	0.000
2823.000	0.000
2824.000	0.000
2825.000	0.000
2826.000	0.000
2827.000	0.000
2828.000	0.000
2829.000	0.000
2830.000	0.000
2831.000	0.000
2832.000	0.000
2833.000	0.000
2834.000	0.000
2835.000	0.000
2836.000	0.000
2837.000	0.000
2838.000	0.000
2839.000	0.000
2840.000	0.000
2841.000	0.000
2842.000	0.000
2843.000	0.000
2844.000	0.000
2845.000	0.000
2846.000	0.000
2847.000	0.000
2848.000	0.000
2849.000	0.000
2850.000	0.000
2851.000	0.000
2852.000	0.000
2853.000	0.000
2854.000	0.000
2855.000	0.000
2856.000	0.000
2857.000	0.000
2858.000	0.000
2859.000	0.000
2860.000	0.000
2861.000	0.000
2862.000	0.000
2863.000	0.000
2864.000	0.000
2865.000	0.000
2866.000	0.000
2867.000	0.000
2868.000	0.000
2869.000	0.000
2870.000	0.000
2871.000	0.000
2872.000	0.000
2873.000	0.000
2874.000	0.000
2875.000	0.000
2876.000	0.000
2877.000	0.000
2878.000	0.000
2879.000	0.000
2880.000	0.000
2881.000	0.000
2882.000	0.000
2883.000	0.000
2884.000	0.000
2885.000	0.000
2886.000	0.000
2887.000	0.000
2888.000	0.000
2889.000	0.000
2890.000	0.000
2891.000	0.000
2892.000	0.000
2893.000	0.000
2894.000	0.000
2895.000	0.000
2896.000	0.000
2897.000	0.000
2898.000	0.000
2899.000	0.000
2900.000	0.000
2901.000	0.000
2902.000	0.000
2903.000	0.000
2904.000	0.000
2905.000	0.000
2906.000	0.000
2907.000	0.000
2908.000	0.000
2909.000	0.000
2910.000	0.000
2911.000	0.000
2912.000	0.000
2913.000	0.000
2914.000	0.000
2915.000	0.000
2916.000	0.000
2917.000	0.000
2918.000	0.000
2919.000	0.000
2920.000	0.000
2921.000	0.000
2922.000	0.000
2923.000	0.000
2924.000	0.000
2925.000	0.000
2926.000	0.000
2927.000	0.000
2928.000	0.000
2929.000	0.000
2930.000	0.000
2931.000	0.000
2932.000	0.000
2933.000	0.000
2934.000	0.000
2935.000	0.000
2936.000	0.000
2937.000	0.000
2938.000	0.000
2939.000	0.000
2940.000	0.000
2941.000	0.000
2942.000	0.000
2943.000	0.000
2944.000	0.000
2945.000	0.000
2946.000	0.000
2947.000	0.000
2948.000	0.000
2949.000	0.000
2950.000	0.000
2951.000	0.000
2952.000	0.000
2953.000	0.000
2954.000	0.000
2955.000	0.000
2956.000	0.000
2957.000	0.000
2958.000	0.000
2959.000	0.000
2960.000	0.000
2961.000	0.000
2962.000	0.000
2963.000	0.000
2964.000	0.000
2965.000	0.000
2966.000	0.000
2967.000	0.000
2968.000	0.000
2969.000	0.000
2970.000	0.000
2971.000	0.000
2972.000	0.000
2973.000	0.000
2974.000	0.000
2975.000	0.000
2976.000	0.000
2977.000	0.000
2978.000	0.000
2979.000	0.000
2980.000	0.000
2981.000	0.000
2982.000	0.000
2983.000	0.000
2984.000	0.000
2985.000	0.000
2986.000	0.000
2987.000	0.000
2988.000	0.000
2989.000	0.000
2990.000	0.000
2991.000	0.000
2992.000	0.000
2993.000	0.000
2994.000	0.000
2995.000	0.000
2996.000	0.000
2997.000	0.000
2998.000	0.000
2999.000	0.000
3000.000	0.000
3001.000	0.000
3002.000	0.000
3003.000	0.000
3004.000	0.000
3005.000	0.000
3006.000	0.000
3007.000	0.000
3008.000	0.000
3009.000	0.000
3010.000	0.000
3011.000	0.000
3012.000	0.000
3013.000	0.000
3014.000	0.000
3015.000	0.000
3016.000	0.000
3017.000	0.000
3018.000	0.000
3019.000	0.000
3020.000	0.000
3021.000	0.000
3022.000	0.000
3023.000	0.000
3024.000	0.000
3025.000	0.000
3026.000	0.000
3027.000	0.000
3028.000	0.000
3029.000	0.000
3030.000	0.000
3031.000	0.000
3032.000	0.000
3033.000	0.000
3034.000	0.000
3035.000	0.000
3036.000	0.000
3037.000	0.000
3038.000	0.000
3039.000	0.000
3040.000	0.000
3041.000	0.000
3042.000	0.000
3043.000	0.000
3044.000	0.000
3045.000	0.000
3046.000	0.000
3047.000	0.000
3048.000	0.000
3049.000	0.000
3050.000	0.000
3051.000	0.000
3052.000	0.000
3053.000	0.000
3054.000	0.000
3055.000	0.000
3056.000	0.000
3057.000	0.000
3058.000	0.000
3059.000	0.000
3060.000	0.000
3061.000	0.000
3062.000	0.000
3063.000	0.000
3064.000	0.000
3065.000	0.000
3066.000	0.000
3067.000	0.000
3068.000	0.000
3069.000	0.000
3070.000	0.000
3071.000	0.000
3072.000	0.000
3073.000	0.000
3074.000	0.000
3075.000	0.000
3076.000	0.000
3077.000	0.000
3078.000	0.000
3079.000	0.000
3080.000	0.000
3081.000	0.000
3082.000	0.000
3083.000	0.000
3084.000	0.000
3085.000	0.000
3086.000	0.000
3087.000	0.000
3088.000	0.000
3089.000	0.000
3090.000	0.000
3091.000	0.000
3092.000	0.000
3093.000	0.000
3094.000	0.000
3095.000	0.000
3096.000	0.000
3097.000	0.000
3098.000	0.000
3099.000	0.000
3100.000	0.000
3101.000	0.000
3102.000	0.000
3103.000	0.000
3104.000	0.000
3105.000	0.000
3106.000	0.000
3107.000	0.000
3108.000	0.000
3109.000	0.000
3110.000	0.000
3111.000	0.000
3112.000	0.000
3113.000	0.000
3114.000	0.000
3115.000	0.000
3116.000	0.000
3117.000	0.000
3118.000	0.000
3119.000	0.000
3120.000	0.000
3121.000	0.000
3122.000	0.000
3123.000	0.000
3124.000	0.000
3125.000	0.000
3126.000	0.000
3127.000	0.000
3128.000	0.000
3129.000	0.000
3130.000	0.000
3131.000	0.000
3132.000	0.000
3133.000	0.000
3134.000	0.000
3135.000	0.000
3136.000	0.000
3137.000	0.000
3138.000	0.000
3139.000	0.000
3140.000	0.000
3141.000	0.000
3142.000	0.000
3143.000	0.000
3144.000	0.000
3145.000	0.000
3146.000	0.000
3147.000	0.000
3148.000	0.000
3149.000	0.000
3150.000	0.000
3151.000	0.000
3152.000	0.000
3153.000	0.000
3154.000	0.000
3155.000	0.000
3156.000	0.000
3157.000	0.000
3158.000	0.000
3159.000	0.000
3160.000	0.000
3161.000	0.000
3162.000	0.000
3163.000	0.000
3164.000	0.000
3165.000	0.000
3166.000	0.000
3167.000	0.000
3168.000	0.000
3169.000	0.000
3170.000	0.000
3171.000	0.000
3172.000	0.000
3173.000	0.000
3174.000	0.000
3175.000	0.000
3176.000	0.000
3177.000	0.000
3178.000	0.000
3179.000	0.000
3180.000	0.000
3181.000	0.000
3182.000	0.000
3183.000	0.000
3184.000	0.000
3185.000	0.000
3186.000	0.000
3187.000	0.000
3188.000	0.000
3189.000	0.000
3190.000	0.000
3191.000	0.000
3192.000	0.000
3193.000	0.000
3194.000	0.000
3195.000	0.000
3196.000	0.000
3197.000	0.000
3198.000	0.000
3199.000	0.000
3200.000	0.000
3201.000	0.000
3202.000	0.000
3203.000	0.000
3204.000	0.000
3205.000	0.000
3206.000	0.000
3207.000	0.000
3208.000	0.000
3209.000	0.000
3210.000	0.000
3211.000	0.000
3212.000	0.000
3213.000	0.000
3214.000	0.000
3215.000	0.000
3216.000	0.000
3217.000	0.000
3218.000	0.000
3219.000	0.000
3220.000	0.000
3221.000	0.000
3222.000	0.000
3223.000	0.000
3224.000	0.000
3225.000	0.000
3226.000	0.000
3227.000	0.000
3228.000	0.000
3229.000	0.000
3230.000	0.000
3231.000	0.000
3232.000	0.000
3233.000	0.000
3234.000	0.000
3235.000	0.000
3236.000	0.000
3237.000	0.000
3238.000	0.000
3239.000	0.000
3240.000	0.000
3241.000	0.000
3242.000	0.000
3243.000	0.000
3244.000	0.000
3245.000	0.000
3246.000	0.000
3247.000	0.000
3248.000	0.000
3249.000	0.000
3250.000	0.000
3251.000	0.000
3252.000	0.000
3253.000	0.000
3254.000	0.000
3255.000	0.000
3256.000	0.000
3257.000	0.000
3258.000	0.000
3259.000	0.000
3260.000	0.000
3261.000	0.000
3262.000	0.000
3263.000	0.000
3264.000	0.000
3265.000	0.000
3266.000	0.000
3267.000	0.000
3268.000	0.000
3269.000	0.000
3270.000	0.000
3271.000	0.000
3272.000	0.000
3273.000	0.000
3274.000	0.000
3275.000	0.000
3276.000	0.000
3277.000	0.000
3278.000	0.000
3279.000	0.000
3280.000	0.000
3281.000	0.000
3282.000	0.000
3283.000	0.000
3284.000	0.000
3285.000	0.000
3286.000	0.000
3287.000	0.000
3288.000	0.000
3289.000	0.000
3290.000	0.000
3291.000	0.000
3292.000	0.000
3293.000	0.000
3294.000	0.000
3295.000	0.000
3296.000	0.000
3297.000	0.000
3298.000	0.000
3299.000	0.000
3300.000	0.000
3301.000	0.000
3302.000	0.000
3303.000	0.000
3304.000	0.000
3305.000	0.000
3306.000	0.000
3307.000	0.000
3308.000	0.000
3309.000	0.000
3310.000	0.000
3311.000	0.000
3312.000	0.000
3313.000	0.000
3314.000	0.000
3315.000	0.000
3316.000	0.000
3317.000	0.000
3318.000	0.000
3319.000	0.000
3320.000	0.000
3321.000	0.000
3322.000	0.000
3323.000	0.000
3324.000	0.000
3325.000	0.000
3326.000	0.000
3327.000	0.000
3328.000	0.000
3329.000	0.000
3330.000	0.000
3331.000	0.000
3332.000	0.000
3333.000	0.000
3334.000	0.000
3335.000	0.000
3336.000	0.000
3337.000	0.000
3338.000	0.000
3339.000	0.000
3340.000	0.000
3341.000	0.000
3342.000	0.000
3343.000	0.000
3344.000	0.000
3345.000	0.000
3346.000	0.000
3347.000	0.000
3348.000	0.000
3349.000	0.000
3350.000	0.000
3351.000	0.000
3352.000	0.000
3353.000	0.000
3354.000	0.000
3355.000	0.000
3356.000	0.000
3357.000	0.000
3358.000	0.000
3359.000	0.000
3360.000	0.000
3361.000	0.000
3362.000	0.000
3363.000	0.000
3364.000	0.000
3365.000	0.000
3366.000	0.000
3367.000	0.000
3368.000	0.000
3369.000	0.000
3370.000	0.000
3371.000	0.000
3372.000	0.000
3373.000	0.000
3374.000	0.000
3375.000	0.000
3376.000	0.000
3377.000	0.000
3378.000	0.000
3379.000	0.000
3380.000	0.000
3381.000	0.000
3382.000	0.000
3383.000	0.000
3384.000	0.000
3385.000	0.000
3386.000	0.000
3387.000	0.000
3388.000	0.000
3389.000	0.000
3390.000	0.000
3391.000	0.000
3392.000	0.000
3393.000	0.000
3394.000	0.000
3395.000	0.000
3396.000	0.000
3397.000	0.000
3398.000	0.000
3399.000	0.000
3400.000	0.000
3401.000	0.000
3402.000	0.000
3403.000	0.000
3404.000	0.000
3405.000	0.000
3406.000	0.000
3407.000	0.000
3408.000	0.000
3409.000	0.000
3410.000	0.000
3411.000	0.000
3412.000	0.000
3413.000	0.000
3414.000	0.000
3415.000	0.000
3416.000	0.000
3417.000	0.000
3418.000	0.000
3419.000	0.000
3420.000	0.000
3421.000	0.000
3422.000	0.000
3423.000	0.000
3424.000	0.000
3425.000	0.000
3426.000	0.000
3427.000	0.000
3428.000	0.000
3429.000	0.000
3430.000	0.000
3431.000	0.000
3432.000	0.000
3433.000	0.000
3434.000	0.000
3435.000	0.000
3436.000	0.000
3437.000	0.000
3438.000	0.000
3439.000	0.000
3440.000	0.000
3441.000	0.000
3442.000	0.000
3443.000	0.000
3444.000	0.000
3445.000	0.000
3446.000	0.000
3447.000	0.000
3448.000	0.000
3449.000	0.000
3450.000	0.000
3451.000	0.000
3452.000	0.000
3453.000	0.000
3454.000	0.000
3455.000	0.000
3456.000	0.000
3457.000	0.000
3458.000	0.000
3459.000	0.000
3460.000	0.000
3461.000	0.000
3462.000	0.000
3463.000	0.000
3464.000	0.000
3465.000	0.000
3466.000	0.000
3467.000	0.000
3468.000	0.000
3469.000	0.000
3470.000	0.000
3471.000	0.000
3472.000	0.000
3473.000	0.000
3474.000	0.000
3475.000	0.000
3476.000	0.000
3477.000	0.000
3478.000	0.000
3479.000	0.000
3480.000	0.000
3481.000	0.000
3482.000	0.000
3483.000	0.000
3484.000	0.000
3485.000	0.000
3486.000	0.000
3487.000	0.000
3488.000	0.000
3489.000	0.000
3490.000	0.000
3491.000	0.000
3492.000	0.000
3493.000	0.000
3494.000	0.000
3495.000	0.000
3496.000	0.000
3497.000	0.000
3498.000	0.000
3499.000	0.000
3500.000	0.000
3501.000	0.000
3502.000	0.000
3503.000	0.000
3504.000	0.000
3505.000	0.000
3506.000	0.000
3507.000	0.000
3508.000	0.000
3509.000	0.000
3510.000	0.000
3511.000	0.000
3512.000	0.000
3513.000	0.000
3514.000	0.000
3515.000	0.000
3516.000	0.000
3517.000	0.000
3518.000	0.000
3519.000	0.000
3520.000	0.000
3521.000	0.000
3522.000	0.000
3523.000	0.000
3524.000	0.000
3525.000	0.000
3526.000	0.000
3527.000	0.000
3528.000	0.000
3529.000	0.000
3530.000	0.000
3531.000	0.000
3532.000	0.000
3533.000	0.000
3534.000	0.000
3535.000	0.000
3536.000	0.000
3537.000	0.000
3538.000	0.000
3539.000	0.000
3540.000	0.000
3541.000	0.000
3542.000	0.000
3543.000	0.000
3544.000	0.000
3545.000	0.000
3546.000	0.000
3547.000	0.000
3548.000	0.000
3549.000	0.000
3550.000	0.000
3551.000	0.000
3552.000	0.000
3553.000	0.000
3554.000	0.000
3555.000	0.000
3556.000	0.000
3557.000	0.000
3558.000	0.000
3559.000	0.000
3560.000	0.000
3561.000	0.000
3562.000	0.000
3563.000	0.000
3564.000	0.000
3565.000	0.000
3566.000	0.000
3567.000	0.000
3568.000	0.000
3569.000	0.000
3570.000	0.000
3571.000	0.000
3572.000	0.000
3573.000	0.000
3574.000	0.000
3575.000	0.000
3576.000	0.000
3577.000	0.000
3578.000	0.000
3579.000	0.000
3580.000	0.000
3581.000	0.000
3582.000	0.000
3583.000	0.000
3584.000	0.000
3585.000	0.000
3586.000	0.000
3587.000	0.000
3588.000	0.000
3589.000	0.000
3590.000	0.000
3591.000	0.000
3592.000	0.000
3593.000	0.000
3594.000	0.000
3595.000	0.000
3596.000	0.000
3597.000	0.000
3598.000	0.000
3599.000	0.000
3600.000	0.000
3601.000	0.000
3602.000	0.000
3603.000	0.000
3604.000	0.000
3605.000	0.000
3606.000	0.000
3607.000	0.000
3608.000	0.000
3609.000	0.000
3610.000	0.000
3611.000	0.000
3612.000	0.000
3613.000	0.000
3614.000	0.000
3615.000	0.000
3616.000	0.000
3617.000	0.000
3618.000	0.000
3619.000	0.000
3620.000	0.000
3621.000	0.000
3622.000	0.000
3623.000	0.000
3624.000	0.000
3625.000	0.000
3626.000	0.000
3627.000	0.000
3628.000	0.000
3629.000	0.000
3630.000	0.000
3631.000	0.000
3632.000	0.000
3633.000	0.000
3634.000	0.000
3635.000	0.000
3636.000	0.000
3637.000	0.000
3638.000	0.000
3639.000	0.000
3640.000	0.000
3641.000	0.000
3642.000	0.000
3643.000	0.000
3644.000	0.000
3645.000	0.000
3646.000	0.000
3647.000	0.000
3648.000	0.000
3649.000	0.000
3650.000	0.000
3651.000	0.000
3652.000	0.000
3653.000	0.000
3654.000	0.000
3655.000	0.000
3656.000	0.000
3657.000	0.000
3658.000	0.000
3659.000	0.000
3660.000	0.000
3661.000	0.000
3662.000	0.000
3663.000	0.000
3664.000	0.000
3665.000	0.000
3666.000	0.000
3667.000	0.000
3668.000	0.000
3669.000	0.000
3670.000	0.000
3671.000	0.000
3672.000	0.000
3673.000	0.000
3674.000	0.000
3675.000	0.000
3676.000	0.000
3677.000	0.000
3678.000	0.000
3679.000	0.000
3680.000	0.000
3681.000	0.000
3682.000	0.000
3683.000	0.000
3684.000	0.000
3685.000	0.000
3686.000	0.000
3687.000	0.000
3688.000	0.000
3689.000	0.000
3690.000	0.000
3691.000	0.000
3692.000	0.000
3693.000	0.000
3694.000	0.000
3695.000	0.000
3696.000	0.000
3697.000	0.000
3698.000	0.000
3699.000	0.000
3700.000	0.000
3701.000	0.000
3702.000	0.000
3703.000	0.000
3704.000	0.000
3705.000	0.000
3706.000	0.000
3707.000	0.000
3708.000	0.000
3709.000	0.000
3710.000	0.000
3711.000	0.000
3712.000	0.000
3713.000	0.000
3714.000	0.000
3715.000	0.000
3716.000	0.000
3717.000	0.000
3718.000	0.000
3719.000	0.000
3720.000	0.000
3721.000	0.000
3722.000	0.000
3723.000	0.000
3724.000	0.000
3725.000	0.000
3726.000	0.000
3727.000	0.000
3728.000	0.000
3729.000	0.000
3730.000	0.000
3731.000	0.000
3732.000	0.000
3733.000	0.000
3734.000	0.000
3735.000	0.000
3736.000	0.000
3737.000	0.000
3738.000	0.000
3739.000	0.000
3740.000	0.000
3741.000	0.000
3742.000	0.000
3743.000	0.000
3744.000	0.000
3745.000	0.000
3746.000	0.000
3747.000	0.000
3748.000	0.000
3749.000	0.000
3750.000	0.000
3751.000	0.000
3752.000	0.000
3753.000	0.000
3754.000	0.000
3755.000	0.000
3756.000	0.000
3757.000	0.000
3758.000	0.000
3759.000	0.000
3760.000	0.000
3761.000	0.000
3762.000	0.000
3763.000	0.000
3764.000	0.000
3765.000	0.000
3766.000	0.000
3767.000	0.000
3768.000	0.000
3769.000	0.000
3770.000	0.000
3771.000	0.000
3772.000	0.000
3773.000	0.000
3774.000	0.000
3775.000	0.000
3776.000	0.000
3777.000	0.000
3778.000	0.000
3779.000	0.000
3780.000	0.000
3781.000	0.000
3782.000	0.000
3783.000	0.000
3784.000	0.000
3785.000	0.000
3786.000	0.000
3787.000	0.000
3788.000	0.000
3789.000	0.000
3790.000	0.000
3791.000	0.000
3792.000	0.000
3793.000	0.000
3794.000	0.000
3795.000	0.000
3796.000	0.000
3797.000	0.000
3798.000	0.000
3799.000	0.000
3800.000	0.000
3801.000	0.000
3802.000	0.000
3803.000	0.000
3804.000	0.000
3805.000	0.000
3806.000	0.000
3807.000	0.000
3808.000	0.000
3809.000	0.000
3810.000	0.000
3811.000	0.000
3812.000	0.000
3813.000	0.000
3814.000	0.000
3815.000	0.000
3816.000	0.000
3817.000	0.000
3818.000	0.000
3819.000	0.000
3820.000	0.000
3821.000	0.000
3822.000	0.000
3823.000	0.000
3824.000	0.000
3825.000	0.000
3826.000	0.000
3827.000	0.000
3828.000	0.000
3829.000	0.000
3830.000	0.000
3831.000	0.000
3832.000	0.000
3833.000	0.000
3834.000	0.000
3835.000	0.000
3836.000	0.000
3837.000	0.000
3838.000	0.000
3839.000	0.000
3840.000	0.000
3841.000	0.000
3842.000	0.000
3843.000	0.000
3844.000	0.000
3845.000	0.000
3846.000	0.000
3847.000	0.000
3848.000	0.000
3849.000	0.000
3850.000	0.000
3851.000	0.000
3852.000	0.000
3853.000	0.000
3854.000	0.000
3855.000	0.000
3856.000	0.000
3857.000	0.000
3858.000	0.000
3859.000	0.000
3860.000	0.000
3861.000	0.000
3862.000	0.000
3863.000	0.000
3864.000	0.000
3865.000	0.000
3866.000	0.000
3867.000	0.000
3868.000	0.000
3869.000	0.000
3870.000	0.000
3871.000	0.000
3872.000	0.000
3873.000	0.000
3874.000	0.000
3875.000	0.000
3876.000	0.000
3877.000	0.000
3878.000	0.000
3879.000	0.000
3880.000	0.000
3881.000	0.000
3882.000	0.000
3883.000	0.000
3884.000	0.000
3885.000	0.000
3886.000	0.000
3887.000	0.000
3888.000	0.000
3889.000	0.000
3890.000	0.000
3891.000	0.000
3892.000	0.000
3893.000	0.000
3894.000	0.000
3895.000	0.000
3896.000	0.000
3897.000	0.000
3898.000	0.000
3899.000	0.000
3900.000	0.000
3901.000	0.000
3902.000	0.000
3903.000	0.000
3904.000	0.000
3905.000	0.000
3906.000	0.000
3907.000	0.000
3908.000	0.000
3909.000	0.000
3910.000	0.000
3911.000	0.000
3912.000	0.000
3913.000	0.000
3914.000	0.000
3915.000	0.000
3916.000	0.000
3917.000	0.000
3918.000	0.000
3919.000	0.000
3920.000	0.000
3921.000	0.000
3922.000	0.000
3923.000	0.000
3924.000	0.000
3925.000	0.000
3926.000	0.000
3927.000	0.000
3928.000	0.000
3929.000	0.000
3930.000	0.000
3931.000	0.000
3932.000	0.000
3933.000	0.000
3934.000	0.000
3935.000	0.000
3936.000	0.000
3937.000	0.000
3938.000	0.000
3939.000	0.000
3940.000	0.000
3941.000	0.000
3942.000	0.000
3943.000	0.000
3944.000	0.000
3945.000	0.000
3946.000	0.000
3947.000	0.000
3948.000	0.000
3949.000	0.000
3950.000	0.000
3951.000	0.000
3952.000	0.000
3953.000	0.000
3954.000	0.000
3955.000	0.000
3956.000	0.000
3957.000	0.000
3958.000	0.000
3959.000	0.000
3960.000	0.000
3961.000	0.000
3962.000	0.000
3963.000	0.000
3964.000	0.000
3965.000	0.000
3966.000	0.000
3967.000	0.000
3968.000	0.000
3969.000	0.000
3970.000	0.000
3971.000	0.000
3972.000	0.000
3973.000	0.000
3974.000	0.000
3975.000	0.000
3976.000	0.000
3977.000	0.000
3978.000	0.000
3979.000	0.000
3980.000	0.000
3981.000	0.000
3982.000	0.000
3983.000	0.000
3984.000	0.000
3985.000	0.000
3986.000	0.000
3987.000	0.000
3988.000	0.000
3989.000	0.000
3990.000	0.000
3991.000	0.000
3992.000	0.000
3993.000	0.000
3994.000	0.000
3995.000	0.000
3996.000	0.000
3997.000	0.000
3998.000	0.000
3999.000	0.000
4000.000	0.000
4001.000	0.000
4002.000	0.000
4003.000	0.000
4004.000	0.000
4005.000	0.000
4006.000	0.000
4007.000	0.000
4008.000	0.000
4009.000	0.000
4010.000	0.000
4011.000	0.000
4012.000	0.000
4013.000	0.000
4014.000	0.000
4015.000	0.000
4016.000	0.000
4017.000	0.000
4018.000	0.000
4019.000	0.000
4020.000	0.000
4021.000	0.000
4022.000	0.000
4023.000	0.000
4024.000	0.000
4025.000	0.000
4026.000	0.000
4027.000	0.000
4028.000	0.000
4029.000	0.000
4030.000	0.000
4031.000	0.000
4032.000	0.000
4033.000	0.000
4034.000	0.000
4035.000	0.000
4036.000	0.000
4037.000	0.000
4038.000	0.000
4039.000	0.000
4040.000	0.000
4041.000	0.000
4042.000	0.000
4043.000	0.000
4044.000	0.000
4045.000	0.000
4046.000	0.000
4047.000	0.000
4048.000	0.000
4049.000	0.000
4050.000	0.000
4051.000	0.000
4052.000	0.000
4053.000	0.000
4054.000	0.000
4055.000	0.000
4056.000	0.000
4057.000	0.000
4058.000	0.000
4059.000	0.000
4060.000	0.000
4061.000	0.000
4062.000	0.000
4063.000	0.000
4064.000	0.000
4065.000	0.000
4066.000	0.000
4067.000	0.000
4068.000	0.000
4069.000	0.000
4070.000	0.000
4071.000	0.000
4072.000	0.000
4073.000	0.000
4074.000	0.000
4075.000	0.000
4076.000	0.000
4077.000	0.000
4078.000	0.000
4079.000	0.000
4080.000	0.000
4081.000	0.000
4082.000	0.000
4083.000	0.000
4084.000	0.000
4085.000	0.000
4086.000	0.000
4087.000	0.000
4088.000	0.000
4089.000	0.000
4090.000	0.000
4091.000	0.000
4092.000	0.000
4093.000	0.000
4094.000	0.000
4095.000	0.000
