0.000	13.273
1.000	13.067
2.000	13.067
3.000	13.067
4.000	13.067
5.000	13.067
6.000	13.067
7.000	13.067
8.000	13.067
9.000	13.067
10.000	13.067
11.000	13.067
12.000	13.067
13.000	13.067
14.000	13.067
15.000	13.067
16.000	13.067
17.000	13.060
18.000	13.060
19.000	13.059
20.000	13.059
21.000	13.059
22.000	13.057
23.000	13.056
24.000	13.056
25.000	13.053
26.000	13.051
27.000	13.048
28.000	13.048
29.000	13.046
30.000	13.044
31.000	13.044
32.000	13.041
33.000	13.039
34.000	13.039
35.000	13.037
36.000	13.035
37.000	13.033
38.000	13.033
39.000	13.031
40.000	13.029
41.000	12.982
42.000	12.980
43.000	12.978
44.000	12.976
45.000	12.976
46.000	12.974
47.000	12.971
48.000	12.971
49.000	12.969
50.000	12.967
51.000	12.967
52.000	12.965
53.000	12.963
54.000	12.961
55.000	12.961
56.000	12.959
57.000	12.957
58.000	12.957
59.000	12.955
60.000	12.953
61.000	12.952
62.000	12.952
63.000	12.948
64.000	12.940
65.000	12.940
66.000	12.933
67.000	12.925
68.000	12.911
69.000	12.903
70.000	12.896
71.000	12.889
72.000	12.889
73.000	12.882
74.000	12.875
75.000	12.875
76.000	12.869
77.000	12.863
78.000	12.857
79.000	12.857
80.000	12.851
81.000	12.846
82.000	12.846
83.000	12.840
84.000	12.834
85.000	12.834
86.000	12.829
87.000	12.823
88.000	12.818
89.000	12.818
90.000	12.812
91.000	12.807
92.000	12.708
93.000	12.703
94.000	12.698
95.000	12.698
96.000	12.693
97.000	12.688
98.000	12.683
99.000	12.683
100.000	12.678
101.000	12.673
102.000	12.673
103.000	12.668
104.000	12.661
105.000	12.655
106.000	12.655
107.000	12.649
108.000	12.642
109.000	12.642
110.000	12.636
111.000	12.628
112.000	12.628
113.000	12.620
114.000	12.609
115.000	12.598
116.000	12.598
117.000	12.587
118.000	12.577
119.000	12.577
120.000	12.566
121.000	12.555
122.000	12.544
123.000	12.544
124.000	12.533
125.000	12.522
126.000	12.522
127.000	12.510
128.000	12.496
129.000	12.496
130.000	12.483
131.000	12.470
132.000	12.456
133.000	12.456
134.000	12.442
135.000	12.428
136.000	12.428
137.000	12.413
138.000	12.398
139.000	12.383
140.000	12.383
141.000	12.367
142.000	12.351
143.000	12.351
144.000	12.335
145.000	12.319
146.000	12.319
147.000	12.302
148.000	12.286
149.000	12.272
150.000	12.272
151.000	12.258
152.000	12.243
153.000	12.243
154.000	12.229
155.000	12.214
156.000	12.214
157.000	12.198
158.000	12.183
159.000	12.167
160.000	12.167
161.000	12.150
162.000	12.134
163.000	12.134
164.000	12.117
165.000	12.100
166.000	12.083
167.000	12.083
168.000	12.066
169.000	12.047
170.000	12.047
171.000	12.029
172.000	12.010
173.000	12.010
174.000	11.990
175.000	11.971
176.000	11.953
177.000	11.938
178.000	11.920
179.000	11.900
180.000	11.900
181.000	11.880
182.000	11.860
183.000	11.840
184.000	11.808
185.000	11.788
186.000	11.769
187.000	11.757
188.000	11.737
189.000	11.717
190.000	11.717
191.000	11.697
192.000	11.676
193.000	11.656
194.000	11.604
195.000	11.581
196.000	11.558
197.000	11.558
198.000	11.536
199.000	11.513
200.000	11.491
201.000	11.491
202.000	11.469
203.000	11.447
204.000	11.447
205.000	11.425
206.000	11.403
207.000	11.403
208.000	11.380
209.000	11.356
210.000	11.332
211.000	11.332
212.000	11.307
213.000	11.281
214.000	11.281
215.000	11.255
216.000	11.229
217.000	11.212
218.000	11.186
219.000	11.160
220.000	11.134
221.000	11.134
222.000	11.107
223.000	11.081
224.000	11.081
225.000	11.056
226.000	11.030
227.000	11.004
228.000	11.004
229.000	10.977
230.000	10.951
231.000	10.944
232.000	10.917
233.000	10.890
234.000	10.890
235.000	10.863
236.000	10.837
237.000	10.812
238.000	10.812
239.000	10.786
240.000	10.760
241.000	10.760
242.000	10.736
243.000	10.711
244.000	10.686
245.000	10.665
246.000	10.641
247.000	10.616
248.000	10.616
249.000	10.590
250.000	10.565
251.000	10.565
252.000	10.540
253.000	10.514
254.000	10.489
255.000	10.489
256.000	10.464
257.000	10.439
258.000	10.245
259.000	10.220
260.000	10.194
261.000	10.169
262.000	9.870
263.000	9.845
264.000	9.820
265.000	9.820
266.000	9.795
267.000	9.771
268.000	9.771
269.000	9.747
270.000	9.723
271.000	9.698
272.000	9.698
273.000	9.674
274.000	9.650
275.000	9.650
276.000	9.626
277.000	9.602
278.000	9.602
279.000	9.577
280.000	9.553
281.000	9.530
282.000	9.393
283.000	9.370
284.000	9.347
285.000	9.347
286.000	9.324
287.000	9.300
288.000	9.277
289.000	9.227
290.000	9.204
291.000	9.180
292.000	9.180
293.000	9.157
294.000	9.134
295.000	9.021
296.000	8.998
297.000	8.975
298.000	8.953
299.000	8.953
300.000	8.931
301.000	8.908
302.000	8.800
303.000	8.777
304.000	8.754
305.000	8.732
306.000	8.595
307.000	8.573
308.000	8.550
309.000	8.550
310.000	8.527
311.000	8.505
312.000	8.505
313.000	8.482
314.000	8.460
315.000	8.438
316.000	8.438
317.000	8.416
318.000	8.395
319.000	8.395
320.000	8.373
321.000	8.352
322.000	8.331
323.000	8.331
324.000	8.311
325.000	8.289
326.000	8.270
327.000	8.248
328.000	8.226
329.000	8.226
330.000	8.205
331.000	8.183
332.000	8.161
333.000	8.161
334.000	8.140
335.000	8.118
336.000	8.053
337.000	8.032
338.000	8.010
339.000	7.973
340.000	7.952
341.000	7.930
342.000	7.910
343.000	7.884
344.000	7.863
345.000	7.841
346.000	7.841
347.000	7.820
348.000	7.800
349.000	7.779
350.000	7.779
351.000	7.759
352.000	7.738
353.000	7.738
354.000	7.717
355.000	7.697
356.000	7.697
357.000	7.677
358.000	7.656
359.000	7.636
360.000	7.636
361.000	7.616
362.000	7.596
363.000	7.596
364.000	7.576
365.000	7.556
366.000	7.536
367.000	7.499
368.000	7.479
369.000	7.459
370.000	7.459
371.000	7.438
372.000	7.418
373.000	7.418
374.000	7.398
375.000	7.378
376.000	7.358
377.000	7.358
378.000	7.338
379.000	7.318
380.000	7.318
381.000	7.298
382.000	7.278
383.000	7.259
384.000	7.259
385.000	7.240
386.000	7.221
387.000	7.175
388.000	7.156
389.000	7.138
390.000	7.138
391.000	7.120
392.000	7.101
393.000	7.083
394.000	7.083
395.000	7.065
396.000	7.047
397.000	7.047
398.000	7.028
399.000	7.010
400.000	6.918
401.000	6.900
402.000	6.882
403.000	6.863
404.000	6.863
405.000	6.845
406.000	6.827
407.000	6.827
408.000	6.809
409.000	6.791
410.000	6.773
411.000	6.773
412.000	6.755
413.000	6.737
414.000	6.737
415.000	6.719
416.000	6.702
417.000	6.702
418.000	6.685
419.000	6.668
420.000	6.651
421.000	6.651
422.000	6.635
423.000	6.619
424.000	6.619
425.000	6.603
426.000	6.587
427.000	6.571
428.000	6.571
429.000	6.556
430.000	6.540
431.000	6.540
432.000	6.524
433.000	6.509
434.000	6.336
435.000	6.320
436.000	6.305
437.000	6.290
438.000	6.290
439.000	6.275
440.000	6.259
441.000	6.162
442.000	6.147
443.000	6.132
444.000	6.117
445.000	6.021
446.000	6.006
447.000	5.992
448.000	5.992
449.000	5.977
450.000	5.962
451.000	5.962
452.000	5.948
453.000	5.933
454.000	5.919
455.000	5.919
456.000	5.905
457.000	5.891
458.000	5.891
459.000	5.877
460.000	5.863
461.000	5.863
462.000	5.849
463.000	5.835
464.000	5.821
465.000	5.821
466.000	5.808
467.000	5.794
468.000	5.794
469.000	5.780
470.000	5.766
471.000	5.752
472.000	5.752
473.000	5.738
474.000	5.725
475.000	5.725
476.000	5.711
477.000	5.698
478.000	5.698
479.000	5.685
480.000	5.671
481.000	5.658
482.000	5.658
483.000	5.646
484.000	5.633
485.000	5.569
486.000	5.557
487.000	5.544
488.000	5.532
489.000	5.496
490.000	5.483
491.000	5.471
492.000	5.471
493.000	5.459
494.000	5.447
495.000	5.447
496.000	5.435
497.000	5.422
498.000	5.410
499.000	5.410
500.000	5.398
501.000	5.385
502.000	5.385
503.000	5.373
504.000	5.361
505.000	5.349
506.000	5.349
507.000	5.337
508.000	5.325
509.000	5.325
510.000	5.314
511.000	5.302
512.000	5.302
513.000	5.290
514.000	5.278
515.000	5.267
516.000	5.267
517.000	5.256
518.000	5.245
519.000	5.220
520.000	5.208
521.000	5.197
522.000	5.197
523.000	5.186
524.000	5.175
525.000	5.164
526.000	5.164
527.000	5.153
528.000	5.143
529.000	5.143
530.000	5.132
531.000	5.122
532.000	5.111
533.000	5.111
534.000	5.101
535.000	5.090
536.000	5.052
537.000	5.041
538.000	5.031
539.000	5.009
540.000	4.999
541.000	4.988
542.000	4.977
543.000	4.977
544.000	4.966
545.000	4.954
546.000	4.954
547.000	4.943
548.000	4.932
549.000	4.921
550.000	4.858
551.000	4.847
552.000	4.837
553.000	4.837
554.000	4.826
555.000	4.815
556.000	4.815
557.000	4.804
558.000	4.793
559.000	4.783
560.000	4.783
561.000	4.772
562.000	4.762
563.000	4.762
564.000	4.752
565.000	4.741
566.000	4.731
567.000	4.731
568.000	4.721
569.000	4.711
570.000	4.711
571.000	4.701
572.000	4.691
573.000	4.691
574.000	4.681
575.000	4.671
576.000	4.661
577.000	4.661
578.000	4.651
579.000	4.642
580.000	4.613
581.000	4.603
582.000	4.593
583.000	4.583
584.000	4.583
585.000	4.574
586.000	4.565
587.000	4.565
588.000	4.556
589.000	4.546
590.000	4.546
591.000	4.537
592.000	4.528
593.000	4.519
594.000	4.519
595.000	4.509
596.000	4.500
597.000	4.500
598.000	4.491
599.000	4.482
600.000	4.482
601.000	4.473
602.000	4.464
603.000	4.455
604.000	4.455
605.000	4.445
606.000	4.436
607.000	4.436
608.000	4.426
609.000	4.417
610.000	4.408
611.000	4.408
612.000	4.398
613.000	4.389
614.000	4.389
615.000	4.380
616.000	4.370
617.000	4.370
618.000	4.361
619.000	4.352
620.000	4.342
621.000	4.342
622.000	4.333
623.000	4.324
624.000	4.324
625.000	4.314
626.000	4.305
627.000	4.295
628.000	4.295
629.000	4.286
630.000	4.277
631.000	4.273
632.000	4.264
633.000	4.255
634.000	4.255
635.000	4.247
636.000	4.238
637.000	4.230
638.000	4.230
639.000	4.221
640.000	4.213
641.000	4.213
642.000	4.204
643.000	4.196
644.000	4.188
645.000	4.188
646.000	4.179
647.000	4.171
648.000	4.171
649.000	4.163
650.000	4.155
651.000	4.155
652.000	4.147
653.000	4.139
654.000	4.131
655.000	4.131
656.000	4.122
657.000	4.114
658.000	4.114
659.000	4.106
660.000	4.098
661.000	4.098
662.000	4.090
663.000	4.082
664.000	4.074
665.000	4.074
666.000	4.067
667.000	4.059
668.000	4.059
669.000	4.051
670.000	4.044
671.000	4.036
672.000	4.036
673.000	4.029
674.000	4.021
675.000	4.021
676.000	4.014
677.000	4.007
678.000	4.007
679.000	3.999
680.000	3.992
681.000	3.984
682.000	3.984
683.000	3.977
684.000	3.970
685.000	3.970
686.000	3.962
687.000	3.955
688.000	3.948
689.000	3.948
690.000	3.940
691.000	3.933
692.000	3.933
693.000	3.926
694.000	3.918
695.000	3.918
696.000	3.911
697.000	3.904
698.000	3.897
699.000	3.897
700.000	3.891
701.000	3.884
702.000	3.884
703.000	3.877
704.000	3.870
705.000	3.863
706.000	3.863
707.000	3.856
708.000	3.850
709.000	3.850
710.000	3.843
711.000	3.836
712.000	3.836
713.000	3.830
714.000	3.823
715.000	3.816
716.000	3.816
717.000	3.810
718.000	3.803
719.000	3.803
720.000	3.797
721.000	3.790
722.000	3.790
723.000	3.783
724.000	3.777
725.000	3.771
726.000	3.771
727.000	3.764
728.000	3.758
729.000	3.758
730.000	3.751
731.000	3.745
732.000	3.739
733.000	3.739
734.000	3.732
735.000	3.726
736.000	3.726
737.000	3.720
738.000	3.713
739.000	3.713
740.000	3.707
741.000	3.701
742.000	3.695
743.000	3.695
744.000	3.689
745.000	3.683
746.000	3.683
747.000	3.677
748.000	3.670
749.000	3.664
750.000	3.664
751.000	3.658
752.000	3.652
753.000	3.652
754.000	3.647
755.000	3.641
756.000	3.641
757.000	3.635
758.000	3.629
759.000	3.623
760.000	3.623
761.000	3.617
762.000	3.611
763.000	3.611
764.000	3.605
765.000	3.600
766.000	3.594
767.000	3.594
768.000	3.588
769.000	3.583
770.000	3.583
771.000	3.577
772.000	3.571
773.000	3.571
774.000	3.566
775.000	3.560
776.000	3.554
777.000	3.554
778.000	3.549
779.000	3.543
780.000	3.543
781.000	3.538
782.000	3.533
783.000	3.533
784.000	3.527
785.000	3.522
786.000	3.516
787.000	3.516
788.000	3.511
789.000	3.506
790.000	3.506
791.000	3.501
792.000	3.495
793.000	3.490
794.000	3.490
795.000	3.485
796.000	3.480
797.000	3.480
798.000	3.475
799.000	3.470
800.000	3.470
801.000	3.465
802.000	3.460
803.000	3.454
804.000	3.454
805.000	3.449
806.000	3.444
807.000	3.444
808.000	3.439
809.000	3.434
810.000	3.428
811.000	3.428
812.000	3.423
813.000	3.418
814.000	3.418
815.000	3.413
816.000	3.408
817.000	3.408
818.000	3.403
819.000	3.398
820.000	3.393
821.000	3.393
822.000	3.388
823.000	3.383
824.000	3.341
825.000	3.336
826.000	3.331
827.000	3.326
828.000	3.326
829.000	3.321
830.000	3.317
831.000	3.317
832.000	3.312
833.000	3.307
834.000	3.307
835.000	3.302
836.000	3.297
837.000	3.292
838.000	3.273
839.000	3.268
840.000	3.263
841.000	3.263
842.000	3.259
843.000	3.254
844.000	3.227
845.000	3.223
846.000	3.218
847.000	3.213
848.000	3.213
849.000	3.209
850.000	3.204
851.000	3.204
852.000	3.199
853.000	3.195
854.000	3.190
855.000	3.190
856.000	3.185
857.000	3.181
858.000	3.181
859.000	3.176
860.000	3.172
861.000	3.172
862.000	3.167
863.000	3.163
864.000	3.158
865.000	3.158
866.000	3.154
867.000	3.149
868.000	3.149
869.000	3.145
870.000	3.140
871.000	3.136
872.000	3.136
873.000	3.131
874.000	3.127
875.000	3.127
876.000	3.122
877.000	3.118
878.000	3.118
879.000	3.113
880.000	3.109
881.000	3.105
882.000	3.105
883.000	3.100
884.000	3.096
885.000	3.096
886.000	3.092
887.000	3.088
888.000	3.083
889.000	3.039
890.000	3.035
891.000	3.031
892.000	3.031
893.000	3.026
894.000	3.022
895.000	3.022
896.000	3.018
897.000	3.014
898.000	3.010
899.000	3.010
900.000	3.006
901.000	3.002
902.000	2.991
903.000	2.987
904.000	2.983
905.000	2.983
906.000	2.979
907.000	2.974
908.000	2.970
909.000	2.970
910.000	2.966
911.000	2.962
912.000	2.962
913.000	2.958
914.000	2.954
915.000	2.950
916.000	2.950
917.000	2.946
918.000	2.942
919.000	2.942
920.000	2.938
921.000	2.934
922.000	2.934
923.000	2.930
924.000	2.926
925.000	2.922
926.000	2.805
927.000	2.801
928.000	2.797
929.000	2.797
930.000	2.793
931.000	2.789
932.000	2.785
933.000	2.785
934.000	2.781
935.000	2.777
936.000	2.777
937.000	2.773
938.000	2.769
939.000	2.769
940.000	2.765
941.000	2.761
942.000	2.757
943.000	2.757
944.000	2.753
945.000	2.750
946.000	2.750
947.000	2.746
948.000	2.742
949.000	2.739
950.000	2.739
951.000	2.735
952.000	2.731
953.000	2.731
954.000	2.728
955.000	2.724
956.000	2.724
957.000	2.721
958.000	2.717
959.000	2.713
960.000	2.713
961.000	2.709
962.000	2.706
963.000	2.706
964.000	2.702
965.000	2.698
966.000	2.698
967.000	2.695
968.000	2.691
969.000	2.687
970.000	2.687
971.000	2.683
972.000	2.680
973.000	2.680
974.000	2.676
975.000	2.672
976.000	2.669
977.000	2.669
978.000	2.665
979.000	2.661
980.000	2.661
981.000	2.657
982.000	2.654
983.000	2.654
984.000	2.650
985.000	2.646
986.000	2.643
987.000	2.643
988.000	2.639
989.000	2.635
990.000	2.635
991.000	2.632
992.000	2.628
993.000	2.624
994.000	2.624
995.000	2.620
996.000	2.617
997.000	2.617
998.000	2.613
999.000	2.609
1000.000	2.609
1001.000	2.606
1002.000	2.602
1003.000	2.599
1004.000	2.599
1005.000	2.595
1006.000	2.591
1007.000	2.591
1008.000	2.588
1009.000	2.584
1010.000	2.580
1011.000	2.580
1012.000	2.577
1013.000	2.573
1014.000	2.573
1015.000	2.569
1016.000	2.566
1017.000	2.566
1018.000	2.562
1019.000	2.558
1020.000	2.555
1021.000	2.555
1022.000	2.551
1023.000	2.547
1024.000	2.547
1025.000	2.544
1026.000	2.540
1027.000	2.540
1028.000	2.537
1029.000	2.534
1030.000	2.531
1031.000	2.531
1032.000	2.528
1033.000	2.525
1034.000	2.525
1035.000	2.522
1036.000	2.519
1037.000	2.516
1038.000	2.516
1039.000	2.514
1040.000	2.511
1041.000	2.511
1042.000	2.508
1043.000	2.505
1044.000	2.505
1045.000	2.502
1046.000	2.499
1047.000	2.496
1048.000	2.496
1049.000	2.493
1050.000	2.491
1051.000	2.491
1052.000	2.488
1053.000	2.485
1054.000	2.482
1055.000	2.482
1056.000	2.479
1057.000	2.476
1058.000	2.476
1059.000	2.473
1060.000	2.471
1061.000	2.465
1062.000	2.462
1063.000	2.459
1064.000	2.456
1065.000	2.456
1066.000	2.453
1067.000	2.451
1068.000	2.451
1069.000	2.448
1070.000	2.445
1071.000	2.442
1072.000	2.442
1073.000	2.439
1074.000	2.437
1075.000	2.437
1076.000	2.434
1077.000	2.431
1078.000	2.431
1079.000	2.428
1080.000	2.425
1081.000	2.423
1082.000	2.405
1083.000	2.403
1084.000	2.400
1085.000	2.400
1086.000	2.397
1087.000	2.394
1088.000	2.394
1089.000	2.391
1090.000	2.388
1091.000	2.385
1092.000	2.385
1093.000	2.383
1094.000	2.380
1095.000	2.380
1096.000	2.377
1097.000	2.374
1098.000	2.371
1099.000	2.371
1100.000	2.368
1101.000	2.366
1102.000	2.366
1103.000	2.363
1104.000	2.360
1105.000	2.323
1106.000	2.320
1107.000	2.318
1108.000	2.315
1109.000	2.315
1110.000	2.312
1111.000	2.309
1112.000	2.276
1113.000	2.273
1114.000	2.270
1115.000	2.267
1116.000	2.267
1117.000	2.264
1118.000	2.262
1119.000	2.262
1120.000	2.259
1121.000	2.256
1122.000	2.256
1123.000	2.253
1124.000	2.250
1125.000	2.247
1126.000	2.247
1127.000	2.245
1128.000	2.242
1129.000	2.242
1130.000	2.239
1131.000	2.236
1132.000	2.234
1133.000	2.234
1134.000	2.231
1135.000	2.229
1136.000	2.229
1137.000	2.226
1138.000	2.224
1139.000	2.224
1140.000	2.222
1141.000	2.220
1142.000	2.218
1143.000	2.218
1144.000	2.215
1145.000	2.213
1146.000	2.213
1147.000	2.211
1148.000	2.209
1149.000	2.207
1150.000	2.207
1151.000	2.207
1152.000	2.207
1153.000	2.207
1154.000	2.207
1155.000	2.207
1156.000	2.207
1157.000	2.207
1158.000	2.154
1159.000	2.154
1160.000	2.137
1161.000	2.137
1162.000	2.129
1163.000	2.129
1164.000	2.129
1165.000	2.129
1166.000	2.129
1167.000	2.121
1168.000	2.121
1169.000	2.121
1170.000	2.121
1171.000	2.121
1172.000	2.121
1173.000	2.121
1174.000	2.121
1175.000	2.121
1176.000	2.121
1177.000	2.121
1178.000	2.121
1179.000	2.121
1180.000	2.121
1181.000	2.121
1182.000	2.121
1183.000	2.121
1184.000	2.121
1185.000	2.121
1186.000	2.121
1187.000	2.121
1188.000	2.121
1189.000	2.121
1190.000	2.121
1191.000	2.121
1192.000	2.121
1193.000	2.121
1194.000	2.112
1195.000	2.112
1196.000	2.107
1197.000	2.107
1198.000	2.107
1199.000	2.107
1200.000	2.107
1201.000	2.107
1202.000	2.107
1203.000	2.107
1204.000	2.107
1205.000	2.107
1206.000	2.107
1207.000	2.107
1208.000	2.107
1209.000	2.107
1210.000	2.107
1211.000	2.090
1212.000	2.090
1213.000	2.090
1214.000	2.090
1215.000	2.090
1216.000	2.090
1217.000	2.090
1218.000	2.090
1219.000	2.090
1220.000	2.090
1221.000	2.090
1222.000	2.090
1223.000	2.090
1224.000	2.090
1225.000	2.090
1226.000	2.090
1227.000	2.090
1228.000	2.090
1229.000	2.090
1230.000	2.090
1231.000	2.090
1232.000	2.090
1233.000	2.090
1234.000	2.090
1235.000	2.090
1236.000	2.090
1237.000	2.090
1238.000	2.090
1239.000	2.090
1240.000	2.090
1241.000	2.090
1242.000	2.090
1243.000	2.090
1244.000	2.090
1245.000	2.090
1246.000	2.090
1247.000	2.090
1248.000	2.090
1249.000	2.032
1250.000	2.032
1251.000	2.032
1252.000	2.032
1253.000	2.032
1254.000	2.032
1255.000	2.032
1256.000	2.032
1257.000	2.032
1258.000	2.032
1259.000	2.032
1260.000	2.032
1261.000	1.965
1262.000	1.965
1263.000	1.965
1264.000	1.965
1265.000	1.965
1266.000	1.965
1267.000	1.965
1268.000	1.965
1269.000	1.965
1270.000	1.965
1271.000	1.965
1272.000	1.965
1273.000	1.965
1274.000	1.965
1275.000	1.965
1276.000	1.965
1277.000	1.965
1278.000	1.957
1279.000	1.957
1280.000	1.957
1281.000	1.957
1282.000	1.957
1283.000	1.957
1284.000	1.957
1285.000	1.957
1286.000	1.957
1287.000	1.957
1288.000	1.957
1289.000	1.957
1290.000	1.957
1291.000	1.945
1292.000	1.945
1293.000	1.945
1294.000	1.945
1295.000	1.945
1296.000	1.945
1297.000	1.945
1298.000	1.945
1299.000	1.945
1300.000	1.945
1301.000	1.945
1302.000	1.945
1303.000	1.945
1304.000	1.945
1305.000	1.945
1306.000	1.945
1307.000	1.945
1308.000	1.945
1309.000	1.945
1310.000	1.945
1311.000	1.945
1312.000	1.945
1313.000	1.945
1314.000	1.945
1315.000	1.945
1316.000	1.929
1317.000	1.929
1318.000	1.886
1319.000	1.886
1320.000	1.886
1321.000	1.886
1322.000	1.886
1323.000	1.883
1324.000	1.883
1325.000	1.883
1326.000	1.883
1327.000	1.883
1328.000	1.883
1329.000	1.883
1330.000	1.883
1331.000	1.883
1332.000	1.883
1333.000	1.880
1334.000	1.880
1335.000	1.880
1336.000	1.880
1337.000	1.880
1338.000	1.880
1339.000	1.880
1340.000	1.880
1341.000	1.880
1342.000	1.880
1343.000	1.880
1344.000	1.880
1345.000	1.880
1346.000	1.880
1347.000	1.880
1348.000	1.880
1349.000	1.880
1350.000	1.841
1351.000	1.841
1352.000	1.841
1353.000	1.841
1354.000	1.841
1355.000	1.841
1356.000	1.841
1357.000	1.841
1358.000	1.841
1359.000	1.841
1360.000	1.841
1361.000	1.841
1362.000	1.841
1363.000	1.841
1364.000	1.841
1365.000	1.841
1366.000	1.841
1367.000	1.841
1368.000	1.841
1369.000	1.841
1370.000	1.832
1371.000	1.832
1372.000	1.832
1373.000	1.832
1374.000	1.832
1375.000	1.832
1376.000	1.832
1377.000	1.832
1378.000	1.832
1379.000	1.832
1380.000	1.832
1381.000	1.832
1382.000	1.832
1383.000	1.832
1384.000	1.832
1385.000	1.832
1386.000	1.832
1387.000	1.832
1388.000	1.832
1389.000	1.832
1390.000	1.832
1391.000	1.832
1392.000	1.832
1393.000	1.832
1394.000	1.832
1395.000	1.832
1396.000	1.832
1397.000	1.832
1398.000	1.832
1399.000	1.832
1400.000	1.832
1401.000	1.832
1402.000	1.832
1403.000	1.832
1404.000	1.832
1405.000	1.832
1406.000	1.832
1407.000	1.832
1408.000	1.832
1409.000	1.832
1410.000	1.832
1411.000	1.832
1412.000	1.783
1413.000	1.783
1414.000	1.783
1415.000	1.783
1416.000	1.783
1417.000	1.783
1418.000	1.783
1419.000	1.783
1420.000	1.783
1421.000	1.783
1422.000	1.783
1423.000	1.783
1424.000	1.783
1425.000	1.783
1426.000	1.783
1427.000	1.783
1428.000	1.762
1429.000	1.762
1430.000	1.762
1431.000	1.762
1432.000	1.762
1433.000	1.762
1434.000	1.762
1435.000	1.762
1436.000	1.762
1437.000	1.762
1438.000	1.762
1439.000	1.762
1440.000	1.762
1441.000	1.762
1442.000	1.762
1443.000	1.762
1444.000	1.762
1445.000	1.762
1446.000	1.762
1447.000	1.762
1448.000	1.762
1449.000	1.762
1450.000	1.762
1451.000	1.762
1452.000	1.762
1453.000	1.762
1454.000	1.762
1455.000	1.762
1456.000	1.762
1457.000	1.762
1458.000	1.762
1459.000	1.738
1460.000	1.738
1461.000	1.738
1462.000	1.738
1463.000	1.738
1464.000	1.738
1465.000	1.738
1466.000	1.738
1467.000	1.738
1468.000	1.738
1469.000	1.738
1470.000	1.738
1471.000	1.738
1472.000	1.738
1473.000	1.738
1474.000	1.738
1475.000	1.738
1476.000	1.738
1477.000	1.738
1478.000	1.738
1479.000	1.738
1480.000	1.738
1481.000	1.738
1482.000	1.738
1483.000	1.738
1484.000	1.738
1485.000	1.738
1486.000	1.738
1487.000	1.738
1488.000	1.738
1489.000	1.738
1490.000	1.738
1491.000	1.738
1492.000	1.738
1493.000	1.738
1494.000	1.738
1495.000	1.738
1496.000	1.738
1497.000	1.738
1498.000	1.738
1499.000	1.638
1500.000	1.582
1501.000	0.000
1502.000	0.000
1503.000	0.000
1504.000	0.000
1505.000	0.000
1506.000	0.000
1507.000	0.000
1508.000	0.000
1509.000	0.000
1510.000	0.000
1511.000	0.000
1512.000	0.000
1513.000	0.000
1514.000	0.000
1515.000	0.000
1516.000	0.000
1517.000	0.000
1518.000	0.000
1519.000	0.000
1520.000	0.000
1521.000	0.000
1522.000	0.000
1523.000	0.000
1524.000	0.000
1525.000	0.000
1526.000	0.000
1527.000	0.000
1528.000	0.000
1529.000	0.000
1530.000	0.000
1531.000	0.000
1532.000	0.000
1533.000	0.000
1534.000	0.000
1535.000	0.000
1536.000	0.000
1537.000	0.000
1538.000	0.000
1539.000	0.000
1540.000	0.000
1541.000	0.000
1542.000	0.000
1543.000	0.000
1544.000	0.000
1545.000	0.000
1546.000	0.000
1547.000	0.000
1548.000	0.000
1549.000	0.000
1550.000	0.000
1551.000	0.000
1552.000	0.000
1553.000	0.000
1554.000	0.000
1555.000	0.000
1556.000	0.000
1557.000	0.000
1558.000	0.000
1559.000	0.000
1560.000	0.000
1561.000	0.000
1562.000	0.000
1563.000	0.000
1564.000	0.000
1565.000	0.000
1566.000	0.000
1567.000	0.000
1568.000	0.000
1569.000	0.000
1570.000	0.000
1571.000	0.000
1572.000	0.000
1573.000	0.000
1574.000	0.000
1575.000	0.000
1576.000	0.000
1577.000	0.000
1578.000	0.000
1579.000	0.000
1580.000	0.000
1581.000	0.000
1582.000	0.000
1583.000	0.000
1584.000	0.000
1585.000	0.000
1586.000	0.000
1587.000	0.000
1588.000	0.000
1589.000	0.000
1590.000	0.000
1591.000	0.000
1592.000	0.000
1593.000	0.000
1594.000	0.000
1595.000	0.000
1596.000	0.000
1597.000	0.000
1598.000	0.000
1599.000	0.000
1600.000	0.000
1601.000	0.000
1602.000	0.000
1603.000	0.000
1604.000	0.000
1605.000	0.000
1606.000	0.000
1607.000	0.000
1608.000	0.000
1609.000	0.000
1610.000	0.000
1611.000	0.000
1612.000	0.000
1613.000	0.000
1614.000	0.000
1615.000	0.000
1616.000	0.000
1617.000	0.000
1618.000	0.000
1619.000	0.000
1620.000	0.000
1621.000	0.000
1622.000	0.000
1623.000	0.000
1624.000	0.000
1625.000	0.000
1626.000	0.000
1627.000	0.000
1628.000	0.000
1629.000	0.000
1630.000	0.000
1631.000	0.000
1632.000	0.000
1633.000	0.000
1634.000	0.000
1635.000	0.000
1636.000	0.000
1637.000	0.000
1638.000	0.000
1639.000	0.000
1640.000	0.000
1641.000	0.000
1642.000	0.000
1643.000	0.000
1644.000	0.000
1645.000	0.000
1646.000	0.000
1647.000	0.000
1648.000	0.000
1649.000	0.000
1650.000	0.000
1651.000	0.000
1652.000	0.000
1653.000	0.000
1654.000	0.000
1655.000	0.000
1656.000	0.000
1657.000	0.000
1658.000	0.000
1659.000	0.000
1660.000	0.000
1661.000	0.000
1662.000	0.000
1663.000	0.000
1664.000	0.000
1665.000	0.000
1666.000	0.000
1667.000	0.000
1668.000	0.000
1669.000	0.000
1670.000	0.000
1671.000	0.000
1672.000	0.000
1673.000	0.000
1674.000	0.000
1675.000	0.000
1676.000	0.000
1677.000	0.000
1678.000	0.000
1679.000	0.000
1680.000	0.000
1681.000	0.000
1682.000	0.000
1683.000	0.000
1684.000	0.000
1685.000	0.000
1686.000	0.000
1687.000	0.000
1688.000	0.000
1689.000	0.000
1690.000	0.000
1691.000	0.000
1692.000	0.000
1693.000	0.000
1694.000	0.000
1695.000	0.000
1696.000	0.000
1697.000	0.000
1698.000	0.000
1699.000	0.000
1700.000	0.000
1701.000	0.000
1702.000	0.000
1703.000	0.000
1704.000	0.000
1705.000	0.000
1706.000	0.000
1707.000	0.000
1708.000	0.000
1709.000	0.000
1710.000	0.000
1711.000	0.000
1712.000	0.000
1713.000	0.000
1714.000	0.000
1715.000	0.000
1716.000	0.000
1717.000	0.000
1718.000	0.000
1719.000	0.000
1720.000	0.000
1721.000	0.000
1722.000	0.000
1723.000	0.000
1724.000	0.000
1725.000	0.000
1726.000	0.000
1727.000	0.000
1728.000	0.000
1729.000	0.000
1730.000	0.000
1731.000	0.000
1732.000	0.000
1733.000	0.000
1734.000	0.000
1735.000	0.000
1736.000	0.000
1737.000	0.000
1738.000	0.000
1739.000	0.000
1740.000	0.000
1741.000	0.000
1742.000	0.000
1743.000	0.000
1744.000	0.000
1745.000	0.000
1746.000	0.000
1747.000	0.000
1748.000	0.000
1749.000	0.000
1750.000	0.000
1751.000	0.000
1752.000	0.000
1753.000	0.000
1754.000	0.000
1755.000	0.000
1756.000	0.000
1757.000	0.000
1758.000	0.000
1759.000	0.000
1760.000	0.000
1761.000	0.000
1762.000	0.000
1763.000	0.000
1764.000	0.000
1765.000	0.000
1766.000	0.000
1767.000	0.000
1768.000	0.000
1769.000	0.000
1770.000	0.000
1771.000	0.000
1772.000	0.000
1773.000	0.000
1774.000	0.000
1775.000	0.000
1776.000	0.000
1777.000	0.000
1778.000	0.000
1779.000	0.000
1780.000	0.000
1781.000	0.000
1782.000	0.000
1783.000	0.000
1784.000	0.000
1785.000	0.000
1786.000	0.000
1787.000	0.000
1788.000	0.000
1789.000	0.000
1790.000	0.000
1791.000	0.000
1792.000	0.000
1793.000	0.000
1794.000	0.000
1795.000	0.000
1796.000	0.000
1797.000	0.000
1798.000	0.000
1799.000	0.000
1800.000	0.000
1801.000	0.000
1802.000	0.000
1803.000	0.000
1804.000	0.000
1805.000	0.000
1806.000	0.000
1807.000	0.000
1808.000	0.000
1809.000	0.000
1810.000	0.000
1811.000	0.000
1812.000	0.000
1813.000	0.000
1814.000	0.000
1815.000	0.000
1816.000	0.000
1817.000	0.000
1818.000	0.000
1819.000	0.000
1820.000	0.000
1821.000	0.000
1822.000	0.000
1823.000	0.000
1824.000	0.000
1825.000	0.000
1826.000	0.000
1827.000	0.000
1828.000	0.000
1829.000	0.000
1830.000	0.000
1831.000	0.000
1832.000	0.000
1833.000	0.000
1834.000	0.000
1835.000	0.000
1836.000	0.000
1837.000	0.000
1838.000	0.000
1839.000	0.000
1840.000	0.000
1841.000	0.000
1842.000	0.000
1843.000	0.000
1844.000	0.000
1845.000	0.000
1846.000	0.000
1847.000	0.000
1848.000	0.000
1849.000	0.000
1850.000	0.000
1851.000	0.000
1852.000	0.000
1853.000	0.000
1854.000	0.000
1855.000	0.000
1856.000	0.000
1857.000	0.000
1858.000	0.000
1859.000	0.000
1860.000	0.000
1861.000	0.000
1862.000	0.000
1863.000	0.000
1864.000	0.000
1865.000	0.000
1866.000	0.000
1867.000	0.000
1868.000	0.000
1869.000	0.000
1870.000	0.000
1871.000	0.000
1872.000	0.000
1873.000	0.000
1874.000	0.000
1875.000	0.000
1876.000	0.000
1877.000	0.000
1878.000	0.000
1879.000	0.000
1880.000	0.000
1881.000	0.000
1882.000	0.000
1883.000	0.000
1884.000	0.000
1885.000	0.000
1886.000	0.000
1887.000	0.000
1888.000	0.000
1889.000	0.000
1890.000	0.000
1891.000	0.000
1892.000	0.000
1893.000	0.000
1894.000	0.000
1895.000	0.000
1896.000	0.000
1897.000	0.000
1898.000	0.000
1899.000	0.000
1900.000	0.000
1901.000	0.000
1902.000	0.000
1903.000	0.000
1904.000	0.000
1905.000	0.000
1906.000	0.000
1907.000	0.000
1908.000	0.000
1909.000	0.000
1910.000	0.000
1911.000	0.000
1912.000	0.000
1913.000	0.000
1914.000	0.000
1915.000	0.000
1916.000	0.000
1917.000	0.000
1918.000	0.000
1919.000	0.000
1920.000	0.000
1921.000	0.000
1922.000	0.000
1923.000	0.000
1924.000	0.000
1925.000	0.000
1926.000	0.000
1927.000	0.000
1928.000	0.000
1929.000	0.000
1930.000	0.000
1931.000	0.000
1932.000	0.000
1933.000	0.000
1934.000	0.000
1935.000	0.000
1936.000	0.000
1937.000	0.000
1938.000	0.000
1939.000	0.000
1940.000	0.000
1941.000	0.000
1942.000	0.000
1943.000	0.000
1944.000	0.000
1945.000	0.000
1946.000	0.000
1947.000	0.000
1948.000	0.000
1949.000	0.000
1950.000	0.000
1951.000	0.000
1952.000	0.000
1953.000	0.000
1954.000	0.000
1955.000	0.000
1956.000	0.000
1957.000	0.000
1958.000	0.000
1959.000	0.000
1960.000	0.000
1961.000	0.000
1962.000	0.000
1963.000	0.000
1964.000	0.000
1965.000	0.000
1966.000	0.000
1967.000	0.000
1968.000	0.000
1969.000	0.000
1970.000	0.000
1971.000	0.000
1972.000	0.000
1973.000	0.000
1974.000	0.000
1975.000	0.000
1976.000	0.000
1977.000	0.000
1978.000	0.000
1979.000	0.000
1980.000	0.000
1981.000	0.000
1982.000	0.000
1983.000	0.000
1984.000	0.000
1985.000	0.000
1986.000	0.000
1987.000	0.000
1988.000	0.000
1989.000	0.000
1990.000	0.000
1991.000	0.000
1992.000	0.000
1993.000	0.000
1994.000	0.000
1995.000	0.000
1996.000	0.000
1997.000	0.000
1998.000	0.000
1999.000	0.000
2000.000	0.000
2001.000	0.000
2002.000	0.000
2003.000	0.000
2004.000	0.000
2005.000	0.000
2006.000	0.000
2007.000	0.000
2008.000	0.000
2009.000	0.000
2010.000	0.000
2011.000	0.000
2012.000	0.000
2013.000	0.000
2014.000	0.000
2015.000	0.000
2016.000	0.000
2017.000	0.000
2018.000	0.000
2019.000	0.000
2020.000	0.000
2021.000	0.000
2022.000	0.000
2023.000	0.000
2024.000	0.000
2025.000	0.000
2026.000	0.000
2027.000	0.000
2028.000	0.000
2029.000	0.000
2030.000	0.000
2031.000	0.000
2032.000	0.000
2033.000	0.000
2034.000	0.000
2035.000	0.000
2036.000	0.000
2037.000	0.000
2038.000	0.000
2039.000	0.000
2040.000	0.000
2041.000	0.000
2042.000	0.000
2043.000	0.000
2044.000	0.000
2045.000	0.000
2046.000	0.000
2047.000	0.000
2048.000	0.000
2049.000	0.000
2050.000	0.000
2051.000	0.000
2052.000	0.000
2053.000	0.000
2054.000	0.000
2055.000	0.000
2056.000	0.000
2057.000	0.000
2058.000	0.000
2059.000	0.000
2060.000	0.000
2061.000	0.000
2062.000	0.000
2063.000	0.000
2064.000	0.000
2065.000	0.000
2066.000	0.000
2067.000	0.000
2068.000	0.000
2069.000	0.000
2070.000	0.000
2071.000	0.000
2072.000	0.000
2073.000	0.000
2074.000	0.000
2075.000	0.000
2076.000	0.000
2077.000	0.000
2078.000	0.000
2079.000	0.000
2080.000	0.000
2081.000	0.000
2082.000	0.000
2083.000	0.000
2084.000	0.000
2085.000	0.000
2086.000	0.000
2087.000	0.000
2088.000	0.000
2089.000	0.000
2090.000	0.000
2091.000	0.000
2092.000	0.000
2093.000	0.000
2094.000	0.000
2095.000	0.000
2096.000	0.000
2097.000	0.000
2098.000	0.000
2099.000	0.000
2100.000	0.000
2101.000	0.000
2102.000	0.000
2103.000	0.000
2104.000	0.000
2105.000	0.000
2106.000	0.000
2107.000	0.000
2108.000	0.000
2109.000	0.000
2110.000	0.000
2111.000	0.000
2112.000	0.000
2113.000	0.000
2114.000	0.000
2115.000	0.000
2116.000	0.000
2117.000	0.000
2118.000	0.000
2119.000	0.000
2120.000	0.000
2121.000	0.000
2122.000	0.000
2123.000	0.000
2124.000	0.000
2125.000	0.000
2126.000	0.000
2127.000	0.000
2128.000	0.000
2129.000	0.000
2130.000	0.000
2131.000	0.000
2132.000	0.000
2133.000	0.000
2134.000	0.000
2135.000	0.000
2136.000	0.000
2137.000	0.000
2138.000	0.000
2139.000	0.000
2140.000	0.000
2141.000	0.000
2142.000	0.000
2143.000	0.000
2144.000	0.000
2145.000	0.000
2146.000	0.000
2147.000	0.000
2148.000	0.000
2149.000	0.000
2150.000	0.000
2151.000	0.000
2152.000	0.000
2153.000	0.000
2154.000	0.000
2155.000	0.000
2156.000	0.000
2157.000	0.000
2158.000	0.000
2159.000	0.000
2160.000	0.000
2161.000	0.000
2162.000	0.000
2163.000	0.000
2164.000	0.000
2165.000	0.000
2166.000	0.000
2167.000	0.000
2168.000	0.000
2169.000	0.000
2170.000	0.000
2171.000	0.000
2172.000	0.000
2173.000	0.000
2174.000	0.000
2175.000	0.000
2176.000	0.000
2177.000	0.000
2178.000	0.000
2179.000	0.000
2180.000	0.000
2181.000	0.000
2182.000	0.000
2183.000	0.000
2184.000	0.000
2185.000	0.000
2186.000	0.000
2187.000	0.000
2188.000	0.000
2189.000	0.000
2190.000	0.000
2191.000	0.000
2192.000	0.000
2193.000	0.000
2194.000	0.000
2195.000	0.000
2196.000	0.000
2197.000	0.000
2198.000	0.000
2199.000	0.000
2200.000	0.000
2201.000	0.000
2202.000	0.000
2203.000	0.000
2204.000	0.000
2205.000	0.000
2206.000	0.000
2207.000	0.000
2208.000	0.000
2209.000	0.000
2210.000	0.000
2211.000	0.000
2212.000	0.000
2213.000	0.000
2214.000	0.000
2215.000	0.000
2216.000	0.000
2217.000	0.000
2218.000	0.000
2219.000	0.000
2220.000	0.000
2221.000	0.000
2222.000	0.000
2223.000	0.000
2224.000	0.000
2225.000	0.000
2226.000	0.000
2227.000	0.000
2228.000	0.000
2229.000	0.000
2230.000	0.000
2231.000	0.000
2232.000	0.000
2233.000	0.000
2234.000	0.000
2235.000	0.000
2236.000	0.000
2237.000	0.000
2238.000	0.000
2239.000	0.000
2240.000	0.000
2241.000	0.000
2242.000	0.000
2243.000	0.000
2244.000	0.000
2245.000	0.000
2246.000	0.000
2247.000	0.000
2248.000	0.000
2249.000	0.000
2250.000	0.000
2251.000	0.000
2252.000	0.000
2253.000	0.000
2254.000	0.000
2255.000	0.000
2256.000	0.000
2257.000	0.000
2258.000	0.000
2259.000	0.000
2260.000	0.000
2261.000	0.000
2262.000	0.000
2263.000	0.000
2264.000	0.000
2265.000	0.000
2266.000	0.000
2267.000	0.000
2268.000	0.000
2269.000	0.000
2270.000	0.000
2271.000	0.000
2272.000	0.000
2273.000	0.000
2274.000	0.000
2275.000	0.000
2276.000	0.000
2277.000	0.000
2278.000	0.000
2279.000	0.000
2280.000	0.000
2281.000	0.000
2282.000	0.000
2283.000	0.000
2284.000	0.000
2285.000	0.000
2286.000	0.000
2287.000	0.000
2288.000	0.000
2289.000	0.000
2290.000	0.000
2291.000	0.000
2292.000	0.000
2293.000	0.000
2294.000	0.000
2295.000	0.000
2296.000	0.000
2297.000	0.000
2298.000	0.000
2299.000	0.000
2300.000	0.000
2301.000	0.000
2302.000	0.000
2303.000	0.000
2304.000	0.000
2305.000	0.000
2306.000	0.000
2307.000	0.000
2308.000	0.000
2309.000	0.000
2310.000	0.000
2311.000	0.000
2312.000	0.000
2313.000	0.000
2314.000	0.000
2315.000	0.000
2316.000	0.000
2317.000	0.000
2318.000	0.000
2319.000	0.000
2320.000	0.000
2321.000	0.000
2322.000	0.000
2323.000	0.000
2324.000	0.000
2325.000	0.000
2326.000	0.000
2327.000	0.000
2328.000	0.000
2329.000	0.000
2330.000	0.000
2331.000	0.000
2332.000	0.000
2333.000	0.000
2334.000	0.000
2335.000	0.000
2336.000	0.000
2337.000	0.000
2338.000	0.000
2339.000	0.000
2340.000	0.000
2341.000	0.000
2342.000	0.000
2343.000	0.000
2344.000	0.000
2345.000	0.000
2346.000	0.000
2347.000	0.000
2348.000	0.000
2349.000	0.000
2350.000	0.000
2351.000	0.000
2352.000	0.000
2353.000	0.000
2354.000	0.000
2355.000	0.000
2356.000	0.000
2357.000	0.000
2358.000	0.000
2359.000	0.000
2360.000	0.000
2361.000	0.000
2362.000	0.000
2363.000	0.000
2364.000	0.000
2365.000	0.000
2366.000	0.000
2367.000	0.000
2368.000	0.000
2369.000	0.000
2370.000	0.000
2371.000	0.000
2372.000	0.000
2373.000	0.000
2374.000	0.000
2375.000	0.000
2376.000	0.000
2377.000	0.000
2378.000	0.000
2379.000	0.000
2380.000	0.000
2381.000	0.000
2382.000	0.000
2383.000	0.000
2384.000	0.000
2385.000	0.000
2386.000	0.000
2387.000	0.000
2388.000	0.000
2389.000	0.000
2390.000	0.000
2391.000	0.000
2392.000	0.000
2393.000	0.000
2394.000	0.000
2395.000	0.000
2396.000	0.000
2397.000	0.000
2398.000	0.000
2399.000	0.000
2400.000	0.000
2401.000	0.000
2402.000	0.000
2403.000	0.000
2404.000	0.000
2405.000	0.000
2406.000	0.000
2407.000	0.000
2408.000	0.000
2409.000	0.000
2410.000	0.000
2411.000	0.000
2412.000	0.000
2413.000	0.000
2414.000	0.000
2415.000	0.000
2416.000	0.000
2417.000	0.000
2418.000	0.000
2419.000	0.000
2420.000	0.000
2421.000	0.000
2422.000	0.000
2423.000	0.000
2424.000	0.000
2425.000	0.000
2426.000	0.000
2427.000	0.000
2428.000	0.000
2429.000	0.000
2430.000	0.000
2431.000	0.000
2432.000	0.000
2433.000	0.000
2434.000	0.000
2435.000	0.000
2436.000	0.000
2437.000	0.000
2438.000	0.000
2439.000	0.000
2440.000	0.000
2441.000	0.000
2442.000	0.000
2443.000	0.000
2444.000	0.000
2445.000	0.000
2446.000	0.000
2447.000	0.000
2448.000	0.000
2449.000	0.000
2450.000	0.000
2451.000	0.000
2452.000	0.000
2453.000	0.000
2454.000	0.000
2455.000	0.000
2456.000	0.000
2457.000	0.000
2458.000	0.000
2459.000	0.000
2460.000	0.000
2461.000	0.000
2462.000	0.000
2463.000	0.000
2464.000	0.000
2465.000	0.000
2466.000	0.000
2467.000	0.000
2468.000	0.000
2469.000	0.000
2470.000	0.000
2471.000	0.000
2472.000	0.000
2473.000	0.000
2474.000	0.000
2475.000	0.000
2476.000	0.000
2477.000	0.000
2478.000	0.000
2479.000	0.000
2480.000	0.000
2481.000	0.000
2482.000	0.000
2483.000	0.000
2484.000	0.000
2485.000	0.000
2486.000	0.000
2487.000	0.000
2488.000	0.000
2489.000	0.000
2490.000	0.000
2491.000	0.000
2492.000	0.000
2493.000	0.000
2494.000	0.000
2495.000	0.000
2496.000	0.000
2497.000	0.000
2498.000	0.000
2499.000	0.000
2500.000	0.000
2501.000	0.000
2502.000	0.000
2503.000	0.000
2504.000	0.000
2505.000	0.000
2506.000	0.000
2507.000	0.000
2508.000	0.000
2509.000	0.000
2510.000	0.000
2511.000	0.000
2512.000	0.000
2513.000	0.000
2514.000	0.000
2515.000	0.000
2516.000	0.000
2517.000	0.000
2518.000	0.000
2519.000	0.000
2520.000	0.000
2521.000	0.000
2522.000	0.000
2523.000	0.000
2524.000	0.000
2525.000	0.000
2526.000	0.000
2527.000	0.000
2528.000	0.000
2529.000	0.000
2530.000	0.000
2531.000	0.000
2532.000	0.000
2533.000	0.000
2534.000	0.000
2535.000	0.000
2536.000	0.000
2537.000	0.000
2538.000	0.000
2539.000	0.000
2540.000	0.000
2541.000	0.000
2542.000	0.000
2543.000	0.000
2544.000	0.000
2545.000	0.000
2546.000	0.000
2547.000	0.000
2548.000	0.000
2549.000	0.000
2550.000	0.000
2551.000	0.000
2552.000	0.000
2553.000	0.000
2554.000	0.000
2555.000	0.000
2556.000	0.000
2557.000	0.000
2558.000	0.000
2559.000	0.000
2560.000	0.000
2561.000	0.000
2562.000	0.000
2563.000	0.000
2564.000	0.000
2565.000	0.000
2566.000	0.000
2567.000	0.000
2568.000	0.000
2569.000	0.000
2570.000	0.000
2571.000	0.000
2572.000	0.000
2573.000	0.000
2574.000	0.000
2575.000	0.000
2576.000	0.000
2577.000	0.000
2578.000	0.000
2579.000	0.000
2580.000	0.000
2581.000	0.000
2582.000	0.000
2583.000	0.000
2584.000	0.000
2585.000	0.000
2586.000	0.000
2587.000	0.000
2588.000	0.000
2589.000	0.000
2590.000	0.000
2591.000	0.000
2592.000	0.000
2593.000	0.000
2594.000	0.000
2595.000	0.000
2596.000	0.000
2597.000	0.000
2598.000	0.000
2599.000	0.000
2600.000	0.000
2601.000	0.000
2602.000	0.000
2603.000	0.000
2604.000	0.000
2605.000	0.000
2606.000	0.000
2607.000	0.000
2608.000	0.000
2609.000	0.000
2610.000	0.000
2611.000	0.000
2612.000	0.000
2613.000	0.000
2614.000	0.000
2615.000	0.000
2616.000	0.000
2617.000	0.000
2618.000	0.000
2619.000	0.000
2620.000	0.000
2621.000	0.000
2622.000	0.000
2623.000	0.000
2624.000	0.000
2625.000	0.000
2626.000	0.000
2627.000	0.000
2628.000	0.000
2629.000	0.000
2630.000	0.000
2631.000	0.000
2632.000	0.000
2633.000	0.000
2634.000	0.000
2635.000	0.000
2636.000	0.000
2637.000	0.000
2638.000	0.000
2639.000	0.000
2640.000	0.000
2641.000	0.000
2642.000	0.000
2643.000	0.000
2644.000	0.000
2645.000	0.000
2646.000	0.000
2647.000	0.000
2648.000	0.000
2649.000	0.000
2650.000	0.000
2651.000	0.000
2652.000	0.000
2653.000	0.000
2654.000	0.000
2655.000	0.000
2656.000	0.000
2657.000	0.000
2658.000	0.000
2659.000	0.000
2660.000	0.000
2661.000	0.000
2662.000	0.000
2663.000	0.000
2664.000	0.000
2665.000	0.000
2666.000	0.000
2667.000	0.000
2668.000	0.000
2669.000	0.000
2670.000	0.000
2671.000	0.000
2672.000	0.000
2673.000	0.000
2674.000	0.000
2675.000	0.000
2676.000	0.000
2677.000	0.000
2678.000	0.000
2679.000	0.000
2680.000	0.000
2681.000	0.000
2682.000	0.000
2683.000	0.000
2684.000	0.000
2685.000	0.000
2686.000	0.000
2687.000	0.000
2688.000	0.000
2689.000	0.000
2690.000	0.000
2691.000	0.000
2692.000	0.000
2693.000	0.000
2694.000	0.000
2695.000	0.000
2696.000	0.000
2697.000	0.000
2698.000	0.000
2699.000	0.000
2700.000	0.000
2701.000	0.000
2702.000	0.000
2703.000	0.000
2704.000	0.000
2705.000	0.000
2706.000	0.000
2707.000	0.000
2708.000	0.000
2709.000	0.000
2710.000	0.000
2711.000	0.000
2712.000	0.000
2713.000	0.000
2714.000	0.000
2715.000	0.000
2716.000	0.000
2717.000	0.000
2718.000	0.000
2719.000	0.000
2720.000	0.000
2721.000	0.000
2722.000	0.000
2723.000	0.000
2724.000	0.000
2725.000	0.000
2726.000	0.000
2727.000	0.000
2728.000	0.000
2729.000	0.000
2730.000	0.000
2731.000	0.000
2732.000	0.000
2733.000	0.000
2734.000	0.000
2735.000	0.000
2736.000	0.000
2737.000	0.000
2738.000	0.000
2739.000	0.000
2740.000	0.000
2741.000	0.000
2742.000	0.000
2743.000	0.000
2744.000	0.000
2745.000	0.000
2746.000	0.000
2747.000	0.000
2748.000	0.000
2749.000	0.000
2750.000	0.000
2751.000	0.000
2752.000	0.000
2753.000	0.000
2754.000	0.000
2755.000	0.000
2756.000	0.000
2757.000	0.000
2758.000	0.000
2759.000	0.000
2760.000	0.000
2761.000	0.000
2762.000	0.000
2763.000	0.000
2764.000	0.000
2765.000	0.000
2766.000	0.000
2767.000	0.000
2768.000	0.000
2769.000	0.000
2770.000	0.000
2771.000	0.000
2772.000	0.000
2773.000	0.000
2774.000	0.000
2775.000	0.000
2776.000	0.000
2777.000	0.000
2778.000	0.000
2779.000	0.000
2780.000	0.000
2781.000	0.000
2782.000	0.000
2783.000	0.000
2784.000	0.000
2785.000	0.000
2786.000	0.000
2787.000	0.000
2788.000	0.000
2789.000	0.000
2790.000	0.000
2791.000	0.000
2792.000	0.000
2793.000	0.000
2794.000	0.000
2795.000	0.000
2796.000	0.000
2797.000	0.000
2798.000	0.000
2799.000	0.000
2800.000	0.000
2801.000	0.000
2802.000	0.000
2803.000	0.000
2804.000	0.000
2805.000	0.000
2806.000	0.000
2807.000	0.000
2808.000	0.000
2809.000	0.000
2810.000	0.000
2811.000	0.000
2812.000	0.000
2813.000	0.000
2814.000	0.000
2815.000	0.000
2816.000	0.000
2817.000	0.000
2818.000	0.000
2819.000	0.000
2820.000	0.000
2821.000	0.000
2822.000	0.000
2823.000	0.000
2824.000	0.000
2825.000	0.000
2826.000	0.000
2827.000	0.000
2828.000	0.000
2829.000	0.000
2830.000	0.000
2831.000	0.000
2832.000	0.000
2833.000	0.000
2834.000	0.000
2835.000	0.000
2836.000	0.000
2837.000	0.000
2838.000	0.000
2839.000	0.000
2840.000	0.000
2841.000	0.000
2842.000	0.000
2843.000	0.000
2844.000	0.000
2845.000	0.000
2846.000	0.000
2847.000	0.000
2848.000	0.000
2849.000	0.000
2850.000	0.000
2851.000	0.000
2852.000	0.000
2853.000	0.000
2854.000	0.000
2855.000	0.000
2856.000	0.000
2857.000	0.000
2858.000	0.000
2859.000	0.000
2860.000	0.000
2861.000	0.000
2862.000	0.000
2863.000	0.000
2864.000	0.000
2865.000	0.000
2866.000	0.000
2867.000	0.000
2868.000	0.000
2869.000	0.000
2870.000	0.000
2871.000	0.000
2872.000	0.000
2873.000	0.000
2874.000	0.000
2875.000	0.000
2876.000	0.000
2877.000	0.000
2878.000	0.000
2879.000	0.000
2880.000	0.000
2881.000	0.000
2882.000	0.000
2883.000	0.000
2884.000	0.000
2885.000	0.000
2886.000	0.000
2887.000	0.000
2888.000	0.000
2889.000	0.000
2890.000	0.000
2891.000	0.000
2892.000	0.000
2893.000	0.000
2894.000	0.000
2895.000	0.000
2896.000	0.000
2897.000	0.000
2898.000	0.000
2899.000	0.000
2900.000	0.000
2901.000	0.000
2902.000	0.000
2903.000	0.000
2904.000	0.000
2905.000	0.000
2906.000	0.000
2907.000	0.000
2908.000	0.000
2909.000	0.000
2910.000	0.000
2911.000	0.000
2912.000	0.000
2913.000	0.000
2914.000	0.000
2915.000	0.000
2916.000	0.000
2917.000	0.000
2918.000	0.000
2919.000	0.000
2920.000	0.000
2921.000	0.000
2922.000	0.000
2923.000	0.000
2924.000	0.000
2925.000	0.000
2926.000	0.000
2927.000	0.000
2928.000	0.000
2929.000	0.000
2930.000	0.000
2931.000	0.000
2932.000	0.000
2933.000	0.000
2934.000	0.000
2935.000	0.000
2936.000	0.000
2937.000	0.000
2938.000	0.000
2939.000	0.000
2940.000	0.000
2941.000	0.000
2942.000	0.000
2943.000	0.000
2944.000	0.000
2945.000	0.000
2946.000	0.000
2947.000	0.000
2948.000	0.000
2949.000	0.000
2950.000	0.000
2951.000	0.000
2952.000	0.000
2953.000	0.000
2954.000	0.000
2955.000	0.000
2956.000	0.000
2957.000	0.000
2958.000	0.000
2959.000	0.000
2960.000	0.000
2961.000	0.000
2962.000	0.000
2963.000	0.000
2964.000	0.000
2965.000	0.000
2966.000	0.000
2967.000	0.000
2968.000	0.000
2969.000	0.000
2970.000	0.000
2971.000	0.000
2972.000	0.000
2973.000	0.000
2974.000	0.000
2975.000	0.000
2976.000	0.000
2977.000	0.000
2978.000	0.000
2979.000	0.000
2980.000	0.000
2981.000	0.000
2982.000	0.000
2983.000	0.000
2984.000	0.000
2985.000	0.000
2986.000	0.000
2987.000	0.000
2988.000	0.000
2989.000	0.000
2990.000	0.000
2991.000	0.000
2992.000	0.000
2993.000	0.000
2994.000	0.000
2995.000	0.000
2996.000	0.000
2997.000	0.000
2998.000	0.000
2999.000	0.000
3000.000	0.000
3001.000	0.000
3002.000	0.000
3003.000	0.000
3004.000	0.000
3005.000	0.000
3006.000	0.000
3007.000	0.000
3008.000	0.000
3009.000	0.000
3010.000	0.000
3011.000	0.000
3012.000	0.000
3013.000	0.000
3014.000	0.000
3015.000	0.000
3016.000	0.000
3017.000	0.000
3018.000	0.000
3019.000	0.000
3020.000	0.000
3021.000	0.000
3022.000	0.000
3023.000	0.000
3024.000	0.000
3025.000	0.000
3026.000	0.000
3027.000	0.000
3028.000	0.000
3029.000	0.000
3030.000	0.000
3031.000	0.000
3032.000	0.000
3033.000	0.000
3034.000	0.000
3035.000	0.000
3036.000	0.000
3037.000	0.000
3038.000	0.000
3039.000	0.000
3040.000	0.000
3041.000	0.000
3042.000	0.000
3043.000	0.000
3044.000	0.000
3045.000	0.000
3046.000	0.000
3047.000	0.000
3048.000	0.000
3049.000	0.000
3050.000	0.000
3051.000	0.000
3052.000	0.000
3053.000	0.000
3054.000	0.000
3055.000	0.000
3056.000	0.000
3057.000	0.000
3058.000	0.000
3059.000	0.000
3060.000	0.000
3061.000	0.000
3062.000	0.000
3063.000	0.000
3064.000	0.000
3065.000	0.000
3066.000	0.000
3067.000	0.000
3068.000	0.000
3069.000	0.000
3070.000	0.000
3071.000	0.000
3072.000	0.000
3073.000	0.000
3074.000	0.000
3075.000	0.000
3076.000	0.000
3077.000	0.000
3078.000	0.000
3079.000	0.000
3080.000	0.000
3081.000	0.000
3082.000	0.000
3083.000	0.000
3084.000	0.000
3085.000	0.000
3086.000	0.000
3087.000	0.000
3088.000	0.000
3089.000	0.000
3090.000	0.000
3091.000	0.000
3092.000	0.000
3093.000	0.000
3094.000	0.000
3095.000	0.000
3096.000	0.000
3097.000	0.000
3098.000	0.000
3099.000	0.000
3100.000	0.000
3101.000	0.000
3102.000	0.000
3103.000	0.000
3104.000	0.000
3105.000	0.000
3106.000	0.000
3107.000	0.000
3108.000	0.000
3109.000	0.000
3110.000	0.000
3111.000	0.000
3112.000	0.000
3113.000	0.000
3114.000	0.000
3115.000	0.000
3116.000	0.000
3117.000	0.000
3118.000	0.000
3119.000	0.000
3120.000	0.000
3121.000	0.000
3122.000	0.000
3123.000	0.000
3124.000	0.000
3125.000	0.000
3126.000	0.000
3127.000	0.000
3128.000	0.000
3129.000	0.000
3130.000	0.000
3131.000	0.000
3132.000	0.000
3133.000	0.000
3134.000	0.000
3135.000	0.000
3136.000	0.000
3137.000	0.000
3138.000	0.000
3139.000	0.000
3140.000	0.000
3141.000	0.000
3142.000	0.000
3143.000	0.000
3144.000	0.000
3145.000	0.000
3146.000	0.000
3147.000	0.000
3148.000	0.000
3149.000	0.000
3150.000	0.000
3151.000	0.000
3152.000	0.000
3153.000	0.000
3154.000	0.000
3155.000	0.000
3156.000	0.000
3157.000	0.000
3158.000	0.000
3159.000	0.000
3160.000	0.000
3161.000	0.000
3162.000	0.000
3163.000	0.000
3164.000	0.000
3165.000	0.000
3166.000	0.000
3167.000	0.000
3168.000	0.000
3169.000	0.000
3170.000	0.000
3171.000	0.000
3172.000	0.000
3173.000	0.000
3174.000	0.000
3175.000	0.000
3176.000	0.000
3177.000	0.000
3178.000	0.000
3179.000	0.000
3180.000	0.000
3181.000	0.000
3182.000	0.000
3183.000	0.000
3184.000	0.000
3185.000	0.000
3186.000	0.000
3187.000	0.000
3188.000	0.000
3189.000	0.000
3190.000	0.000
3191.000	0.000
3192.000	0.000
3193.000	0.000
3194.000	0.000
3195.000	0.000
3196.000	0.000
3197.000	0.000
3198.000	0.000
3199.000	0.000
3200.000	0.000
3201.000	0.000
3202.000	0.000
3203.000	0.000
3204.000	0.000
3205.000	0.000
3206.000	0.000
3207.000	0.000
3208.000	0.000
3209.000	0.000
3210.000	0.000
3211.000	0.000
3212.000	0.000
3213.000	0.000
3214.000	0.000
3215.000	0.000
3216.000	0.000
3217.000	0.000
3218.000	0.000
3219.000	0.000
3220.000	0.000
3221.000	0.000
3222.000	0.000
3223.000	0.000
3224.000	0.000
3225.000	0.000
3226.000	0.000
3227.000	0.000
3228.000	0.000
3229.000	0.000
3230.000	0.000
3231.000	0.000
3232.000	0.000
3233.000	0.000
3234.000	0.000
3235.000	0.000
3236.000	0.000
3237.000	0.000
3238.000	0.000
3239.000	0.000
3240.000	0.000
3241.000	0.000
3242.000	0.000
3243.000	0.000
3244.000	0.000
3245.000	0.000
3246.000	0.000
3247.000	0.000
3248.000	0.000
3249.000	0.000
3250.000	0.000
3251.000	0.000
3252.000	0.000
3253.000	0.000
3254.000	0.000
3255.000	0.000
3256.000	0.000
3257.000	0.000
3258.000	0.000
3259.000	0.000
3260.000	0.000
3261.000	0.000
3262.000	0.000
3263.000	0.000
3264.000	0.000
3265.000	0.000
3266.000	0.000
3267.000	0.000
3268.000	0.000
3269.000	0.000
3270.000	0.000
3271.000	0.000
3272.000	0.000
3273.000	0.000
3274.000	0.000
3275.000	0.000
3276.000	0.000
3277.000	0.000
3278.000	0.000
3279.000	0.000
3280.000	0.000
3281.000	0.000
3282.000	0.000
3283.000	0.000
3284.000	0.000
3285.000	0.000
3286.000	0.000
3287.000	0.000
3288.000	0.000
3289.000	0.000
3290.000	0.000
3291.000	0.000
3292.000	0.000
3293.000	0.000
3294.000	0.000
3295.000	0.000
3296.000	0.000
3297.000	0.000
3298.000	0.000
3299.000	0.000
3300.000	0.000
3301.000	0.000
3302.000	0.000
3303.000	0.000
3304.000	0.000
3305.000	0.000
3306.000	0.000
3307.000	0.000
3308.000	0.000
3309.000	0.000
3310.000	0.000
3311.000	0.000
3312.000	0.000
3313.000	0.000
3314.000	0.000
3315.000	0.000
3316.000	0.000
3317.000	0.000
3318.000	0.000
3319.000	0.000
3320.000	0.000
3321.000	0.000
3322.000	0.000
3323.000	0.000
3324.000	0.000
3325.000	0.000
3326.000	0.000
3327.000	0.000
3328.000	0.000
3329.000	0.000
3330.000	0.000
3331.000	0.000
3332.000	0.000
3333.000	0.000
3334.000	0.000
3335.000	0.000
3336.000	0.000
3337.000	0.000
3338.000	0.000
3339.000	0.000
3340.000	0.000
3341.000	0.000
3342.000	0.000
3343.000	0.000
3344.000	0.000
3345.000	0.000
3346.000	0.000
3347.000	0.000
3348.000	0.000
3349.000	0.000
3350.000	0.000
3351.000	0.000
3352.000	0.000
3353.000	0.000
3354.000	0.000
3355.000	0.000
3356.000	0.000
3357.000	0.000
3358.000	0.000
3359.000	0.000
3360.000	0.000
3361.000	0.000
3362.000	0.000
3363.000	0.000
3364.000	0.000
3365.000	0.000
3366.000	0.000
3367.000	0.000
3368.000	0.000
3369.000	0.000
3370.000	0.000
3371.000	0.000
3372.000	0.000
3373.000	0.000
3374.000	0.000
3375.000	0.000
3376.000	0.000
3377.000	0.000
3378.000	0.000
3379.000	0.000
3380.000	0.000
3381.000	0.000
3382.000	0.000
3383.000	0.000
3384.000	0.000
3385.000	0.000
3386.000	0.000
3387.000	0.000
3388.000	0.000
3389.000	0.000
3390.000	0.000
3391.000	0.000
3392.000	0.000
3393.000	0.000
3394.000	0.000
3395.000	0.000
3396.000	0.000
3397.000	0.000
3398.000	0.000
3399.000	0.000
3400.000	0.000
3401.000	0.000
3402.000	0.000
3403.000	0.000
3404.000	0.000
3405.000	0.000
3406.000	0.000
3407.000	0.000
3408.000	0.000
3409.000	0.000
3410.000	0.000
3411.000	0.000
3412.000	0.000
3413.000	0.000
3414.000	0.000
3415.000	0.000
3416.000	0.000
3417.000	0.000
3418.000	0.000
3419.000	0.000
3420.000	0.000
3421.000	0.000
3422.000	0.000
3423.000	0.000
3424.000	0.000
3425.000	0.000
3426.000	0.000
3427.000	0.000
3428.000	0.000
3429.000	0.000
3430.000	0.000
3431.000	0.000
3432.000	0.000
3433.000	0.000
3434.000	0.000
3435.000	0.000
3436.000	0.000
3437.000	0.000
3438.000	0.000
3439.000	0.000
3440.000	0.000
3441.000	0.000
3442.000	0.000
3443.000	0.000
3444.000	0.000
3445.000	0.000
3446.000	0.000
3447.000	0.000
3448.000	0.000
3449.000	0.000
3450.000	0.000
3451.000	0.000
3452.000	0.000
3453.000	0.000
3454.000	0.000
3455.000	0.000
3456.000	0.000
3457.000	0.000
3458.000	0.000
3459.000	0.000
3460.000	0.000
3461.000	0.000
3462.000	0.000
3463.000	0.000
3464.000	0.000
3465.000	0.000
3466.000	0.000
3467.000	0.000
3468.000	0.000
3469.000	0.000
3470.000	0.000
3471.000	0.000
3472.000	0.000
3473.000	0.000
3474.000	0.000
3475.000	0.000
3476.000	0.000
3477.000	0.000
3478.000	0.000
3479.000	0.000
3480.000	0.000
3481.000	0.000
3482.000	0.000
3483.000	0.000
3484.000	0.000
3485.000	0.000
3486.000	0.000
3487.000	0.000
3488.000	0.000
3489.000	0.000
3490.000	0.000
3491.000	0.000
3492.000	0.000
3493.000	0.000
3494.000	0.000
3495.000	0.000
3496.000	0.000
3497.000	0.000
3498.000	0.000
3499.000	0.000
3500.000	0.000
3501.000	0.000
3502.000	0.000
3503.000	0.000
3504.000	0.000
3505.000	0.000
3506.000	0.000
3507.000	0.000
3508.000	0.000
3509.000	0.000
3510.000	0.000
3511.000	0.000
3512.000	0.000
3513.000	0.000
3514.000	0.000
3515.000	0.000
3516.000	0.000
3517.000	0.000
3518.000	0.000
3519.000	0.000
3520.000	0.000
3521.000	0.000
3522.000	0.000
3523.000	0.000
3524.000	0.000
3525.000	0.000
3526.000	0.000
3527.000	0.000
3528.000	0.000
3529.000	0.000
3530.000	0.000
3531.000	0.000
3532.000	0.000
3533.000	0.000
3534.000	0.000
3535.000	0.000
3536.000	0.000
3537.000	0.000
3538.000	0.000
3539.000	0.000
3540.000	0.000
3541.000	0.000
3542.000	0.000
3543.000	0.000
3544.000	0.000
3545.000	0.000
3546.000	0.000
3547.000	0.000
3548.000	0.000
3549.000	0.000
3550.000	0.000
3551.000	0.000
3552.000	0.000
3553.000	0.000
3554.000	0.000
3555.000	0.000
3556.000	0.000
3557.000	0.000
3558.000	0.000
3559.000	0.000
3560.000	0.000
3561.000	0.000
3562.000	0.000
3563.000	0.000
3564.000	0.000
3565.000	0.000
3566.000	0.000
3567.000	0.000
3568.000	0.000
3569.000	0.000
3570.000	0.000
3571.000	0.000
3572.000	0.000
3573.000	0.000
3574.000	0.000
3575.000	0.000
3576.000	0.000
3577.000	0.000
3578.000	0.000
3579.000	0.000
3580.000	0.000
3581.000	0.000
3582.000	0.000
3583.000	0.000
3584.000	0.000
3585.000	0.000
3586.000	0.000
3587.000	0.000
3588.000	0.000
3589.000	0.000
3590.000	0.000
3591.000	0.000
3592.000	0.000
3593.000	0.000
3594.000	0.000
3595.000	0.000
3596.000	0.000
3597.000	0.000
3598.000	0.000
3599.000	0.000
3600.000	0.000
3601.000	0.000
3602.000	0.000
3603.000	0.000
3604.000	0.000
3605.000	0.000
3606.000	0.000
3607.000	0.000
3608.000	0.000
3609.000	0.000
3610.000	0.000
3611.000	0.000
3612.000	0.000
3613.000	0.000
3614.000	0.000
3615.000	0.000
3616.000	0.000
3617.000	0.000
3618.000	0.000
3619.000	0.000
3620.000	0.000
3621.000	0.000
3622.000	0.000
3623.000	0.000
3624.000	0.000
3625.000	0.000
3626.000	0.000
3627.000	0.000
3628.000	0.000
3629.000	0.000
3630.000	0.000
3631.000	0.000
3632.000	0.000
3633.000	0.000
3634.000	0.000
3635.000	0.000
3636.000	0.000
3637.000	0.000
3638.000	0.000
3639.000	0.000
3640.000	0.000
3641.000	0.000
3642.000	0.000
3643.000	0.000
3644.000	0.000
3645.000	0.000
3646.000	0.000
3647.000	0.000
3648.000	0.000
3649.000	0.000
3650.000	0.000
3651.000	0.000
3652.000	0.000
3653.000	0.000
3654.000	0.000
3655.000	0.000
3656.000	0.000
3657.000	0.000
3658.000	0.000
3659.000	0.000
3660.000	0.000
3661.000	0.000
3662.000	0.000
3663.000	0.000
3664.000	0.000
3665.000	0.000
3666.000	0.000
3667.000	0.000
3668.000	0.000
3669.000	0.000
3670.000	0.000
3671.000	0.000
3672.000	0.000
3673.000	0.000
3674.000	0.000
3675.000	0.000
3676.000	0.000
3677.000	0.000
3678.000	0.000
3679.000	0.000
3680.000	0.000
3681.000	0.000
3682.000	0.000
3683.000	0.000
3684.000	0.000
3685.000	0.000
3686.000	0.000
3687.000	0.000
3688.000	0.000
3689.000	0.000
3690.000	0.000
3691.000	0.000
3692.000	0.000
3693.000	0.000
3694.000	0.000
3695.000	0.000
3696.000	0.000
3697.000	0.000
3698.000	0.000
3699.000	0.000
3700.000	0.000
3701.000	0.000
3702.000	0.000
3703.000	0.000
3704.000	0.000
3705.000	0.000
3706.000	0.000
3707.000	0.000
3708.000	0.000
3709.000	0.000
3710.000	0.000
3711.000	0.000
3712.000	0.000
3713.000	0.000
3714.000	0.000
3715.000	0.000
3716.000	0.000
3717.000	0.000
3718.000	0.000
3719.000	0.000
3720.000	0.000
3721.000	0.000
3722.000	0.000
3723.000	0.000
3724.000	0.000
3725.000	0.000
3726.000	0.000
3727.000	0.000
3728.000	0.000
3729.000	0.000
3730.000	0.000
3731.000	0.000
3732.000	0.000
3733.000	0.000
3734.000	0.000
3735.000	0.000
3736.000	0.000
3737.000	0.000
3738.000	0.000
3739.000	0.000
3740.000	0.000
3741.000	0.000
3742.000	0.000
3743.000	0.000
3744.000	0.000
3745.000	0.000
3746.000	0.000
3747.000	0.000
3748.000	0.000
3749.000	0.000
3750.000	0.000
3751.000	0.000
3752.000	0.000
3753.000	0.000
3754.000	0.000
3755.000	0.000
3756.000	0.000
3757.000	0.000
3758.000	0.000
3759.000	0.000
3760.000	0.000
3761.000	0.000
3762.000	0.000
3763.000	0.000
3764.000	0.000
3765.000	0.000
3766.000	0.000
3767.000	0.000
3768.000	0.000
3769.000	0.000
3770.000	0.000
3771.000	0.000
3772.000	0.000
3773.000	0.000
3774.000	0.000
3775.000	0.000
3776.000	0.000
3777.000	0.000
3778.000	0.000
3779.000	0.000
3780.000	0.000
3781.000	0.000
3782.000	0.000
3783.000	0.000
3784.000	0.000
3785.000	0.000
3786.000	0.000
3787.000	0.000
3788.000	0.000
3789.000	0.000
3790.000	0.000
3791.000	0.000
3792.000	0.000
3793.000	0.000
3794.000	0.000
3795.000	0.000
3796.000	0.000
3797.000	0.000
3798.000	0.000
3799.000	0.000
3800.000	0.000
3801.000	0.000
3802.000	0.000
3803.000	0.000
3804.000	0.000
3805.000	0.000
3806.000	0.000
3807.000	0.000
3808.000	0.000
3809.000	0.000
3810.000	0.000
3811.000	0.000
3812.000	0.000
3813.000	0.000
3814.000	0.000
3815.000	0.000
3816.000	0.000
3817.000	0.000
3818.000	0.000
3819.000	0.000
3820.000	0.000
3821.000	0.000
3822.000	0.000
3823.000	0.000
3824.000	0.000
3825.000	0.000
3826.000	0.000
3827.000	0.000
3828.000	0.000
3829.000	0.000
3830.000	0.000
3831.000	0.000
3832.000	0.000
3833.000	0.000
3834.000	0.000
3835.000	0.000
3836.000	0.000
3837.000	0.000
3838.000	0.000
3839.000	0.000
3840.000	0.000
3841.000	0.000
3842.000	0.000
3843.000	0.000
3844.000	0.000
3845.000	0.000
3846.000	0.000
3847.000	0.000
3848.000	0.000
3849.000	0.000
3850.000	0.000
3851.000	0.000
3852.000	0.000
3853.000	0.000
3854.000	0.000
3855.000	0.000
3856.000	0.000
3857.000	0.000
3858.000	0.000
3859.000	0.000
3860.000	0.000
3861.000	0.000
3862.000	0.000
3863.000	0.000
3864.000	0.000
3865.000	0.000
3866.000	0.000
3867.000	0.000
3868.000	0.000
3869.000	0.000
3870.000	0.000
3871.000	0.000
3872.000	0.000
3873.000	0.000
3874.000	0.000
3875.000	0.000
3876.000	0.000
3877.000	0.000
3878.000	0.000
3879.000	0.000
3880.000	0.000
3881.000	0.000
3882.000	0.000
3883.000	0.000
3884.000	0.000
3885.000	0.000
3886.000	0.000
3887.000	0.000
3888.000	0.000
3889.000	0.000
3890.000	0.000
3891.000	0.000
3892.000	0.000
3893.000	0.000
3894.000	0.000
3895.000	0.000
3896.000	0.000
3897.000	0.000
3898.000	0.000
3899.000	0.000
3900.000	0.000
3901.000	0.000
3902.000	0.000
3903.000	0.000
3904.000	0.000
3905.000	0.000
3906.000	0.000
3907.000	0.000
3908.000	0.000
3909.000	0.000
3910.000	0.000
3911.000	0.000
3912.000	0.000
3913.000	0.000
3914.000	0.000
3915.000	0.000
3916.000	0.000
3917.000	0.000
3918.000	0.000
3919.000	0.000
3920.000	0.000
3921.000	0.000
3922.000	0.000
3923.000	0.000
3924.000	0.000
3925.000	0.000
3926.000	0.000
3927.000	0.000
3928.000	0.000
3929.000	0.000
3930.000	0.000
3931.000	0.000
3932.000	0.000
3933.000	0.000
3934.000	0.000
3935.000	0.000
3936.000	0.000
3937.000	0.000
3938.000	0.000
3939.000	0.000
3940.000	0.000
3941.000	0.000
3942.000	0.000
3943.000	0.000
3944.000	0.000
3945.000	0.000
3946.000	0.000
3947.000	0.000
3948.000	0.000
3949.000	0.000
3950.000	0.000
3951.000	0.000
3952.000	0.000
3953.000	0.000
3954.000	0.000
3955.000	0.000
3956.000	0.000
3957.000	0.000
3958.000	0.000
3959.000	0.000
3960.000	0.000
3961.000	0.000
3962.000	0.000
3963.000	0.000
3964.000	0.000
3965.000	0.000
3966.000	0.000
3967.000	0.000
3968.000	0.000
3969.000	0.000
3970.000	0.000
3971.000	0.000
3972.000	0.000
3973.000	0.000
3974.000	0.000
3975.000	0.000
3976.000	0.000
3977.000	0.000
3978.000	0.000
3979.000	0.000
3980.000	0.000
3981.000	0.000
3982.000	0.000
3983.000	0.000
3984.000	0.000
3985.000	0.000
3986.000	0.000
3987.000	0.000
3988.000	0.000
3989.000	0.000
3990.000	0.000
3991.000	0.000
3992.000	0.000
3993.000	0.000
3994.000	0.000
3995.000	0.000
3996.000	0.000
3997.000	0.000
3998.000	0.000
3999.000	0.000
4000.000	0.000
4001.000	0.000
4002.000	0.000
4003.000	0.000
4004.000	0.000
4005.000	0.000
4006.000	0.000
4007.000	0.000
4008.000	0.000
4009.000	0.000
4010.000	0.000
4011.000	0.000
4012.000	0.000
4013.000	0.000
4014.000	0.000
4015.000	0.000
4016.000	0.000
4017.000	0.000
4018.000	0.000
4019.000	0.000
4020.000	0.000
4021.000	0.000
4022.000	0.000
4023.000	0.000
4024.000	0.000
4025.000	0.000
4026.000	0.000
4027.000	0.000
4028.000	0.000
4029.000	0.000
4030.000	0.000
4031.000	0.000
4032.000	0.000
4033.000	0.000
4034.000	0.000
4035.000	0.000
4036.000	0.000
4037.000	0.000
4038.000	0.000
4039.000	0.000
4040.000	0.000
4041.000	0.000
4042.000	0.000
4043.000	0.000
4044.000	0.000
4045.000	0.000
4046.000	0.000
4047.000	0.000
4048.000	0.000
4049.000	0.000
4050.000	0.000
4051.000	0.000
4052.000	0.000
4053.000	0.000
4054.000	0.000
4055.000	0.000
4056.000	0.000
4057.000	0.000
4058.000	0.000
4059.000	0.000
4060.000	0.000
4061.000	0.000
4062.000	0.000
4063.000	0.000
4064.000	0.000
4065.000	0.000
4066.000	0.000
4067.000	0.000
4068.000	0.000
4069.000	0.000
4070.000	0.000
4071.000	0.000
4072.000	0.000
4073.000	0.000
4074.000	0.000
4075.000	0.000
4076.000	0.000
4077.000	0.000
4078.000	0.000
4079.000	0.000
4080.000	0.000
4081.000	0.000
4082.000	0.000
4083.000	0.000
4084.000	0.000
4085.000	0.000
4086.000	0.000
4087.000	0.000
4088.000	0.000
4089.000	0.000
4090.000	0.000
4091.000	0.000
4092.000	0.000
4093.000	0.000
4094.000	0.000
4095.000	0.000
