0.000	17.930
1.000	16.989
2.000	16.253
3.000	16.194
4.000	16.140
5.000	16.087
6.000	16.033
7.000	15.980
8.000	15.926
9.000	15.873
10.000	15.815
11.000	15.762
12.000	15.708
13.000	15.708
14.000	15.692
15.000	15.689
16.000	15.674
17.000	15.604
18.000	15.602
19.000	15.560
20.000	15.540
21.000	15.538
22.000	15.521
23.000	15.504
24.000	15.502
25.000	15.488
26.000	15.475
27.000	15.464
28.000	15.462
29.000	15.452
30.000	15.444
31.000	15.441
32.000	15.434
33.000	15.429
34.000	15.427
35.000	15.422
36.000	15.417
37.000	15.412
38.000	15.410
39.000	15.405
40.000	15.401
41.000	15.399
42.000	15.395
43.000	15.391
44.000	15.386
45.000	15.384
46.000	15.380
47.000	15.376
48.000	15.373
49.000	15.369
50.000	15.365
51.000	15.363
52.000	15.359
53.000	15.355
54.000	15.351
55.000	15.322
56.000	15.318
57.000	15.314
58.000	15.312
59.000	15.306
60.000	15.301
61.000	15.295
62.000	15.293
63.000	15.287
64.000	15.282
65.000	15.272
66.000	15.266
67.000	15.261
68.000	15.259
69.000	15.254
70.000	15.250
71.000	15.244
72.000	15.242
73.000	15.237
74.000	15.232
75.000	15.230
76.000	15.225
77.000	15.220
78.000	15.214
79.000	15.212
80.000	15.206
81.000	15.199
82.000	15.197
83.000	15.190
84.000	15.184
85.000	15.181
86.000	15.175
87.000	15.168
88.000	15.161
89.000	15.159
90.000	15.152
91.000	15.144
92.000	15.142
93.000	15.134
94.000	15.126
95.000	15.124
96.000	15.117
97.000	15.109
98.000	15.100
99.000	15.098
100.000	15.089
101.000	15.080
102.000	15.077
103.000	15.068
104.000	15.059
105.000	15.049
106.000	15.047
107.000	15.036
108.000	15.026
109.000	15.023
110.000	15.012
111.000	15.001
112.000	14.998
113.000	14.987
114.000	14.975
115.000	14.962
116.000	14.960
117.000	14.947
118.000	14.934
119.000	14.931
120.000	14.918
121.000	14.904
122.000	14.889
123.000	14.856
124.000	14.841
125.000	14.826
126.000	14.823
127.000	14.808
128.000	14.792
129.000	14.770
130.000	14.754
131.000	14.737
132.000	14.720
133.000	14.717
134.000	14.700
135.000	14.682
136.000	14.641
137.000	14.623
138.000	14.604
139.000	14.586
140.000	14.584
141.000	14.566
142.000	14.547
143.000	14.545
144.000	14.526
145.000	14.506
146.000	14.463
147.000	14.443
148.000	14.423
149.000	14.402
150.000	14.366
151.000	14.344
152.000	14.323
153.000	14.312
154.000	14.290
155.000	14.268
156.000	14.211
157.000	14.189
158.000	14.166
159.000	14.143
160.000	14.108
161.000	14.084
162.000	14.061
163.000	14.030
164.000	14.006
165.000	13.982
166.000	13.958
167.000	13.875
168.000	13.851
169.000	13.826
170.000	13.823
171.000	13.798
172.000	13.772
173.000	13.733
174.000	13.707
175.000	13.681
176.000	13.655
177.000	13.634
178.000	13.608
179.000	13.582
180.000	13.558
181.000	13.531
182.000	13.505
183.000	13.478
184.000	13.436
185.000	13.409
186.000	13.382
187.000	13.333
188.000	13.306
189.000	13.278
190.000	13.247
191.000	13.219
192.000	13.191
193.000	13.163
194.000	13.127
195.000	13.099
196.000	13.070
197.000	13.032
198.000	13.004
199.000	12.975
200.000	12.947
201.000	12.912
202.000	12.883
203.000	12.855
204.000	12.832
205.000	12.803
206.000	12.774
207.000	12.748
208.000	12.719
209.000	12.690
210.000	12.661
211.000	12.644
212.000	12.615
213.000	12.586
214.000	12.556
215.000	12.527
216.000	12.498
217.000	12.498
218.000	12.469
219.000	12.439
220.000	12.410
221.000	12.364
222.000	12.335
223.000	12.305
224.000	12.305
225.000	12.276
226.000	12.247
227.000	12.217
228.000	12.178
229.000	12.148
230.000	12.118
231.000	12.084
232.000	12.054
233.000	12.025
234.000	11.999
235.000	11.969
236.000	11.940
237.000	11.911
238.000	11.898
239.000	11.869
240.000	11.840
241.000	11.799
242.000	11.769
243.000	11.739
244.000	11.710
245.000	11.692
246.000	11.663
247.000	11.634
248.000	11.576
249.000	11.547
250.000	11.517
251.000	11.488
252.000	11.457
253.000	11.427
254.000	11.397
255.000	11.371
256.000	11.341
257.000	11.311
258.000	11.280
259.000	11.250
260.000	11.220
261.000	11.190
262.000	11.147
263.000	11.117
264.000	11.088
265.000	11.075
266.000	11.045
267.000	11.015
268.000	11.005
269.000	10.976
270.000	10.946
271.000	10.916
272.000	10.871
273.000	10.842
274.000	10.812
275.000	10.780
276.000	10.751
277.000	10.721
278.000	10.687
279.000	10.657
280.000	10.628
281.000	10.598
282.000	10.521
283.000	10.492
284.000	10.463
285.000	10.432
286.000	10.403
287.000	10.374
288.000	10.345
289.000	10.311
290.000	10.283
291.000	10.254
292.000	10.208
293.000	10.180
294.000	10.151
295.000	10.151
296.000	10.123
297.000	10.095
298.000	10.066
299.000	10.066
300.000	10.038
301.000	10.011
302.000	9.957
303.000	9.929
304.000	9.902
305.000	9.874
306.000	9.861
307.000	9.834
308.000	9.806
309.000	9.806
310.000	9.779
311.000	9.752
312.000	9.752
313.000	9.725
314.000	9.698
315.000	9.671
316.000	9.662
317.000	9.635
318.000	9.609
319.000	9.526
320.000	9.499
321.000	9.473
322.000	9.446
323.000	9.229
324.000	9.203
325.000	9.177
326.000	9.177
327.000	9.151
328.000	9.125
329.000	9.125
330.000	9.099
331.000	9.074
332.000	9.048
333.000	8.808
334.000	8.783
335.000	8.758
336.000	8.665
337.000	8.640
338.000	8.614
339.000	8.475
340.000	8.450
341.000	8.425
342.000	8.400
343.000	8.400
344.000	8.375
345.000	8.351
346.000	8.307
347.000	8.282
348.000	8.258
349.000	8.234
350.000	8.203
351.000	8.179
352.000	8.155
353.000	8.128
354.000	8.104
355.000	8.080
356.000	8.080
357.000	8.056
358.000	8.033
359.000	8.009
360.000	7.974
361.000	7.950
362.000	7.927
363.000	7.896
364.000	7.872
365.000	7.849
366.000	7.826
367.000	7.826
368.000	7.803
369.000	7.780
370.000	7.774
371.000	7.751
372.000	7.728
373.000	7.717
374.000	7.694
375.000	7.671
376.000	7.648
377.000	7.616
378.000	7.594
379.000	7.571
380.000	7.571
381.000	7.548
382.000	7.526
383.000	7.504
384.000	7.472
385.000	7.450
386.000	7.428
387.000	7.399
388.000	7.377
389.000	7.355
390.000	7.334
391.000	7.312
392.000	7.291
393.000	7.269
394.000	7.225
395.000	7.204
396.000	7.182
397.000	7.116
398.000	7.095
399.000	7.074
400.000	7.058
401.000	7.037
402.000	7.016
403.000	6.995
404.000	6.973
405.000	6.952
406.000	6.931
407.000	6.879
408.000	6.858
409.000	6.837
410.000	6.816
411.000	6.816
412.000	6.796
413.000	6.775
414.000	6.738
415.000	6.718
416.000	6.697
417.000	6.666
418.000	6.646
419.000	6.626
420.000	6.606
421.000	6.599
422.000	6.579
423.000	6.559
424.000	6.537
425.000	6.518
426.000	6.498
427.000	6.479
428.000	6.463
429.000	6.444
430.000	6.425
431.000	6.425
432.000	6.405
433.000	6.386
434.000	6.384
435.000	6.365
436.000	6.346
437.000	6.327
438.000	6.300
439.000	6.281
440.000	6.262
441.000	6.246
442.000	6.227
443.000	6.209
444.000	6.190
445.000	6.160
446.000	6.141
447.000	6.123
448.000	6.102
449.000	6.084
450.000	6.066
451.000	6.053
452.000	6.035
453.000	6.018
454.000	6.000
455.000	5.976
456.000	5.958
457.000	5.940
458.000	5.925
459.000	5.907
460.000	5.889
461.000	5.860
462.000	5.842
463.000	5.825
464.000	5.808
465.000	5.771
466.000	5.754
467.000	5.736
468.000	5.736
469.000	5.719
470.000	5.702
471.000	5.685
472.000	5.685
473.000	5.668
474.000	5.651
475.000	5.651
476.000	5.634
477.000	5.618
478.000	5.616
479.000	5.600
480.000	5.583
481.000	5.567
482.000	5.529
483.000	5.513
484.000	5.497
485.000	5.497
486.000	5.481
487.000	5.464
488.000	5.448
489.000	5.440
490.000	5.425
491.000	5.409
492.000	5.406
493.000	5.390
494.000	5.375
495.000	5.356
496.000	5.341
497.000	5.326
498.000	5.311
499.000	5.297
500.000	5.282
501.000	5.267
502.000	5.263
503.000	5.249
504.000	5.234
505.000	5.219
506.000	5.216
507.000	5.202
508.000	5.188
509.000	5.185
510.000	5.171
511.000	5.157
512.000	5.153
513.000	5.139
514.000	5.125
515.000	5.111
516.000	5.105
517.000	5.091
518.000	5.077
519.000	5.055
520.000	5.042
521.000	5.028
522.000	5.006
523.000	4.993
524.000	4.979
525.000	4.965
526.000	4.949
527.000	4.936
528.000	4.922
529.000	4.891
530.000	4.877
531.000	4.864
532.000	4.851
533.000	4.838
534.000	4.825
535.000	4.812
536.000	4.790
537.000	4.777
538.000	4.764
539.000	4.739
540.000	4.726
541.000	4.713
542.000	4.700
543.000	4.694
544.000	4.681
545.000	4.669
546.000	4.669
547.000	4.656
548.000	4.644
549.000	4.631
550.000	4.604
551.000	4.591
552.000	4.579
553.000	4.568
554.000	4.555
555.000	4.543
556.000	4.543
557.000	4.531
558.000	4.519
559.000	4.507
560.000	4.507
561.000	4.495
562.000	4.484
563.000	4.478
564.000	4.466
565.000	4.454
566.000	4.442
567.000	4.416
568.000	4.404
569.000	4.393
570.000	4.383
571.000	4.371
572.000	4.360
573.000	4.345
574.000	4.333
575.000	4.322
576.000	4.311
577.000	4.311
578.000	4.299
579.000	4.288
580.000	4.288
581.000	4.277
582.000	4.266
583.000	4.255
584.000	4.238
585.000	4.226
586.000	4.216
587.000	4.204
588.000	4.193
589.000	4.183
590.000	4.183
591.000	4.172
592.000	4.161
593.000	4.150
594.000	4.136
595.000	4.125
596.000	4.115
597.000	4.099
598.000	4.088
599.000	4.078
600.000	4.078
601.000	4.068
602.000	4.058
603.000	4.047
604.000	4.017
605.000	4.007
606.000	3.997
607.000	3.997
608.000	3.987
609.000	3.977
610.000	3.967
611.000	3.941
612.000	3.931
613.000	3.921
614.000	3.921
615.000	3.911
616.000	3.902
617.000	3.863
618.000	3.853
619.000	3.843
620.000	3.834
621.000	3.799
622.000	3.789
623.000	3.780
624.000	3.774
625.000	3.764
626.000	3.754
627.000	3.744
628.000	3.710
629.000	3.701
630.000	3.691
631.000	3.691
632.000	3.681
633.000	3.672
634.000	3.643
635.000	3.634
636.000	3.624
637.000	3.615
638.000	3.615
639.000	3.605
640.000	3.596
641.000	3.559
642.000	3.550
643.000	3.541
644.000	3.531
645.000	3.531
646.000	3.523
647.000	3.514
648.000	3.514
649.000	3.505
650.000	3.496
651.000	3.496
652.000	3.487
653.000	3.479
654.000	3.470
655.000	3.441
656.000	3.432
657.000	3.424
658.000	3.402
659.000	3.394
660.000	3.385
661.000	3.385
662.000	3.376
663.000	3.367
664.000	3.358
665.000	3.358
666.000	3.350
667.000	3.341
668.000	3.329
669.000	3.320
670.000	3.312
671.000	3.303
672.000	3.303
673.000	3.295
674.000	3.286
675.000	3.276
676.000	3.267
677.000	3.259
678.000	3.232
679.000	3.224
680.000	3.216
681.000	3.208
682.000	3.208
683.000	3.200
684.000	3.191
685.000	3.145
686.000	3.137
687.000	3.129
688.000	3.121
689.000	3.121
690.000	3.113
691.000	3.105
692.000	3.105
693.000	3.097
694.000	3.089
695.000	3.089
696.000	3.081
697.000	3.073
698.000	3.065
699.000	3.065
700.000	3.057
701.000	3.049
702.000	3.049
703.000	3.041
704.000	3.034
705.000	3.026
706.000	3.026
707.000	3.018
708.000	3.010
709.000	2.972
710.000	2.965
711.000	2.957
712.000	2.928
713.000	2.920
714.000	2.912
715.000	2.905
716.000	2.905
717.000	2.897
718.000	2.890
719.000	2.890
720.000	2.882
721.000	2.875
722.000	2.870
723.000	2.862
724.000	2.855
725.000	2.847
726.000	2.847
727.000	2.840
728.000	2.832
729.000	2.832
730.000	2.825
731.000	2.817
732.000	2.810
733.000	2.798
734.000	2.791
735.000	2.783
736.000	2.783
737.000	2.776
738.000	2.769
739.000	2.769
740.000	2.762
741.000	2.755
742.000	2.748
743.000	2.748
744.000	2.741
745.000	2.734
746.000	2.734
747.000	2.727
748.000	2.720
749.000	2.713
750.000	2.676
751.000	2.669
752.000	2.662
753.000	2.662
754.000	2.655
755.000	2.648
756.000	2.638
757.000	2.631
758.000	2.624
759.000	2.617
760.000	2.617
761.000	2.610
762.000	2.604
763.000	2.546
764.000	2.540
765.000	2.533
766.000	2.526
767.000	2.526
768.000	2.520
769.000	2.513
770.000	2.495
771.000	2.488
772.000	2.482
773.000	2.482
774.000	2.475
775.000	2.469
776.000	2.462
777.000	2.462
778.000	2.456
779.000	2.450
780.000	2.450
781.000	2.443
782.000	2.437
783.000	2.437
784.000	2.431
785.000	2.425
786.000	2.418
787.000	2.418
788.000	2.412
789.000	2.406
790.000	2.406
791.000	2.399
792.000	2.393
793.000	2.387
794.000	2.387
795.000	2.381
796.000	2.374
797.000	2.374
798.000	2.368
799.000	2.362
800.000	2.362
801.000	2.356
802.000	2.350
803.000	2.344
804.000	2.344
805.000	2.338
806.000	2.332
807.000	2.332
808.000	2.326
809.000	2.320
810.000	2.314
811.000	2.299
812.000	2.293
813.000	2.287
814.000	2.287
815.000	2.282
816.000	2.276
817.000	2.169
818.000	2.163
819.000	2.157
820.000	2.151
821.000	2.151
822.000	2.146
823.000	2.140
824.000	2.140
825.000	2.134
826.000	2.128
827.000	2.123
828.000	2.123
829.000	2.117
830.000	2.111
831.000	2.111
832.000	2.106
833.000	2.100
834.000	2.100
835.000	2.094
836.000	2.089
837.000	2.083
838.000	2.083
839.000	2.078
840.000	2.072
841.000	2.072
842.000	2.067
843.000	2.061
844.000	2.061
845.000	2.056
846.000	2.050
847.000	2.045
848.000	2.045
849.000	2.039
850.000	2.034
851.000	2.034
852.000	2.029
853.000	2.023
854.000	2.018
855.000	2.018
856.000	2.013
857.000	2.007
858.000	2.007
859.000	2.002
860.000	1.997
861.000	1.997
862.000	1.991
863.000	1.986
864.000	1.981
865.000	1.772
866.000	1.766
867.000	1.761
868.000	1.760
869.000	1.755
870.000	1.750
871.000	1.745
872.000	1.739
873.000	1.734
874.000	1.729
875.000	1.729
876.000	1.724
877.000	1.719
878.000	1.719
879.000	1.714
880.000	1.709
881.000	1.704
882.000	1.704
883.000	1.699
884.000	1.693
885.000	1.693
886.000	1.688
887.000	1.683
888.000	1.678
889.000	1.678
890.000	1.673
891.000	1.668
892.000	1.668
893.000	1.664
894.000	1.659
895.000	1.659
896.000	1.654
897.000	1.649
898.000	1.644
899.000	1.644
900.000	1.639
901.000	1.634
902.000	1.634
903.000	1.630
904.000	1.625
905.000	1.625
906.000	1.620
907.000	1.615
908.000	1.611
909.000	1.426
910.000	1.422
911.000	1.417
912.000	1.417
913.000	1.412
914.000	1.407
915.000	1.403
916.000	1.403
917.000	1.398
918.000	1.393
919.000	1.393
920.000	1.389
921.000	1.384
922.000	1.384
923.000	1.379
924.000	1.375
925.000	1.370
926.000	1.370
927.000	1.366
928.000	1.361
929.000	1.361
930.000	1.357
931.000	1.352
932.000	1.348
933.000	1.348
934.000	1.343
935.000	1.339
936.000	1.339
937.000	1.334
938.000	1.330
939.000	1.330
940.000	1.325
941.000	1.321
942.000	1.316
943.000	1.316
944.000	1.312
945.000	1.308
946.000	1.308
947.000	1.303
948.000	1.299
949.000	1.294
950.000	1.294
951.000	1.290
952.000	1.286
953.000	1.286
954.000	1.281
955.000	1.277
956.000	1.277
957.000	1.273
958.000	1.268
959.000	1.264
960.000	1.264
961.000	1.260
962.000	1.256
963.000	1.256
964.000	1.251
965.000	1.247
966.000	1.247
967.000	1.243
968.000	1.239
969.000	1.234
970.000	1.234
971.000	1.230
972.000	1.226
973.000	1.226
974.000	1.222
975.000	1.218
976.000	1.214
977.000	1.214
978.000	1.210
979.000	1.206
980.000	1.206
981.000	1.202
982.000	1.198
983.000	1.150
984.000	1.146
985.000	1.142
986.000	1.138
987.000	1.119
988.000	1.115
989.000	1.111
990.000	1.111
991.000	1.107
992.000	1.103
993.000	1.099
994.000	1.099
995.000	1.095
996.000	1.091
997.000	1.091
998.000	1.088
999.000	1.084
1000.000	1.062
1001.000	1.058
1002.000	1.054
1003.000	1.050
1004.000	1.050
1005.000	1.047
1006.000	1.043
1007.000	1.043
1008.000	1.039
1009.000	1.035
1010.000	1.031
1011.000	1.031
1012.000	1.027
1013.000	1.024
1014.000	1.024
1015.000	1.020
1016.000	1.016
1017.000	1.016
1018.000	1.012
1019.000	1.008
1020.000	1.005
1021.000	1.005
1022.000	1.001
1023.000	0.997
1024.000	0.997
1025.000	0.993
1026.000	0.990
1027.000	0.990
1028.000	0.986
1029.000	0.983
1030.000	0.979
1031.000	0.979
1032.000	0.975
1033.000	0.972
1034.000	0.963
1035.000	0.959
1036.000	0.956
1037.000	0.952
1038.000	0.952
1039.000	0.948
1040.000	0.945
1041.000	0.945
1042.000	0.941
1043.000	0.938
1044.000	0.938
1045.000	0.934
1046.000	0.931
1047.000	0.927
1048.000	0.927
1049.000	0.924
1050.000	0.920
1051.000	0.920
1052.000	0.917
1053.000	0.913
1054.000	0.910
1055.000	0.863
1056.000	0.859
1057.000	0.856
1058.000	0.856
1059.000	0.852
1060.000	0.849
1061.000	0.849
1062.000	0.845
1063.000	0.842
1064.000	0.838
1065.000	0.800
1066.000	0.797
1067.000	0.793
1068.000	0.793
1069.000	0.790
1070.000	0.787
1071.000	0.783
1072.000	0.775
1073.000	0.772
1074.000	0.768
1075.000	0.768
1076.000	0.765
1077.000	0.761
1078.000	0.761
1079.000	0.758
1080.000	0.755
1081.000	0.751
1082.000	0.751
1083.000	0.748
1084.000	0.745
1085.000	0.745
1086.000	0.741
1087.000	0.738
1088.000	0.738
1089.000	0.735
1090.000	0.732
1091.000	0.728
1092.000	0.728
1093.000	0.725
1094.000	0.722
1095.000	0.722
1096.000	0.718
1097.000	0.715
1098.000	0.712
1099.000	0.677
1100.000	0.673
1101.000	0.670
1102.000	0.670
1103.000	0.667
1104.000	0.664
1105.000	0.655
1106.000	0.652
1107.000	0.648
1108.000	0.645
1109.000	0.645
1110.000	0.642
1111.000	0.639
1112.000	0.639
1113.000	0.636
1114.000	0.633
1115.000	0.629
1116.000	0.629
1117.000	0.626
1118.000	0.623
1119.000	0.589
1120.000	0.586
1121.000	0.583
1122.000	0.583
1123.000	0.579
1124.000	0.576
1125.000	0.573
1126.000	0.573
1127.000	0.570
1128.000	0.567
1129.000	0.553
1130.000	0.550
1131.000	0.547
1132.000	0.543
1133.000	0.543
1134.000	0.540
1135.000	0.537
1136.000	0.525
1137.000	0.522
1138.000	0.519
1139.000	0.505
1140.000	0.502
1141.000	0.499
1142.000	0.496
1143.000	0.496
1144.000	0.493
1145.000	0.489
1146.000	0.489
1147.000	0.486
1148.000	0.483
1149.000	0.480
1150.000	0.453
1151.000	0.453
1152.000	0.453
1153.000	0.453
1154.000	0.453
1155.000	0.453
1156.000	0.440
1157.000	0.440
1158.000	0.440
1159.000	0.440
1160.000	0.440
1161.000	0.440
1162.000	0.440
1163.000	0.440
1164.000	0.440
1165.000	0.428
1166.000	0.428
1167.000	0.428
1168.000	0.428
1169.000	0.428
1170.000	0.428
1171.000	0.428
1172.000	0.428
1173.000	0.428
1174.000	0.428
1175.000	0.428
1176.000	0.428
1177.000	0.428
1178.000	0.428
1179.000	0.428
1180.000	0.428
1181.000	0.428
1182.000	0.428
1183.000	0.428
1184.000	0.428
1185.000	0.428
1186.000	0.428
1187.000	0.428
1188.000	0.428
1189.000	0.428
1190.000	0.428
1191.000	0.386
1192.000	0.386
1193.000	0.386
1194.000	0.386
1195.000	0.386
1196.000	0.386
1197.000	0.386
1198.000	0.369
1199.000	0.369
1200.000	0.369
1201.000	0.369
1202.000	0.369
1203.000	0.369
1204.000	0.341
1205.000	0.341
1206.000	0.341
1207.000	0.341
1208.000	0.341
1209.000	0.341
1210.000	0.341
1211.000	0.341
1212.000	0.341
1213.000	0.341
1214.000	0.341
1215.000	0.341
1216.000	0.341
1217.000	0.341
1218.000	0.341
1219.000	0.341
1220.000	0.341
1221.000	0.341
1222.000	0.341
1223.000	0.341
1224.000	0.325
1225.000	0.325
1226.000	0.325
1227.000	0.325
1228.000	0.292
1229.000	0.289
1230.000	0.286
1231.000	0.286
1232.000	0.286
1233.000	0.286
1234.000	0.286
1235.000	0.286
1236.000	0.286
1237.000	0.286
1238.000	0.286
1239.000	0.286
1240.000	0.283
1241.000	0.283
1242.000	0.283
1243.000	0.258
1244.000	0.255
1245.000	0.255
1246.000	0.255
1247.000	0.255
1248.000	0.255
1249.000	0.249
1250.000	0.249
1251.000	0.249
1252.000	0.249
1253.000	0.249
1254.000	0.249
1255.000	0.247
1256.000	0.247
1257.000	0.247
1258.000	0.247
1259.000	0.247
1260.000	0.247
1261.000	0.247
1262.000	0.217
1263.000	0.213
1264.000	0.213
1265.000	0.213
1266.000	0.213
1267.000	0.213
1268.000	0.213
1269.000	0.213
1270.000	0.213
1271.000	0.210
1272.000	0.210
1273.000	0.210
1274.000	0.210
1275.000	0.210
1276.000	0.210
1277.000	0.210
1278.000	0.210
1279.000	0.203
1280.000	0.203
1281.000	0.203
1282.000	0.203
1283.000	0.203
1284.000	0.186
1285.000	0.186
1286.000	0.186
1287.000	0.186
1288.000	0.186
1289.000	0.186
1290.000	0.186
1291.000	0.186
1292.000	0.186
1293.000	0.186
1294.000	0.186
1295.000	0.186
1296.000	0.186
1297.000	0.171
1298.000	0.171
1299.000	0.171
1300.000	0.162
1301.000	0.162
1302.000	0.162
1303.000	0.161
1304.000	0.161
1305.000	0.150
1306.000	0.150
1307.000	0.150
1308.000	0.150
1309.000	0.150
1310.000	0.150
1311.000	0.150
1312.000	0.150
1313.000	0.150
1314.000	0.150
1315.000	0.150
1316.000	0.123
1317.000	0.123
1318.000	0.123
1319.000	0.123
1320.000	0.123
1321.000	0.118
1322.000	0.118
1323.000	0.118
1324.000	0.118
1325.000	0.118
1326.000	0.118
1327.000	0.118
1328.000	0.118
1329.000	0.118
1330.000	0.118
1331.000	0.118
1332.000	0.118
1333.000	0.118
1334.000	0.118
1335.000	0.118
1336.000	0.118
1337.000	0.118
1338.000	0.099
1339.000	0.099
1340.000	0.099
1341.000	0.099
1342.000	0.099
1343.000	0.099
1344.000	0.099
1345.000	0.099
1346.000	0.099
1347.000	0.099
1348.000	0.099
1349.000	0.099
1350.000	0.099
1351.000	0.099
1352.000	0.077
1353.000	0.077
1354.000	0.066
1355.000	0.066
1356.000	0.066
1357.000	0.066
1358.000	0.065
1359.000	0.065
1360.000	0.065
1361.000	0.065
1362.000	0.065
1363.000	0.065
1364.000	0.061
1365.000	0.061
1366.000	0.061
1367.000	0.061
1368.000	0.061
1369.000	0.061
1370.000	0.061
1371.000	0.061
1372.000	0.061
1373.000	0.061
1374.000	0.061
1375.000	0.061
1376.000	0.061
1377.000	0.061
1378.000	0.061
1379.000	0.041
1380.000	0.041
1381.000	0.041
1382.000	0.028
1383.000	0.028
1384.000	0.028
1385.000	0.028
1386.000	0.026
1387.000	0.026
1388.000	0.026
1389.000	0.020
1390.000	0.020
1391.000	0.016
1392.000	0.016
1393.000	0.016
1394.000	0.016
1395.000	0.016
1396.000	0.016
1397.000	0.016
1398.000	0.016
1399.000	0.016
1400.000	0.016
1401.000	0.016
1402.000	0.016
1403.000	0.016
1404.000	0.016
1405.000	0.016
1406.000	-0.001
1407.000	-0.001
1408.000	-0.001
1409.000	-0.001
1410.000	-0.001
1411.000	-0.012
1412.000	-0.012
1413.000	-0.012
1414.000	-0.012
1415.000	-0.012
1416.000	-0.012
1417.000	-0.012
1418.000	-0.012
1419.000	-0.012
1420.000	-0.017
1421.000	-0.017
1422.000	-0.031
1423.000	-0.031
1424.000	-0.031
1425.000	-0.031
1426.000	-0.031
1427.000	-0.031
1428.000	-0.031
1429.000	-0.031
1430.000	-0.031
1431.000	-0.046
1432.000	-0.046
1433.000	-0.046
1434.000	-0.046
1435.000	-0.046
1436.000	-0.046
1437.000	-0.046
1438.000	-0.046
1439.000	-0.056
1440.000	-0.056
1441.000	-0.056
1442.000	-0.066
1443.000	-0.066
1444.000	-0.066
1445.000	-0.066
1446.000	-0.066
1447.000	-0.066
1448.000	-0.067
1449.000	-0.067
1450.000	-0.067
1451.000	-0.067
1452.000	-0.067
1453.000	-0.071
1454.000	-0.071
1455.000	-0.071
1456.000	-0.075
1457.000	-0.086
1458.000	-0.086
1459.000	-0.086
1460.000	-0.086
1461.000	-0.086
1462.000	-0.086
1463.000	-0.086
1464.000	-0.086
1465.000	-0.086
1466.000	-0.086
1467.000	-0.086
1468.000	-0.086
1469.000	-0.086
1470.000	-0.086
1471.000	-0.086
1472.000	-0.097
1473.000	-0.097
1474.000	-0.097
1475.000	-0.102
1476.000	-0.102
1477.000	-0.102
1478.000	-0.102
1479.000	-0.102
1480.000	-0.102
1481.000	-0.102
1482.000	-0.102
1483.000	-0.102
1484.000	-0.102
1485.000	-0.102
1486.000	-0.108
1487.000	-0.109
1488.000	-0.109
1489.000	-0.109
1490.000	-0.109
1491.000	-0.109
1492.000	-0.117
1493.000	-0.117
1494.000	-0.117
1495.000	-0.130
1496.000	-0.130
1497.000	-0.134
1498.000	-0.134
1499.000	-0.134
1500.000	-0.134
1501.000	0.000
1502.000	0.000
1503.000	0.000
1504.000	0.000
1505.000	0.000
1506.000	0.000
1507.000	0.000
1508.000	0.000
1509.000	0.000
1510.000	0.000
1511.000	0.000
1512.000	0.000
1513.000	0.000
1514.000	0.000
1515.000	0.000
1516.000	0.000
1517.000	0.000
1518.000	0.000
1519.000	0.000
1520.000	0.000
1521.000	0.000
1522.000	0.000
1523.000	0.000
1524.000	0.000
1525.000	0.000
1526.000	0.000
1527.000	0.000
1528.000	0.000
1529.000	0.000
1530.000	0.000
1531.000	0.000
1532.000	0.000
1533.000	0.000
1534.000	0.000
1535.000	0.000
1536.000	0.000
1537.000	0.000
1538.000	0.000
1539.000	0.000
1540.000	0.000
1541.000	0.000
1542.000	0.000
1543.000	0.000
1544.000	0.000
1545.000	0.000
1546.000	0.000
1547.000	0.000
1548.000	0.000
1549.000	0.000
1550.000	0.000
1551.000	0.000
1552.000	0.000
1553.000	0.000
1554.000	0.000
1555.000	0.000
1556.000	0.000
1557.000	0.000
1558.000	0.000
1559.000	0.000
1560.000	0.000
1561.000	0.000
1562.000	0.000
1563.000	0.000
1564.000	0.000
1565.000	0.000
1566.000	0.000
1567.000	0.000
1568.000	0.000
1569.000	0.000
1570.000	0.000
1571.000	0.000
1572.000	0.000
1573.000	0.000
1574.000	0.000
1575.000	0.000
1576.000	0.000
1577.000	0.000
1578.000	0.000
1579.000	0.000
1580.000	0.000
1581.000	0.000
1582.000	0.000
1583.000	0.000
1584.000	0.000
1585.000	0.000
1586.000	0.000
1587.000	0.000
1588.000	0.000
1589.000	0.000
1590.000	0.000
1591.000	0.000
1592.000	0.000
1593.000	0.000
1594.000	0.000
1595.000	0.000
1596.000	0.000
1597.000	0.000
1598.000	0.000
1599.000	0.000
1600.000	0.000
1601.000	0.000
1602.000	0.000
1603.000	0.000
1604.000	0.000
1605.000	0.000
1606.000	0.000
1607.000	0.000
1608.000	0.000
1609.000	0.000
1610.000	0.000
1611.000	0.000
1612.000	0.000
1613.000	0.000
1614.000	0.000
1615.000	0.000
1616.000	0.000
1617.000	0.000
1618.000	0.000
1619.000	0.000
1620.000	0.000
1621.000	0.000
1622.000	0.000
1623.000	0.000
1624.000	0.000
1625.000	0.000
1626.000	0.000
1627.000	0.000
1628.000	0.000
1629.000	0.000
1630.000	0.000
1631.000	0.000
1632.000	0.000
1633.000	0.000
1634.000	0.000
1635.000	0.000
1636.000	0.000
1637.000	0.000
1638.000	0.000
1639.000	0.000
1640.000	0.000
1641.000	0.000
1642.000	0.000
1643.000	0.000
1644.000	0.000
1645.000	0.000
1646.000	0.000
1647.000	0.000
1648.000	0.000
1649.000	0.000
1650.000	0.000
1651.000	0.000
1652.000	0.000
1653.000	0.000
1654.000	0.000
1655.000	0.000
1656.000	0.000
1657.000	0.000
1658.000	0.000
1659.000	0.000
1660.000	0.000
1661.000	0.000
1662.000	0.000
1663.000	0.000
1664.000	0.000
1665.000	0.000
1666.000	0.000
1667.000	0.000
1668.000	0.000
1669.000	0.000
1670.000	0.000
1671.000	0.000
1672.000	0.000
1673.000	0.000
1674.000	0.000
1675.000	0.000
1676.000	0.000
1677.000	0.000
1678.000	0.000
1679.000	0.000
1680.000	0.000
1681.000	0.000
1682.000	0.000
1683.000	0.000
1684.000	0.000
1685.000	0.000
1686.000	0.000
1687.000	0.000
1688.000	0.000
1689.000	0.000
1690.000	0.000
1691.000	0.000
1692.000	0.000
1693.000	0.000
1694.000	0.000
1695.000	0.000
1696.000	0.000
1697.000	0.000
1698.000	0.000
1699.000	0.000
1700.000	0.000
1701.000	0.000
1702.000	0.000
1703.000	0.000
1704.000	0.000
1705.000	0.000
1706.000	0.000
1707.000	0.000
1708.000	0.000
1709.000	0.000
1710.000	0.000
1711.000	0.000
1712.000	0.000
1713.000	0.000
1714.000	0.000
1715.000	0.000
1716.000	0.000
1717.000	0.000
1718.000	0.000
1719.000	0.000
1720.000	0.000
1721.000	0.000
1722.000	0.000
1723.000	0.000
1724.000	0.000
1725.000	0.000
1726.000	0.000
1727.000	0.000
1728.000	0.000
1729.000	0.000
1730.000	0.000
1731.000	0.000
1732.000	0.000
1733.000	0.000
1734.000	0.000
1735.000	0.000
1736.000	0.000
1737.000	0.000
1738.000	0.000
1739.000	0.000
1740.000	0.000
1741.000	0.000
1742.000	0.000
1743.000	0.000
1744.000	0.000
1745.000	0.000
1746.000	0.000
1747.000	0.000
1748.000	0.000
1749.000	0.000
1750.000	0.000
1751.000	0.000
1752.000	0.000
1753.000	0.000
1754.000	0.000
1755.000	0.000
1756.000	0.000
1757.000	0.000
1758.000	0.000
1759.000	0.000
1760.000	0.000
1761.000	0.000
1762.000	0.000
1763.000	0.000
1764.000	0.000
1765.000	0.000
1766.000	0.000
1767.000	0.000
1768.000	0.000
1769.000	0.000
1770.000	0.000
1771.000	0.000
1772.000	0.000
1773.000	0.000
1774.000	0.000
1775.000	0.000
1776.000	0.000
1777.000	0.000
1778.000	0.000
1779.000	0.000
1780.000	0.000
1781.000	0.000
1782.000	0.000
1783.000	0.000
1784.000	0.000
1785.000	0.000
1786.000	0.000
1787.000	0.000
1788.000	0.000
1789.000	0.000
1790.000	0.000
1791.000	0.000
1792.000	0.000
1793.000	0.000
1794.000	0.000
1795.000	0.000
1796.000	0.000
1797.000	0.000
1798.000	0.000
1799.000	0.000
1800.000	0.000
1801.000	0.000
1802.000	0.000
1803.000	0.000
1804.000	0.000
1805.000	0.000
1806.000	0.000
1807.000	0.000
1808.000	0.000
1809.000	0.000
1810.000	0.000
1811.000	0.000
1812.000	0.000
1813.000	0.000
1814.000	0.000
1815.000	0.000
1816.000	0.000
1817.000	0.000
1818.000	0.000
1819.000	0.000
1820.000	0.000
1821.000	0.000
1822.000	0.000
1823.000	0.000
1824.000	0.000
1825.000	0.000
1826.000	0.000
1827.000	0.000
1828.000	0.000
1829.000	0.000
1830.000	0.000
1831.000	0.000
1832.000	0.000
1833.000	0.000
1834.000	0.000
1835.000	0.000
1836.000	0.000
1837.000	0.000
1838.000	0.000
1839.000	0.000
1840.000	0.000
1841.000	0.000
1842.000	0.000
1843.000	0.000
1844.000	0.000
1845.000	0.000
1846.000	0.000
1847.000	0.000
1848.000	0.000
1849.000	0.000
1850.000	0.000
1851.000	0.000
1852.000	0.000
1853.000	0.000
1854.000	0.000
1855.000	0.000
1856.000	0.000
1857.000	0.000
1858.000	0.000
1859.000	0.000
1860.000	0.000
1861.000	0.000
1862.000	0.000
1863.000	0.000
1864.000	0.000
1865.000	0.000
1866.000	0.000
1867.000	0.000
1868.000	0.000
1869.000	0.000
1870.000	0.000
1871.000	0.000
1872.000	0.000
1873.000	0.000
1874.000	0.000
1875.000	0.000
1876.000	0.000
1877.000	0.000
1878.000	0.000
1879.000	0.000
1880.000	0.000
1881.000	0.000
1882.000	0.000
1883.000	0.000
1884.000	0.000
1885.000	0.000
1886.000	0.000
1887.000	0.000
1888.000	0.000
1889.000	0.000
1890.000	0.000
1891.000	0.000
1892.000	0.000
1893.000	0.000
1894.000	0.000
1895.000	0.000
1896.000	0.000
1897.000	0.000
1898.000	0.000
1899.000	0.000
1900.000	0.000
1901.000	0.000
1902.000	0.000
1903.000	0.000
1904.000	0.000
1905.000	0.000
1906.000	0.000
1907.000	0.000
1908.000	0.000
1909.000	0.000
1910.000	0.000
1911.000	0.000
1912.000	0.000
1913.000	0.000
1914.000	0.000
1915.000	0.000
1916.000	0.000
1917.000	0.000
1918.000	0.000
1919.000	0.000
1920.000	0.000
1921.000	0.000
1922.000	0.000
1923.000	0.000
1924.000	0.000
1925.000	0.000
1926.000	0.000
1927.000	0.000
1928.000	0.000
1929.000	0.000
1930.000	0.000
1931.000	0.000
1932.000	0.000
1933.000	0.000
1934.000	0.000
1935.000	0.000
1936.000	0.000
1937.000	0.000
1938.000	0.000
1939.000	0.000
1940.000	0.000
1941.000	0.000
1942.000	0.000
1943.000	0.000
1944.000	0.000
1945.000	0.000
1946.000	0.000
1947.000	0.000
1948.000	0.000
1949.000	0.000
1950.000	0.000
1951.000	0.000
1952.000	0.000
1953.000	0.000
1954.000	0.000
1955.000	0.000
1956.000	0.000
1957.000	0.000
1958.000	0.000
1959.000	0.000
1960.000	0.000
1961.000	0.000
1962.000	0.000
1963.000	0.000
1964.000	0.000
1965.000	0.000
1966.000	0.000
1967.000	0.000
1968.000	0.000
1969.000	0.000
1970.000	0.000
1971.000	0.000
1972.000	0.000
1973.000	0.000
1974.000	0.000
1975.000	0.000
1976.000	0.000
1977.000	0.000
1978.000	0.000
1979.000	0.000
1980.000	0.000
1981.000	0.000
1982.000	0.000
1983.000	0.000
1984.000	0.000
1985.000	0.000
1986.000	0.000
1987.000	0.000
1988.000	0.000
1989.000	0.000
1990.000	0.000
1991.000	0.000
1992.000	0.000
1993.000	0.000
1994.000	0.000
1995.000	0.000
1996.000	0.000
1997.000	0.000
1998.000	0.000
1999.000	0.000
2000.000	0.000
2001.000	0.000
2002.000	0.000
2003.000	0.000
2004.000	0.000
2005.000	0.000
2006.000	0.000
2007.000	0.000
2008.000	0.000
2009.000	0.000
2010.000	0.000
2011.000	0.000
2012.000	0.000
2013.000	0.000
2014.000	0.000
2015.000	0.000
2016.000	0.000
2017.000	0.000
2018.000	0.000
2019.000	0.000
2020.000	0.000
2021.000	0.000
2022.000	0.000
2023.000	0.000
2024.000	0.000
2025.000	0.000
2026.000	0.000
2027.000	0.000
2028.000	0.000
2029.000	0.000
2030.000	0.000
2031.000	0.000
2032.000	0.000
2033.000	0.000
2034.000	0.000
2035.000	0.000
2036.000	0.000
2037.000	0.000
2038.000	0.000
2039.000	0.000
2040.000	0.000
2041.000	0.000
2042.000	0.000
2043.000	0.000
2044.000	0.000
2045.000	0.000
2046.000	0.000
2047.000	0.000
2048.000	0.000
2049.000	0.000
2050.000	0.000
2051.000	0.000
2052.000	0.000
2053.000	0.000
2054.000	0.000
2055.000	0.000
2056.000	0.000
2057.000	0.000
2058.000	0.000
2059.000	0.000
2060.000	0.000
2061.000	0.000
2062.000	0.000
2063.000	0.000
2064.000	0.000
2065.000	0.000
2066.000	0.000
2067.000	0.000
2068.000	0.000
2069.000	0.000
2070.000	0.000
2071.000	0.000
2072.000	0.000
2073.000	0.000
2074.000	0.000
2075.000	0.000
2076.000	0.000
2077.000	0.000
2078.000	0.000
2079.000	0.000
2080.000	0.000
2081.000	0.000
2082.000	0.000
2083.000	0.000
2084.000	0.000
2085.000	0.000
2086.000	0.000
2087.000	0.000
2088.000	0.000
2089.000	0.000
2090.000	0.000
2091.000	0.000
2092.000	0.000
2093.000	0.000
2094.000	0.000
2095.000	0.000
2096.000	0.000
2097.000	0.000
2098.000	0.000
2099.000	0.000
2100.000	0.000
2101.000	0.000
2102.000	0.000
2103.000	0.000
2104.000	0.000
2105.000	0.000
2106.000	0.000
2107.000	0.000
2108.000	0.000
2109.000	0.000
2110.000	0.000
2111.000	0.000
2112.000	0.000
2113.000	0.000
2114.000	0.000
2115.000	0.000
2116.000	0.000
2117.000	0.000
2118.000	0.000
2119.000	0.000
2120.000	0.000
2121.000	0.000
2122.000	0.000
2123.000	0.000
2124.000	0.000
2125.000	0.000
2126.000	0.000
2127.000	0.000
2128.000	0.000
2129.000	0.000
2130.000	0.000
2131.000	0.000
2132.000	0.000
2133.000	0.000
2134.000	0.000
2135.000	0.000
2136.000	0.000
2137.000	0.000
2138.000	0.000
2139.000	0.000
2140.000	0.000
2141.000	0.000
2142.000	0.000
2143.000	0.000
2144.000	0.000
2145.000	0.000
2146.000	0.000
2147.000	0.000
2148.000	0.000
2149.000	0.000
2150.000	0.000
2151.000	0.000
2152.000	0.000
2153.000	0.000
2154.000	0.000
2155.000	0.000
2156.000	0.000
2157.000	0.000
2158.000	0.000
2159.000	0.000
2160.000	0.000
2161.000	0.000
2162.000	0.000
2163.000	0.000
2164.000	0.000
2165.000	0.000
2166.000	0.000
2167.000	0.000
2168.000	0.000
2169.000	0.000
2170.000	0.000
2171.000	0.000
2172.000	0.000
2173.000	0.000
2174.000	0.000
2175.000	0.000
2176.000	0.000
2177.000	0.000
2178.000	0.000
2179.000	0.000
2180.000	0.000
2181.000	0.000
2182.000	0.000
2183.000	0.000
2184.000	0.000
2185.000	0.000
2186.000	0.000
2187.000	0.000
2188.000	0.000
2189.000	0.000
2190.000	0.000
2191.000	0.000
2192.000	0.000
2193.000	0.000
2194.000	0.000
2195.000	0.000
2196.000	0.000
2197.000	0.000
2198.000	0.000
2199.000	0.000
2200.000	0.000
2201.000	0.000
2202.000	0.000
2203.000	0.000
2204.000	0.000
2205.000	0.000
2206.000	0.000
2207.000	0.000
2208.000	0.000
2209.000	0.000
2210.000	0.000
2211.000	0.000
2212.000	0.000
2213.000	0.000
2214.000	0.000
2215.000	0.000
2216.000	0.000
2217.000	0.000
2218.000	0.000
2219.000	0.000
2220.000	0.000
2221.000	0.000
2222.000	0.000
2223.000	0.000
2224.000	0.000
2225.000	0.000
2226.000	0.000
2227.000	0.000
2228.000	0.000
2229.000	0.000
2230.000	0.000
2231.000	0.000
2232.000	0.000
2233.000	0.000
2234.000	0.000
2235.000	0.000
2236.000	0.000
2237.000	0.000
2238.000	0.000
2239.000	0.000
2240.000	0.000
2241.000	0.000
2242.000	0.000
2243.000	0.000
2244.000	0.000
2245.000	0.000
2246.000	0.000
2247.000	0.000
2248.000	0.000
2249.000	0.000
2250.000	0.000
2251.000	0.000
2252.000	0.000
2253.000	0.000
2254.000	0.000
2255.000	0.000
2256.000	0.000
2257.000	0.000
2258.000	0.000
2259.000	0.000
2260.000	0.000
2261.000	0.000
2262.000	0.000
2263.000	0.000
2264.000	0.000
2265.000	0.000
2266.000	0.000
2267.000	0.000
2268.000	0.000
2269.000	0.000
2270.000	0.000
2271.000	0.000
2272.000	0.000
2273.000	0.000
2274.000	0.000
2275.000	0.000
2276.000	0.000
2277.000	0.000
2278.000	0.000
2279.000	0.000
2280.000	0.000
2281.000	0.000
2282.000	0.000
2283.000	0.000
2284.000	0.000
2285.000	0.000
2286.000	0.000
2287.000	0.000
2288.000	0.000
2289.000	0.000
2290.000	0.000
2291.000	0.000
2292.000	0.000
2293.000	0.000
2294.000	0.000
2295.000	0.000
2296.000	0.000
2297.000	0.000
2298.000	0.000
2299.000	0.000
2300.000	0.000
2301.000	0.000
2302.000	0.000
2303.000	0.000
2304.000	0.000
2305.000	0.000
2306.000	0.000
2307.000	0.000
2308.000	0.000
2309.000	0.000
2310.000	0.000
2311.000	0.000
2312.000	0.000
2313.000	0.000
2314.000	0.000
2315.000	0.000
2316.000	0.000
2317.000	0.000
2318.000	0.000
2319.000	0.000
2320.000	0.000
2321.000	0.000
2322.000	0.000
2323.000	0.000
2324.000	0.000
2325.000	0.000
2326.000	0.000
2327.000	0.000
2328.000	0.000
2329.000	0.000
2330.000	0.000
2331.000	0.000
2332.000	0.000
2333.000	0.000
2334.000	0.000
2335.000	0.000
2336.000	0.000
2337.000	0.000
2338.000	0.000
2339.000	0.000
2340.000	0.000
2341.000	0.000
2342.000	0.000
2343.000	0.000
2344.000	0.000
2345.000	0.000
2346.000	0.000
2347.000	0.000
2348.000	0.000
2349.000	0.000
2350.000	0.000
2351.000	0.000
2352.000	0.000
2353.000	0.000
2354.000	0.000
2355.000	0.000
2356.000	0.000
2357.000	0.000
2358.000	0.000
2359.000	0.000
2360.000	0.000
2361.000	0.000
2362.000	0.000
2363.000	0.000
2364.000	0.000
2365.000	0.000
2366.000	0.000
2367.000	0.000
2368.000	0.000
2369.000	0.000
2370.000	0.000
2371.000	0.000
2372.000	0.000
2373.000	0.000
2374.000	0.000
2375.000	0.000
2376.000	0.000
2377.000	0.000
2378.000	0.000
2379.000	0.000
2380.000	0.000
2381.000	0.000
2382.000	0.000
2383.000	0.000
2384.000	0.000
2385.000	0.000
2386.000	0.000
2387.000	0.000
2388.000	0.000
2389.000	0.000
2390.000	0.000
2391.000	0.000
2392.000	0.000
2393.000	0.000
2394.000	0.000
2395.000	0.000
2396.000	0.000
2397.000	0.000
2398.000	0.000
2399.000	0.000
2400.000	0.000
2401.000	0.000
2402.000	0.000
2403.000	0.000
2404.000	0.000
2405.000	0.000
2406.000	0.000
2407.000	0.000
2408.000	0.000
2409.000	0.000
2410.000	0.000
2411.000	0.000
2412.000	0.000
2413.000	0.000
2414.000	0.000
2415.000	0.000
2416.000	0.000
2417.000	0.000
2418.000	0.000
2419.000	0.000
2420.000	0.000
2421.000	0.000
2422.000	0.000
2423.000	0.000
2424.000	0.000
2425.000	0.000
2426.000	0.000
2427.000	0.000
2428.000	0.000
2429.000	0.000
2430.000	0.000
2431.000	0.000
2432.000	0.000
2433.000	0.000
2434.000	0.000
2435.000	0.000
2436.000	0.000
2437.000	0.000
2438.000	0.000
2439.000	0.000
2440.000	0.000
2441.000	0.000
2442.000	0.000
2443.000	0.000
2444.000	0.000
2445.000	0.000
2446.000	0.000
2447.000	0.000
2448.000	0.000
2449.000	0.000
2450.000	0.000
2451.000	0.000
2452.000	0.000
2453.000	0.000
2454.000	0.000
2455.000	0.000
2456.000	0.000
2457.000	0.000
2458.000	0.000
2459.000	0.000
2460.000	0.000
2461.000	0.000
2462.000	0.000
2463.000	0.000
2464.000	0.000
2465.000	0.000
2466.000	0.000
2467.000	0.000
2468.000	0.000
2469.000	0.000
2470.000	0.000
2471.000	0.000
2472.000	0.000
2473.000	0.000
2474.000	0.000
2475.000	0.000
2476.000	0.000
2477.000	0.000
2478.000	0.000
2479.000	0.000
2480.000	0.000
2481.000	0.000
2482.000	0.000
2483.000	0.000
2484.000	0.000
2485.000	0.000
2486.000	0.000
2487.000	0.000
2488.000	0.000
2489.000	0.000
2490.000	0.000
2491.000	0.000
2492.000	0.000
2493.000	0.000
2494.000	0.000
2495.000	0.000
2496.000	0.000
2497.000	0.000
2498.000	0.000
2499.000	0.000
2500.000	0.000
2501.000	0.000
2502.000	0.000
2503.000	0.000
2504.000	0.000
2505.000	0.000
2506.000	0.000
2507.000	0.000
2508.000	0.000
2509.000	0.000
2510.000	0.000
2511.000	0.000
2512.000	0.000
2513.000	0.000
2514.000	0.000
2515.000	0.000
2516.000	0.000
2517.000	0.000
2518.000	0.000
2519.000	0.000
2520.000	0.000
2521.000	0.000
2522.000	0.000
2523.000	0.000
2524.000	0.000
2525.000	0.000
2526.000	0.000
2527.000	0.000
2528.000	0.000
2529.000	0.000
2530.000	0.000
2531.000	0.000
2532.000	0.000
2533.000	0.000
2534.000	0.000
2535.000	0.000
2536.000	0.000
2537.000	0.000
2538.000	0.000
2539.000	0.000
2540.000	0.000
2541.000	0.000
2542.000	0.000
2543.000	0.000
2544.000	0.000
2545.000	0.000
2546.000	0.000
2547.000	0.000
2548.000	0.000
2549.000	0.000
2550.000	0.000
2551.000	0.000
2552.000	0.000
2553.000	0.000
2554.000	0.000
2555.000	0.000
2556.000	0.000
2557.000	0.000
2558.000	0.000
2559.000	0.000
2560.000	0.000
2561.000	0.000
2562.000	0.000
2563.000	0.000
2564.000	0.000
2565.000	0.000
2566.000	0.000
2567.000	0.000
2568.000	0.000
2569.000	0.000
2570.000	0.000
2571.000	0.000
2572.000	0.000
2573.000	0.000
2574.000	0.000
2575.000	0.000
2576.000	0.000
2577.000	0.000
2578.000	0.000
2579.000	0.000
2580.000	0.000
2581.000	0.000
2582.000	0.000
2583.000	0.000
2584.000	0.000
2585.000	0.000
2586.000	0.000
2587.000	0.000
2588.000	0.000
2589.000	0.000
2590.000	0.000
2591.000	0.000
2592.000	0.000
2593.000	0.000
2594.000	0.000
2595.000	0.000
2596.000	0.000
2597.000	0.000
2598.000	0.000
2599.000	0.000
2600.000	0.000
2601.000	0.000
2602.000	0.000
2603.000	0.000
2604.000	0.000
2605.000	0.000
2606.000	0.000
2607.000	0.000
2608.000	0.000
2609.000	0.000
2610.000	0.000
2611.000	0.000
2612.000	0.000
2613.000	0.000
2614.000	0.000
2615.000	0.000
2616.000	0.000
2617.000	0.000
2618.000	0.000
2619.000	0.000
2620.000	0.000
2621.000	0.000
2622.000	0.000
2623.000	0.000
2624.000	0.000
2625.000	0.000
2626.000	0.000
2627.000	0.000
2628.000	0.000
2629.000	0.000
2630.000	0.000
2631.000	0.000
2632.000	0.000
2633.000	0.000
2634.000	0.000
2635.000	0.000
2636.000	0.000
2637.000	0.000
2638.000	0.000
2639.000	0.000
2640.000	0.000
2641.000	0.000
2642.000	0.000
2643.000	0.000
2644.000	0.000
2645.000	0.000
2646.000	0.000
2647.000	0.000
2648.000	0.000
2649.000	0.000
2650.000	0.000
2651.000	0.000
2652.000	0.000
2653.000	0.000
2654.000	0.000
2655.000	0.000
2656.000	0.000
2657.000	0.000
2658.000	0.000
2659.000	0.000
2660.000	0.000
2661.000	0.000
2662.000	0.000
2663.000	0.000
2664.000	0.000
2665.000	0.000
2666.000	0.000
2667.000	0.000
2668.000	0.000
2669.000	0.000
2670.000	0.000
2671.000	0.000
2672.000	0.000
2673.000	0.000
2674.000	0.000
2675.000	0.000
2676.000	0.000
2677.000	0.000
2678.000	0.000
2679.000	0.000
2680.000	0.000
2681.000	0.000
2682.000	0.000
2683.000	0.000
2684.000	0.000
2685.000	0.000
2686.000	0.000
2687.000	0.000
2688.000	0.000
2689.000	0.000
2690.000	0.000
2691.000	0.000
2692.000	0.000
2693.000	0.000
2694.000	0.000
2695.000	0.000
2696.000	0.000
2697.000	0.000
2698.000	0.000
2699.000	0.000
2700.000	0.000
2701.000	0.000
2702.000	0.000
2703.000	0.000
2704.000	0.000
2705.000	0.000
2706.000	0.000
2707.000	0.000
2708.000	0.000
2709.000	0.000
2710.000	0.000
2711.000	0.000
2712.000	0.000
2713.000	0.000
2714.000	0.000
2715.000	0.000
2716.000	0.000
2717.000	0.000
2718.000	0.000
2719.000	0.000
2720.000	0.000
2721.000	0.000
2722.000	0.000
2723.000	0.000
2724.000	0.000
2725.000	0.000
2726.000	0.000
2727.000	0.000
2728.000	0.000
2729.000	0.000
2730.000	0.000
2731.000	0.000
2732.000	0.000
2733.000	0.000
2734.000	0.000
2735.000	0.000
2736.000	0.000
2737.000	0.000
2738.000	0.000
2739.000	0.000
2740.000	0.000
2741.000	0.000
2742.000	0.000
2743.000	0.000
2744.000	0.000
2745.000	0.000
2746.000	0.000
2747.000	0.000
2748.000	0.000
2749.000	0.000
2750.000	0.000
2751.000	0.000
2752.000	0.000
2753.000	0.000
2754.000	0.000
2755.000	0.000
2756.000	0.000
2757.000	0.000
2758.000	0.000
2759.000	0.000
2760.000	0.000
2761.000	0.000
2762.000	0.000
2763.000	0.000
2764.000	0.000
2765.000	0.000
2766.000	0.000
2767.000	0.000
2768.000	0.000
2769.000	0.000
2770.000	0.000
2771.000	0.000
2772.000	0.000
2773.000	0.000
2774.000	0.000
2775.000	0.000
2776.000	0.000
2777.000	0.000
2778.000	0.000
2779.000	0.000
2780.000	0.000
2781.000	0.000
2782.000	0.000
2783.000	0.000
2784.000	0.000
2785.000	0.000
2786.000	0.000
2787.000	0.000
2788.000	0.000
2789.000	0.000
2790.000	0.000
2791.000	0.000
2792.000	0.000
2793.000	0.000
2794.000	0.000
2795.000	0.000
2796.000	0.000
2797.000	0.000
2798.000	0.000
2799.000	0.000
2800.000	0.000
2801.000	0.000
2802.000	0.000
2803.000	0.000
2804.000	0.000
2805.000	0.000
2806.000	0.000
2807.000	0.000
2808.000	0.000
2809.000	0.000
2810.000	0.000
2811.000	0.000
2812.000	0.000
2813.000	0.000
2814.000	0.000
2815.000	0.000
2816.000	0.000
2817.000	0.000
2818.000	0.000
2819.000	0.000
2820.000	0.000
2821.000	0.000
2822.000	0.000
2823.000	0.000
2824.000	0.000
2825.000	0.000
2826.000	0.000
2827.000	0.000
2828.000	0.000
2829.000	0.000
2830.000	0.000
2831.000	0.000
2832.000	0.000
2833.000	0.000
2834.000	0.000
2835.000	0.000
2836.000	0.000
2837.000	0.000
2838.000	0.000
2839.000	0.000
2840.000	0.000
2841.000	0.000
2842.000	0.000
2843.000	0.000
2844.000	0.000
2845.000	0.000
2846.000	0.000
2847.000	0.000
2848.000	0.000
2849.000	0.000
2850.000	0.000
2851.000	0.000
2852.000	0.000
2853.000	0.000
2854.000	0.000
2855.000	0.000
2856.000	0.000
2857.000	0.000
2858.000	0.000
2859.000	0.000
2860.000	0.000
2861.000	0.000
2862.000	0.000
2863.000	0.000
2864.000	0.000
2865.000	0.000
2866.000	0.000
2867.000	0.000
2868.000	0.000
2869.000	0.000
2870.000	0.000
2871.000	0.000
2872.000	0.000
2873.000	0.000
2874.000	0.000
2875.000	0.000
2876.000	0.000
2877.000	0.000
2878.000	0.000
2879.000	0.000
2880.000	0.000
2881.000	0.000
2882.000	0.000
2883.000	0.000
2884.000	0.000
2885.000	0.000
2886.000	0.000
2887.000	0.000
2888.000	0.000
2889.000	0.000
2890.000	0.000
2891.000	0.000
2892.000	0.000
2893.000	0.000
2894.000	0.000
2895.000	0.000
2896.000	0.000
2897.000	0.000
2898.000	0.000
2899.000	0.000
2900.000	0.000
2901.000	0.000
2902.000	0.000
2903.000	0.000
2904.000	0.000
2905.000	0.000
2906.000	0.000
2907.000	0.000
2908.000	0.000
2909.000	0.000
2910.000	0.000
2911.000	0.000
2912.000	0.000
2913.000	0.000
2914.000	0.000
2915.000	0.000
2916.000	0.000
2917.000	0.000
2918.000	0.000
2919.000	0.000
2920.000	0.000
2921.000	0.000
2922.000	0.000
2923.000	0.000
2924.000	0.000
2925.000	0.000
2926.000	0.000
2927.000	0.000
2928.000	0.000
2929.000	0.000
2930.000	0.000
2931.000	0.000
2932.000	0.000
2933.000	0.000
2934.000	0.000
2935.000	0.000
2936.000	0.000
2937.000	0.000
2938.000	0.000
2939.000	0.000
2940.000	0.000
2941.000	0.000
2942.000	0.000
2943.000	0.000
2944.000	0.000
2945.000	0.000
2946.000	0.000
2947.000	0.000
2948.000	0.000
2949.000	0.000
2950.000	0.000
2951.000	0.000
2952.000	0.000
2953.000	0.000
2954.000	0.000
2955.000	0.000
2956.000	0.000
2957.000	0.000
2958.000	0.000
2959.000	0.000
2960.000	0.000
2961.000	0.000
2962.000	0.000
2963.000	0.000
2964.000	0.000
2965.000	0.000
2966.000	0.000
2967.000	0.000
2968.000	0.000
2969.000	0.000
2970.000	0.000
2971.000	0.000
2972.000	0.000
2973.000	0.000
2974.000	0.000
2975.000	0.000
2976.000	0.000
2977.000	0.000
2978.000	0.000
2979.000	0.000
2980.000	0.000
2981.000	0.000
2982.000	0.000
2983.000	0.000
2984.000	0.000
2985.000	0.000
2986.000	0.000
2987.000	0.000
2988.000	0.000
2989.000	0.000
2990.000	0.000
2991.000	0.000
2992.000	0.000
2993.000	0.000
2994.000	0.000
2995.000	0.000
2996.000	0.000
2997.000	0.000
2998.000	0.000
2999.000	0.000
3000.000	0.000
3001.000	0.000
3002.000	0.000
3003.000	0.000
3004.000	0.000
3005.000	0.000
3006.000	0.000
3007.000	0.000
3008.000	0.000
3009.000	0.000
3010.000	0.000
3011.000	0.000
3012.000	0.000
3013.000	0.000
3014.000	0.000
3015.000	0.000
3016.000	0.000
3017.000	0.000
3018.000	0.000
3019.000	0.000
3020.000	0.000
3021.000	0.000
3022.000	0.000
3023.000	0.000
3024.000	0.000
3025.000	0.000
3026.000	0.000
3027.000	0.000
3028.000	0.000
3029.000	0.000
3030.000	0.000
3031.000	0.000
3032.000	0.000
3033.000	0.000
3034.000	0.000
3035.000	0.000
3036.000	0.000
3037.000	0.000
3038.000	0.000
3039.000	0.000
3040.000	0.000
3041.000	0.000
3042.000	0.000
3043.000	0.000
3044.000	0.000
3045.000	0.000
3046.000	0.000
3047.000	0.000
3048.000	0.000
3049.000	0.000
3050.000	0.000
3051.000	0.000
3052.000	0.000
3053.000	0.000
3054.000	0.000
3055.000	0.000
3056.000	0.000
3057.000	0.000
3058.000	0.000
3059.000	0.000
3060.000	0.000
3061.000	0.000
3062.000	0.000
3063.000	0.000
3064.000	0.000
3065.000	0.000
3066.000	0.000
3067.000	0.000
3068.000	0.000
3069.000	0.000
3070.000	0.000
3071.000	0.000
3072.000	0.000
3073.000	0.000
3074.000	0.000
3075.000	0.000
3076.000	0.000
3077.000	0.000
3078.000	0.000
3079.000	0.000
3080.000	0.000
3081.000	0.000
3082.000	0.000
3083.000	0.000
3084.000	0.000
3085.000	0.000
3086.000	0.000
3087.000	0.000
3088.000	0.000
3089.000	0.000
3090.000	0.000
3091.000	0.000
3092.000	0.000
3093.000	0.000
3094.000	0.000
3095.000	0.000
3096.000	0.000
3097.000	0.000
3098.000	0.000
3099.000	0.000
3100.000	0.000
3101.000	0.000
3102.000	0.000
3103.000	0.000
3104.000	0.000
3105.000	0.000
3106.000	0.000
3107.000	0.000
3108.000	0.000
3109.000	0.000
3110.000	0.000
3111.000	0.000
3112.000	0.000
3113.000	0.000
3114.000	0.000
3115.000	0.000
3116.000	0.000
3117.000	0.000
3118.000	0.000
3119.000	0.000
3120.000	0.000
3121.000	0.000
3122.000	0.000
3123.000	0.000
3124.000	0.000
3125.000	0.000
3126.000	0.000
3127.000	0.000
3128.000	0.000
3129.000	0.000
3130.000	0.000
3131.000	0.000
3132.000	0.000
3133.000	0.000
3134.000	0.000
3135.000	0.000
3136.000	0.000
3137.000	0.000
3138.000	0.000
3139.000	0.000
3140.000	0.000
3141.000	0.000
3142.000	0.000
3143.000	0.000
3144.000	0.000
3145.000	0.000
3146.000	0.000
3147.000	0.000
3148.000	0.000
3149.000	0.000
3150.000	0.000
3151.000	0.000
3152.000	0.000
3153.000	0.000
3154.000	0.000
3155.000	0.000
3156.000	0.000
3157.000	0.000
3158.000	0.000
3159.000	0.000
3160.000	0.000
3161.000	0.000
3162.000	0.000
3163.000	0.000
3164.000	0.000
3165.000	0.000
3166.000	0.000
3167.000	0.000
3168.000	0.000
3169.000	0.000
3170.000	0.000
3171.000	0.000
3172.000	0.000
3173.000	0.000
3174.000	0.000
3175.000	0.000
3176.000	0.000
3177.000	0.000
3178.000	0.000
3179.000	0.000
3180.000	0.000
3181.000	0.000
3182.000	0.000
3183.000	0.000
3184.000	0.000
3185.000	0.000
3186.000	0.000
3187.000	0.000
3188.000	0.000
3189.000	0.000
3190.000	0.000
3191.000	0.000
3192.000	0.000
3193.000	0.000
3194.000	0.000
3195.000	0.000
3196.000	0.000
3197.000	0.000
3198.000	0.000
3199.000	0.000
3200.000	0.000
3201.000	0.000
3202.000	0.000
3203.000	0.000
3204.000	0.000
3205.000	0.000
3206.000	0.000
3207.000	0.000
3208.000	0.000
3209.000	0.000
3210.000	0.000
3211.000	0.000
3212.000	0.000
3213.000	0.000
3214.000	0.000
3215.000	0.000
3216.000	0.000
3217.000	0.000
3218.000	0.000
3219.000	0.000
3220.000	0.000
3221.000	0.000
3222.000	0.000
3223.000	0.000
3224.000	0.000
3225.000	0.000
3226.000	0.000
3227.000	0.000
3228.000	0.000
3229.000	0.000
3230.000	0.000
3231.000	0.000
3232.000	0.000
3233.000	0.000
3234.000	0.000
3235.000	0.000
3236.000	0.000
3237.000	0.000
3238.000	0.000
3239.000	0.000
3240.000	0.000
3241.000	0.000
3242.000	0.000
3243.000	0.000
3244.000	0.000
3245.000	0.000
3246.000	0.000
3247.000	0.000
3248.000	0.000
3249.000	0.000
3250.000	0.000
3251.000	0.000
3252.000	0.000
3253.000	0.000
3254.000	0.000
3255.000	0.000
3256.000	0.000
3257.000	0.000
3258.000	0.000
3259.000	0.000
3260.000	0.000
3261.000	0.000
3262.000	0.000
3263.000	0.000
3264.000	0.000
3265.000	0.000
3266.000	0.000
3267.000	0.000
3268.000	0.000
3269.000	0.000
3270.000	0.000
3271.000	0.000
3272.000	0.000
3273.000	0.000
3274.000	0.000
3275.000	0.000
3276.000	0.000
3277.000	0.000
3278.000	0.000
3279.000	0.000
3280.000	0.000
3281.000	0.000
3282.000	0.000
3283.000	0.000
3284.000	0.000
3285.000	0.000
3286.000	0.000
3287.000	0.000
3288.000	0.000
3289.000	0.000
3290.000	0.000
3291.000	0.000
3292.000	0.000
3293.000	0.000
3294.000	0.000
3295.000	0.000
3296.000	0.000
3297.000	0.000
3298.000	0.000
3299.000	0.000
3300.000	0.000
3301.000	0.000
3302.000	0.000
3303.000	0.000
3304.000	0.000
3305.000	0.000
3306.000	0.000
3307.000	0.000
3308.000	0.000
3309.000	0.000
3310.000	0.000
3311.000	0.000
3312.000	0.000
3313.000	0.000
3314.000	0.000
3315.000	0.000
3316.000	0.000
3317.000	0.000
3318.000	0.000
3319.000	0.000
3320.000	0.000
3321.000	0.000
3322.000	0.000
3323.000	0.000
3324.000	0.000
3325.000	0.000
3326.000	0.000
3327.000	0.000
3328.000	0.000
3329.000	0.000
3330.000	0.000
3331.000	0.000
3332.000	0.000
3333.000	0.000
3334.000	0.000
3335.000	0.000
3336.000	0.000
3337.000	0.000
3338.000	0.000
3339.000	0.000
3340.000	0.000
3341.000	0.000
3342.000	0.000
3343.000	0.000
3344.000	0.000
3345.000	0.000
3346.000	0.000
3347.000	0.000
3348.000	0.000
3349.000	0.000
3350.000	0.000
3351.000	0.000
3352.000	0.000
3353.000	0.000
3354.000	0.000
3355.000	0.000
3356.000	0.000
3357.000	0.000
3358.000	0.000
3359.000	0.000
3360.000	0.000
3361.000	0.000
3362.000	0.000
3363.000	0.000
3364.000	0.000
3365.000	0.000
3366.000	0.000
3367.000	0.000
3368.000	0.000
3369.000	0.000
3370.000	0.000
3371.000	0.000
3372.000	0.000
3373.000	0.000
3374.000	0.000
3375.000	0.000
3376.000	0.000
3377.000	0.000
3378.000	0.000
3379.000	0.000
3380.000	0.000
3381.000	0.000
3382.000	0.000
3383.000	0.000
3384.000	0.000
3385.000	0.000
3386.000	0.000
3387.000	0.000
3388.000	0.000
3389.000	0.000
3390.000	0.000
3391.000	0.000
3392.000	0.000
3393.000	0.000
3394.000	0.000
3395.000	0.000
3396.000	0.000
3397.000	0.000
3398.000	0.000
3399.000	0.000
3400.000	0.000
3401.000	0.000
3402.000	0.000
3403.000	0.000
3404.000	0.000
3405.000	0.000
3406.000	0.000
3407.000	0.000
3408.000	0.000
3409.000	0.000
3410.000	0.000
3411.000	0.000
3412.000	0.000
3413.000	0.000
3414.000	0.000
3415.000	0.000
3416.000	0.000
3417.000	0.000
3418.000	0.000
3419.000	0.000
3420.000	0.000
3421.000	0.000
3422.000	0.000
3423.000	0.000
3424.000	0.000
3425.000	0.000
3426.000	0.000
3427.000	0.000
3428.000	0.000
3429.000	0.000
3430.000	0.000
3431.000	0.000
3432.000	0.000
3433.000	0.000
3434.000	0.000
3435.000	0.000
3436.000	0.000
3437.000	0.000
3438.000	0.000
3439.000	0.000
3440.000	0.000
3441.000	0.000
3442.000	0.000
3443.000	0.000
3444.000	0.000
3445.000	0.000
3446.000	0.000
3447.000	0.000
3448.000	0.000
3449.000	0.000
3450.000	0.000
3451.000	0.000
3452.000	0.000
3453.000	0.000
3454.000	0.000
3455.000	0.000
3456.000	0.000
3457.000	0.000
3458.000	0.000
3459.000	0.000
3460.000	0.000
3461.000	0.000
3462.000	0.000
3463.000	0.000
3464.000	0.000
3465.000	0.000
3466.000	0.000
3467.000	0.000
3468.000	0.000
3469.000	0.000
3470.000	0.000
3471.000	0.000
3472.000	0.000
3473.000	0.000
3474.000	0.000
3475.000	0.000
3476.000	0.000
3477.000	0.000
3478.000	0.000
3479.000	0.000
3480.000	0.000
3481.000	0.000
3482.000	0.000
3483.000	0.000
3484.000	0.000
3485.000	0.000
3486.000	0.000
3487.000	0.000
3488.000	0.000
3489.000	0.000
3490.000	0.000
3491.000	0.000
3492.000	0.000
3493.000	0.000
3494.000	0.000
3495.000	0.000
3496.000	0.000
3497.000	0.000
3498.000	0.000
3499.000	0.000
3500.000	0.000
3501.000	0.000
3502.000	0.000
3503.000	0.000
3504.000	0.000
3505.000	0.000
3506.000	0.000
3507.000	0.000
3508.000	0.000
3509.000	0.000
3510.000	0.000
3511.000	0.000
3512.000	0.000
3513.000	0.000
3514.000	0.000
3515.000	0.000
3516.000	0.000
3517.000	0.000
3518.000	0.000
3519.000	0.000
3520.000	0.000
3521.000	0.000
3522.000	0.000
3523.000	0.000
3524.000	0.000
3525.000	0.000
3526.000	0.000
3527.000	0.000
3528.000	0.000
3529.000	0.000
3530.000	0.000
3531.000	0.000
3532.000	0.000
3533.000	0.000
3534.000	0.000
3535.000	0.000
3536.000	0.000
3537.000	0.000
3538.000	0.000
3539.000	0.000
3540.000	0.000
3541.000	0.000
3542.000	0.000
3543.000	0.000
3544.000	0.000
3545.000	0.000
3546.000	0.000
3547.000	0.000
3548.000	0.000
3549.000	0.000
3550.000	0.000
3551.000	0.000
3552.000	0.000
3553.000	0.000
3554.000	0.000
3555.000	0.000
3556.000	0.000
3557.000	0.000
3558.000	0.000
3559.000	0.000
3560.000	0.000
3561.000	0.000
3562.000	0.000
3563.000	0.000
3564.000	0.000
3565.000	0.000
3566.000	0.000
3567.000	0.000
3568.000	0.000
3569.000	0.000
3570.000	0.000
3571.000	0.000
3572.000	0.000
3573.000	0.000
3574.000	0.000
3575.000	0.000
3576.000	0.000
3577.000	0.000
3578.000	0.000
3579.000	0.000
3580.000	0.000
3581.000	0.000
3582.000	0.000
3583.000	0.000
3584.000	0.000
3585.000	0.000
3586.000	0.000
3587.000	0.000
3588.000	0.000
3589.000	0.000
3590.000	0.000
3591.000	0.000
3592.000	0.000
3593.000	0.000
3594.000	0.000
3595.000	0.000
3596.000	0.000
3597.000	0.000
3598.000	0.000
3599.000	0.000
3600.000	0.000
3601.000	0.000
3602.000	0.000
3603.000	0.000
3604.000	0.000
3605.000	0.000
3606.000	0.000
3607.000	0.000
3608.000	0.000
3609.000	0.000
3610.000	0.000
3611.000	0.000
3612.000	0.000
3613.000	0.000
3614.000	0.000
3615.000	0.000
3616.000	0.000
3617.000	0.000
3618.000	0.000
3619.000	0.000
3620.000	0.000
3621.000	0.000
3622.000	0.000
3623.000	0.000
3624.000	0.000
3625.000	0.000
3626.000	0.000
3627.000	0.000
3628.000	0.000
3629.000	0.000
3630.000	0.000
3631.000	0.000
3632.000	0.000
3633.000	0.000
3634.000	0.000
3635.000	0.000
3636.000	0.000
3637.000	0.000
3638.000	0.000
3639.000	0.000
3640.000	0.000
3641.000	0.000
3642.000	0.000
3643.000	0.000
3644.000	0.000
3645.000	0.000
3646.000	0.000
3647.000	0.000
3648.000	0.000
3649.000	0.000
3650.000	0.000
3651.000	0.000
3652.000	0.000
3653.000	0.000
3654.000	0.000
3655.000	0.000
3656.000	0.000
3657.000	0.000
3658.000	0.000
3659.000	0.000
3660.000	0.000
3661.000	0.000
3662.000	0.000
3663.000	0.000
3664.000	0.000
3665.000	0.000
3666.000	0.000
3667.000	0.000
3668.000	0.000
3669.000	0.000
3670.000	0.000
3671.000	0.000
3672.000	0.000
3673.000	0.000
3674.000	0.000
3675.000	0.000
3676.000	0.000
3677.000	0.000
3678.000	0.000
3679.000	0.000
3680.000	0.000
3681.000	0.000
3682.000	0.000
3683.000	0.000
3684.000	0.000
3685.000	0.000
3686.000	0.000
3687.000	0.000
3688.000	0.000
3689.000	0.000
3690.000	0.000
3691.000	0.000
3692.000	0.000
3693.000	0.000
3694.000	0.000
3695.000	0.000
3696.000	0.000
3697.000	0.000
3698.000	0.000
3699.000	0.000
3700.000	0.000
3701.000	0.000
3702.000	0.000
3703.000	0.000
3704.000	0.000
3705.000	0.000
3706.000	0.000
3707.000	0.000
3708.000	0.000
3709.000	0.000
3710.000	0.000
3711.000	0.000
3712.000	0.000
3713.000	0.000
3714.000	0.000
3715.000	0.000
3716.000	0.000
3717.000	0.000
3718.000	0.000
3719.000	0.000
3720.000	0.000
3721.000	0.000
3722.000	0.000
3723.000	0.000
3724.000	0.000
3725.000	0.000
3726.000	0.000
3727.000	0.000
3728.000	0.000
3729.000	0.000
3730.000	0.000
3731.000	0.000
3732.000	0.000
3733.000	0.000
3734.000	0.000
3735.000	0.000
3736.000	0.000
3737.000	0.000
3738.000	0.000
3739.000	0.000
3740.000	0.000
3741.000	0.000
3742.000	0.000
3743.000	0.000
3744.000	0.000
3745.000	0.000
3746.000	0.000
3747.000	0.000
3748.000	0.000
3749.000	0.000
3750.000	0.000
3751.000	0.000
3752.000	0.000
3753.000	0.000
3754.000	0.000
3755.000	0.000
3756.000	0.000
3757.000	0.000
3758.000	0.000
3759.000	0.000
3760.000	0.000
3761.000	0.000
3762.000	0.000
3763.000	0.000
3764.000	0.000
3765.000	0.000
3766.000	0.000
3767.000	0.000
3768.000	0.000
3769.000	0.000
3770.000	0.000
3771.000	0.000
3772.000	0.000
3773.000	0.000
3774.000	0.000
3775.000	0.000
3776.000	0.000
3777.000	0.000
3778.000	0.000
3779.000	0.000
3780.000	0.000
3781.000	0.000
3782.000	0.000
3783.000	0.000
3784.000	0.000
3785.000	0.000
3786.000	0.000
3787.000	0.000
3788.000	0.000
3789.000	0.000
3790.000	0.000
3791.000	0.000
3792.000	0.000
3793.000	0.000
3794.000	0.000
3795.000	0.000
3796.000	0.000
3797.000	0.000
3798.000	0.000
3799.000	0.000
3800.000	0.000
3801.000	0.000
3802.000	0.000
3803.000	0.000
3804.000	0.000
3805.000	0.000
3806.000	0.000
3807.000	0.000
3808.000	0.000
3809.000	0.000
3810.000	0.000
3811.000	0.000
3812.000	0.000
3813.000	0.000
3814.000	0.000
3815.000	0.000
3816.000	0.000
3817.000	0.000
3818.000	0.000
3819.000	0.000
3820.000	0.000
3821.000	0.000
3822.000	0.000
3823.000	0.000
3824.000	0.000
3825.000	0.000
3826.000	0.000
3827.000	0.000
3828.000	0.000
3829.000	0.000
3830.000	0.000
3831.000	0.000
3832.000	0.000
3833.000	0.000
3834.000	0.000
3835.000	0.000
3836.000	0.000
3837.000	0.000
3838.000	0.000
3839.000	0.000
3840.000	0.000
3841.000	0.000
3842.000	0.000
3843.000	0.000
3844.000	0.000
3845.000	0.000
3846.000	0.000
3847.000	0.000
3848.000	0.000
3849.000	0.000
3850.000	0.000
3851.000	0.000
3852.000	0.000
3853.000	0.000
3854.000	0.000
3855.000	0.000
3856.000	0.000
3857.000	0.000
3858.000	0.000
3859.000	0.000
3860.000	0.000
3861.000	0.000
3862.000	0.000
3863.000	0.000
3864.000	0.000
3865.000	0.000
3866.000	0.000
3867.000	0.000
3868.000	0.000
3869.000	0.000
3870.000	0.000
3871.000	0.000
3872.000	0.000
3873.000	0.000
3874.000	0.000
3875.000	0.000
3876.000	0.000
3877.000	0.000
3878.000	0.000
3879.000	0.000
3880.000	0.000
3881.000	0.000
3882.000	0.000
3883.000	0.000
3884.000	0.000
3885.000	0.000
3886.000	0.000
3887.000	0.000
3888.000	0.000
3889.000	0.000
3890.000	0.000
3891.000	0.000
3892.000	0.000
3893.000	0.000
3894.000	0.000
3895.000	0.000
3896.000	0.000
3897.000	0.000
3898.000	0.000
3899.000	0.000
3900.000	0.000
3901.000	0.000
3902.000	0.000
3903.000	0.000
3904.000	0.000
3905.000	0.000
3906.000	0.000
3907.000	0.000
3908.000	0.000
3909.000	0.000
3910.000	0.000
3911.000	0.000
3912.000	0.000
3913.000	0.000
3914.000	0.000
3915.000	0.000
3916.000	0.000
3917.000	0.000
3918.000	0.000
3919.000	0.000
3920.000	0.000
3921.000	0.000
3922.000	0.000
3923.000	0.000
3924.000	0.000
3925.000	0.000
3926.000	0.000
3927.000	0.000
3928.000	0.000
3929.000	0.000
3930.000	0.000
3931.000	0.000
3932.000	0.000
3933.000	0.000
3934.000	0.000
3935.000	0.000
3936.000	0.000
3937.000	0.000
3938.000	0.000
3939.000	0.000
3940.000	0.000
3941.000	0.000
3942.000	0.000
3943.000	0.000
3944.000	0.000
3945.000	0.000
3946.000	0.000
3947.000	0.000
3948.000	0.000
3949.000	0.000
3950.000	0.000
3951.000	0.000
3952.000	0.000
3953.000	0.000
3954.000	0.000
3955.000	0.000
3956.000	0.000
3957.000	0.000
3958.000	0.000
3959.000	0.000
3960.000	0.000
3961.000	0.000
3962.000	0.000
3963.000	0.000
3964.000	0.000
3965.000	0.000
3966.000	0.000
3967.000	0.000
3968.000	0.000
3969.000	0.000
3970.000	0.000
3971.000	0.000
3972.000	0.000
3973.000	0.000
3974.000	0.000
3975.000	0.000
3976.000	0.000
3977.000	0.000
3978.000	0.000
3979.000	0.000
3980.000	0.000
3981.000	0.000
3982.000	0.000
3983.000	0.000
3984.000	0.000
3985.000	0.000
3986.000	0.000
3987.000	0.000
3988.000	0.000
3989.000	0.000
3990.000	0.000
3991.000	0.000
3992.000	0.000
3993.000	0.000
3994.000	0.000
3995.000	0.000
3996.000	0.000
3997.000	0.000
3998.000	0.000
3999.000	0.000
4000.000	0.000
4001.000	0.000
4002.000	0.000
4003.000	0.000
4004.000	0.000
4005.000	0.000
4006.000	0.000
4007.000	0.000
4008.000	0.000
4009.000	0.000
4010.000	0.000
4011.000	0.000
4012.000	0.000
4013.000	0.000
4014.000	0.000
4015.000	0.000
4016.000	0.000
4017.000	0.000
4018.000	0.000
4019.000	0.000
4020.000	0.000
4021.000	0.000
4022.000	0.000
4023.000	0.000
4024.000	0.000
4025.000	0.000
4026.000	0.000
4027.000	0.000
4028.000	0.000
4029.000	0.000
4030.000	0.000
4031.000	0.000
4032.000	0.000
4033.000	0.000
4034.000	0.000
4035.000	0.000
4036.000	0.000
4037.000	0.000
4038.000	0.000
4039.000	0.000
4040.000	0.000
4041.000	0.000
4042.000	0.000
4043.000	0.000
4044.000	0.000
4045.000	0.000
4046.000	0.000
4047.000	0.000
4048.000	0.000
4049.000	0.000
4050.000	0.000
4051.000	0.000
4052.000	0.000
4053.000	0.000
4054.000	0.000
4055.000	0.000
4056.000	0.000
4057.000	0.000
4058.000	0.000
4059.000	0.000
4060.000	0.000
4061.000	0.000
4062.000	0.000
4063.000	0.000
4064.000	0.000
4065.000	0.000
4066.000	0.000
4067.000	0.000
4068.000	0.000
4069.000	0.000
4070.000	0.000
4071.000	0.000
4072.000	0.000
4073.000	0.000
4074.000	0.000
4075.000	0.000
4076.000	0.000
4077.000	0.000
4078.000	0.000
4079.000	0.000
4080.000	0.000
4081.000	0.000
4082.000	0.000
4083.000	0.000
4084.000	0.000
4085.000	0.000
4086.000	0.000
4087.000	0.000
4088.000	0.000
4089.000	0.000
4090.000	0.000
4091.000	0.000
4092.000	0.000
4093.000	0.000
4094.000	0.000
4095.000	0.000
