0.000	17.857
1.000	16.629
2.000	16.068
3.000	16.049
4.000	16.030
5.000	16.012
6.000	15.993
7.000	15.974
8.000	15.956
9.000	15.937
10.000	15.918
11.000	15.899
12.000	15.881
13.000	15.727
14.000	15.708
15.000	15.708
16.000	15.596
17.000	15.527
18.000	15.527
19.000	15.494
20.000	15.479
21.000	15.478
22.000	15.463
23.000	15.449
24.000	15.449
25.000	15.435
26.000	15.423
27.000	15.411
28.000	15.410
29.000	15.398
30.000	15.387
31.000	15.387
32.000	15.376
33.000	15.367
34.000	15.366
35.000	15.355
36.000	15.349
37.000	15.342
38.000	15.342
39.000	15.336
40.000	15.332
41.000	15.331
42.000	15.328
43.000	15.324
44.000	15.321
45.000	15.320
46.000	15.316
47.000	15.313
48.000	15.312
49.000	15.309
50.000	15.306
51.000	15.305
52.000	15.302
53.000	15.298
54.000	15.295
55.000	15.262
56.000	15.259
57.000	15.256
58.000	15.255
59.000	15.251
60.000	15.247
61.000	15.242
62.000	15.242
63.000	15.237
64.000	15.233
65.000	15.232
66.000	15.228
67.000	15.225
68.000	15.224
69.000	15.221
70.000	15.217
71.000	15.213
72.000	15.213
73.000	15.209
74.000	15.205
75.000	15.205
76.000	15.201
77.000	15.197
78.000	15.193
79.000	15.192
80.000	15.187
81.000	15.182
82.000	15.182
83.000	15.177
84.000	15.173
85.000	15.172
86.000	15.168
87.000	15.163
88.000	15.158
89.000	15.157
90.000	15.152
91.000	15.147
92.000	15.146
93.000	15.141
94.000	15.137
95.000	15.136
96.000	15.132
97.000	15.126
98.000	15.120
99.000	15.120
100.000	15.114
101.000	15.107
102.000	15.107
103.000	15.100
104.000	15.094
105.000	15.087
106.000	15.086
107.000	15.079
108.000	15.071
109.000	15.070
110.000	15.062
111.000	15.053
112.000	15.053
113.000	15.044
114.000	15.034
115.000	15.025
116.000	15.024
117.000	15.014
118.000	15.004
119.000	15.003
120.000	14.993
121.000	14.982
122.000	14.970
123.000	14.940
124.000	14.928
125.000	14.915
126.000	14.915
127.000	14.902
128.000	14.888
129.000	14.888
130.000	14.874
131.000	14.860
132.000	14.845
133.000	14.845
134.000	14.829
135.000	14.814
136.000	14.755
137.000	14.739
138.000	14.723
139.000	14.707
140.000	14.706
141.000	14.689
142.000	14.672
143.000	14.671
144.000	14.654
145.000	14.636
146.000	14.591
147.000	14.573
148.000	14.554
149.000	14.535
150.000	14.507
151.000	14.487
152.000	14.467
153.000	14.466
154.000	14.446
155.000	14.425
156.000	14.354
157.000	14.333
158.000	14.311
159.000	14.289
160.000	14.265
161.000	14.243
162.000	14.221
163.000	14.176
164.000	14.154
165.000	14.131
166.000	14.109
167.000	14.058
168.000	14.035
169.000	14.013
170.000	14.013
171.000	13.990
172.000	13.967
173.000	13.932
174.000	13.909
175.000	13.886
176.000	13.863
177.000	13.818
178.000	13.795
179.000	13.771
180.000	13.751
181.000	13.727
182.000	13.703
183.000	13.679
184.000	13.618
185.000	13.593
186.000	13.568
187.000	13.533
188.000	13.508
189.000	13.482
190.000	13.430
191.000	13.404
192.000	13.379
193.000	13.353
194.000	13.326
195.000	13.300
196.000	13.274
197.000	13.231
198.000	13.205
199.000	13.178
200.000	13.151
201.000	13.118
202.000	13.091
203.000	13.063
204.000	13.040
205.000	13.012
206.000	12.984
207.000	12.969
208.000	12.940
209.000	12.912
210.000	12.884
211.000	12.833
212.000	12.804
213.000	12.775
214.000	12.742
215.000	12.713
216.000	12.683
217.000	12.662
218.000	12.633
219.000	12.604
220.000	12.575
221.000	12.549
222.000	12.519
223.000	12.489
224.000	12.452
225.000	12.423
226.000	12.393
227.000	12.363
228.000	12.346
229.000	12.316
230.000	12.286
231.000	12.237
232.000	12.207
233.000	12.177
234.000	12.146
235.000	12.117
236.000	12.087
237.000	12.057
238.000	12.006
239.000	11.977
240.000	11.948
241.000	11.905
242.000	11.875
243.000	11.846
244.000	11.817
245.000	11.803
246.000	11.773
247.000	11.743
248.000	11.700
249.000	11.670
250.000	11.639
251.000	11.607
252.000	11.576
253.000	11.546
254.000	11.516
255.000	11.480
256.000	11.450
257.000	11.420
258.000	11.395
259.000	11.364
260.000	11.334
261.000	11.304
262.000	11.280
263.000	11.251
264.000	11.221
265.000	11.191
266.000	11.161
267.000	11.131
268.000	11.089
269.000	11.060
270.000	11.030
271.000	11.001
272.000	10.932
273.000	10.902
274.000	10.873
275.000	10.839
276.000	10.810
277.000	10.781
278.000	10.713
279.000	10.684
280.000	10.655
281.000	10.626
282.000	10.560
283.000	10.531
284.000	10.502
285.000	10.465
286.000	10.437
287.000	10.408
288.000	10.380
289.000	10.345
290.000	10.317
291.000	10.289
292.000	10.241
293.000	10.213
294.000	10.185
295.000	10.159
296.000	10.131
297.000	10.104
298.000	10.076
299.000	10.064
300.000	10.036
301.000	10.008
302.000	9.938
303.000	9.911
304.000	9.883
305.000	9.856
306.000	9.820
307.000	9.793
308.000	9.766
309.000	9.746
310.000	9.719
311.000	9.692
312.000	9.690
313.000	9.663
314.000	9.636
315.000	9.610
316.000	9.608
317.000	9.582
318.000	9.555
319.000	9.494
320.000	9.468
321.000	9.441
322.000	9.415
323.000	9.379
324.000	9.353
325.000	9.327
326.000	9.295
327.000	9.269
328.000	9.243
329.000	8.989
330.000	8.962
331.000	8.936
332.000	8.910
333.000	8.718
334.000	8.692
335.000	8.666
336.000	8.608
337.000	8.582
338.000	8.556
339.000	8.497
340.000	8.471
341.000	8.445
342.000	8.419
343.000	8.419
344.000	8.393
345.000	8.367
346.000	8.357
347.000	8.331
348.000	8.306
349.000	8.280
350.000	8.255
351.000	8.229
352.000	8.204
353.000	8.164
354.000	8.139
355.000	8.113
356.000	8.113
357.000	8.088
358.000	8.063
359.000	8.038
360.000	8.038
361.000	8.013
362.000	7.988
363.000	7.946
364.000	7.922
365.000	7.897
366.000	7.873
367.000	7.873
368.000	7.849
369.000	7.825
370.000	7.824
371.000	7.800
372.000	7.776
373.000	7.776
374.000	7.752
375.000	7.729
376.000	7.705
377.000	7.663
378.000	7.639
379.000	7.616
380.000	7.615
381.000	7.592
382.000	7.569
383.000	7.546
384.000	7.540
385.000	7.517
386.000	7.494
387.000	7.464
388.000	7.441
389.000	7.419
390.000	7.372
391.000	7.349
392.000	7.327
393.000	7.305
394.000	7.269
395.000	7.247
396.000	7.225
397.000	7.161
398.000	7.139
399.000	7.117
400.000	7.097
401.000	7.075
402.000	7.054
403.000	7.032
404.000	7.026
405.000	7.005
406.000	6.984
407.000	6.936
408.000	6.915
409.000	6.894
410.000	6.873
411.000	6.842
412.000	6.821
413.000	6.801
414.000	6.754
415.000	6.733
416.000	6.713
417.000	6.688
418.000	6.668
419.000	6.648
420.000	6.628
421.000	6.628
422.000	6.608
423.000	6.588
424.000	6.550
425.000	6.531
426.000	6.511
427.000	6.492
428.000	6.473
429.000	6.453
430.000	6.434
431.000	6.419
432.000	6.400
433.000	6.380
434.000	6.380
435.000	6.361
436.000	6.342
437.000	6.323
438.000	6.311
439.000	6.292
440.000	6.273
441.000	6.238
442.000	6.220
443.000	6.201
444.000	6.183
445.000	6.153
446.000	6.135
447.000	6.116
448.000	6.088
449.000	6.070
450.000	6.052
451.000	6.038
452.000	6.020
453.000	6.002
454.000	5.984
455.000	5.957
456.000	5.939
457.000	5.921
458.000	5.910
459.000	5.892
460.000	5.874
461.000	5.855
462.000	5.837
463.000	5.820
464.000	5.802
465.000	5.777
466.000	5.759
467.000	5.742
468.000	5.721
469.000	5.703
470.000	5.686
471.000	5.669
472.000	5.640
473.000	5.623
474.000	5.605
475.000	5.575
476.000	5.558
477.000	5.540
478.000	5.531
479.000	5.514
480.000	5.497
481.000	5.480
482.000	5.460
483.000	5.443
484.000	5.427
485.000	5.427
486.000	5.411
487.000	5.394
488.000	5.378
489.000	5.378
490.000	5.363
491.000	5.347
492.000	5.333
493.000	5.318
494.000	5.302
495.000	5.302
496.000	5.287
497.000	5.271
498.000	5.256
499.000	5.252
500.000	5.237
501.000	5.222
502.000	5.218
503.000	5.203
504.000	5.188
505.000	5.172
506.000	5.168
507.000	5.153
508.000	5.138
509.000	5.124
510.000	5.109
511.000	5.094
512.000	5.079
513.000	5.064
514.000	5.050
515.000	5.035
516.000	5.018
517.000	5.003
518.000	4.989
519.000	4.988
520.000	4.974
521.000	4.960
522.000	4.944
523.000	4.929
524.000	4.915
525.000	4.901
526.000	4.882
527.000	4.868
528.000	4.854
529.000	4.851
530.000	4.837
531.000	4.823
532.000	4.809
533.000	4.809
534.000	4.795
535.000	4.781
536.000	4.765
537.000	4.751
538.000	4.738
539.000	4.716
540.000	4.702
541.000	4.688
542.000	4.675
543.000	4.675
544.000	4.661
545.000	4.648
546.000	4.645
547.000	4.632
548.000	4.619
549.000	4.606
550.000	4.588
551.000	4.575
552.000	4.562
553.000	4.540
554.000	4.527
555.000	4.514
556.000	4.500
557.000	4.487
558.000	4.474
559.000	4.462
560.000	4.455
561.000	4.443
562.000	4.430
563.000	4.411
564.000	4.399
565.000	4.386
566.000	4.373
567.000	4.354
568.000	4.342
569.000	4.329
570.000	4.316
571.000	4.303
572.000	4.291
573.000	4.278
574.000	4.266
575.000	4.254
576.000	4.242
577.000	4.242
578.000	4.230
579.000	4.218
580.000	4.204
581.000	4.192
582.000	4.181
583.000	4.169
584.000	4.141
585.000	4.130
586.000	4.118
587.000	4.095
588.000	4.084
589.000	4.073
590.000	4.072
591.000	4.061
592.000	4.050
593.000	4.039
594.000	4.026
595.000	4.014
596.000	4.003
597.000	3.994
598.000	3.983
599.000	3.972
600.000	3.972
601.000	3.961
602.000	3.950
603.000	3.940
604.000	3.902
605.000	3.892
606.000	3.881
607.000	3.872
608.000	3.862
609.000	3.851
610.000	3.841
611.000	3.822
612.000	3.812
613.000	3.802
614.000	3.801
615.000	3.791
616.000	3.781
617.000	3.737
618.000	3.727
619.000	3.717
620.000	3.708
621.000	3.676
622.000	3.666
623.000	3.656
624.000	3.636
625.000	3.627
626.000	3.617
627.000	3.608
628.000	3.567
629.000	3.558
630.000	3.549
631.000	3.531
632.000	3.521
633.000	3.511
634.000	3.496
635.000	3.486
636.000	3.476
637.000	3.467
638.000	3.467
639.000	3.457
640.000	3.447
641.000	3.441
642.000	3.432
643.000	3.422
644.000	3.413
645.000	3.413
646.000	3.404
647.000	3.394
648.000	3.394
649.000	3.385
650.000	3.376
651.000	3.376
652.000	3.367
653.000	3.358
654.000	3.349
655.000	3.326
656.000	3.317
657.000	3.309
658.000	3.284
659.000	3.275
660.000	3.266
661.000	3.252
662.000	3.243
663.000	3.235
664.000	3.226
665.000	3.226
666.000	3.217
667.000	3.209
668.000	3.209
669.000	3.200
670.000	3.192
671.000	3.183
672.000	3.183
673.000	3.175
674.000	3.167
675.000	3.152
676.000	3.144
677.000	3.136
678.000	3.089
679.000	3.081
680.000	3.073
681.000	3.065
682.000	3.065
683.000	3.057
684.000	3.049
685.000	3.017
686.000	3.009
687.000	3.002
688.000	2.994
689.000	2.994
690.000	2.986
691.000	2.978
692.000	2.978
693.000	2.970
694.000	2.962
695.000	2.931
696.000	2.922
697.000	2.914
698.000	2.906
699.000	2.906
700.000	2.898
701.000	2.890
702.000	2.890
703.000	2.882
704.000	2.874
705.000	2.866
706.000	2.866
707.000	2.858
708.000	2.850
709.000	2.825
710.000	2.817
711.000	2.810
712.000	2.777
713.000	2.770
714.000	2.762
715.000	2.754
716.000	2.748
717.000	2.740
718.000	2.733
719.000	2.732
720.000	2.725
721.000	2.717
722.000	2.717
723.000	2.710
724.000	2.702
725.000	2.694
726.000	2.694
727.000	2.687
728.000	2.679
729.000	2.679
730.000	2.672
731.000	2.664
732.000	2.657
733.000	2.655
734.000	2.648
735.000	2.640
736.000	2.640
737.000	2.633
738.000	2.625
739.000	2.624
740.000	2.616
741.000	2.609
742.000	2.602
743.000	2.602
744.000	2.595
745.000	2.587
746.000	2.587
747.000	2.580
748.000	2.573
749.000	2.566
750.000	2.560
751.000	2.553
752.000	2.546
753.000	2.546
754.000	2.539
755.000	2.532
756.000	2.471
757.000	2.464
758.000	2.457
759.000	2.450
760.000	2.450
761.000	2.443
762.000	2.436
763.000	2.436
764.000	2.430
765.000	2.423
766.000	2.416
767.000	2.416
768.000	2.409
769.000	2.403
770.000	2.402
771.000	2.396
772.000	2.389
773.000	2.389
774.000	2.382
775.000	2.376
776.000	2.369
777.000	2.369
778.000	2.362
779.000	2.356
780.000	2.356
781.000	2.349
782.000	2.343
783.000	2.343
784.000	2.336
785.000	2.330
786.000	2.324
787.000	2.324
788.000	2.317
789.000	2.311
790.000	2.311
791.000	2.305
792.000	2.298
793.000	2.292
794.000	2.292
795.000	2.286
796.000	2.280
797.000	2.279
798.000	2.273
799.000	2.267
800.000	2.267
801.000	2.261
802.000	2.255
803.000	2.249
804.000	2.249
805.000	2.243
806.000	2.237
807.000	2.237
808.000	2.231
809.000	2.225
810.000	2.219
811.000	2.219
812.000	2.213
813.000	2.207
814.000	2.207
815.000	2.201
816.000	2.195
817.000	2.195
818.000	2.189
819.000	2.183
820.000	2.177
821.000	2.177
822.000	2.171
823.000	2.165
824.000	2.165
825.000	2.159
826.000	2.154
827.000	2.148
828.000	1.874
829.000	1.868
830.000	1.862
831.000	1.862
832.000	1.857
833.000	1.851
834.000	1.851
835.000	1.845
836.000	1.840
837.000	1.834
838.000	1.834
839.000	1.829
840.000	1.823
841.000	1.823
842.000	1.818
843.000	1.812
844.000	1.812
845.000	1.807
846.000	1.801
847.000	1.796
848.000	1.796
849.000	1.791
850.000	1.785
851.000	1.785
852.000	1.780
853.000	1.775
854.000	1.769
855.000	1.769
856.000	1.764
857.000	1.759
858.000	1.759
859.000	1.753
860.000	1.748
861.000	1.748
862.000	1.743
863.000	1.738
864.000	1.733
865.000	1.644
866.000	1.639
867.000	1.634
868.000	1.634
869.000	1.629
870.000	1.624
871.000	1.619
872.000	1.619
873.000	1.613
874.000	1.608
875.000	1.608
876.000	1.604
877.000	1.599
878.000	1.599
879.000	1.594
880.000	1.589
881.000	1.584
882.000	1.584
883.000	1.579
884.000	1.574
885.000	1.574
886.000	1.569
887.000	1.564
888.000	1.560
889.000	1.560
890.000	1.555
891.000	1.550
892.000	1.550
893.000	1.545
894.000	1.541
895.000	1.541
896.000	1.536
897.000	1.531
898.000	1.526
899.000	1.526
900.000	1.522
901.000	1.517
902.000	1.517
903.000	1.513
904.000	1.508
905.000	1.508
906.000	1.503
907.000	1.499
908.000	1.494
909.000	1.246
910.000	1.241
911.000	1.237
912.000	1.237
913.000	1.233
914.000	1.228
915.000	1.224
916.000	1.224
917.000	1.219
918.000	1.215
919.000	1.215
920.000	1.210
921.000	1.206
922.000	1.206
923.000	1.201
924.000	1.197
925.000	1.193
926.000	1.193
927.000	1.188
928.000	1.184
929.000	1.184
930.000	1.180
931.000	1.176
932.000	1.171
933.000	1.171
934.000	1.167
935.000	1.163
936.000	1.163
937.000	1.158
938.000	1.154
939.000	1.154
940.000	1.150
941.000	1.146
942.000	1.142
943.000	1.142
944.000	1.138
945.000	1.133
946.000	1.133
947.000	1.129
948.000	1.125
949.000	1.121
950.000	1.121
951.000	1.117
952.000	1.113
953.000	1.113
954.000	1.109
955.000	1.105
956.000	1.105
957.000	1.101
958.000	1.097
959.000	1.093
960.000	1.093
961.000	1.089
962.000	1.085
963.000	1.085
964.000	1.081
965.000	1.077
966.000	1.077
967.000	1.073
968.000	1.069
969.000	1.065
970.000	1.065
971.000	1.061
972.000	1.058
973.000	1.053
974.000	1.049
975.000	1.045
976.000	1.041
977.000	1.041
978.000	1.037
979.000	1.034
980.000	1.010
981.000	1.006
982.000	1.003
983.000	1.003
984.000	0.999
985.000	0.995
986.000	0.991
987.000	0.991
988.000	0.988
989.000	0.984
990.000	0.984
991.000	0.980
992.000	0.977
993.000	0.973
994.000	0.973
995.000	0.970
996.000	0.966
997.000	0.966
998.000	0.962
999.000	0.959
1000.000	0.959
1001.000	0.955
1002.000	0.951
1003.000	0.948
1004.000	0.948
1005.000	0.944
1006.000	0.941
1007.000	0.941
1008.000	0.937
1009.000	0.934
1010.000	0.930
1011.000	0.922
1012.000	0.919
1013.000	0.915
1014.000	0.915
1015.000	0.912
1016.000	0.908
1017.000	0.908
1018.000	0.905
1019.000	0.902
1020.000	0.898
1021.000	0.898
1022.000	0.895
1023.000	0.891
1024.000	0.891
1025.000	0.888
1026.000	0.885
1027.000	0.885
1028.000	0.881
1029.000	0.878
1030.000	0.875
1031.000	0.875
1032.000	0.871
1033.000	0.868
1034.000	0.868
1035.000	0.865
1036.000	0.861
1037.000	0.858
1038.000	0.858
1039.000	0.854
1040.000	0.851
1041.000	0.851
1042.000	0.848
1043.000	0.845
1044.000	0.845
1045.000	0.841
1046.000	0.838
1047.000	0.835
1048.000	0.835
1049.000	0.832
1050.000	0.828
1051.000	0.828
1052.000	0.825
1053.000	0.822
1054.000	0.819
1055.000	0.780
1056.000	0.777
1057.000	0.774
1058.000	0.774
1059.000	0.771
1060.000	0.768
1061.000	0.746
1062.000	0.743
1063.000	0.740
1064.000	0.736
1065.000	0.719
1066.000	0.716
1067.000	0.713
1068.000	0.713
1069.000	0.709
1070.000	0.706
1071.000	0.703
1072.000	0.699
1073.000	0.696
1074.000	0.692
1075.000	0.692
1076.000	0.689
1077.000	0.686
1078.000	0.686
1079.000	0.683
1080.000	0.680
1081.000	0.677
1082.000	0.677
1083.000	0.674
1084.000	0.671
1085.000	0.671
1086.000	0.668
1087.000	0.664
1088.000	0.664
1089.000	0.661
1090.000	0.658
1091.000	0.655
1092.000	0.655
1093.000	0.652
1094.000	0.649
1095.000	0.649
1096.000	0.646
1097.000	0.643
1098.000	0.640
1099.000	0.593
1100.000	0.590
1101.000	0.587
1102.000	0.587
1103.000	0.584
1104.000	0.581
1105.000	0.581
1106.000	0.578
1107.000	0.575
1108.000	0.572
1109.000	0.572
1110.000	0.569
1111.000	0.566
1112.000	0.566
1113.000	0.563
1114.000	0.560
1115.000	0.557
1116.000	0.557
1117.000	0.554
1118.000	0.551
1119.000	0.536
1120.000	0.534
1121.000	0.531
1122.000	0.531
1123.000	0.528
1124.000	0.525
1125.000	0.522
1126.000	0.522
1127.000	0.519
1128.000	0.516
1129.000	0.512
1130.000	0.509
1131.000	0.506
1132.000	0.503
1133.000	0.503
1134.000	0.500
1135.000	0.497
1136.000	0.497
1137.000	0.494
1138.000	0.491
1139.000	0.484
1140.000	0.481
1141.000	0.478
1142.000	0.475
1143.000	0.473
1144.000	0.470
1145.000	0.467
1146.000	0.463
1147.000	0.461
1148.000	0.458
1149.000	0.455
1150.000	0.444
1151.000	0.444
1152.000	0.444
1153.000	0.444
1154.000	0.444
1155.000	0.444
1156.000	0.444
1157.000	0.444
1158.000	0.444
1159.000	0.444
1160.000	0.444
1161.000	0.444
1162.000	0.444
1163.000	0.444
1164.000	0.444
1165.000	0.421
1166.000	0.406
1167.000	0.406
1168.000	0.406
1169.000	0.406
1170.000	0.406
1171.000	0.406
1172.000	0.406
1173.000	0.406
1174.000	0.406
1175.000	0.406
1176.000	0.406
1177.000	0.406
1178.000	0.406
1179.000	0.406
1180.000	0.406
1181.000	0.406
1182.000	0.406
1183.000	0.406
1184.000	0.406
1185.000	0.406
1186.000	0.406
1187.000	0.406
1188.000	0.406
1189.000	0.406
1190.000	0.406
1191.000	0.368
1192.000	0.368
1193.000	0.368
1194.000	0.368
1195.000	0.368
1196.000	0.367
1197.000	0.367
1198.000	0.337
1199.000	0.337
1200.000	0.337
1201.000	0.337
1202.000	0.337
1203.000	0.337
1204.000	0.327
1205.000	0.322
1206.000	0.317
1207.000	0.317
1208.000	0.317
1209.000	0.317
1210.000	0.317
1211.000	0.317
1212.000	0.317
1213.000	0.317
1214.000	0.317
1215.000	0.317
1216.000	0.299
1217.000	0.299
1218.000	0.299
1219.000	0.299
1220.000	0.299
1221.000	0.299
1222.000	0.299
1223.000	0.299
1224.000	0.294
1225.000	0.294
1226.000	0.294
1227.000	0.294
1228.000	0.279
1229.000	0.278
1230.000	0.265
1231.000	0.265
1232.000	0.265
1233.000	0.265
1234.000	0.265
1235.000	0.265
1236.000	0.265
1237.000	0.265
1238.000	0.265
1239.000	0.265
1240.000	0.245
1241.000	0.243
1242.000	0.243
1243.000	0.243
1244.000	0.238
1245.000	0.238
1246.000	0.238
1247.000	0.238
1248.000	0.238
1249.000	0.231
1250.000	0.231
1251.000	0.231
1252.000	0.231
1253.000	0.231
1254.000	0.231
1255.000	0.218
1256.000	0.218
1257.000	0.218
1258.000	0.218
1259.000	0.218
1260.000	0.214
1261.000	0.214
1262.000	0.199
1263.000	0.199
1264.000	0.199
1265.000	0.199
1266.000	0.199
1267.000	0.199
1268.000	0.199
1269.000	0.199
1270.000	0.199
1271.000	0.185
1272.000	0.185
1273.000	0.185
1274.000	0.185
1275.000	0.185
1276.000	0.185
1277.000	0.185
1278.000	0.185
1279.000	0.178
1280.000	0.178
1281.000	0.178
1282.000	0.178
1283.000	0.178
1284.000	0.163
1285.000	0.163
1286.000	0.163
1287.000	0.163
1288.000	0.163
1289.000	0.163
1290.000	0.163
1291.000	0.163
1292.000	0.163
1293.000	0.163
1294.000	0.163
1295.000	0.163
1296.000	0.163
1297.000	0.163
1298.000	0.163
1299.000	0.163
1300.000	0.139
1301.000	0.139
1302.000	0.139
1303.000	0.136
1304.000	0.121
1305.000	0.114
1306.000	0.114
1307.000	0.114
1308.000	0.114
1309.000	0.114
1310.000	0.114
1311.000	0.114
1312.000	0.114
1313.000	0.114
1314.000	0.114
1315.000	0.114
1316.000	0.112
1317.000	0.112
1318.000	0.112
1319.000	0.112
1320.000	0.112
1321.000	0.094
1322.000	0.094
1323.000	0.094
1324.000	0.094
1325.000	0.094
1326.000	0.094
1327.000	0.094
1328.000	0.094
1329.000	0.094
1330.000	0.094
1331.000	0.094
1332.000	0.094
1333.000	0.094
1334.000	0.094
1335.000	0.094
1336.000	0.094
1337.000	0.094
1338.000	0.074
1339.000	0.074
1340.000	0.074
1341.000	0.074
1342.000	0.067
1343.000	0.058
1344.000	0.058
1345.000	0.058
1346.000	0.058
1347.000	0.058
1348.000	0.058
1349.000	0.058
1350.000	0.058
1351.000	0.058
1352.000	0.041
1353.000	0.041
1354.000	0.041
1355.000	0.041
1356.000	0.041
1357.000	0.041
1358.000	0.031
1359.000	0.031
1360.000	0.031
1361.000	0.031
1362.000	0.031
1363.000	0.031
1364.000	0.028
1365.000	0.028
1366.000	0.028
1367.000	0.017
1368.000	0.017
1369.000	0.017
1370.000	0.017
1371.000	0.017
1372.000	0.017
1373.000	0.017
1374.000	0.017
1375.000	0.017
1376.000	0.017
1377.000	0.017
1378.000	0.017
1379.000	0.009
1380.000	0.009
1381.000	0.009
1382.000	0.009
1383.000	0.009
1384.000	0.009
1385.000	0.009
1386.000	0.009
1387.000	0.009
1388.000	0.009
1389.000	-0.000
1390.000	-0.000
1391.000	-0.022
1392.000	-0.022
1393.000	-0.022
1394.000	-0.022
1395.000	-0.022
1396.000	-0.022
1397.000	-0.022
1398.000	-0.022
1399.000	-0.022
1400.000	-0.022
1401.000	-0.022
1402.000	-0.022
1403.000	-0.022
1404.000	-0.022
1405.000	-0.022
1406.000	-0.046
1407.000	-0.046
1408.000	-0.046
1409.000	-0.047
1410.000	-0.047
1411.000	-0.049
1412.000	-0.049
1413.000	-0.049
1414.000	-0.053
1415.000	-0.055
1416.000	-0.055
1417.000	-0.055
1418.000	-0.055
1419.000	-0.055
1420.000	-0.055
1421.000	-0.055
1422.000	-0.071
1423.000	-0.071
1424.000	-0.071
1425.000	-0.071
1426.000	-0.071
1427.000	-0.071
1428.000	-0.071
1429.000	-0.071
1430.000	-0.071
1431.000	-0.089
1432.000	-0.090
1433.000	-0.090
1434.000	-0.090
1435.000	-0.090
1436.000	-0.090
1437.000	-0.092
1438.000	-0.092
1439.000	-0.104
1440.000	-0.105
1441.000	-0.105
1442.000	-0.105
1443.000	-0.105
1444.000	-0.105
1445.000	-0.105
1446.000	-0.105
1447.000	-0.105
1448.000	-0.105
1449.000	-0.105
1450.000	-0.105
1451.000	-0.105
1452.000	-0.105
1453.000	-0.109
1454.000	-0.109
1455.000	-0.118
1456.000	-0.126
1457.000	-0.126
1458.000	-0.126
1459.000	-0.126
1460.000	-0.126
1461.000	-0.126
1462.000	-0.126
1463.000	-0.126
1464.000	-0.126
1465.000	-0.126
1466.000	-0.126
1467.000	-0.126
1468.000	-0.126
1469.000	-0.126
1470.000	-0.126
1471.000	-0.126
1472.000	-0.137
1473.000	-0.137
1474.000	-0.137
1475.000	-0.154
1476.000	-0.154
1477.000	-0.154
1478.000	-0.154
1479.000	-0.154
1480.000	-0.154
1481.000	-0.154
1482.000	-0.159
1483.000	-0.162
1484.000	-0.162
1485.000	-0.164
1486.000	-0.168
1487.000	-0.168
1488.000	-0.168
1489.000	-0.168
1490.000	-0.172
1491.000	-0.172
1492.000	-0.175
1493.000	-0.175
1494.000	-0.175
1495.000	-0.175
1496.000	-0.175
1497.000	-0.175
1498.000	-0.175
1499.000	-0.188
1500.000	-0.188
1501.000	0.000
1502.000	0.000
1503.000	0.000
1504.000	0.000
1505.000	0.000
1506.000	0.000
1507.000	0.000
1508.000	0.000
1509.000	0.000
1510.000	0.000
1511.000	0.000
1512.000	0.000
1513.000	0.000
1514.000	0.000
1515.000	0.000
1516.000	0.000
1517.000	0.000
1518.000	0.000
1519.000	0.000
1520.000	0.000
1521.000	0.000
1522.000	0.000
1523.000	0.000
1524.000	0.000
1525.000	0.000
1526.000	0.000
1527.000	0.000
1528.000	0.000
1529.000	0.000
1530.000	0.000
1531.000	0.000
1532.000	0.000
1533.000	0.000
1534.000	0.000
1535.000	0.000
1536.000	0.000
1537.000	0.000
1538.000	0.000
1539.000	0.000
1540.000	0.000
1541.000	0.000
1542.000	0.000
1543.000	0.000
1544.000	0.000
1545.000	0.000
1546.000	0.000
1547.000	0.000
1548.000	0.000
1549.000	0.000
1550.000	0.000
1551.000	0.000
1552.000	0.000
1553.000	0.000
1554.000	0.000
1555.000	0.000
1556.000	0.000
1557.000	0.000
1558.000	0.000
1559.000	0.000
1560.000	0.000
1561.000	0.000
1562.000	0.000
1563.000	0.000
1564.000	0.000
1565.000	0.000
1566.000	0.000
1567.000	0.000
1568.000	0.000
1569.000	0.000
1570.000	0.000
1571.000	0.000
1572.000	0.000
1573.000	0.000
1574.000	0.000
1575.000	0.000
1576.000	0.000
1577.000	0.000
1578.000	0.000
1579.000	0.000
1580.000	0.000
1581.000	0.000
1582.000	0.000
1583.000	0.000
1584.000	0.000
1585.000	0.000
1586.000	0.000
1587.000	0.000
1588.000	0.000
1589.000	0.000
1590.000	0.000
1591.000	0.000
1592.000	0.000
1593.000	0.000
1594.000	0.000
1595.000	0.000
1596.000	0.000
1597.000	0.000
1598.000	0.000
1599.000	0.000
1600.000	0.000
1601.000	0.000
1602.000	0.000
1603.000	0.000
1604.000	0.000
1605.000	0.000
1606.000	0.000
1607.000	0.000
1608.000	0.000
1609.000	0.000
1610.000	0.000
1611.000	0.000
1612.000	0.000
1613.000	0.000
1614.000	0.000
1615.000	0.000
1616.000	0.000
1617.000	0.000
1618.000	0.000
1619.000	0.000
1620.000	0.000
1621.000	0.000
1622.000	0.000
1623.000	0.000
1624.000	0.000
1625.000	0.000
1626.000	0.000
1627.000	0.000
1628.000	0.000
1629.000	0.000
1630.000	0.000
1631.000	0.000
1632.000	0.000
1633.000	0.000
1634.000	0.000
1635.000	0.000
1636.000	0.000
1637.000	0.000
1638.000	0.000
1639.000	0.000
1640.000	0.000
1641.000	0.000
1642.000	0.000
1643.000	0.000
1644.000	0.000
1645.000	0.000
1646.000	0.000
1647.000	0.000
1648.000	0.000
1649.000	0.000
1650.000	0.000
1651.000	0.000
1652.000	0.000
1653.000	0.000
1654.000	0.000
1655.000	0.000
1656.000	0.000
1657.000	0.000
1658.000	0.000
1659.000	0.000
1660.000	0.000
1661.000	0.000
1662.000	0.000
1663.000	0.000
1664.000	0.000
1665.000	0.000
1666.000	0.000
1667.000	0.000
1668.000	0.000
1669.000	0.000
1670.000	0.000
1671.000	0.000
1672.000	0.000
1673.000	0.000
1674.000	0.000
1675.000	0.000
1676.000	0.000
1677.000	0.000
1678.000	0.000
1679.000	0.000
1680.000	0.000
1681.000	0.000
1682.000	0.000
1683.000	0.000
1684.000	0.000
1685.000	0.000
1686.000	0.000
1687.000	0.000
1688.000	0.000
1689.000	0.000
1690.000	0.000
1691.000	0.000
1692.000	0.000
1693.000	0.000
1694.000	0.000
1695.000	0.000
1696.000	0.000
1697.000	0.000
1698.000	0.000
1699.000	0.000
1700.000	0.000
1701.000	0.000
1702.000	0.000
1703.000	0.000
1704.000	0.000
1705.000	0.000
1706.000	0.000
1707.000	0.000
1708.000	0.000
1709.000	0.000
1710.000	0.000
1711.000	0.000
1712.000	0.000
1713.000	0.000
1714.000	0.000
1715.000	0.000
1716.000	0.000
1717.000	0.000
1718.000	0.000
1719.000	0.000
1720.000	0.000
1721.000	0.000
1722.000	0.000
1723.000	0.000
1724.000	0.000
1725.000	0.000
1726.000	0.000
1727.000	0.000
1728.000	0.000
1729.000	0.000
1730.000	0.000
1731.000	0.000
1732.000	0.000
1733.000	0.000
1734.000	0.000
1735.000	0.000
1736.000	0.000
1737.000	0.000
1738.000	0.000
1739.000	0.000
1740.000	0.000
1741.000	0.000
1742.000	0.000
1743.000	0.000
1744.000	0.000
1745.000	0.000
1746.000	0.000
1747.000	0.000
1748.000	0.000
1749.000	0.000
1750.000	0.000
1751.000	0.000
1752.000	0.000
1753.000	0.000
1754.000	0.000
1755.000	0.000
1756.000	0.000
1757.000	0.000
1758.000	0.000
1759.000	0.000
1760.000	0.000
1761.000	0.000
1762.000	0.000
1763.000	0.000
1764.000	0.000
1765.000	0.000
1766.000	0.000
1767.000	0.000
1768.000	0.000
1769.000	0.000
1770.000	0.000
1771.000	0.000
1772.000	0.000
1773.000	0.000
1774.000	0.000
1775.000	0.000
1776.000	0.000
1777.000	0.000
1778.000	0.000
1779.000	0.000
1780.000	0.000
1781.000	0.000
1782.000	0.000
1783.000	0.000
1784.000	0.000
1785.000	0.000
1786.000	0.000
1787.000	0.000
1788.000	0.000
1789.000	0.000
1790.000	0.000
1791.000	0.000
1792.000	0.000
1793.000	0.000
1794.000	0.000
1795.000	0.000
1796.000	0.000
1797.000	0.000
1798.000	0.000
1799.000	0.000
1800.000	0.000
1801.000	0.000
1802.000	0.000
1803.000	0.000
1804.000	0.000
1805.000	0.000
1806.000	0.000
1807.000	0.000
1808.000	0.000
1809.000	0.000
1810.000	0.000
1811.000	0.000
1812.000	0.000
1813.000	0.000
1814.000	0.000
1815.000	0.000
1816.000	0.000
1817.000	0.000
1818.000	0.000
1819.000	0.000
1820.000	0.000
1821.000	0.000
1822.000	0.000
1823.000	0.000
1824.000	0.000
1825.000	0.000
1826.000	0.000
1827.000	0.000
1828.000	0.000
1829.000	0.000
1830.000	0.000
1831.000	0.000
1832.000	0.000
1833.000	0.000
1834.000	0.000
1835.000	0.000
1836.000	0.000
1837.000	0.000
1838.000	0.000
1839.000	0.000
1840.000	0.000
1841.000	0.000
1842.000	0.000
1843.000	0.000
1844.000	0.000
1845.000	0.000
1846.000	0.000
1847.000	0.000
1848.000	0.000
1849.000	0.000
1850.000	0.000
1851.000	0.000
1852.000	0.000
1853.000	0.000
1854.000	0.000
1855.000	0.000
1856.000	0.000
1857.000	0.000
1858.000	0.000
1859.000	0.000
1860.000	0.000
1861.000	0.000
1862.000	0.000
1863.000	0.000
1864.000	0.000
1865.000	0.000
1866.000	0.000
1867.000	0.000
1868.000	0.000
1869.000	0.000
1870.000	0.000
1871.000	0.000
1872.000	0.000
1873.000	0.000
1874.000	0.000
1875.000	0.000
1876.000	0.000
1877.000	0.000
1878.000	0.000
1879.000	0.000
1880.000	0.000
1881.000	0.000
1882.000	0.000
1883.000	0.000
1884.000	0.000
1885.000	0.000
1886.000	0.000
1887.000	0.000
1888.000	0.000
1889.000	0.000
1890.000	0.000
1891.000	0.000
1892.000	0.000
1893.000	0.000
1894.000	0.000
1895.000	0.000
1896.000	0.000
1897.000	0.000
1898.000	0.000
1899.000	0.000
1900.000	0.000
1901.000	0.000
1902.000	0.000
1903.000	0.000
1904.000	0.000
1905.000	0.000
1906.000	0.000
1907.000	0.000
1908.000	0.000
1909.000	0.000
1910.000	0.000
1911.000	0.000
1912.000	0.000
1913.000	0.000
1914.000	0.000
1915.000	0.000
1916.000	0.000
1917.000	0.000
1918.000	0.000
1919.000	0.000
1920.000	0.000
1921.000	0.000
1922.000	0.000
1923.000	0.000
1924.000	0.000
1925.000	0.000
1926.000	0.000
1927.000	0.000
1928.000	0.000
1929.000	0.000
1930.000	0.000
1931.000	0.000
1932.000	0.000
1933.000	0.000
1934.000	0.000
1935.000	0.000
1936.000	0.000
1937.000	0.000
1938.000	0.000
1939.000	0.000
1940.000	0.000
1941.000	0.000
1942.000	0.000
1943.000	0.000
1944.000	0.000
1945.000	0.000
1946.000	0.000
1947.000	0.000
1948.000	0.000
1949.000	0.000
1950.000	0.000
1951.000	0.000
1952.000	0.000
1953.000	0.000
1954.000	0.000
1955.000	0.000
1956.000	0.000
1957.000	0.000
1958.000	0.000
1959.000	0.000
1960.000	0.000
1961.000	0.000
1962.000	0.000
1963.000	0.000
1964.000	0.000
1965.000	0.000
1966.000	0.000
1967.000	0.000
1968.000	0.000
1969.000	0.000
1970.000	0.000
1971.000	0.000
1972.000	0.000
1973.000	0.000
1974.000	0.000
1975.000	0.000
1976.000	0.000
1977.000	0.000
1978.000	0.000
1979.000	0.000
1980.000	0.000
1981.000	0.000
1982.000	0.000
1983.000	0.000
1984.000	0.000
1985.000	0.000
1986.000	0.000
1987.000	0.000
1988.000	0.000
1989.000	0.000
1990.000	0.000
1991.000	0.000
1992.000	0.000
1993.000	0.000
1994.000	0.000
1995.000	0.000
1996.000	0.000
1997.000	0.000
1998.000	0.000
1999.000	0.000
2000.000	0.000
2001.000	0.000
2002.000	0.000
2003.000	0.000
2004.000	0.000
2005.000	0.000
2006.000	0.000
2007.000	0.000
2008.000	0.000
2009.000	0.000
2010.000	0.000
2011.000	0.000
2012.000	0.000
2013.000	0.000
2014.000	0.000
2015.000	0.000
2016.000	0.000
2017.000	0.000
2018.000	0.000
2019.000	0.000
2020.000	0.000
2021.000	0.000
2022.000	0.000
2023.000	0.000
2024.000	0.000
2025.000	0.000
2026.000	0.000
2027.000	0.000
2028.000	0.000
2029.000	0.000
2030.000	0.000
2031.000	0.000
2032.000	0.000
2033.000	0.000
2034.000	0.000
2035.000	0.000
2036.000	0.000
2037.000	0.000
2038.000	0.000
2039.000	0.000
2040.000	0.000
2041.000	0.000
2042.000	0.000
2043.000	0.000
2044.000	0.000
2045.000	0.000
2046.000	0.000
2047.000	0.000
2048.000	0.000
2049.000	0.000
2050.000	0.000
2051.000	0.000
2052.000	0.000
2053.000	0.000
2054.000	0.000
2055.000	0.000
2056.000	0.000
2057.000	0.000
2058.000	0.000
2059.000	0.000
2060.000	0.000
2061.000	0.000
2062.000	0.000
2063.000	0.000
2064.000	0.000
2065.000	0.000
2066.000	0.000
2067.000	0.000
2068.000	0.000
2069.000	0.000
2070.000	0.000
2071.000	0.000
2072.000	0.000
2073.000	0.000
2074.000	0.000
2075.000	0.000
2076.000	0.000
2077.000	0.000
2078.000	0.000
2079.000	0.000
2080.000	0.000
2081.000	0.000
2082.000	0.000
2083.000	0.000
2084.000	0.000
2085.000	0.000
2086.000	0.000
2087.000	0.000
2088.000	0.000
2089.000	0.000
2090.000	0.000
2091.000	0.000
2092.000	0.000
2093.000	0.000
2094.000	0.000
2095.000	0.000
2096.000	0.000
2097.000	0.000
2098.000	0.000
2099.000	0.000
2100.000	0.000
2101.000	0.000
2102.000	0.000
2103.000	0.000
2104.000	0.000
2105.000	0.000
2106.000	0.000
2107.000	0.000
2108.000	0.000
2109.000	0.000
2110.000	0.000
2111.000	0.000
2112.000	0.000
2113.000	0.000
2114.000	0.000
2115.000	0.000
2116.000	0.000
2117.000	0.000
2118.000	0.000
2119.000	0.000
2120.000	0.000
2121.000	0.000
2122.000	0.000
2123.000	0.000
2124.000	0.000
2125.000	0.000
2126.000	0.000
2127.000	0.000
2128.000	0.000
2129.000	0.000
2130.000	0.000
2131.000	0.000
2132.000	0.000
2133.000	0.000
2134.000	0.000
2135.000	0.000
2136.000	0.000
2137.000	0.000
2138.000	0.000
2139.000	0.000
2140.000	0.000
2141.000	0.000
2142.000	0.000
2143.000	0.000
2144.000	0.000
2145.000	0.000
2146.000	0.000
2147.000	0.000
2148.000	0.000
2149.000	0.000
2150.000	0.000
2151.000	0.000
2152.000	0.000
2153.000	0.000
2154.000	0.000
2155.000	0.000
2156.000	0.000
2157.000	0.000
2158.000	0.000
2159.000	0.000
2160.000	0.000
2161.000	0.000
2162.000	0.000
2163.000	0.000
2164.000	0.000
2165.000	0.000
2166.000	0.000
2167.000	0.000
2168.000	0.000
2169.000	0.000
2170.000	0.000
2171.000	0.000
2172.000	0.000
2173.000	0.000
2174.000	0.000
2175.000	0.000
2176.000	0.000
2177.000	0.000
2178.000	0.000
2179.000	0.000
2180.000	0.000
2181.000	0.000
2182.000	0.000
2183.000	0.000
2184.000	0.000
2185.000	0.000
2186.000	0.000
2187.000	0.000
2188.000	0.000
2189.000	0.000
2190.000	0.000
2191.000	0.000
2192.000	0.000
2193.000	0.000
2194.000	0.000
2195.000	0.000
2196.000	0.000
2197.000	0.000
2198.000	0.000
2199.000	0.000
2200.000	0.000
2201.000	0.000
2202.000	0.000
2203.000	0.000
2204.000	0.000
2205.000	0.000
2206.000	0.000
2207.000	0.000
2208.000	0.000
2209.000	0.000
2210.000	0.000
2211.000	0.000
2212.000	0.000
2213.000	0.000
2214.000	0.000
2215.000	0.000
2216.000	0.000
2217.000	0.000
2218.000	0.000
2219.000	0.000
2220.000	0.000
2221.000	0.000
2222.000	0.000
2223.000	0.000
2224.000	0.000
2225.000	0.000
2226.000	0.000
2227.000	0.000
2228.000	0.000
2229.000	0.000
2230.000	0.000
2231.000	0.000
2232.000	0.000
2233.000	0.000
2234.000	0.000
2235.000	0.000
2236.000	0.000
2237.000	0.000
2238.000	0.000
2239.000	0.000
2240.000	0.000
2241.000	0.000
2242.000	0.000
2243.000	0.000
2244.000	0.000
2245.000	0.000
2246.000	0.000
2247.000	0.000
2248.000	0.000
2249.000	0.000
2250.000	0.000
2251.000	0.000
2252.000	0.000
2253.000	0.000
2254.000	0.000
2255.000	0.000
2256.000	0.000
2257.000	0.000
2258.000	0.000
2259.000	0.000
2260.000	0.000
2261.000	0.000
2262.000	0.000
2263.000	0.000
2264.000	0.000
2265.000	0.000
2266.000	0.000
2267.000	0.000
2268.000	0.000
2269.000	0.000
2270.000	0.000
2271.000	0.000
2272.000	0.000
2273.000	0.000
2274.000	0.000
2275.000	0.000
2276.000	0.000
2277.000	0.000
2278.000	0.000
2279.000	0.000
2280.000	0.000
2281.000	0.000
2282.000	0.000
2283.000	0.000
2284.000	0.000
2285.000	0.000
2286.000	0.000
2287.000	0.000
2288.000	0.000
2289.000	0.000
2290.000	0.000
2291.000	0.000
2292.000	0.000
2293.000	0.000
2294.000	0.000
2295.000	0.000
2296.000	0.000
2297.000	0.000
2298.000	0.000
2299.000	0.000
2300.000	0.000
2301.000	0.000
2302.000	0.000
2303.000	0.000
2304.000	0.000
2305.000	0.000
2306.000	0.000
2307.000	0.000
2308.000	0.000
2309.000	0.000
2310.000	0.000
2311.000	0.000
2312.000	0.000
2313.000	0.000
2314.000	0.000
2315.000	0.000
2316.000	0.000
2317.000	0.000
2318.000	0.000
2319.000	0.000
2320.000	0.000
2321.000	0.000
2322.000	0.000
2323.000	0.000
2324.000	0.000
2325.000	0.000
2326.000	0.000
2327.000	0.000
2328.000	0.000
2329.000	0.000
2330.000	0.000
2331.000	0.000
2332.000	0.000
2333.000	0.000
2334.000	0.000
2335.000	0.000
2336.000	0.000
2337.000	0.000
2338.000	0.000
2339.000	0.000
2340.000	0.000
2341.000	0.000
2342.000	0.000
2343.000	0.000
2344.000	0.000
2345.000	0.000
2346.000	0.000
2347.000	0.000
2348.000	0.000
2349.000	0.000
2350.000	0.000
2351.000	0.000
2352.000	0.000
2353.000	0.000
2354.000	0.000
2355.000	0.000
2356.000	0.000
2357.000	0.000
2358.000	0.000
2359.000	0.000
2360.000	0.000
2361.000	0.000
2362.000	0.000
2363.000	0.000
2364.000	0.000
2365.000	0.000
2366.000	0.000
2367.000	0.000
2368.000	0.000
2369.000	0.000
2370.000	0.000
2371.000	0.000
2372.000	0.000
2373.000	0.000
2374.000	0.000
2375.000	0.000
2376.000	0.000
2377.000	0.000
2378.000	0.000
2379.000	0.000
2380.000	0.000
2381.000	0.000
2382.000	0.000
2383.000	0.000
2384.000	0.000
2385.000	0.000
2386.000	0.000
2387.000	0.000
2388.000	0.000
2389.000	0.000
2390.000	0.000
2391.000	0.000
2392.000	0.000
2393.000	0.000
2394.000	0.000
2395.000	0.000
2396.000	0.000
2397.000	0.000
2398.000	0.000
2399.000	0.000
2400.000	0.000
2401.000	0.000
2402.000	0.000
2403.000	0.000
2404.000	0.000
2405.000	0.000
2406.000	0.000
2407.000	0.000
2408.000	0.000
2409.000	0.000
2410.000	0.000
2411.000	0.000
2412.000	0.000
2413.000	0.000
2414.000	0.000
2415.000	0.000
2416.000	0.000
2417.000	0.000
2418.000	0.000
2419.000	0.000
2420.000	0.000
2421.000	0.000
2422.000	0.000
2423.000	0.000
2424.000	0.000
2425.000	0.000
2426.000	0.000
2427.000	0.000
2428.000	0.000
2429.000	0.000
2430.000	0.000
2431.000	0.000
2432.000	0.000
2433.000	0.000
2434.000	0.000
2435.000	0.000
2436.000	0.000
2437.000	0.000
2438.000	0.000
2439.000	0.000
2440.000	0.000
2441.000	0.000
2442.000	0.000
2443.000	0.000
2444.000	0.000
2445.000	0.000
2446.000	0.000
2447.000	0.000
2448.000	0.000
2449.000	0.000
2450.000	0.000
2451.000	0.000
2452.000	0.000
2453.000	0.000
2454.000	0.000
2455.000	0.000
2456.000	0.000
2457.000	0.000
2458.000	0.000
2459.000	0.000
2460.000	0.000
2461.000	0.000
2462.000	0.000
2463.000	0.000
2464.000	0.000
2465.000	0.000
2466.000	0.000
2467.000	0.000
2468.000	0.000
2469.000	0.000
2470.000	0.000
2471.000	0.000
2472.000	0.000
2473.000	0.000
2474.000	0.000
2475.000	0.000
2476.000	0.000
2477.000	0.000
2478.000	0.000
2479.000	0.000
2480.000	0.000
2481.000	0.000
2482.000	0.000
2483.000	0.000
2484.000	0.000
2485.000	0.000
2486.000	0.000
2487.000	0.000
2488.000	0.000
2489.000	0.000
2490.000	0.000
2491.000	0.000
2492.000	0.000
2493.000	0.000
2494.000	0.000
2495.000	0.000
2496.000	0.000
2497.000	0.000
2498.000	0.000
2499.000	0.000
2500.000	0.000
2501.000	0.000
2502.000	0.000
2503.000	0.000
2504.000	0.000
2505.000	0.000
2506.000	0.000
2507.000	0.000
2508.000	0.000
2509.000	0.000
2510.000	0.000
2511.000	0.000
2512.000	0.000
2513.000	0.000
2514.000	0.000
2515.000	0.000
2516.000	0.000
2517.000	0.000
2518.000	0.000
2519.000	0.000
2520.000	0.000
2521.000	0.000
2522.000	0.000
2523.000	0.000
2524.000	0.000
2525.000	0.000
2526.000	0.000
2527.000	0.000
2528.000	0.000
2529.000	0.000
2530.000	0.000
2531.000	0.000
2532.000	0.000
2533.000	0.000
2534.000	0.000
2535.000	0.000
2536.000	0.000
2537.000	0.000
2538.000	0.000
2539.000	0.000
2540.000	0.000
2541.000	0.000
2542.000	0.000
2543.000	0.000
2544.000	0.000
2545.000	0.000
2546.000	0.000
2547.000	0.000
2548.000	0.000
2549.000	0.000
2550.000	0.000
2551.000	0.000
2552.000	0.000
2553.000	0.000
2554.000	0.000
2555.000	0.000
2556.000	0.000
2557.000	0.000
2558.000	0.000
2559.000	0.000
2560.000	0.000
2561.000	0.000
2562.000	0.000
2563.000	0.000
2564.000	0.000
2565.000	0.000
2566.000	0.000
2567.000	0.000
2568.000	0.000
2569.000	0.000
2570.000	0.000
2571.000	0.000
2572.000	0.000
2573.000	0.000
2574.000	0.000
2575.000	0.000
2576.000	0.000
2577.000	0.000
2578.000	0.000
2579.000	0.000
2580.000	0.000
2581.000	0.000
2582.000	0.000
2583.000	0.000
2584.000	0.000
2585.000	0.000
2586.000	0.000
2587.000	0.000
2588.000	0.000
2589.000	0.000
2590.000	0.000
2591.000	0.000
2592.000	0.000
2593.000	0.000
2594.000	0.000
2595.000	0.000
2596.000	0.000
2597.000	0.000
2598.000	0.000
2599.000	0.000
2600.000	0.000
2601.000	0.000
2602.000	0.000
2603.000	0.000
2604.000	0.000
2605.000	0.000
2606.000	0.000
2607.000	0.000
2608.000	0.000
2609.000	0.000
2610.000	0.000
2611.000	0.000
2612.000	0.000
2613.000	0.000
2614.000	0.000
2615.000	0.000
2616.000	0.000
2617.000	0.000
2618.000	0.000
2619.000	0.000
2620.000	0.000
2621.000	0.000
2622.000	0.000
2623.000	0.000
2624.000	0.000
2625.000	0.000
2626.000	0.000
2627.000	0.000
2628.000	0.000
2629.000	0.000
2630.000	0.000
2631.000	0.000
2632.000	0.000
2633.000	0.000
2634.000	0.000
2635.000	0.000
2636.000	0.000
2637.000	0.000
2638.000	0.000
2639.000	0.000
2640.000	0.000
2641.000	0.000
2642.000	0.000
2643.000	0.000
2644.000	0.000
2645.000	0.000
2646.000	0.000
2647.000	0.000
2648.000	0.000
2649.000	0.000
2650.000	0.000
2651.000	0.000
2652.000	0.000
2653.000	0.000
2654.000	0.000
2655.000	0.000
2656.000	0.000
2657.000	0.000
2658.000	0.000
2659.000	0.000
2660.000	0.000
2661.000	0.000
2662.000	0.000
2663.000	0.000
2664.000	0.000
2665.000	0.000
2666.000	0.000
2667.000	0.000
2668.000	0.000
2669.000	0.000
2670.000	0.000
2671.000	0.000
2672.000	0.000
2673.000	0.000
2674.000	0.000
2675.000	0.000
2676.000	0.000
2677.000	0.000
2678.000	0.000
2679.000	0.000
2680.000	0.000
2681.000	0.000
2682.000	0.000
2683.000	0.000
2684.000	0.000
2685.000	0.000
2686.000	0.000
2687.000	0.000
2688.000	0.000
2689.000	0.000
2690.000	0.000
2691.000	0.000
2692.000	0.000
2693.000	0.000
2694.000	0.000
2695.000	0.000
2696.000	0.000
2697.000	0.000
2698.000	0.000
2699.000	0.000
2700.000	0.000
2701.000	0.000
2702.000	0.000
2703.000	0.000
2704.000	0.000
2705.000	0.000
2706.000	0.000
2707.000	0.000
2708.000	0.000
2709.000	0.000
2710.000	0.000
2711.000	0.000
2712.000	0.000
2713.000	0.000
2714.000	0.000
2715.000	0.000
2716.000	0.000
2717.000	0.000
2718.000	0.000
2719.000	0.000
2720.000	0.000
2721.000	0.000
2722.000	0.000
2723.000	0.000
2724.000	0.000
2725.000	0.000
2726.000	0.000
2727.000	0.000
2728.000	0.000
2729.000	0.000
2730.000	0.000
2731.000	0.000
2732.000	0.000
2733.000	0.000
2734.000	0.000
2735.000	0.000
2736.000	0.000
2737.000	0.000
2738.000	0.000
2739.000	0.000
2740.000	0.000
2741.000	0.000
2742.000	0.000
2743.000	0.000
2744.000	0.000
2745.000	0.000
2746.000	0.000
2747.000	0.000
2748.000	0.000
2749.000	0.000
2750.000	0.000
2751.000	0.000
2752.000	0.000
2753.000	0.000
2754.000	0.000
2755.000	0.000
2756.000	0.000
2757.000	0.000
2758.000	0.000
2759.000	0.000
2760.000	0.000
2761.000	0.000
2762.000	0.000
2763.000	0.000
2764.000	0.000
2765.000	0.000
2766.000	0.000
2767.000	0.000
2768.000	0.000
2769.000	0.000
2770.000	0.000
2771.000	0.000
2772.000	0.000
2773.000	0.000
2774.000	0.000
2775.000	0.000
2776.000	0.000
2777.000	0.000
2778.000	0.000
2779.000	0.000
2780.000	0.000
2781.000	0.000
2782.000	0.000
2783.000	0.000
2784.000	0.000
2785.000	0.000
2786.000	0.000
2787.000	0.000
2788.000	0.000
2789.000	0.000
2790.000	0.000
2791.000	0.000
2792.000	0.000
2793.000	0.000
2794.000	0.000
2795.000	0.000
2796.000	0.000
2797.000	0.000
2798.000	0.000
2799.000	0.000
2800.000	0.000
2801.000	0.000
2802.000	0.000
2803.000	0.000
2804.000	0.000
2805.000	0.000
2806.000	0.000
2807.000	0.000
2808.000	0.000
2809.000	0.000
2810.000	0.000
2811.000	0.000
2812.000	0.000
2813.000	0.000
2814.000	0.000
2815.000	0.000
2816.000	0.000
2817.000	0.000
2818.000	0.000
2819.000	0.000
2820.000	0.000
2821.000	0.000
2822.000	0.000
2823.000	0.000
2824.000	0.000
2825.000	0.000
2826.000	0.000
2827.000	0.000
2828.000	0.000
2829.000	0.000
2830.000	0.000
2831.000	0.000
2832.000	0.000
2833.000	0.000
2834.000	0.000
2835.000	0.000
2836.000	0.000
2837.000	0.000
2838.000	0.000
2839.000	0.000
2840.000	0.000
2841.000	0.000
2842.000	0.000
2843.000	0.000
2844.000	0.000
2845.000	0.000
2846.000	0.000
2847.000	0.000
2848.000	0.000
2849.000	0.000
2850.000	0.000
2851.000	0.000
2852.000	0.000
2853.000	0.000
2854.000	0.000
2855.000	0.000
2856.000	0.000
2857.000	0.000
2858.000	0.000
2859.000	0.000
2860.000	0.000
2861.000	0.000
2862.000	0.000
2863.000	0.000
2864.000	0.000
2865.000	0.000
2866.000	0.000
2867.000	0.000
2868.000	0.000
2869.000	0.000
2870.000	0.000
2871.000	0.000
2872.000	0.000
2873.000	0.000
2874.000	0.000
2875.000	0.000
2876.000	0.000
2877.000	0.000
2878.000	0.000
2879.000	0.000
2880.000	0.000
2881.000	0.000
2882.000	0.000
2883.000	0.000
2884.000	0.000
2885.000	0.000
2886.000	0.000
2887.000	0.000
2888.000	0.000
2889.000	0.000
2890.000	0.000
2891.000	0.000
2892.000	0.000
2893.000	0.000
2894.000	0.000
2895.000	0.000
2896.000	0.000
2897.000	0.000
2898.000	0.000
2899.000	0.000
2900.000	0.000
2901.000	0.000
2902.000	0.000
2903.000	0.000
2904.000	0.000
2905.000	0.000
2906.000	0.000
2907.000	0.000
2908.000	0.000
2909.000	0.000
2910.000	0.000
2911.000	0.000
2912.000	0.000
2913.000	0.000
2914.000	0.000
2915.000	0.000
2916.000	0.000
2917.000	0.000
2918.000	0.000
2919.000	0.000
2920.000	0.000
2921.000	0.000
2922.000	0.000
2923.000	0.000
2924.000	0.000
2925.000	0.000
2926.000	0.000
2927.000	0.000
2928.000	0.000
2929.000	0.000
2930.000	0.000
2931.000	0.000
2932.000	0.000
2933.000	0.000
2934.000	0.000
2935.000	0.000
2936.000	0.000
2937.000	0.000
2938.000	0.000
2939.000	0.000
2940.000	0.000
2941.000	0.000
2942.000	0.000
2943.000	0.000
2944.000	0.000
2945.000	0.000
2946.000	0.000
2947.000	0.000
2948.000	0.000
2949.000	0.000
2950.000	0.000
2951.000	0.000
2952.000	0.000
2953.000	0.000
2954.000	0.000
2955.000	0.000
2956.000	0.000
2957.000	0.000
2958.000	0.000
2959.000	0.000
2960.000	0.000
2961.000	0.000
2962.000	0.000
2963.000	0.000
2964.000	0.000
2965.000	0.000
2966.000	0.000
2967.000	0.000
2968.000	0.000
2969.000	0.000
2970.000	0.000
2971.000	0.000
2972.000	0.000
2973.000	0.000
2974.000	0.000
2975.000	0.000
2976.000	0.000
2977.000	0.000
2978.000	0.000
2979.000	0.000
2980.000	0.000
2981.000	0.000
2982.000	0.000
2983.000	0.000
2984.000	0.000
2985.000	0.000
2986.000	0.000
2987.000	0.000
2988.000	0.000
2989.000	0.000
2990.000	0.000
2991.000	0.000
2992.000	0.000
2993.000	0.000
2994.000	0.000
2995.000	0.000
2996.000	0.000
2997.000	0.000
2998.000	0.000
2999.000	0.000
3000.000	0.000
3001.000	0.000
3002.000	0.000
3003.000	0.000
3004.000	0.000
3005.000	0.000
3006.000	0.000
3007.000	0.000
3008.000	0.000
3009.000	0.000
3010.000	0.000
3011.000	0.000
3012.000	0.000
3013.000	0.000
3014.000	0.000
3015.000	0.000
3016.000	0.000
3017.000	0.000
3018.000	0.000
3019.000	0.000
3020.000	0.000
3021.000	0.000
3022.000	0.000
3023.000	0.000
3024.000	0.000
3025.000	0.000
3026.000	0.000
3027.000	0.000
3028.000	0.000
3029.000	0.000
3030.000	0.000
3031.000	0.000
3032.000	0.000
3033.000	0.000
3034.000	0.000
3035.000	0.000
3036.000	0.000
3037.000	0.000
3038.000	0.000
3039.000	0.000
3040.000	0.000
3041.000	0.000
3042.000	0.000
3043.000	0.000
3044.000	0.000
3045.000	0.000
3046.000	0.000
3047.000	0.000
3048.000	0.000
3049.000	0.000
3050.000	0.000
3051.000	0.000
3052.000	0.000
3053.000	0.000
3054.000	0.000
3055.000	0.000
3056.000	0.000
3057.000	0.000
3058.000	0.000
3059.000	0.000
3060.000	0.000
3061.000	0.000
3062.000	0.000
3063.000	0.000
3064.000	0.000
3065.000	0.000
3066.000	0.000
3067.000	0.000
3068.000	0.000
3069.000	0.000
3070.000	0.000
3071.000	0.000
3072.000	0.000
3073.000	0.000
3074.000	0.000
3075.000	0.000
3076.000	0.000
3077.000	0.000
3078.000	0.000
3079.000	0.000
3080.000	0.000
3081.000	0.000
3082.000	0.000
3083.000	0.000
3084.000	0.000
3085.000	0.000
3086.000	0.000
3087.000	0.000
3088.000	0.000
3089.000	0.000
3090.000	0.000
3091.000	0.000
3092.000	0.000
3093.000	0.000
3094.000	0.000
3095.000	0.000
3096.000	0.000
3097.000	0.000
3098.000	0.000
3099.000	0.000
3100.000	0.000
3101.000	0.000
3102.000	0.000
3103.000	0.000
3104.000	0.000
3105.000	0.000
3106.000	0.000
3107.000	0.000
3108.000	0.000
3109.000	0.000
3110.000	0.000
3111.000	0.000
3112.000	0.000
3113.000	0.000
3114.000	0.000
3115.000	0.000
3116.000	0.000
3117.000	0.000
3118.000	0.000
3119.000	0.000
3120.000	0.000
3121.000	0.000
3122.000	0.000
3123.000	0.000
3124.000	0.000
3125.000	0.000
3126.000	0.000
3127.000	0.000
3128.000	0.000
3129.000	0.000
3130.000	0.000
3131.000	0.000
3132.000	0.000
3133.000	0.000
3134.000	0.000
3135.000	0.000
3136.000	0.000
3137.000	0.000
3138.000	0.000
3139.000	0.000
3140.000	0.000
3141.000	0.000
3142.000	0.000
3143.000	0.000
3144.000	0.000
3145.000	0.000
3146.000	0.000
3147.000	0.000
3148.000	0.000
3149.000	0.000
3150.000	0.000
3151.000	0.000
3152.000	0.000
3153.000	0.000
3154.000	0.000
3155.000	0.000
3156.000	0.000
3157.000	0.000
3158.000	0.000
3159.000	0.000
3160.000	0.000
3161.000	0.000
3162.000	0.000
3163.000	0.000
3164.000	0.000
3165.000	0.000
3166.000	0.000
3167.000	0.000
3168.000	0.000
3169.000	0.000
3170.000	0.000
3171.000	0.000
3172.000	0.000
3173.000	0.000
3174.000	0.000
3175.000	0.000
3176.000	0.000
3177.000	0.000
3178.000	0.000
3179.000	0.000
3180.000	0.000
3181.000	0.000
3182.000	0.000
3183.000	0.000
3184.000	0.000
3185.000	0.000
3186.000	0.000
3187.000	0.000
3188.000	0.000
3189.000	0.000
3190.000	0.000
3191.000	0.000
3192.000	0.000
3193.000	0.000
3194.000	0.000
3195.000	0.000
3196.000	0.000
3197.000	0.000
3198.000	0.000
3199.000	0.000
3200.000	0.000
3201.000	0.000
3202.000	0.000
3203.000	0.000
3204.000	0.000
3205.000	0.000
3206.000	0.000
3207.000	0.000
3208.000	0.000
3209.000	0.000
3210.000	0.000
3211.000	0.000
3212.000	0.000
3213.000	0.000
3214.000	0.000
3215.000	0.000
3216.000	0.000
3217.000	0.000
3218.000	0.000
3219.000	0.000
3220.000	0.000
3221.000	0.000
3222.000	0.000
3223.000	0.000
3224.000	0.000
3225.000	0.000
3226.000	0.000
3227.000	0.000
3228.000	0.000
3229.000	0.000
3230.000	0.000
3231.000	0.000
3232.000	0.000
3233.000	0.000
3234.000	0.000
3235.000	0.000
3236.000	0.000
3237.000	0.000
3238.000	0.000
3239.000	0.000
3240.000	0.000
3241.000	0.000
3242.000	0.000
3243.000	0.000
3244.000	0.000
3245.000	0.000
3246.000	0.000
3247.000	0.000
3248.000	0.000
3249.000	0.000
3250.000	0.000
3251.000	0.000
3252.000	0.000
3253.000	0.000
3254.000	0.000
3255.000	0.000
3256.000	0.000
3257.000	0.000
3258.000	0.000
3259.000	0.000
3260.000	0.000
3261.000	0.000
3262.000	0.000
3263.000	0.000
3264.000	0.000
3265.000	0.000
3266.000	0.000
3267.000	0.000
3268.000	0.000
3269.000	0.000
3270.000	0.000
3271.000	0.000
3272.000	0.000
3273.000	0.000
3274.000	0.000
3275.000	0.000
3276.000	0.000
3277.000	0.000
3278.000	0.000
3279.000	0.000
3280.000	0.000
3281.000	0.000
3282.000	0.000
3283.000	0.000
3284.000	0.000
3285.000	0.000
3286.000	0.000
3287.000	0.000
3288.000	0.000
3289.000	0.000
3290.000	0.000
3291.000	0.000
3292.000	0.000
3293.000	0.000
3294.000	0.000
3295.000	0.000
3296.000	0.000
3297.000	0.000
3298.000	0.000
3299.000	0.000
3300.000	0.000
3301.000	0.000
3302.000	0.000
3303.000	0.000
3304.000	0.000
3305.000	0.000
3306.000	0.000
3307.000	0.000
3308.000	0.000
3309.000	0.000
3310.000	0.000
3311.000	0.000
3312.000	0.000
3313.000	0.000
3314.000	0.000
3315.000	0.000
3316.000	0.000
3317.000	0.000
3318.000	0.000
3319.000	0.000
3320.000	0.000
3321.000	0.000
3322.000	0.000
3323.000	0.000
3324.000	0.000
3325.000	0.000
3326.000	0.000
3327.000	0.000
3328.000	0.000
3329.000	0.000
3330.000	0.000
3331.000	0.000
3332.000	0.000
3333.000	0.000
3334.000	0.000
3335.000	0.000
3336.000	0.000
3337.000	0.000
3338.000	0.000
3339.000	0.000
3340.000	0.000
3341.000	0.000
3342.000	0.000
3343.000	0.000
3344.000	0.000
3345.000	0.000
3346.000	0.000
3347.000	0.000
3348.000	0.000
3349.000	0.000
3350.000	0.000
3351.000	0.000
3352.000	0.000
3353.000	0.000
3354.000	0.000
3355.000	0.000
3356.000	0.000
3357.000	0.000
3358.000	0.000
3359.000	0.000
3360.000	0.000
3361.000	0.000
3362.000	0.000
3363.000	0.000
3364.000	0.000
3365.000	0.000
3366.000	0.000
3367.000	0.000
3368.000	0.000
3369.000	0.000
3370.000	0.000
3371.000	0.000
3372.000	0.000
3373.000	0.000
3374.000	0.000
3375.000	0.000
3376.000	0.000
3377.000	0.000
3378.000	0.000
3379.000	0.000
3380.000	0.000
3381.000	0.000
3382.000	0.000
3383.000	0.000
3384.000	0.000
3385.000	0.000
3386.000	0.000
3387.000	0.000
3388.000	0.000
3389.000	0.000
3390.000	0.000
3391.000	0.000
3392.000	0.000
3393.000	0.000
3394.000	0.000
3395.000	0.000
3396.000	0.000
3397.000	0.000
3398.000	0.000
3399.000	0.000
3400.000	0.000
3401.000	0.000
3402.000	0.000
3403.000	0.000
3404.000	0.000
3405.000	0.000
3406.000	0.000
3407.000	0.000
3408.000	0.000
3409.000	0.000
3410.000	0.000
3411.000	0.000
3412.000	0.000
3413.000	0.000
3414.000	0.000
3415.000	0.000
3416.000	0.000
3417.000	0.000
3418.000	0.000
3419.000	0.000
3420.000	0.000
3421.000	0.000
3422.000	0.000
3423.000	0.000
3424.000	0.000
3425.000	0.000
3426.000	0.000
3427.000	0.000
3428.000	0.000
3429.000	0.000
3430.000	0.000
3431.000	0.000
3432.000	0.000
3433.000	0.000
3434.000	0.000
3435.000	0.000
3436.000	0.000
3437.000	0.000
3438.000	0.000
3439.000	0.000
3440.000	0.000
3441.000	0.000
3442.000	0.000
3443.000	0.000
3444.000	0.000
3445.000	0.000
3446.000	0.000
3447.000	0.000
3448.000	0.000
3449.000	0.000
3450.000	0.000
3451.000	0.000
3452.000	0.000
3453.000	0.000
3454.000	0.000
3455.000	0.000
3456.000	0.000
3457.000	0.000
3458.000	0.000
3459.000	0.000
3460.000	0.000
3461.000	0.000
3462.000	0.000
3463.000	0.000
3464.000	0.000
3465.000	0.000
3466.000	0.000
3467.000	0.000
3468.000	0.000
3469.000	0.000
3470.000	0.000
3471.000	0.000
3472.000	0.000
3473.000	0.000
3474.000	0.000
3475.000	0.000
3476.000	0.000
3477.000	0.000
3478.000	0.000
3479.000	0.000
3480.000	0.000
3481.000	0.000
3482.000	0.000
3483.000	0.000
3484.000	0.000
3485.000	0.000
3486.000	0.000
3487.000	0.000
3488.000	0.000
3489.000	0.000
3490.000	0.000
3491.000	0.000
3492.000	0.000
3493.000	0.000
3494.000	0.000
3495.000	0.000
3496.000	0.000
3497.000	0.000
3498.000	0.000
3499.000	0.000
3500.000	0.000
3501.000	0.000
3502.000	0.000
3503.000	0.000
3504.000	0.000
3505.000	0.000
3506.000	0.000
3507.000	0.000
3508.000	0.000
3509.000	0.000
3510.000	0.000
3511.000	0.000
3512.000	0.000
3513.000	0.000
3514.000	0.000
3515.000	0.000
3516.000	0.000
3517.000	0.000
3518.000	0.000
3519.000	0.000
3520.000	0.000
3521.000	0.000
3522.000	0.000
3523.000	0.000
3524.000	0.000
3525.000	0.000
3526.000	0.000
3527.000	0.000
3528.000	0.000
3529.000	0.000
3530.000	0.000
3531.000	0.000
3532.000	0.000
3533.000	0.000
3534.000	0.000
3535.000	0.000
3536.000	0.000
3537.000	0.000
3538.000	0.000
3539.000	0.000
3540.000	0.000
3541.000	0.000
3542.000	0.000
3543.000	0.000
3544.000	0.000
3545.000	0.000
3546.000	0.000
3547.000	0.000
3548.000	0.000
3549.000	0.000
3550.000	0.000
3551.000	0.000
3552.000	0.000
3553.000	0.000
3554.000	0.000
3555.000	0.000
3556.000	0.000
3557.000	0.000
3558.000	0.000
3559.000	0.000
3560.000	0.000
3561.000	0.000
3562.000	0.000
3563.000	0.000
3564.000	0.000
3565.000	0.000
3566.000	0.000
3567.000	0.000
3568.000	0.000
3569.000	0.000
3570.000	0.000
3571.000	0.000
3572.000	0.000
3573.000	0.000
3574.000	0.000
3575.000	0.000
3576.000	0.000
3577.000	0.000
3578.000	0.000
3579.000	0.000
3580.000	0.000
3581.000	0.000
3582.000	0.000
3583.000	0.000
3584.000	0.000
3585.000	0.000
3586.000	0.000
3587.000	0.000
3588.000	0.000
3589.000	0.000
3590.000	0.000
3591.000	0.000
3592.000	0.000
3593.000	0.000
3594.000	0.000
3595.000	0.000
3596.000	0.000
3597.000	0.000
3598.000	0.000
3599.000	0.000
3600.000	0.000
3601.000	0.000
3602.000	0.000
3603.000	0.000
3604.000	0.000
3605.000	0.000
3606.000	0.000
3607.000	0.000
3608.000	0.000
3609.000	0.000
3610.000	0.000
3611.000	0.000
3612.000	0.000
3613.000	0.000
3614.000	0.000
3615.000	0.000
3616.000	0.000
3617.000	0.000
3618.000	0.000
3619.000	0.000
3620.000	0.000
3621.000	0.000
3622.000	0.000
3623.000	0.000
3624.000	0.000
3625.000	0.000
3626.000	0.000
3627.000	0.000
3628.000	0.000
3629.000	0.000
3630.000	0.000
3631.000	0.000
3632.000	0.000
3633.000	0.000
3634.000	0.000
3635.000	0.000
3636.000	0.000
3637.000	0.000
3638.000	0.000
3639.000	0.000
3640.000	0.000
3641.000	0.000
3642.000	0.000
3643.000	0.000
3644.000	0.000
3645.000	0.000
3646.000	0.000
3647.000	0.000
3648.000	0.000
3649.000	0.000
3650.000	0.000
3651.000	0.000
3652.000	0.000
3653.000	0.000
3654.000	0.000
3655.000	0.000
3656.000	0.000
3657.000	0.000
3658.000	0.000
3659.000	0.000
3660.000	0.000
3661.000	0.000
3662.000	0.000
3663.000	0.000
3664.000	0.000
3665.000	0.000
3666.000	0.000
3667.000	0.000
3668.000	0.000
3669.000	0.000
3670.000	0.000
3671.000	0.000
3672.000	0.000
3673.000	0.000
3674.000	0.000
3675.000	0.000
3676.000	0.000
3677.000	0.000
3678.000	0.000
3679.000	0.000
3680.000	0.000
3681.000	0.000
3682.000	0.000
3683.000	0.000
3684.000	0.000
3685.000	0.000
3686.000	0.000
3687.000	0.000
3688.000	0.000
3689.000	0.000
3690.000	0.000
3691.000	0.000
3692.000	0.000
3693.000	0.000
3694.000	0.000
3695.000	0.000
3696.000	0.000
3697.000	0.000
3698.000	0.000
3699.000	0.000
3700.000	0.000
3701.000	0.000
3702.000	0.000
3703.000	0.000
3704.000	0.000
3705.000	0.000
3706.000	0.000
3707.000	0.000
3708.000	0.000
3709.000	0.000
3710.000	0.000
3711.000	0.000
3712.000	0.000
3713.000	0.000
3714.000	0.000
3715.000	0.000
3716.000	0.000
3717.000	0.000
3718.000	0.000
3719.000	0.000
3720.000	0.000
3721.000	0.000
3722.000	0.000
3723.000	0.000
3724.000	0.000
3725.000	0.000
3726.000	0.000
3727.000	0.000
3728.000	0.000
3729.000	0.000
3730.000	0.000
3731.000	0.000
3732.000	0.000
3733.000	0.000
3734.000	0.000
3735.000	0.000
3736.000	0.000
3737.000	0.000
3738.000	0.000
3739.000	0.000
3740.000	0.000
3741.000	0.000
3742.000	0.000
3743.000	0.000
3744.000	0.000
3745.000	0.000
3746.000	0.000
3747.000	0.000
3748.000	0.000
3749.000	0.000
3750.000	0.000
3751.000	0.000
3752.000	0.000
3753.000	0.000
3754.000	0.000
3755.000	0.000
3756.000	0.000
3757.000	0.000
3758.000	0.000
3759.000	0.000
3760.000	0.000
3761.000	0.000
3762.000	0.000
3763.000	0.000
3764.000	0.000
3765.000	0.000
3766.000	0.000
3767.000	0.000
3768.000	0.000
3769.000	0.000
3770.000	0.000
3771.000	0.000
3772.000	0.000
3773.000	0.000
3774.000	0.000
3775.000	0.000
3776.000	0.000
3777.000	0.000
3778.000	0.000
3779.000	0.000
3780.000	0.000
3781.000	0.000
3782.000	0.000
3783.000	0.000
3784.000	0.000
3785.000	0.000
3786.000	0.000
3787.000	0.000
3788.000	0.000
3789.000	0.000
3790.000	0.000
3791.000	0.000
3792.000	0.000
3793.000	0.000
3794.000	0.000
3795.000	0.000
3796.000	0.000
3797.000	0.000
3798.000	0.000
3799.000	0.000
3800.000	0.000
3801.000	0.000
3802.000	0.000
3803.000	0.000
3804.000	0.000
3805.000	0.000
3806.000	0.000
3807.000	0.000
3808.000	0.000
3809.000	0.000
3810.000	0.000
3811.000	0.000
3812.000	0.000
3813.000	0.000
3814.000	0.000
3815.000	0.000
3816.000	0.000
3817.000	0.000
3818.000	0.000
3819.000	0.000
3820.000	0.000
3821.000	0.000
3822.000	0.000
3823.000	0.000
3824.000	0.000
3825.000	0.000
3826.000	0.000
3827.000	0.000
3828.000	0.000
3829.000	0.000
3830.000	0.000
3831.000	0.000
3832.000	0.000
3833.000	0.000
3834.000	0.000
3835.000	0.000
3836.000	0.000
3837.000	0.000
3838.000	0.000
3839.000	0.000
3840.000	0.000
3841.000	0.000
3842.000	0.000
3843.000	0.000
3844.000	0.000
3845.000	0.000
3846.000	0.000
3847.000	0.000
3848.000	0.000
3849.000	0.000
3850.000	0.000
3851.000	0.000
3852.000	0.000
3853.000	0.000
3854.000	0.000
3855.000	0.000
3856.000	0.000
3857.000	0.000
3858.000	0.000
3859.000	0.000
3860.000	0.000
3861.000	0.000
3862.000	0.000
3863.000	0.000
3864.000	0.000
3865.000	0.000
3866.000	0.000
3867.000	0.000
3868.000	0.000
3869.000	0.000
3870.000	0.000
3871.000	0.000
3872.000	0.000
3873.000	0.000
3874.000	0.000
3875.000	0.000
3876.000	0.000
3877.000	0.000
3878.000	0.000
3879.000	0.000
3880.000	0.000
3881.000	0.000
3882.000	0.000
3883.000	0.000
3884.000	0.000
3885.000	0.000
3886.000	0.000
3887.000	0.000
3888.000	0.000
3889.000	0.000
3890.000	0.000
3891.000	0.000
3892.000	0.000
3893.000	0.000
3894.000	0.000
3895.000	0.000
3896.000	0.000
3897.000	0.000
3898.000	0.000
3899.000	0.000
3900.000	0.000
3901.000	0.000
3902.000	0.000
3903.000	0.000
3904.000	0.000
3905.000	0.000
3906.000	0.000
3907.000	0.000
3908.000	0.000
3909.000	0.000
3910.000	0.000
3911.000	0.000
3912.000	0.000
3913.000	0.000
3914.000	0.000
3915.000	0.000
3916.000	0.000
3917.000	0.000
3918.000	0.000
3919.000	0.000
3920.000	0.000
3921.000	0.000
3922.000	0.000
3923.000	0.000
3924.000	0.000
3925.000	0.000
3926.000	0.000
3927.000	0.000
3928.000	0.000
3929.000	0.000
3930.000	0.000
3931.000	0.000
3932.000	0.000
3933.000	0.000
3934.000	0.000
3935.000	0.000
3936.000	0.000
3937.000	0.000
3938.000	0.000
3939.000	0.000
3940.000	0.000
3941.000	0.000
3942.000	0.000
3943.000	0.000
3944.000	0.000
3945.000	0.000
3946.000	0.000
3947.000	0.000
3948.000	0.000
3949.000	0.000
3950.000	0.000
3951.000	0.000
3952.000	0.000
3953.000	0.000
3954.000	0.000
3955.000	0.000
3956.000	0.000
3957.000	0.000
3958.000	0.000
3959.000	0.000
3960.000	0.000
3961.000	0.000
3962.000	0.000
3963.000	0.000
3964.000	0.000
3965.000	0.000
3966.000	0.000
3967.000	0.000
3968.000	0.000
3969.000	0.000
3970.000	0.000
3971.000	0.000
3972.000	0.000
3973.000	0.000
3974.000	0.000
3975.000	0.000
3976.000	0.000
3977.000	0.000
3978.000	0.000
3979.000	0.000
3980.000	0.000
3981.000	0.000
3982.000	0.000
3983.000	0.000
3984.000	0.000
3985.000	0.000
3986.000	0.000
3987.000	0.000
3988.000	0.000
3989.000	0.000
3990.000	0.000
3991.000	0.000
3992.000	0.000
3993.000	0.000
3994.000	0.000
3995.000	0.000
3996.000	0.000
3997.000	0.000
3998.000	0.000
3999.000	0.000
4000.000	0.000
4001.000	0.000
4002.000	0.000
4003.000	0.000
4004.000	0.000
4005.000	0.000
4006.000	0.000
4007.000	0.000
4008.000	0.000
4009.000	0.000
4010.000	0.000
4011.000	0.000
4012.000	0.000
4013.000	0.000
4014.000	0.000
4015.000	0.000
4016.000	0.000
4017.000	0.000
4018.000	0.000
4019.000	0.000
4020.000	0.000
4021.000	0.000
4022.000	0.000
4023.000	0.000
4024.000	0.000
4025.000	0.000
4026.000	0.000
4027.000	0.000
4028.000	0.000
4029.000	0.000
4030.000	0.000
4031.000	0.000
4032.000	0.000
4033.000	0.000
4034.000	0.000
4035.000	0.000
4036.000	0.000
4037.000	0.000
4038.000	0.000
4039.000	0.000
4040.000	0.000
4041.000	0.000
4042.000	0.000
4043.000	0.000
4044.000	0.000
4045.000	0.000
4046.000	0.000
4047.000	0.000
4048.000	0.000
4049.000	0.000
4050.000	0.000
4051.000	0.000
4052.000	0.000
4053.000	0.000
4054.000	0.000
4055.000	0.000
4056.000	0.000
4057.000	0.000
4058.000	0.000
4059.000	0.000
4060.000	0.000
4061.000	0.000
4062.000	0.000
4063.000	0.000
4064.000	0.000
4065.000	0.000
4066.000	0.000
4067.000	0.000
4068.000	0.000
4069.000	0.000
4070.000	0.000
4071.000	0.000
4072.000	0.000
4073.000	0.000
4074.000	0.000
4075.000	0.000
4076.000	0.000
4077.000	0.000
4078.000	0.000
4079.000	0.000
4080.000	0.000
4081.000	0.000
4082.000	0.000
4083.000	0.000
4084.000	0.000
4085.000	0.000
4086.000	0.000
4087.000	0.000
4088.000	0.000
4089.000	0.000
4090.000	0.000
4091.000	0.000
4092.000	0.000
4093.000	0.000
4094.000	0.000
4095.000	0.000
