0.000	13.865
1.000	13.486
2.000	13.486
3.000	13.472
4.000	13.472
5.000	13.472
6.000	13.472
7.000	13.472
8.000	13.472
9.000	13.472
10.000	13.472
11.000	13.472
12.000	13.472
13.000	13.472
14.000	13.472
15.000	13.472
16.000	13.428
17.000	13.414
18.000	13.414
19.000	13.412
20.000	13.410
21.000	13.410
22.000	13.408
23.000	13.407
24.000	13.407
25.000	13.405
26.000	13.404
27.000	13.402
28.000	13.402
29.000	13.401
30.000	13.399
31.000	13.399
32.000	13.398
33.000	13.396
34.000	13.396
35.000	13.395
36.000	13.394
37.000	13.392
38.000	13.392
39.000	13.391
40.000	13.391
41.000	13.391
42.000	13.390
43.000	13.390
44.000	13.390
45.000	13.390
46.000	13.389
47.000	13.389
48.000	13.389
49.000	13.389
50.000	13.389
51.000	13.389
52.000	13.388
53.000	13.388
54.000	13.388
55.000	13.388
56.000	13.388
57.000	13.388
58.000	13.388
59.000	13.388
60.000	13.388
61.000	13.385
62.000	13.385
63.000	13.382
64.000	13.379
65.000	13.379
66.000	13.376
67.000	13.373
68.000	13.373
69.000	13.371
70.000	13.367
71.000	13.354
72.000	13.354
73.000	13.341
74.000	13.328
75.000	13.328
76.000	13.316
77.000	13.303
78.000	13.291
79.000	13.291
80.000	13.279
81.000	13.267
82.000	13.267
83.000	13.255
84.000	13.244
85.000	13.244
86.000	13.232
87.000	13.221
88.000	13.209
89.000	13.029
90.000	13.017
91.000	13.006
92.000	13.006
93.000	12.995
94.000	12.985
95.000	12.985
96.000	12.974
97.000	12.963
98.000	12.953
99.000	12.953
100.000	12.942
101.000	12.932
102.000	12.304
103.000	12.293
104.000	12.283
105.000	12.273
106.000	12.273
107.000	12.264
108.000	12.254
109.000	12.254
110.000	12.244
111.000	12.234
112.000	12.234
113.000	12.225
114.000	12.216
115.000	12.206
116.000	12.206
117.000	12.197
118.000	12.188
119.000	12.188
120.000	12.179
121.000	12.170
122.000	12.161
123.000	12.161
124.000	12.152
125.000	12.136
126.000	12.136
127.000	12.120
128.000	12.104
129.000	12.104
130.000	12.087
131.000	12.070
132.000	12.053
133.000	12.053
134.000	12.034
135.000	12.016
136.000	12.016
137.000	11.997
138.000	11.979
139.000	11.961
140.000	11.961
141.000	11.943
142.000	11.925
143.000	11.925
144.000	11.907
145.000	11.888
146.000	11.888
147.000	11.870
148.000	11.852
149.000	11.833
150.000	11.833
151.000	11.814
152.000	11.795
153.000	11.795
154.000	11.775
155.000	11.755
156.000	11.755
157.000	11.735
158.000	11.713
159.000	11.691
160.000	11.691
161.000	11.670
162.000	11.654
163.000	11.654
164.000	11.637
165.000	11.620
166.000	11.603
167.000	11.603
168.000	11.586
169.000	11.569
170.000	11.569
171.000	11.552
172.000	11.536
173.000	10.834
174.000	10.817
175.000	10.801
176.000	10.785
177.000	10.785
178.000	10.769
179.000	10.753
180.000	10.753
181.000	10.737
182.000	10.721
183.000	10.705
184.000	10.705
185.000	10.689
186.000	10.674
187.000	10.674
188.000	10.658
189.000	10.643
190.000	10.643
191.000	10.627
192.000	10.612
193.000	10.589
194.000	10.589
195.000	10.566
196.000	10.543
197.000	10.543
198.000	10.520
199.000	10.498
200.000	10.476
201.000	10.476
202.000	10.454
203.000	10.432
204.000	10.432
205.000	10.410
206.000	10.388
207.000	10.388
208.000	10.366
209.000	10.345
210.000	10.321
211.000	10.265
212.000	10.242
213.000	10.218
214.000	9.989
215.000	9.966
216.000	9.940
217.000	9.940
218.000	9.914
219.000	9.888
220.000	9.862
221.000	9.728
222.000	9.702
223.000	9.676
224.000	9.676
225.000	9.651
226.000	9.625
227.000	9.600
228.000	9.600
229.000	9.573
230.000	9.546
231.000	9.546
232.000	9.519
233.000	9.492
234.000	9.492
235.000	9.464
236.000	9.437
237.000	9.409
238.000	9.409
239.000	9.382
240.000	9.355
241.000	9.355
242.000	9.327
243.000	9.299
244.000	9.272
245.000	9.272
246.000	9.244
247.000	9.215
248.000	9.215
249.000	9.187
250.000	9.158
251.000	9.158
252.000	9.130
253.000	9.101
254.000	9.073
255.000	9.073
256.000	9.045
257.000	9.017
258.000	8.912
259.000	8.884
260.000	8.857
261.000	8.829
262.000	8.829
263.000	8.805
264.000	8.781
265.000	8.781
266.000	8.757
267.000	8.733
268.000	8.733
269.000	8.710
270.000	8.686
271.000	8.662
272.000	8.662
273.000	8.639
274.000	8.616
275.000	8.616
276.000	8.592
277.000	8.570
278.000	8.570
279.000	8.547
280.000	8.524
281.000	8.501
282.000	8.501
283.000	8.479
284.000	8.455
285.000	8.418
286.000	8.395
287.000	8.372
288.000	8.349
289.000	7.944
290.000	7.921
291.000	7.898
292.000	7.898
293.000	7.876
294.000	7.853
295.000	7.853
296.000	7.832
297.000	7.811
298.000	7.790
299.000	7.790
300.000	7.765
301.000	7.740
302.000	7.740
303.000	7.715
304.000	7.691
305.000	7.667
306.000	7.395
307.000	7.371
308.000	7.348
309.000	7.348
310.000	7.324
311.000	7.301
312.000	7.301
313.000	7.278
314.000	7.255
315.000	7.233
316.000	7.233
317.000	7.210
318.000	7.188
319.000	7.188
320.000	7.166
321.000	7.145
322.000	7.125
323.000	7.010
324.000	6.990
325.000	6.969
326.000	6.969
327.000	6.949
328.000	6.929
329.000	6.883
330.000	6.863
331.000	6.844
332.000	6.824
333.000	6.824
334.000	6.805
335.000	6.786
336.000	6.786
337.000	6.767
338.000	6.747
339.000	6.747
340.000	6.726
341.000	6.706
342.000	6.686
343.000	6.686
344.000	6.666
345.000	6.645
346.000	6.645
347.000	6.625
348.000	6.604
349.000	6.582
350.000	6.582
351.000	6.560
352.000	6.539
353.000	6.539
354.000	6.517
355.000	6.496
356.000	6.496
357.000	6.474
358.000	6.453
359.000	6.431
360.000	6.238
361.000	6.216
362.000	6.195
363.000	6.195
364.000	6.174
365.000	6.153
366.000	6.132
367.000	6.132
368.000	6.111
369.000	6.090
370.000	5.904
371.000	5.882
372.000	5.860
373.000	5.860
374.000	5.838
375.000	5.817
376.000	5.795
377.000	5.795
378.000	5.773
379.000	5.752
380.000	5.752
381.000	5.730
382.000	5.708
383.000	5.687
384.000	5.687
385.000	5.665
386.000	5.647
387.000	5.647
388.000	5.629
389.000	5.611
390.000	5.611
391.000	5.593
392.000	5.576
393.000	5.558
394.000	5.558
395.000	5.541
396.000	5.523
397.000	5.523
398.000	5.506
399.000	5.488
400.000	5.488
401.000	5.471
402.000	5.453
403.000	5.436
404.000	5.436
405.000	5.418
406.000	5.401
407.000	5.401
408.000	5.383
409.000	5.364
410.000	5.346
411.000	5.346
412.000	5.328
413.000	5.310
414.000	5.310
415.000	5.292
416.000	5.274
417.000	5.274
418.000	5.257
419.000	5.240
420.000	5.222
421.000	5.222
422.000	5.206
423.000	5.189
424.000	5.189
425.000	5.172
426.000	5.155
427.000	5.139
428.000	5.139
429.000	5.124
430.000	5.109
431.000	5.109
432.000	5.093
433.000	5.078
434.000	5.078
435.000	5.063
436.000	5.048
437.000	5.034
438.000	5.034
439.000	5.019
440.000	5.004
441.000	5.004
442.000	4.989
443.000	4.975
444.000	4.960
445.000	4.960
446.000	4.946
447.000	4.930
448.000	4.930
449.000	4.915
450.000	4.900
451.000	4.900
452.000	4.886
453.000	4.872
454.000	4.858
455.000	4.858
456.000	4.844
457.000	4.830
458.000	4.830
459.000	4.817
460.000	4.803
461.000	4.404
462.000	4.391
463.000	4.377
464.000	4.364
465.000	4.364
466.000	4.351
467.000	4.338
468.000	4.338
469.000	4.325
470.000	4.311
471.000	4.298
472.000	4.298
473.000	4.285
474.000	4.272
475.000	4.272
476.000	4.259
477.000	4.246
478.000	4.246
479.000	4.234
480.000	4.221
481.000	4.208
482.000	4.208
483.000	4.196
484.000	4.183
485.000	4.183
486.000	4.172
487.000	4.160
488.000	4.148
489.000	4.148
490.000	4.137
491.000	4.125
492.000	4.125
493.000	4.113
494.000	4.102
495.000	4.102
496.000	4.090
497.000	4.079
498.000	4.067
499.000	4.067
500.000	4.056
501.000	4.044
502.000	4.044
503.000	4.033
504.000	4.021
505.000	4.010
506.000	4.010
507.000	3.999
508.000	3.987
509.000	3.987
510.000	3.976
511.000	3.965
512.000	3.965
513.000	3.953
514.000	3.942
515.000	3.932
516.000	3.932
517.000	3.921
518.000	3.910
519.000	3.910
520.000	3.899
521.000	3.889
522.000	3.889
523.000	3.878
524.000	3.867
525.000	3.857
526.000	3.857
527.000	3.846
528.000	3.836
529.000	3.836
530.000	3.826
531.000	3.815
532.000	3.804
533.000	3.804
534.000	3.793
535.000	3.780
536.000	3.780
537.000	3.768
538.000	3.755
539.000	3.755
540.000	3.743
541.000	3.730
542.000	3.719
543.000	3.719
544.000	3.707
545.000	3.695
546.000	3.695
547.000	3.683
548.000	3.671
549.000	3.660
550.000	3.660
551.000	3.648
552.000	3.636
553.000	3.511
554.000	3.500
555.000	3.489
556.000	3.489
557.000	3.478
558.000	3.466
559.000	3.455
560.000	3.455
561.000	3.444
562.000	3.433
563.000	3.375
564.000	3.364
565.000	3.353
566.000	3.342
567.000	3.342
568.000	3.331
569.000	3.320
570.000	3.320
571.000	3.309
572.000	3.298
573.000	3.298
574.000	3.287
575.000	3.276
576.000	3.266
577.000	3.266
578.000	3.255
579.000	3.244
580.000	3.244
581.000	3.233
582.000	3.222
583.000	3.214
584.000	3.214
585.000	3.205
586.000	3.197
587.000	3.197
588.000	3.188
589.000	3.180
590.000	2.985
591.000	2.977
592.000	2.968
593.000	2.960
594.000	2.960
595.000	2.952
596.000	2.943
597.000	2.943
598.000	2.935
599.000	2.926
600.000	2.926
601.000	2.918
602.000	2.910
603.000	2.901
604.000	2.901
605.000	2.893
606.000	2.885
607.000	2.885
608.000	2.877
609.000	2.868
610.000	2.860
611.000	2.860
612.000	2.852
613.000	2.844
614.000	2.844
615.000	2.836
616.000	2.828
617.000	2.828
618.000	2.820
619.000	2.811
620.000	2.803
621.000	2.803
622.000	2.795
623.000	2.787
624.000	2.787
625.000	2.779
626.000	2.771
627.000	2.763
628.000	2.763
629.000	2.755
630.000	2.747
631.000	2.747
632.000	2.739
633.000	2.731
634.000	2.731
635.000	2.723
636.000	2.716
637.000	2.708
638.000	2.708
639.000	2.700
640.000	2.692
641.000	2.692
642.000	2.684
643.000	2.676
644.000	2.669
645.000	2.669
646.000	2.661
647.000	2.653
648.000	2.639
649.000	2.631
650.000	2.623
651.000	2.623
652.000	2.616
653.000	2.609
654.000	2.602
655.000	2.602
656.000	2.596
657.000	2.589
658.000	2.589
659.000	2.581
660.000	2.574
661.000	2.574
662.000	2.566
663.000	2.558
664.000	2.551
665.000	2.551
666.000	2.543
667.000	2.536
668.000	2.536
669.000	2.528
670.000	2.521
671.000	2.514
672.000	2.514
673.000	2.508
674.000	2.501
675.000	2.501
676.000	2.495
677.000	2.488
678.000	2.488
679.000	2.482
680.000	2.475
681.000	2.469
682.000	2.469
683.000	2.463
684.000	2.457
685.000	2.457
686.000	2.450
687.000	2.444
688.000	2.438
689.000	2.438
690.000	2.432
691.000	2.426
692.000	2.426
693.000	2.419
694.000	2.413
695.000	2.212
696.000	2.206
697.000	2.200
698.000	2.193
699.000	2.140
700.000	2.134
701.000	2.128
702.000	1.905
703.000	1.898
704.000	1.892
705.000	1.886
706.000	1.886
707.000	1.880
708.000	1.874
709.000	1.874
710.000	1.868
711.000	1.863
712.000	1.863
713.000	1.857
714.000	1.851
715.000	1.846
716.000	1.846
717.000	1.841
718.000	1.835
719.000	1.835
720.000	1.830
721.000	1.825
722.000	1.825
723.000	1.819
724.000	1.813
725.000	1.807
726.000	1.807
727.000	1.801
728.000	1.795
729.000	1.795
730.000	1.789
731.000	1.783
732.000	1.777
733.000	1.777
734.000	1.772
735.000	1.766
736.000	1.766
737.000	1.760
738.000	1.755
739.000	1.755
740.000	1.749
741.000	1.744
742.000	1.738
743.000	1.738
744.000	1.733
745.000	1.727
746.000	1.727
747.000	1.721
748.000	1.715
749.000	1.710
750.000	1.710
751.000	1.704
752.000	1.698
753.000	1.698
754.000	1.692
755.000	1.686
756.000	1.686
757.000	1.680
758.000	1.675
759.000	1.669
760.000	1.669
761.000	1.663
762.000	1.657
763.000	1.657
764.000	1.651
765.000	1.645
766.000	1.639
767.000	1.639
768.000	1.633
769.000	1.628
770.000	1.628
771.000	1.622
772.000	1.616
773.000	1.616
774.000	1.610
775.000	1.605
776.000	1.599
777.000	1.599
778.000	1.593
779.000	1.588
780.000	1.588
781.000	1.583
782.000	1.578
783.000	1.578
784.000	1.572
785.000	1.567
786.000	1.562
787.000	1.562
788.000	1.557
789.000	1.552
790.000	1.552
791.000	1.546
792.000	1.541
793.000	1.536
794.000	1.536
795.000	1.531
796.000	1.526
797.000	1.526
798.000	1.521
799.000	1.515
800.000	1.515
801.000	1.510
802.000	1.505
803.000	1.500
804.000	1.500
805.000	1.496
806.000	1.491
807.000	1.491
808.000	1.486
809.000	1.481
810.000	1.476
811.000	1.476
812.000	1.471
813.000	1.466
814.000	1.466
815.000	1.461
816.000	1.457
817.000	1.457
818.000	1.452
819.000	1.447
820.000	1.443
821.000	1.443
822.000	1.438
823.000	1.433
824.000	1.433
825.000	1.429
826.000	1.424
827.000	1.419
828.000	1.419
829.000	1.415
830.000	1.410
831.000	1.410
832.000	1.405
833.000	1.401
834.000	1.401
835.000	1.396
836.000	1.392
837.000	1.387
838.000	1.387
839.000	1.382
840.000	1.378
841.000	1.378
842.000	1.373
843.000	1.369
844.000	1.369
845.000	1.364
846.000	1.360
847.000	1.355
848.000	1.355
849.000	1.350
850.000	1.346
851.000	1.346
852.000	1.341
853.000	1.336
854.000	1.332
855.000	1.332
856.000	1.328
857.000	1.323
858.000	1.323
859.000	1.319
860.000	1.315
861.000	1.315
862.000	1.311
863.000	1.306
864.000	1.302
865.000	1.302
866.000	1.298
867.000	1.294
868.000	1.294
869.000	1.290
870.000	1.285
871.000	1.281
872.000	1.281
873.000	1.277
874.000	1.273
875.000	1.273
876.000	1.269
877.000	1.264
878.000	1.264
879.000	1.260
880.000	1.256
881.000	1.252
882.000	1.252
883.000	1.248
884.000	1.244
885.000	1.244
886.000	1.240
887.000	1.235
888.000	1.231
889.000	1.231
890.000	1.227
891.000	1.223
892.000	1.223
893.000	1.219
894.000	1.216
895.000	1.216
896.000	1.212
897.000	1.208
898.000	1.204
899.000	1.204
900.000	1.200
901.000	1.196
902.000	1.196
903.000	1.193
904.000	1.189
905.000	1.189
906.000	1.185
907.000	1.181
908.000	1.177
909.000	1.177
910.000	1.174
911.000	1.170
912.000	1.170
913.000	1.166
914.000	1.162
915.000	1.158
916.000	1.158
917.000	1.155
918.000	1.151
919.000	1.151
920.000	1.147
921.000	1.143
922.000	1.143
923.000	1.140
924.000	1.136
925.000	1.132
926.000	1.132
927.000	1.129
928.000	1.125
929.000	1.125
930.000	1.121
931.000	1.117
932.000	1.114
933.000	1.114
934.000	1.110
935.000	1.106
936.000	1.106
937.000	1.103
938.000	1.099
939.000	1.099
940.000	1.096
941.000	1.092
942.000	1.088
943.000	1.088
944.000	1.085
945.000	1.081
946.000	1.081
947.000	1.078
948.000	1.074
949.000	1.071
950.000	1.071
951.000	1.067
952.000	1.063
953.000	1.063
954.000	1.060
955.000	1.056
956.000	1.056
957.000	1.053
958.000	1.049
959.000	1.045
960.000	1.045
961.000	1.042
962.000	1.038
963.000	1.038
964.000	1.034
965.000	1.030
966.000	1.030
967.000	1.026
968.000	1.023
969.000	1.019
970.000	1.019
971.000	1.015
972.000	1.011
973.000	1.011
974.000	1.007
975.000	1.004
976.000	1.000
977.000	1.000
978.000	0.996
979.000	0.992
980.000	0.992
981.000	0.988
982.000	0.984
983.000	0.984
984.000	0.980
985.000	0.976
986.000	0.973
987.000	0.973
988.000	0.969
989.000	0.965
990.000	0.965
991.000	0.961
992.000	0.957
993.000	0.953
994.000	0.953
995.000	0.950
996.000	0.946
997.000	0.946
998.000	0.942
999.000	0.938
1000.000	0.938
1001.000	0.934
1002.000	0.931
1003.000	0.927
1004.000	0.927
1005.000	0.924
1006.000	0.920
1007.000	0.920
1008.000	0.917
1009.000	0.913
1010.000	0.910
1011.000	0.910
1012.000	0.907
1013.000	0.904
1014.000	0.904
1015.000	0.902
1016.000	0.899
1017.000	0.899
1018.000	0.897
1019.000	0.895
1020.000	0.892
1021.000	0.892
1022.000	0.890
1023.000	0.888
1024.000	0.888
1025.000	0.886
1026.000	0.883
1027.000	0.883
1028.000	0.881
1029.000	0.879
1030.000	0.877
1031.000	0.877
1032.000	0.875
1033.000	0.872
1034.000	0.872
1035.000	0.870
1036.000	0.868
1037.000	0.866
1038.000	0.866
1039.000	0.863
1040.000	0.861
1041.000	0.861
1042.000	0.859
1043.000	0.857
1044.000	0.857
1045.000	0.855
1046.000	0.852
1047.000	0.850
1048.000	0.850
1049.000	0.848
1050.000	0.846
1051.000	0.846
1052.000	0.844
1053.000	0.841
1054.000	0.839
1055.000	0.839
1056.000	0.837
1057.000	0.835
1058.000	0.835
1059.000	0.833
1060.000	0.830
1061.000	0.830
1062.000	0.828
1063.000	0.826
1064.000	0.824
1065.000	0.824
1066.000	0.821
1067.000	0.819
1068.000	0.819
1069.000	0.816
1070.000	0.814
1071.000	0.811
1072.000	0.811
1073.000	0.809
1074.000	0.807
1075.000	0.807
1076.000	0.804
1077.000	0.801
1078.000	0.801
1079.000	0.799
1080.000	0.796
1081.000	0.794
1082.000	0.794
1083.000	0.791
1084.000	0.789
1085.000	0.789
1086.000	0.786
1087.000	0.784
1088.000	0.784
1089.000	0.781
1090.000	0.779
1091.000	0.776
1092.000	0.776
1093.000	0.774
1094.000	0.771
1095.000	0.771
1096.000	0.769
1097.000	0.766
1098.000	0.764
1099.000	0.764
1100.000	0.761
1101.000	0.759
1102.000	0.759
1103.000	0.756
1104.000	0.754
1105.000	0.754
1106.000	0.751
1107.000	0.749
1108.000	0.746
1109.000	0.746
1110.000	0.744
1111.000	0.741
1112.000	0.741
1113.000	0.739
1114.000	0.736
1115.000	0.733
1116.000	0.733
1117.000	0.731
1118.000	0.728
1119.000	0.728
1120.000	0.726
1121.000	0.723
1122.000	0.723
1123.000	0.721
1124.000	0.718
1125.000	0.716
1126.000	0.716
1127.000	0.713
1128.000	0.711
1129.000	0.711
1130.000	0.708
1131.000	0.706
1132.000	0.703
1133.000	0.703
1134.000	0.700
1135.000	0.698
1136.000	0.698
1137.000	0.695
1138.000	0.693
1139.000	0.693
1140.000	0.690
1141.000	0.688
1142.000	0.685
1143.000	0.685
1144.000	0.683
1145.000	0.680
1146.000	0.680
1147.000	0.678
1148.000	0.675
1149.000	0.672
1150.000	0.672
1151.000	0.672
1152.000	0.672
1153.000	0.672
1154.000	0.672
1155.000	0.672
1156.000	0.672
1157.000	0.672
1158.000	0.672
1159.000	0.672
1160.000	0.672
1161.000	0.672
1162.000	0.672
1163.000	0.672
1164.000	0.672
1165.000	0.672
1166.000	0.672
1167.000	0.672
1168.000	0.672
1169.000	0.672
1170.000	0.672
1171.000	0.672
1172.000	0.672
1173.000	0.672
1174.000	0.672
1175.000	0.672
1176.000	0.672
1177.000	0.672
1178.000	0.672
1179.000	0.672
1180.000	0.672
1181.000	0.672
1182.000	0.672
1183.000	0.672
1184.000	0.672
1185.000	0.672
1186.000	0.672
1187.000	0.672
1188.000	0.672
1189.000	0.672
1190.000	0.672
1191.000	0.672
1192.000	0.672
1193.000	0.672
1194.000	0.672
1195.000	0.672
1196.000	0.672
1197.000	0.672
1198.000	0.672
1199.000	0.672
1200.000	0.672
1201.000	0.672
1202.000	0.672
1203.000	0.672
1204.000	0.672
1205.000	0.672
1206.000	0.672
1207.000	0.672
1208.000	0.672
1209.000	0.672
1210.000	0.672
1211.000	0.672
1212.000	0.672
1213.000	0.672
1214.000	0.672
1215.000	0.672
1216.000	0.672
1217.000	0.672
1218.000	0.672
1219.000	0.672
1220.000	0.672
1221.000	0.672
1222.000	0.672
1223.000	0.672
1224.000	0.672
1225.000	0.672
1226.000	0.672
1227.000	0.672
1228.000	0.672
1229.000	0.672
1230.000	0.672
1231.000	0.672
1232.000	0.672
1233.000	0.672
1234.000	0.672
1235.000	0.672
1236.000	0.672
1237.000	0.672
1238.000	0.672
1239.000	0.672
1240.000	0.672
1241.000	0.672
1242.000	0.672
1243.000	0.672
1244.000	0.672
1245.000	0.672
1246.000	0.672
1247.000	0.672
1248.000	0.672
1249.000	0.672
1250.000	0.672
1251.000	0.672
1252.000	0.494
1253.000	0.494
1254.000	0.494
1255.000	0.494
1256.000	0.494
1257.000	0.494
1258.000	0.494
1259.000	0.494
1260.000	0.494
1261.000	0.494
1262.000	0.494
1263.000	0.494
1264.000	0.494
1265.000	0.494
1266.000	0.494
1267.000	0.494
1268.000	0.494
1269.000	0.494
1270.000	0.494
1271.000	0.494
1272.000	0.425
1273.000	0.425
1274.000	0.425
1275.000	0.425
1276.000	0.425
1277.000	0.425
1278.000	0.425
1279.000	0.425
1280.000	0.425
1281.000	0.425
1282.000	0.425
1283.000	0.425
1284.000	0.425
1285.000	0.425
1286.000	0.425
1287.000	0.425
1288.000	0.425
1289.000	0.425
1290.000	0.425
1291.000	0.425
1292.000	0.425
1293.000	0.425
1294.000	0.425
1295.000	0.425
1296.000	0.425
1297.000	0.425
1298.000	0.425
1299.000	0.425
1300.000	0.425
1301.000	0.425
1302.000	0.425
1303.000	0.425
1304.000	0.425
1305.000	0.425
1306.000	0.425
1307.000	0.425
1308.000	0.425
1309.000	0.425
1310.000	0.425
1311.000	0.425
1312.000	0.425
1313.000	0.425
1314.000	0.425
1315.000	0.425
1316.000	0.425
1317.000	0.425
1318.000	0.425
1319.000	0.425
1320.000	0.425
1321.000	0.425
1322.000	0.425
1323.000	0.425
1324.000	0.425
1325.000	0.425
1326.000	0.425
1327.000	0.425
1328.000	0.425
1329.000	0.425
1330.000	0.425
1331.000	0.425
1332.000	0.425
1333.000	0.425
1334.000	0.425
1335.000	0.425
1336.000	0.425
1337.000	0.425
1338.000	0.425
1339.000	0.425
1340.000	0.425
1341.000	0.425
1342.000	0.425
1343.000	0.425
1344.000	0.425
1345.000	0.425
1346.000	0.425
1347.000	0.425
1348.000	0.425
1349.000	0.425
1350.000	0.425
1351.000	0.425
1352.000	0.425
1353.000	0.425
1354.000	0.425
1355.000	0.425
1356.000	0.425
1357.000	0.425
1358.000	0.425
1359.000	0.425
1360.000	0.425
1361.000	0.425
1362.000	0.425
1363.000	0.425
1364.000	0.425
1365.000	0.425
1366.000	0.425
1367.000	0.425
1368.000	0.425
1369.000	0.425
1370.000	0.425
1371.000	0.425
1372.000	0.425
1373.000	0.425
1374.000	0.425
1375.000	0.425
1376.000	0.425
1377.000	0.425
1378.000	0.425
1379.000	0.425
1380.000	0.425
1381.000	0.425
1382.000	0.425
1383.000	0.425
1384.000	0.425
1385.000	0.425
1386.000	0.425
1387.000	0.425
1388.000	0.425
1389.000	0.425
1390.000	0.425
1391.000	0.211
1392.000	0.211
1393.000	0.211
1394.000	0.211
1395.000	0.211
1396.000	0.211
1397.000	0.211
1398.000	0.211
1399.000	0.211
1400.000	0.211
1401.000	0.211
1402.000	0.211
1403.000	0.166
1404.000	0.166
1405.000	0.166
1406.000	0.166
1407.000	0.166
1408.000	0.166
1409.000	0.166
1410.000	0.166
1411.000	0.166
1412.000	0.166
1413.000	0.166
1414.000	0.166
1415.000	0.166
1416.000	0.166
1417.000	0.166
1418.000	0.166
1419.000	0.166
1420.000	0.166
1421.000	0.166
1422.000	0.166
1423.000	0.166
1424.000	0.166
1425.000	0.143
1426.000	0.143
1427.000	0.143
1428.000	0.143
1429.000	0.143
1430.000	0.143
1431.000	0.143
1432.000	0.143
1433.000	0.143
1434.000	0.143
1435.000	0.143
1436.000	0.143
1437.000	0.143
1438.000	0.143
1439.000	0.143
1440.000	0.143
1441.000	0.143
1442.000	0.143
1443.000	0.143
1444.000	0.143
1445.000	0.143
1446.000	0.143
1447.000	0.143
1448.000	0.143
1449.000	0.143
1450.000	0.143
1451.000	0.143
1452.000	0.143
1453.000	0.098
1454.000	0.098
1455.000	0.098
1456.000	0.098
1457.000	0.098
1458.000	0.098
1459.000	0.098
1460.000	0.098
1461.000	0.098
1462.000	0.098
1463.000	0.098
1464.000	0.098
1465.000	0.098
1466.000	0.098
1467.000	0.098
1468.000	0.098
1469.000	0.098
1470.000	0.098
1471.000	0.098
1472.000	0.098
1473.000	0.086
1474.000	0.086
1475.000	0.086
1476.000	0.086
1477.000	0.086
1478.000	0.086
1479.000	0.086
1480.000	0.086
1481.000	0.086
1482.000	0.086
1483.000	0.086
1484.000	0.086
1485.000	0.086
1486.000	0.086
1487.000	0.086
1488.000	0.086
1489.000	0.086
1490.000	0.086
1491.000	0.086
1492.000	0.086
1493.000	0.086
1494.000	0.086
1495.000	0.086
1496.000	0.086
1497.000	0.086
1498.000	0.086
1499.000	-0.277
1500.000	-0.505
1501.000	0.000
1502.000	0.000
1503.000	0.000
1504.000	0.000
1505.000	0.000
1506.000	0.000
1507.000	0.000
1508.000	0.000
1509.000	0.000
1510.000	0.000
1511.000	0.000
1512.000	0.000
1513.000	0.000
1514.000	0.000
1515.000	0.000
1516.000	0.000
1517.000	0.000
1518.000	0.000
1519.000	0.000
1520.000	0.000
1521.000	0.000
1522.000	0.000
1523.000	0.000
1524.000	0.000
1525.000	0.000
1526.000	0.000
1527.000	0.000
1528.000	0.000
1529.000	0.000
1530.000	0.000
1531.000	0.000
1532.000	0.000
1533.000	0.000
1534.000	0.000
1535.000	0.000
1536.000	0.000
1537.000	0.000
1538.000	0.000
1539.000	0.000
1540.000	0.000
1541.000	0.000
1542.000	0.000
1543.000	0.000
1544.000	0.000
1545.000	0.000
1546.000	0.000
1547.000	0.000
1548.000	0.000
1549.000	0.000
1550.000	0.000
1551.000	0.000
1552.000	0.000
1553.000	0.000
1554.000	0.000
1555.000	0.000
1556.000	0.000
1557.000	0.000
1558.000	0.000
1559.000	0.000
1560.000	0.000
1561.000	0.000
1562.000	0.000
1563.000	0.000
1564.000	0.000
1565.000	0.000
1566.000	0.000
1567.000	0.000
1568.000	0.000
1569.000	0.000
1570.000	0.000
1571.000	0.000
1572.000	0.000
1573.000	0.000
1574.000	0.000
1575.000	0.000
1576.000	0.000
1577.000	0.000
1578.000	0.000
1579.000	0.000
1580.000	0.000
1581.000	0.000
1582.000	0.000
1583.000	0.000
1584.000	0.000
1585.000	0.000
1586.000	0.000
1587.000	0.000
1588.000	0.000
1589.000	0.000
1590.000	0.000
1591.000	0.000
1592.000	0.000
1593.000	0.000
1594.000	0.000
1595.000	0.000
1596.000	0.000
1597.000	0.000
1598.000	0.000
1599.000	0.000
1600.000	0.000
1601.000	0.000
1602.000	0.000
1603.000	0.000
1604.000	0.000
1605.000	0.000
1606.000	0.000
1607.000	0.000
1608.000	0.000
1609.000	0.000
1610.000	0.000
1611.000	0.000
1612.000	0.000
1613.000	0.000
1614.000	0.000
1615.000	0.000
1616.000	0.000
1617.000	0.000
1618.000	0.000
1619.000	0.000
1620.000	0.000
1621.000	0.000
1622.000	0.000
1623.000	0.000
1624.000	0.000
1625.000	0.000
1626.000	0.000
1627.000	0.000
1628.000	0.000
1629.000	0.000
1630.000	0.000
1631.000	0.000
1632.000	0.000
1633.000	0.000
1634.000	0.000
1635.000	0.000
1636.000	0.000
1637.000	0.000
1638.000	0.000
1639.000	0.000
1640.000	0.000
1641.000	0.000
1642.000	0.000
1643.000	0.000
1644.000	0.000
1645.000	0.000
1646.000	0.000
1647.000	0.000
1648.000	0.000
1649.000	0.000
1650.000	0.000
1651.000	0.000
1652.000	0.000
1653.000	0.000
1654.000	0.000
1655.000	0.000
1656.000	0.000
1657.000	0.000
1658.000	0.000
1659.000	0.000
1660.000	0.000
1661.000	0.000
1662.000	0.000
1663.000	0.000
1664.000	0.000
1665.000	0.000
1666.000	0.000
1667.000	0.000
1668.000	0.000
1669.000	0.000
1670.000	0.000
1671.000	0.000
1672.000	0.000
1673.000	0.000
1674.000	0.000
1675.000	0.000
1676.000	0.000
1677.000	0.000
1678.000	0.000
1679.000	0.000
1680.000	0.000
1681.000	0.000
1682.000	0.000
1683.000	0.000
1684.000	0.000
1685.000	0.000
1686.000	0.000
1687.000	0.000
1688.000	0.000
1689.000	0.000
1690.000	0.000
1691.000	0.000
1692.000	0.000
1693.000	0.000
1694.000	0.000
1695.000	0.000
1696.000	0.000
1697.000	0.000
1698.000	0.000
1699.000	0.000
1700.000	0.000
1701.000	0.000
1702.000	0.000
1703.000	0.000
1704.000	0.000
1705.000	0.000
1706.000	0.000
1707.000	0.000
1708.000	0.000
1709.000	0.000
1710.000	0.000
1711.000	0.000
1712.000	0.000
1713.000	0.000
1714.000	0.000
1715.000	0.000
1716.000	0.000
1717.000	0.000
1718.000	0.000
1719.000	0.000
1720.000	0.000
1721.000	0.000
1722.000	0.000
1723.000	0.000
1724.000	0.000
1725.000	0.000
1726.000	0.000
1727.000	0.000
1728.000	0.000
1729.000	0.000
1730.000	0.000
1731.000	0.000
1732.000	0.000
1733.000	0.000
1734.000	0.000
1735.000	0.000
1736.000	0.000
1737.000	0.000
1738.000	0.000
1739.000	0.000
1740.000	0.000
1741.000	0.000
1742.000	0.000
1743.000	0.000
1744.000	0.000
1745.000	0.000
1746.000	0.000
1747.000	0.000
1748.000	0.000
1749.000	0.000
1750.000	0.000
1751.000	0.000
1752.000	0.000
1753.000	0.000
1754.000	0.000
1755.000	0.000
1756.000	0.000
1757.000	0.000
1758.000	0.000
1759.000	0.000
1760.000	0.000
1761.000	0.000
1762.000	0.000
1763.000	0.000
1764.000	0.000
1765.000	0.000
1766.000	0.000
1767.000	0.000
1768.000	0.000
1769.000	0.000
1770.000	0.000
1771.000	0.000
1772.000	0.000
1773.000	0.000
1774.000	0.000
1775.000	0.000
1776.000	0.000
1777.000	0.000
1778.000	0.000
1779.000	0.000
1780.000	0.000
1781.000	0.000
1782.000	0.000
1783.000	0.000
1784.000	0.000
1785.000	0.000
1786.000	0.000
1787.000	0.000
1788.000	0.000
1789.000	0.000
1790.000	0.000
1791.000	0.000
1792.000	0.000
1793.000	0.000
1794.000	0.000
1795.000	0.000
1796.000	0.000
1797.000	0.000
1798.000	0.000
1799.000	0.000
1800.000	0.000
1801.000	0.000
1802.000	0.000
1803.000	0.000
1804.000	0.000
1805.000	0.000
1806.000	0.000
1807.000	0.000
1808.000	0.000
1809.000	0.000
1810.000	0.000
1811.000	0.000
1812.000	0.000
1813.000	0.000
1814.000	0.000
1815.000	0.000
1816.000	0.000
1817.000	0.000
1818.000	0.000
1819.000	0.000
1820.000	0.000
1821.000	0.000
1822.000	0.000
1823.000	0.000
1824.000	0.000
1825.000	0.000
1826.000	0.000
1827.000	0.000
1828.000	0.000
1829.000	0.000
1830.000	0.000
1831.000	0.000
1832.000	0.000
1833.000	0.000
1834.000	0.000
1835.000	0.000
1836.000	0.000
1837.000	0.000
1838.000	0.000
1839.000	0.000
1840.000	0.000
1841.000	0.000
1842.000	0.000
1843.000	0.000
1844.000	0.000
1845.000	0.000
1846.000	0.000
1847.000	0.000
1848.000	0.000
1849.000	0.000
1850.000	0.000
1851.000	0.000
1852.000	0.000
1853.000	0.000
1854.000	0.000
1855.000	0.000
1856.000	0.000
1857.000	0.000
1858.000	0.000
1859.000	0.000
1860.000	0.000
1861.000	0.000
1862.000	0.000
1863.000	0.000
1864.000	0.000
1865.000	0.000
1866.000	0.000
1867.000	0.000
1868.000	0.000
1869.000	0.000
1870.000	0.000
1871.000	0.000
1872.000	0.000
1873.000	0.000
1874.000	0.000
1875.000	0.000
1876.000	0.000
1877.000	0.000
1878.000	0.000
1879.000	0.000
1880.000	0.000
1881.000	0.000
1882.000	0.000
1883.000	0.000
1884.000	0.000
1885.000	0.000
1886.000	0.000
1887.000	0.000
1888.000	0.000
1889.000	0.000
1890.000	0.000
1891.000	0.000
1892.000	0.000
1893.000	0.000
1894.000	0.000
1895.000	0.000
1896.000	0.000
1897.000	0.000
1898.000	0.000
1899.000	0.000
1900.000	0.000
1901.000	0.000
1902.000	0.000
1903.000	0.000
1904.000	0.000
1905.000	0.000
1906.000	0.000
1907.000	0.000
1908.000	0.000
1909.000	0.000
1910.000	0.000
1911.000	0.000
1912.000	0.000
1913.000	0.000
1914.000	0.000
1915.000	0.000
1916.000	0.000
1917.000	0.000
1918.000	0.000
1919.000	0.000
1920.000	0.000
1921.000	0.000
1922.000	0.000
1923.000	0.000
1924.000	0.000
1925.000	0.000
1926.000	0.000
1927.000	0.000
1928.000	0.000
1929.000	0.000
1930.000	0.000
1931.000	0.000
1932.000	0.000
1933.000	0.000
1934.000	0.000
1935.000	0.000
1936.000	0.000
1937.000	0.000
1938.000	0.000
1939.000	0.000
1940.000	0.000
1941.000	0.000
1942.000	0.000
1943.000	0.000
1944.000	0.000
1945.000	0.000
1946.000	0.000
1947.000	0.000
1948.000	0.000
1949.000	0.000
1950.000	0.000
1951.000	0.000
1952.000	0.000
1953.000	0.000
1954.000	0.000
1955.000	0.000
1956.000	0.000
1957.000	0.000
1958.000	0.000
1959.000	0.000
1960.000	0.000
1961.000	0.000
1962.000	0.000
1963.000	0.000
1964.000	0.000
1965.000	0.000
1966.000	0.000
1967.000	0.000
1968.000	0.000
1969.000	0.000
1970.000	0.000
1971.000	0.000
1972.000	0.000
1973.000	0.000
1974.000	0.000
1975.000	0.000
1976.000	0.000
1977.000	0.000
1978.000	0.000
1979.000	0.000
1980.000	0.000
1981.000	0.000
1982.000	0.000
1983.000	0.000
1984.000	0.000
1985.000	0.000
1986.000	0.000
1987.000	0.000
1988.000	0.000
1989.000	0.000
1990.000	0.000
1991.000	0.000
1992.000	0.000
1993.000	0.000
1994.000	0.000
1995.000	0.000
1996.000	0.000
1997.000	0.000
1998.000	0.000
1999.000	0.000
2000.000	0.000
2001.000	0.000
2002.000	0.000
2003.000	0.000
2004.000	0.000
2005.000	0.000
2006.000	0.000
2007.000	0.000
2008.000	0.000
2009.000	0.000
2010.000	0.000
2011.000	0.000
2012.000	0.000
2013.000	0.000
2014.000	0.000
2015.000	0.000
2016.000	0.000
2017.000	0.000
2018.000	0.000
2019.000	0.000
2020.000	0.000
2021.000	0.000
2022.000	0.000
2023.000	0.000
2024.000	0.000
2025.000	0.000
2026.000	0.000
2027.000	0.000
2028.000	0.000
2029.000	0.000
2030.000	0.000
2031.000	0.000
2032.000	0.000
2033.000	0.000
2034.000	0.000
2035.000	0.000
2036.000	0.000
2037.000	0.000
2038.000	0.000
2039.000	0.000
2040.000	0.000
2041.000	0.000
2042.000	0.000
2043.000	0.000
2044.000	0.000
2045.000	0.000
2046.000	0.000
2047.000	0.000
2048.000	0.000
2049.000	0.000
2050.000	0.000
2051.000	0.000
2052.000	0.000
2053.000	0.000
2054.000	0.000
2055.000	0.000
2056.000	0.000
2057.000	0.000
2058.000	0.000
2059.000	0.000
2060.000	0.000
2061.000	0.000
2062.000	0.000
2063.000	0.000
2064.000	0.000
2065.000	0.000
2066.000	0.000
2067.000	0.000
2068.000	0.000
2069.000	0.000
2070.000	0.000
2071.000	0.000
2072.000	0.000
2073.000	0.000
2074.000	0.000
2075.000	0.000
2076.000	0.000
2077.000	0.000
2078.000	0.000
2079.000	0.000
2080.000	0.000
2081.000	0.000
2082.000	0.000
2083.000	0.000
2084.000	0.000
2085.000	0.000
2086.000	0.000
2087.000	0.000
2088.000	0.000
2089.000	0.000
2090.000	0.000
2091.000	0.000
2092.000	0.000
2093.000	0.000
2094.000	0.000
2095.000	0.000
2096.000	0.000
2097.000	0.000
2098.000	0.000
2099.000	0.000
2100.000	0.000
2101.000	0.000
2102.000	0.000
2103.000	0.000
2104.000	0.000
2105.000	0.000
2106.000	0.000
2107.000	0.000
2108.000	0.000
2109.000	0.000
2110.000	0.000
2111.000	0.000
2112.000	0.000
2113.000	0.000
2114.000	0.000
2115.000	0.000
2116.000	0.000
2117.000	0.000
2118.000	0.000
2119.000	0.000
2120.000	0.000
2121.000	0.000
2122.000	0.000
2123.000	0.000
2124.000	0.000
2125.000	0.000
2126.000	0.000
2127.000	0.000
2128.000	0.000
2129.000	0.000
2130.000	0.000
2131.000	0.000
2132.000	0.000
2133.000	0.000
2134.000	0.000
2135.000	0.000
2136.000	0.000
2137.000	0.000
2138.000	0.000
2139.000	0.000
2140.000	0.000
2141.000	0.000
2142.000	0.000
2143.000	0.000
2144.000	0.000
2145.000	0.000
2146.000	0.000
2147.000	0.000
2148.000	0.000
2149.000	0.000
2150.000	0.000
2151.000	0.000
2152.000	0.000
2153.000	0.000
2154.000	0.000
2155.000	0.000
2156.000	0.000
2157.000	0.000
2158.000	0.000
2159.000	0.000
2160.000	0.000
2161.000	0.000
2162.000	0.000
2163.000	0.000
2164.000	0.000
2165.000	0.000
2166.000	0.000
2167.000	0.000
2168.000	0.000
2169.000	0.000
2170.000	0.000
2171.000	0.000
2172.000	0.000
2173.000	0.000
2174.000	0.000
2175.000	0.000
2176.000	0.000
2177.000	0.000
2178.000	0.000
2179.000	0.000
2180.000	0.000
2181.000	0.000
2182.000	0.000
2183.000	0.000
2184.000	0.000
2185.000	0.000
2186.000	0.000
2187.000	0.000
2188.000	0.000
2189.000	0.000
2190.000	0.000
2191.000	0.000
2192.000	0.000
2193.000	0.000
2194.000	0.000
2195.000	0.000
2196.000	0.000
2197.000	0.000
2198.000	0.000
2199.000	0.000
2200.000	0.000
2201.000	0.000
2202.000	0.000
2203.000	0.000
2204.000	0.000
2205.000	0.000
2206.000	0.000
2207.000	0.000
2208.000	0.000
2209.000	0.000
2210.000	0.000
2211.000	0.000
2212.000	0.000
2213.000	0.000
2214.000	0.000
2215.000	0.000
2216.000	0.000
2217.000	0.000
2218.000	0.000
2219.000	0.000
2220.000	0.000
2221.000	0.000
2222.000	0.000
2223.000	0.000
2224.000	0.000
2225.000	0.000
2226.000	0.000
2227.000	0.000
2228.000	0.000
2229.000	0.000
2230.000	0.000
2231.000	0.000
2232.000	0.000
2233.000	0.000
2234.000	0.000
2235.000	0.000
2236.000	0.000
2237.000	0.000
2238.000	0.000
2239.000	0.000
2240.000	0.000
2241.000	0.000
2242.000	0.000
2243.000	0.000
2244.000	0.000
2245.000	0.000
2246.000	0.000
2247.000	0.000
2248.000	0.000
2249.000	0.000
2250.000	0.000
2251.000	0.000
2252.000	0.000
2253.000	0.000
2254.000	0.000
2255.000	0.000
2256.000	0.000
2257.000	0.000
2258.000	0.000
2259.000	0.000
2260.000	0.000
2261.000	0.000
2262.000	0.000
2263.000	0.000
2264.000	0.000
2265.000	0.000
2266.000	0.000
2267.000	0.000
2268.000	0.000
2269.000	0.000
2270.000	0.000
2271.000	0.000
2272.000	0.000
2273.000	0.000
2274.000	0.000
2275.000	0.000
2276.000	0.000
2277.000	0.000
2278.000	0.000
2279.000	0.000
2280.000	0.000
2281.000	0.000
2282.000	0.000
2283.000	0.000
2284.000	0.000
2285.000	0.000
2286.000	0.000
2287.000	0.000
2288.000	0.000
2289.000	0.000
2290.000	0.000
2291.000	0.000
2292.000	0.000
2293.000	0.000
2294.000	0.000
2295.000	0.000
2296.000	0.000
2297.000	0.000
2298.000	0.000
2299.000	0.000
2300.000	0.000
2301.000	0.000
2302.000	0.000
2303.000	0.000
2304.000	0.000
2305.000	0.000
2306.000	0.000
2307.000	0.000
2308.000	0.000
2309.000	0.000
2310.000	0.000
2311.000	0.000
2312.000	0.000
2313.000	0.000
2314.000	0.000
2315.000	0.000
2316.000	0.000
2317.000	0.000
2318.000	0.000
2319.000	0.000
2320.000	0.000
2321.000	0.000
2322.000	0.000
2323.000	0.000
2324.000	0.000
2325.000	0.000
2326.000	0.000
2327.000	0.000
2328.000	0.000
2329.000	0.000
2330.000	0.000
2331.000	0.000
2332.000	0.000
2333.000	0.000
2334.000	0.000
2335.000	0.000
2336.000	0.000
2337.000	0.000
2338.000	0.000
2339.000	0.000
2340.000	0.000
2341.000	0.000
2342.000	0.000
2343.000	0.000
2344.000	0.000
2345.000	0.000
2346.000	0.000
2347.000	0.000
2348.000	0.000
2349.000	0.000
2350.000	0.000
2351.000	0.000
2352.000	0.000
2353.000	0.000
2354.000	0.000
2355.000	0.000
2356.000	0.000
2357.000	0.000
2358.000	0.000
2359.000	0.000
2360.000	0.000
2361.000	0.000
2362.000	0.000
2363.000	0.000
2364.000	0.000
2365.000	0.000
2366.000	0.000
2367.000	0.000
2368.000	0.000
2369.000	0.000
2370.000	0.000
2371.000	0.000
2372.000	0.000
2373.000	0.000
2374.000	0.000
2375.000	0.000
2376.000	0.000
2377.000	0.000
2378.000	0.000
2379.000	0.000
2380.000	0.000
2381.000	0.000
2382.000	0.000
2383.000	0.000
2384.000	0.000
2385.000	0.000
2386.000	0.000
2387.000	0.000
2388.000	0.000
2389.000	0.000
2390.000	0.000
2391.000	0.000
2392.000	0.000
2393.000	0.000
2394.000	0.000
2395.000	0.000
2396.000	0.000
2397.000	0.000
2398.000	0.000
2399.000	0.000
2400.000	0.000
2401.000	0.000
2402.000	0.000
2403.000	0.000
2404.000	0.000
2405.000	0.000
2406.000	0.000
2407.000	0.000
2408.000	0.000
2409.000	0.000
2410.000	0.000
2411.000	0.000
2412.000	0.000
2413.000	0.000
2414.000	0.000
2415.000	0.000
2416.000	0.000
2417.000	0.000
2418.000	0.000
2419.000	0.000
2420.000	0.000
2421.000	0.000
2422.000	0.000
2423.000	0.000
2424.000	0.000
2425.000	0.000
2426.000	0.000
2427.000	0.000
2428.000	0.000
2429.000	0.000
2430.000	0.000
2431.000	0.000
2432.000	0.000
2433.000	0.000
2434.000	0.000
2435.000	0.000
2436.000	0.000
2437.000	0.000
2438.000	0.000
2439.000	0.000
2440.000	0.000
2441.000	0.000
2442.000	0.000
2443.000	0.000
2444.000	0.000
2445.000	0.000
2446.000	0.000
2447.000	0.000
2448.000	0.000
2449.000	0.000
2450.000	0.000
2451.000	0.000
2452.000	0.000
2453.000	0.000
2454.000	0.000
2455.000	0.000
2456.000	0.000
2457.000	0.000
2458.000	0.000
2459.000	0.000
2460.000	0.000
2461.000	0.000
2462.000	0.000
2463.000	0.000
2464.000	0.000
2465.000	0.000
2466.000	0.000
2467.000	0.000
2468.000	0.000
2469.000	0.000
2470.000	0.000
2471.000	0.000
2472.000	0.000
2473.000	0.000
2474.000	0.000
2475.000	0.000
2476.000	0.000
2477.000	0.000
2478.000	0.000
2479.000	0.000
2480.000	0.000
2481.000	0.000
2482.000	0.000
2483.000	0.000
2484.000	0.000
2485.000	0.000
2486.000	0.000
2487.000	0.000
2488.000	0.000
2489.000	0.000
2490.000	0.000
2491.000	0.000
2492.000	0.000
2493.000	0.000
2494.000	0.000
2495.000	0.000
2496.000	0.000
2497.000	0.000
2498.000	0.000
2499.000	0.000
2500.000	0.000
2501.000	0.000
2502.000	0.000
2503.000	0.000
2504.000	0.000
2505.000	0.000
2506.000	0.000
2507.000	0.000
2508.000	0.000
2509.000	0.000
2510.000	0.000
2511.000	0.000
2512.000	0.000
2513.000	0.000
2514.000	0.000
2515.000	0.000
2516.000	0.000
2517.000	0.000
2518.000	0.000
2519.000	0.000
2520.000	0.000
2521.000	0.000
2522.000	0.000
2523.000	0.000
2524.000	0.000
2525.000	0.000
2526.000	0.000
2527.000	0.000
2528.000	0.000
2529.000	0.000
2530.000	0.000
2531.000	0.000
2532.000	0.000
2533.000	0.000
2534.000	0.000
2535.000	0.000
2536.000	0.000
2537.000	0.000
2538.000	0.000
2539.000	0.000
2540.000	0.000
2541.000	0.000
2542.000	0.000
2543.000	0.000
2544.000	0.000
2545.000	0.000
2546.000	0.000
2547.000	0.000
2548.000	0.000
2549.000	0.000
2550.000	0.000
2551.000	0.000
2552.000	0.000
2553.000	0.000
2554.000	0.000
2555.000	0.000
2556.000	0.000
2557.000	0.000
2558.000	0.000
2559.000	0.000
2560.000	0.000
2561.000	0.000
2562.000	0.000
2563.000	0.000
2564.000	0.000
2565.000	0.000
2566.000	0.000
2567.000	0.000
2568.000	0.000
2569.000	0.000
2570.000	0.000
2571.000	0.000
2572.000	0.000
2573.000	0.000
2574.000	0.000
2575.000	0.000
2576.000	0.000
2577.000	0.000
2578.000	0.000
2579.000	0.000
2580.000	0.000
2581.000	0.000
2582.000	0.000
2583.000	0.000
2584.000	0.000
2585.000	0.000
2586.000	0.000
2587.000	0.000
2588.000	0.000
2589.000	0.000
2590.000	0.000
2591.000	0.000
2592.000	0.000
2593.000	0.000
2594.000	0.000
2595.000	0.000
2596.000	0.000
2597.000	0.000
2598.000	0.000
2599.000	0.000
2600.000	0.000
2601.000	0.000
2602.000	0.000
2603.000	0.000
2604.000	0.000
2605.000	0.000
2606.000	0.000
2607.000	0.000
2608.000	0.000
2609.000	0.000
2610.000	0.000
2611.000	0.000
2612.000	0.000
2613.000	0.000
2614.000	0.000
2615.000	0.000
2616.000	0.000
2617.000	0.000
2618.000	0.000
2619.000	0.000
2620.000	0.000
2621.000	0.000
2622.000	0.000
2623.000	0.000
2624.000	0.000
2625.000	0.000
2626.000	0.000
2627.000	0.000
2628.000	0.000
2629.000	0.000
2630.000	0.000
2631.000	0.000
2632.000	0.000
2633.000	0.000
2634.000	0.000
2635.000	0.000
2636.000	0.000
2637.000	0.000
2638.000	0.000
2639.000	0.000
2640.000	0.000
2641.000	0.000
2642.000	0.000
2643.000	0.000
2644.000	0.000
2645.000	0.000
2646.000	0.000
2647.000	0.000
2648.000	0.000
2649.000	0.000
2650.000	0.000
2651.000	0.000
2652.000	0.000
2653.000	0.000
2654.000	0.000
2655.000	0.000
2656.000	0.000
2657.000	0.000
2658.000	0.000
2659.000	0.000
2660.000	0.000
2661.000	0.000
2662.000	0.000
2663.000	0.000
2664.000	0.000
2665.000	0.000
2666.000	0.000
2667.000	0.000
2668.000	0.000
2669.000	0.000
2670.000	0.000
2671.000	0.000
2672.000	0.000
2673.000	0.000
2674.000	0.000
2675.000	0.000
2676.000	0.000
2677.000	0.000
2678.000	0.000
2679.000	0.000
2680.000	0.000
2681.000	0.000
2682.000	0.000
2683.000	0.000
2684.000	0.000
2685.000	0.000
2686.000	0.000
2687.000	0.000
2688.000	0.000
2689.000	0.000
2690.000	0.000
2691.000	0.000
2692.000	0.000
2693.000	0.000
2694.000	0.000
2695.000	0.000
2696.000	0.000
2697.000	0.000
2698.000	0.000
2699.000	0.000
2700.000	0.000
2701.000	0.000
2702.000	0.000
2703.000	0.000
2704.000	0.000
2705.000	0.000
2706.000	0.000
2707.000	0.000
2708.000	0.000
2709.000	0.000
2710.000	0.000
2711.000	0.000
2712.000	0.000
2713.000	0.000
2714.000	0.000
2715.000	0.000
2716.000	0.000
2717.000	0.000
2718.000	0.000
2719.000	0.000
2720.000	0.000
2721.000	0.000
2722.000	0.000
2723.000	0.000
2724.000	0.000
2725.000	0.000
2726.000	0.000
2727.000	0.000
2728.000	0.000
2729.000	0.000
2730.000	0.000
2731.000	0.000
2732.000	0.000
2733.000	0.000
2734.000	0.000
2735.000	0.000
2736.000	0.000
2737.000	0.000
2738.000	0.000
2739.000	0.000
2740.000	0.000
2741.000	0.000
2742.000	0.000
2743.000	0.000
2744.000	0.000
2745.000	0.000
2746.000	0.000
2747.000	0.000
2748.000	0.000
2749.000	0.000
2750.000	0.000
2751.000	0.000
2752.000	0.000
2753.000	0.000
2754.000	0.000
2755.000	0.000
2756.000	0.000
2757.000	0.000
2758.000	0.000
2759.000	0.000
2760.000	0.000
2761.000	0.000
2762.000	0.000
2763.000	0.000
2764.000	0.000
2765.000	0.000
2766.000	0.000
2767.000	0.000
2768.000	0.000
2769.000	0.000
2770.000	0.000
2771.000	0.000
2772.000	0.000
2773.000	0.000
2774.000	0.000
2775.000	0.000
2776.000	0.000
2777.000	0.000
2778.000	0.000
2779.000	0.000
2780.000	0.000
2781.000	0.000
2782.000	0.000
2783.000	0.000
2784.000	0.000
2785.000	0.000
2786.000	0.000
2787.000	0.000
2788.000	0.000
2789.000	0.000
2790.000	0.000
2791.000	0.000
2792.000	0.000
2793.000	0.000
2794.000	0.000
2795.000	0.000
2796.000	0.000
2797.000	0.000
2798.000	0.000
2799.000	0.000
2800.000	0.000
2801.000	0.000
2802.000	0.000
2803.000	0.000
2804.000	0.000
2805.000	0.000
2806.000	0.000
2807.000	0.000
2808.000	0.000
2809.000	0.000
2810.000	0.000
2811.000	0.000
2812.000	0.000
2813.000	0.000
2814.000	0.000
2815.000	0.000
2816.000	0.000
2817.000	0.000
2818.000	0.000
2819.000	0.000
2820.000	0.000
2821.000	0.000
2822.000	0.000
2823.000	0.000
2824.000	0.000
2825.000	0.000
2826.000	0.000
2827.000	0.000
2828.000	0.000
2829.000	0.000
2830.000	0.000
2831.000	0.000
2832.000	0.000
2833.000	0.000
2834.000	0.000
2835.000	0.000
2836.000	0.000
2837.000	0.000
2838.000	0.000
2839.000	0.000
2840.000	0.000
2841.000	0.000
2842.000	0.000
2843.000	0.000
2844.000	0.000
2845.000	0.000
2846.000	0.000
2847.000	0.000
2848.000	0.000
2849.000	0.000
2850.000	0.000
2851.000	0.000
2852.000	0.000
2853.000	0.000
2854.000	0.000
2855.000	0.000
2856.000	0.000
2857.000	0.000
2858.000	0.000
2859.000	0.000
2860.000	0.000
2861.000	0.000
2862.000	0.000
2863.000	0.000
2864.000	0.000
2865.000	0.000
2866.000	0.000
2867.000	0.000
2868.000	0.000
2869.000	0.000
2870.000	0.000
2871.000	0.000
2872.000	0.000
2873.000	0.000
2874.000	0.000
2875.000	0.000
2876.000	0.000
2877.000	0.000
2878.000	0.000
2879.000	0.000
2880.000	0.000
2881.000	0.000
2882.000	0.000
2883.000	0.000
2884.000	0.000
2885.000	0.000
2886.000	0.000
2887.000	0.000
2888.000	0.000
2889.000	0.000
2890.000	0.000
2891.000	0.000
2892.000	0.000
2893.000	0.000
2894.000	0.000
2895.000	0.000
2896.000	0.000
2897.000	0.000
2898.000	0.000
2899.000	0.000
2900.000	0.000
2901.000	0.000
2902.000	0.000
2903.000	0.000
2904.000	0.000
2905.000	0.000
2906.000	0.000
2907.000	0.000
2908.000	0.000
2909.000	0.000
2910.000	0.000
2911.000	0.000
2912.000	0.000
2913.000	0.000
2914.000	0.000
2915.000	0.000
2916.000	0.000
2917.000	0.000
2918.000	0.000
2919.000	0.000
2920.000	0.000
2921.000	0.000
2922.000	0.000
2923.000	0.000
2924.000	0.000
2925.000	0.000
2926.000	0.000
2927.000	0.000
2928.000	0.000
2929.000	0.000
2930.000	0.000
2931.000	0.000
2932.000	0.000
2933.000	0.000
2934.000	0.000
2935.000	0.000
2936.000	0.000
2937.000	0.000
2938.000	0.000
2939.000	0.000
2940.000	0.000
2941.000	0.000
2942.000	0.000
2943.000	0.000
2944.000	0.000
2945.000	0.000
2946.000	0.000
2947.000	0.000
2948.000	0.000
2949.000	0.000
2950.000	0.000
2951.000	0.000
2952.000	0.000
2953.000	0.000
2954.000	0.000
2955.000	0.000
2956.000	0.000
2957.000	0.000
2958.000	0.000
2959.000	0.000
2960.000	0.000
2961.000	0.000
2962.000	0.000
2963.000	0.000
2964.000	0.000
2965.000	0.000
2966.000	0.000
2967.000	0.000
2968.000	0.000
2969.000	0.000
2970.000	0.000
2971.000	0.000
2972.000	0.000
2973.000	0.000
2974.000	0.000
2975.000	0.000
2976.000	0.000
2977.000	0.000
2978.000	0.000
2979.000	0.000
2980.000	0.000
2981.000	0.000
2982.000	0.000
2983.000	0.000
2984.000	0.000
2985.000	0.000
2986.000	0.000
2987.000	0.000
2988.000	0.000
2989.000	0.000
2990.000	0.000
2991.000	0.000
2992.000	0.000
2993.000	0.000
2994.000	0.000
2995.000	0.000
2996.000	0.000
2997.000	0.000
2998.000	0.000
2999.000	0.000
3000.000	0.000
3001.000	0.000
3002.000	0.000
3003.000	0.000
3004.000	0.000
3005.000	0.000
3006.000	0.000
3007.000	0.000
3008.000	0.000
3009.000	0.000
3010.000	0.000
3011.000	0.000
3012.000	0.000
3013.000	0.000
3014.000	0.000
3015.000	0.000
3016.000	0.000
3017.000	0.000
3018.000	0.000
3019.000	0.000
3020.000	0.000
3021.000	0.000
3022.000	0.000
3023.000	0.000
3024.000	0.000
3025.000	0.000
3026.000	0.000
3027.000	0.000
3028.000	0.000
3029.000	0.000
3030.000	0.000
3031.000	0.000
3032.000	0.000
3033.000	0.000
3034.000	0.000
3035.000	0.000
3036.000	0.000
3037.000	0.000
3038.000	0.000
3039.000	0.000
3040.000	0.000
3041.000	0.000
3042.000	0.000
3043.000	0.000
3044.000	0.000
3045.000	0.000
3046.000	0.000
3047.000	0.000
3048.000	0.000
3049.000	0.000
3050.000	0.000
3051.000	0.000
3052.000	0.000
3053.000	0.000
3054.000	0.000
3055.000	0.000
3056.000	0.000
3057.000	0.000
3058.000	0.000
3059.000	0.000
3060.000	0.000
3061.000	0.000
3062.000	0.000
3063.000	0.000
3064.000	0.000
3065.000	0.000
3066.000	0.000
3067.000	0.000
3068.000	0.000
3069.000	0.000
3070.000	0.000
3071.000	0.000
3072.000	0.000
3073.000	0.000
3074.000	0.000
3075.000	0.000
3076.000	0.000
3077.000	0.000
3078.000	0.000
3079.000	0.000
3080.000	0.000
3081.000	0.000
3082.000	0.000
3083.000	0.000
3084.000	0.000
3085.000	0.000
3086.000	0.000
3087.000	0.000
3088.000	0.000
3089.000	0.000
3090.000	0.000
3091.000	0.000
3092.000	0.000
3093.000	0.000
3094.000	0.000
3095.000	0.000
3096.000	0.000
3097.000	0.000
3098.000	0.000
3099.000	0.000
3100.000	0.000
3101.000	0.000
3102.000	0.000
3103.000	0.000
3104.000	0.000
3105.000	0.000
3106.000	0.000
3107.000	0.000
3108.000	0.000
3109.000	0.000
3110.000	0.000
3111.000	0.000
3112.000	0.000
3113.000	0.000
3114.000	0.000
3115.000	0.000
3116.000	0.000
3117.000	0.000
3118.000	0.000
3119.000	0.000
3120.000	0.000
3121.000	0.000
3122.000	0.000
3123.000	0.000
3124.000	0.000
3125.000	0.000
3126.000	0.000
3127.000	0.000
3128.000	0.000
3129.000	0.000
3130.000	0.000
3131.000	0.000
3132.000	0.000
3133.000	0.000
3134.000	0.000
3135.000	0.000
3136.000	0.000
3137.000	0.000
3138.000	0.000
3139.000	0.000
3140.000	0.000
3141.000	0.000
3142.000	0.000
3143.000	0.000
3144.000	0.000
3145.000	0.000
3146.000	0.000
3147.000	0.000
3148.000	0.000
3149.000	0.000
3150.000	0.000
3151.000	0.000
3152.000	0.000
3153.000	0.000
3154.000	0.000
3155.000	0.000
3156.000	0.000
3157.000	0.000
3158.000	0.000
3159.000	0.000
3160.000	0.000
3161.000	0.000
3162.000	0.000
3163.000	0.000
3164.000	0.000
3165.000	0.000
3166.000	0.000
3167.000	0.000
3168.000	0.000
3169.000	0.000
3170.000	0.000
3171.000	0.000
3172.000	0.000
3173.000	0.000
3174.000	0.000
3175.000	0.000
3176.000	0.000
3177.000	0.000
3178.000	0.000
3179.000	0.000
3180.000	0.000
3181.000	0.000
3182.000	0.000
3183.000	0.000
3184.000	0.000
3185.000	0.000
3186.000	0.000
3187.000	0.000
3188.000	0.000
3189.000	0.000
3190.000	0.000
3191.000	0.000
3192.000	0.000
3193.000	0.000
3194.000	0.000
3195.000	0.000
3196.000	0.000
3197.000	0.000
3198.000	0.000
3199.000	0.000
3200.000	0.000
3201.000	0.000
3202.000	0.000
3203.000	0.000
3204.000	0.000
3205.000	0.000
3206.000	0.000
3207.000	0.000
3208.000	0.000
3209.000	0.000
3210.000	0.000
3211.000	0.000
3212.000	0.000
3213.000	0.000
3214.000	0.000
3215.000	0.000
3216.000	0.000
3217.000	0.000
3218.000	0.000
3219.000	0.000
3220.000	0.000
3221.000	0.000
3222.000	0.000
3223.000	0.000
3224.000	0.000
3225.000	0.000
3226.000	0.000
3227.000	0.000
3228.000	0.000
3229.000	0.000
3230.000	0.000
3231.000	0.000
3232.000	0.000
3233.000	0.000
3234.000	0.000
3235.000	0.000
3236.000	0.000
3237.000	0.000
3238.000	0.000
3239.000	0.000
3240.000	0.000
3241.000	0.000
3242.000	0.000
3243.000	0.000
3244.000	0.000
3245.000	0.000
3246.000	0.000
3247.000	0.000
3248.000	0.000
3249.000	0.000
3250.000	0.000
3251.000	0.000
3252.000	0.000
3253.000	0.000
3254.000	0.000
3255.000	0.000
3256.000	0.000
3257.000	0.000
3258.000	0.000
3259.000	0.000
3260.000	0.000
3261.000	0.000
3262.000	0.000
3263.000	0.000
3264.000	0.000
3265.000	0.000
3266.000	0.000
3267.000	0.000
3268.000	0.000
3269.000	0.000
3270.000	0.000
3271.000	0.000
3272.000	0.000
3273.000	0.000
3274.000	0.000
3275.000	0.000
3276.000	0.000
3277.000	0.000
3278.000	0.000
3279.000	0.000
3280.000	0.000
3281.000	0.000
3282.000	0.000
3283.000	0.000
3284.000	0.000
3285.000	0.000
3286.000	0.000
3287.000	0.000
3288.000	0.000
3289.000	0.000
3290.000	0.000
3291.000	0.000
3292.000	0.000
3293.000	0.000
3294.000	0.000
3295.000	0.000
3296.000	0.000
3297.000	0.000
3298.000	0.000
3299.000	0.000
3300.000	0.000
3301.000	0.000
3302.000	0.000
3303.000	0.000
3304.000	0.000
3305.000	0.000
3306.000	0.000
3307.000	0.000
3308.000	0.000
3309.000	0.000
3310.000	0.000
3311.000	0.000
3312.000	0.000
3313.000	0.000
3314.000	0.000
3315.000	0.000
3316.000	0.000
3317.000	0.000
3318.000	0.000
3319.000	0.000
3320.000	0.000
3321.000	0.000
3322.000	0.000
3323.000	0.000
3324.000	0.000
3325.000	0.000
3326.000	0.000
3327.000	0.000
3328.000	0.000
3329.000	0.000
3330.000	0.000
3331.000	0.000
3332.000	0.000
3333.000	0.000
3334.000	0.000
3335.000	0.000
3336.000	0.000
3337.000	0.000
3338.000	0.000
3339.000	0.000
3340.000	0.000
3341.000	0.000
3342.000	0.000
3343.000	0.000
3344.000	0.000
3345.000	0.000
3346.000	0.000
3347.000	0.000
3348.000	0.000
3349.000	0.000
3350.000	0.000
3351.000	0.000
3352.000	0.000
3353.000	0.000
3354.000	0.000
3355.000	0.000
3356.000	0.000
3357.000	0.000
3358.000	0.000
3359.000	0.000
3360.000	0.000
3361.000	0.000
3362.000	0.000
3363.000	0.000
3364.000	0.000
3365.000	0.000
3366.000	0.000
3367.000	0.000
3368.000	0.000
3369.000	0.000
3370.000	0.000
3371.000	0.000
3372.000	0.000
3373.000	0.000
3374.000	0.000
3375.000	0.000
3376.000	0.000
3377.000	0.000
3378.000	0.000
3379.000	0.000
3380.000	0.000
3381.000	0.000
3382.000	0.000
3383.000	0.000
3384.000	0.000
3385.000	0.000
3386.000	0.000
3387.000	0.000
3388.000	0.000
3389.000	0.000
3390.000	0.000
3391.000	0.000
3392.000	0.000
3393.000	0.000
3394.000	0.000
3395.000	0.000
3396.000	0.000
3397.000	0.000
3398.000	0.000
3399.000	0.000
3400.000	0.000
3401.000	0.000
3402.000	0.000
3403.000	0.000
3404.000	0.000
3405.000	0.000
3406.000	0.000
3407.000	0.000
3408.000	0.000
3409.000	0.000
3410.000	0.000
3411.000	0.000
3412.000	0.000
3413.000	0.000
3414.000	0.000
3415.000	0.000
3416.000	0.000
3417.000	0.000
3418.000	0.000
3419.000	0.000
3420.000	0.000
3421.000	0.000
3422.000	0.000
3423.000	0.000
3424.000	0.000
3425.000	0.000
3426.000	0.000
3427.000	0.000
3428.000	0.000
3429.000	0.000
3430.000	0.000
3431.000	0.000
3432.000	0.000
3433.000	0.000
3434.000	0.000
3435.000	0.000
3436.000	0.000
3437.000	0.000
3438.000	0.000
3439.000	0.000
3440.000	0.000
3441.000	0.000
3442.000	0.000
3443.000	0.000
3444.000	0.000
3445.000	0.000
3446.000	0.000
3447.000	0.000
3448.000	0.000
3449.000	0.000
3450.000	0.000
3451.000	0.000
3452.000	0.000
3453.000	0.000
3454.000	0.000
3455.000	0.000
3456.000	0.000
3457.000	0.000
3458.000	0.000
3459.000	0.000
3460.000	0.000
3461.000	0.000
3462.000	0.000
3463.000	0.000
3464.000	0.000
3465.000	0.000
3466.000	0.000
3467.000	0.000
3468.000	0.000
3469.000	0.000
3470.000	0.000
3471.000	0.000
3472.000	0.000
3473.000	0.000
3474.000	0.000
3475.000	0.000
3476.000	0.000
3477.000	0.000
3478.000	0.000
3479.000	0.000
3480.000	0.000
3481.000	0.000
3482.000	0.000
3483.000	0.000
3484.000	0.000
3485.000	0.000
3486.000	0.000
3487.000	0.000
3488.000	0.000
3489.000	0.000
3490.000	0.000
3491.000	0.000
3492.000	0.000
3493.000	0.000
3494.000	0.000
3495.000	0.000
3496.000	0.000
3497.000	0.000
3498.000	0.000
3499.000	0.000
3500.000	0.000
3501.000	0.000
3502.000	0.000
3503.000	0.000
3504.000	0.000
3505.000	0.000
3506.000	0.000
3507.000	0.000
3508.000	0.000
3509.000	0.000
3510.000	0.000
3511.000	0.000
3512.000	0.000
3513.000	0.000
3514.000	0.000
3515.000	0.000
3516.000	0.000
3517.000	0.000
3518.000	0.000
3519.000	0.000
3520.000	0.000
3521.000	0.000
3522.000	0.000
3523.000	0.000
3524.000	0.000
3525.000	0.000
3526.000	0.000
3527.000	0.000
3528.000	0.000
3529.000	0.000
3530.000	0.000
3531.000	0.000
3532.000	0.000
3533.000	0.000
3534.000	0.000
3535.000	0.000
3536.000	0.000
3537.000	0.000
3538.000	0.000
3539.000	0.000
3540.000	0.000
3541.000	0.000
3542.000	0.000
3543.000	0.000
3544.000	0.000
3545.000	0.000
3546.000	0.000
3547.000	0.000
3548.000	0.000
3549.000	0.000
3550.000	0.000
3551.000	0.000
3552.000	0.000
3553.000	0.000
3554.000	0.000
3555.000	0.000
3556.000	0.000
3557.000	0.000
3558.000	0.000
3559.000	0.000
3560.000	0.000
3561.000	0.000
3562.000	0.000
3563.000	0.000
3564.000	0.000
3565.000	0.000
3566.000	0.000
3567.000	0.000
3568.000	0.000
3569.000	0.000
3570.000	0.000
3571.000	0.000
3572.000	0.000
3573.000	0.000
3574.000	0.000
3575.000	0.000
3576.000	0.000
3577.000	0.000
3578.000	0.000
3579.000	0.000
3580.000	0.000
3581.000	0.000
3582.000	0.000
3583.000	0.000
3584.000	0.000
3585.000	0.000
3586.000	0.000
3587.000	0.000
3588.000	0.000
3589.000	0.000
3590.000	0.000
3591.000	0.000
3592.000	0.000
3593.000	0.000
3594.000	0.000
3595.000	0.000
3596.000	0.000
3597.000	0.000
3598.000	0.000
3599.000	0.000
3600.000	0.000
3601.000	0.000
3602.000	0.000
3603.000	0.000
3604.000	0.000
3605.000	0.000
3606.000	0.000
3607.000	0.000
3608.000	0.000
3609.000	0.000
3610.000	0.000
3611.000	0.000
3612.000	0.000
3613.000	0.000
3614.000	0.000
3615.000	0.000
3616.000	0.000
3617.000	0.000
3618.000	0.000
3619.000	0.000
3620.000	0.000
3621.000	0.000
3622.000	0.000
3623.000	0.000
3624.000	0.000
3625.000	0.000
3626.000	0.000
3627.000	0.000
3628.000	0.000
3629.000	0.000
3630.000	0.000
3631.000	0.000
3632.000	0.000
3633.000	0.000
3634.000	0.000
3635.000	0.000
3636.000	0.000
3637.000	0.000
3638.000	0.000
3639.000	0.000
3640.000	0.000
3641.000	0.000
3642.000	0.000
3643.000	0.000
3644.000	0.000
3645.000	0.000
3646.000	0.000
3647.000	0.000
3648.000	0.000
3649.000	0.000
3650.000	0.000
3651.000	0.000
3652.000	0.000
3653.000	0.000
3654.000	0.000
3655.000	0.000
3656.000	0.000
3657.000	0.000
3658.000	0.000
3659.000	0.000
3660.000	0.000
3661.000	0.000
3662.000	0.000
3663.000	0.000
3664.000	0.000
3665.000	0.000
3666.000	0.000
3667.000	0.000
3668.000	0.000
3669.000	0.000
3670.000	0.000
3671.000	0.000
3672.000	0.000
3673.000	0.000
3674.000	0.000
3675.000	0.000
3676.000	0.000
3677.000	0.000
3678.000	0.000
3679.000	0.000
3680.000	0.000
3681.000	0.000
3682.000	0.000
3683.000	0.000
3684.000	0.000
3685.000	0.000
3686.000	0.000
3687.000	0.000
3688.000	0.000
3689.000	0.000
3690.000	0.000
3691.000	0.000
3692.000	0.000
3693.000	0.000
3694.000	0.000
3695.000	0.000
3696.000	0.000
3697.000	0.000
3698.000	0.000
3699.000	0.000
3700.000	0.000
3701.000	0.000
3702.000	0.000
3703.000	0.000
3704.000	0.000
3705.000	0.000
3706.000	0.000
3707.000	0.000
3708.000	0.000
3709.000	0.000
3710.000	0.000
3711.000	0.000
3712.000	0.000
3713.000	0.000
3714.000	0.000
3715.000	0.000
3716.000	0.000
3717.000	0.000
3718.000	0.000
3719.000	0.000
3720.000	0.000
3721.000	0.000
3722.000	0.000
3723.000	0.000
3724.000	0.000
3725.000	0.000
3726.000	0.000
3727.000	0.000
3728.000	0.000
3729.000	0.000
3730.000	0.000
3731.000	0.000
3732.000	0.000
3733.000	0.000
3734.000	0.000
3735.000	0.000
3736.000	0.000
3737.000	0.000
3738.000	0.000
3739.000	0.000
3740.000	0.000
3741.000	0.000
3742.000	0.000
3743.000	0.000
3744.000	0.000
3745.000	0.000
3746.000	0.000
3747.000	0.000
3748.000	0.000
3749.000	0.000
3750.000	0.000
3751.000	0.000
3752.000	0.000
3753.000	0.000
3754.000	0.000
3755.000	0.000
3756.000	0.000
3757.000	0.000
3758.000	0.000
3759.000	0.000
3760.000	0.000
3761.000	0.000
3762.000	0.000
3763.000	0.000
3764.000	0.000
3765.000	0.000
3766.000	0.000
3767.000	0.000
3768.000	0.000
3769.000	0.000
3770.000	0.000
3771.000	0.000
3772.000	0.000
3773.000	0.000
3774.000	0.000
3775.000	0.000
3776.000	0.000
3777.000	0.000
3778.000	0.000
3779.000	0.000
3780.000	0.000
3781.000	0.000
3782.000	0.000
3783.000	0.000
3784.000	0.000
3785.000	0.000
3786.000	0.000
3787.000	0.000
3788.000	0.000
3789.000	0.000
3790.000	0.000
3791.000	0.000
3792.000	0.000
3793.000	0.000
3794.000	0.000
3795.000	0.000
3796.000	0.000
3797.000	0.000
3798.000	0.000
3799.000	0.000
3800.000	0.000
3801.000	0.000
3802.000	0.000
3803.000	0.000
3804.000	0.000
3805.000	0.000
3806.000	0.000
3807.000	0.000
3808.000	0.000
3809.000	0.000
3810.000	0.000
3811.000	0.000
3812.000	0.000
3813.000	0.000
3814.000	0.000
3815.000	0.000
3816.000	0.000
3817.000	0.000
3818.000	0.000
3819.000	0.000
3820.000	0.000
3821.000	0.000
3822.000	0.000
3823.000	0.000
3824.000	0.000
3825.000	0.000
3826.000	0.000
3827.000	0.000
3828.000	0.000
3829.000	0.000
3830.000	0.000
3831.000	0.000
3832.000	0.000
3833.000	0.000
3834.000	0.000
3835.000	0.000
3836.000	0.000
3837.000	0.000
3838.000	0.000
3839.000	0.000
3840.000	0.000
3841.000	0.000
3842.000	0.000
3843.000	0.000
3844.000	0.000
3845.000	0.000
3846.000	0.000
3847.000	0.000
3848.000	0.000
3849.000	0.000
3850.000	0.000
3851.000	0.000
3852.000	0.000
3853.000	0.000
3854.000	0.000
3855.000	0.000
3856.000	0.000
3857.000	0.000
3858.000	0.000
3859.000	0.000
3860.000	0.000
3861.000	0.000
3862.000	0.000
3863.000	0.000
3864.000	0.000
3865.000	0.000
3866.000	0.000
3867.000	0.000
3868.000	0.000
3869.000	0.000
3870.000	0.000
3871.000	0.000
3872.000	0.000
3873.000	0.000
3874.000	0.000
3875.000	0.000
3876.000	0.000
3877.000	0.000
3878.000	0.000
3879.000	0.000
3880.000	0.000
3881.000	0.000
3882.000	0.000
3883.000	0.000
3884.000	0.000
3885.000	0.000
3886.000	0.000
3887.000	0.000
3888.000	0.000
3889.000	0.000
3890.000	0.000
3891.000	0.000
3892.000	0.000
3893.000	0.000
3894.000	0.000
3895.000	0.000
3896.000	0.000
3897.000	0.000
3898.000	0.000
3899.000	0.000
3900.000	0.000
3901.000	0.000
3902.000	0.000
3903.000	0.000
3904.000	0.000
3905.000	0.000
3906.000	0.000
3907.000	0.000
3908.000	0.000
3909.000	0.000
3910.000	0.000
3911.000	0.000
3912.000	0.000
3913.000	0.000
3914.000	0.000
3915.000	0.000
3916.000	0.000
3917.000	0.000
3918.000	0.000
3919.000	0.000
3920.000	0.000
3921.000	0.000
3922.000	0.000
3923.000	0.000
3924.000	0.000
3925.000	0.000
3926.000	0.000
3927.000	0.000
3928.000	0.000
3929.000	0.000
3930.000	0.000
3931.000	0.000
3932.000	0.000
3933.000	0.000
3934.000	0.000
3935.000	0.000
3936.000	0.000
3937.000	0.000
3938.000	0.000
3939.000	0.000
3940.000	0.000
3941.000	0.000
3942.000	0.000
3943.000	0.000
3944.000	0.000
3945.000	0.000
3946.000	0.000
3947.000	0.000
3948.000	0.000
3949.000	0.000
3950.000	0.000
3951.000	0.000
3952.000	0.000
3953.000	0.000
3954.000	0.000
3955.000	0.000
3956.000	0.000
3957.000	0.000
3958.000	0.000
3959.000	0.000
3960.000	0.000
3961.000	0.000
3962.000	0.000
3963.000	0.000
3964.000	0.000
3965.000	0.000
3966.000	0.000
3967.000	0.000
3968.000	0.000
3969.000	0.000
3970.000	0.000
3971.000	0.000
3972.000	0.000
3973.000	0.000
3974.000	0.000
3975.000	0.000
3976.000	0.000
3977.000	0.000
3978.000	0.000
3979.000	0.000
3980.000	0.000
3981.000	0.000
3982.000	0.000
3983.000	0.000
3984.000	0.000
3985.000	0.000
3986.000	0.000
3987.000	0.000
3988.000	0.000
3989.000	0.000
3990.000	0.000
3991.000	0.000
3992.000	0.000
3993.000	0.000
3994.000	0.000
3995.000	0.000
3996.000	0.000
3997.000	0.000
3998.000	0.000
3999.000	0.000
4000.000	0.000
4001.000	0.000
4002.000	0.000
4003.000	0.000
4004.000	0.000
4005.000	0.000
4006.000	0.000
4007.000	0.000
4008.000	0.000
4009.000	0.000
4010.000	0.000
4011.000	0.000
4012.000	0.000
4013.000	0.000
4014.000	0.000
4015.000	0.000
4016.000	0.000
4017.000	0.000
4018.000	0.000
4019.000	0.000
4020.000	0.000
4021.000	0.000
4022.000	0.000
4023.000	0.000
4024.000	0.000
4025.000	0.000
4026.000	0.000
4027.000	0.000
4028.000	0.000
4029.000	0.000
4030.000	0.000
4031.000	0.000
4032.000	0.000
4033.000	0.000
4034.000	0.000
4035.000	0.000
4036.000	0.000
4037.000	0.000
4038.000	0.000
4039.000	0.000
4040.000	0.000
4041.000	0.000
4042.000	0.000
4043.000	0.000
4044.000	0.000
4045.000	0.000
4046.000	0.000
4047.000	0.000
4048.000	0.000
4049.000	0.000
4050.000	0.000
4051.000	0.000
4052.000	0.000
4053.000	0.000
4054.000	0.000
4055.000	0.000
4056.000	0.000
4057.000	0.000
4058.000	0.000
4059.000	0.000
4060.000	0.000
4061.000	0.000
4062.000	0.000
4063.000	0.000
4064.000	0.000
4065.000	0.000
4066.000	0.000
4067.000	0.000
4068.000	0.000
4069.000	0.000
4070.000	0.000
4071.000	0.000
4072.000	0.000
4073.000	0.000
4074.000	0.000
4075.000	0.000
4076.000	0.000
4077.000	0.000
4078.000	0.000
4079.000	0.000
4080.000	0.000
4081.000	0.000
4082.000	0.000
4083.000	0.000
4084.000	0.000
4085.000	0.000
4086.000	0.000
4087.000	0.000
4088.000	0.000
4089.000	0.000
4090.000	0.000
4091.000	0.000
4092.000	0.000
4093.000	0.000
4094.000	0.000
4095.000	0.000
