0.000	21.991
1.000	21.991
2.000	21.991
3.000	21.991
4.000	21.991
5.000	21.991
6.000	21.991
7.000	21.991
8.000	21.991
9.000	21.991
10.000	21.991
11.000	21.991
12.000	21.991
13.000	21.991
14.000	21.991
15.000	21.991
16.000	21.991
17.000	21.991
18.000	21.991
19.000	21.991
20.000	21.991
21.000	21.991
22.000	21.991
23.000	21.991
24.000	21.991
25.000	21.991
26.000	21.991
27.000	21.991
28.000	21.991
29.000	21.991
30.000	21.991
31.000	21.991
32.000	21.991
33.000	21.991
34.000	21.991
35.000	21.991
36.000	21.991
37.000	21.991
38.000	21.991
39.000	21.991
40.000	21.991
41.000	21.991
42.000	21.991
43.000	21.991
44.000	21.991
45.000	21.991
46.000	21.991
47.000	21.991
48.000	21.991
49.000	21.991
50.000	21.991
51.000	21.991
52.000	21.991
53.000	21.991
54.000	21.991
55.000	21.991
56.000	21.991
57.000	21.991
58.000	21.991
59.000	21.991
60.000	21.991
61.000	21.991
62.000	21.991
63.000	21.991
64.000	21.991
65.000	21.991
66.000	21.991
67.000	21.991
68.000	21.991
69.000	21.991
70.000	21.991
71.000	21.991
72.000	21.991
73.000	21.991
74.000	21.991
75.000	21.991
76.000	21.991
77.000	21.991
78.000	21.991
79.000	21.991
80.000	21.991
81.000	21.991
82.000	21.921
83.000	21.851
84.000	21.851
85.000	21.782
86.000	21.712
87.000	21.642
88.000	21.573
89.000	21.505
90.000	21.436
91.000	21.368
92.000	21.299
93.000	21.232
94.000	21.164
95.000	21.097
96.000	21.097
97.000	21.030
98.000	20.962
99.000	20.896
100.000	20.830
101.000	20.764
102.000	20.698
103.000	20.632
104.000	20.567
105.000	20.502
106.000	20.437
107.000	20.436
108.000	20.371
109.000	20.306
110.000	20.242
111.000	20.178
112.000	20.115
113.000	20.051
114.000	19.987
115.000	19.924
116.000	19.861
117.000	19.799
118.000	19.797
119.000	19.734
120.000	19.672
121.000	19.610
122.000	19.548
123.000	19.487
124.000	19.425
125.000	19.363
126.000	19.302
127.000	19.242
128.000	19.181
129.000	19.179
130.000	19.119
131.000	19.117
132.000	19.116
133.000	19.114
134.000	19.113
135.000	19.111
136.000	19.110
137.000	19.108
138.000	19.106
139.000	19.105
140.000	19.103
141.000	19.102
142.000	19.100
143.000	19.099
144.000	19.097
145.000	19.096
146.000	19.094
147.000	19.093
148.000	19.091
149.000	19.090
150.000	19.088
151.000	19.087
152.000	19.085
153.000	19.084
154.000	19.082
155.000	19.080
156.000	19.079
157.000	19.077
158.000	19.076
159.000	19.074
160.000	19.073
161.000	19.071
162.000	19.070
163.000	19.068
164.000	19.067
165.000	19.065
166.000	19.064
167.000	19.062
168.000	19.061
169.000	19.059
170.000	19.058
171.000	19.056
172.000	19.054
173.000	19.053
174.000	19.051
175.000	19.050
176.000	19.048
177.000	19.047
178.000	19.045
179.000	19.044
180.000	19.042
181.000	19.041
182.000	19.039
183.000	19.038
184.000	19.036
185.000	19.035
186.000	19.033
187.000	19.032
188.000	18.986
189.000	18.940
190.000	18.894
191.000	18.848
192.000	18.803
193.000	18.757
194.000	18.712
195.000	18.667
196.000	18.666
197.000	18.621
198.000	18.576
199.000	18.531
200.000	18.487
201.000	18.442
202.000	18.398
203.000	18.353
204.000	18.309
205.000	18.265
206.000	18.221
207.000	18.220
208.000	18.176
209.000	18.132
210.000	18.088
211.000	18.045
212.000	18.002
213.000	17.959
214.000	17.916
215.000	17.872
216.000	17.830
217.000	17.787
218.000	17.786
219.000	17.743
220.000	17.700
221.000	17.658
222.000	17.616
223.000	17.574
224.000	17.532
225.000	17.490
226.000	17.448
227.000	17.406
228.000	17.365
229.000	17.364
230.000	17.322
231.000	17.281
232.000	17.239
233.000	17.198
234.000	17.158
235.000	17.117
236.000	17.076
237.000	17.035
238.000	16.995
239.000	16.954
240.000	16.914
241.000	16.912
242.000	16.872
243.000	16.832
244.000	16.792
245.000	16.752
246.000	16.712
247.000	16.672
248.000	16.633
249.000	16.593
250.000	16.554
251.000	16.515
252.000	16.513
253.000	16.474
254.000	16.435
255.000	16.396
256.000	16.357
257.000	16.318
258.000	16.317
259.000	16.315
260.000	16.314
261.000	16.312
262.000	16.311
263.000	16.309
264.000	16.308
265.000	16.306
266.000	16.304
267.000	16.303
268.000	16.302
269.000	16.302
270.000	16.261
271.000	16.219
272.000	16.178
273.000	16.137
274.000	16.135
275.000	16.094
276.000	16.053
277.000	16.012
278.000	15.971
279.000	15.931
280.000	15.890
281.000	15.849
282.000	15.809
283.000	15.769
284.000	15.728
285.000	15.727
286.000	15.687
287.000	15.647
288.000	15.607
289.000	15.567
290.000	15.528
291.000	15.488
292.000	15.448
293.000	15.409
294.000	15.370
295.000	15.331
296.000	15.329
297.000	15.290
298.000	15.251
299.000	15.212
300.000	15.174
301.000	15.141
302.000	15.141
303.000	15.141
304.000	15.141
305.000	15.141
306.000	15.141
307.000	15.141
308.000	15.103
309.000	15.065
310.000	15.027
311.000	14.989
312.000	14.952
313.000	14.914
314.000	14.877
315.000	14.839
316.000	14.802
317.000	14.765
318.000	14.728
319.000	14.727
320.000	14.690
321.000	14.653
322.000	14.617
323.000	14.580
324.000	14.544
325.000	14.507
326.000	14.470
327.000	14.434
328.000	14.398
329.000	14.362
330.000	14.361
331.000	14.325
332.000	14.289
333.000	14.254
334.000	14.218
335.000	14.182
336.000	14.147
337.000	14.111
338.000	14.076
339.000	14.040
340.000	14.005
341.000	14.005
342.000	13.969
343.000	13.934
344.000	13.899
345.000	13.864
346.000	13.830
347.000	13.795
348.000	13.760
349.000	13.725
350.000	13.691
351.000	13.656
352.000	13.656
353.000	13.621
354.000	13.587
355.000	13.551
356.000	13.550
357.000	13.549
358.000	13.549
359.000	13.548
360.000	13.548
361.000	13.547
362.000	13.546
363.000	13.546
364.000	13.545
365.000	13.544
366.000	13.544
367.000	13.543
368.000	13.543
369.000	13.542
370.000	13.540
371.000	13.539
372.000	13.537
373.000	13.535
374.000	13.535
375.000	13.533
376.000	13.502
377.000	13.471
378.000	13.440
379.000	13.410
380.000	13.379
381.000	13.349
382.000	13.318
383.000	13.288
384.000	13.257
385.000	13.227
386.000	13.226
387.000	13.196
388.000	13.166
389.000	13.135
390.000	13.105
391.000	13.075
392.000	13.045
393.000	13.015
394.000	12.986
395.000	12.956
396.000	12.926
397.000	12.925
398.000	12.896
399.000	12.866
400.000	12.836
401.000	12.807
402.000	12.778
403.000	12.748
404.000	12.719
405.000	12.689
406.000	12.660
407.000	12.631
408.000	12.630
409.000	12.601
410.000	12.572
411.000	12.543
412.000	12.514
413.000	12.485
414.000	12.456
415.000	12.427
416.000	12.399
417.000	12.370
418.000	12.342
419.000	12.341
420.000	12.312
421.000	12.284
422.000	12.255
423.000	12.227
424.000	12.198
425.000	12.170
426.000	12.141
427.000	12.113
428.000	12.085
429.000	12.057
430.000	12.056
431.000	12.028
432.000	12.000
433.000	11.972
434.000	11.944
435.000	11.916
436.000	11.888
437.000	11.860
438.000	11.833
439.000	11.805
440.000	11.777
441.000	11.777
442.000	11.749
443.000	11.721
444.000	11.694
445.000	11.667
446.000	11.639
447.000	11.612
448.000	11.584
449.000	11.557
450.000	11.530
451.000	11.503
452.000	11.502
453.000	11.475
454.000	11.448
455.000	11.421
456.000	11.394
457.000	11.367
458.000	11.340
459.000	11.313
460.000	11.286
461.000	11.260
462.000	11.233
463.000	11.206
464.000	11.206
465.000	11.179
466.000	11.152
467.000	11.126
468.000	11.100
469.000	11.073
470.000	11.047
471.000	11.020
472.000	10.994
473.000	10.968
474.000	10.942
475.000	10.941
476.000	10.916
477.000	10.890
478.000	10.865
479.000	10.840
480.000	10.815
481.000	10.790
482.000	10.790
483.000	10.789
484.000	10.788
485.000	10.788
486.000	10.787
487.000	10.787
488.000	10.786
489.000	10.785
490.000	10.785
491.000	10.784
492.000	10.784
493.000	10.783
494.000	10.782
495.000	10.782
496.000	10.781
497.000	10.780
498.000	10.780
499.000	10.779
500.000	10.779
501.000	10.778
502.000	10.777
503.000	10.777
504.000	10.776
505.000	10.776
506.000	10.775
507.000	10.774
508.000	10.774
509.000	10.773
510.000	10.773
511.000	10.772
512.000	10.771
513.000	10.771
514.000	10.770
515.000	10.770
516.000	10.769
517.000	10.768
518.000	10.768
519.000	10.767
520.000	10.767
521.000	10.766
522.000	10.765
523.000	10.765
524.000	10.764
525.000	10.764
526.000	10.763
527.000	10.762
528.000	10.762
529.000	10.761
530.000	10.761
531.000	10.760
532.000	10.759
533.000	10.759
534.000	10.758
535.000	10.758
536.000	10.757
537.000	10.756
538.000	10.756
539.000	10.755
540.000	10.755
541.000	10.754
542.000	10.753
543.000	10.753
544.000	10.752
545.000	10.752
546.000	10.751
547.000	10.750
548.000	10.750
549.000	10.749
550.000	10.749
551.000	10.748
552.000	10.747
553.000	10.747
554.000	10.746
555.000	10.746
556.000	10.745
557.000	10.744
558.000	10.744
559.000	10.743
560.000	10.742
561.000	10.742
562.000	10.741
563.000	10.741
564.000	10.740
565.000	10.739
566.000	10.739
567.000	10.738
568.000	10.738
569.000	10.737
570.000	10.736
571.000	10.736
572.000	10.711
573.000	10.687
574.000	10.663
575.000	10.662
576.000	10.638
577.000	10.614
578.000	10.590
579.000	10.566
580.000	10.542
581.000	10.518
582.000	10.494
583.000	10.470
584.000	10.446
585.000	10.422
586.000	10.422
587.000	10.398
588.000	10.374
589.000	10.350
590.000	10.327
591.000	10.303
592.000	10.280
593.000	10.256
594.000	10.232
595.000	10.209
596.000	10.186
597.000	10.185
598.000	10.162
599.000	10.138
600.000	10.115
601.000	10.092
602.000	10.068
603.000	10.045
604.000	10.022
605.000	9.999
606.000	9.976
607.000	9.953
608.000	9.930
609.000	9.929
610.000	9.906
611.000	9.883
612.000	9.860
613.000	9.837
614.000	9.815
615.000	9.792
616.000	9.769
617.000	9.746
618.000	9.724
619.000	9.701
620.000	9.700
621.000	9.678
622.000	9.655
623.000	9.633
624.000	9.610
625.000	9.588
626.000	9.565
627.000	9.543
628.000	9.520
629.000	9.498
630.000	9.476
631.000	9.475
632.000	9.453
633.000	9.431
634.000	9.409
635.000	9.386
636.000	9.364
637.000	9.342
638.000	9.320
639.000	9.298
640.000	9.276
641.000	9.254
642.000	9.254
643.000	9.232
644.000	9.210
645.000	9.188
646.000	9.167
647.000	9.145
648.000	9.123
649.000	9.101
650.000	9.080
651.000	9.058
652.000	9.036
653.000	9.036
654.000	9.015
655.000	8.993
656.000	8.972
657.000	8.950
658.000	8.929
659.000	8.907
660.000	8.886
661.000	8.864
662.000	8.843
663.000	8.822
664.000	8.822
665.000	8.801
666.000	8.779
667.000	8.758
668.000	8.737
669.000	8.716
670.000	8.695
671.000	8.674
672.000	8.653
673.000	8.632
674.000	8.611
675.000	8.590
676.000	8.590
677.000	8.569
678.000	8.548
679.000	8.527
680.000	8.506
681.000	8.485
682.000	8.465
683.000	8.444
684.000	8.423
685.000	8.403
686.000	8.382
687.000	8.382
688.000	8.361
689.000	8.341
690.000	8.320
691.000	8.300
692.000	8.279
693.000	8.259
694.000	8.238
695.000	8.218
696.000	8.198
697.000	8.177
698.000	8.177
699.000	8.157
700.000	8.137
701.000	8.117
702.000	8.096
703.000	8.076
704.000	8.056
705.000	8.036
706.000	8.016
707.000	7.996
708.000	7.976
709.000	7.976
710.000	7.956
711.000	7.936
712.000	7.916
713.000	7.896
714.000	7.876
715.000	7.856
716.000	7.847
717.000	7.847
718.000	7.847
719.000	7.847
720.000	7.847
721.000	7.847
722.000	7.847
723.000	7.847
724.000	7.847
725.000	7.847
726.000	7.847
727.000	7.847
728.000	7.847
729.000	7.847
730.000	7.847
731.000	7.847
732.000	7.847
733.000	7.847
734.000	7.847
735.000	7.847
736.000	7.847
737.000	7.847
738.000	7.847
739.000	7.847
740.000	7.847
741.000	7.847
742.000	7.847
743.000	7.847
744.000	7.847
745.000	7.847
746.000	7.847
747.000	7.847
748.000	7.847
749.000	7.847
750.000	7.847
751.000	7.847
752.000	7.847
753.000	7.847
754.000	7.847
755.000	7.847
756.000	7.847
757.000	7.847
758.000	7.847
759.000	7.847
760.000	7.847
761.000	7.847
762.000	7.847
763.000	7.847
764.000	7.847
765.000	7.847
766.000	7.847
767.000	7.847
768.000	7.847
769.000	7.847
770.000	7.847
771.000	7.847
772.000	7.847
773.000	7.847
774.000	7.847
775.000	7.847
776.000	7.847
777.000	7.847
778.000	7.847
779.000	7.847
780.000	7.847
781.000	7.847
782.000	7.847
783.000	7.847
784.000	7.847
785.000	7.847
786.000	7.847
787.000	7.847
788.000	7.847
789.000	7.847
790.000	7.847
791.000	7.847
792.000	7.847
793.000	7.847
794.000	7.847
795.000	7.847
796.000	7.847
797.000	7.847
798.000	7.847
799.000	7.847
800.000	7.847
801.000	7.847
802.000	7.847
803.000	7.847
804.000	7.847
805.000	7.847
806.000	7.847
807.000	7.847
808.000	7.847
809.000	7.847
810.000	7.847
811.000	7.847
812.000	7.847
813.000	7.847
814.000	7.847
815.000	7.847
816.000	7.847
817.000	7.847
818.000	7.847
819.000	7.847
820.000	7.847
821.000	7.847
822.000	7.847
823.000	7.847
824.000	7.847
825.000	7.847
826.000	7.847
827.000	7.847
828.000	7.847
829.000	7.847
830.000	7.847
831.000	7.847
832.000	7.847
833.000	7.847
834.000	7.847
835.000	7.847
836.000	7.847
837.000	7.847
838.000	7.847
839.000	7.847
840.000	7.847
841.000	7.847
842.000	7.847
843.000	7.847
844.000	7.847
845.000	7.847
846.000	7.847
847.000	7.847
848.000	7.847
849.000	7.847
850.000	7.847
851.000	7.847
852.000	7.847
853.000	7.847
854.000	7.847
855.000	7.847
856.000	7.847
857.000	7.847
858.000	7.847
859.000	7.847
860.000	7.847
861.000	7.847
862.000	7.847
863.000	7.847
864.000	7.847
865.000	7.847
866.000	7.847
867.000	7.847
868.000	7.847
869.000	7.847
870.000	7.847
871.000	7.847
872.000	7.847
873.000	7.847
874.000	7.847
875.000	7.847
876.000	7.847
877.000	7.847
878.000	7.847
879.000	7.847
880.000	7.847
881.000	7.847
882.000	7.847
883.000	7.847
884.000	7.847
885.000	7.847
886.000	7.847
887.000	7.847
888.000	7.847
889.000	7.847
890.000	7.847
891.000	7.847
892.000	7.847
893.000	7.847
894.000	7.847
895.000	7.847
896.000	7.847
897.000	7.847
898.000	7.847
899.000	7.847
900.000	7.847
901.000	7.847
902.000	7.847
903.000	7.847
904.000	7.847
905.000	7.847
906.000	7.847
907.000	7.847
908.000	7.847
909.000	7.847
910.000	7.847
911.000	7.847
912.000	7.847
913.000	7.847
914.000	7.847
915.000	7.847
916.000	7.847
917.000	7.847
918.000	7.847
919.000	7.847
920.000	7.847
921.000	7.847
922.000	7.847
923.000	7.847
924.000	7.847
925.000	7.847
926.000	7.847
927.000	7.847
928.000	7.847
929.000	7.847
930.000	7.847
931.000	7.847
932.000	7.847
933.000	7.847
934.000	7.847
935.000	7.847
936.000	7.847
937.000	7.847
938.000	7.847
939.000	7.847
940.000	7.847
941.000	7.847
942.000	7.847
943.000	7.847
944.000	7.847
945.000	7.847
946.000	7.847
947.000	7.847
948.000	7.847
949.000	7.847
950.000	7.847
951.000	7.847
952.000	7.847
953.000	7.847
954.000	7.847
955.000	7.847
956.000	7.847
957.000	7.847
958.000	7.847
959.000	7.847
960.000	7.847
961.000	7.847
962.000	7.847
963.000	7.847
964.000	7.847
965.000	7.847
966.000	7.847
967.000	7.847
968.000	7.847
969.000	7.847
970.000	7.847
971.000	7.847
972.000	7.847
973.000	7.847
974.000	7.847
975.000	7.847
976.000	7.847
977.000	7.847
978.000	7.847
979.000	7.847
980.000	7.847
981.000	7.847
982.000	7.847
983.000	7.847
984.000	7.847
985.000	7.847
986.000	7.847
987.000	7.847
988.000	7.847
989.000	7.847
990.000	7.847
991.000	7.847
992.000	7.847
993.000	7.847
994.000	7.847
995.000	7.847
996.000	7.847
997.000	7.847
998.000	7.847
999.000	7.847
1000.000	7.847
1001.000	7.847
1002.000	7.847
1003.000	7.847
1004.000	7.847
1005.000	7.847
1006.000	7.847
1007.000	7.847
1008.000	7.847
1009.000	7.847
1010.000	7.847
1011.000	7.847
1012.000	7.847
1013.000	7.847
1014.000	7.847
1015.000	7.847
1016.000	7.847
1017.000	7.847
1018.000	7.847
1019.000	7.847
1020.000	7.847
1021.000	7.847
1022.000	7.847
1023.000	7.847
1024.000	7.847
1025.000	7.847
1026.000	7.847
1027.000	7.847
1028.000	7.847
1029.000	7.847
1030.000	7.847
1031.000	7.847
1032.000	7.847
1033.000	7.847
1034.000	7.847
1035.000	7.847
1036.000	7.847
1037.000	7.847
1038.000	7.847
1039.000	7.847
1040.000	7.847
1041.000	7.847
1042.000	7.847
1043.000	7.847
1044.000	7.847
1045.000	7.847
1046.000	7.847
1047.000	7.847
1048.000	7.847
1049.000	7.847
1050.000	7.847
1051.000	7.847
1052.000	7.847
1053.000	7.847
1054.000	7.847
1055.000	7.847
1056.000	7.847
1057.000	7.847
1058.000	7.847
1059.000	7.847
1060.000	7.847
1061.000	7.847
1062.000	7.847
1063.000	7.847
1064.000	7.847
1065.000	7.847
1066.000	7.847
1067.000	7.847
1068.000	7.847
1069.000	7.847
1070.000	7.847
1071.000	7.847
1072.000	7.847
1073.000	7.847
1074.000	7.847
1075.000	7.847
1076.000	7.847
1077.000	7.847
1078.000	7.847
1079.000	7.847
1080.000	7.847
1081.000	7.847
1082.000	7.847
1083.000	7.847
1084.000	7.847
1085.000	7.847
1086.000	7.847
1087.000	7.847
1088.000	7.847
1089.000	7.847
1090.000	7.847
1091.000	7.847
1092.000	7.847
1093.000	7.847
1094.000	7.847
1095.000	7.847
1096.000	7.847
1097.000	7.847
1098.000	7.847
1099.000	7.847
1100.000	7.847
1101.000	7.847
1102.000	7.847
1103.000	7.847
1104.000	7.847
1105.000	7.847
1106.000	7.847
1107.000	7.847
1108.000	7.847
1109.000	7.847
1110.000	7.847
1111.000	7.847
1112.000	7.847
1113.000	7.847
1114.000	7.847
1115.000	7.847
1116.000	7.847
1117.000	7.847
1118.000	7.847
1119.000	7.847
1120.000	7.847
1121.000	7.847
1122.000	7.847
1123.000	7.847
1124.000	7.847
1125.000	7.847
1126.000	7.847
1127.000	7.847
1128.000	7.847
1129.000	7.847
1130.000	7.847
1131.000	7.847
1132.000	7.847
1133.000	7.847
1134.000	7.847
1135.000	7.847
1136.000	7.847
1137.000	7.847
1138.000	7.847
1139.000	7.847
1140.000	7.847
1141.000	7.847
1142.000	7.847
1143.000	7.847
1144.000	7.847
1145.000	7.847
1146.000	7.847
1147.000	7.847
1148.000	7.847
1149.000	7.847
1150.000	7.847
1151.000	7.847
1152.000	7.847
1153.000	7.847
1154.000	7.847
1155.000	7.847
1156.000	7.847
1157.000	7.847
1158.000	7.847
1159.000	7.847
1160.000	7.847
1161.000	7.847
1162.000	7.847
1163.000	7.847
1164.000	7.847
1165.000	7.847
1166.000	7.847
1167.000	7.847
1168.000	7.847
1169.000	7.847
1170.000	7.847
1171.000	7.847
1172.000	7.847
1173.000	7.847
1174.000	7.847
1175.000	7.847
1176.000	7.847
1177.000	7.847
1178.000	7.847
1179.000	7.847
1180.000	7.847
1181.000	7.847
1182.000	7.847
1183.000	7.847
1184.000	7.847
1185.000	7.847
1186.000	7.847
1187.000	7.847
1188.000	7.847
1189.000	7.847
1190.000	7.847
1191.000	7.847
1192.000	7.847
1193.000	7.847
1194.000	7.847
1195.000	7.847
1196.000	7.847
1197.000	7.847
1198.000	7.847
1199.000	7.847
1200.000	7.847
1201.000	7.847
1202.000	7.847
1203.000	7.847
1204.000	7.847
1205.000	7.847
1206.000	7.847
1207.000	7.847
1208.000	7.847
1209.000	7.847
1210.000	7.847
1211.000	7.847
1212.000	7.847
1213.000	7.847
1214.000	7.847
1215.000	7.847
1216.000	7.847
1217.000	7.847
1218.000	7.847
1219.000	7.847
1220.000	7.847
1221.000	7.847
1222.000	7.847
1223.000	7.847
1224.000	7.847
1225.000	7.847
1226.000	7.847
1227.000	7.847
1228.000	7.847
1229.000	7.847
1230.000	7.847
1231.000	7.847
1232.000	7.847
1233.000	7.847
1234.000	7.847
1235.000	7.847
1236.000	7.847
1237.000	7.847
1238.000	7.847
1239.000	7.847
1240.000	7.847
1241.000	7.847
1242.000	7.847
1243.000	7.847
1244.000	7.847
1245.000	7.847
1246.000	7.847
1247.000	7.847
1248.000	7.847
1249.000	7.847
1250.000	7.847
1251.000	7.847
1252.000	7.847
1253.000	7.847
1254.000	7.847
1255.000	7.847
1256.000	7.847
1257.000	7.847
1258.000	7.847
1259.000	7.847
1260.000	7.847
1261.000	7.847
1262.000	7.847
1263.000	7.847
1264.000	7.847
1265.000	7.847
1266.000	7.847
1267.000	7.847
1268.000	7.847
1269.000	7.847
1270.000	7.847
1271.000	7.847
1272.000	7.847
1273.000	7.847
1274.000	7.847
1275.000	7.847
1276.000	7.847
1277.000	7.847
1278.000	7.847
1279.000	7.847
1280.000	7.847
1281.000	7.847
1282.000	7.847
1283.000	7.847
1284.000	7.847
1285.000	7.847
1286.000	7.847
1287.000	7.847
1288.000	7.847
1289.000	7.847
1290.000	7.835
1291.000	7.823
1292.000	7.811
1293.000	7.799
1294.000	7.787
1295.000	7.775
1296.000	7.763
1297.000	7.751
1298.000	7.739
1299.000	7.727
1300.000	7.727
1301.000	7.715
1302.000	7.703
1303.000	7.691
1304.000	7.679
1305.000	7.667
1306.000	7.655
1307.000	7.643
1308.000	7.632
1309.000	7.620
1310.000	7.608
1311.000	7.608
1312.000	7.596
1313.000	7.584
1314.000	7.572
1315.000	7.560
1316.000	7.548
1317.000	7.536
1318.000	7.524
1319.000	7.513
1320.000	7.501
1321.000	7.489
1322.000	7.489
1323.000	7.477
1324.000	7.465
1325.000	7.453
1326.000	7.442
1327.000	7.430
1328.000	7.418
1329.000	7.406
1330.000	7.394
1331.000	7.383
1332.000	7.371
1333.000	7.359
1334.000	7.359
1335.000	7.347
1336.000	7.335
1337.000	7.324
1338.000	7.312
1339.000	7.300
1340.000	7.288
1341.000	7.277
1342.000	7.265
1343.000	7.253
1344.000	7.242
1345.000	7.242
1346.000	7.230
1347.000	7.218
1348.000	7.206
1349.000	7.195
1350.000	7.183
1351.000	7.171
1352.000	7.160
1353.000	7.148
1354.000	7.136
1355.000	7.125
1356.000	7.125
1357.000	7.113
1358.000	7.101
1359.000	7.090
1360.000	7.078
1361.000	7.067
1362.000	7.055
1363.000	7.043
1364.000	7.032
1365.000	7.020
1366.000	7.009
1367.000	7.009
1368.000	6.997
1369.000	6.985
1370.000	6.974
1371.000	6.962
1372.000	6.951
1373.000	6.939
1374.000	6.927
1375.000	6.916
1376.000	6.904
1377.000	6.893
1378.000	6.893
1379.000	6.881
1380.000	6.870
1381.000	6.858
1382.000	6.847
1383.000	6.835
1384.000	6.824
1385.000	6.812
1386.000	6.801
1387.000	6.789
1388.000	6.778
1389.000	6.778
1390.000	6.766
1391.000	6.755
1392.000	6.743
1393.000	6.732
1394.000	6.720
1395.000	6.709
1396.000	6.698
1397.000	6.686
1398.000	6.675
1399.000	6.663
1400.000	6.663
1401.000	6.652
1402.000	6.640
1403.000	6.629
1404.000	6.618
1405.000	6.606
1406.000	6.595
1407.000	6.583
1408.000	6.572
1409.000	6.561
1410.000	6.549
1411.000	6.538
1412.000	6.538
1413.000	6.527
1414.000	6.515
1415.000	6.504
1416.000	6.493
1417.000	6.481
1418.000	6.470
1419.000	6.459
1420.000	6.447
1421.000	6.436
1422.000	6.425
1423.000	6.424
1424.000	6.413
1425.000	6.402
1426.000	6.390
1427.000	6.379
1428.000	6.368
1429.000	6.356
1430.000	6.345
1431.000	6.334
1432.000	6.323
1433.000	6.311
1434.000	6.311
1435.000	6.300
1436.000	6.288
1437.000	6.277
1438.000	6.266
1439.000	6.255
1440.000	6.244
1441.000	6.232
1442.000	6.221
1443.000	6.210
1444.000	6.199
1445.000	6.198
1446.000	6.187
1447.000	6.176
1448.000	6.165
1449.000	6.153
1450.000	6.142
1451.000	6.131
1452.000	6.120
1453.000	6.109
1454.000	6.098
1455.000	6.087
1456.000	6.086
1457.000	6.075
1458.000	6.064
1459.000	6.053
1460.000	6.041
1461.000	6.030
1462.000	6.019
1463.000	6.008
1464.000	5.997
1465.000	5.986
1466.000	5.975
1467.000	5.974
1468.000	5.963
1469.000	5.952
1470.000	5.941
1471.000	5.930
1472.000	5.919
1473.000	5.908
1474.000	5.897
1475.000	5.886
1476.000	5.875
1477.000	5.864
1478.000	5.853
1479.000	5.852
1480.000	5.841
1481.000	5.830
1482.000	5.819
1483.000	5.808
1484.000	5.797
1485.000	5.786
1486.000	5.775
1487.000	5.764
1488.000	5.753
1489.000	5.742
1490.000	5.742
1491.000	5.731
1492.000	5.720
1493.000	5.709
1494.000	5.698
1495.000	5.687
1496.000	5.676
1497.000	5.665
1498.000	5.654
1499.000	5.643
1500.000	5.632
1501.000	5.632
1502.000	5.621
1503.000	5.610
1504.000	5.599
1505.000	5.588
1506.000	5.577
1507.000	5.566
1508.000	5.555
1509.000	5.544
1510.000	5.533
1511.000	5.523
1512.000	5.522
1513.000	5.511
1514.000	5.500
1515.000	5.489
1516.000	5.479
1517.000	5.468
1518.000	5.457
1519.000	5.446
1520.000	5.435
1521.000	5.424
1522.000	5.413
1523.000	5.413
1524.000	5.402
1525.000	5.391
1526.000	5.380
1527.000	5.370
1528.000	5.359
1529.000	5.348
1530.000	5.337
1531.000	5.326
1532.000	5.316
1533.000	5.305
1534.000	5.304
1535.000	5.294
1536.000	5.283
1537.000	5.272
1538.000	5.261
1539.000	5.251
1540.000	5.240
1541.000	5.229
1542.000	5.218
1543.000	5.208
1544.000	5.197
1545.000	5.196
1546.000	5.186
1547.000	5.175
1548.000	5.164
1549.000	5.153
1550.000	5.143
1551.000	5.132
1552.000	5.121
1553.000	5.111
1554.000	5.100
1555.000	5.089
1556.000	5.079
1557.000	5.078
1558.000	5.067
1559.000	5.057
1560.000	5.046
1561.000	5.035
1562.000	5.025
1563.000	5.014
1564.000	5.003
1565.000	4.993
1566.000	4.982
1567.000	4.971
1568.000	4.971
1569.000	4.960
1570.000	4.950
1571.000	4.939
1572.000	4.928
1573.000	4.918
1574.000	4.903
1575.000	4.887
1576.000	4.887
1577.000	4.886
1578.000	4.886
1579.000	4.885
1580.000	4.885
1581.000	4.884
1582.000	4.884
1583.000	4.883
1584.000	4.882
1585.000	4.882
1586.000	4.881
1587.000	4.881
1588.000	4.880
1589.000	4.880
1590.000	4.879
1591.000	4.879
1592.000	4.878
1593.000	4.878
1594.000	4.877
1595.000	4.877
1596.000	4.876
1597.000	4.875
1598.000	4.875
1599.000	4.874
1600.000	4.874
1601.000	4.873
1602.000	4.873
1603.000	4.872
1604.000	4.872
1605.000	4.871
1606.000	4.871
1607.000	4.870
1608.000	4.869
1609.000	4.869
1610.000	4.868
1611.000	4.868
1612.000	4.867
1613.000	4.867
1614.000	4.866
1615.000	4.866
1616.000	4.865
1617.000	4.865
1618.000	4.864
1619.000	4.864
1620.000	4.863
1621.000	4.862
1622.000	4.862
1623.000	4.861
1624.000	4.861
1625.000	4.860
1626.000	4.860
1627.000	4.859
1628.000	4.859
1629.000	4.858
1630.000	4.858
1631.000	4.857
1632.000	4.857
1633.000	4.856
1634.000	4.855
1635.000	4.855
1636.000	4.854
1637.000	4.854
1638.000	4.853
1639.000	4.853
1640.000	4.852
1641.000	4.852
1642.000	4.851
1643.000	4.851
1644.000	4.850
1645.000	4.849
1646.000	4.849
1647.000	4.848
1648.000	4.848
1649.000	4.847
1650.000	4.847
1651.000	4.846
1652.000	4.846
1653.000	4.845
1654.000	4.845
1655.000	4.844
1656.000	4.844
1657.000	4.843
1658.000	4.842
1659.000	4.842
1660.000	4.841
1661.000	4.841
1662.000	4.840
1663.000	4.840
1664.000	4.839
1665.000	4.839
1666.000	4.838
1667.000	4.838
1668.000	4.837
1669.000	4.836
1670.000	4.836
1671.000	4.835
1672.000	4.835
1673.000	4.834
1674.000	4.834
1675.000	4.833
1676.000	4.833
1677.000	4.832
1678.000	4.832
1679.000	4.831
1680.000	4.831
1681.000	4.830
1682.000	4.829
1683.000	4.829
1684.000	4.828
1685.000	4.828
1686.000	4.827
1687.000	4.827
1688.000	4.826
1689.000	4.826
1690.000	4.825
1691.000	4.825
1692.000	4.824
1693.000	4.824
1694.000	4.823
1695.000	4.822
1696.000	4.822
1697.000	4.821
1698.000	4.821
1699.000	4.820
1700.000	4.820
1701.000	4.819
1702.000	4.819
1703.000	4.818
1704.000	4.818
1705.000	4.817
1706.000	4.816
1707.000	4.816
1708.000	4.815
1709.000	4.815
1710.000	4.814
1711.000	4.814
1712.000	4.813
1713.000	4.813
1714.000	4.812
1715.000	4.812
1716.000	4.811
1717.000	4.811
1718.000	4.810
1719.000	4.809
1720.000	4.809
1721.000	4.808
1722.000	4.808
1723.000	4.807
1724.000	4.807
1725.000	4.806
1726.000	4.806
1727.000	4.805
1728.000	4.805
1729.000	4.804
1730.000	4.804
1731.000	4.803
1732.000	4.802
1733.000	4.802
1734.000	4.801
1735.000	4.801
1736.000	4.800
1737.000	4.800
1738.000	4.799
1739.000	4.799
1740.000	4.798
1741.000	4.798
1742.000	4.797
1743.000	4.796
1744.000	4.796
1745.000	4.795
1746.000	4.795
1747.000	4.794
1748.000	4.794
1749.000	4.793
1750.000	4.793
1751.000	4.792
1752.000	4.792
1753.000	4.791
1754.000	4.791
1755.000	4.790
1756.000	4.789
1757.000	4.789
1758.000	4.788
1759.000	4.788
1760.000	4.787
1761.000	4.787
1762.000	4.786
1763.000	4.786
1764.000	4.785
1765.000	4.785
1766.000	4.784
1767.000	4.783
1768.000	4.783
1769.000	4.782
1770.000	4.782
1771.000	4.781
1772.000	4.781
1773.000	4.780
1774.000	4.780
1775.000	4.779
1776.000	4.779
1777.000	4.778
1778.000	4.778
1779.000	4.777
1780.000	4.776
1781.000	4.776
1782.000	4.775
1783.000	4.775
1784.000	4.774
1785.000	4.774
1786.000	4.773
1787.000	4.773
1788.000	4.772
1789.000	4.772
1790.000	4.771
1791.000	4.771
1792.000	4.770
1793.000	4.769
1794.000	4.769
1795.000	4.768
1796.000	4.768
1797.000	4.767
1798.000	4.767
1799.000	4.766
1800.000	4.766
1801.000	4.765
1802.000	4.765
1803.000	4.764
1804.000	4.763
1805.000	4.763
1806.000	4.762
1807.000	4.762
1808.000	4.761
1809.000	4.761
1810.000	4.760
1811.000	4.760
1812.000	4.759
1813.000	4.759
1814.000	4.758
1815.000	4.758
1816.000	4.757
1817.000	4.756
1818.000	4.756
1819.000	4.755
1820.000	4.755
1821.000	4.754
1822.000	4.754
1823.000	4.753
1824.000	4.753
1825.000	4.752
1826.000	4.752
1827.000	4.751
1828.000	4.751
1829.000	4.750
1830.000	4.749
1831.000	4.749
1832.000	4.748
1833.000	4.748
1834.000	4.747
1835.000	4.747
1836.000	4.746
1837.000	4.746
1838.000	4.745
1839.000	4.745
1840.000	4.744
1841.000	4.743
1842.000	4.743
1843.000	4.742
1844.000	4.742
1845.000	4.741
1846.000	4.741
1847.000	4.740
1848.000	4.740
1849.000	4.739
1850.000	4.739
1851.000	4.738
1852.000	4.738
1853.000	4.737
1854.000	4.736
1855.000	4.736
1856.000	4.735
1857.000	4.735
1858.000	4.734
1859.000	4.734
1860.000	4.733
1861.000	4.733
1862.000	4.732
1863.000	4.732
1864.000	4.731
1865.000	4.730
1866.000	4.730
1867.000	4.729
1868.000	4.729
1869.000	4.728
1870.000	4.728
1871.000	4.727
1872.000	4.727
1873.000	4.726
1874.000	4.726
1875.000	4.725
1876.000	4.725
1877.000	4.724
1878.000	4.723
1879.000	4.723
1880.000	4.722
1881.000	4.722
1882.000	4.721
1883.000	4.721
1884.000	4.720
1885.000	4.720
1886.000	4.719
1887.000	4.719
1888.000	4.718
1889.000	4.718
1890.000	4.717
1891.000	4.716
1892.000	4.716
1893.000	4.715
1894.000	4.715
1895.000	4.714
1896.000	4.714
1897.000	4.713
1898.000	4.713
1899.000	4.712
1900.000	4.712
1901.000	4.711
1902.000	4.710
1903.000	4.710
1904.000	4.709
1905.000	4.709
1906.000	4.708
1907.000	4.708
1908.000	4.707
1909.000	4.707
1910.000	4.706
1911.000	4.706
1912.000	4.705
1913.000	4.705
1914.000	4.704
1915.000	4.703
1916.000	4.703
1917.000	4.702
1918.000	4.702
1919.000	4.701
1920.000	4.701
1921.000	4.700
1922.000	4.700
1923.000	4.699
1924.000	4.699
1925.000	4.698
1926.000	4.698
1927.000	4.697
1928.000	4.696
1929.000	4.696
1930.000	4.695
1931.000	4.695
1932.000	4.694
1933.000	4.694
1934.000	4.693
1935.000	4.693
1936.000	4.692
1937.000	4.692
1938.000	4.691
1939.000	4.690
1940.000	4.690
1941.000	4.689
1942.000	4.689
1943.000	4.688
1944.000	4.688
1945.000	4.687
1946.000	4.687
1947.000	4.686
1948.000	4.686
1949.000	4.685
1950.000	4.685
1951.000	4.684
1952.000	4.683
1953.000	4.683
1954.000	4.682
1955.000	4.682
1956.000	4.681
1957.000	4.681
1958.000	4.680
1959.000	4.680
1960.000	4.679
1961.000	4.679
1962.000	4.678
1963.000	4.677
1964.000	4.677
1965.000	4.676
1966.000	4.676
1967.000	4.675
1968.000	4.675
1969.000	4.674
1970.000	4.674
1971.000	4.673
1972.000	4.673
1973.000	4.672
1974.000	4.672
1975.000	4.671
1976.000	4.670
1977.000	4.670
1978.000	4.669
1979.000	4.669
1980.000	4.668
1981.000	4.668
1982.000	4.667
1983.000	4.667
1984.000	4.666
1985.000	4.666
1986.000	4.665
1987.000	4.665
1988.000	4.664
1989.000	4.663
1990.000	4.663
1991.000	4.662
1992.000	4.662
1993.000	4.661
1994.000	4.661
1995.000	4.660
1996.000	4.660
1997.000	4.659
1998.000	4.659
1999.000	4.658
2000.000	4.657
2001.000	4.657
2002.000	4.656
2003.000	4.656
2004.000	4.655
2005.000	4.655
2006.000	4.654
2007.000	4.654
2008.000	4.653
2009.000	4.653
2010.000	4.652
2011.000	4.652
2012.000	4.651
2013.000	4.650
2014.000	4.650
2015.000	4.649
2016.000	4.649
2017.000	4.648
2018.000	4.648
2019.000	4.647
2020.000	4.647
2021.000	4.646
2022.000	4.646
2023.000	4.645
2024.000	4.645
2025.000	4.644
2026.000	4.643
2027.000	4.643
2028.000	4.642
2029.000	4.642
2030.000	4.641
2031.000	4.641
2032.000	4.640
2033.000	4.640
2034.000	4.639
2035.000	4.639
2036.000	4.638
2037.000	4.637
2038.000	4.637
2039.000	4.636
2040.000	4.636
2041.000	4.635
2042.000	4.635
2043.000	4.634
2044.000	4.634
2045.000	4.633
2046.000	4.633
2047.000	4.632
2048.000	4.632
2049.000	4.631
2050.000	4.630
2051.000	4.630
2052.000	4.629
2053.000	4.629
2054.000	4.628
2055.000	4.628
2056.000	4.627
2057.000	4.627
2058.000	4.626
2059.000	4.626
2060.000	4.625
2061.000	4.624
2062.000	4.624
2063.000	4.623
2064.000	4.623
2065.000	4.622
2066.000	4.622
2067.000	4.621
2068.000	4.621
2069.000	4.620
2070.000	4.620
2071.000	4.619
2072.000	4.619
2073.000	4.618
2074.000	4.617
2075.000	4.617
2076.000	4.616
2077.000	4.616
2078.000	4.615
2079.000	4.615
2080.000	4.614
2081.000	4.614
2082.000	4.613
2083.000	4.613
2084.000	4.612
2085.000	4.612
2086.000	4.611
2087.000	4.610
2088.000	4.610
2089.000	4.609
2090.000	4.609
2091.000	4.608
2092.000	4.608
2093.000	4.607
2094.000	4.607
2095.000	4.606
2096.000	4.606
2097.000	4.605
2098.000	4.604
2099.000	4.604
2100.000	4.603
2101.000	4.603
2102.000	4.602
2103.000	4.602
2104.000	4.601
2105.000	4.601
2106.000	4.600
2107.000	4.600
2108.000	4.599
2109.000	4.599
2110.000	4.598
2111.000	4.597
2112.000	4.597
2113.000	4.596
2114.000	4.596
2115.000	4.595
2116.000	4.595
2117.000	4.594
2118.000	4.594
2119.000	4.593
2120.000	4.593
2121.000	4.592
2122.000	4.592
2123.000	4.591
2124.000	4.590
2125.000	4.590
2126.000	4.589
2127.000	4.589
2128.000	4.588
2129.000	4.588
2130.000	4.587
2131.000	4.587
2132.000	4.586
2133.000	4.586
2134.000	4.585
2135.000	4.584
2136.000	4.584
2137.000	4.583
2138.000	4.583
2139.000	4.582
2140.000	4.582
2141.000	4.581
2142.000	4.581
2143.000	4.580
2144.000	4.580
2145.000	4.579
2146.000	4.579
2147.000	4.578
2148.000	4.577
2149.000	4.577
2150.000	4.576
2151.000	4.576
2152.000	4.575
2153.000	4.575
2154.000	4.574
2155.000	4.574
2156.000	4.573
2157.000	4.573
2158.000	4.572
2159.000	4.571
2160.000	4.571
2161.000	4.570
2162.000	4.570
2163.000	4.569
2164.000	4.569
2165.000	4.568
2166.000	4.568
2167.000	4.567
2168.000	4.567
2169.000	4.566
2170.000	4.566
2171.000	4.565
2172.000	4.564
2173.000	4.564
2174.000	4.563
2175.000	4.563
2176.000	4.562
2177.000	4.562
2178.000	4.561
2179.000	4.561
2180.000	4.560
2181.000	4.560
2182.000	4.559
2183.000	4.559
2184.000	4.558
2185.000	4.557
2186.000	4.557
2187.000	4.556
2188.000	4.556
2189.000	4.555
2190.000	4.555
2191.000	4.554
2192.000	4.554
2193.000	4.553
2194.000	4.553
2195.000	4.552
2196.000	4.551
2197.000	4.551
2198.000	4.550
2199.000	4.550
2200.000	4.549
2201.000	4.549
2202.000	4.548
2203.000	4.548
2204.000	4.547
2205.000	4.547
2206.000	4.546
2207.000	4.546
2208.000	4.545
2209.000	4.544
2210.000	4.544
2211.000	4.543
2212.000	4.543
2213.000	4.542
2214.000	4.542
2215.000	4.541
2216.000	4.541
2217.000	4.540
2218.000	4.540
2219.000	4.539
2220.000	4.539
2221.000	4.538
2222.000	4.537
2223.000	4.537
2224.000	4.536
2225.000	4.536
2226.000	4.535
2227.000	4.535
2228.000	4.534
2229.000	4.534
2230.000	4.533
2231.000	4.533
2232.000	4.532
2233.000	4.531
2234.000	4.531
2235.000	4.530
2236.000	4.530
2237.000	4.529
2238.000	4.529
2239.000	4.528
2240.000	4.528
2241.000	4.527
2242.000	4.527
2243.000	4.526
2244.000	4.526
2245.000	4.525
2246.000	4.524
2247.000	4.524
2248.000	4.523
2249.000	4.523
2250.000	4.522
2251.000	4.522
2252.000	4.521
2253.000	4.521
2254.000	4.520
2255.000	4.520
2256.000	4.519
2257.000	4.518
2258.000	4.518
2259.000	4.517
2260.000	4.517
2261.000	4.516
2262.000	4.516
2263.000	4.515
2264.000	4.515
2265.000	4.514
2266.000	4.514
2267.000	4.513
2268.000	4.513
2269.000	4.512
2270.000	4.511
2271.000	4.511
2272.000	4.510
2273.000	4.510
2274.000	4.509
2275.000	4.509
2276.000	4.508
2277.000	4.508
2278.000	4.507
2279.000	4.507
2280.000	4.506
2281.000	4.506
2282.000	4.505
2283.000	4.504
2284.000	4.504
2285.000	4.503
2286.000	4.503
2287.000	4.502
2288.000	4.502
2289.000	4.501
2290.000	4.501
2291.000	4.500
2292.000	4.500
2293.000	4.499
2294.000	4.498
2295.000	4.498
2296.000	4.497
2297.000	4.497
2298.000	4.496
2299.000	4.496
2300.000	4.495
2301.000	4.495
2302.000	4.494
2303.000	4.494
2304.000	4.493
2305.000	4.493
2306.000	4.492
2307.000	4.491
2308.000	4.491
2309.000	4.490
2310.000	4.490
2311.000	4.489
2312.000	4.489
2313.000	4.488
2314.000	4.488
2315.000	4.487
2316.000	4.487
2317.000	4.486
2318.000	4.486
2319.000	4.485
2320.000	4.484
2321.000	4.484
2322.000	4.483
2323.000	4.483
2324.000	4.482
2325.000	4.482
2326.000	4.481
2327.000	4.481
2328.000	4.480
2329.000	4.480
2330.000	4.479
2331.000	4.478
2332.000	4.478
2333.000	4.477
2334.000	4.477
2335.000	4.476
2336.000	4.476
2337.000	4.475
2338.000	4.475
2339.000	4.474
2340.000	4.474
2341.000	4.473
2342.000	4.473
2343.000	4.472
2344.000	4.471
2345.000	4.471
2346.000	4.470
2347.000	4.470
2348.000	4.469
2349.000	4.469
2350.000	4.468
2351.000	4.468
2352.000	4.467
2353.000	4.467
2354.000	4.466
2355.000	4.465
2356.000	4.465
2357.000	4.464
2358.000	4.464
2359.000	4.463
2360.000	4.463
2361.000	4.462
2362.000	4.462
2363.000	4.461
2364.000	4.461
2365.000	4.460
2366.000	4.460
2367.000	4.459
2368.000	4.458
2369.000	4.458
2370.000	4.457
2371.000	4.457
2372.000	4.456
2373.000	4.456
2374.000	4.455
2375.000	4.455
2376.000	4.454
2377.000	4.454
2378.000	4.453
2379.000	4.453
2380.000	4.452
2381.000	4.451
2382.000	4.451
2383.000	4.450
2384.000	4.450
2385.000	4.449
2386.000	4.449
2387.000	4.448
2388.000	4.448
2389.000	4.447
2390.000	4.447
2391.000	4.446
2392.000	4.445
2393.000	4.445
2394.000	4.444
2395.000	4.444
2396.000	4.443
2397.000	4.443
2398.000	4.442
2399.000	4.442
2400.000	4.441
2401.000	4.441
2402.000	4.440
2403.000	4.440
2404.000	4.439
2405.000	4.438
2406.000	4.438
2407.000	4.437
2408.000	4.437
2409.000	4.436
2410.000	4.436
2411.000	4.435
2412.000	4.435
2413.000	4.434
2414.000	4.434
2415.000	4.433
2416.000	4.433
2417.000	4.432
2418.000	4.431
2419.000	4.431
2420.000	4.430
2421.000	4.430
2422.000	4.429
2423.000	4.429
2424.000	4.428
2425.000	4.428
2426.000	4.427
2427.000	4.427
2428.000	4.426
2429.000	4.425
2430.000	4.425
2431.000	4.424
2432.000	4.424
2433.000	4.423
2434.000	4.423
2435.000	4.422
2436.000	4.422
2437.000	4.421
2438.000	4.421
2439.000	4.420
2440.000	4.420
2441.000	4.419
2442.000	4.418
2443.000	4.418
2444.000	4.417
2445.000	4.417
2446.000	4.416
2447.000	4.416
2448.000	4.415
2449.000	4.415
2450.000	4.414
2451.000	4.414
2452.000	4.413
2453.000	4.412
2454.000	4.412
2455.000	4.411
2456.000	4.411
2457.000	4.410
2458.000	4.410
2459.000	4.409
2460.000	4.409
2461.000	4.408
2462.000	4.408
2463.000	4.407
2464.000	4.407
2465.000	4.406
2466.000	4.405
2467.000	4.405
2468.000	4.404
2469.000	4.404
2470.000	4.403
2471.000	4.403
2472.000	4.402
2473.000	4.402
2474.000	4.401
2475.000	4.401
2476.000	4.400
2477.000	4.400
2478.000	4.399
2479.000	4.398
2480.000	4.398
2481.000	4.397
2482.000	4.397
2483.000	4.396
2484.000	4.396
2485.000	4.395
2486.000	4.395
2487.000	4.394
2488.000	4.394
2489.000	4.393
2490.000	4.392
2491.000	4.392
2492.000	4.391
2493.000	4.391
2494.000	4.390
2495.000	4.390
2496.000	4.389
2497.000	4.389
2498.000	4.388
2499.000	4.388
2500.000	4.387
2501.000	4.387
2502.000	4.386
2503.000	4.385
2504.000	4.385
2505.000	4.384
2506.000	4.384
2507.000	4.383
2508.000	4.383
2509.000	4.382
2510.000	4.382
2511.000	4.381
2512.000	4.381
2513.000	4.380
2514.000	4.380
2515.000	4.379
2516.000	4.378
2517.000	4.378
2518.000	4.377
2519.000	4.377
2520.000	4.376
2521.000	4.376
2522.000	4.375
2523.000	4.375
2524.000	4.374
2525.000	4.374
2526.000	4.373
2527.000	4.372
2528.000	4.372
2529.000	4.371
2530.000	4.371
2531.000	4.370
2532.000	4.370
2533.000	4.369
2534.000	4.369
2535.000	4.368
2536.000	4.368
2537.000	4.367
2538.000	4.367
2539.000	4.366
2540.000	4.365
2541.000	4.365
2542.000	4.364
2543.000	4.364
2544.000	4.363
2545.000	4.363
2546.000	4.362
2547.000	4.362
2548.000	4.361
2549.000	4.361
2550.000	4.360
2551.000	4.359
2552.000	4.359
2553.000	4.358
2554.000	4.358
2555.000	4.357
2556.000	4.357
2557.000	4.356
2558.000	4.356
2559.000	4.355
2560.000	4.355
2561.000	4.354
2562.000	4.354
2563.000	4.353
2564.000	4.352
2565.000	4.352
2566.000	4.351
2567.000	4.351
2568.000	4.350
2569.000	4.350
2570.000	4.349
2571.000	4.349
2572.000	4.348
2573.000	4.348
2574.000	4.347
2575.000	4.347
2576.000	4.346
2577.000	4.345
2578.000	4.345
2579.000	4.344
2580.000	4.344
2581.000	4.343
2582.000	4.343
2583.000	4.342
2584.000	4.342
2585.000	4.341
2586.000	4.341
2587.000	4.340
2588.000	4.339
2589.000	4.339
2590.000	4.338
2591.000	4.338
2592.000	4.337
2593.000	4.337
2594.000	4.336
2595.000	4.336
2596.000	4.335
2597.000	4.335
2598.000	4.334
2599.000	4.334
2600.000	4.333
2601.000	4.332
2602.000	4.332
2603.000	4.331
2604.000	4.331
2605.000	4.330
2606.000	4.330
2607.000	4.329
2608.000	4.329
2609.000	4.328
2610.000	4.328
2611.000	4.327
2612.000	4.327
2613.000	4.326
2614.000	4.325
2615.000	4.325
2616.000	4.324
2617.000	4.324
2618.000	4.323
2619.000	4.323
2620.000	4.322
2621.000	4.322
2622.000	4.321
2623.000	4.321
2624.000	4.320
2625.000	4.319
2626.000	4.319
2627.000	4.318
2628.000	4.318
2629.000	4.317
2630.000	4.317
2631.000	4.316
2632.000	4.316
2633.000	4.315
2634.000	4.315
2635.000	4.314
2636.000	4.314
2637.000	4.313
2638.000	4.312
2639.000	4.312
2640.000	4.311
2641.000	4.311
2642.000	4.310
2643.000	4.310
2644.000	4.309
2645.000	4.309
2646.000	4.308
2647.000	4.308
2648.000	4.307
2649.000	4.306
2650.000	4.306
2651.000	4.305
2652.000	4.305
2653.000	4.304
2654.000	4.304
2655.000	4.303
2656.000	4.303
2657.000	4.302
2658.000	4.302
2659.000	4.301
2660.000	4.301
2661.000	4.300
2662.000	4.299
2663.000	4.299
2664.000	4.298
2665.000	4.298
2666.000	4.297
2667.000	4.297
2668.000	4.296
2669.000	4.296
2670.000	4.295
2671.000	4.295
2672.000	4.294
2673.000	4.294
2674.000	4.293
2675.000	4.292
2676.000	4.292
2677.000	4.291
2678.000	4.291
2679.000	4.290
2680.000	4.290
2681.000	4.289
2682.000	4.289
2683.000	4.288
2684.000	4.288
2685.000	4.287
2686.000	4.286
2687.000	4.286
2688.000	4.285
2689.000	4.285
2690.000	4.284
2691.000	4.284
2692.000	4.283
2693.000	4.283
2694.000	4.282
2695.000	4.282
2696.000	4.281
2697.000	4.281
2698.000	4.280
2699.000	4.279
2700.000	4.279
2701.000	4.278
2702.000	4.278
2703.000	4.277
2704.000	4.277
2705.000	4.276
2706.000	4.276
2707.000	4.275
2708.000	4.275
2709.000	4.274
2710.000	4.274
2711.000	4.273
2712.000	4.272
2713.000	4.272
2714.000	4.271
2715.000	4.271
2716.000	4.270
2717.000	4.270
2718.000	4.269
2719.000	4.269
2720.000	4.268
2721.000	4.268
2722.000	4.267
2723.000	4.266
2724.000	4.266
2725.000	4.265
2726.000	4.265
2727.000	4.264
2728.000	4.264
2729.000	4.263
2730.000	4.263
2731.000	4.262
2732.000	4.262
2733.000	4.261
2734.000	4.261
2735.000	4.260
2736.000	4.259
2737.000	4.259
2738.000	4.258
2739.000	4.258
2740.000	4.257
2741.000	4.257
2742.000	4.256
2743.000	4.256
2744.000	4.255
2745.000	4.255
2746.000	4.254
2747.000	4.254
2748.000	4.253
2749.000	4.252
2750.000	4.252
2751.000	4.251
2752.000	4.251
2753.000	4.250
2754.000	4.250
2755.000	4.249
2756.000	4.249
2757.000	4.248
2758.000	4.248
2759.000	4.247
2760.000	4.246
2761.000	4.246
2762.000	4.245
2763.000	4.245
2764.000	4.244
2765.000	4.244
2766.000	4.243
2767.000	4.243
2768.000	4.242
2769.000	4.242
2770.000	4.241
2771.000	4.241
2772.000	4.240
2773.000	4.239
2774.000	4.239
2775.000	4.238
2776.000	4.238
2777.000	4.237
2778.000	4.237
2779.000	4.236
2780.000	4.236
2781.000	4.235
2782.000	4.235
2783.000	4.234
2784.000	4.233
2785.000	4.233
2786.000	4.232
2787.000	4.232
2788.000	4.231
2789.000	4.231
2790.000	4.230
2791.000	4.230
2792.000	4.229
2793.000	4.229
2794.000	4.228
2795.000	4.228
2796.000	4.227
2797.000	4.226
2798.000	4.226
2799.000	4.225
2800.000	4.225
2801.000	4.224
2802.000	4.224
2803.000	4.223
2804.000	4.223
2805.000	4.222
2806.000	4.222
2807.000	4.221
2808.000	4.221
2809.000	4.220
2810.000	4.219
2811.000	4.219
2812.000	4.218
2813.000	4.218
2814.000	4.217
2815.000	4.217
2816.000	4.216
2817.000	4.216
2818.000	4.215
2819.000	4.215
2820.000	4.214
2821.000	4.213
2822.000	4.213
2823.000	4.212
2824.000	4.212
2825.000	4.211
2826.000	4.211
2827.000	4.210
2828.000	4.210
2829.000	4.209
2830.000	4.209
2831.000	4.208
2832.000	4.208
2833.000	4.207
2834.000	4.206
2835.000	4.206
2836.000	4.205
2837.000	4.205
2838.000	4.204
2839.000	4.204
2840.000	4.203
2841.000	4.203
2842.000	4.202
2843.000	4.202
2844.000	4.201
2845.000	4.201
2846.000	4.200
2847.000	4.199
2848.000	4.199
2849.000	4.198
2850.000	4.198
2851.000	4.197
2852.000	4.197
2853.000	4.196
2854.000	4.196
2855.000	4.195
2856.000	4.195
2857.000	4.194
2858.000	4.193
2859.000	4.193
2860.000	4.192
2861.000	4.192
2862.000	4.191
2863.000	4.191
2864.000	4.190
2865.000	4.190
2866.000	4.189
2867.000	4.189
2868.000	4.188
2869.000	4.188
2870.000	4.187
2871.000	4.186
2872.000	4.186
2873.000	4.185
2874.000	4.185
2875.000	4.184
2876.000	4.184
2877.000	4.183
2878.000	4.183
2879.000	4.182
2880.000	4.182
2881.000	4.181
2882.000	4.180
2883.000	4.180
2884.000	4.179
2885.000	4.179
2886.000	4.178
2887.000	4.178
2888.000	4.177
2889.000	4.177
2890.000	4.176
2891.000	4.176
2892.000	4.175
2893.000	4.175
2894.000	4.174
2895.000	4.173
2896.000	4.173
2897.000	4.172
2898.000	4.172
2899.000	4.171
2900.000	4.171
2901.000	4.170
2902.000	4.170
2903.000	4.169
2904.000	4.169
2905.000	4.168
2906.000	4.168
2907.000	4.167
2908.000	4.166
2909.000	4.166
2910.000	4.165
2911.000	4.165
2912.000	4.164
2913.000	4.164
2914.000	4.163
2915.000	4.163
2916.000	4.162
2917.000	4.162
2918.000	4.161
2919.000	4.160
2920.000	4.160
2921.000	4.159
2922.000	4.159
2923.000	4.158
2924.000	4.158
2925.000	4.157
2926.000	4.157
2927.000	4.156
2928.000	4.156
2929.000	4.155
2930.000	4.155
2931.000	4.154
2932.000	4.153
2933.000	4.153
2934.000	4.152
2935.000	4.152
2936.000	4.151
2937.000	4.151
2938.000	4.150
2939.000	4.150
2940.000	4.149
2941.000	4.149
2942.000	4.148
2943.000	4.148
2944.000	4.147
2945.000	4.146
2946.000	4.146
2947.000	4.145
2948.000	4.145
2949.000	4.144
2950.000	4.144
2951.000	4.143
2952.000	4.143
2953.000	4.142
2954.000	4.142
2955.000	4.141
2956.000	4.140
2957.000	4.140
2958.000	4.139
2959.000	4.139
2960.000	4.138
2961.000	4.138
2962.000	4.137
2963.000	4.137
2964.000	4.136
2965.000	4.136
2966.000	4.135
2967.000	4.135
2968.000	4.134
2969.000	4.133
2970.000	4.133
2971.000	4.132
2972.000	4.132
2973.000	4.131
2974.000	4.131
2975.000	4.130
2976.000	4.130
2977.000	4.129
2978.000	4.129
2979.000	4.128
2980.000	4.127
2981.000	4.127
2982.000	4.126
2983.000	4.126
2984.000	4.125
2985.000	4.125
2986.000	4.124
2987.000	4.124
2988.000	4.123
2989.000	4.123
2990.000	4.122
2991.000	4.122
2992.000	4.121
2993.000	4.120
2994.000	4.120
2995.000	4.119
2996.000	4.119
2997.000	4.118
2998.000	4.118
2999.000	4.117
3000.000	4.117
3001.000	4.116
3002.000	4.116
3003.000	4.115
3004.000	4.115
3005.000	4.114
3006.000	4.113
3007.000	4.113
3008.000	4.112
3009.000	4.112
3010.000	4.111
3011.000	4.111
3012.000	4.110
3013.000	4.110
3014.000	4.109
3015.000	4.109
3016.000	4.108
3017.000	4.107
3018.000	4.107
3019.000	4.106
3020.000	4.106
3021.000	4.105
3022.000	4.105
3023.000	4.104
3024.000	4.104
3025.000	4.103
3026.000	4.103
3027.000	4.102
3028.000	4.102
3029.000	4.101
3030.000	4.100
3031.000	4.100
3032.000	4.099
3033.000	4.099
3034.000	4.098
3035.000	4.098
3036.000	4.097
3037.000	4.097
3038.000	4.096
3039.000	4.096
3040.000	4.095
3041.000	4.095
3042.000	4.094
3043.000	4.093
3044.000	4.093
3045.000	4.092
3046.000	4.092
3047.000	4.091
3048.000	4.091
3049.000	4.090
3050.000	4.090
3051.000	4.089
3052.000	4.089
3053.000	4.088
3054.000	4.087
3055.000	4.087
3056.000	4.086
3057.000	4.086
3058.000	4.085
3059.000	4.085
3060.000	4.084
3061.000	4.084
3062.000	4.083
3063.000	4.083
3064.000	4.082
3065.000	4.082
3066.000	4.081
3067.000	4.080
3068.000	4.080
3069.000	4.079
3070.000	4.079
3071.000	4.078
3072.000	4.078
3073.000	4.077
3074.000	4.077
3075.000	4.076
3076.000	4.076
3077.000	4.075
3078.000	4.074
3079.000	4.074
3080.000	4.073
3081.000	4.073
3082.000	4.072
3083.000	4.072
3084.000	4.071
3085.000	4.071
3086.000	4.070
3087.000	4.070
3088.000	4.069
3089.000	4.069
3090.000	4.068
3091.000	4.067
3092.000	4.067
3093.000	4.066
3094.000	4.066
3095.000	4.065
3096.000	4.065
3097.000	4.064
3098.000	4.064
3099.000	4.063
3100.000	4.063
3101.000	4.062
3102.000	4.062
3103.000	4.061
3104.000	4.060
3105.000	4.060
3106.000	4.059
3107.000	4.059
3108.000	4.058
3109.000	4.058
3110.000	4.057
3111.000	4.057
3112.000	4.056
3113.000	4.056
3114.000	4.055
3115.000	4.054
3116.000	4.054
3117.000	4.053
3118.000	4.053
3119.000	4.052
3120.000	4.052
3121.000	4.051
3122.000	4.051
3123.000	4.050
3124.000	4.050
3125.000	4.049
3126.000	4.049
3127.000	4.048
3128.000	4.047
3129.000	4.047
3130.000	4.046
3131.000	4.046
3132.000	4.045
3133.000	4.045
3134.000	4.044
3135.000	4.044
3136.000	4.043
3137.000	4.043
3138.000	4.042
3139.000	4.042
3140.000	4.041
3141.000	4.040
3142.000	4.040
3143.000	4.039
3144.000	4.039
3145.000	4.038
3146.000	4.038
3147.000	4.037
3148.000	4.037
3149.000	4.036
3150.000	4.036
3151.000	4.035
3152.000	4.034
3153.000	4.034
3154.000	4.033
3155.000	4.033
3156.000	4.032
3157.000	4.032
3158.000	4.031
3159.000	4.031
3160.000	4.030
3161.000	4.030
3162.000	4.029
3163.000	4.029
3164.000	4.028
3165.000	4.027
3166.000	4.027
3167.000	4.026
3168.000	4.026
3169.000	4.025
3170.000	4.025
3171.000	4.024
3172.000	4.024
3173.000	4.023
3174.000	4.023
3175.000	4.022
3176.000	4.021
3177.000	4.021
3178.000	4.020
3179.000	4.020
3180.000	4.019
3181.000	4.019
3182.000	4.018
3183.000	4.018
3184.000	4.017
3185.000	4.017
3186.000	4.016
3187.000	4.016
3188.000	4.015
3189.000	4.014
3190.000	4.014
3191.000	4.013
3192.000	4.013
3193.000	4.012
3194.000	4.012
3195.000	4.011
3196.000	4.011
3197.000	4.010
3198.000	4.010
3199.000	4.009
3200.000	4.009
3201.000	4.008
3202.000	4.007
3203.000	4.007
3204.000	4.006
3205.000	4.006
3206.000	4.005
3207.000	4.005
3208.000	4.004
3209.000	4.004
3210.000	4.003
3211.000	4.003
3212.000	4.002
3213.000	4.001
3214.000	4.001
3215.000	4.000
3216.000	4.000
3217.000	3.999
3218.000	3.999
3219.000	3.998
3220.000	3.998
3221.000	3.997
3222.000	3.997
3223.000	3.996
3224.000	3.996
3225.000	3.995
3226.000	3.994
3227.000	3.994
3228.000	3.993
3229.000	3.993
3230.000	3.992
3231.000	3.992
3232.000	3.991
3233.000	3.991
3234.000	3.990
3235.000	3.990
3236.000	3.989
3237.000	3.989
3238.000	3.988
3239.000	3.987
3240.000	3.987
3241.000	3.986
3242.000	3.986
3243.000	3.985
3244.000	3.985
3245.000	3.984
3246.000	3.984
3247.000	3.983
3248.000	3.983
3249.000	3.982
3250.000	3.981
3251.000	3.981
3252.000	3.980
3253.000	3.980
3254.000	3.979
3255.000	3.979
3256.000	3.978
3257.000	3.978
3258.000	3.977
3259.000	3.977
3260.000	3.976
3261.000	3.976
3262.000	3.975
3263.000	3.974
3264.000	3.974
3265.000	3.973
3266.000	3.973
3267.000	3.972
3268.000	3.972
3269.000	3.971
3270.000	3.971
3271.000	3.970
3272.000	3.970
3273.000	3.969
3274.000	3.968
3275.000	3.968
3276.000	3.967
3277.000	3.967
3278.000	3.966
3279.000	3.966
3280.000	3.965
3281.000	3.965
3282.000	3.964
3283.000	3.964
3284.000	3.963
3285.000	3.963
3286.000	3.962
3287.000	3.961
3288.000	3.961
3289.000	3.960
3290.000	3.960
3291.000	3.959
3292.000	3.959
3293.000	3.958
3294.000	3.958
3295.000	3.957
3296.000	3.957
3297.000	3.956
3298.000	3.956
3299.000	3.955
3300.000	3.954
3301.000	3.954
3302.000	3.953
3303.000	3.953
3304.000	3.952
3305.000	3.952
3306.000	3.951
3307.000	3.951
3308.000	3.950
3309.000	3.950
3310.000	3.949
3311.000	3.948
3312.000	3.948
3313.000	3.947
3314.000	3.947
3315.000	3.946
3316.000	3.946
3317.000	3.945
3318.000	3.945
3319.000	3.944
3320.000	3.944
3321.000	3.943
3322.000	3.943
3323.000	3.942
3324.000	3.941
3325.000	3.941
3326.000	3.940
3327.000	3.940
3328.000	3.939
3329.000	3.939
3330.000	3.938
3331.000	3.938
3332.000	3.937
3333.000	3.937
3334.000	3.936
3335.000	3.936
3336.000	3.935
3337.000	3.934
3338.000	3.934
3339.000	3.933
3340.000	3.933
3341.000	3.932
3342.000	3.932
3343.000	3.931
3344.000	3.931
3345.000	3.930
3346.000	3.930
3347.000	3.929
3348.000	3.928
3349.000	3.928
3350.000	3.927
3351.000	3.927
3352.000	3.926
3353.000	3.926
3354.000	3.925
3355.000	3.925
3356.000	3.924
3357.000	3.924
3358.000	3.923
3359.000	3.923
3360.000	3.922
3361.000	3.921
3362.000	3.921
3363.000	3.920
3364.000	3.920
3365.000	3.919
3366.000	3.919
3367.000	3.918
3368.000	3.918
3369.000	3.917
3370.000	3.917
3371.000	3.916
3372.000	3.915
3373.000	3.915
3374.000	3.914
3375.000	3.914
3376.000	3.913
3377.000	3.913
3378.000	3.912
3379.000	3.912
3380.000	3.911
3381.000	3.911
3382.000	3.910
3383.000	3.910
3384.000	3.909
3385.000	3.908
3386.000	3.908
3387.000	3.907
3388.000	3.907
3389.000	3.906
3390.000	3.906
3391.000	3.905
3392.000	3.905
3393.000	3.904
3394.000	3.904
3395.000	3.903
3396.000	3.903
3397.000	3.902
3398.000	3.901
3399.000	3.901
3400.000	3.900
3401.000	3.900
3402.000	3.899
3403.000	3.899
3404.000	3.898
3405.000	3.898
3406.000	3.897
3407.000	3.897
3408.000	3.896
3409.000	3.895
3410.000	3.895
3411.000	3.894
3412.000	3.894
3413.000	3.893
3414.000	3.893
3415.000	3.892
3416.000	3.892
3417.000	3.891
3418.000	3.891
3419.000	3.890
3420.000	3.890
3421.000	3.889
3422.000	3.888
3423.000	3.888
3424.000	3.887
3425.000	3.887
3426.000	3.886
3427.000	3.886
3428.000	3.885
3429.000	3.885
3430.000	3.884
3431.000	3.884
3432.000	3.883
3433.000	3.882
3434.000	3.882
3435.000	3.881
3436.000	3.881
3437.000	3.880
3438.000	3.880
3439.000	3.879
3440.000	3.879
3441.000	3.878
3442.000	3.878
3443.000	3.877
3444.000	3.876
3445.000	3.876
3446.000	3.875
3447.000	3.875
3448.000	3.874
3449.000	3.874
3450.000	3.873
3451.000	3.873
3452.000	3.872
3453.000	3.872
3454.000	3.871
3455.000	3.870
3456.000	3.870
3457.000	3.869
3458.000	3.869
3459.000	3.868
3460.000	3.868
3461.000	3.867
3462.000	3.867
3463.000	3.866
3464.000	3.866
3465.000	3.865
3466.000	3.864
3467.000	3.864
3468.000	3.863
3469.000	3.863
3470.000	3.862
3471.000	3.862
3472.000	3.861
3473.000	3.861
3474.000	3.860
3475.000	3.859
3476.000	3.859
3477.000	3.858
3478.000	3.858
3479.000	3.857
3480.000	3.857
3481.000	3.856
3482.000	3.856
3483.000	3.855
3484.000	3.855
3485.000	3.854
3486.000	3.853
3487.000	3.853
3488.000	3.852
3489.000	3.852
3490.000	3.851
3491.000	3.851
3492.000	3.850
3493.000	3.850
3494.000	3.849
3495.000	3.849
3496.000	3.848
3497.000	3.847
3498.000	3.847
3499.000	3.846
3500.000	3.846
3501.000	3.845
3502.000	3.845
3503.000	3.844
3504.000	3.844
3505.000	3.843
3506.000	3.843
3507.000	3.842
3508.000	3.841
3509.000	3.841
3510.000	3.840
3511.000	3.840
3512.000	3.839
3513.000	3.839
3514.000	3.838
3515.000	3.838
3516.000	3.837
3517.000	3.837
3518.000	3.836
3519.000	3.835
3520.000	3.835
3521.000	3.834
3522.000	3.834
3523.000	3.833
3524.000	3.833
3525.000	3.832
3526.000	3.832
3527.000	3.831
3528.000	3.831
3529.000	3.830
3530.000	3.829
3531.000	3.829
3532.000	3.828
3533.000	3.828
3534.000	3.827
3535.000	3.827
3536.000	3.826
3537.000	3.826
3538.000	3.825
3539.000	3.825
3540.000	3.824
3541.000	3.823
3542.000	3.823
3543.000	3.822
3544.000	3.822
3545.000	3.821
3546.000	3.821
3547.000	3.820
3548.000	3.820
3549.000	3.819
3550.000	3.819
3551.000	3.818
3552.000	3.817
3553.000	3.817
3554.000	3.816
3555.000	3.816
3556.000	3.815
3557.000	3.815
3558.000	3.814
3559.000	3.814
3560.000	3.813
3561.000	3.813
3562.000	3.812
3563.000	3.811
3564.000	3.811
3565.000	3.810
3566.000	3.810
3567.000	3.809
3568.000	3.809
3569.000	3.808
3570.000	3.808
3571.000	3.807
3572.000	3.806
3573.000	3.806
3574.000	3.805
3575.000	3.805
3576.000	3.804
3577.000	3.804
3578.000	3.803
3579.000	3.803
3580.000	3.802
3581.000	3.802
3582.000	3.801
3583.000	3.800
3584.000	3.800
3585.000	3.799
3586.000	3.799
3587.000	3.798
3588.000	3.798
3589.000	3.797
3590.000	3.797
3591.000	3.796
3592.000	3.796
3593.000	3.795
3594.000	3.794
3595.000	3.794
3596.000	3.793
3597.000	3.793
3598.000	3.792
3599.000	3.792
3600.000	3.791
3601.000	3.791
3602.000	3.790
3603.000	3.790
3604.000	3.789
3605.000	3.788
3606.000	3.788
3607.000	3.787
3608.000	3.787
3609.000	3.786
3610.000	3.786
3611.000	3.785
3612.000	3.785
3613.000	3.784
3614.000	3.784
3615.000	3.783
3616.000	3.782
3617.000	3.782
3618.000	3.781
3619.000	3.781
3620.000	3.780
3621.000	3.780
3622.000	3.779
3623.000	3.779
3624.000	3.778
3625.000	3.778
3626.000	3.777
3627.000	3.776
3628.000	3.776
3629.000	3.775
3630.000	3.775
3631.000	3.774
3632.000	3.774
3633.000	3.773
3634.000	3.773
3635.000	3.772
3636.000	3.772
3637.000	3.771
3638.000	3.770
3639.000	3.770
3640.000	3.769
3641.000	3.769
3642.000	3.768
3643.000	3.768
3644.000	3.767
3645.000	3.767
3646.000	3.766
3647.000	3.766
3648.000	3.765
3649.000	3.764
3650.000	3.764
3651.000	3.763
3652.000	3.763
3653.000	3.762
3654.000	3.762
3655.000	3.761
3656.000	3.761
3657.000	3.760
3658.000	3.760
3659.000	3.759
3660.000	3.758
3661.000	3.758
3662.000	3.757
3663.000	3.757
3664.000	3.756
3665.000	3.756
3666.000	3.755
3667.000	3.755
3668.000	3.754
3669.000	3.754
3670.000	3.753
3671.000	3.752
3672.000	3.752
3673.000	3.751
3674.000	3.751
3675.000	3.750
3676.000	3.750
3677.000	3.749
3678.000	3.749
3679.000	3.748
3680.000	3.748
3681.000	3.747
3682.000	3.746
3683.000	3.746
3684.000	3.745
3685.000	3.745
3686.000	3.744
3687.000	3.744
3688.000	3.743
3689.000	3.743
3690.000	3.742
3691.000	3.742
3692.000	3.741
3693.000	3.740
3694.000	3.740
3695.000	3.739
3696.000	3.739
3697.000	3.738
3698.000	3.738
3699.000	3.737
3700.000	3.737
3701.000	3.736
3702.000	3.735
3703.000	3.735
3704.000	3.734
3705.000	3.734
3706.000	3.733
3707.000	3.733
3708.000	3.732
3709.000	3.732
3710.000	3.731
3711.000	3.731
3712.000	3.730
3713.000	3.729
3714.000	3.729
3715.000	3.728
3716.000	3.728
3717.000	3.727
3718.000	3.727
3719.000	3.726
3720.000	3.726
3721.000	3.725
3722.000	3.725
3723.000	3.724
3724.000	3.723
3725.000	3.723
3726.000	3.722
3727.000	3.722
3728.000	3.721
3729.000	3.721
3730.000	3.720
3731.000	3.720
3732.000	3.719
3733.000	3.719
3734.000	3.718
3735.000	3.717
3736.000	3.717
3737.000	3.716
3738.000	3.716
3739.000	3.715
3740.000	3.715
3741.000	3.714
3742.000	3.714
3743.000	3.713
3744.000	3.708
3745.000	3.708
3746.000	3.707
3747.000	3.707
3748.000	3.706
3749.000	3.706
3750.000	3.705
3751.000	3.705
3752.000	3.704
3753.000	3.704
3754.000	3.703
3755.000	3.702
3756.000	3.702
3757.000	3.701
3758.000	3.701
3759.000	3.700
3760.000	3.700
3761.000	3.699
3762.000	3.699
3763.000	3.698
3764.000	3.698
3765.000	3.697
3766.000	3.697
3767.000	3.696
3768.000	3.695
3769.000	3.695
3770.000	3.694
3771.000	3.694
3772.000	3.693
3773.000	3.693
3774.000	3.692
3775.000	3.692
3776.000	3.691
3777.000	3.691
3778.000	3.690
3779.000	3.690
3780.000	3.689
3781.000	3.688
3782.000	3.688
3783.000	3.687
3784.000	3.687
3785.000	3.686
3786.000	3.686
3787.000	3.685
3788.000	3.685
3789.000	3.684
3790.000	3.684
3791.000	3.683
3792.000	3.682
3793.000	3.682
3794.000	3.681
3795.000	3.681
3796.000	3.680
3797.000	3.680
3798.000	3.679
3799.000	3.679
3800.000	3.678
3801.000	3.678
3802.000	3.677
3803.000	3.677
3804.000	3.676
3805.000	3.675
3806.000	3.675
3807.000	3.674
3808.000	3.674
3809.000	3.673
3810.000	3.673
3811.000	3.672
3812.000	3.672
3813.000	3.671
3814.000	3.671
3815.000	3.670
3816.000	3.669
3817.000	3.669
3818.000	3.668
3819.000	3.668
3820.000	3.667
3821.000	3.667
3822.000	3.666
3823.000	3.666
3824.000	3.665
3825.000	3.665
3826.000	3.664
3827.000	3.664
3828.000	3.663
3829.000	3.662
3830.000	3.662
3831.000	3.661
3832.000	3.661
3833.000	3.660
3834.000	3.660
3835.000	3.659
3836.000	3.659
3837.000	3.658
3838.000	3.658
3839.000	3.657
3840.000	3.657
3841.000	3.656
3842.000	3.655
3843.000	3.655
3844.000	3.654
3845.000	3.654
3846.000	3.653
3847.000	3.653
3848.000	3.652
3849.000	3.652
3850.000	3.651
3851.000	3.651
3852.000	3.650
3853.000	3.649
3854.000	3.649
3855.000	3.648
3856.000	3.648
3857.000	3.647
3858.000	3.647
3859.000	3.646
3860.000	3.646
3861.000	3.645
3862.000	3.645
3863.000	3.644
3864.000	3.644
3865.000	3.643
3866.000	3.642
3867.000	3.642
3868.000	3.641
3869.000	3.641
3870.000	3.640
3871.000	3.640
3872.000	3.639
3873.000	3.639
3874.000	3.638
3875.000	3.638
3876.000	3.637
3877.000	3.637
3878.000	3.636
3879.000	3.635
3880.000	3.635
3881.000	3.634
3882.000	3.634
3883.000	3.633
3884.000	3.633
3885.000	3.632
3886.000	3.632
3887.000	3.631
3888.000	3.631
3889.000	3.630
3890.000	3.629
3891.000	3.629
3892.000	3.628
3893.000	3.628
3894.000	3.627
3895.000	3.627
3896.000	3.626
3897.000	3.626
3898.000	3.625
3899.000	3.625
3900.000	3.624
3901.000	3.624
3902.000	3.623
3903.000	3.622
3904.000	3.622
3905.000	3.621
3906.000	3.621
3907.000	3.620
3908.000	3.620
3909.000	3.619
3910.000	3.619
3911.000	3.618
3912.000	3.618
3913.000	3.617
3914.000	3.616
3915.000	3.616
3916.000	3.615
3917.000	3.615
3918.000	3.614
3919.000	3.614
3920.000	3.613
3921.000	3.613
3922.000	3.612
3923.000	3.612
3924.000	3.611
3925.000	3.611
3926.000	3.610
3927.000	3.609
3928.000	3.609
3929.000	3.608
3930.000	3.608
3931.000	3.607
3932.000	3.607
3933.000	3.606
3934.000	3.606
3935.000	3.605
3936.000	3.605
3937.000	3.604
3938.000	3.604
3939.000	3.603
3940.000	3.602
3941.000	3.602
3942.000	3.601
3943.000	3.601
3944.000	3.600
3945.000	3.600
3946.000	3.599
3947.000	3.599
3948.000	3.598
3949.000	3.598
3950.000	3.597
3951.000	3.596
3952.000	3.596
3953.000	3.595
3954.000	3.595
3955.000	3.594
3956.000	3.594
3957.000	3.593
3958.000	3.593
3959.000	3.592
3960.000	3.592
3961.000	3.591
3962.000	3.591
3963.000	3.590
3964.000	3.589
3965.000	3.589
3966.000	3.588
3967.000	3.588
3968.000	3.587
3969.000	3.587
3970.000	3.586
3971.000	3.586
3972.000	3.585
3973.000	3.585
3974.000	3.584
3975.000	3.584
3976.000	3.583
3977.000	3.582
3978.000	3.582
3979.000	3.581
3980.000	3.581
3981.000	3.580
3982.000	3.580
3983.000	3.579
3984.000	3.579
3985.000	3.578
3986.000	3.578
3987.000	3.577
3988.000	3.576
3989.000	3.576
3990.000	3.575
3991.000	3.575
3992.000	3.574
3993.000	3.574
3994.000	3.573
3995.000	3.573
3996.000	3.572
3997.000	3.572
3998.000	3.571
3999.000	3.571
4000.000	3.570
4001.000	3.569
4002.000	3.569
4003.000	3.568
4004.000	3.568
4005.000	3.567
4006.000	3.567
4007.000	3.566
4008.000	3.566
4009.000	3.565
4010.000	3.565
4011.000	3.564
4012.000	3.563
4013.000	3.563
4014.000	3.562
4015.000	3.562
4016.000	3.561
4017.000	3.561
4018.000	3.560
4019.000	3.560
4020.000	3.559
4021.000	3.559
4022.000	3.558
4023.000	3.558
4024.000	3.557
4025.000	3.556
4026.000	3.556
4027.000	3.555
4028.000	3.555
4029.000	3.554
4030.000	3.554
4031.000	3.553
4032.000	3.553
4033.000	3.552
4034.000	3.552
4035.000	3.551
4036.000	3.551
4037.000	3.550
4038.000	3.549
4039.000	3.549
4040.000	3.548
4041.000	3.548
4042.000	3.547
4043.000	3.547
4044.000	3.546
4045.000	3.546
4046.000	3.545
4047.000	3.545
4048.000	3.544
4049.000	3.543
4050.000	3.543
4051.000	3.542
4052.000	3.542
4053.000	3.541
4054.000	3.541
4055.000	3.540
4056.000	3.540
4057.000	3.539
4058.000	3.539
4059.000	3.538
4060.000	3.538
4061.000	3.537
4062.000	3.536
4063.000	3.536
4064.000	3.535
4065.000	3.535
4066.000	3.534
4067.000	3.534
4068.000	3.533
4069.000	3.533
4070.000	3.532
4071.000	3.532
4072.000	3.531
4073.000	3.531
4074.000	3.530
4075.000	3.529
4076.000	3.529
4077.000	3.528
4078.000	3.528
4079.000	3.527
4080.000	3.527
4081.000	3.526
4082.000	3.526
4083.000	3.525
4084.000	3.525
4085.000	3.524
4086.000	3.523
4087.000	3.507
4088.000	3.506
4089.000	3.506
4090.000	3.505
4091.000	3.505
4092.000	3.504
4093.000	3.504
4094.000	0.000
4095.000	0.000
