0.000	25.034
1.000	25.021
2.000	25.007
3.000	24.993
4.000	24.980
5.000	24.966
6.000	24.952
7.000	24.939
8.000	24.925
9.000	24.911
10.000	24.898
11.000	24.884
12.000	24.871
13.000	24.857
14.000	24.843
15.000	24.830
16.000	24.816
17.000	24.802
18.000	24.789
19.000	24.775
20.000	24.762
21.000	24.748
22.000	24.734
23.000	24.721
24.000	24.707
25.000	24.693
26.000	24.680
27.000	24.666
28.000	24.653
29.000	24.639
30.000	24.625
31.000	24.612
32.000	24.598
33.000	24.584
34.000	24.571
35.000	24.557
36.000	24.544
37.000	24.530
38.000	24.516
39.000	24.503
40.000	24.489
41.000	24.475
42.000	24.462
43.000	24.448
44.000	24.435
45.000	24.421
46.000	24.407
47.000	24.394
48.000	24.380
49.000	24.366
50.000	24.353
51.000	24.339
52.000	24.326
53.000	24.312
54.000	24.298
55.000	24.285
56.000	24.271
57.000	24.257
58.000	24.244
59.000	24.230
60.000	24.216
61.000	24.203
62.000	24.189
63.000	24.176
64.000	24.162
65.000	24.148
66.000	24.135
67.000	24.121
68.000	24.107
69.000	24.094
70.000	24.080
71.000	24.067
72.000	24.053
73.000	24.039
74.000	24.026
75.000	24.012
76.000	23.998
77.000	23.985
78.000	23.971
79.000	23.958
80.000	23.944
81.000	23.930
82.000	23.917
83.000	23.903
84.000	23.889
85.000	23.876
86.000	23.862
87.000	23.849
88.000	23.835
89.000	23.821
90.000	23.808
91.000	23.794
92.000	23.780
93.000	23.767
94.000	23.753
95.000	23.740
96.000	23.726
97.000	23.712
98.000	23.699
99.000	23.685
100.000	23.671
101.000	23.658
102.000	23.644
103.000	23.631
104.000	23.617
105.000	23.603
106.000	23.590
107.000	23.576
108.000	23.562
109.000	23.549
110.000	23.535
111.000	23.521
112.000	23.508
113.000	23.494
114.000	23.481
115.000	23.467
116.000	23.453
117.000	23.440
118.000	23.426
119.000	23.412
120.000	23.399
121.000	23.385
122.000	23.372
123.000	23.358
124.000	23.344
125.000	23.331
126.000	23.317
127.000	23.303
128.000	23.290
129.000	23.276
130.000	23.263
131.000	23.249
132.000	23.235
133.000	23.222
134.000	23.208
135.000	23.194
136.000	23.181
137.000	23.167
138.000	23.154
139.000	23.140
140.000	23.126
141.000	23.113
142.000	23.099
143.000	23.085
144.000	23.072
145.000	23.058
146.000	23.045
147.000	23.031
148.000	23.017
149.000	23.004
150.000	22.990
151.000	22.976
152.000	22.963
153.000	22.949
154.000	22.936
155.000	22.922
156.000	22.908
157.000	22.895
158.000	22.881
159.000	22.867
160.000	22.854
161.000	22.840
162.000	22.826
163.000	22.813
164.000	22.799
165.000	22.786
166.000	22.772
167.000	22.758
168.000	22.745
169.000	22.731
170.000	22.717
171.000	22.704
172.000	22.690
173.000	22.677
174.000	22.663
175.000	22.649
176.000	22.636
177.000	22.622
178.000	22.608
179.000	22.595
180.000	22.581
181.000	22.568
182.000	22.554
183.000	22.540
184.000	22.526
185.000	22.512
186.000	22.497
187.000	22.482
188.000	22.468
189.000	22.453
190.000	22.439
191.000	22.425
192.000	22.411
193.000	22.398
194.000	22.384
195.000	22.371
196.000	22.358
197.000	22.345
198.000	22.332
199.000	22.320
200.000	22.307
201.000	22.295
202.000	22.283
203.000	22.272
204.000	22.260
205.000	22.249
206.000	22.238
207.000	22.225
208.000	22.214
209.000	22.203
210.000	22.193
211.000	22.182
212.000	22.172
213.000	22.163
214.000	22.153
215.000	22.144
216.000	22.134
217.000	22.125
218.000	22.124
219.000	22.115
220.000	22.106
221.000	22.098
222.000	22.090
223.000	22.082
224.000	22.074
225.000	22.066
226.000	22.059
227.000	22.051
228.000	22.044
229.000	22.043
230.000	22.036
231.000	22.029
232.000	22.022
233.000	22.016
234.000	22.010
235.000	22.004
236.000	21.998
237.000	21.992
238.000	21.987
239.000	21.981
240.000	21.976
241.000	21.974
242.000	21.969
243.000	21.965
244.000	21.960
245.000	21.956
246.000	21.951
247.000	21.947
248.000	21.943
249.000	21.939
250.000	21.936
251.000	21.932
252.000	21.931
253.000	21.928
254.000	21.925
255.000	21.923
256.000	21.921
257.000	21.920
258.000	21.918
259.000	21.916
260.000	21.915
261.000	21.913
262.000	21.911
263.000	21.909
264.000	21.908
265.000	21.906
266.000	21.904
267.000	21.903
268.000	21.901
269.000	21.899
270.000	21.898
271.000	21.896
272.000	21.894
273.000	21.893
274.000	21.891
275.000	21.889
276.000	21.887
277.000	21.885
278.000	21.882
279.000	21.846
280.000	21.810
281.000	21.774
282.000	21.738
283.000	21.702
284.000	21.666
285.000	21.665
286.000	21.629
287.000	21.593
288.000	21.558
289.000	21.522
290.000	21.487
291.000	21.452
292.000	21.416
293.000	21.381
294.000	21.346
295.000	21.311
296.000	21.310
297.000	21.275
298.000	21.240
299.000	21.205
300.000	21.171
301.000	21.136
302.000	21.102
303.000	21.067
304.000	21.033
305.000	20.999
306.000	20.964
307.000	20.963
308.000	20.929
309.000	20.895
310.000	20.860
311.000	20.827
312.000	20.793
313.000	20.759
314.000	20.726
315.000	20.692
316.000	20.658
317.000	20.625
318.000	20.592
319.000	20.590
320.000	20.557
321.000	20.523
322.000	20.490
323.000	20.457
324.000	20.424
325.000	20.391
326.000	20.358
327.000	20.326
328.000	20.293
329.000	20.260
330.000	20.259
331.000	20.226
332.000	20.193
333.000	20.161
334.000	20.129
335.000	20.097
336.000	20.064
337.000	20.032
338.000	20.000
339.000	19.968
340.000	19.936
341.000	19.934
342.000	19.902
343.000	19.870
344.000	19.839
345.000	19.807
346.000	19.775
347.000	19.744
348.000	19.712
349.000	19.681
350.000	19.649
351.000	19.618
352.000	19.616
353.000	19.585
354.000	19.554
355.000	19.522
356.000	19.491
357.000	19.460
358.000	19.429
359.000	19.398
360.000	19.367
361.000	19.337
362.000	19.306
363.000	19.305
364.000	19.274
365.000	19.244
366.000	19.214
367.000	19.212
368.000	19.211
369.000	19.209
370.000	19.207
371.000	19.206
372.000	19.204
373.000	19.202
374.000	19.201
375.000	19.199
376.000	19.197
377.000	19.195
378.000	19.194
379.000	19.192
380.000	19.190
381.000	19.189
382.000	19.187
383.000	19.185
384.000	19.184
385.000	19.182
386.000	19.180
387.000	19.179
388.000	19.177
389.000	19.175
390.000	19.174
391.000	19.172
392.000	19.170
393.000	19.169
394.000	19.167
395.000	19.165
396.000	19.163
397.000	19.162
398.000	19.160
399.000	19.158
400.000	19.155
401.000	19.153
402.000	19.150
403.000	19.147
404.000	19.145
405.000	19.142
406.000	19.139
407.000	19.137
408.000	19.135
409.000	19.133
410.000	19.101
411.000	19.069
412.000	19.037
413.000	19.006
414.000	18.974
415.000	18.943
416.000	18.911
417.000	18.880
418.000	18.849
419.000	18.847
420.000	18.816
421.000	18.785
422.000	18.754
423.000	18.723
424.000	18.692
425.000	18.661
426.000	18.630
427.000	18.600
428.000	18.569
429.000	18.539
430.000	18.537
431.000	18.506
432.000	18.476
433.000	18.446
434.000	18.415
435.000	18.385
436.000	18.355
437.000	18.325
438.000	18.295
439.000	18.265
440.000	18.235
441.000	18.234
442.000	18.204
443.000	18.174
444.000	18.145
445.000	18.115
446.000	18.086
447.000	18.056
448.000	18.027
449.000	17.998
450.000	17.968
451.000	17.939
452.000	17.939
453.000	17.910
454.000	17.881
455.000	17.852
456.000	17.823
457.000	17.795
458.000	17.766
459.000	17.737
460.000	17.709
461.000	17.680
462.000	17.652
463.000	17.623
464.000	17.623
465.000	17.595
466.000	17.567
467.000	17.538
468.000	17.510
469.000	17.482
470.000	17.454
471.000	17.426
472.000	17.398
473.000	17.371
474.000	17.343
475.000	17.343
476.000	17.315
477.000	17.287
478.000	17.260
479.000	17.232
480.000	17.205
481.000	17.178
482.000	17.150
483.000	17.123
484.000	17.096
485.000	17.069
486.000	17.069
487.000	17.042
488.000	17.014
489.000	16.988
490.000	16.961
491.000	16.934
492.000	16.907
493.000	16.880
494.000	16.854
495.000	16.827
496.000	16.800
497.000	16.800
498.000	16.774
499.000	16.747
500.000	16.721
501.000	16.695
502.000	16.668
503.000	16.642
504.000	16.616
505.000	16.590
506.000	16.564
507.000	16.538
508.000	16.538
509.000	16.512
510.000	16.486
511.000	16.461
512.000	16.436
513.000	16.411
514.000	16.386
515.000	16.362
516.000	16.337
517.000	16.312
518.000	16.287
519.000	16.287
520.000	16.263
521.000	16.238
522.000	16.214
523.000	16.214
524.000	16.214
525.000	16.214
526.000	16.214
527.000	16.214
528.000	16.214
529.000	16.214
530.000	16.214
531.000	16.214
532.000	16.214
533.000	16.214
534.000	16.214
535.000	16.214
536.000	16.214
537.000	16.214
538.000	16.214
539.000	16.214
540.000	16.214
541.000	16.214
542.000	16.214
543.000	16.214
544.000	16.214
545.000	16.214
546.000	16.214
547.000	16.214
548.000	16.214
549.000	16.214
550.000	16.214
551.000	16.214
552.000	16.214
553.000	16.214
554.000	16.214
555.000	16.214
556.000	16.214
557.000	16.214
558.000	16.214
559.000	16.214
560.000	16.214
561.000	16.214
562.000	16.214
563.000	16.214
564.000	16.214
565.000	16.214
566.000	16.214
567.000	16.214
568.000	16.214
569.000	16.214
570.000	16.214
571.000	16.214
572.000	16.214
573.000	16.214
574.000	16.214
575.000	16.214
576.000	16.214
577.000	16.214
578.000	16.214
579.000	16.214
580.000	16.214
581.000	16.214
582.000	16.214
583.000	16.214
584.000	16.214
585.000	16.214
586.000	16.214
587.000	16.214
588.000	16.214
589.000	16.214
590.000	16.214
591.000	16.214
592.000	16.214
593.000	16.214
594.000	16.214
595.000	16.214
596.000	16.214
597.000	16.214
598.000	16.214
599.000	16.214
600.000	16.214
601.000	16.214
602.000	16.214
603.000	16.214
604.000	16.214
605.000	16.214
606.000	16.214
607.000	16.214
608.000	16.214
609.000	16.214
610.000	16.214
611.000	16.214
612.000	16.214
613.000	16.214
614.000	16.214
615.000	16.214
616.000	16.214
617.000	16.214
618.000	16.214
619.000	16.214
620.000	16.214
621.000	16.214
622.000	16.214
623.000	16.214
624.000	16.214
625.000	16.214
626.000	16.214
627.000	16.214
628.000	16.214
629.000	16.214
630.000	16.214
631.000	16.214
632.000	16.214
633.000	16.214
634.000	16.214
635.000	16.214
636.000	16.214
637.000	16.214
638.000	16.214
639.000	16.214
640.000	16.214
641.000	16.214
642.000	16.214
643.000	16.214
644.000	16.214
645.000	16.214
646.000	16.214
647.000	16.214
648.000	16.214
649.000	16.214
650.000	16.214
651.000	16.214
652.000	16.214
653.000	16.214
654.000	16.214
655.000	16.214
656.000	16.214
657.000	16.214
658.000	16.214
659.000	16.214
660.000	16.214
661.000	16.214
662.000	16.214
663.000	16.214
664.000	16.214
665.000	16.214
666.000	16.214
667.000	16.214
668.000	16.214
669.000	16.214
670.000	16.214
671.000	16.214
672.000	16.214
673.000	16.214
674.000	16.214
675.000	16.214
676.000	16.214
677.000	16.214
678.000	16.214
679.000	16.214
680.000	16.214
681.000	16.214
682.000	16.214
683.000	16.214
684.000	16.214
685.000	16.214
686.000	16.214
687.000	16.214
688.000	16.214
689.000	16.214
690.000	16.193
691.000	16.173
692.000	16.152
693.000	16.132
694.000	16.112
695.000	16.091
696.000	16.071
697.000	16.051
698.000	16.051
699.000	16.030
700.000	16.010
701.000	15.990
702.000	15.970
703.000	15.950
704.000	15.930
705.000	15.909
706.000	15.889
707.000	15.869
708.000	15.849
709.000	15.849
710.000	15.829
711.000	15.809
712.000	15.789
713.000	15.770
714.000	15.750
715.000	15.730
716.000	15.710
717.000	15.690
718.000	15.670
719.000	15.650
720.000	15.650
721.000	15.631
722.000	15.611
723.000	15.591
724.000	15.572
725.000	15.552
726.000	15.532
727.000	15.513
728.000	15.493
729.000	15.474
730.000	15.454
731.000	15.454
732.000	15.434
733.000	15.415
734.000	15.395
735.000	15.376
736.000	15.357
737.000	15.337
738.000	15.318
739.000	15.298
740.000	15.279
741.000	15.260
742.000	15.260
743.000	15.241
744.000	15.221
745.000	15.202
746.000	15.183
747.000	15.164
748.000	15.145
749.000	15.126
750.000	15.106
751.000	15.087
752.000	15.068
753.000	15.049
754.000	15.049
755.000	15.030
756.000	15.011
757.000	14.992
758.000	14.973
759.000	14.954
760.000	14.935
761.000	14.917
762.000	14.898
763.000	14.879
764.000	14.860
765.000	11.718
766.000	11.700
767.000	11.681
768.000	11.662
769.000	11.643
770.000	11.625
771.000	11.606
772.000	11.587
773.000	11.569
774.000	11.550
775.000	11.532
776.000	11.532
777.000	11.513
778.000	11.494
779.000	11.476
780.000	11.457
781.000	11.439
782.000	11.421
783.000	11.415
784.000	11.415
785.000	11.415
786.000	11.415
787.000	11.415
788.000	11.415
789.000	11.415
790.000	11.415
791.000	11.415
792.000	11.415
793.000	11.415
794.000	11.415
795.000	11.415
796.000	11.415
797.000	11.415
798.000	11.415
799.000	11.415
800.000	11.415
801.000	11.415
802.000	11.415
803.000	11.415
804.000	11.415
805.000	11.415
806.000	11.415
807.000	11.415
808.000	11.415
809.000	11.415
810.000	11.415
811.000	11.415
812.000	11.415
813.000	11.415
814.000	11.415
815.000	11.415
816.000	11.415
817.000	11.415
818.000	11.415
819.000	11.415
820.000	11.415
821.000	11.415
822.000	11.415
823.000	11.415
824.000	11.415
825.000	11.415
826.000	11.415
827.000	11.415
828.000	11.415
829.000	11.415
830.000	11.415
831.000	11.415
832.000	11.415
833.000	11.415
834.000	11.415
835.000	11.415
836.000	11.415
837.000	11.415
838.000	11.415
839.000	11.415
840.000	11.415
841.000	11.415
842.000	11.415
843.000	11.415
844.000	11.415
845.000	11.415
846.000	11.415
847.000	11.415
848.000	11.415
849.000	11.415
850.000	11.415
851.000	11.415
852.000	11.415
853.000	11.415
854.000	11.415
855.000	11.415
856.000	11.415
857.000	11.415
858.000	11.415
859.000	11.415
860.000	11.415
861.000	11.415
862.000	11.415
863.000	11.415
864.000	11.415
865.000	11.415
866.000	11.415
867.000	11.415
868.000	11.415
869.000	11.415
870.000	11.415
871.000	11.415
872.000	11.415
873.000	11.415
874.000	11.415
875.000	11.415
876.000	11.415
877.000	11.415
878.000	11.415
879.000	11.415
880.000	11.415
881.000	11.415
882.000	11.415
883.000	11.415
884.000	11.415
885.000	11.415
886.000	11.415
887.000	11.415
888.000	11.415
889.000	11.415
890.000	11.415
891.000	11.415
892.000	11.415
893.000	11.415
894.000	11.415
895.000	11.415
896.000	11.415
897.000	11.415
898.000	11.415
899.000	11.415
900.000	11.415
901.000	11.415
902.000	11.415
903.000	11.415
904.000	11.415
905.000	11.415
906.000	11.415
907.000	11.415
908.000	11.415
909.000	11.415
910.000	11.415
911.000	11.415
912.000	11.415
913.000	11.415
914.000	11.415
915.000	11.415
916.000	11.415
917.000	11.415
918.000	11.415
919.000	11.415
920.000	11.415
921.000	11.415
922.000	11.415
923.000	11.415
924.000	11.415
925.000	11.415
926.000	11.415
927.000	11.415
928.000	11.415
929.000	11.415
930.000	11.415
931.000	11.415
932.000	11.415
933.000	11.415
934.000	11.415
935.000	11.415
936.000	11.415
937.000	11.415
938.000	11.415
939.000	11.415
940.000	11.415
941.000	11.415
942.000	11.415
943.000	11.415
944.000	11.415
945.000	11.415
946.000	11.415
947.000	11.415
948.000	11.415
949.000	11.415
950.000	11.415
951.000	11.415
952.000	11.415
953.000	11.415
954.000	11.415
955.000	11.415
956.000	11.415
957.000	11.415
958.000	11.415
959.000	11.415
960.000	11.415
961.000	11.415
962.000	11.415
963.000	11.415
964.000	11.415
965.000	11.415
966.000	11.415
967.000	11.415
968.000	11.415
969.000	11.415
970.000	11.415
971.000	11.415
972.000	11.415
973.000	11.415
974.000	11.415
975.000	11.415
976.000	11.415
977.000	11.415
978.000	11.415
979.000	11.415
980.000	11.415
981.000	11.415
982.000	11.415
983.000	11.415
984.000	11.415
985.000	11.415
986.000	11.415
987.000	11.415
988.000	11.415
989.000	11.415
990.000	11.415
991.000	11.415
992.000	11.415
993.000	11.415
994.000	11.415
995.000	11.415
996.000	11.415
997.000	11.415
998.000	11.415
999.000	11.415
1000.000	11.415
1001.000	11.415
1002.000	11.415
1003.000	11.415
1004.000	11.415
1005.000	11.415
1006.000	11.415
1007.000	11.415
1008.000	11.415
1009.000	11.415
1010.000	11.415
1011.000	11.415
1012.000	11.415
1013.000	11.415
1014.000	11.415
1015.000	11.415
1016.000	11.415
1017.000	11.415
1018.000	11.415
1019.000	11.415
1020.000	11.415
1021.000	11.415
1022.000	11.415
1023.000	11.415
1024.000	11.415
1025.000	11.415
1026.000	11.415
1027.000	11.415
1028.000	11.415
1029.000	11.415
1030.000	11.415
1031.000	11.415
1032.000	11.415
1033.000	11.415
1034.000	11.415
1035.000	11.415
1036.000	11.415
1037.000	11.415
1038.000	11.415
1039.000	11.415
1040.000	11.415
1041.000	11.415
1042.000	11.415
1043.000	11.415
1044.000	11.415
1045.000	11.415
1046.000	11.415
1047.000	11.415
1048.000	11.415
1049.000	11.415
1050.000	11.415
1051.000	11.415
1052.000	11.415
1053.000	11.415
1054.000	11.415
1055.000	11.415
1056.000	11.415
1057.000	11.415
1058.000	11.415
1059.000	11.415
1060.000	11.415
1061.000	11.415
1062.000	11.415
1063.000	11.415
1064.000	11.415
1065.000	11.415
1066.000	11.415
1067.000	11.415
1068.000	11.415
1069.000	11.415
1070.000	11.415
1071.000	11.415
1072.000	11.415
1073.000	11.415
1074.000	11.415
1075.000	11.415
1076.000	11.415
1077.000	11.415
1078.000	11.415
1079.000	11.415
1080.000	11.415
1081.000	11.415
1082.000	11.415
1083.000	11.415
1084.000	11.415
1085.000	11.415
1086.000	11.415
1087.000	11.415
1088.000	11.415
1089.000	11.415
1090.000	11.415
1091.000	11.415
1092.000	11.415
1093.000	11.415
1094.000	11.415
1095.000	11.415
1096.000	11.415
1097.000	11.415
1098.000	11.415
1099.000	11.415
1100.000	11.415
1101.000	11.415
1102.000	11.415
1103.000	11.415
1104.000	11.415
1105.000	11.415
1106.000	11.415
1107.000	11.415
1108.000	11.415
1109.000	11.415
1110.000	11.415
1111.000	11.415
1112.000	11.415
1113.000	11.415
1114.000	11.415
1115.000	11.415
1116.000	11.415
1117.000	11.415
1118.000	11.415
1119.000	11.415
1120.000	11.415
1121.000	11.415
1122.000	11.415
1123.000	11.415
1124.000	11.415
1125.000	11.415
1126.000	11.415
1127.000	11.415
1128.000	11.415
1129.000	11.415
1130.000	11.415
1131.000	11.415
1132.000	11.415
1133.000	11.415
1134.000	11.415
1135.000	11.415
1136.000	11.415
1137.000	11.415
1138.000	11.415
1139.000	11.415
1140.000	11.415
1141.000	11.415
1142.000	11.415
1143.000	11.415
1144.000	11.415
1145.000	11.415
1146.000	11.415
1147.000	11.415
1148.000	11.415
1149.000	11.415
1150.000	11.415
1151.000	11.415
1152.000	11.415
1153.000	11.415
1154.000	11.415
1155.000	11.415
1156.000	11.415
1157.000	11.415
1158.000	11.415
1159.000	11.415
1160.000	11.415
1161.000	11.415
1162.000	11.415
1163.000	11.415
1164.000	11.415
1165.000	11.415
1166.000	11.415
1167.000	11.415
1168.000	11.415
1169.000	11.415
1170.000	11.415
1171.000	11.415
1172.000	11.415
1173.000	11.415
1174.000	11.415
1175.000	11.415
1176.000	11.415
1177.000	11.415
1178.000	11.415
1179.000	11.415
1180.000	11.415
1181.000	11.415
1182.000	11.415
1183.000	11.415
1184.000	11.415
1185.000	11.415
1186.000	11.415
1187.000	11.415
1188.000	11.415
1189.000	11.415
1190.000	11.415
1191.000	11.415
1192.000	11.415
1193.000	11.415
1194.000	11.415
1195.000	11.415
1196.000	11.415
1197.000	11.415
1198.000	11.415
1199.000	11.415
1200.000	11.415
1201.000	11.415
1202.000	11.415
1203.000	11.415
1204.000	11.415
1205.000	11.415
1206.000	11.415
1207.000	11.415
1208.000	11.415
1209.000	11.415
1210.000	11.415
1211.000	11.415
1212.000	11.415
1213.000	11.415
1214.000	11.415
1215.000	11.415
1216.000	11.415
1217.000	11.415
1218.000	11.415
1219.000	11.415
1220.000	11.415
1221.000	11.415
1222.000	11.415
1223.000	11.415
1224.000	11.415
1225.000	11.415
1226.000	11.415
1227.000	11.415
1228.000	11.415
1229.000	11.415
1230.000	11.415
1231.000	11.415
1232.000	11.415
1233.000	11.415
1234.000	11.415
1235.000	11.415
1236.000	11.415
1237.000	11.415
1238.000	11.415
1239.000	11.415
1240.000	11.415
1241.000	11.415
1242.000	11.415
1243.000	11.415
1244.000	11.415
1245.000	11.415
1246.000	11.415
1247.000	11.415
1248.000	11.415
1249.000	11.415
1250.000	11.415
1251.000	11.415
1252.000	11.415
1253.000	11.415
1254.000	11.415
1255.000	11.415
1256.000	11.415
1257.000	11.415
1258.000	11.415
1259.000	11.415
1260.000	11.415
1261.000	11.415
1262.000	11.415
1263.000	11.415
1264.000	11.415
1265.000	11.415
1266.000	11.415
1267.000	11.415
1268.000	11.415
1269.000	11.415
1270.000	11.415
1271.000	11.415
1272.000	11.415
1273.000	11.415
1274.000	11.415
1275.000	11.415
1276.000	11.415
1277.000	11.415
1278.000	11.415
1279.000	11.415
1280.000	11.415
1281.000	11.415
1282.000	11.415
1283.000	11.415
1284.000	11.415
1285.000	11.415
1286.000	11.415
1287.000	11.415
1288.000	11.415
1289.000	11.415
1290.000	11.415
1291.000	11.415
1292.000	11.415
1293.000	11.415
1294.000	11.415
1295.000	11.415
1296.000	11.415
1297.000	11.415
1298.000	11.415
1299.000	11.415
1300.000	11.415
1301.000	11.415
1302.000	11.415
1303.000	11.415
1304.000	11.415
1305.000	11.415
1306.000	11.415
1307.000	11.415
1308.000	11.415
1309.000	11.415
1310.000	11.415
1311.000	11.415
1312.000	11.415
1313.000	11.415
1314.000	11.415
1315.000	11.415
1316.000	11.415
1317.000	11.415
1318.000	11.415
1319.000	11.415
1320.000	11.415
1321.000	11.415
1322.000	11.415
1323.000	11.415
1324.000	11.415
1325.000	11.415
1326.000	11.415
1327.000	11.415
1328.000	11.415
1329.000	11.415
1330.000	11.415
1331.000	11.415
1332.000	11.415
1333.000	11.415
1334.000	11.415
1335.000	11.415
1336.000	11.415
1337.000	11.415
1338.000	11.415
1339.000	11.415
1340.000	11.415
1341.000	11.415
1342.000	11.415
1343.000	11.415
1344.000	11.415
1345.000	11.415
1346.000	11.415
1347.000	11.415
1348.000	11.415
1349.000	11.415
1350.000	11.415
1351.000	11.415
1352.000	11.415
1353.000	11.415
1354.000	11.415
1355.000	11.415
1356.000	11.415
1357.000	11.415
1358.000	11.415
1359.000	11.415
1360.000	11.415
1361.000	11.415
1362.000	11.415
1363.000	11.415
1364.000	11.415
1365.000	11.415
1366.000	11.415
1367.000	11.415
1368.000	11.415
1369.000	11.415
1370.000	11.415
1371.000	11.415
1372.000	11.415
1373.000	11.415
1374.000	11.415
1375.000	11.415
1376.000	11.415
1377.000	11.415
1378.000	11.415
1379.000	11.415
1380.000	11.415
1381.000	11.415
1382.000	11.415
1383.000	11.415
1384.000	11.415
1385.000	11.415
1386.000	11.415
1387.000	11.415
1388.000	11.415
1389.000	11.415
1390.000	11.415
1391.000	11.415
1392.000	11.415
1393.000	11.415
1394.000	11.415
1395.000	11.415
1396.000	11.415
1397.000	11.415
1398.000	11.415
1399.000	11.415
1400.000	11.415
1401.000	11.415
1402.000	11.415
1403.000	11.415
1404.000	11.415
1405.000	11.415
1406.000	11.415
1407.000	11.415
1408.000	11.415
1409.000	11.415
1410.000	11.415
1411.000	11.415
1412.000	11.415
1413.000	11.415
1414.000	11.415
1415.000	11.415
1416.000	11.415
1417.000	11.415
1418.000	11.415
1419.000	11.415
1420.000	11.415
1421.000	11.415
1422.000	11.415
1423.000	11.415
1424.000	11.415
1425.000	11.415
1426.000	11.415
1427.000	11.415
1428.000	11.415
1429.000	11.415
1430.000	11.415
1431.000	11.415
1432.000	11.415
1433.000	11.415
1434.000	11.415
1435.000	11.415
1436.000	11.415
1437.000	11.415
1438.000	11.415
1439.000	11.415
1440.000	11.415
1441.000	11.415
1442.000	11.415
1443.000	11.415
1444.000	11.415
1445.000	11.415
1446.000	11.415
1447.000	11.415
1448.000	11.415
1449.000	11.415
1450.000	11.415
1451.000	11.415
1452.000	11.415
1453.000	11.415
1454.000	11.415
1455.000	11.415
1456.000	11.415
1457.000	11.415
1458.000	11.415
1459.000	11.415
1460.000	11.415
1461.000	11.415
1462.000	11.415
1463.000	11.415
1464.000	11.415
1465.000	11.415
1466.000	11.415
1467.000	11.415
1468.000	11.415
1469.000	11.415
1470.000	11.415
1471.000	11.415
1472.000	11.415
1473.000	11.415
1474.000	11.415
1475.000	11.415
1476.000	11.415
1477.000	11.415
1478.000	11.415
1479.000	11.415
1480.000	11.415
1481.000	11.415
1482.000	11.415
1483.000	11.415
1484.000	11.415
1485.000	11.415
1486.000	11.415
1487.000	11.415
1488.000	11.415
1489.000	11.415
1490.000	11.415
1491.000	11.415
1492.000	11.415
1493.000	11.415
1494.000	11.415
1495.000	11.415
1496.000	11.415
1497.000	11.415
1498.000	11.415
1499.000	11.415
1500.000	11.415
1501.000	11.415
1502.000	11.415
1503.000	11.415
1504.000	11.415
1505.000	11.415
1506.000	11.415
1507.000	11.415
1508.000	11.415
1509.000	11.415
1510.000	11.415
1511.000	11.415
1512.000	11.415
1513.000	11.415
1514.000	11.415
1515.000	11.415
1516.000	11.415
1517.000	11.415
1518.000	11.415
1519.000	11.415
1520.000	11.415
1521.000	11.415
1522.000	11.415
1523.000	11.415
1524.000	11.415
1525.000	11.415
1526.000	11.415
1527.000	11.415
1528.000	11.415
1529.000	11.415
1530.000	11.415
1531.000	11.415
1532.000	11.415
1533.000	11.415
1534.000	11.415
1535.000	11.415
1536.000	11.415
1537.000	11.415
1538.000	11.415
1539.000	11.415
1540.000	11.415
1541.000	11.415
1542.000	11.415
1543.000	11.415
1544.000	11.415
1545.000	11.415
1546.000	11.415
1547.000	11.415
1548.000	11.415
1549.000	11.415
1550.000	11.415
1551.000	11.415
1552.000	11.415
1553.000	11.415
1554.000	11.415
1555.000	11.415
1556.000	11.415
1557.000	11.415
1558.000	11.415
1559.000	11.415
1560.000	11.415
1561.000	11.415
1562.000	11.415
1563.000	11.415
1564.000	11.415
1565.000	11.415
1566.000	11.415
1567.000	11.415
1568.000	11.415
1569.000	11.415
1570.000	11.415
1571.000	11.415
1572.000	11.415
1573.000	11.415
1574.000	11.415
1575.000	11.415
1576.000	11.415
1577.000	11.415
1578.000	11.415
1579.000	11.415
1580.000	11.415
1581.000	11.415
1582.000	11.415
1583.000	11.415
1584.000	11.415
1585.000	11.415
1586.000	11.415
1587.000	11.415
1588.000	11.415
1589.000	11.415
1590.000	11.415
1591.000	11.415
1592.000	11.415
1593.000	11.415
1594.000	11.415
1595.000	11.415
1596.000	11.415
1597.000	11.415
1598.000	11.415
1599.000	11.415
1600.000	11.415
1601.000	11.415
1602.000	11.415
1603.000	11.415
1604.000	11.415
1605.000	11.415
1606.000	11.415
1607.000	11.415
1608.000	11.415
1609.000	11.415
1610.000	11.415
1611.000	11.415
1612.000	11.415
1613.000	11.415
1614.000	11.415
1615.000	11.415
1616.000	11.415
1617.000	11.415
1618.000	11.415
1619.000	11.415
1620.000	11.415
1621.000	11.415
1622.000	11.415
1623.000	11.415
1624.000	11.415
1625.000	11.415
1626.000	11.415
1627.000	11.415
1628.000	11.415
1629.000	11.415
1630.000	11.415
1631.000	11.415
1632.000	11.415
1633.000	11.415
1634.000	11.415
1635.000	11.415
1636.000	11.415
1637.000	11.415
1638.000	11.415
1639.000	11.415
1640.000	11.415
1641.000	11.415
1642.000	11.415
1643.000	11.415
1644.000	11.415
1645.000	11.415
1646.000	11.415
1647.000	11.415
1648.000	11.415
1649.000	11.415
1650.000	11.415
1651.000	11.415
1652.000	11.415
1653.000	11.415
1654.000	11.415
1655.000	11.415
1656.000	11.415
1657.000	11.415
1658.000	11.415
1659.000	11.415
1660.000	11.415
1661.000	11.415
1662.000	11.415
1663.000	11.415
1664.000	11.415
1665.000	11.415
1666.000	11.415
1667.000	11.415
1668.000	11.415
1669.000	11.415
1670.000	11.415
1671.000	11.415
1672.000	11.415
1673.000	11.415
1674.000	11.415
1675.000	11.415
1676.000	11.415
1677.000	11.415
1678.000	11.415
1679.000	11.415
1680.000	11.415
1681.000	11.415
1682.000	11.415
1683.000	11.415
1684.000	11.415
1685.000	11.415
1686.000	11.415
1687.000	11.415
1688.000	11.415
1689.000	11.415
1690.000	11.415
1691.000	11.415
1692.000	11.415
1693.000	11.415
1694.000	11.415
1695.000	11.415
1696.000	11.415
1697.000	11.415
1698.000	11.415
1699.000	11.415
1700.000	11.415
1701.000	11.415
1702.000	11.415
1703.000	11.415
1704.000	11.415
1705.000	11.415
1706.000	11.415
1707.000	11.415
1708.000	11.415
1709.000	11.415
1710.000	11.415
1711.000	11.415
1712.000	11.415
1713.000	11.415
1714.000	11.415
1715.000	11.415
1716.000	11.415
1717.000	11.415
1718.000	11.415
1719.000	11.415
1720.000	11.415
1721.000	11.415
1722.000	11.415
1723.000	11.415
1724.000	11.415
1725.000	11.415
1726.000	11.415
1727.000	11.415
1728.000	11.415
1729.000	11.415
1730.000	11.415
1731.000	11.415
1732.000	11.415
1733.000	11.415
1734.000	11.415
1735.000	11.415
1736.000	11.415
1737.000	11.415
1738.000	11.415
1739.000	11.415
1740.000	11.415
1741.000	11.415
1742.000	11.415
1743.000	11.415
1744.000	11.415
1745.000	11.415
1746.000	11.415
1747.000	11.415
1748.000	11.415
1749.000	11.415
1750.000	11.415
1751.000	11.415
1752.000	11.415
1753.000	11.415
1754.000	11.415
1755.000	11.415
1756.000	11.415
1757.000	11.415
1758.000	11.415
1759.000	11.415
1760.000	11.415
1761.000	11.415
1762.000	11.415
1763.000	11.415
1764.000	11.415
1765.000	11.415
1766.000	11.415
1767.000	11.415
1768.000	11.415
1769.000	11.415
1770.000	11.415
1771.000	11.415
1772.000	11.415
1773.000	11.415
1774.000	11.415
1775.000	11.415
1776.000	11.415
1777.000	11.415
1778.000	11.415
1779.000	11.415
1780.000	11.415
1781.000	11.415
1782.000	11.415
1783.000	11.415
1784.000	11.415
1785.000	11.415
1786.000	11.415
1787.000	11.415
1788.000	11.415
1789.000	11.415
1790.000	11.415
1791.000	11.415
1792.000	11.415
1793.000	11.415
1794.000	11.415
1795.000	11.415
1796.000	11.415
1797.000	11.415
1798.000	11.415
1799.000	11.415
1800.000	11.415
1801.000	11.415
1802.000	11.415
1803.000	11.415
1804.000	11.415
1805.000	11.415
1806.000	11.415
1807.000	11.415
1808.000	11.415
1809.000	11.415
1810.000	11.415
1811.000	11.415
1812.000	11.415
1813.000	11.415
1814.000	11.415
1815.000	11.415
1816.000	11.415
1817.000	11.415
1818.000	11.415
1819.000	11.415
1820.000	11.415
1821.000	11.415
1822.000	11.415
1823.000	11.415
1824.000	11.415
1825.000	11.415
1826.000	11.415
1827.000	11.415
1828.000	11.415
1829.000	11.415
1830.000	11.415
1831.000	11.415
1832.000	11.415
1833.000	11.415
1834.000	11.415
1835.000	11.415
1836.000	11.415
1837.000	11.415
1838.000	11.415
1839.000	11.415
1840.000	11.415
1841.000	11.415
1842.000	11.415
1843.000	11.415
1844.000	11.415
1845.000	11.415
1846.000	11.415
1847.000	11.415
1848.000	11.415
1849.000	11.415
1850.000	11.415
1851.000	11.415
1852.000	11.415
1853.000	11.415
1854.000	11.415
1855.000	11.415
1856.000	11.415
1857.000	11.415
1858.000	11.415
1859.000	11.415
1860.000	11.415
1861.000	11.415
1862.000	11.415
1863.000	11.415
1864.000	11.415
1865.000	11.415
1866.000	11.415
1867.000	11.415
1868.000	11.415
1869.000	11.415
1870.000	11.415
1871.000	11.415
1872.000	11.415
1873.000	11.415
1874.000	11.415
1875.000	11.415
1876.000	11.415
1877.000	11.415
1878.000	11.415
1879.000	11.415
1880.000	11.415
1881.000	11.415
1882.000	11.415
1883.000	11.415
1884.000	11.415
1885.000	11.415
1886.000	11.415
1887.000	11.415
1888.000	11.415
1889.000	11.415
1890.000	11.415
1891.000	11.415
1892.000	11.415
1893.000	11.415
1894.000	11.415
1895.000	11.415
1896.000	11.415
1897.000	11.415
1898.000	11.415
1899.000	11.415
1900.000	11.415
1901.000	11.415
1902.000	11.415
1903.000	11.415
1904.000	11.415
1905.000	11.415
1906.000	11.415
1907.000	11.415
1908.000	11.415
1909.000	11.415
1910.000	11.415
1911.000	11.415
1912.000	11.415
1913.000	11.415
1914.000	11.415
1915.000	11.415
1916.000	11.415
1917.000	11.415
1918.000	11.415
1919.000	11.415
1920.000	11.415
1921.000	11.415
1922.000	11.415
1923.000	11.415
1924.000	11.415
1925.000	11.415
1926.000	11.415
1927.000	11.415
1928.000	11.415
1929.000	11.415
1930.000	11.415
1931.000	11.415
1932.000	11.415
1933.000	11.415
1934.000	11.415
1935.000	11.415
1936.000	11.415
1937.000	11.415
1938.000	11.415
1939.000	11.415
1940.000	11.415
1941.000	11.415
1942.000	11.415
1943.000	11.415
1944.000	11.415
1945.000	11.415
1946.000	11.415
1947.000	11.415
1948.000	11.415
1949.000	11.415
1950.000	11.415
1951.000	11.415
1952.000	11.415
1953.000	11.415
1954.000	11.415
1955.000	11.415
1956.000	11.415
1957.000	11.415
1958.000	11.415
1959.000	11.415
1960.000	11.415
1961.000	11.415
1962.000	11.415
1963.000	11.415
1964.000	11.415
1965.000	11.415
1966.000	11.415
1967.000	11.415
1968.000	11.415
1969.000	11.415
1970.000	11.415
1971.000	11.415
1972.000	11.415
1973.000	11.415
1974.000	11.415
1975.000	11.415
1976.000	11.415
1977.000	11.415
1978.000	11.415
1979.000	11.415
1980.000	11.415
1981.000	11.415
1982.000	11.415
1983.000	11.415
1984.000	11.415
1985.000	11.415
1986.000	11.415
1987.000	11.415
1988.000	11.415
1989.000	11.415
1990.000	11.415
1991.000	11.415
1992.000	11.415
1993.000	11.415
1994.000	11.415
1995.000	11.415
1996.000	11.415
1997.000	11.415
1998.000	11.415
1999.000	11.415
2000.000	11.415
2001.000	11.415
2002.000	11.415
2003.000	11.415
2004.000	11.415
2005.000	11.415
2006.000	11.415
2007.000	11.415
2008.000	11.415
2009.000	11.415
2010.000	11.415
2011.000	11.415
2012.000	11.415
2013.000	11.415
2014.000	11.415
2015.000	11.415
2016.000	11.415
2017.000	11.415
2018.000	11.415
2019.000	11.415
2020.000	11.415
2021.000	11.415
2022.000	11.415
2023.000	11.415
2024.000	11.415
2025.000	11.415
2026.000	11.415
2027.000	11.415
2028.000	11.415
2029.000	11.415
2030.000	11.415
2031.000	11.415
2032.000	11.415
2033.000	11.415
2034.000	11.415
2035.000	11.415
2036.000	11.415
2037.000	11.415
2038.000	11.415
2039.000	11.415
2040.000	11.415
2041.000	11.415
2042.000	11.415
2043.000	11.415
2044.000	11.415
2045.000	11.415
2046.000	11.415
2047.000	11.415
2048.000	11.415
2049.000	11.415
2050.000	11.415
2051.000	11.415
2052.000	11.415
2053.000	11.415
2054.000	11.415
2055.000	11.415
2056.000	11.415
2057.000	11.415
2058.000	11.415
2059.000	11.415
2060.000	11.415
2061.000	11.415
2062.000	11.415
2063.000	11.415
2064.000	11.415
2065.000	11.415
2066.000	11.415
2067.000	11.415
2068.000	11.415
2069.000	11.415
2070.000	11.415
2071.000	11.415
2072.000	11.415
2073.000	11.415
2074.000	11.415
2075.000	11.415
2076.000	11.415
2077.000	11.415
2078.000	11.415
2079.000	11.415
2080.000	11.415
2081.000	11.415
2082.000	11.415
2083.000	11.415
2084.000	11.415
2085.000	11.415
2086.000	11.415
2087.000	11.415
2088.000	11.415
2089.000	11.415
2090.000	11.415
2091.000	11.415
2092.000	11.415
2093.000	11.415
2094.000	11.415
2095.000	11.415
2096.000	11.415
2097.000	11.415
2098.000	11.415
2099.000	11.415
2100.000	11.415
2101.000	11.415
2102.000	11.415
2103.000	11.415
2104.000	11.415
2105.000	11.415
2106.000	11.415
2107.000	11.415
2108.000	11.415
2109.000	11.415
2110.000	11.415
2111.000	11.415
2112.000	11.415
2113.000	11.415
2114.000	11.415
2115.000	11.415
2116.000	11.415
2117.000	11.415
2118.000	11.415
2119.000	11.415
2120.000	11.415
2121.000	11.415
2122.000	11.415
2123.000	11.415
2124.000	11.415
2125.000	11.415
2126.000	11.415
2127.000	11.415
2128.000	11.415
2129.000	11.415
2130.000	11.415
2131.000	11.415
2132.000	11.415
2133.000	11.415
2134.000	11.415
2135.000	11.415
2136.000	11.415
2137.000	11.415
2138.000	11.415
2139.000	11.415
2140.000	11.415
2141.000	11.415
2142.000	11.415
2143.000	11.415
2144.000	11.415
2145.000	11.415
2146.000	11.415
2147.000	11.415
2148.000	11.415
2149.000	11.415
2150.000	11.415
2151.000	11.415
2152.000	11.415
2153.000	11.415
2154.000	11.415
2155.000	11.415
2156.000	11.415
2157.000	11.415
2158.000	11.415
2159.000	11.415
2160.000	11.415
2161.000	11.415
2162.000	11.415
2163.000	11.415
2164.000	11.415
2165.000	11.415
2166.000	11.415
2167.000	11.415
2168.000	11.415
2169.000	11.415
2170.000	11.415
2171.000	11.415
2172.000	11.415
2173.000	11.415
2174.000	11.415
2175.000	11.415
2176.000	11.415
2177.000	11.415
2178.000	11.415
2179.000	11.415
2180.000	11.415
2181.000	11.415
2182.000	11.415
2183.000	11.415
2184.000	11.415
2185.000	11.415
2186.000	11.415
2187.000	11.415
2188.000	11.415
2189.000	11.415
2190.000	11.415
2191.000	11.415
2192.000	11.415
2193.000	11.415
2194.000	11.415
2195.000	11.415
2196.000	11.415
2197.000	11.415
2198.000	11.415
2199.000	11.415
2200.000	11.415
2201.000	11.415
2202.000	11.415
2203.000	11.415
2204.000	11.415
2205.000	11.415
2206.000	11.415
2207.000	11.415
2208.000	11.415
2209.000	11.415
2210.000	11.415
2211.000	11.415
2212.000	11.415
2213.000	11.415
2214.000	11.415
2215.000	11.415
2216.000	11.415
2217.000	11.415
2218.000	11.415
2219.000	11.415
2220.000	11.415
2221.000	11.415
2222.000	11.415
2223.000	11.415
2224.000	11.415
2225.000	11.415
2226.000	11.415
2227.000	11.415
2228.000	11.415
2229.000	11.415
2230.000	11.415
2231.000	11.415
2232.000	11.415
2233.000	11.415
2234.000	11.415
2235.000	11.415
2236.000	11.415
2237.000	11.415
2238.000	11.415
2239.000	11.415
2240.000	11.415
2241.000	11.415
2242.000	11.415
2243.000	11.415
2244.000	11.415
2245.000	11.415
2246.000	11.415
2247.000	11.415
2248.000	11.415
2249.000	11.415
2250.000	11.415
2251.000	11.415
2252.000	11.415
2253.000	11.415
2254.000	11.415
2255.000	11.415
2256.000	11.415
2257.000	11.415
2258.000	11.415
2259.000	11.415
2260.000	11.415
2261.000	11.415
2262.000	11.415
2263.000	11.415
2264.000	11.415
2265.000	11.415
2266.000	11.415
2267.000	11.415
2268.000	11.415
2269.000	11.415
2270.000	11.415
2271.000	11.415
2272.000	11.415
2273.000	11.415
2274.000	11.415
2275.000	11.415
2276.000	11.415
2277.000	11.415
2278.000	11.415
2279.000	11.415
2280.000	11.415
2281.000	11.415
2282.000	11.415
2283.000	11.415
2284.000	11.415
2285.000	11.415
2286.000	11.415
2287.000	11.415
2288.000	11.415
2289.000	11.415
2290.000	11.415
2291.000	11.415
2292.000	11.415
2293.000	11.415
2294.000	11.415
2295.000	11.415
2296.000	11.415
2297.000	11.415
2298.000	11.415
2299.000	11.415
2300.000	11.415
2301.000	11.415
2302.000	11.415
2303.000	11.415
2304.000	11.415
2305.000	11.415
2306.000	11.415
2307.000	11.415
2308.000	11.415
2309.000	11.415
2310.000	11.415
2311.000	11.415
2312.000	11.415
2313.000	11.415
2314.000	11.415
2315.000	11.415
2316.000	11.415
2317.000	11.415
2318.000	11.415
2319.000	11.415
2320.000	11.415
2321.000	11.415
2322.000	11.415
2323.000	11.415
2324.000	11.415
2325.000	11.415
2326.000	11.415
2327.000	11.415
2328.000	11.415
2329.000	11.415
2330.000	11.415
2331.000	11.415
2332.000	11.415
2333.000	11.415
2334.000	11.415
2335.000	11.415
2336.000	11.415
2337.000	11.415
2338.000	11.415
2339.000	11.415
2340.000	11.415
2341.000	11.415
2342.000	11.415
2343.000	11.415
2344.000	11.415
2345.000	11.415
2346.000	11.415
2347.000	11.415
2348.000	11.415
2349.000	11.415
2350.000	11.415
2351.000	11.415
2352.000	11.415
2353.000	11.415
2354.000	11.415
2355.000	11.415
2356.000	11.415
2357.000	11.415
2358.000	11.415
2359.000	11.415
2360.000	11.415
2361.000	11.415
2362.000	11.415
2363.000	11.415
2364.000	11.415
2365.000	11.415
2366.000	11.415
2367.000	11.415
2368.000	11.415
2369.000	11.415
2370.000	11.415
2371.000	11.415
2372.000	11.415
2373.000	11.415
2374.000	11.415
2375.000	11.415
2376.000	11.415
2377.000	11.415
2378.000	11.415
2379.000	11.415
2380.000	11.415
2381.000	11.415
2382.000	11.415
2383.000	11.415
2384.000	11.415
2385.000	11.415
2386.000	11.415
2387.000	11.415
2388.000	11.415
2389.000	11.415
2390.000	11.415
2391.000	11.415
2392.000	11.415
2393.000	11.415
2394.000	11.415
2395.000	11.415
2396.000	11.415
2397.000	11.415
2398.000	11.415
2399.000	11.415
2400.000	11.415
2401.000	11.415
2402.000	11.415
2403.000	11.415
2404.000	11.415
2405.000	11.415
2406.000	11.415
2407.000	11.415
2408.000	11.415
2409.000	11.415
2410.000	11.415
2411.000	11.415
2412.000	11.415
2413.000	11.415
2414.000	11.415
2415.000	11.415
2416.000	11.415
2417.000	11.415
2418.000	11.415
2419.000	11.415
2420.000	11.415
2421.000	11.415
2422.000	11.415
2423.000	11.415
2424.000	11.415
2425.000	11.415
2426.000	11.415
2427.000	11.415
2428.000	11.415
2429.000	11.415
2430.000	11.415
2431.000	11.415
2432.000	11.415
2433.000	11.415
2434.000	11.415
2435.000	11.415
2436.000	11.415
2437.000	11.415
2438.000	11.415
2439.000	11.415
2440.000	11.415
2441.000	11.415
2442.000	11.415
2443.000	11.415
2444.000	11.415
2445.000	11.415
2446.000	11.415
2447.000	11.415
2448.000	11.415
2449.000	11.415
2450.000	11.415
2451.000	11.415
2452.000	11.415
2453.000	11.415
2454.000	11.415
2455.000	11.415
2456.000	11.415
2457.000	11.415
2458.000	11.415
2459.000	11.415
2460.000	11.415
2461.000	11.415
2462.000	11.415
2463.000	11.415
2464.000	11.415
2465.000	11.415
2466.000	11.415
2467.000	11.415
2468.000	11.415
2469.000	11.415
2470.000	11.415
2471.000	11.415
2472.000	11.415
2473.000	11.415
2474.000	11.415
2475.000	11.415
2476.000	11.415
2477.000	11.415
2478.000	11.415
2479.000	11.415
2480.000	11.415
2481.000	11.415
2482.000	11.415
2483.000	11.415
2484.000	11.415
2485.000	11.415
2486.000	11.415
2487.000	11.415
2488.000	11.415
2489.000	11.415
2490.000	11.415
2491.000	11.415
2492.000	11.415
2493.000	11.415
2494.000	11.415
2495.000	11.415
2496.000	11.415
2497.000	11.415
2498.000	11.415
2499.000	11.415
2500.000	11.415
2501.000	11.415
2502.000	11.415
2503.000	11.415
2504.000	11.415
2505.000	11.415
2506.000	11.415
2507.000	11.415
2508.000	11.415
2509.000	11.415
2510.000	11.415
2511.000	11.415
2512.000	11.415
2513.000	11.415
2514.000	11.415
2515.000	11.415
2516.000	11.415
2517.000	11.415
2518.000	11.415
2519.000	11.415
2520.000	11.415
2521.000	11.415
2522.000	11.415
2523.000	11.415
2524.000	11.415
2525.000	11.415
2526.000	11.415
2527.000	11.415
2528.000	11.415
2529.000	11.415
2530.000	11.415
2531.000	11.415
2532.000	11.415
2533.000	11.415
2534.000	11.415
2535.000	11.415
2536.000	11.415
2537.000	11.415
2538.000	11.415
2539.000	11.415
2540.000	11.415
2541.000	11.415
2542.000	11.415
2543.000	11.415
2544.000	11.415
2545.000	11.415
2546.000	11.415
2547.000	11.415
2548.000	11.415
2549.000	11.415
2550.000	11.415
2551.000	11.415
2552.000	11.415
2553.000	11.415
2554.000	11.415
2555.000	11.415
2556.000	11.415
2557.000	11.415
2558.000	11.415
2559.000	11.415
2560.000	11.415
2561.000	11.415
2562.000	11.415
2563.000	11.415
2564.000	11.415
2565.000	11.415
2566.000	11.415
2567.000	11.415
2568.000	11.415
2569.000	11.415
2570.000	11.415
2571.000	11.415
2572.000	11.415
2573.000	11.415
2574.000	11.415
2575.000	11.415
2576.000	11.415
2577.000	11.415
2578.000	11.415
2579.000	11.415
2580.000	11.415
2581.000	11.415
2582.000	11.415
2583.000	11.415
2584.000	11.415
2585.000	11.415
2586.000	11.415
2587.000	11.415
2588.000	11.415
2589.000	11.415
2590.000	11.415
2591.000	11.415
2592.000	11.415
2593.000	11.415
2594.000	11.415
2595.000	11.415
2596.000	11.415
2597.000	11.415
2598.000	11.415
2599.000	11.415
2600.000	11.415
2601.000	11.415
2602.000	11.415
2603.000	11.415
2604.000	11.415
2605.000	11.415
2606.000	11.415
2607.000	11.415
2608.000	11.415
2609.000	11.415
2610.000	11.415
2611.000	11.415
2612.000	11.415
2613.000	11.415
2614.000	11.415
2615.000	11.415
2616.000	11.415
2617.000	11.415
2618.000	11.415
2619.000	11.415
2620.000	11.415
2621.000	11.415
2622.000	11.415
2623.000	11.415
2624.000	11.415
2625.000	11.415
2626.000	11.415
2627.000	11.415
2628.000	11.415
2629.000	11.415
2630.000	11.415
2631.000	11.415
2632.000	11.415
2633.000	11.415
2634.000	11.415
2635.000	11.415
2636.000	11.415
2637.000	11.415
2638.000	11.415
2639.000	11.415
2640.000	11.415
2641.000	11.415
2642.000	11.415
2643.000	11.415
2644.000	11.415
2645.000	11.415
2646.000	11.415
2647.000	11.415
2648.000	11.415
2649.000	11.415
2650.000	11.415
2651.000	11.415
2652.000	11.415
2653.000	11.415
2654.000	11.415
2655.000	11.415
2656.000	11.415
2657.000	11.415
2658.000	11.415
2659.000	11.415
2660.000	11.415
2661.000	11.415
2662.000	11.415
2663.000	11.415
2664.000	11.415
2665.000	11.415
2666.000	11.415
2667.000	11.415
2668.000	11.415
2669.000	11.415
2670.000	11.415
2671.000	11.415
2672.000	11.415
2673.000	11.415
2674.000	11.415
2675.000	11.415
2676.000	11.415
2677.000	11.415
2678.000	11.415
2679.000	11.415
2680.000	11.415
2681.000	11.415
2682.000	11.415
2683.000	11.415
2684.000	11.415
2685.000	11.415
2686.000	11.415
2687.000	11.415
2688.000	11.415
2689.000	11.415
2690.000	11.415
2691.000	11.415
2692.000	11.415
2693.000	11.415
2694.000	11.415
2695.000	11.415
2696.000	11.415
2697.000	11.415
2698.000	11.415
2699.000	11.415
2700.000	11.415
2701.000	11.415
2702.000	11.415
2703.000	11.415
2704.000	11.415
2705.000	11.415
2706.000	11.415
2707.000	11.415
2708.000	11.415
2709.000	11.415
2710.000	11.415
2711.000	11.415
2712.000	11.415
2713.000	11.415
2714.000	11.415
2715.000	11.415
2716.000	11.415
2717.000	11.415
2718.000	11.415
2719.000	11.415
2720.000	11.415
2721.000	11.415
2722.000	11.415
2723.000	11.415
2724.000	11.415
2725.000	11.415
2726.000	11.415
2727.000	11.415
2728.000	11.415
2729.000	11.415
2730.000	11.415
2731.000	11.415
2732.000	11.415
2733.000	11.415
2734.000	11.415
2735.000	11.415
2736.000	11.415
2737.000	11.415
2738.000	11.415
2739.000	11.415
2740.000	11.415
2741.000	11.415
2742.000	11.415
2743.000	11.415
2744.000	11.415
2745.000	11.415
2746.000	11.415
2747.000	11.415
2748.000	11.415
2749.000	11.415
2750.000	11.415
2751.000	11.415
2752.000	11.415
2753.000	11.415
2754.000	11.415
2755.000	11.415
2756.000	11.415
2757.000	11.415
2758.000	11.415
2759.000	11.415
2760.000	11.415
2761.000	11.415
2762.000	11.415
2763.000	11.415
2764.000	11.415
2765.000	11.415
2766.000	11.415
2767.000	11.415
2768.000	11.415
2769.000	11.415
2770.000	11.415
2771.000	11.415
2772.000	11.415
2773.000	11.415
2774.000	11.415
2775.000	11.415
2776.000	11.415
2777.000	11.415
2778.000	11.415
2779.000	11.415
2780.000	11.415
2781.000	11.415
2782.000	11.415
2783.000	11.415
2784.000	11.415
2785.000	11.415
2786.000	11.415
2787.000	11.415
2788.000	11.415
2789.000	11.415
2790.000	11.415
2791.000	11.415
2792.000	11.415
2793.000	11.415
2794.000	11.415
2795.000	11.415
2796.000	11.415
2797.000	11.415
2798.000	11.415
2799.000	11.415
2800.000	11.415
2801.000	11.415
2802.000	11.415
2803.000	11.415
2804.000	11.415
2805.000	11.415
2806.000	11.415
2807.000	11.415
2808.000	11.415
2809.000	11.415
2810.000	11.415
2811.000	11.415
2812.000	11.415
2813.000	11.415
2814.000	11.415
2815.000	11.415
2816.000	11.415
2817.000	11.415
2818.000	11.415
2819.000	11.415
2820.000	11.415
2821.000	11.415
2822.000	11.415
2823.000	11.415
2824.000	11.415
2825.000	11.415
2826.000	11.415
2827.000	11.415
2828.000	11.415
2829.000	11.415
2830.000	11.415
2831.000	11.415
2832.000	11.415
2833.000	11.415
2834.000	11.415
2835.000	11.415
2836.000	11.415
2837.000	11.415
2838.000	11.415
2839.000	11.415
2840.000	11.415
2841.000	11.415
2842.000	11.415
2843.000	11.415
2844.000	11.415
2845.000	11.415
2846.000	11.415
2847.000	11.415
2848.000	11.415
2849.000	11.415
2850.000	11.415
2851.000	11.415
2852.000	11.415
2853.000	11.415
2854.000	11.415
2855.000	11.415
2856.000	11.415
2857.000	11.415
2858.000	11.415
2859.000	11.415
2860.000	11.415
2861.000	11.415
2862.000	11.415
2863.000	11.415
2864.000	11.415
2865.000	11.415
2866.000	11.415
2867.000	11.415
2868.000	11.415
2869.000	11.415
2870.000	11.415
2871.000	11.415
2872.000	11.415
2873.000	11.415
2874.000	11.415
2875.000	11.415
2876.000	11.415
2877.000	11.415
2878.000	11.415
2879.000	11.415
2880.000	11.415
2881.000	11.415
2882.000	11.415
2883.000	11.415
2884.000	11.415
2885.000	11.415
2886.000	11.415
2887.000	11.415
2888.000	11.415
2889.000	11.415
2890.000	11.415
2891.000	11.415
2892.000	11.415
2893.000	11.415
2894.000	11.415
2895.000	11.415
2896.000	11.415
2897.000	11.415
2898.000	11.415
2899.000	11.415
2900.000	11.415
2901.000	11.415
2902.000	11.415
2903.000	11.415
2904.000	11.415
2905.000	11.415
2906.000	11.415
2907.000	11.415
2908.000	11.415
2909.000	11.415
2910.000	11.415
2911.000	11.415
2912.000	11.415
2913.000	11.415
2914.000	11.415
2915.000	11.415
2916.000	11.415
2917.000	11.415
2918.000	11.415
2919.000	11.415
2920.000	11.415
2921.000	11.415
2922.000	11.415
2923.000	11.415
2924.000	11.415
2925.000	11.415
2926.000	11.415
2927.000	11.415
2928.000	11.415
2929.000	11.415
2930.000	11.415
2931.000	11.415
2932.000	11.415
2933.000	11.415
2934.000	11.415
2935.000	11.415
2936.000	11.415
2937.000	11.415
2938.000	11.415
2939.000	11.415
2940.000	11.415
2941.000	11.415
2942.000	11.415
2943.000	11.415
2944.000	11.415
2945.000	11.415
2946.000	11.415
2947.000	11.415
2948.000	11.415
2949.000	11.415
2950.000	11.415
2951.000	11.415
2952.000	11.415
2953.000	11.415
2954.000	11.415
2955.000	11.415
2956.000	11.415
2957.000	11.415
2958.000	11.415
2959.000	11.415
2960.000	11.415
2961.000	11.415
2962.000	11.415
2963.000	11.415
2964.000	11.415
2965.000	11.415
2966.000	11.415
2967.000	11.415
2968.000	11.415
2969.000	11.415
2970.000	11.415
2971.000	11.415
2972.000	11.415
2973.000	11.415
2974.000	11.415
2975.000	11.415
2976.000	11.415
2977.000	11.415
2978.000	11.415
2979.000	11.415
2980.000	11.415
2981.000	11.415
2982.000	11.415
2983.000	11.415
2984.000	11.415
2985.000	11.415
2986.000	11.415
2987.000	11.415
2988.000	11.415
2989.000	11.415
2990.000	11.415
2991.000	11.415
2992.000	11.415
2993.000	11.415
2994.000	11.415
2995.000	11.415
2996.000	11.415
2997.000	11.415
2998.000	11.415
2999.000	11.415
3000.000	11.415
3001.000	11.415
3002.000	11.415
3003.000	11.415
3004.000	11.415
3005.000	11.415
3006.000	11.415
3007.000	11.415
3008.000	11.415
3009.000	11.415
3010.000	11.415
3011.000	11.415
3012.000	11.415
3013.000	11.415
3014.000	11.415
3015.000	11.415
3016.000	11.415
3017.000	11.415
3018.000	11.415
3019.000	11.408
3020.000	11.401
3021.000	11.395
3022.000	11.388
3023.000	11.381
3024.000	11.374
3025.000	11.367
3026.000	11.360
3027.000	11.353
3028.000	11.346
3029.000	11.343
3030.000	11.336
3031.000	11.329
3032.000	11.322
3033.000	11.315
3034.000	11.308
3035.000	11.301
3036.000	11.294
3037.000	11.287
3038.000	11.280
3039.000	11.273
3040.000	11.270
3041.000	11.263
3042.000	11.256
3043.000	11.249
3044.000	11.242
3045.000	11.235
3046.000	11.228
3047.000	11.221
3048.000	11.214
3049.000	11.207
3050.000	11.200
3051.000	11.197
3052.000	11.190
3053.000	11.183
3054.000	11.176
3055.000	11.169
3056.000	11.161
3057.000	11.154
3058.000	11.147
3059.000	11.140
3060.000	11.133
3061.000	11.126
3062.000	11.123
3063.000	11.116
3064.000	11.109
3065.000	11.102
3066.000	11.095
3067.000	11.088
3068.000	11.081
3069.000	11.073
3070.000	11.066
3071.000	11.059
3072.000	11.052
3073.000	11.049
3074.000	11.042
3075.000	11.035
3076.000	11.028
3077.000	11.021
3078.000	11.014
3079.000	11.006
3080.000	10.999
3081.000	10.992
3082.000	10.985
3083.000	10.978
3084.000	10.975
3085.000	10.968
3086.000	10.961
3087.000	10.953
3088.000	10.946
3089.000	10.939
3090.000	10.932
3091.000	10.925
3092.000	10.917
3093.000	10.910
3094.000	10.903
3095.000	10.896
3096.000	10.893
3097.000	10.886
3098.000	10.879
3099.000	10.871
3100.000	10.864
3101.000	10.857
3102.000	10.850
3103.000	10.843
3104.000	10.835
3105.000	10.828
3106.000	10.821
3107.000	10.818
3108.000	10.811
3109.000	10.803
3110.000	10.796
3111.000	10.789
3112.000	10.782
3113.000	10.774
3114.000	10.767
3115.000	10.760
3116.000	10.753
3117.000	10.745
3118.000	10.743
3119.000	10.735
3120.000	10.728
3121.000	10.721
3122.000	10.713
3123.000	10.706
3124.000	10.699
3125.000	10.692
3126.000	10.684
3127.000	10.677
3128.000	10.670
3129.000	10.667
3130.000	10.660
3131.000	10.652
3132.000	10.645
3133.000	10.638
3134.000	10.630
3135.000	10.623
3136.000	10.616
3137.000	10.608
3138.000	10.601
3139.000	10.594
3140.000	10.591
3141.000	10.583
3142.000	10.576
3143.000	10.569
3144.000	10.561
3145.000	10.554
3146.000	10.547
3147.000	10.539
3148.000	10.532
3149.000	10.525
3150.000	10.517
3151.000	10.514
3152.000	10.507
3153.000	10.500
3154.000	10.492
3155.000	10.485
3156.000	10.477
3157.000	10.470
3158.000	10.463
3159.000	10.455
3160.000	10.448
3161.000	10.440
3162.000	10.433
3163.000	10.430
3164.000	10.423
3165.000	10.415
3166.000	10.408
3167.000	10.400
3168.000	10.393
3169.000	10.386
3170.000	10.378
3171.000	10.371
3172.000	10.363
3173.000	10.356
3174.000	10.353
3175.000	10.346
3176.000	10.338
3177.000	10.331
3178.000	10.323
3179.000	10.316
3180.000	10.308
3181.000	10.301
3182.000	10.293
3183.000	10.286
3184.000	10.278
3185.000	10.276
3186.000	10.268
3187.000	10.261
3188.000	10.253
3189.000	10.246
3190.000	10.238
3191.000	10.231
3192.000	10.223
3193.000	10.216
3194.000	10.208
3195.000	10.201
3196.000	10.198
3197.000	10.190
3198.000	10.183
3199.000	10.175
3200.000	10.168
3201.000	10.160
3202.000	10.153
3203.000	10.145
3204.000	10.138
3205.000	10.130
3206.000	10.122
3207.000	10.120
3208.000	10.112
3209.000	10.104
3210.000	10.097
3211.000	10.089
3212.000	10.082
3213.000	10.074
3214.000	10.067
3215.000	10.059
3216.000	10.052
3217.000	10.044
3218.000	10.041
3219.000	10.034
3220.000	10.026
3221.000	10.018
3222.000	10.011
3223.000	10.003
3224.000	9.996
3225.000	9.988
3226.000	9.980
3227.000	9.973
3228.000	9.965
3229.000	9.962
3230.000	9.955
3231.000	9.947
3232.000	9.939
3233.000	9.932
3234.000	9.924
3235.000	9.917
3236.000	9.909
3237.000	9.901
3238.000	9.894
3239.000	9.886
3240.000	9.878
3241.000	9.876
3242.000	9.868
3243.000	9.860
3244.000	9.853
3245.000	9.845
3246.000	9.837
3247.000	9.830
3248.000	9.822
3249.000	9.814
3250.000	9.807
3251.000	9.799
3252.000	9.796
3253.000	9.788
3254.000	9.781
3255.000	9.773
3256.000	9.765
3257.000	9.758
3258.000	9.750
3259.000	9.742
3260.000	9.735
3261.000	9.727
3262.000	9.719
3263.000	9.716
3264.000	9.709
3265.000	9.701
3266.000	9.693
3267.000	9.686
3268.000	9.678
3269.000	9.670
3270.000	9.662
3271.000	9.655
3272.000	9.647
3273.000	9.639
3274.000	9.636
3275.000	9.629
3276.000	9.621
3277.000	9.613
3278.000	9.605
3279.000	9.598
3280.000	9.590
3281.000	9.582
3282.000	9.574
3283.000	9.566
3284.000	9.559
3285.000	9.556
3286.000	9.548
3287.000	9.540
3288.000	9.533
3289.000	9.525
3290.000	9.517
3291.000	9.509
3292.000	9.501
3293.000	9.494
3294.000	9.486
3295.000	9.478
3296.000	9.475
3297.000	9.467
3298.000	9.459
3299.000	9.452
3300.000	9.444
3301.000	9.436
3302.000	9.428
3303.000	9.420
3304.000	9.413
3305.000	9.405
3306.000	9.397
3307.000	9.389
3308.000	9.386
3309.000	9.378
3310.000	9.371
3311.000	9.363
3312.000	9.355
3313.000	9.347
3314.000	9.339
3315.000	9.331
3316.000	9.323
3317.000	9.316
3318.000	9.308
3319.000	9.305
3320.000	9.297
3321.000	9.289
3322.000	9.281
3323.000	9.273
3324.000	9.266
3325.000	9.258
3326.000	9.250
3327.000	9.242
3328.000	9.234
3329.000	9.226
3330.000	9.223
3331.000	9.215
3332.000	9.207
3333.000	9.195
3334.000	9.192
3335.000	9.189
3336.000	9.186
3337.000	9.184
3338.000	9.181
3339.000	9.178
3340.000	9.175
3341.000	9.172
3342.000	9.169
3343.000	9.166
3344.000	9.163
3345.000	9.160
3346.000	9.158
3347.000	9.155
3348.000	9.152
3349.000	9.149
3350.000	9.146
3351.000	9.143
3352.000	9.140
3353.000	9.137
3354.000	9.134
3355.000	9.131
3356.000	9.129
3357.000	9.126
3358.000	9.123
3359.000	9.120
3360.000	9.117
3361.000	9.114
3362.000	9.111
3363.000	9.108
3364.000	9.105
3365.000	9.102
3366.000	9.100
3367.000	9.097
3368.000	9.094
3369.000	9.091
3370.000	9.088
3371.000	9.085
3372.000	9.082
3373.000	9.079
3374.000	9.076
3375.000	9.074
3376.000	9.071
3377.000	9.068
3378.000	9.065
3379.000	9.062
3380.000	9.059
3381.000	9.056
3382.000	9.053
3383.000	9.050
3384.000	9.047
3385.000	9.045
3386.000	9.042
3387.000	9.039
3388.000	9.036
3389.000	9.033
3390.000	9.030
3391.000	9.027
3392.000	9.024
3393.000	9.021
3394.000	9.019
3395.000	9.016
3396.000	9.013
3397.000	9.010
3398.000	9.007
3399.000	9.004
3400.000	9.001
3401.000	8.998
3402.000	8.995
3403.000	8.992
3404.000	8.990
3405.000	8.987
3406.000	8.984
3407.000	8.981
3408.000	8.978
3409.000	8.975
3410.000	8.972
3411.000	8.969
3412.000	8.966
3413.000	8.964
3414.000	8.961
3415.000	8.958
3416.000	8.955
3417.000	8.952
3418.000	8.949
3419.000	8.946
3420.000	8.943
3421.000	8.940
3422.000	8.937
3423.000	8.935
3424.000	8.932
3425.000	8.929
3426.000	8.926
3427.000	8.923
3428.000	8.920
3429.000	8.917
3430.000	8.914
3431.000	8.911
3432.000	8.909
3433.000	8.906
3434.000	8.903
3435.000	8.900
3436.000	8.897
3437.000	8.894
3438.000	8.891
3439.000	8.888
3440.000	8.885
3441.000	8.882
3442.000	8.880
3443.000	8.877
3444.000	8.874
3445.000	8.871
3446.000	8.868
3447.000	8.865
3448.000	8.862
3449.000	8.859
3450.000	8.856
3451.000	8.854
3452.000	8.851
3453.000	8.848
3454.000	8.845
3455.000	8.842
3456.000	8.839
3457.000	8.836
3458.000	8.833
3459.000	8.830
3460.000	8.827
3461.000	8.825
3462.000	8.822
3463.000	8.819
3464.000	8.816
3465.000	8.813
3466.000	8.810
3467.000	8.807
3468.000	8.804
3469.000	8.801
3470.000	8.799
3471.000	8.796
3472.000	8.793
3473.000	8.790
3474.000	8.787
3475.000	8.784
3476.000	8.781
3477.000	8.778
3478.000	8.775
3479.000	8.772
3480.000	8.770
3481.000	8.767
3482.000	8.764
3483.000	8.761
3484.000	8.758
3485.000	8.755
3486.000	8.752
3487.000	8.749
3488.000	8.746
3489.000	8.744
3490.000	8.741
3491.000	8.738
3492.000	8.735
3493.000	8.732
3494.000	8.729
3495.000	8.726
3496.000	8.723
3497.000	8.720
3498.000	8.717
3499.000	8.715
3500.000	8.712
3501.000	8.709
3502.000	8.706
3503.000	8.703
3504.000	8.700
3505.000	8.697
3506.000	8.694
3507.000	8.691
3508.000	8.688
3509.000	8.686
3510.000	8.683
3511.000	8.680
3512.000	8.677
3513.000	8.674
3514.000	8.671
3515.000	8.668
3516.000	8.665
3517.000	8.662
3518.000	8.660
3519.000	8.657
3520.000	8.654
3521.000	8.651
3522.000	8.648
3523.000	8.645
3524.000	8.642
3525.000	8.639
3526.000	8.636
3527.000	8.633
3528.000	8.631
3529.000	8.628
3530.000	8.625
3531.000	8.622
3532.000	8.619
3533.000	8.616
3534.000	8.613
3535.000	8.610
3536.000	8.607
3537.000	8.605
3538.000	8.602
3539.000	8.599
3540.000	8.596
3541.000	8.593
3542.000	8.590
3543.000	8.587
3544.000	8.584
3545.000	8.581
3546.000	8.578
3547.000	8.576
3548.000	8.573
3549.000	8.570
3550.000	8.567
3551.000	8.564
3552.000	8.561
3553.000	8.558
3554.000	8.555
3555.000	8.552
3556.000	8.550
3557.000	8.547
3558.000	8.544
3559.000	8.541
3560.000	8.538
3561.000	8.535
3562.000	8.532
3563.000	8.529
3564.000	8.526
3565.000	8.523
3566.000	8.521
3567.000	8.518
3568.000	8.515
3569.000	8.512
3570.000	8.509
3571.000	8.506
3572.000	8.503
3573.000	8.500
3574.000	8.497
3575.000	8.495
3576.000	8.492
3577.000	8.489
3578.000	8.486
3579.000	8.483
3580.000	8.480
3581.000	8.477
3582.000	8.474
3583.000	8.471
3584.000	8.468
3585.000	8.466
3586.000	8.463
3587.000	8.460
3588.000	8.457
3589.000	8.454
3590.000	8.451
3591.000	8.448
3592.000	8.445
3593.000	8.442
3594.000	8.440
3595.000	8.437
3596.000	8.434
3597.000	8.431
3598.000	8.428
3599.000	8.425
3600.000	8.422
3601.000	8.419
3602.000	8.416
3603.000	8.413
3604.000	8.411
3605.000	8.408
3606.000	8.405
3607.000	8.402
3608.000	8.399
3609.000	8.396
3610.000	8.393
3611.000	8.390
3612.000	8.387
3613.000	8.385
3614.000	8.382
3615.000	8.379
3616.000	8.376
3617.000	8.373
3618.000	8.370
3619.000	8.367
3620.000	8.364
3621.000	8.361
3622.000	8.358
3623.000	8.356
3624.000	8.353
3625.000	8.350
3626.000	8.347
3627.000	8.344
3628.000	8.341
3629.000	8.338
3630.000	8.335
3631.000	8.332
3632.000	8.330
3633.000	8.327
3634.000	8.324
3635.000	8.321
3636.000	8.318
3637.000	8.315
3638.000	8.312
3639.000	8.309
3640.000	8.306
3641.000	8.303
3642.000	8.301
3643.000	8.298
3644.000	8.295
3645.000	8.292
3646.000	8.289
3647.000	8.286
3648.000	8.283
3649.000	8.280
3650.000	8.277
3651.000	8.274
3652.000	8.272
3653.000	8.269
3654.000	8.266
3655.000	8.263
3656.000	8.260
3657.000	8.257
3658.000	8.254
3659.000	8.251
3660.000	8.248
3661.000	8.246
3662.000	8.243
3663.000	8.240
3664.000	8.237
3665.000	8.234
3666.000	8.231
3667.000	8.228
3668.000	8.225
3669.000	8.222
3670.000	8.219
3671.000	8.217
3672.000	8.214
3673.000	8.211
3674.000	8.208
3675.000	8.205
3676.000	8.202
3677.000	8.199
3678.000	8.196
3679.000	8.193
3680.000	8.191
3681.000	8.188
3682.000	8.185
3683.000	8.182
3684.000	8.179
3685.000	8.176
3686.000	8.173
3687.000	8.170
3688.000	8.167
3689.000	8.164
3690.000	8.162
3691.000	8.159
3692.000	8.156
3693.000	8.153
3694.000	8.150
3695.000	8.147
3696.000	8.144
3697.000	8.141
3698.000	8.138
3699.000	8.136
3700.000	8.133
3701.000	8.130
3702.000	8.127
3703.000	8.124
3704.000	8.121
3705.000	8.118
3706.000	8.115
3707.000	8.112
3708.000	8.109
3709.000	8.107
3710.000	8.104
3711.000	8.101
3712.000	8.098
3713.000	8.095
3714.000	8.092
3715.000	8.089
3716.000	8.086
3717.000	8.083
3718.000	8.080
3719.000	8.078
3720.000	8.075
3721.000	8.072
3722.000	8.069
3723.000	8.066
3724.000	8.063
3725.000	8.060
3726.000	8.057
3727.000	8.054
3728.000	8.052
3729.000	8.049
3730.000	8.046
3731.000	8.043
3732.000	8.040
3733.000	8.037
3734.000	8.034
3735.000	8.031
3736.000	8.028
3737.000	8.025
3738.000	8.023
3739.000	8.020
3740.000	8.017
3741.000	8.014
3742.000	8.011
3743.000	8.008
3744.000	8.005
3745.000	8.002
3746.000	7.999
3747.000	7.996
3748.000	7.993
3749.000	7.991
3750.000	7.988
3751.000	7.985
3752.000	7.982
3753.000	7.979
3754.000	7.976
3755.000	7.973
3756.000	7.970
3757.000	7.967
3758.000	7.965
3759.000	7.962
3760.000	7.959
3761.000	7.956
3762.000	7.953
3763.000	7.950
3764.000	7.947
3765.000	7.944
3766.000	7.941
3767.000	7.938
3768.000	7.936
3769.000	7.933
3770.000	7.930
3771.000	7.927
3772.000	7.924
3773.000	7.921
3774.000	7.918
3775.000	7.915
3776.000	7.912
3777.000	7.909
3778.000	7.907
3779.000	7.904
3780.000	7.901
3781.000	7.898
3782.000	7.895
3783.000	7.892
3784.000	7.889
3785.000	7.886
3786.000	7.883
3787.000	7.881
3788.000	7.878
3789.000	7.875
3790.000	7.872
3791.000	7.869
3792.000	7.866
3793.000	7.863
3794.000	7.860
3795.000	7.857
3796.000	7.854
3797.000	7.852
3798.000	7.849
3799.000	7.846
3800.000	7.843
3801.000	7.840
3802.000	7.837
3803.000	7.834
3804.000	7.831
3805.000	7.828
3806.000	7.826
3807.000	7.823
3808.000	7.820
3809.000	7.817
3810.000	7.814
3811.000	7.811
3812.000	7.808
3813.000	7.805
3814.000	7.802
3815.000	7.799
3816.000	7.797
3817.000	7.794
3818.000	7.791
3819.000	7.788
3820.000	7.785
3821.000	7.782
3822.000	7.779
3823.000	7.776
3824.000	7.773
3825.000	7.771
3826.000	7.768
3827.000	7.765
3828.000	7.762
3829.000	7.759
3830.000	7.756
3831.000	7.753
3832.000	7.750
3833.000	7.747
3834.000	7.744
3835.000	7.742
3836.000	7.739
3837.000	7.736
3838.000	7.733
3839.000	7.730
3840.000	7.727
3841.000	7.724
3842.000	7.721
3843.000	7.718
3844.000	7.716
3845.000	7.713
3846.000	7.710
3847.000	7.707
3848.000	7.704
3849.000	7.701
3850.000	7.698
3851.000	7.695
3852.000	7.692
3853.000	7.689
3854.000	7.687
3855.000	7.684
3856.000	7.681
3857.000	7.678
3858.000	7.675
3859.000	7.672
3860.000	7.669
3861.000	7.666
3862.000	7.663
3863.000	7.661
3864.000	7.658
3865.000	7.655
3866.000	7.652
3867.000	7.649
3868.000	7.646
3869.000	7.643
3870.000	7.640
3871.000	7.637
3872.000	7.634
3873.000	7.632
3874.000	7.629
3875.000	7.626
3876.000	7.623
3877.000	7.620
3878.000	7.617
3879.000	7.614
3880.000	7.611
3881.000	7.608
3882.000	7.606
3883.000	7.603
3884.000	7.600
3885.000	7.597
3886.000	7.594
3887.000	7.591
3888.000	7.588
3889.000	7.585
3890.000	7.582
3891.000	7.579
3892.000	7.577
3893.000	7.574
3894.000	7.571
3895.000	7.568
3896.000	7.565
3897.000	7.562
3898.000	7.559
3899.000	7.556
3900.000	7.553
3901.000	7.551
3902.000	7.548
3903.000	7.545
3904.000	7.542
3905.000	7.539
3906.000	7.536
3907.000	7.533
3908.000	7.530
3909.000	7.527
3910.000	7.524
3911.000	7.522
3912.000	7.519
3913.000	7.516
3914.000	7.513
3915.000	7.510
3916.000	7.507
3917.000	7.504
3918.000	7.501
3919.000	7.498
3920.000	7.496
3921.000	7.493
3922.000	7.490
3923.000	7.487
3924.000	7.484
3925.000	7.481
3926.000	7.478
3927.000	7.475
3928.000	7.472
3929.000	7.469
3930.000	7.467
3931.000	7.464
3932.000	7.461
3933.000	7.458
3934.000	7.455
3935.000	7.452
3936.000	7.449
3937.000	7.446
3938.000	7.443
3939.000	7.440
3940.000	7.438
3941.000	7.435
3942.000	7.432
3943.000	7.429
3944.000	7.426
3945.000	7.423
3946.000	7.420
3947.000	7.417
3948.000	7.414
3949.000	7.412
3950.000	7.409
3951.000	7.406
3952.000	7.403
3953.000	7.400
3954.000	7.397
3955.000	7.394
3956.000	7.391
3957.000	7.388
3958.000	7.385
3959.000	7.383
3960.000	7.380
3961.000	7.377
3962.000	7.374
3963.000	7.371
3964.000	7.368
3965.000	7.365
3966.000	7.362
3967.000	7.359
3968.000	7.357
3969.000	7.354
3970.000	7.351
3971.000	7.348
3972.000	7.345
3973.000	7.342
3974.000	7.339
3975.000	7.336
3976.000	7.333
3977.000	7.330
3978.000	7.328
3979.000	7.325
3980.000	7.322
3981.000	7.319
3982.000	7.316
3983.000	7.313
3984.000	7.310
3985.000	7.307
3986.000	7.304
3987.000	7.302
3988.000	7.299
3989.000	7.296
3990.000	7.293
3991.000	7.290
3992.000	7.287
3993.000	7.284
3994.000	7.281
3995.000	7.278
3996.000	7.275
3997.000	7.273
3998.000	7.270
3999.000	7.267
4000.000	7.264
4001.000	7.261
4002.000	7.258
4003.000	7.255
4004.000	7.252
4005.000	7.249
4006.000	7.247
4007.000	7.244
4008.000	7.241
4009.000	7.238
4010.000	7.235
4011.000	7.232
4012.000	7.229
4013.000	7.226
4014.000	7.223
4015.000	7.220
4016.000	7.218
4017.000	7.215
4018.000	7.212
4019.000	7.209
4020.000	7.206
4021.000	7.203
4022.000	7.200
4023.000	7.197
4024.000	7.194
4025.000	7.192
4026.000	7.189
4027.000	7.186
4028.000	7.183
4029.000	7.180
4030.000	7.177
4031.000	7.174
4032.000	7.171
4033.000	7.168
4034.000	7.165
4035.000	7.163
4036.000	7.160
4037.000	7.157
4038.000	7.154
4039.000	7.151
4040.000	7.148
4041.000	7.144
4042.000	7.141
4043.000	7.138
4044.000	7.135
4045.000	7.133
4046.000	7.130
4047.000	7.127
4048.000	7.124
4049.000	7.121
4050.000	7.118
4051.000	7.115
4052.000	7.112
4053.000	7.109
4054.000	7.106
4055.000	7.104
4056.000	7.101
4057.000	7.098
4058.000	7.095
4059.000	7.092
4060.000	7.089
4061.000	7.086
4062.000	7.083
4063.000	7.080
4064.000	7.078
4065.000	7.075
4066.000	7.072
4067.000	7.068
4068.000	7.065
4069.000	7.062
4070.000	7.059
4071.000	7.056
4072.000	7.053
4073.000	7.050
4074.000	7.047
4075.000	7.045
4076.000	7.042
4077.000	7.039
4078.000	7.036
4079.000	7.033
4080.000	7.030
4081.000	7.027
4082.000	7.024
4083.000	7.021
4084.000	7.019
4085.000	7.016
4086.000	7.013
4087.000	7.010
4088.000	7.007
4089.000	7.004
4090.000	6.974
4091.000	6.971
4092.000	6.968
4093.000	6.965
4094.000	0.000
4095.000	0.000
