0.000	21.632
1.000	21.632
2.000	21.632
3.000	21.632
4.000	21.632
5.000	21.632
6.000	21.614
7.000	21.614
8.000	21.614
9.000	21.614
10.000	21.614
11.000	21.614
12.000	21.614
13.000	21.614
14.000	21.614
15.000	21.614
16.000	21.614
17.000	21.530
18.000	21.530
19.000	21.446
20.000	21.361
21.000	21.280
22.000	21.198
23.000	21.116
24.000	21.035
25.000	20.953
26.000	20.874
27.000	20.795
28.000	20.716
29.000	20.716
30.000	20.637
31.000	20.558
32.000	20.482
33.000	20.405
34.000	20.328
35.000	20.251
36.000	20.174
37.000	20.100
38.000	20.025
39.000	19.951
40.000	19.951
41.000	19.878
42.000	19.805
43.000	19.734
44.000	19.663
45.000	19.594
46.000	19.594
47.000	19.594
48.000	19.594
49.000	19.594
50.000	19.594
51.000	19.594
52.000	19.594
53.000	19.594
54.000	19.594
55.000	19.594
56.000	19.594
57.000	19.594
58.000	19.594
59.000	19.594
60.000	19.594
61.000	19.594
62.000	19.594
63.000	19.594
64.000	19.594
65.000	19.594
66.000	19.594
67.000	19.594
68.000	19.594
69.000	19.594
70.000	19.594
71.000	19.594
72.000	19.594
73.000	19.594
74.000	19.594
75.000	19.594
76.000	19.594
77.000	19.594
78.000	19.594
79.000	19.594
80.000	19.594
81.000	19.594
82.000	19.594
83.000	19.594
84.000	19.594
85.000	19.594
86.000	19.594
87.000	19.594
88.000	19.594
89.000	19.594
90.000	19.594
91.000	19.594
92.000	19.594
93.000	19.594
94.000	19.594
95.000	19.594
96.000	19.594
97.000	19.594
98.000	19.594
99.000	19.594
100.000	19.594
101.000	19.594
102.000	19.594
103.000	19.594
104.000	19.594
105.000	19.594
106.000	19.594
107.000	19.594
108.000	19.594
109.000	19.594
110.000	19.594
111.000	19.594
112.000	19.594
113.000	19.594
114.000	19.594
115.000	19.594
116.000	19.594
117.000	19.594
118.000	19.594
119.000	19.594
120.000	19.594
121.000	19.594
122.000	19.594
123.000	19.594
124.000	19.594
125.000	19.594
126.000	19.594
127.000	19.594
128.000	19.594
129.000	19.594
130.000	19.594
131.000	19.594
132.000	19.594
133.000	19.594
134.000	19.594
135.000	19.594
136.000	19.594
137.000	19.594
138.000	19.594
139.000	19.594
140.000	19.594
141.000	19.594
142.000	19.594
143.000	19.594
144.000	19.594
145.000	19.594
146.000	19.594
147.000	19.594
148.000	19.594
149.000	19.594
150.000	19.594
151.000	19.594
152.000	19.594
153.000	19.594
154.000	19.594
155.000	19.594
156.000	19.594
157.000	19.594
158.000	19.594
159.000	19.594
160.000	19.594
161.000	19.594
162.000	19.594
163.000	19.594
164.000	19.594
165.000	19.594
166.000	19.594
167.000	19.594
168.000	19.594
169.000	19.594
170.000	19.594
171.000	19.594
172.000	19.594
173.000	19.594
174.000	19.594
175.000	19.594
176.000	19.594
177.000	19.594
178.000	19.594
179.000	19.594
180.000	19.594
181.000	19.594
182.000	19.579
183.000	19.557
184.000	19.528
185.000	19.528
186.000	19.492
187.000	19.449
188.000	19.400
189.000	19.351
190.000	19.302
191.000	19.253
192.000	19.204
193.000	19.155
194.000	19.107
195.000	19.058
196.000	19.058
197.000	19.010
198.000	18.961
199.000	18.913
200.000	18.865
201.000	18.817
202.000	18.769
203.000	18.721
204.000	18.673
205.000	18.626
206.000	18.579
207.000	18.579
208.000	18.531
209.000	18.484
210.000	18.437
211.000	18.390
212.000	18.343
213.000	18.296
214.000	18.250
215.000	18.203
216.000	18.157
217.000	18.110
218.000	17.670
219.000	17.623
220.000	17.577
221.000	17.531
222.000	17.485
223.000	17.440
224.000	17.394
225.000	17.348
226.000	17.303
227.000	17.258
228.000	17.213
229.000	17.167
230.000	17.166
231.000	17.121
232.000	17.076
233.000	17.031
234.000	16.987
235.000	16.942
236.000	16.897
237.000	16.853
238.000	16.809
239.000	16.765
240.000	16.721
241.000	16.719
242.000	16.675
243.000	16.631
244.000	16.587
245.000	16.544
246.000	16.500
247.000	16.456
248.000	16.413
249.000	16.370
250.000	16.333
251.000	16.303
252.000	16.301
253.000	16.276
254.000	16.257
255.000	16.244
256.000	16.237
257.000	16.236
258.000	16.235
259.000	16.233
260.000	16.232
261.000	16.231
262.000	16.229
263.000	16.228
264.000	16.226
265.000	16.225
266.000	16.224
267.000	16.222
268.000	16.221
269.000	16.220
270.000	16.218
271.000	16.217
272.000	16.215
273.000	16.213
274.000	16.212
275.000	16.210
276.000	16.209
277.000	16.206
278.000	16.169
279.000	16.133
280.000	16.096
281.000	16.060
282.000	16.023
283.000	15.987
284.000	15.951
285.000	15.949
286.000	15.913
287.000	15.877
288.000	15.841
289.000	15.805
290.000	15.769
291.000	15.734
292.000	15.698
293.000	15.662
294.000	15.627
295.000	15.592
296.000	15.590
297.000	15.555
298.000	15.520
299.000	15.484
300.000	15.449
301.000	15.414
302.000	15.380
303.000	15.345
304.000	15.310
305.000	15.275
306.000	15.241
307.000	15.206
308.000	15.205
309.000	15.170
310.000	15.136
311.000	15.102
312.000	15.067
313.000	15.033
314.000	14.999
315.000	14.965
316.000	14.931
317.000	14.898
318.000	14.864
319.000	14.862
320.000	14.829
321.000	14.795
322.000	14.761
323.000	14.728
324.000	14.695
325.000	14.661
326.000	14.628
327.000	14.595
328.000	14.562
329.000	14.529
330.000	14.527
331.000	14.494
332.000	14.461
333.000	14.429
334.000	14.396
335.000	14.363
336.000	14.331
337.000	14.298
338.000	14.265
339.000	14.233
340.000	14.201
341.000	14.199
342.000	14.167
343.000	14.135
344.000	14.102
345.000	14.070
346.000	14.038
347.000	14.006
348.000	13.974
349.000	13.942
350.000	13.911
351.000	13.879
352.000	13.878
353.000	13.846
354.000	13.814
355.000	13.783
356.000	13.751
357.000	13.720
358.000	13.689
359.000	13.658
360.000	13.626
361.000	13.596
362.000	13.565
363.000	13.564
364.000	13.534
365.000	13.532
366.000	13.531
367.000	13.529
368.000	13.528
369.000	13.527
370.000	13.525
371.000	13.524
372.000	13.523
373.000	13.521
374.000	13.520
375.000	13.518
376.000	13.517
377.000	13.516
378.000	13.514
379.000	13.513
380.000	13.512
381.000	13.510
382.000	13.509
383.000	13.507
384.000	13.506
385.000	13.505
386.000	13.503
387.000	13.502
388.000	13.501
389.000	13.499
390.000	13.498
391.000	13.496
392.000	13.495
393.000	13.494
394.000	13.492
395.000	13.491
396.000	13.490
397.000	13.488
398.000	13.487
399.000	13.486
400.000	13.484
401.000	13.483
402.000	13.481
403.000	13.480
404.000	13.479
405.000	13.477
406.000	13.474
407.000	13.442
408.000	13.441
409.000	13.409
410.000	13.377
411.000	13.345
412.000	13.314
413.000	13.282
414.000	13.251
415.000	13.219
416.000	13.188
417.000	13.157
418.000	13.126
419.000	13.124
420.000	13.093
421.000	13.062
422.000	13.031
423.000	13.000
424.000	12.970
425.000	12.939
426.000	12.908
427.000	12.878
428.000	12.847
429.000	12.817
430.000	12.815
431.000	12.785
432.000	12.755
433.000	12.724
434.000	12.694
435.000	12.664
436.000	12.634
437.000	12.604
438.000	12.574
439.000	12.544
440.000	12.515
441.000	12.485
442.000	12.484
443.000	12.454
444.000	12.424
445.000	12.395
446.000	12.366
447.000	12.336
448.000	12.307
449.000	12.277
450.000	12.248
451.000	12.219
452.000	12.190
453.000	12.189
454.000	12.160
455.000	12.131
456.000	12.102
457.000	12.074
458.000	12.045
459.000	12.016
460.000	11.987
461.000	11.959
462.000	11.931
463.000	11.902
464.000	11.902
465.000	11.874
466.000	11.845
467.000	11.817
468.000	11.789
469.000	11.761
470.000	11.733
471.000	11.705
472.000	11.677
473.000	11.649
474.000	11.622
475.000	11.622
476.000	11.594
477.000	11.566
478.000	11.538
479.000	11.511
480.000	11.483
481.000	11.456
482.000	11.428
483.000	11.401
484.000	11.374
485.000	11.347
486.000	11.347
487.000	11.319
488.000	11.292
489.000	11.265
490.000	11.238
491.000	11.211
492.000	11.184
493.000	11.157
494.000	11.131
495.000	11.104
496.000	11.077
497.000	11.077
498.000	11.051
499.000	11.024
500.000	10.998
501.000	10.971
502.000	10.945
503.000	10.919
504.000	10.892
505.000	10.866
506.000	10.840
507.000	10.814
508.000	10.814
509.000	10.788
510.000	10.762
511.000	10.736
512.000	10.710
513.000	10.684
514.000	10.658
515.000	10.632
516.000	10.607
517.000	10.581
518.000	10.556
519.000	10.532
520.000	10.532
521.000	10.532
522.000	10.532
523.000	10.532
524.000	10.532
525.000	10.532
526.000	10.532
527.000	10.532
528.000	10.532
529.000	10.532
530.000	10.532
531.000	10.532
532.000	10.532
533.000	10.532
534.000	10.532
535.000	10.532
536.000	10.532
537.000	10.532
538.000	10.532
539.000	10.532
540.000	10.532
541.000	10.532
542.000	10.532
543.000	10.532
544.000	10.532
545.000	10.532
546.000	10.532
547.000	10.532
548.000	10.532
549.000	10.532
550.000	10.532
551.000	10.532
552.000	10.532
553.000	10.532
554.000	10.532
555.000	10.532
556.000	10.532
557.000	10.532
558.000	10.532
559.000	10.532
560.000	10.532
561.000	10.532
562.000	10.532
563.000	10.532
564.000	10.532
565.000	10.532
566.000	10.532
567.000	10.532
568.000	10.532
569.000	10.532
570.000	10.532
571.000	10.532
572.000	10.532
573.000	10.532
574.000	10.532
575.000	10.532
576.000	10.532
577.000	10.532
578.000	10.532
579.000	10.532
580.000	10.532
581.000	10.532
582.000	10.532
583.000	10.532
584.000	10.532
585.000	10.532
586.000	10.532
587.000	10.532
588.000	10.532
589.000	10.532
590.000	10.532
591.000	10.532
592.000	10.532
593.000	10.532
594.000	10.532
595.000	10.532
596.000	10.532
597.000	10.532
598.000	10.532
599.000	10.532
600.000	10.532
601.000	10.532
602.000	10.532
603.000	10.532
604.000	10.532
605.000	10.532
606.000	10.532
607.000	10.532
608.000	10.532
609.000	10.532
610.000	10.532
611.000	10.532
612.000	10.532
613.000	10.532
614.000	10.532
615.000	10.532
616.000	10.532
617.000	10.532
618.000	10.532
619.000	10.532
620.000	10.532
621.000	10.532
622.000	10.532
623.000	10.532
624.000	10.532
625.000	10.532
626.000	10.532
627.000	10.532
628.000	10.532
629.000	10.532
630.000	10.532
631.000	10.532
632.000	10.532
633.000	10.532
634.000	10.532
635.000	10.532
636.000	10.532
637.000	10.532
638.000	10.532
639.000	10.532
640.000	10.532
641.000	10.532
642.000	10.532
643.000	10.532
644.000	10.532
645.000	10.532
646.000	10.532
647.000	10.532
648.000	10.532
649.000	10.532
650.000	10.532
651.000	10.532
652.000	10.532
653.000	10.532
654.000	10.532
655.000	10.532
656.000	10.532
657.000	10.532
658.000	10.532
659.000	10.532
660.000	10.532
661.000	10.532
662.000	10.532
663.000	10.532
664.000	10.532
665.000	10.532
666.000	10.532
667.000	10.532
668.000	10.532
669.000	10.532
670.000	10.532
671.000	10.532
672.000	10.532
673.000	10.532
674.000	10.532
675.000	10.532
676.000	10.532
677.000	10.511
678.000	10.490
679.000	10.470
680.000	10.449
681.000	10.428
682.000	10.408
683.000	10.387
684.000	10.366
685.000	10.346
686.000	10.325
687.000	10.325
688.000	10.305
689.000	10.284
690.000	10.264
691.000	10.243
692.000	10.223
693.000	10.203
694.000	10.182
695.000	10.162
696.000	10.141
697.000	10.121
698.000	10.121
699.000	10.101
700.000	10.081
701.000	10.060
702.000	10.040
703.000	10.020
704.000	10.000
705.000	9.980
706.000	9.960
707.000	9.940
708.000	9.920
709.000	9.920
710.000	9.900
711.000	9.880
712.000	9.860
713.000	9.840
714.000	9.820
715.000	9.800
716.000	9.780
717.000	9.760
718.000	9.740
719.000	9.721
720.000	9.721
721.000	9.701
722.000	9.681
723.000	9.661
724.000	9.642
725.000	9.622
726.000	9.603
727.000	9.583
728.000	9.563
729.000	9.544
730.000	9.524
731.000	9.505
732.000	9.505
733.000	9.485
734.000	9.466
735.000	9.446
736.000	9.427
737.000	9.408
738.000	9.388
739.000	9.369
740.000	9.349
741.000	9.330
742.000	9.311
743.000	9.311
744.000	9.292
745.000	9.272
746.000	9.253
747.000	9.234
748.000	9.215
749.000	9.196
750.000	9.177
751.000	9.158
752.000	9.139
753.000	9.119
754.000	9.119
755.000	9.100
756.000	9.081
757.000	9.062
758.000	9.043
759.000	9.025
760.000	9.006
761.000	8.987
762.000	8.968
763.000	8.949
764.000	8.930
765.000	8.930
766.000	8.911
767.000	8.892
768.000	8.874
769.000	8.855
770.000	8.836
771.000	8.818
772.000	8.799
773.000	8.780
774.000	8.762
775.000	8.743
776.000	8.743
777.000	8.724
778.000	8.706
779.000	8.687
780.000	8.669
781.000	8.650
782.000	8.632
783.000	8.613
784.000	8.595
785.000	8.576
786.000	8.558
787.000	8.558
788.000	8.540
789.000	8.521
790.000	8.503
791.000	8.485
792.000	8.466
793.000	8.448
794.000	8.430
795.000	8.412
796.000	8.393
797.000	8.375
798.000	8.357
799.000	8.357
800.000	8.339
801.000	8.321
802.000	8.303
803.000	8.285
804.000	8.267
805.000	8.249
806.000	8.231
807.000	8.213
808.000	8.195
809.000	8.177
810.000	8.177
811.000	8.159
812.000	8.141
813.000	8.123
814.000	8.105
815.000	8.087
816.000	8.069
817.000	8.052
818.000	8.034
819.000	8.016
820.000	7.998
821.000	7.998
822.000	7.981
823.000	7.963
824.000	7.945
825.000	7.928
826.000	7.910
827.000	7.892
828.000	7.875
829.000	7.857
830.000	7.839
831.000	7.822
832.000	7.822
833.000	7.804
834.000	7.787
835.000	7.769
836.000	7.752
837.000	7.734
838.000	7.717
839.000	7.699
840.000	7.682
841.000	7.665
842.000	7.665
843.000	7.665
844.000	7.665
845.000	7.665
846.000	7.665
847.000	7.665
848.000	7.665
849.000	7.665
850.000	7.665
851.000	7.665
852.000	7.665
853.000	7.665
854.000	7.665
855.000	7.665
856.000	7.665
857.000	7.665
858.000	7.665
859.000	7.665
860.000	7.665
861.000	7.665
862.000	7.665
863.000	7.665
864.000	7.665
865.000	7.665
866.000	7.665
867.000	7.665
868.000	7.665
869.000	7.665
870.000	7.665
871.000	7.665
872.000	7.665
873.000	7.665
874.000	7.665
875.000	7.665
876.000	7.665
877.000	7.665
878.000	7.665
879.000	7.665
880.000	7.665
881.000	7.665
882.000	7.665
883.000	7.665
884.000	7.665
885.000	7.665
886.000	7.665
887.000	7.665
888.000	7.665
889.000	7.665
890.000	7.665
891.000	7.665
892.000	7.665
893.000	7.665
894.000	7.665
895.000	7.665
896.000	7.665
897.000	7.665
898.000	7.665
899.000	7.665
900.000	7.665
901.000	7.665
902.000	7.665
903.000	7.665
904.000	7.665
905.000	7.665
906.000	7.665
907.000	7.665
908.000	7.665
909.000	7.665
910.000	7.665
911.000	7.665
912.000	7.665
913.000	7.665
914.000	7.665
915.000	7.665
916.000	7.665
917.000	7.665
918.000	7.665
919.000	7.665
920.000	7.665
921.000	7.665
922.000	7.665
923.000	7.665
924.000	7.665
925.000	7.665
926.000	7.665
927.000	7.665
928.000	7.665
929.000	7.665
930.000	7.665
931.000	7.665
932.000	7.665
933.000	7.665
934.000	7.665
935.000	7.665
936.000	7.665
937.000	7.665
938.000	7.665
939.000	7.665
940.000	7.665
941.000	7.665
942.000	7.665
943.000	7.665
944.000	7.665
945.000	7.665
946.000	7.665
947.000	7.665
948.000	7.665
949.000	7.665
950.000	7.665
951.000	7.665
952.000	7.665
953.000	7.665
954.000	7.665
955.000	7.665
956.000	7.665
957.000	7.665
958.000	7.665
959.000	7.665
960.000	7.665
961.000	7.665
962.000	7.665
963.000	7.665
964.000	7.665
965.000	7.665
966.000	7.665
967.000	7.665
968.000	7.665
969.000	7.665
970.000	7.665
971.000	7.665
972.000	7.665
973.000	7.665
974.000	7.665
975.000	7.665
976.000	7.665
977.000	7.665
978.000	7.665
979.000	7.665
980.000	7.665
981.000	7.665
982.000	7.665
983.000	7.665
984.000	7.665
985.000	7.665
986.000	7.665
987.000	7.665
988.000	7.665
989.000	7.665
990.000	7.665
991.000	7.665
992.000	7.665
993.000	7.665
994.000	7.665
995.000	7.665
996.000	7.665
997.000	7.665
998.000	7.665
999.000	7.665
1000.000	7.665
1001.000	7.665
1002.000	7.665
1003.000	7.665
1004.000	7.665
1005.000	7.665
1006.000	7.665
1007.000	7.665
1008.000	7.665
1009.000	7.665
1010.000	7.665
1011.000	7.665
1012.000	7.665
1013.000	7.665
1014.000	7.665
1015.000	7.665
1016.000	7.665
1017.000	7.665
1018.000	7.665
1019.000	7.665
1020.000	7.665
1021.000	7.665
1022.000	7.665
1023.000	7.665
1024.000	7.665
1025.000	7.665
1026.000	7.665
1027.000	7.665
1028.000	7.665
1029.000	7.665
1030.000	7.665
1031.000	7.665
1032.000	7.665
1033.000	7.665
1034.000	7.665
1035.000	7.665
1036.000	7.665
1037.000	7.665
1038.000	7.665
1039.000	7.665
1040.000	7.665
1041.000	7.665
1042.000	7.665
1043.000	7.665
1044.000	7.665
1045.000	7.665
1046.000	7.665
1047.000	7.665
1048.000	7.665
1049.000	7.665
1050.000	7.665
1051.000	7.665
1052.000	7.665
1053.000	7.665
1054.000	7.665
1055.000	7.665
1056.000	7.665
1057.000	7.665
1058.000	7.665
1059.000	7.665
1060.000	7.665
1061.000	7.665
1062.000	7.665
1063.000	7.665
1064.000	7.665
1065.000	7.665
1066.000	7.665
1067.000	7.665
1068.000	7.665
1069.000	7.665
1070.000	7.665
1071.000	7.665
1072.000	7.665
1073.000	7.665
1074.000	7.665
1075.000	7.665
1076.000	7.665
1077.000	7.665
1078.000	7.665
1079.000	7.665
1080.000	7.665
1081.000	7.665
1082.000	7.665
1083.000	7.665
1084.000	7.665
1085.000	7.665
1086.000	7.665
1087.000	7.665
1088.000	7.665
1089.000	7.665
1090.000	7.665
1091.000	7.665
1092.000	7.665
1093.000	7.665
1094.000	7.665
1095.000	7.665
1096.000	7.665
1097.000	7.665
1098.000	7.665
1099.000	7.665
1100.000	7.665
1101.000	7.665
1102.000	7.665
1103.000	7.665
1104.000	7.665
1105.000	7.665
1106.000	7.665
1107.000	7.665
1108.000	7.665
1109.000	7.665
1110.000	7.665
1111.000	7.665
1112.000	7.665
1113.000	7.665
1114.000	7.665
1115.000	7.665
1116.000	7.665
1117.000	7.665
1118.000	7.665
1119.000	7.665
1120.000	7.665
1121.000	7.665
1122.000	7.665
1123.000	7.665
1124.000	7.665
1125.000	7.665
1126.000	7.665
1127.000	7.665
1128.000	7.665
1129.000	7.665
1130.000	7.665
1131.000	7.665
1132.000	7.665
1133.000	7.665
1134.000	7.665
1135.000	7.665
1136.000	7.665
1137.000	7.665
1138.000	7.665
1139.000	7.665
1140.000	7.665
1141.000	7.665
1142.000	7.665
1143.000	7.665
1144.000	7.665
1145.000	7.665
1146.000	7.665
1147.000	7.665
1148.000	7.665
1149.000	7.665
1150.000	7.665
1151.000	7.665
1152.000	7.665
1153.000	7.665
1154.000	7.665
1155.000	7.665
1156.000	7.665
1157.000	7.665
1158.000	7.665
1159.000	7.665
1160.000	7.665
1161.000	7.665
1162.000	7.665
1163.000	7.665
1164.000	7.665
1165.000	7.665
1166.000	7.665
1167.000	7.665
1168.000	7.665
1169.000	7.665
1170.000	7.665
1171.000	7.665
1172.000	7.665
1173.000	7.665
1174.000	7.665
1175.000	7.665
1176.000	7.665
1177.000	7.665
1178.000	7.665
1179.000	7.665
1180.000	7.665
1181.000	7.665
1182.000	7.665
1183.000	7.665
1184.000	7.665
1185.000	7.665
1186.000	7.665
1187.000	7.665
1188.000	7.665
1189.000	7.665
1190.000	7.665
1191.000	7.665
1192.000	7.665
1193.000	7.665
1194.000	7.665
1195.000	7.665
1196.000	7.665
1197.000	7.665
1198.000	7.665
1199.000	7.665
1200.000	7.665
1201.000	7.665
1202.000	7.665
1203.000	7.665
1204.000	7.665
1205.000	7.665
1206.000	7.665
1207.000	7.665
1208.000	7.665
1209.000	7.665
1210.000	7.665
1211.000	7.665
1212.000	7.665
1213.000	7.665
1214.000	7.665
1215.000	7.665
1216.000	7.665
1217.000	7.665
1218.000	7.665
1219.000	7.665
1220.000	7.665
1221.000	7.665
1222.000	7.665
1223.000	7.665
1224.000	7.665
1225.000	7.665
1226.000	7.665
1227.000	7.665
1228.000	7.665
1229.000	7.665
1230.000	7.665
1231.000	7.665
1232.000	7.665
1233.000	7.665
1234.000	7.665
1235.000	7.665
1236.000	7.665
1237.000	7.665
1238.000	7.665
1239.000	7.665
1240.000	7.665
1241.000	7.665
1242.000	7.665
1243.000	7.665
1244.000	7.665
1245.000	7.665
1246.000	7.665
1247.000	7.665
1248.000	7.665
1249.000	7.665
1250.000	7.665
1251.000	7.665
1252.000	7.665
1253.000	7.665
1254.000	7.665
1255.000	7.665
1256.000	7.665
1257.000	7.665
1258.000	7.665
1259.000	7.665
1260.000	7.665
1261.000	7.665
1262.000	7.665
1263.000	7.665
1264.000	7.665
1265.000	7.665
1266.000	7.665
1267.000	7.665
1268.000	7.665
1269.000	7.665
1270.000	7.665
1271.000	7.665
1272.000	7.665
1273.000	7.665
1274.000	7.665
1275.000	7.665
1276.000	7.665
1277.000	7.665
1278.000	7.665
1279.000	7.665
1280.000	7.665
1281.000	7.665
1282.000	7.665
1283.000	7.665
1284.000	7.665
1285.000	7.665
1286.000	7.665
1287.000	7.665
1288.000	7.665
1289.000	7.665
1290.000	7.665
1291.000	7.665
1292.000	7.665
1293.000	7.665
1294.000	7.665
1295.000	7.665
1296.000	7.665
1297.000	7.665
1298.000	7.665
1299.000	7.665
1300.000	7.665
1301.000	7.665
1302.000	7.665
1303.000	7.665
1304.000	7.665
1305.000	7.665
1306.000	7.665
1307.000	7.665
1308.000	7.665
1309.000	7.665
1310.000	7.665
1311.000	7.665
1312.000	7.665
1313.000	7.665
1314.000	7.665
1315.000	7.665
1316.000	7.665
1317.000	7.665
1318.000	7.665
1319.000	7.665
1320.000	7.665
1321.000	7.665
1322.000	7.665
1323.000	7.665
1324.000	7.665
1325.000	7.665
1326.000	7.665
1327.000	7.665
1328.000	7.665
1329.000	7.665
1330.000	7.665
1331.000	7.665
1332.000	7.665
1333.000	7.665
1334.000	7.665
1335.000	7.665
1336.000	7.665
1337.000	7.665
1338.000	7.665
1339.000	7.665
1340.000	7.665
1341.000	7.665
1342.000	7.665
1343.000	7.665
1344.000	7.665
1345.000	7.665
1346.000	7.665
1347.000	7.665
1348.000	7.665
1349.000	7.665
1350.000	7.665
1351.000	7.665
1352.000	7.665
1353.000	7.665
1354.000	7.665
1355.000	7.665
1356.000	7.665
1357.000	7.665
1358.000	7.665
1359.000	7.665
1360.000	7.665
1361.000	7.665
1362.000	7.665
1363.000	7.665
1364.000	7.665
1365.000	7.665
1366.000	7.665
1367.000	7.665
1368.000	7.665
1369.000	7.665
1370.000	7.665
1371.000	7.665
1372.000	7.665
1373.000	7.665
1374.000	7.665
1375.000	7.665
1376.000	7.665
1377.000	7.665
1378.000	7.665
1379.000	7.665
1380.000	7.665
1381.000	7.665
1382.000	7.665
1383.000	7.665
1384.000	7.665
1385.000	7.665
1386.000	7.665
1387.000	7.665
1388.000	7.665
1389.000	7.665
1390.000	7.665
1391.000	7.665
1392.000	7.665
1393.000	7.665
1394.000	7.665
1395.000	7.665
1396.000	7.665
1397.000	7.665
1398.000	7.665
1399.000	7.665
1400.000	7.665
1401.000	7.665
1402.000	7.665
1403.000	7.665
1404.000	7.665
1405.000	7.665
1406.000	7.665
1407.000	7.665
1408.000	7.665
1409.000	7.665
1410.000	7.665
1411.000	7.665
1412.000	7.665
1413.000	7.665
1414.000	7.665
1415.000	7.665
1416.000	7.665
1417.000	7.665
1418.000	7.665
1419.000	7.665
1420.000	7.665
1421.000	7.665
1422.000	7.665
1423.000	7.665
1424.000	7.665
1425.000	7.665
1426.000	7.665
1427.000	7.665
1428.000	7.665
1429.000	7.665
1430.000	7.665
1431.000	7.665
1432.000	7.665
1433.000	7.665
1434.000	7.665
1435.000	7.665
1436.000	7.665
1437.000	7.665
1438.000	7.665
1439.000	7.665
1440.000	7.665
1441.000	7.665
1442.000	7.665
1443.000	7.665
1444.000	7.665
1445.000	7.665
1446.000	7.665
1447.000	7.665
1448.000	7.665
1449.000	7.665
1450.000	7.665
1451.000	7.665
1452.000	7.665
1453.000	7.665
1454.000	7.665
1455.000	7.665
1456.000	7.665
1457.000	7.665
1458.000	7.665
1459.000	7.665
1460.000	7.665
1461.000	7.665
1462.000	7.665
1463.000	7.665
1464.000	7.665
1465.000	7.665
1466.000	7.665
1467.000	7.665
1468.000	7.665
1469.000	7.665
1470.000	7.665
1471.000	7.665
1472.000	7.665
1473.000	7.665
1474.000	7.665
1475.000	7.665
1476.000	7.665
1477.000	7.665
1478.000	7.665
1479.000	7.665
1480.000	7.665
1481.000	7.665
1482.000	7.665
1483.000	7.665
1484.000	7.665
1485.000	7.665
1486.000	7.665
1487.000	7.665
1488.000	7.665
1489.000	7.665
1490.000	7.665
1491.000	7.665
1492.000	7.665
1493.000	7.665
1494.000	7.665
1495.000	7.665
1496.000	7.665
1497.000	7.665
1498.000	7.665
1499.000	7.665
1500.000	7.665
1501.000	7.665
1502.000	7.665
1503.000	7.665
1504.000	7.665
1505.000	7.665
1506.000	7.665
1507.000	7.665
1508.000	7.665
1509.000	7.665
1510.000	7.665
1511.000	7.665
1512.000	7.665
1513.000	7.665
1514.000	7.665
1515.000	7.665
1516.000	7.665
1517.000	7.665
1518.000	7.665
1519.000	7.665
1520.000	7.665
1521.000	7.665
1522.000	7.665
1523.000	7.665
1524.000	7.665
1525.000	7.665
1526.000	7.665
1527.000	7.665
1528.000	7.665
1529.000	7.665
1530.000	7.665
1531.000	7.665
1532.000	7.665
1533.000	7.665
1534.000	7.665
1535.000	7.665
1536.000	7.665
1537.000	7.665
1538.000	7.665
1539.000	7.665
1540.000	7.665
1541.000	7.665
1542.000	7.665
1543.000	7.665
1544.000	7.665
1545.000	7.665
1546.000	7.665
1547.000	7.665
1548.000	7.665
1549.000	7.665
1550.000	7.665
1551.000	7.665
1552.000	7.665
1553.000	7.665
1554.000	7.665
1555.000	7.665
1556.000	7.665
1557.000	7.665
1558.000	7.665
1559.000	7.665
1560.000	7.665
1561.000	7.665
1562.000	7.665
1563.000	7.665
1564.000	7.665
1565.000	7.665
1566.000	7.665
1567.000	7.665
1568.000	7.665
1569.000	7.665
1570.000	7.665
1571.000	7.665
1572.000	7.665
1573.000	7.665
1574.000	7.665
1575.000	7.665
1576.000	7.665
1577.000	7.665
1578.000	7.665
1579.000	7.665
1580.000	7.665
1581.000	7.665
1582.000	7.665
1583.000	7.665
1584.000	7.665
1585.000	7.665
1586.000	7.665
1587.000	7.665
1588.000	7.665
1589.000	7.665
1590.000	7.665
1591.000	7.665
1592.000	7.665
1593.000	7.665
1594.000	7.665
1595.000	7.665
1596.000	7.665
1597.000	7.665
1598.000	7.665
1599.000	7.665
1600.000	7.665
1601.000	7.665
1602.000	7.665
1603.000	7.665
1604.000	7.665
1605.000	7.665
1606.000	7.665
1607.000	7.665
1608.000	7.665
1609.000	7.665
1610.000	7.665
1611.000	7.665
1612.000	7.665
1613.000	7.665
1614.000	7.665
1615.000	7.665
1616.000	7.665
1617.000	7.665
1618.000	7.665
1619.000	7.665
1620.000	7.665
1621.000	7.665
1622.000	7.665
1623.000	7.665
1624.000	7.665
1625.000	7.665
1626.000	7.665
1627.000	7.665
1628.000	7.665
1629.000	7.665
1630.000	7.665
1631.000	7.665
1632.000	7.665
1633.000	7.665
1634.000	7.665
1635.000	7.665
1636.000	7.665
1637.000	7.665
1638.000	7.665
1639.000	7.665
1640.000	7.665
1641.000	7.665
1642.000	7.665
1643.000	7.665
1644.000	7.665
1645.000	7.665
1646.000	7.665
1647.000	7.665
1648.000	7.665
1649.000	7.665
1650.000	7.665
1651.000	7.665
1652.000	7.665
1653.000	7.665
1654.000	7.665
1655.000	7.665
1656.000	7.665
1657.000	7.665
1658.000	7.665
1659.000	7.665
1660.000	7.665
1661.000	7.665
1662.000	7.665
1663.000	7.665
1664.000	7.665
1665.000	7.665
1666.000	7.665
1667.000	7.665
1668.000	7.665
1669.000	7.665
1670.000	7.665
1671.000	7.665
1672.000	7.665
1673.000	7.665
1674.000	7.665
1675.000	7.665
1676.000	7.665
1677.000	7.665
1678.000	7.665
1679.000	7.665
1680.000	7.665
1681.000	7.665
1682.000	7.665
1683.000	7.665
1684.000	7.665
1685.000	7.665
1686.000	7.665
1687.000	7.665
1688.000	7.665
1689.000	7.665
1690.000	7.665
1691.000	7.665
1692.000	7.665
1693.000	7.665
1694.000	7.665
1695.000	7.665
1696.000	7.665
1697.000	7.665
1698.000	7.665
1699.000	7.665
1700.000	7.665
1701.000	7.665
1702.000	7.665
1703.000	7.665
1704.000	7.665
1705.000	7.665
1706.000	7.665
1707.000	7.665
1708.000	7.665
1709.000	7.665
1710.000	7.665
1711.000	7.665
1712.000	7.665
1713.000	7.665
1714.000	7.665
1715.000	7.665
1716.000	7.665
1717.000	7.665
1718.000	7.665
1719.000	7.665
1720.000	7.665
1721.000	7.665
1722.000	7.665
1723.000	7.665
1724.000	7.665
1725.000	7.665
1726.000	7.665
1727.000	7.665
1728.000	7.665
1729.000	7.665
1730.000	7.665
1731.000	7.665
1732.000	7.665
1733.000	7.665
1734.000	7.665
1735.000	7.665
1736.000	7.665
1737.000	7.665
1738.000	7.665
1739.000	7.665
1740.000	7.665
1741.000	7.665
1742.000	7.665
1743.000	7.665
1744.000	7.665
1745.000	7.665
1746.000	7.665
1747.000	7.665
1748.000	7.665
1749.000	7.665
1750.000	7.665
1751.000	7.665
1752.000	7.665
1753.000	7.665
1754.000	7.665
1755.000	7.665
1756.000	7.665
1757.000	7.665
1758.000	7.665
1759.000	7.665
1760.000	7.665
1761.000	7.665
1762.000	7.665
1763.000	7.665
1764.000	7.665
1765.000	7.665
1766.000	7.665
1767.000	7.665
1768.000	7.665
1769.000	7.665
1770.000	7.665
1771.000	7.665
1772.000	7.665
1773.000	7.665
1774.000	7.665
1775.000	7.665
1776.000	7.665
1777.000	7.665
1778.000	7.665
1779.000	7.665
1780.000	7.665
1781.000	7.665
1782.000	7.665
1783.000	7.665
1784.000	7.665
1785.000	7.665
1786.000	7.665
1787.000	7.665
1788.000	7.665
1789.000	7.665
1790.000	7.665
1791.000	7.665
1792.000	7.665
1793.000	7.665
1794.000	7.665
1795.000	7.665
1796.000	7.665
1797.000	7.665
1798.000	7.665
1799.000	7.665
1800.000	7.665
1801.000	7.665
1802.000	7.665
1803.000	7.665
1804.000	7.665
1805.000	7.665
1806.000	7.665
1807.000	7.665
1808.000	7.665
1809.000	7.665
1810.000	7.665
1811.000	7.665
1812.000	7.665
1813.000	7.665
1814.000	7.665
1815.000	7.665
1816.000	7.665
1817.000	7.665
1818.000	7.665
1819.000	7.665
1820.000	7.665
1821.000	7.665
1822.000	7.665
1823.000	7.665
1824.000	7.665
1825.000	7.665
1826.000	7.665
1827.000	7.665
1828.000	7.665
1829.000	7.665
1830.000	7.665
1831.000	7.665
1832.000	7.665
1833.000	7.665
1834.000	7.665
1835.000	7.665
1836.000	7.665
1837.000	7.665
1838.000	7.665
1839.000	7.665
1840.000	7.665
1841.000	7.665
1842.000	7.665
1843.000	7.665
1844.000	7.665
1845.000	7.665
1846.000	7.665
1847.000	7.665
1848.000	7.665
1849.000	7.665
1850.000	7.665
1851.000	7.665
1852.000	7.665
1853.000	7.665
1854.000	7.665
1855.000	7.665
1856.000	7.665
1857.000	7.665
1858.000	7.665
1859.000	7.665
1860.000	7.665
1861.000	7.665
1862.000	7.665
1863.000	7.665
1864.000	7.665
1865.000	7.665
1866.000	7.665
1867.000	7.665
1868.000	7.665
1869.000	7.665
1870.000	7.665
1871.000	7.665
1872.000	7.665
1873.000	7.665
1874.000	7.665
1875.000	7.665
1876.000	7.665
1877.000	7.665
1878.000	7.665
1879.000	7.665
1880.000	7.665
1881.000	7.665
1882.000	7.665
1883.000	7.665
1884.000	7.665
1885.000	7.665
1886.000	7.665
1887.000	7.665
1888.000	7.665
1889.000	7.665
1890.000	7.665
1891.000	7.665
1892.000	7.665
1893.000	7.665
1894.000	7.665
1895.000	7.665
1896.000	7.665
1897.000	7.665
1898.000	7.665
1899.000	7.665
1900.000	7.665
1901.000	7.665
1902.000	7.665
1903.000	7.665
1904.000	7.665
1905.000	7.665
1906.000	7.665
1907.000	7.665
1908.000	7.665
1909.000	7.665
1910.000	7.665
1911.000	7.665
1912.000	7.665
1913.000	7.665
1914.000	7.665
1915.000	7.665
1916.000	7.665
1917.000	7.665
1918.000	7.665
1919.000	7.665
1920.000	7.665
1921.000	7.665
1922.000	7.665
1923.000	7.665
1924.000	7.665
1925.000	7.665
1926.000	7.665
1927.000	7.665
1928.000	7.665
1929.000	7.665
1930.000	7.665
1931.000	7.665
1932.000	7.665
1933.000	7.665
1934.000	7.665
1935.000	7.665
1936.000	7.665
1937.000	7.665
1938.000	7.665
1939.000	7.665
1940.000	7.665
1941.000	7.665
1942.000	7.665
1943.000	7.665
1944.000	7.665
1945.000	7.665
1946.000	7.665
1947.000	7.665
1948.000	7.665
1949.000	7.665
1950.000	7.665
1951.000	7.665
1952.000	7.665
1953.000	7.665
1954.000	7.665
1955.000	7.665
1956.000	7.665
1957.000	7.665
1958.000	7.665
1959.000	7.665
1960.000	7.665
1961.000	7.665
1962.000	7.665
1963.000	7.665
1964.000	7.665
1965.000	7.665
1966.000	7.665
1967.000	7.665
1968.000	7.665
1969.000	7.665
1970.000	7.665
1971.000	7.665
1972.000	7.665
1973.000	7.665
1974.000	7.665
1975.000	7.665
1976.000	7.665
1977.000	7.665
1978.000	7.665
1979.000	7.665
1980.000	7.665
1981.000	7.665
1982.000	7.665
1983.000	7.665
1984.000	7.665
1985.000	7.665
1986.000	7.665
1987.000	7.665
1988.000	7.665
1989.000	7.665
1990.000	7.665
1991.000	7.665
1992.000	7.665
1993.000	7.665
1994.000	7.665
1995.000	7.665
1996.000	7.665
1997.000	7.665
1998.000	7.665
1999.000	7.665
2000.000	7.665
2001.000	7.665
2002.000	7.665
2003.000	7.665
2004.000	7.665
2005.000	7.665
2006.000	7.665
2007.000	7.665
2008.000	7.665
2009.000	7.665
2010.000	7.665
2011.000	7.665
2012.000	7.665
2013.000	7.665
2014.000	7.665
2015.000	7.665
2016.000	7.665
2017.000	7.665
2018.000	7.665
2019.000	7.665
2020.000	7.665
2021.000	7.665
2022.000	7.665
2023.000	7.665
2024.000	7.665
2025.000	7.665
2026.000	7.665
2027.000	7.665
2028.000	7.665
2029.000	7.665
2030.000	7.665
2031.000	7.665
2032.000	7.665
2033.000	7.665
2034.000	7.665
2035.000	7.665
2036.000	7.665
2037.000	7.665
2038.000	7.665
2039.000	7.665
2040.000	7.665
2041.000	7.665
2042.000	7.665
2043.000	7.665
2044.000	7.665
2045.000	7.665
2046.000	7.665
2047.000	7.665
2048.000	7.665
2049.000	7.665
2050.000	7.665
2051.000	7.665
2052.000	7.665
2053.000	7.665
2054.000	7.665
2055.000	7.665
2056.000	7.665
2057.000	7.665
2058.000	7.665
2059.000	7.665
2060.000	7.665
2061.000	7.665
2062.000	7.665
2063.000	7.664
2064.000	7.664
2065.000	7.663
2066.000	7.663
2067.000	7.662
2068.000	7.661
2069.000	7.661
2070.000	7.660
2071.000	7.660
2072.000	7.659
2073.000	7.658
2074.000	7.657
2075.000	7.656
2076.000	7.654
2077.000	7.653
2078.000	7.652
2079.000	7.650
2080.000	7.649
2081.000	7.647
2082.000	7.647
2083.000	7.646
2084.000	7.644
2085.000	7.642
2086.000	7.640
2087.000	7.638
2088.000	7.636
2089.000	7.634
2090.000	7.632
2091.000	7.630
2092.000	7.628
2093.000	7.628
2094.000	7.626
2095.000	7.623
2096.000	7.621
2097.000	7.618
2098.000	7.616
2099.000	7.613
2100.000	7.610
2101.000	7.607
2102.000	7.605
2103.000	7.602
2104.000	7.602
2105.000	7.599
2106.000	7.596
2107.000	7.592
2108.000	7.589
2109.000	7.586
2110.000	7.583
2111.000	7.579
2112.000	7.576
2113.000	7.572
2114.000	7.568
2115.000	7.568
2116.000	7.565
2117.000	7.561
2118.000	7.557
2119.000	7.553
2120.000	7.549
2121.000	7.545
2122.000	7.541
2123.000	7.537
2124.000	7.533
2125.000	7.529
2126.000	7.529
2127.000	7.524
2128.000	7.520
2129.000	7.515
2130.000	7.511
2131.000	7.506
2132.000	7.501
2133.000	7.497
2134.000	7.492
2135.000	7.487
2136.000	7.482
2137.000	7.477
2138.000	7.477
2139.000	7.472
2140.000	7.467
2141.000	7.461
2142.000	7.456
2143.000	7.451
2144.000	7.445
2145.000	7.440
2146.000	7.434
2147.000	7.429
2148.000	7.423
2149.000	7.423
2150.000	7.417
2151.000	7.411
2152.000	7.405
2153.000	7.399
2154.000	7.393
2155.000	7.386
2156.000	7.380
2157.000	7.373
2158.000	7.367
2159.000	7.360
2160.000	7.360
2161.000	7.354
2162.000	7.347
2163.000	7.340
2164.000	7.333
2165.000	7.326
2166.000	7.320
2167.000	7.312
2168.000	7.305
2169.000	7.298
2170.000	7.291
2171.000	7.291
2172.000	7.283
2173.000	7.276
2174.000	7.268
2175.000	7.261
2176.000	7.253
2177.000	7.246
2178.000	7.238
2179.000	7.231
2180.000	7.223
2181.000	7.216
2182.000	7.216
2183.000	7.208
2184.000	7.201
2185.000	7.193
2186.000	7.186
2187.000	7.178
2188.000	7.171
2189.000	7.163
2190.000	7.156
2191.000	7.148
2192.000	7.141
2193.000	7.141
2194.000	7.133
2195.000	7.126
2196.000	7.118
2197.000	7.111
2198.000	7.103
2199.000	7.096
2200.000	7.088
2201.000	7.081
2202.000	7.073
2203.000	7.066
2204.000	7.058
2205.000	7.058
2206.000	7.051
2207.000	7.043
2208.000	7.036
2209.000	7.028
2210.000	7.021
2211.000	7.013
2212.000	7.006
2213.000	6.998
2214.000	6.991
2215.000	6.983
2216.000	6.983
2217.000	6.975
2218.000	6.968
2219.000	6.960
2220.000	6.953
2221.000	6.945
2222.000	6.938
2223.000	6.930
2224.000	6.923
2225.000	6.915
2226.000	6.908
2227.000	6.908
2228.000	6.900
2229.000	6.893
2230.000	6.885
2231.000	6.878
2232.000	6.870
2233.000	6.863
2234.000	6.855
2235.000	6.848
2236.000	6.840
2237.000	6.832
2238.000	6.832
2239.000	6.825
2240.000	6.817
2241.000	6.810
2242.000	6.802
2243.000	6.795
2244.000	6.787
2245.000	6.780
2246.000	6.772
2247.000	6.765
2248.000	6.757
2249.000	6.757
2250.000	6.749
2251.000	6.742
2252.000	6.734
2253.000	6.727
2254.000	6.719
2255.000	6.712
2256.000	6.704
2257.000	6.697
2258.000	6.689
2259.000	6.682
2260.000	6.682
2261.000	6.674
2262.000	6.666
2263.000	6.659
2264.000	6.651
2265.000	6.644
2266.000	6.636
2267.000	6.629
2268.000	6.621
2269.000	6.614
2270.000	6.606
2271.000	6.598
2272.000	6.575
2273.000	6.567
2274.000	6.560
2275.000	6.552
2276.000	6.544
2277.000	6.537
2278.000	6.529
2279.000	6.522
2280.000	6.514
2281.000	6.507
2282.000	6.499
2283.000	6.475
2284.000	6.468
2285.000	6.460
2286.000	6.453
2287.000	6.445
2288.000	6.438
2289.000	6.430
2290.000	6.422
2291.000	6.415
2292.000	6.407
2293.000	6.400
2294.000	6.376
2295.000	6.368
2296.000	6.361
2297.000	6.353
2298.000	6.346
2299.000	6.338
2300.000	6.331
2301.000	6.323
2302.000	6.315
2303.000	6.308
2304.000	6.300
2305.000	6.276
2306.000	6.269
2307.000	6.261
2308.000	6.254
2309.000	6.246
2310.000	6.239
2311.000	6.231
2312.000	6.223
2313.000	6.216
2314.000	6.208
2315.000	6.201
2316.000	6.177
2317.000	6.169
2318.000	6.162
2319.000	6.154
2320.000	6.147
2321.000	6.139
2322.000	6.131
2323.000	6.124
2324.000	6.116
2325.000	6.109
2326.000	6.101
2327.000	6.077
2328.000	6.070
2329.000	6.062
2330.000	6.054
2331.000	6.047
2332.000	6.039
2333.000	6.032
2334.000	6.024
2335.000	6.016
2336.000	6.009
2337.000	6.001
2338.000	5.994
2339.000	5.970
2340.000	5.962
2341.000	5.955
2342.000	5.947
2343.000	5.940
2344.000	5.932
2345.000	5.924
2346.000	5.917
2347.000	5.909
2348.000	5.902
2349.000	5.894
2350.000	5.870
2351.000	5.863
2352.000	5.855
2353.000	5.847
2354.000	5.840
2355.000	5.832
2356.000	5.825
2357.000	5.817
2358.000	5.809
2359.000	5.802
2360.000	5.794
2361.000	5.770
2362.000	5.763
2363.000	5.755
2364.000	5.748
2365.000	5.740
2366.000	5.732
2367.000	5.725
2368.000	5.717
2369.000	5.709
2370.000	5.702
2371.000	5.694
2372.000	5.670
2373.000	5.663
2374.000	5.655
2375.000	5.648
2376.000	5.640
2377.000	5.632
2378.000	5.625
2379.000	5.617
2380.000	5.610
2381.000	5.602
2382.000	5.594
2383.000	5.593
2384.000	5.585
2385.000	5.578
2386.000	5.570
2387.000	5.562
2388.000	5.555
2389.000	5.547
2390.000	5.539
2391.000	5.532
2392.000	5.524
2393.000	5.517
2394.000	5.515
2395.000	5.507
2396.000	5.500
2397.000	5.492
2398.000	5.485
2399.000	5.477
2400.000	5.469
2401.000	5.462
2402.000	5.454
2403.000	5.446
2404.000	5.439
2405.000	5.437
2406.000	5.430
2407.000	5.422
2408.000	5.414
2409.000	5.407
2410.000	5.399
2411.000	5.391
2412.000	5.384
2413.000	5.376
2414.000	5.369
2415.000	5.361
2416.000	5.353
2417.000	5.352
2418.000	5.344
2419.000	5.336
2420.000	5.329
2421.000	5.321
2422.000	5.314
2423.000	5.306
2424.000	5.298
2425.000	5.291
2426.000	5.283
2427.000	5.275
2428.000	5.274
2429.000	5.266
2430.000	5.259
2431.000	5.251
2432.000	5.243
2433.000	5.236
2434.000	5.228
2435.000	5.220
2436.000	5.213
2437.000	5.205
2438.000	5.197
2439.000	5.196
2440.000	5.188
2441.000	5.181
2442.000	5.173
2443.000	5.165
2444.000	5.158
2445.000	5.150
2446.000	5.142
2447.000	5.135
2448.000	5.127
2449.000	5.119
2450.000	5.118
2451.000	5.110
2452.000	5.102
2453.000	5.095
2454.000	5.087
2455.000	5.080
2456.000	5.072
2457.000	5.064
2458.000	5.057
2459.000	5.049
2460.000	5.041
2461.000	5.040
2462.000	5.032
2463.000	5.024
2464.000	5.017
2465.000	5.009
2466.000	5.001
2467.000	4.994
2468.000	4.986
2469.000	4.978
2470.000	4.971
2471.000	4.963
2472.000	4.962
2473.000	4.954
2474.000	4.946
2475.000	4.939
2476.000	4.931
2477.000	4.923
2478.000	4.916
2479.000	4.908
2480.000	4.900
2481.000	4.892
2482.000	4.885
2483.000	4.877
2484.000	4.876
2485.000	4.868
2486.000	4.860
2487.000	4.853
2488.000	4.845
2489.000	4.837
2490.000	4.830
2491.000	4.822
2492.000	4.814
2493.000	4.807
2494.000	4.799
2495.000	4.797
2496.000	4.790
2497.000	4.782
2498.000	4.774
2499.000	4.767
2500.000	4.759
2501.000	4.752
2502.000	4.744
2503.000	4.737
2504.000	4.730
2505.000	4.722
2506.000	4.721
2507.000	4.714
2508.000	4.707
2509.000	4.700
2510.000	4.692
2511.000	4.686
2512.000	4.679
2513.000	4.672
2514.000	4.665
2515.000	4.658
2516.000	4.651
2517.000	4.650
2518.000	4.643
2519.000	4.637
2520.000	4.630
2521.000	4.623
2522.000	4.617
2523.000	4.610
2524.000	4.604
2525.000	4.598
2526.000	4.591
2527.000	4.585
2528.000	4.584
2529.000	4.578
2530.000	4.571
2531.000	4.565
2532.000	4.559
2533.000	4.553
2534.000	4.547
2535.000	4.541
2536.000	4.535
2537.000	4.530
2538.000	4.524
2539.000	4.522
2540.000	4.517
2541.000	4.511
2542.000	4.505
2543.000	4.500
2544.000	4.494
2545.000	4.489
2546.000	4.483
2547.000	4.478
2548.000	4.473
2549.000	4.467
2550.000	4.462
2551.000	4.461
2552.000	4.455
2553.000	4.450
2554.000	4.445
2555.000	4.440
2556.000	4.435
2557.000	4.430
2558.000	4.425
2559.000	4.420
2560.000	4.415
2561.000	4.411
2562.000	4.409
2563.000	4.404
2564.000	4.400
2565.000	4.395
2566.000	4.390
2567.000	4.386
2568.000	4.381
2569.000	4.377
2570.000	4.373
2571.000	4.368
2572.000	4.364
2573.000	4.362
2574.000	4.358
2575.000	4.354
2576.000	4.350
2577.000	4.346
2578.000	4.342
2579.000	4.338
2580.000	4.334
2581.000	4.330
2582.000	4.326
2583.000	4.322
2584.000	4.320
2585.000	4.317
2586.000	4.313
2587.000	4.309
2588.000	4.305
2589.000	4.302
2590.000	4.298
2591.000	4.295
2592.000	4.291
2593.000	4.288
2594.000	4.284
2595.000	4.283
2596.000	4.280
2597.000	4.276
2598.000	4.273
2599.000	4.270
2600.000	4.267
2601.000	4.264
2602.000	4.260
2603.000	4.257
2604.000	4.254
2605.000	4.252
2606.000	4.250
2607.000	4.247
2608.000	4.245
2609.000	4.242
2610.000	4.240
2611.000	4.237
2612.000	4.235
2613.000	4.232
2614.000	4.230
2615.000	4.227
2616.000	4.225
2617.000	4.224
2618.000	4.221
2619.000	4.219
2620.000	4.217
2621.000	4.215
2622.000	4.213
2623.000	4.211
2624.000	4.209
2625.000	4.207
2626.000	4.205
2627.000	4.203
2628.000	4.201
2629.000	4.200
2630.000	4.198
2631.000	4.197
2632.000	4.195
2633.000	4.194
2634.000	4.192
2635.000	4.191
2636.000	4.189
2637.000	4.188
2638.000	4.186
2639.000	4.185
2640.000	4.183
2641.000	4.182
2642.000	4.180
2643.000	4.179
2644.000	4.177
2645.000	4.176
2646.000	4.174
2647.000	4.173
2648.000	4.171
2649.000	4.170
2650.000	4.168
2651.000	4.167
2652.000	4.165
2653.000	4.164
2654.000	4.162
2655.000	4.161
2656.000	4.159
2657.000	4.158
2658.000	4.157
2659.000	4.155
2660.000	4.154
2661.000	4.152
2662.000	4.151
2663.000	4.149
2664.000	4.148
2665.000	4.146
2666.000	4.145
2667.000	4.143
2668.000	4.142
2669.000	4.140
2670.000	4.139
2671.000	4.137
2672.000	4.136
2673.000	4.134
2674.000	4.133
2675.000	4.131
2676.000	4.130
2677.000	4.128
2678.000	4.127
2679.000	4.125
2680.000	4.124
2681.000	4.122
2682.000	4.121
2683.000	4.119
2684.000	4.118
2685.000	4.116
2686.000	4.115
2687.000	4.113
2688.000	4.112
2689.000	4.110
2690.000	4.109
2691.000	4.107
2692.000	4.106
2693.000	4.104
2694.000	4.103
2695.000	4.101
2696.000	4.100
2697.000	4.098
2698.000	4.097
2699.000	4.095
2700.000	4.094
2701.000	4.093
2702.000	4.091
2703.000	4.090
2704.000	4.088
2705.000	4.087
2706.000	4.085
2707.000	4.084
2708.000	4.082
2709.000	4.081
2710.000	4.079
2711.000	4.078
2712.000	4.076
2713.000	4.075
2714.000	4.073
2715.000	4.072
2716.000	4.070
2717.000	4.069
2718.000	4.067
2719.000	4.066
2720.000	4.064
2721.000	4.063
2722.000	4.061
2723.000	4.060
2724.000	4.058
2725.000	4.057
2726.000	4.055
2727.000	4.054
2728.000	4.052
2729.000	4.051
2730.000	4.049
2731.000	4.048
2732.000	4.046
2733.000	4.045
2734.000	4.043
2735.000	4.042
2736.000	4.040
2737.000	4.039
2738.000	4.037
2739.000	4.036
2740.000	4.034
2741.000	4.033
2742.000	4.032
2743.000	4.030
2744.000	4.029
2745.000	4.027
2746.000	4.026
2747.000	4.024
2748.000	4.023
2749.000	4.021
2750.000	4.020
2751.000	4.018
2752.000	4.017
2753.000	4.015
2754.000	4.014
2755.000	4.012
2756.000	4.011
2757.000	4.009
2758.000	4.008
2759.000	4.006
2760.000	4.005
2761.000	4.003
2762.000	4.002
2763.000	4.000
2764.000	3.999
2765.000	3.997
2766.000	3.996
2767.000	3.994
2768.000	3.993
2769.000	3.991
2770.000	3.990
2771.000	3.988
2772.000	3.987
2773.000	3.985
2774.000	3.984
2775.000	3.982
2776.000	3.981
2777.000	3.979
2778.000	3.978
2779.000	3.976
2780.000	3.975
2781.000	3.973
2782.000	3.972
2783.000	3.971
2784.000	3.969
2785.000	3.968
2786.000	3.966
2787.000	3.965
2788.000	3.963
2789.000	3.962
2790.000	3.960
2791.000	3.959
2792.000	3.957
2793.000	3.956
2794.000	3.954
2795.000	3.953
2796.000	3.951
2797.000	3.950
2798.000	3.948
2799.000	3.947
2800.000	3.945
2801.000	3.944
2802.000	3.942
2803.000	3.941
2804.000	3.939
2805.000	3.938
2806.000	3.936
2807.000	3.935
2808.000	3.933
2809.000	3.932
2810.000	3.930
2811.000	3.929
2812.000	3.927
2813.000	3.926
2814.000	3.924
2815.000	3.923
2816.000	3.921
2817.000	3.920
2818.000	3.918
2819.000	3.917
2820.000	3.915
2821.000	3.914
2822.000	3.912
2823.000	3.911
2824.000	3.910
2825.000	3.908
2826.000	3.907
2827.000	3.905
2828.000	3.904
2829.000	3.902
2830.000	3.901
2831.000	3.899
2832.000	3.898
2833.000	3.896
2834.000	3.895
2835.000	3.893
2836.000	3.892
2837.000	3.890
2838.000	3.889
2839.000	3.887
2840.000	3.886
2841.000	3.884
2842.000	3.883
2843.000	3.881
2844.000	3.880
2845.000	3.878
2846.000	3.877
2847.000	3.875
2848.000	3.874
2849.000	3.872
2850.000	3.871
2851.000	3.869
2852.000	3.868
2853.000	3.866
2854.000	3.865
2855.000	3.863
2856.000	3.862
2857.000	3.860
2858.000	3.859
2859.000	3.857
2860.000	3.856
2861.000	3.854
2862.000	3.853
2863.000	3.851
2864.000	3.850
2865.000	3.848
2866.000	3.847
2867.000	3.846
2868.000	3.844
2869.000	3.843
2870.000	3.841
2871.000	3.840
2872.000	3.838
2873.000	3.837
2874.000	3.835
2875.000	3.834
2876.000	3.832
2877.000	3.831
2878.000	3.829
2879.000	3.828
2880.000	3.826
2881.000	3.825
2882.000	3.823
2883.000	3.822
2884.000	3.820
2885.000	3.819
2886.000	3.817
2887.000	3.816
2888.000	3.814
2889.000	3.813
2890.000	3.811
2891.000	3.810
2892.000	3.808
2893.000	3.807
2894.000	3.805
2895.000	3.804
2896.000	3.802
2897.000	3.801
2898.000	3.799
2899.000	3.798
2900.000	3.796
2901.000	3.795
2902.000	3.793
2903.000	3.792
2904.000	3.790
2905.000	3.789
2906.000	3.787
2907.000	3.786
2908.000	3.785
2909.000	3.783
2910.000	3.782
2911.000	3.780
2912.000	3.779
2913.000	3.777
2914.000	3.776
2915.000	3.774
2916.000	3.773
2917.000	3.771
2918.000	3.770
2919.000	3.768
2920.000	3.767
2921.000	3.765
2922.000	3.764
2923.000	3.762
2924.000	3.761
2925.000	3.759
2926.000	3.758
2927.000	3.756
2928.000	3.755
2929.000	3.753
2930.000	3.752
2931.000	3.750
2932.000	3.749
2933.000	3.747
2934.000	3.746
2935.000	3.744
2936.000	3.743
2937.000	3.741
2938.000	3.740
2939.000	3.738
2940.000	3.737
2941.000	3.735
2942.000	3.734
2943.000	3.732
2944.000	3.731
2945.000	3.729
2946.000	3.728
2947.000	3.726
2948.000	3.725
2949.000	3.724
2950.000	3.722
2951.000	3.721
2952.000	3.719
2953.000	3.718
2954.000	3.716
2955.000	3.715
2956.000	3.713
2957.000	3.712
2958.000	3.710
2959.000	3.709
2960.000	3.707
2961.000	3.706
2962.000	3.704
2963.000	3.703
2964.000	3.701
2965.000	3.700
2966.000	3.698
2967.000	3.697
2968.000	3.695
2969.000	3.694
2970.000	3.692
2971.000	3.691
2972.000	3.689
2973.000	3.688
2974.000	3.686
2975.000	3.685
2976.000	3.683
2977.000	3.682
2978.000	3.680
2979.000	3.679
2980.000	3.677
2981.000	3.676
2982.000	3.674
2983.000	3.673
2984.000	3.671
2985.000	3.670
2986.000	3.668
2987.000	3.667
2988.000	3.665
2989.000	3.664
2990.000	3.662
2991.000	3.661
2992.000	3.660
2993.000	3.658
2994.000	3.657
2995.000	3.655
2996.000	3.654
2997.000	3.652
2998.000	3.651
2999.000	3.649
3000.000	3.648
3001.000	3.646
3002.000	3.645
3003.000	3.643
3004.000	3.642
3005.000	3.640
3006.000	3.639
3007.000	3.637
3008.000	3.636
3009.000	3.634
3010.000	3.633
3011.000	3.631
3012.000	3.630
3013.000	3.628
3014.000	3.627
3015.000	3.625
3016.000	3.624
3017.000	3.622
3018.000	3.621
3019.000	3.619
3020.000	3.618
3021.000	3.616
3022.000	3.615
3023.000	3.613
3024.000	3.612
3025.000	3.610
3026.000	3.609
3027.000	3.607
3028.000	3.606
3029.000	3.604
3030.000	3.603
3031.000	3.601
3032.000	3.600
3033.000	3.598
3034.000	3.597
3035.000	3.595
3036.000	3.594
3037.000	3.592
3038.000	3.591
3039.000	3.589
3040.000	3.588
3041.000	3.586
3042.000	3.585
3043.000	3.583
3044.000	3.582
3045.000	3.580
3046.000	3.579
3047.000	3.577
3048.000	3.576
3049.000	3.574
3050.000	3.573
3051.000	3.571
3052.000	3.570
3053.000	3.568
3054.000	3.567
3055.000	3.565
3056.000	3.564
3057.000	3.562
3058.000	3.561
3059.000	3.559
3060.000	3.558
3061.000	3.556
3062.000	3.555
3063.000	3.553
3064.000	3.552
3065.000	3.550
3066.000	3.549
3067.000	3.547
3068.000	3.546
3069.000	3.544
3070.000	3.543
3071.000	3.541
3072.000	3.540
3073.000	3.538
3074.000	3.537
3075.000	3.535
3076.000	3.534
3077.000	3.532
3078.000	3.531
3079.000	3.529
3080.000	3.528
3081.000	3.526
3082.000	3.525
3083.000	3.523
3084.000	3.522
3085.000	3.520
3086.000	3.519
3087.000	3.517
3088.000	3.516
3089.000	3.514
3090.000	3.513
3091.000	3.511
3092.000	3.510
3093.000	3.508
3094.000	3.507
3095.000	3.505
3096.000	3.504
3097.000	3.502
3098.000	3.501
3099.000	3.499
3100.000	3.498
3101.000	3.496
3102.000	3.495
3103.000	3.493
3104.000	3.492
3105.000	3.490
3106.000	3.489
3107.000	3.487
3108.000	3.486
3109.000	3.484
3110.000	3.483
3111.000	3.481
3112.000	3.480
3113.000	3.478
3114.000	3.477
3115.000	3.475
3116.000	3.474
3117.000	3.472
3118.000	3.471
3119.000	3.469
3120.000	3.468
3121.000	3.466
3122.000	3.465
3123.000	3.463
3124.000	3.462
3125.000	3.460
3126.000	3.459
3127.000	3.457
3128.000	3.456
3129.000	3.454
3130.000	3.453
3131.000	3.451
3132.000	3.450
3133.000	3.448
3134.000	3.447
3135.000	3.445
3136.000	3.444
3137.000	3.442
3138.000	3.441
3139.000	3.439
3140.000	3.438
3141.000	3.436
3142.000	3.435
3143.000	3.433
3144.000	3.432
3145.000	3.430
3146.000	3.429
3147.000	3.427
3148.000	3.426
3149.000	3.424
3150.000	3.423
3151.000	3.421
3152.000	3.420
3153.000	3.418
3154.000	3.417
3155.000	3.415
3156.000	3.414
3157.000	3.412
3158.000	3.411
3159.000	3.409
3160.000	3.408
3161.000	3.406
3162.000	3.405
3163.000	3.403
3164.000	3.402
3165.000	3.400
3166.000	3.399
3167.000	3.397
3168.000	3.396
3169.000	3.394
3170.000	3.393
3171.000	3.391
3172.000	3.390
3173.000	3.388
3174.000	3.387
3175.000	3.385
3176.000	3.384
3177.000	3.382
3178.000	3.381
3179.000	3.379
3180.000	3.378
3181.000	3.376
3182.000	3.375
3183.000	3.373
3184.000	3.372
3185.000	3.370
3186.000	3.369
3187.000	3.367
3188.000	3.366
3189.000	3.365
3190.000	3.363
3191.000	3.362
3192.000	3.360
3193.000	3.359
3194.000	3.357
3195.000	3.356
3196.000	3.354
3197.000	3.353
3198.000	3.351
3199.000	3.350
3200.000	3.348
3201.000	3.347
3202.000	3.345
3203.000	3.344
3204.000	3.342
3205.000	3.341
3206.000	3.339
3207.000	3.338
3208.000	3.336
3209.000	3.335
3210.000	3.333
3211.000	3.332
3212.000	3.330
3213.000	3.329
3214.000	3.327
3215.000	3.326
3216.000	3.324
3217.000	3.323
3218.000	3.321
3219.000	3.320
3220.000	3.318
3221.000	3.317
3222.000	3.315
3223.000	3.314
3224.000	3.312
3225.000	3.311
3226.000	3.309
3227.000	3.308
3228.000	3.306
3229.000	3.305
3230.000	3.303
3231.000	3.302
3232.000	3.300
3233.000	3.299
3234.000	3.297
3235.000	3.296
3236.000	3.294
3237.000	3.293
3238.000	3.291
3239.000	3.290
3240.000	3.288
3241.000	3.287
3242.000	3.285
3243.000	3.284
3244.000	3.282
3245.000	3.281
3246.000	3.279
3247.000	3.278
3248.000	3.276
3249.000	3.275
3250.000	3.273
3251.000	3.272
3252.000	3.270
3253.000	3.269
3254.000	3.267
3255.000	3.266
3256.000	3.264
3257.000	3.263
3258.000	3.261
3259.000	3.260
3260.000	3.258
3261.000	3.257
3262.000	3.255
3263.000	3.254
3264.000	3.252
3265.000	3.251
3266.000	3.249
3267.000	3.248
3268.000	3.246
3269.000	3.245
3270.000	3.243
3271.000	3.242
3272.000	3.240
3273.000	3.239
3274.000	3.237
3275.000	3.236
3276.000	3.234
3277.000	3.233
3278.000	3.231
3279.000	3.230
3280.000	3.228
3281.000	3.227
3282.000	3.225
3283.000	3.224
3284.000	3.222
3285.000	3.221
3286.000	3.219
3287.000	3.218
3288.000	3.216
3289.000	3.215
3290.000	3.213
3291.000	3.212
3292.000	3.210
3293.000	3.209
3294.000	3.207
3295.000	3.206
3296.000	3.204
3297.000	3.203
3298.000	3.201
3299.000	3.200
3300.000	3.198
3301.000	3.197
3302.000	3.195
3303.000	3.194
3304.000	3.192
3305.000	3.191
3306.000	3.189
3307.000	3.188
3308.000	3.186
3309.000	3.185
3310.000	3.183
3311.000	3.182
3312.000	3.180
3313.000	3.179
3314.000	3.177
3315.000	3.176
3316.000	3.174
3317.000	3.173
3318.000	3.171
3319.000	3.170
3320.000	3.168
3321.000	3.167
3322.000	3.165
3323.000	3.164
3324.000	3.162
3325.000	3.161
3326.000	3.159
3327.000	3.158
3328.000	3.156
3329.000	3.155
3330.000	3.153
3331.000	3.152
3332.000	3.150
3333.000	3.149
3334.000	3.147
3335.000	3.146
3336.000	3.144
3337.000	3.143
3338.000	3.141
3339.000	3.140
3340.000	3.138
3341.000	3.137
3342.000	3.135
3343.000	3.134
3344.000	3.132
3345.000	3.131
3346.000	3.129
3347.000	3.128
3348.000	3.126
3349.000	3.125
3350.000	3.123
3351.000	3.122
3352.000	3.120
3353.000	3.119
3354.000	3.117
3355.000	3.116
3356.000	3.114
3357.000	3.113
3358.000	3.111
3359.000	3.110
3360.000	3.108
3361.000	3.107
3362.000	3.105
3363.000	3.104
3364.000	3.102
3365.000	3.101
3366.000	3.099
3367.000	3.098
3368.000	3.096
3369.000	3.095
3370.000	3.093
3371.000	3.092
3372.000	3.090
3373.000	3.089
3374.000	3.087
3375.000	3.086
3376.000	3.084
3377.000	3.083
3378.000	3.082
3379.000	3.080
3380.000	3.079
3381.000	3.077
3382.000	3.076
3383.000	3.074
3384.000	3.073
3385.000	3.071
3386.000	3.070
3387.000	3.068
3388.000	3.067
3389.000	3.065
3390.000	3.064
3391.000	3.062
3392.000	3.061
3393.000	3.059
3394.000	3.058
3395.000	3.056
3396.000	3.055
3397.000	3.053
3398.000	3.052
3399.000	3.050
3400.000	3.049
3401.000	3.047
3402.000	3.046
3403.000	3.044
3404.000	3.043
3405.000	3.041
3406.000	3.040
3407.000	3.038
3408.000	3.037
3409.000	3.035
3410.000	3.034
3411.000	3.032
3412.000	3.031
3413.000	3.029
3414.000	3.028
3415.000	3.026
3416.000	3.025
3417.000	3.023
3418.000	3.022
3419.000	3.020
3420.000	3.019
3421.000	3.017
3422.000	3.016
3423.000	3.014
3424.000	3.013
3425.000	3.011
3426.000	3.010
3427.000	3.008
3428.000	3.007
3429.000	3.005
3430.000	3.004
3431.000	3.002
3432.000	3.001
3433.000	2.999
3434.000	2.998
3435.000	2.996
3436.000	2.995
3437.000	2.993
3438.000	2.992
3439.000	2.990
3440.000	2.989
3441.000	2.987
3442.000	2.986
3443.000	2.984
3444.000	2.983
3445.000	2.981
3446.000	2.980
3447.000	2.978
3448.000	2.977
3449.000	2.975
3450.000	2.974
3451.000	2.972
3452.000	2.971
3453.000	2.969
3454.000	2.968
3455.000	2.966
3456.000	2.965
3457.000	2.963
3458.000	2.962
3459.000	2.960
3460.000	2.959
3461.000	2.957
3462.000	2.956
3463.000	2.954
3464.000	2.953
3465.000	2.951
3466.000	2.950
3467.000	2.948
3468.000	2.947
3469.000	2.945
3470.000	2.944
3471.000	2.942
3472.000	2.941
3473.000	2.939
3474.000	2.938
3475.000	2.936
3476.000	2.935
3477.000	2.933
3478.000	2.932
3479.000	2.930
3480.000	2.929
3481.000	2.927
3482.000	2.926
3483.000	2.924
3484.000	2.923
3485.000	2.921
3486.000	2.920
3487.000	2.918
3488.000	2.917
3489.000	2.915
3490.000	2.914
3491.000	2.912
3492.000	2.911
3493.000	2.909
3494.000	2.908
3495.000	2.906
3496.000	2.905
3497.000	2.903
3498.000	2.902
3499.000	2.900
3500.000	2.899
3501.000	2.897
3502.000	2.896
3503.000	2.894
3504.000	2.893
3505.000	2.891
3506.000	2.890
3507.000	2.888
3508.000	2.887
3509.000	2.885
3510.000	2.884
3511.000	2.882
3512.000	2.881
3513.000	2.879
3514.000	2.878
3515.000	2.876
3516.000	2.875
3517.000	2.873
3518.000	2.872
3519.000	2.870
3520.000	2.869
3521.000	2.867
3522.000	2.866
3523.000	2.864
3524.000	2.863
3525.000	2.861
3526.000	2.860
3527.000	2.858
3528.000	2.857
3529.000	2.855
3530.000	2.854
3531.000	2.852
3532.000	2.851
3533.000	2.849
3534.000	2.848
3535.000	2.846
3536.000	2.845
3537.000	2.843
3538.000	2.842
3539.000	2.840
3540.000	2.839
3541.000	2.837
3542.000	2.836
3543.000	2.835
3544.000	2.833
3545.000	2.832
3546.000	2.830
3547.000	2.829
3548.000	2.827
3549.000	2.826
3550.000	2.824
3551.000	2.823
3552.000	2.821
3553.000	2.820
3554.000	2.818
3555.000	2.817
3556.000	2.815
3557.000	2.814
3558.000	2.812
3559.000	2.811
3560.000	2.809
3561.000	2.808
3562.000	2.806
3563.000	2.805
3564.000	2.803
3565.000	2.802
3566.000	2.800
3567.000	2.799
3568.000	2.797
3569.000	2.796
3570.000	2.794
3571.000	2.793
3572.000	2.791
3573.000	2.790
3574.000	2.788
3575.000	2.787
3576.000	2.785
3577.000	2.784
3578.000	2.782
3579.000	2.781
3580.000	2.779
3581.000	2.778
3582.000	2.776
3583.000	2.775
3584.000	2.773
3585.000	2.772
3586.000	2.770
3587.000	2.769
3588.000	2.767
3589.000	2.766
3590.000	2.764
3591.000	2.763
3592.000	2.761
3593.000	2.760
3594.000	2.758
3595.000	2.757
3596.000	2.755
3597.000	2.754
3598.000	2.752
3599.000	2.751
3600.000	2.749
3601.000	2.748
3602.000	2.746
3603.000	2.745
3604.000	2.743
3605.000	2.742
3606.000	2.740
3607.000	2.739
3608.000	2.737
3609.000	2.736
3610.000	2.734
3611.000	2.733
3612.000	2.731
3613.000	2.730
3614.000	2.728
3615.000	2.727
3616.000	2.725
3617.000	2.724
3618.000	2.722
3619.000	2.721
3620.000	2.719
3621.000	2.718
3622.000	2.716
3623.000	2.715
3624.000	2.713
3625.000	2.712
3626.000	2.710
3627.000	2.709
3628.000	2.707
3629.000	2.706
3630.000	2.704
3631.000	2.703
3632.000	2.701
3633.000	2.700
3634.000	2.698
3635.000	2.697
3636.000	2.695
3637.000	2.694
3638.000	2.692
3639.000	2.691
3640.000	2.689
3641.000	2.688
3642.000	2.686
3643.000	2.685
3644.000	2.683
3645.000	2.682
3646.000	2.680
3647.000	2.679
3648.000	2.677
3649.000	2.676
3650.000	2.674
3651.000	2.673
3652.000	2.671
3653.000	2.670
3654.000	2.668
3655.000	2.667
3656.000	2.665
3657.000	2.664
3658.000	2.662
3659.000	2.661
3660.000	2.659
3661.000	2.658
3662.000	2.656
3663.000	2.655
3664.000	2.653
3665.000	2.652
3666.000	2.650
3667.000	2.649
3668.000	2.648
3669.000	2.646
3670.000	2.645
3671.000	2.643
3672.000	2.642
3673.000	2.640
3674.000	2.639
3675.000	2.637
3676.000	2.636
3677.000	2.634
3678.000	2.633
3679.000	2.631
3680.000	2.630
3681.000	2.628
3682.000	2.627
3683.000	2.625
3684.000	2.624
3685.000	2.622
3686.000	2.621
3687.000	2.619
3688.000	2.618
3689.000	2.616
3690.000	2.615
3691.000	2.613
3692.000	2.612
3693.000	2.610
3694.000	2.609
3695.000	2.607
3696.000	2.606
3697.000	2.604
3698.000	2.603
3699.000	2.601
3700.000	2.600
3701.000	2.598
3702.000	2.597
3703.000	2.595
3704.000	2.594
3705.000	2.592
3706.000	2.591
3707.000	2.589
3708.000	2.588
3709.000	2.586
3710.000	2.585
3711.000	2.583
3712.000	2.582
3713.000	2.580
3714.000	2.579
3715.000	2.577
3716.000	2.576
3717.000	2.574
3718.000	2.573
3719.000	2.571
3720.000	2.570
3721.000	2.568
3722.000	2.567
3723.000	2.565
3724.000	2.564
3725.000	2.562
3726.000	2.561
3727.000	2.559
3728.000	2.558
3729.000	2.556
3730.000	2.555
3731.000	2.553
3732.000	2.552
3733.000	2.550
3734.000	2.549
3735.000	2.547
3736.000	2.546
3737.000	2.544
3738.000	2.543
3739.000	2.541
3740.000	2.540
3741.000	2.538
3742.000	2.537
3743.000	2.535
3744.000	2.534
3745.000	2.532
3746.000	2.531
3747.000	2.529
3748.000	2.528
3749.000	2.526
3750.000	2.525
3751.000	2.523
3752.000	2.522
3753.000	2.520
3754.000	2.519
3755.000	2.517
3756.000	2.516
3757.000	2.515
3758.000	2.513
3759.000	2.512
3760.000	2.510
3761.000	2.509
3762.000	2.507
3763.000	2.506
3764.000	2.504
3765.000	2.503
3766.000	2.501
3767.000	2.500
3768.000	2.498
3769.000	2.497
3770.000	2.495
3771.000	2.494
3772.000	2.492
3773.000	2.491
3774.000	2.489
3775.000	2.488
3776.000	2.486
3777.000	2.485
3778.000	2.483
3779.000	2.482
3780.000	2.480
3781.000	2.479
3782.000	2.477
3783.000	2.476
3784.000	2.474
3785.000	2.473
3786.000	2.471
3787.000	2.470
3788.000	2.468
3789.000	2.467
3790.000	2.465
3791.000	2.464
3792.000	2.462
3793.000	2.461
3794.000	2.459
3795.000	2.458
3796.000	2.456
3797.000	2.455
3798.000	2.453
3799.000	2.452
3800.000	2.451
3801.000	2.449
3802.000	2.448
3803.000	2.446
3804.000	2.445
3805.000	2.443
3806.000	2.442
3807.000	2.440
3808.000	2.439
3809.000	2.437
3810.000	2.436
3811.000	2.434
3812.000	2.433
3813.000	2.431
3814.000	2.430
3815.000	2.428
3816.000	2.427
3817.000	2.425
3818.000	2.424
3819.000	2.422
3820.000	2.421
3821.000	2.419
3822.000	2.418
3823.000	2.416
3824.000	2.415
3825.000	2.413
3826.000	2.412
3827.000	2.410
3828.000	2.409
3829.000	2.407
3830.000	2.406
3831.000	2.404
3832.000	2.403
3833.000	2.401
3834.000	2.400
3835.000	2.398
3836.000	2.397
3837.000	2.395
3838.000	2.394
3839.000	2.392
3840.000	2.391
3841.000	2.390
3842.000	2.388
3843.000	2.387
3844.000	2.385
3845.000	2.384
3846.000	2.382
3847.000	2.381
3848.000	2.379
3849.000	2.378
3850.000	2.376
3851.000	2.375
3852.000	2.373
3853.000	2.372
3854.000	2.370
3855.000	2.369
3856.000	2.367
3857.000	2.366
3858.000	2.364
3859.000	2.363
3860.000	2.361
3861.000	2.360
3862.000	2.358
3863.000	2.357
3864.000	2.355
3865.000	2.354
3866.000	2.352
3867.000	2.351
3868.000	2.349
3869.000	2.348
3870.000	2.346
3871.000	2.345
3872.000	2.343
3873.000	2.342
3874.000	2.340
3875.000	2.339
3876.000	2.337
3877.000	2.336
3878.000	2.334
3879.000	2.333
3880.000	2.331
3881.000	2.330
3882.000	2.329
3883.000	2.327
3884.000	2.326
3885.000	2.324
3886.000	2.323
3887.000	2.321
3888.000	2.320
3889.000	2.318
3890.000	2.317
3891.000	2.315
3892.000	2.314
3893.000	2.312
3894.000	2.311
3895.000	2.309
3896.000	2.308
3897.000	2.306
3898.000	2.305
3899.000	2.303
3900.000	2.302
3901.000	2.300
3902.000	2.299
3903.000	2.297
3904.000	2.296
3905.000	2.294
3906.000	2.293
3907.000	2.291
3908.000	2.290
3909.000	2.288
3910.000	2.287
3911.000	2.285
3912.000	2.284
3913.000	2.282
3914.000	2.281
3915.000	2.279
3916.000	2.278
3917.000	2.276
3918.000	2.275
3919.000	2.273
3920.000	2.272
3921.000	2.270
3922.000	2.269
3923.000	2.268
3924.000	2.266
3925.000	2.265
3926.000	2.263
3927.000	2.262
3928.000	2.260
3929.000	2.259
3930.000	2.257
3931.000	2.256
3932.000	2.254
3933.000	2.253
3934.000	2.251
3935.000	2.250
3936.000	2.248
3937.000	2.247
3938.000	2.245
3939.000	2.244
3940.000	2.242
3941.000	2.241
3942.000	2.239
3943.000	2.238
3944.000	2.236
3945.000	2.235
3946.000	2.229
3947.000	2.228
3948.000	2.226
3949.000	2.225
3950.000	2.223
3951.000	2.222
3952.000	2.220
3953.000	2.219
3954.000	2.217
3955.000	2.216
3956.000	2.214
3957.000	2.213
3958.000	2.211
3959.000	2.210
3960.000	2.208
3961.000	2.207
3962.000	2.205
3963.000	2.204
3964.000	2.202
3965.000	2.201
3966.000	2.199
3967.000	2.198
3968.000	2.197
3969.000	2.195
3970.000	2.194
3971.000	2.192
3972.000	2.191
3973.000	2.189
3974.000	2.188
3975.000	2.186
3976.000	2.185
3977.000	2.183
3978.000	2.182
3979.000	2.180
3980.000	2.179
3981.000	2.177
3982.000	2.176
3983.000	2.174
3984.000	2.173
3985.000	2.171
3986.000	2.170
3987.000	2.168
3988.000	2.167
3989.000	2.165
3990.000	2.164
3991.000	2.162
3992.000	2.161
3993.000	2.159
3994.000	2.158
3995.000	2.156
3996.000	2.155
3997.000	2.153
3998.000	2.152
3999.000	2.150
4000.000	2.149
4001.000	2.147
4002.000	2.146
4003.000	2.144
4004.000	2.143
4005.000	2.141
4006.000	2.140
4007.000	2.138
4008.000	2.137
4009.000	2.136
4010.000	2.134
4011.000	2.133
4012.000	2.131
4013.000	2.130
4014.000	2.128
4015.000	2.127
4016.000	2.125
4017.000	2.124
4018.000	2.122
4019.000	2.121
4020.000	2.119
4021.000	2.118
4022.000	2.116
4023.000	2.115
4024.000	2.113
4025.000	2.112
4026.000	2.110
4027.000	2.109
4028.000	2.107
4029.000	2.106
4030.000	2.104
4031.000	2.103
4032.000	2.101
4033.000	2.100
4034.000	2.098
4035.000	2.097
4036.000	2.095
4037.000	2.094
4038.000	2.092
4039.000	2.091
4040.000	2.089
4041.000	2.088
4042.000	2.086
4043.000	2.085
4044.000	2.083
4045.000	2.082
4046.000	2.080
4047.000	2.079
4048.000	2.077
4049.000	2.076
4050.000	2.075
4051.000	2.073
4052.000	2.072
4053.000	2.070
4054.000	2.069
4055.000	2.067
4056.000	2.066
4057.000	2.064
4058.000	2.063
4059.000	2.061
4060.000	2.060
4061.000	2.058
4062.000	2.057
4063.000	2.055
4064.000	2.054
4065.000	2.052
4066.000	2.051
4067.000	2.049
4068.000	2.048
4069.000	2.046
4070.000	2.045
4071.000	2.043
4072.000	2.042
4073.000	2.040
4074.000	2.039
4075.000	2.037
4076.000	2.036
4077.000	2.034
4078.000	2.033
4079.000	2.031
4080.000	2.030
4081.000	2.028
4082.000	2.027
4083.000	2.025
4084.000	2.024
4085.000	2.022
4086.000	2.010
4087.000	2.009
4088.000	2.007
4089.000	2.006
4090.000	2.004
4091.000	2.003
4092.000	2.001
4093.000	2.000
4094.000	1.965
4095.000	1.963
