0.000	21.643
1.000	21.568
2.000	21.492
3.000	21.416
4.000	21.340
5.000	21.264
6.000	21.188
7.000	21.113
8.000	21.037
9.000	20.961
10.000	20.885
11.000	20.809
12.000	20.733
13.000	20.657
14.000	20.582
15.000	20.506
16.000	20.430
17.000	20.354
18.000	20.278
19.000	20.202
20.000	20.122
21.000	20.046
22.000	19.972
23.000	19.900
24.000	19.829
25.000	19.760
26.000	19.694
27.000	19.630
28.000	19.568
29.000	19.492
30.000	19.431
31.000	19.372
32.000	19.316
33.000	19.262
34.000	19.209
35.000	19.158
36.000	19.109
37.000	19.062
38.000	19.016
39.000	18.973
40.000	18.956
41.000	18.914
42.000	18.874
43.000	18.835
44.000	18.799
45.000	18.764
46.000	18.730
47.000	18.698
48.000	18.668
49.000	18.639
50.000	18.612
51.000	18.596
52.000	18.571
53.000	18.547
54.000	18.524
55.000	18.503
56.000	18.488
57.000	18.471
58.000	18.455
59.000	18.439
60.000	18.423
61.000	18.406
62.000	18.390
63.000	18.374
64.000	18.358
65.000	18.342
66.000	18.325
67.000	18.309
68.000	18.293
69.000	18.277
70.000	18.260
71.000	18.244
72.000	18.228
73.000	18.212
74.000	18.196
75.000	18.179
76.000	18.163
77.000	18.147
78.000	18.131
79.000	18.114
80.000	18.098
81.000	18.082
82.000	18.066
83.000	18.049
84.000	18.033
85.000	18.017
86.000	18.001
87.000	17.985
88.000	17.968
89.000	17.952
90.000	17.936
91.000	17.920
92.000	17.903
93.000	17.887
94.000	17.871
95.000	17.855
96.000	17.838
97.000	17.822
98.000	17.806
99.000	17.790
100.000	17.774
101.000	17.757
102.000	17.741
103.000	17.725
104.000	17.709
105.000	17.692
106.000	17.676
107.000	17.660
108.000	17.644
109.000	17.628
110.000	17.611
111.000	17.595
112.000	17.579
113.000	17.563
114.000	17.546
115.000	17.530
116.000	17.514
117.000	17.498
118.000	17.481
119.000	17.465
120.000	17.449
121.000	17.433
122.000	17.417
123.000	17.400
124.000	17.384
125.000	17.368
126.000	17.352
127.000	17.335
128.000	17.319
129.000	17.303
130.000	17.287
131.000	17.270
132.000	17.254
133.000	17.238
134.000	17.222
135.000	17.206
136.000	17.189
137.000	17.173
138.000	17.157
139.000	17.141
140.000	17.124
141.000	17.108
142.000	17.092
143.000	17.076
144.000	17.060
145.000	17.043
146.000	17.027
147.000	17.011
148.000	16.995
149.000	16.978
150.000	16.962
151.000	16.946
152.000	16.930
153.000	16.913
154.000	16.897
155.000	16.881
156.000	16.865
157.000	16.849
158.000	16.832
159.000	16.816
160.000	16.800
161.000	16.784
162.000	16.767
163.000	16.751
164.000	16.735
165.000	16.719
166.000	16.702
167.000	16.686
168.000	16.670
169.000	16.654
170.000	16.638
171.000	16.621
172.000	16.605
173.000	16.589
174.000	16.573
175.000	16.556
176.000	16.540
177.000	16.524
178.000	16.508
179.000	16.492
180.000	16.475
181.000	16.459
182.000	16.443
183.000	16.427
184.000	16.410
185.000	16.394
186.000	16.378
187.000	16.362
188.000	16.345
189.000	16.329
190.000	16.311
191.000	16.293
192.000	16.274
193.000	16.255
194.000	16.236
195.000	16.217
196.000	16.201
197.000	16.181
198.000	16.161
199.000	16.141
200.000	16.120
201.000	16.100
202.000	16.079
203.000	16.057
204.000	16.036
205.000	16.014
206.000	15.992
207.000	15.975
208.000	15.953
209.000	15.930
210.000	15.907
211.000	15.884
212.000	15.861
213.000	15.837
214.000	15.813
215.000	15.789
216.000	15.764
217.000	15.739
218.000	15.723
219.000	15.698
220.000	15.672
221.000	15.647
222.000	15.621
223.000	15.595
224.000	15.569
225.000	15.542
226.000	15.515
227.000	15.488
228.000	15.461
229.000	15.433
230.000	15.401
231.000	15.373
232.000	15.345
233.000	15.316
234.000	15.288
235.000	15.259
236.000	15.230
237.000	15.201
238.000	15.171
239.000	15.142
240.000	15.112
241.000	15.079
242.000	15.049
243.000	15.019
244.000	14.988
245.000	14.957
246.000	14.926
247.000	14.895
248.000	14.863
249.000	14.832
250.000	14.800
251.000	14.767
252.000	14.735
253.000	14.703
254.000	14.670
255.000	14.637
256.000	14.604
257.000	14.571
258.000	14.537
259.000	14.504
260.000	14.472
261.000	14.439
262.000	14.407
263.000	14.374
264.000	14.342
265.000	14.309
266.000	14.277
267.000	14.244
268.000	14.212
269.000	14.179
270.000	14.147
271.000	14.114
272.000	14.081
273.000	14.048
274.000	14.016
275.000	13.983
276.000	13.950
277.000	13.916
278.000	13.883
279.000	13.850
280.000	13.818
281.000	13.786
282.000	13.754
283.000	13.724
284.000	13.693
285.000	13.661
286.000	13.631
287.000	13.601
288.000	13.572
289.000	13.543
290.000	13.515
291.000	13.488
292.000	13.460
293.000	13.433
294.000	13.407
295.000	13.381
296.000	13.349
297.000	13.324
298.000	13.299
299.000	13.274
300.000	13.250
301.000	13.226
302.000	13.203
303.000	13.180
304.000	13.158
305.000	13.136
306.000	13.115
307.000	13.093
308.000	13.040
309.000	13.019
310.000	12.999
311.000	12.979
312.000	12.960
313.000	12.941
314.000	12.922
315.000	12.904
316.000	12.886
317.000	12.869
318.000	12.852
319.000	12.852
320.000	12.835
321.000	12.819
322.000	12.804
323.000	12.788
324.000	12.773
325.000	12.759
326.000	12.745
327.000	12.731
328.000	12.718
329.000	12.705
330.000	12.704
331.000	12.692
332.000	12.680
333.000	12.668
334.000	12.657
335.000	12.646
336.000	12.635
337.000	12.625
338.000	12.615
339.000	12.605
340.000	12.596
341.000	12.596
342.000	12.587
343.000	12.578
344.000	12.570
345.000	12.563
346.000	12.555
347.000	12.549
348.000	12.542
349.000	12.536
350.000	12.530
351.000	12.524
352.000	12.524
353.000	12.519
354.000	12.514
355.000	12.510
356.000	12.506
357.000	12.502
358.000	12.499
359.000	12.496
360.000	12.494
361.000	12.492
362.000	12.490
363.000	12.490
364.000	12.489
365.000	12.489
366.000	12.488
367.000	12.488
368.000	12.487
369.000	12.487
370.000	12.486
371.000	12.486
372.000	12.486
373.000	12.485
374.000	12.485
375.000	12.484
376.000	12.484
377.000	12.484
378.000	12.483
379.000	12.483
380.000	12.482
381.000	12.482
382.000	12.482
383.000	12.481
384.000	12.481
385.000	12.480
386.000	12.480
387.000	12.479
388.000	12.479
389.000	12.479
390.000	12.478
391.000	12.478
392.000	12.477
393.000	12.477
394.000	12.477
395.000	12.476
396.000	12.475
397.000	12.475
398.000	12.474
399.000	12.474
400.000	12.444
401.000	12.414
402.000	12.385
403.000	12.355
404.000	12.325
405.000	12.296
406.000	12.266
407.000	12.237
408.000	12.237
409.000	12.207
410.000	12.178
411.000	12.149
412.000	12.119
413.000	12.090
414.000	12.061
415.000	12.032
416.000	12.003
417.000	11.974
418.000	11.946
419.000	11.945
420.000	11.916
421.000	11.887
422.000	11.859
423.000	11.830
424.000	11.802
425.000	11.773
426.000	11.745
427.000	11.716
428.000	11.688
429.000	11.659
430.000	11.659
431.000	11.631
432.000	11.602
433.000	11.574
434.000	11.546
435.000	11.518
436.000	11.490
437.000	11.462
438.000	11.434
439.000	11.406
440.000	11.379
441.000	11.351
442.000	11.350
443.000	11.323
444.000	11.295
445.000	11.267
446.000	11.240
447.000	11.212
448.000	11.185
449.000	11.157
450.000	11.130
451.000	11.103
452.000	11.075
453.000	11.075
454.000	11.048
455.000	11.020
456.000	10.993
457.000	10.966
458.000	10.939
459.000	10.912
460.000	10.885
461.000	10.858
462.000	10.832
463.000	10.805
464.000	10.804
465.000	10.778
466.000	10.751
467.000	10.724
468.000	10.698
469.000	10.671
470.000	10.645
471.000	10.618
472.000	10.592
473.000	10.565
474.000	10.539
475.000	10.539
476.000	10.512
477.000	10.486
478.000	10.460
479.000	10.433
480.000	10.407
481.000	10.381
482.000	10.355
483.000	10.329
484.000	10.303
485.000	10.277
486.000	10.277
487.000	10.251
488.000	10.225
489.000	10.199
490.000	10.173
491.000	10.148
492.000	10.122
493.000	10.096
494.000	10.071
495.000	10.045
496.000	10.020
497.000	10.019
498.000	9.994
499.000	9.968
500.000	9.943
501.000	9.918
502.000	9.892
503.000	9.867
504.000	9.842
505.000	9.817
506.000	9.792
507.000	9.767
508.000	9.766
509.000	9.742
510.000	9.717
511.000	9.716
512.000	9.716
513.000	9.715
514.000	9.715
515.000	9.715
516.000	9.714
517.000	9.714
518.000	9.713
519.000	9.713
520.000	9.713
521.000	9.712
522.000	9.712
523.000	9.711
524.000	9.711
525.000	9.710
526.000	9.710
527.000	9.710
528.000	9.709
529.000	9.709
530.000	9.708
531.000	9.708
532.000	9.708
533.000	9.707
534.000	9.707
535.000	9.706
536.000	9.706
537.000	9.706
538.000	9.705
539.000	9.705
540.000	9.704
541.000	9.704
542.000	9.704
543.000	9.703
544.000	9.703
545.000	9.702
546.000	9.702
547.000	9.701
548.000	9.701
549.000	9.701
550.000	9.700
551.000	9.700
552.000	9.699
553.000	9.699
554.000	9.699
555.000	9.698
556.000	9.698
557.000	9.697
558.000	9.697
559.000	9.697
560.000	9.696
561.000	9.696
562.000	9.695
563.000	9.695
564.000	9.694
565.000	9.694
566.000	9.694
567.000	9.693
568.000	9.693
569.000	9.692
570.000	9.692
571.000	9.692
572.000	9.691
573.000	9.691
574.000	9.690
575.000	9.690
576.000	9.690
577.000	9.689
578.000	9.689
579.000	9.688
580.000	9.688
581.000	9.687
582.000	9.687
583.000	9.687
584.000	9.686
585.000	9.686
586.000	9.685
587.000	9.685
588.000	9.685
589.000	9.684
590.000	9.684
591.000	9.683
592.000	9.683
593.000	9.683
594.000	9.682
595.000	9.682
596.000	9.681
597.000	9.681
598.000	9.680
599.000	9.680
600.000	9.680
601.000	9.679
602.000	9.679
603.000	9.678
604.000	9.678
605.000	9.678
606.000	9.677
607.000	9.677
608.000	9.676
609.000	9.676
610.000	9.676
611.000	9.675
612.000	9.675
613.000	9.674
614.000	9.674
615.000	9.673
616.000	9.673
617.000	9.673
618.000	9.672
619.000	9.672
620.000	9.671
621.000	9.671
622.000	9.671
623.000	9.670
624.000	9.670
625.000	9.669
626.000	9.669
627.000	9.669
628.000	9.668
629.000	9.668
630.000	9.667
631.000	9.667
632.000	9.666
633.000	9.666
634.000	9.666
635.000	9.665
636.000	9.664
637.000	9.663
638.000	9.662
639.000	9.661
640.000	9.639
641.000	9.616
642.000	9.616
643.000	9.594
644.000	9.572
645.000	9.550
646.000	9.528
647.000	9.506
648.000	9.484
649.000	9.462
650.000	9.440
651.000	9.419
652.000	9.397
653.000	9.375
654.000	9.375
655.000	9.353
656.000	9.331
657.000	9.310
658.000	9.288
659.000	9.267
660.000	9.245
661.000	9.224
662.000	9.202
663.000	9.181
664.000	9.159
665.000	9.159
666.000	9.138
667.000	9.116
668.000	9.095
669.000	9.074
670.000	9.052
671.000	9.031
672.000	9.010
673.000	8.989
674.000	8.968
675.000	8.947
676.000	8.946
677.000	8.925
678.000	8.904
679.000	8.883
680.000	8.862
681.000	8.841
682.000	8.820
683.000	8.799
684.000	8.779
685.000	8.758
686.000	8.737
687.000	8.737
688.000	8.716
689.000	8.695
690.000	8.674
691.000	8.654
692.000	8.633
693.000	8.612
694.000	8.592
695.000	8.571
696.000	8.550
697.000	8.530
698.000	8.530
699.000	8.509
700.000	8.489
701.000	8.468
702.000	8.448
703.000	8.427
704.000	8.407
705.000	8.387
706.000	8.366
707.000	8.346
708.000	8.326
709.000	8.326
710.000	8.306
711.000	8.286
712.000	8.265
713.000	8.245
714.000	8.225
715.000	8.205
716.000	8.185
717.000	8.165
718.000	8.145
719.000	8.125
720.000	8.125
721.000	8.105
722.000	8.085
723.000	8.065
724.000	8.046
725.000	8.026
726.000	8.006
727.000	7.986
728.000	7.966
729.000	7.947
730.000	7.927
731.000	7.907
732.000	7.907
733.000	7.888
734.000	7.868
735.000	7.849
736.000	7.829
737.000	7.810
738.000	7.790
739.000	7.771
740.000	7.751
741.000	7.732
742.000	7.712
743.000	7.712
744.000	7.693
745.000	7.674
746.000	7.654
747.000	7.635
748.000	7.616
749.000	7.597
750.000	7.577
751.000	7.558
752.000	7.539
753.000	7.520
754.000	7.520
755.000	7.501
756.000	7.482
757.000	7.463
758.000	7.444
759.000	7.425
760.000	7.406
761.000	7.387
762.000	7.368
763.000	7.349
764.000	7.330
765.000	7.330
766.000	7.311
767.000	7.292
768.000	7.273
769.000	7.254
770.000	7.236
771.000	7.217
772.000	7.198
773.000	7.180
774.000	7.161
775.000	7.142
776.000	7.142
777.000	7.124
778.000	7.105
779.000	7.086
780.000	7.068
781.000	7.049
782.000	7.031
783.000	7.012
784.000	6.994
785.000	6.975
786.000	6.957
787.000	6.957
788.000	6.939
789.000	6.920
790.000	6.902
791.000	6.884
792.000	6.865
793.000	6.847
794.000	6.830
795.000	6.812
796.000	6.794
797.000	6.777
798.000	6.777
799.000	6.777
800.000	6.777
801.000	6.777
802.000	6.777
803.000	6.777
804.000	6.777
805.000	6.777
806.000	6.777
807.000	6.777
808.000	6.777
809.000	6.777
810.000	6.777
811.000	6.777
812.000	6.777
813.000	6.777
814.000	6.777
815.000	6.777
816.000	6.777
817.000	6.777
818.000	6.777
819.000	6.777
820.000	6.777
821.000	6.777
822.000	6.777
823.000	6.777
824.000	6.777
825.000	6.777
826.000	6.777
827.000	6.777
828.000	6.777
829.000	6.777
830.000	6.777
831.000	6.777
832.000	6.777
833.000	6.777
834.000	6.777
835.000	6.777
836.000	6.777
837.000	6.777
838.000	6.777
839.000	6.777
840.000	6.777
841.000	6.777
842.000	6.777
843.000	6.777
844.000	6.777
845.000	6.777
846.000	6.777
847.000	6.777
848.000	6.777
849.000	6.777
850.000	6.777
851.000	6.777
852.000	6.777
853.000	6.777
854.000	6.777
855.000	6.777
856.000	6.777
857.000	6.777
858.000	6.777
859.000	6.777
860.000	6.777
861.000	6.777
862.000	6.777
863.000	6.777
864.000	6.777
865.000	6.777
866.000	6.777
867.000	6.777
868.000	6.777
869.000	6.777
870.000	6.777
871.000	6.777
872.000	6.777
873.000	6.777
874.000	6.777
875.000	6.777
876.000	6.777
877.000	6.777
878.000	6.777
879.000	6.777
880.000	6.777
881.000	6.777
882.000	6.777
883.000	6.777
884.000	6.777
885.000	6.777
886.000	6.777
887.000	6.777
888.000	6.777
889.000	6.777
890.000	6.777
891.000	6.777
892.000	6.777
893.000	6.777
894.000	6.777
895.000	6.777
896.000	6.777
897.000	6.777
898.000	6.777
899.000	6.777
900.000	6.777
901.000	6.777
902.000	6.777
903.000	6.777
904.000	6.777
905.000	6.777
906.000	6.777
907.000	6.777
908.000	6.777
909.000	6.777
910.000	6.777
911.000	6.777
912.000	6.777
913.000	6.777
914.000	6.777
915.000	6.777
916.000	6.777
917.000	6.777
918.000	6.777
919.000	6.777
920.000	6.777
921.000	6.777
922.000	6.777
923.000	6.777
924.000	6.777
925.000	6.777
926.000	6.777
927.000	6.777
928.000	6.777
929.000	6.777
930.000	6.777
931.000	6.777
932.000	6.777
933.000	6.777
934.000	6.777
935.000	6.777
936.000	6.777
937.000	6.777
938.000	6.777
939.000	6.777
940.000	6.777
941.000	6.777
942.000	6.777
943.000	6.777
944.000	6.777
945.000	6.777
946.000	6.777
947.000	6.777
948.000	6.777
949.000	6.777
950.000	6.777
951.000	6.777
952.000	6.777
953.000	6.777
954.000	6.777
955.000	6.777
956.000	6.777
957.000	6.777
958.000	6.777
959.000	6.777
960.000	6.777
961.000	6.777
962.000	6.777
963.000	6.777
964.000	6.777
965.000	6.777
966.000	6.777
967.000	6.777
968.000	6.777
969.000	6.777
970.000	6.777
971.000	6.777
972.000	6.777
973.000	6.777
974.000	6.777
975.000	6.777
976.000	6.777
977.000	6.777
978.000	6.777
979.000	6.777
980.000	6.777
981.000	6.777
982.000	6.777
983.000	6.777
984.000	6.777
985.000	6.777
986.000	6.777
987.000	6.777
988.000	6.777
989.000	6.777
990.000	6.777
991.000	6.777
992.000	6.777
993.000	6.777
994.000	6.777
995.000	6.777
996.000	6.777
997.000	6.777
998.000	6.777
999.000	6.777
1000.000	6.777
1001.000	6.777
1002.000	6.777
1003.000	6.777
1004.000	6.777
1005.000	6.777
1006.000	6.777
1007.000	6.777
1008.000	6.777
1009.000	6.777
1010.000	6.777
1011.000	6.777
1012.000	6.777
1013.000	6.777
1014.000	6.777
1015.000	6.777
1016.000	6.777
1017.000	6.777
1018.000	6.777
1019.000	6.777
1020.000	6.777
1021.000	6.777
1022.000	6.777
1023.000	6.777
1024.000	6.777
1025.000	6.777
1026.000	6.777
1027.000	6.777
1028.000	6.777
1029.000	6.777
1030.000	6.777
1031.000	6.777
1032.000	6.777
1033.000	6.777
1034.000	6.777
1035.000	6.777
1036.000	6.777
1037.000	6.777
1038.000	6.777
1039.000	6.777
1040.000	6.777
1041.000	6.777
1042.000	6.777
1043.000	6.777
1044.000	6.777
1045.000	6.777
1046.000	6.777
1047.000	6.777
1048.000	6.777
1049.000	6.777
1050.000	6.777
1051.000	6.777
1052.000	6.777
1053.000	6.777
1054.000	6.777
1055.000	6.777
1056.000	6.777
1057.000	6.777
1058.000	6.777
1059.000	6.777
1060.000	6.777
1061.000	6.777
1062.000	6.777
1063.000	6.777
1064.000	6.777
1065.000	6.777
1066.000	6.777
1067.000	6.777
1068.000	6.777
1069.000	6.777
1070.000	6.777
1071.000	6.777
1072.000	6.777
1073.000	6.777
1074.000	6.777
1075.000	6.777
1076.000	6.777
1077.000	6.777
1078.000	6.777
1079.000	6.777
1080.000	6.777
1081.000	6.777
1082.000	6.777
1083.000	6.777
1084.000	6.777
1085.000	6.777
1086.000	6.777
1087.000	6.777
1088.000	6.777
1089.000	6.777
1090.000	6.777
1091.000	6.777
1092.000	6.777
1093.000	6.777
1094.000	6.777
1095.000	6.777
1096.000	6.777
1097.000	6.777
1098.000	6.777
1099.000	6.777
1100.000	6.777
1101.000	6.777
1102.000	6.777
1103.000	6.777
1104.000	6.777
1105.000	6.777
1106.000	6.777
1107.000	6.777
1108.000	6.777
1109.000	6.777
1110.000	6.777
1111.000	6.777
1112.000	6.777
1113.000	6.777
1114.000	6.777
1115.000	6.777
1116.000	6.777
1117.000	6.777
1118.000	6.777
1119.000	6.777
1120.000	6.777
1121.000	6.777
1122.000	6.777
1123.000	6.777
1124.000	6.777
1125.000	6.777
1126.000	6.777
1127.000	6.777
1128.000	6.777
1129.000	6.777
1130.000	6.777
1131.000	6.777
1132.000	6.777
1133.000	6.777
1134.000	6.777
1135.000	6.777
1136.000	6.777
1137.000	6.777
1138.000	6.777
1139.000	6.777
1140.000	6.777
1141.000	6.777
1142.000	6.777
1143.000	6.777
1144.000	6.777
1145.000	6.777
1146.000	6.777
1147.000	6.777
1148.000	6.777
1149.000	6.777
1150.000	6.777
1151.000	6.777
1152.000	6.777
1153.000	6.777
1154.000	6.777
1155.000	6.777
1156.000	6.777
1157.000	6.777
1158.000	6.777
1159.000	6.777
1160.000	6.777
1161.000	6.777
1162.000	6.777
1163.000	6.777
1164.000	6.777
1165.000	6.777
1166.000	6.777
1167.000	6.777
1168.000	6.777
1169.000	6.777
1170.000	6.777
1171.000	6.777
1172.000	6.777
1173.000	6.777
1174.000	6.777
1175.000	6.777
1176.000	6.777
1177.000	6.777
1178.000	6.777
1179.000	6.777
1180.000	6.777
1181.000	6.777
1182.000	6.777
1183.000	6.777
1184.000	6.777
1185.000	6.777
1186.000	6.777
1187.000	6.777
1188.000	6.777
1189.000	6.777
1190.000	6.777
1191.000	6.777
1192.000	6.777
1193.000	6.777
1194.000	6.777
1195.000	6.777
1196.000	6.777
1197.000	6.777
1198.000	6.777
1199.000	6.777
1200.000	6.777
1201.000	6.777
1202.000	6.777
1203.000	6.777
1204.000	6.777
1205.000	6.777
1206.000	6.777
1207.000	6.777
1208.000	6.777
1209.000	6.777
1210.000	6.777
1211.000	6.777
1212.000	6.777
1213.000	6.777
1214.000	6.777
1215.000	6.777
1216.000	6.777
1217.000	6.777
1218.000	6.777
1219.000	6.777
1220.000	6.777
1221.000	6.777
1222.000	6.777
1223.000	6.777
1224.000	6.777
1225.000	6.777
1226.000	6.777
1227.000	6.777
1228.000	6.777
1229.000	6.777
1230.000	6.777
1231.000	6.777
1232.000	6.777
1233.000	6.777
1234.000	6.777
1235.000	6.777
1236.000	6.777
1237.000	6.777
1238.000	6.777
1239.000	6.777
1240.000	6.777
1241.000	6.777
1242.000	6.777
1243.000	6.777
1244.000	6.777
1245.000	6.777
1246.000	6.777
1247.000	6.777
1248.000	6.777
1249.000	6.777
1250.000	6.777
1251.000	6.777
1252.000	6.777
1253.000	6.777
1254.000	6.777
1255.000	6.777
1256.000	6.777
1257.000	6.777
1258.000	6.777
1259.000	6.777
1260.000	6.777
1261.000	6.777
1262.000	6.777
1263.000	6.777
1264.000	6.777
1265.000	6.777
1266.000	6.777
1267.000	6.777
1268.000	6.777
1269.000	6.777
1270.000	6.777
1271.000	6.777
1272.000	6.777
1273.000	6.777
1274.000	6.777
1275.000	6.777
1276.000	6.777
1277.000	6.777
1278.000	6.777
1279.000	6.777
1280.000	6.777
1281.000	6.777
1282.000	6.777
1283.000	6.777
1284.000	6.777
1285.000	6.777
1286.000	6.777
1287.000	6.777
1288.000	6.777
1289.000	6.777
1290.000	6.777
1291.000	6.777
1292.000	6.777
1293.000	6.777
1294.000	6.777
1295.000	6.777
1296.000	6.777
1297.000	6.777
1298.000	6.777
1299.000	6.777
1300.000	6.777
1301.000	6.777
1302.000	6.777
1303.000	6.777
1304.000	6.777
1305.000	6.777
1306.000	6.777
1307.000	6.777
1308.000	6.777
1309.000	6.777
1310.000	6.777
1311.000	6.777
1312.000	6.777
1313.000	6.777
1314.000	6.777
1315.000	6.777
1316.000	6.777
1317.000	6.777
1318.000	6.777
1319.000	6.777
1320.000	6.777
1321.000	6.777
1322.000	6.777
1323.000	6.777
1324.000	6.777
1325.000	6.777
1326.000	6.777
1327.000	6.777
1328.000	6.777
1329.000	6.777
1330.000	6.777
1331.000	6.777
1332.000	6.777
1333.000	6.777
1334.000	6.777
1335.000	6.777
1336.000	6.777
1337.000	6.777
1338.000	6.777
1339.000	6.777
1340.000	6.777
1341.000	6.777
1342.000	6.777
1343.000	6.777
1344.000	6.777
1345.000	6.777
1346.000	6.777
1347.000	6.777
1348.000	6.777
1349.000	6.777
1350.000	6.777
1351.000	6.777
1352.000	6.777
1353.000	6.777
1354.000	6.777
1355.000	6.777
1356.000	6.777
1357.000	6.777
1358.000	6.777
1359.000	6.777
1360.000	6.777
1361.000	6.777
1362.000	6.777
1363.000	6.777
1364.000	6.777
1365.000	6.777
1366.000	6.777
1367.000	6.777
1368.000	6.777
1369.000	6.777
1370.000	6.777
1371.000	6.777
1372.000	6.777
1373.000	6.777
1374.000	6.777
1375.000	6.777
1376.000	6.777
1377.000	6.777
1378.000	6.777
1379.000	6.777
1380.000	6.777
1381.000	6.777
1382.000	6.777
1383.000	6.777
1384.000	6.777
1385.000	6.777
1386.000	6.777
1387.000	6.777
1388.000	6.777
1389.000	6.777
1390.000	6.777
1391.000	6.777
1392.000	6.777
1393.000	6.777
1394.000	6.777
1395.000	6.777
1396.000	6.777
1397.000	6.777
1398.000	6.777
1399.000	6.777
1400.000	6.777
1401.000	6.777
1402.000	6.777
1403.000	6.777
1404.000	6.777
1405.000	6.777
1406.000	6.777
1407.000	6.777
1408.000	6.777
1409.000	6.777
1410.000	6.777
1411.000	6.777
1412.000	6.777
1413.000	6.777
1414.000	6.777
1415.000	6.777
1416.000	6.777
1417.000	6.777
1418.000	6.777
1419.000	6.777
1420.000	6.777
1421.000	6.777
1422.000	6.777
1423.000	6.777
1424.000	6.777
1425.000	6.777
1426.000	6.777
1427.000	6.777
1428.000	6.777
1429.000	6.777
1430.000	6.777
1431.000	6.777
1432.000	6.777
1433.000	6.777
1434.000	6.777
1435.000	6.777
1436.000	6.777
1437.000	6.777
1438.000	6.777
1439.000	6.777
1440.000	6.777
1441.000	6.777
1442.000	6.777
1443.000	6.777
1444.000	6.777
1445.000	6.777
1446.000	6.777
1447.000	6.777
1448.000	6.777
1449.000	6.777
1450.000	6.777
1451.000	6.777
1452.000	6.777
1453.000	6.777
1454.000	6.777
1455.000	6.777
1456.000	6.777
1457.000	6.777
1458.000	6.777
1459.000	6.777
1460.000	6.777
1461.000	6.777
1462.000	6.777
1463.000	6.777
1464.000	6.777
1465.000	6.777
1466.000	6.777
1467.000	6.777
1468.000	6.777
1469.000	6.777
1470.000	6.777
1471.000	6.777
1472.000	6.777
1473.000	6.777
1474.000	6.777
1475.000	6.777
1476.000	6.777
1477.000	6.777
1478.000	6.777
1479.000	6.777
1480.000	6.777
1481.000	6.777
1482.000	6.777
1483.000	6.777
1484.000	6.777
1485.000	6.777
1486.000	6.777
1487.000	6.777
1488.000	6.777
1489.000	6.777
1490.000	6.777
1491.000	6.777
1492.000	6.777
1493.000	6.777
1494.000	6.777
1495.000	6.777
1496.000	6.777
1497.000	6.777
1498.000	6.777
1499.000	6.777
1500.000	6.777
1501.000	6.777
1502.000	6.777
1503.000	6.777
1504.000	6.777
1505.000	6.777
1506.000	6.777
1507.000	6.777
1508.000	6.777
1509.000	6.777
1510.000	6.777
1511.000	6.777
1512.000	6.777
1513.000	6.777
1514.000	6.777
1515.000	6.777
1516.000	6.777
1517.000	6.777
1518.000	6.777
1519.000	6.777
1520.000	6.777
1521.000	6.777
1522.000	6.777
1523.000	6.777
1524.000	6.777
1525.000	6.777
1526.000	6.777
1527.000	6.777
1528.000	6.777
1529.000	6.777
1530.000	6.777
1531.000	6.777
1532.000	6.777
1533.000	6.777
1534.000	6.777
1535.000	6.777
1536.000	6.777
1537.000	6.777
1538.000	6.777
1539.000	6.777
1540.000	6.777
1541.000	6.777
1542.000	6.777
1543.000	6.777
1544.000	6.777
1545.000	6.777
1546.000	6.777
1547.000	6.777
1548.000	6.777
1549.000	6.777
1550.000	6.777
1551.000	6.777
1552.000	6.777
1553.000	6.777
1554.000	6.777
1555.000	6.777
1556.000	6.777
1557.000	6.777
1558.000	6.777
1559.000	6.777
1560.000	6.777
1561.000	6.777
1562.000	6.777
1563.000	6.777
1564.000	6.777
1565.000	6.777
1566.000	6.777
1567.000	6.777
1568.000	6.777
1569.000	6.777
1570.000	6.777
1571.000	6.777
1572.000	6.777
1573.000	6.777
1574.000	6.777
1575.000	6.777
1576.000	6.777
1577.000	6.777
1578.000	6.777
1579.000	6.777
1580.000	6.777
1581.000	6.777
1582.000	6.777
1583.000	6.777
1584.000	6.777
1585.000	6.777
1586.000	6.777
1587.000	6.777
1588.000	6.777
1589.000	6.777
1590.000	6.777
1591.000	6.777
1592.000	6.777
1593.000	6.777
1594.000	6.777
1595.000	6.777
1596.000	6.777
1597.000	6.777
1598.000	6.777
1599.000	6.777
1600.000	6.777
1601.000	6.777
1602.000	6.777
1603.000	6.777
1604.000	6.777
1605.000	6.777
1606.000	6.777
1607.000	6.777
1608.000	6.777
1609.000	6.777
1610.000	6.777
1611.000	6.777
1612.000	6.777
1613.000	6.777
1614.000	6.777
1615.000	6.777
1616.000	6.777
1617.000	6.777
1618.000	6.777
1619.000	6.777
1620.000	6.777
1621.000	6.777
1622.000	6.777
1623.000	6.777
1624.000	6.777
1625.000	6.777
1626.000	6.777
1627.000	6.777
1628.000	6.777
1629.000	6.777
1630.000	6.777
1631.000	6.777
1632.000	6.777
1633.000	6.777
1634.000	6.777
1635.000	6.777
1636.000	6.777
1637.000	6.777
1638.000	6.777
1639.000	6.777
1640.000	6.777
1641.000	6.777
1642.000	6.777
1643.000	6.777
1644.000	6.777
1645.000	6.777
1646.000	6.777
1647.000	6.777
1648.000	6.777
1649.000	6.777
1650.000	6.777
1651.000	6.777
1652.000	6.777
1653.000	6.777
1654.000	6.777
1655.000	6.777
1656.000	6.777
1657.000	6.777
1658.000	6.777
1659.000	6.777
1660.000	6.777
1661.000	6.777
1662.000	6.777
1663.000	6.777
1664.000	6.777
1665.000	6.777
1666.000	6.777
1667.000	6.777
1668.000	6.777
1669.000	6.777
1670.000	6.777
1671.000	6.777
1672.000	6.777
1673.000	6.777
1674.000	6.777
1675.000	6.777
1676.000	6.777
1677.000	6.777
1678.000	6.777
1679.000	6.777
1680.000	6.777
1681.000	6.777
1682.000	6.777
1683.000	6.777
1684.000	6.777
1685.000	6.777
1686.000	6.777
1687.000	6.777
1688.000	6.777
1689.000	6.777
1690.000	6.777
1691.000	6.777
1692.000	6.777
1693.000	6.777
1694.000	6.777
1695.000	6.777
1696.000	6.777
1697.000	6.777
1698.000	6.777
1699.000	6.777
1700.000	6.777
1701.000	6.777
1702.000	6.777
1703.000	6.777
1704.000	6.777
1705.000	6.777
1706.000	6.777
1707.000	6.777
1708.000	6.777
1709.000	6.777
1710.000	6.777
1711.000	6.777
1712.000	6.777
1713.000	6.777
1714.000	6.777
1715.000	6.777
1716.000	6.777
1717.000	6.777
1718.000	6.777
1719.000	6.777
1720.000	6.777
1721.000	6.777
1722.000	6.777
1723.000	6.777
1724.000	6.777
1725.000	6.777
1726.000	6.777
1727.000	6.777
1728.000	6.777
1729.000	6.777
1730.000	6.777
1731.000	6.777
1732.000	6.777
1733.000	6.777
1734.000	6.777
1735.000	6.777
1736.000	6.777
1737.000	6.777
1738.000	6.777
1739.000	6.777
1740.000	6.777
1741.000	6.777
1742.000	6.777
1743.000	6.777
1744.000	6.777
1745.000	6.777
1746.000	6.777
1747.000	6.777
1748.000	6.777
1749.000	6.777
1750.000	6.777
1751.000	6.777
1752.000	6.777
1753.000	6.777
1754.000	6.777
1755.000	6.777
1756.000	6.777
1757.000	6.777
1758.000	6.777
1759.000	6.777
1760.000	6.777
1761.000	6.777
1762.000	6.777
1763.000	6.777
1764.000	6.777
1765.000	6.777
1766.000	6.777
1767.000	6.777
1768.000	6.777
1769.000	6.777
1770.000	6.777
1771.000	6.777
1772.000	6.777
1773.000	6.777
1774.000	6.777
1775.000	6.777
1776.000	6.777
1777.000	6.777
1778.000	6.777
1779.000	6.777
1780.000	6.777
1781.000	6.777
1782.000	6.777
1783.000	6.777
1784.000	6.777
1785.000	6.777
1786.000	6.777
1787.000	6.777
1788.000	6.777
1789.000	6.777
1790.000	6.777
1791.000	6.777
1792.000	6.777
1793.000	6.777
1794.000	6.777
1795.000	6.777
1796.000	6.777
1797.000	6.777
1798.000	6.777
1799.000	6.777
1800.000	6.777
1801.000	6.777
1802.000	6.777
1803.000	6.777
1804.000	6.777
1805.000	6.777
1806.000	6.777
1807.000	6.777
1808.000	6.777
1809.000	6.777
1810.000	6.777
1811.000	6.777
1812.000	6.777
1813.000	6.777
1814.000	6.777
1815.000	6.777
1816.000	6.777
1817.000	6.777
1818.000	6.777
1819.000	6.777
1820.000	6.777
1821.000	6.777
1822.000	6.777
1823.000	6.777
1824.000	6.777
1825.000	6.777
1826.000	6.777
1827.000	6.777
1828.000	6.777
1829.000	6.777
1830.000	6.777
1831.000	6.777
1832.000	6.777
1833.000	6.777
1834.000	6.777
1835.000	6.777
1836.000	6.777
1837.000	6.777
1838.000	6.777
1839.000	6.777
1840.000	6.777
1841.000	6.777
1842.000	6.777
1843.000	6.777
1844.000	6.777
1845.000	6.777
1846.000	6.777
1847.000	6.777
1848.000	6.777
1849.000	6.777
1850.000	6.777
1851.000	6.777
1852.000	6.777
1853.000	6.777
1854.000	6.777
1855.000	6.777
1856.000	6.777
1857.000	6.777
1858.000	6.777
1859.000	6.777
1860.000	6.777
1861.000	6.777
1862.000	6.777
1863.000	6.777
1864.000	6.777
1865.000	6.777
1866.000	6.777
1867.000	6.777
1868.000	6.777
1869.000	6.777
1870.000	6.777
1871.000	6.777
1872.000	6.777
1873.000	6.777
1874.000	6.777
1875.000	6.777
1876.000	6.777
1877.000	6.777
1878.000	6.777
1879.000	6.777
1880.000	6.777
1881.000	6.777
1882.000	6.777
1883.000	6.777
1884.000	6.777
1885.000	6.777
1886.000	6.777
1887.000	6.777
1888.000	6.777
1889.000	6.777
1890.000	6.777
1891.000	6.777
1892.000	6.777
1893.000	6.777
1894.000	6.777
1895.000	6.777
1896.000	6.777
1897.000	6.777
1898.000	6.777
1899.000	6.777
1900.000	6.777
1901.000	6.772
1902.000	6.766
1903.000	6.766
1904.000	6.757
1905.000	6.749
1906.000	6.741
1907.000	6.732
1908.000	6.724
1909.000	6.715
1910.000	6.707
1911.000	6.698
1912.000	6.690
1913.000	6.681
1914.000	6.681
1915.000	6.673
1916.000	6.664
1917.000	6.656
1918.000	6.647
1919.000	6.639
1920.000	6.631
1921.000	6.622
1922.000	6.614
1923.000	6.605
1924.000	6.597
1925.000	6.588
1926.000	6.588
1927.000	6.580
1928.000	6.571
1929.000	6.563
1930.000	6.555
1931.000	6.546
1932.000	6.538
1933.000	6.529
1934.000	6.521
1935.000	6.512
1936.000	6.504
1937.000	6.504
1938.000	6.495
1939.000	6.487
1940.000	6.479
1941.000	6.470
1942.000	6.462
1943.000	6.453
1944.000	6.445
1945.000	6.436
1946.000	6.428
1947.000	6.420
1948.000	6.420
1949.000	6.411
1950.000	6.403
1951.000	6.394
1952.000	6.386
1953.000	6.377
1954.000	6.369
1955.000	6.360
1956.000	6.352
1957.000	6.344
1958.000	6.335
1959.000	6.335
1960.000	6.327
1961.000	6.318
1962.000	6.310
1963.000	6.301
1964.000	6.293
1965.000	6.285
1966.000	6.276
1967.000	6.268
1968.000	6.259
1969.000	6.251
1970.000	6.251
1971.000	6.243
1972.000	6.234
1973.000	6.226
1974.000	6.217
1975.000	6.209
1976.000	6.200
1977.000	6.192
1978.000	6.184
1979.000	6.175
1980.000	6.167
1981.000	6.167
1982.000	6.158
1983.000	6.150
1984.000	6.142
1985.000	6.133
1986.000	6.125
1987.000	6.116
1988.000	6.108
1989.000	6.099
1990.000	6.091
1991.000	6.083
1992.000	6.074
1993.000	6.074
1994.000	6.066
1995.000	6.057
1996.000	6.049
1997.000	6.041
1998.000	6.032
1999.000	6.024
2000.000	6.015
2001.000	6.007
2002.000	5.999
2003.000	5.990
2004.000	5.990
2005.000	5.982
2006.000	5.973
2007.000	5.965
2008.000	5.957
2009.000	5.948
2010.000	5.940
2011.000	5.931
2012.000	5.923
2013.000	5.915
2014.000	5.906
2015.000	5.906
2016.000	5.898
2017.000	5.889
2018.000	5.881
2019.000	5.873
2020.000	5.864
2021.000	5.856
2022.000	5.848
2023.000	5.839
2024.000	5.831
2025.000	5.822
2026.000	5.822
2027.000	5.814
2028.000	5.806
2029.000	5.797
2030.000	5.789
2031.000	5.780
2032.000	5.772
2033.000	5.764
2034.000	5.755
2035.000	5.747
2036.000	5.739
2037.000	5.739
2038.000	5.730
2039.000	5.722
2040.000	5.713
2041.000	5.705
2042.000	5.697
2043.000	5.688
2044.000	5.680
2045.000	5.671
2046.000	5.663
2047.000	5.655
2048.000	5.655
2049.000	5.646
2050.000	5.638
2051.000	5.630
2052.000	5.621
2053.000	5.613
2054.000	5.605
2055.000	5.596
2056.000	5.588
2057.000	5.579
2058.000	5.571
2059.000	5.563
2060.000	5.563
2061.000	5.554
2062.000	5.546
2063.000	5.538
2064.000	5.529
2065.000	5.521
2066.000	5.512
2067.000	5.504
2068.000	5.496
2069.000	5.487
2070.000	5.479
2071.000	5.479
2072.000	5.471
2073.000	5.462
2074.000	5.454
2075.000	5.446
2076.000	5.437
2077.000	5.429
2078.000	5.421
2079.000	5.412
2080.000	5.404
2081.000	5.395
2082.000	5.395
2083.000	5.387
2084.000	5.379
2085.000	5.370
2086.000	5.362
2087.000	5.354
2088.000	5.345
2089.000	5.337
2090.000	5.329
2091.000	5.320
2092.000	5.312
2093.000	5.311
2094.000	5.302
2095.000	5.294
2096.000	5.286
2097.000	5.277
2098.000	5.269
2099.000	5.261
2100.000	5.252
2101.000	5.244
2102.000	5.236
2103.000	5.227
2104.000	5.226
2105.000	5.218
2106.000	5.209
2107.000	5.201
2108.000	5.193
2109.000	5.184
2110.000	5.176
2111.000	5.168
2112.000	5.159
2113.000	5.151
2114.000	5.143
2115.000	5.142
2116.000	5.133
2117.000	5.125
2118.000	5.117
2119.000	5.108
2120.000	5.100
2121.000	5.092
2122.000	5.083
2123.000	5.075
2124.000	5.067
2125.000	5.058
2126.000	5.057
2127.000	5.049
2128.000	5.040
2129.000	5.032
2130.000	5.024
2131.000	5.015
2132.000	5.007
2133.000	4.999
2134.000	4.990
2135.000	4.982
2136.000	4.974
2137.000	4.966
2138.000	4.964
2139.000	4.956
2140.000	4.948
2141.000	4.939
2142.000	4.931
2143.000	4.923
2144.000	4.914
2145.000	4.906
2146.000	4.898
2147.000	4.889
2148.000	4.881
2149.000	4.880
2150.000	4.872
2151.000	4.863
2152.000	4.855
2153.000	4.847
2154.000	4.838
2155.000	4.830
2156.000	4.822
2157.000	4.813
2158.000	4.805
2159.000	4.797
2160.000	4.796
2161.000	4.787
2162.000	4.779
2163.000	4.771
2164.000	4.762
2165.000	4.754
2166.000	4.746
2167.000	4.738
2168.000	4.729
2169.000	4.721
2170.000	4.713
2171.000	4.711
2172.000	4.703
2173.000	4.695
2174.000	4.687
2175.000	4.678
2176.000	4.670
2177.000	4.662
2178.000	4.653
2179.000	4.645
2180.000	4.637
2181.000	4.628
2182.000	4.627
2183.000	4.619
2184.000	4.611
2185.000	4.602
2186.000	4.594
2187.000	4.586
2188.000	4.577
2189.000	4.569
2190.000	4.561
2191.000	4.553
2192.000	4.544
2193.000	4.543
2194.000	4.535
2195.000	4.527
2196.000	4.518
2197.000	4.510
2198.000	4.502
2199.000	4.493
2200.000	4.485
2201.000	4.477
2202.000	4.468
2203.000	4.460
2204.000	4.452
2205.000	4.451
2206.000	4.442
2207.000	4.434
2208.000	4.426
2209.000	4.418
2210.000	4.409
2211.000	4.401
2212.000	4.393
2213.000	4.384
2214.000	4.376
2215.000	4.368
2216.000	4.367
2217.000	4.358
2218.000	4.350
2219.000	4.342
2220.000	4.334
2221.000	4.325
2222.000	4.317
2223.000	4.309
2224.000	4.300
2225.000	4.292
2226.000	4.284
2227.000	4.283
2228.000	4.274
2229.000	4.266
2230.000	4.258
2231.000	4.250
2232.000	4.241
2233.000	4.233
2234.000	4.225
2235.000	4.217
2236.000	4.208
2237.000	4.200
2238.000	4.199
2239.000	4.191
2240.000	4.182
2241.000	4.174
2242.000	4.166
2243.000	4.158
2244.000	4.149
2245.000	4.141
2246.000	4.133
2247.000	4.124
2248.000	4.116
2249.000	4.115
2250.000	4.107
2251.000	4.098
2252.000	4.090
2253.000	4.082
2254.000	4.074
2255.000	4.065
2256.000	4.057
2257.000	4.049
2258.000	4.041
2259.000	4.032
2260.000	4.031
2261.000	4.023
2262.000	4.015
2263.000	4.006
2264.000	3.998
2265.000	3.990
2266.000	3.982
2267.000	3.973
2268.000	3.965
2269.000	3.957
2270.000	3.949
2271.000	3.940
2272.000	3.939
2273.000	3.931
2274.000	3.923
2275.000	3.914
2276.000	3.906
2277.000	3.898
2278.000	3.890
2279.000	3.881
2280.000	3.873
2281.000	3.865
2282.000	3.857
2283.000	3.855
2284.000	3.847
2285.000	3.839
2286.000	3.831
2287.000	3.823
2288.000	3.814
2289.000	3.806
2290.000	3.798
2291.000	3.790
2292.000	3.781
2293.000	3.773
2294.000	3.772
2295.000	3.764
2296.000	3.755
2297.000	3.747
2298.000	3.739
2299.000	3.731
2300.000	3.722
2301.000	3.714
2302.000	3.706
2303.000	3.698
2304.000	3.689
2305.000	3.688
2306.000	3.680
2307.000	3.672
2308.000	3.666
2309.000	3.661
2310.000	3.658
2311.000	3.657
2312.000	3.656
2313.000	3.655
2314.000	3.654
2315.000	3.652
2316.000	3.651
2317.000	3.650
2318.000	3.649
2319.000	3.648
2320.000	3.647
2321.000	3.646
2322.000	3.644
2323.000	3.643
2324.000	3.642
2325.000	3.641
2326.000	3.640
2327.000	3.639
2328.000	3.637
2329.000	3.636
2330.000	3.635
2331.000	3.634
2332.000	3.633
2333.000	3.632
2334.000	3.630
2335.000	3.629
2336.000	3.628
2337.000	3.627
2338.000	3.626
2339.000	3.625
2340.000	3.623
2341.000	3.622
2342.000	3.621
2343.000	3.620
2344.000	3.619
2345.000	3.618
2346.000	3.616
2347.000	3.615
2348.000	3.614
2349.000	3.613
2350.000	3.612
2351.000	3.611
2352.000	3.609
2353.000	3.608
2354.000	3.607
2355.000	3.606
2356.000	3.605
2357.000	3.604
2358.000	3.602
2359.000	3.601
2360.000	3.600
2361.000	3.599
2362.000	3.598
2363.000	3.597
2364.000	3.595
2365.000	3.594
2366.000	3.593
2367.000	3.592
2368.000	3.591
2369.000	3.590
2370.000	3.588
2371.000	3.587
2372.000	3.586
2373.000	3.585
2374.000	3.584
2375.000	3.583
2376.000	3.581
2377.000	3.580
2378.000	3.579
2379.000	3.578
2380.000	3.577
2381.000	3.576
2382.000	3.574
2383.000	3.573
2384.000	3.572
2385.000	3.571
2386.000	3.570
2387.000	3.569
2388.000	3.567
2389.000	3.566
2390.000	3.565
2391.000	3.564
2392.000	3.563
2393.000	3.562
2394.000	3.560
2395.000	3.559
2396.000	3.558
2397.000	3.557
2398.000	3.556
2399.000	3.555
2400.000	3.553
2401.000	3.552
2402.000	3.551
2403.000	3.550
2404.000	3.549
2405.000	3.548
2406.000	3.547
2407.000	3.545
2408.000	3.544
2409.000	3.543
2410.000	3.542
2411.000	3.541
2412.000	3.540
2413.000	3.538
2414.000	3.537
2415.000	3.536
2416.000	3.535
2417.000	3.534
2418.000	3.533
2419.000	3.531
2420.000	3.530
2421.000	3.529
2422.000	3.528
2423.000	3.527
2424.000	3.526
2425.000	3.524
2426.000	3.523
2427.000	3.522
2428.000	3.521
2429.000	3.520
2430.000	3.519
2431.000	3.517
2432.000	3.516
2433.000	3.515
2434.000	3.514
2435.000	3.513
2436.000	3.512
2437.000	3.510
2438.000	3.509
2439.000	3.508
2440.000	3.507
2441.000	3.506
2442.000	3.505
2443.000	3.503
2444.000	3.502
2445.000	3.501
2446.000	3.500
2447.000	3.499
2448.000	3.498
2449.000	3.496
2450.000	3.495
2451.000	3.494
2452.000	3.493
2453.000	3.492
2454.000	3.491
2455.000	3.489
2456.000	3.488
2457.000	3.487
2458.000	3.486
2459.000	3.485
2460.000	3.484
2461.000	3.482
2462.000	3.481
2463.000	3.480
2464.000	3.479
2465.000	3.478
2466.000	3.477
2467.000	3.475
2468.000	3.474
2469.000	3.473
2470.000	3.472
2471.000	3.471
2472.000	3.470
2473.000	3.468
2474.000	3.467
2475.000	3.466
2476.000	3.465
2477.000	3.464
2478.000	3.463
2479.000	3.461
2480.000	3.460
2481.000	3.459
2482.000	3.458
2483.000	3.457
2484.000	3.456
2485.000	3.454
2486.000	3.453
2487.000	3.452
2488.000	3.451
2489.000	3.450
2490.000	3.449
2491.000	3.448
2492.000	3.446
2493.000	3.445
2494.000	3.444
2495.000	3.443
2496.000	3.442
2497.000	3.441
2498.000	3.439
2499.000	3.438
2500.000	3.437
2501.000	3.436
2502.000	3.435
2503.000	3.434
2504.000	3.432
2505.000	3.431
2506.000	3.430
2507.000	3.429
2508.000	3.428
2509.000	3.427
2510.000	3.425
2511.000	3.424
2512.000	3.423
2513.000	3.422
2514.000	3.421
2515.000	3.420
2516.000	3.418
2517.000	3.417
2518.000	3.416
2519.000	3.415
2520.000	3.414
2521.000	3.413
2522.000	3.411
2523.000	3.410
2524.000	3.409
2525.000	3.408
2526.000	3.407
2527.000	3.406
2528.000	3.404
2529.000	3.403
2530.000	3.402
2531.000	3.401
2532.000	3.400
2533.000	3.399
2534.000	3.397
2535.000	3.396
2536.000	3.395
2537.000	3.394
2538.000	3.393
2539.000	3.392
2540.000	3.390
2541.000	3.389
2542.000	3.388
2543.000	3.387
2544.000	3.386
2545.000	3.385
2546.000	3.383
2547.000	3.382
2548.000	3.381
2549.000	3.380
2550.000	3.379
2551.000	3.378
2552.000	3.376
2553.000	3.375
2554.000	3.374
2555.000	3.373
2556.000	3.372
2557.000	3.371
2558.000	3.369
2559.000	3.368
2560.000	3.367
2561.000	3.366
2562.000	3.365
2563.000	3.364
2564.000	3.362
2565.000	3.361
2566.000	3.360
2567.000	3.359
2568.000	3.358
2569.000	3.357
2570.000	3.355
2571.000	3.354
2572.000	3.353
2573.000	3.352
2574.000	3.351
2575.000	3.350
2576.000	3.349
2577.000	3.347
2578.000	3.346
2579.000	3.345
2580.000	3.344
2581.000	3.343
2582.000	3.342
2583.000	3.340
2584.000	3.339
2585.000	3.338
2586.000	3.337
2587.000	3.336
2588.000	3.335
2589.000	3.333
2590.000	3.332
2591.000	3.331
2592.000	3.330
2593.000	3.329
2594.000	3.328
2595.000	3.326
2596.000	3.325
2597.000	3.324
2598.000	3.323
2599.000	3.322
2600.000	3.321
2601.000	3.319
2602.000	3.318
2603.000	3.317
2604.000	3.316
2605.000	3.315
2606.000	3.314
2607.000	3.312
2608.000	3.311
2609.000	3.310
2610.000	3.309
2611.000	3.308
2612.000	3.307
2613.000	3.305
2614.000	3.304
2615.000	3.303
2616.000	3.302
2617.000	3.301
2618.000	3.300
2619.000	3.298
2620.000	3.297
2621.000	3.296
2622.000	3.295
2623.000	3.294
2624.000	3.293
2625.000	3.291
2626.000	3.290
2627.000	3.289
2628.000	3.288
2629.000	3.287
2630.000	3.286
2631.000	3.284
2632.000	3.283
2633.000	3.282
2634.000	3.281
2635.000	3.280
2636.000	3.279
2637.000	3.277
2638.000	3.276
2639.000	3.275
2640.000	3.274
2641.000	3.273
2642.000	3.272
2643.000	3.270
2644.000	3.269
2645.000	3.268
2646.000	3.267
2647.000	3.266
2648.000	3.265
2649.000	3.263
2650.000	3.262
2651.000	3.261
2652.000	3.260
2653.000	3.259
2654.000	3.258
2655.000	3.256
2656.000	3.255
2657.000	3.254
2658.000	3.253
2659.000	3.252
2660.000	3.251
2661.000	3.250
2662.000	3.248
2663.000	3.247
2664.000	3.246
2665.000	3.245
2666.000	3.244
2667.000	3.243
2668.000	3.241
2669.000	3.240
2670.000	3.239
2671.000	3.238
2672.000	3.237
2673.000	3.236
2674.000	3.234
2675.000	3.233
2676.000	3.232
2677.000	3.231
2678.000	3.230
2679.000	3.229
2680.000	3.227
2681.000	3.226
2682.000	3.225
2683.000	3.224
2684.000	3.223
2685.000	3.222
2686.000	3.220
2687.000	3.219
2688.000	3.218
2689.000	3.217
2690.000	3.216
2691.000	3.215
2692.000	3.213
2693.000	3.212
2694.000	3.211
2695.000	3.210
2696.000	3.209
2697.000	3.208
2698.000	3.206
2699.000	3.205
2700.000	3.204
2701.000	3.203
2702.000	3.202
2703.000	3.201
2704.000	3.199
2705.000	3.198
2706.000	3.197
2707.000	3.196
2708.000	3.195
2709.000	3.194
2710.000	3.192
2711.000	3.191
2712.000	3.190
2713.000	3.189
2714.000	3.188
2715.000	3.187
2716.000	3.185
2717.000	3.184
2718.000	3.183
2719.000	3.182
2720.000	3.181
2721.000	3.180
2722.000	3.178
2723.000	3.177
2724.000	3.176
2725.000	3.175
2726.000	3.174
2727.000	3.173
2728.000	3.171
2729.000	3.170
2730.000	3.169
2731.000	3.168
2732.000	3.167
2733.000	3.166
2734.000	3.164
2735.000	3.163
2736.000	3.162
2737.000	3.161
2738.000	3.160
2739.000	3.159
2740.000	3.157
2741.000	3.156
2742.000	3.155
2743.000	3.154
2744.000	3.153
2745.000	3.152
2746.000	3.151
2747.000	3.149
2748.000	3.148
2749.000	3.147
2750.000	3.146
2751.000	3.145
2752.000	3.144
2753.000	3.142
2754.000	3.141
2755.000	3.140
2756.000	3.139
2757.000	3.138
2758.000	3.137
2759.000	3.135
2760.000	3.134
2761.000	3.133
2762.000	3.132
2763.000	3.131
2764.000	3.130
2765.000	3.128
2766.000	3.127
2767.000	3.126
2768.000	3.125
2769.000	3.124
2770.000	3.123
2771.000	3.121
2772.000	3.120
2773.000	3.119
2774.000	3.118
2775.000	3.117
2776.000	3.116
2777.000	3.114
2778.000	3.113
2779.000	3.112
2780.000	3.111
2781.000	3.110
2782.000	3.109
2783.000	3.107
2784.000	3.106
2785.000	3.105
2786.000	3.104
2787.000	3.103
2788.000	3.102
2789.000	3.100
2790.000	3.099
2791.000	3.098
2792.000	3.097
2793.000	3.096
2794.000	3.095
2795.000	3.093
2796.000	3.092
2797.000	3.091
2798.000	3.090
2799.000	3.089
2800.000	3.088
2801.000	3.086
2802.000	3.085
2803.000	3.084
2804.000	3.083
2805.000	3.082
2806.000	3.081
2807.000	3.079
2808.000	3.078
2809.000	3.077
2810.000	3.076
2811.000	3.075
2812.000	3.074
2813.000	3.072
2814.000	3.071
2815.000	3.070
2816.000	3.069
2817.000	3.068
2818.000	3.067
2819.000	3.065
2820.000	3.064
2821.000	3.063
2822.000	3.062
2823.000	3.061
2824.000	3.060
2825.000	3.058
2826.000	3.057
2827.000	3.056
2828.000	3.055
2829.000	3.054
2830.000	3.053
2831.000	3.052
2832.000	3.050
2833.000	3.049
2834.000	3.048
2835.000	3.047
2836.000	3.046
2837.000	3.045
2838.000	3.043
2839.000	3.042
2840.000	3.041
2841.000	3.040
2842.000	3.039
2843.000	3.038
2844.000	3.036
2845.000	3.035
2846.000	3.034
2847.000	3.033
2848.000	3.032
2849.000	3.031
2850.000	3.029
2851.000	3.028
2852.000	3.027
2853.000	3.026
2854.000	3.025
2855.000	3.024
2856.000	3.022
2857.000	3.021
2858.000	3.020
2859.000	3.019
2860.000	3.018
2861.000	3.017
2862.000	3.015
2863.000	3.014
2864.000	3.013
2865.000	3.012
2866.000	3.011
2867.000	3.010
2868.000	3.008
2869.000	3.007
2870.000	3.006
2871.000	3.005
2872.000	3.004
2873.000	3.003
2874.000	3.001
2875.000	3.000
2876.000	2.999
2877.000	2.998
2878.000	2.997
2879.000	2.996
2880.000	2.994
2881.000	2.993
2882.000	2.992
2883.000	2.991
2884.000	2.990
2885.000	2.989
2886.000	2.987
2887.000	2.986
2888.000	2.985
2889.000	2.984
2890.000	2.983
2891.000	2.982
2892.000	2.980
2893.000	2.979
2894.000	2.978
2895.000	2.977
2896.000	2.976
2897.000	2.975
2898.000	2.973
2899.000	2.972
2900.000	2.971
2901.000	2.970
2902.000	2.969
2903.000	2.968
2904.000	2.966
2905.000	2.965
2906.000	2.964
2907.000	2.963
2908.000	2.962
2909.000	2.961
2910.000	2.959
2911.000	2.958
2912.000	2.957
2913.000	2.956
2914.000	2.955
2915.000	2.954
2916.000	2.953
2917.000	2.951
2918.000	2.950
2919.000	2.949
2920.000	2.948
2921.000	2.947
2922.000	2.946
2923.000	2.944
2924.000	2.943
2925.000	2.942
2926.000	2.941
2927.000	2.940
2928.000	2.939
2929.000	2.937
2930.000	2.936
2931.000	2.935
2932.000	2.934
2933.000	2.933
2934.000	2.932
2935.000	2.930
2936.000	2.929
2937.000	2.928
2938.000	2.927
2939.000	2.926
2940.000	2.925
2941.000	2.923
2942.000	2.922
2943.000	2.921
2944.000	2.920
2945.000	2.919
2946.000	2.918
2947.000	2.916
2948.000	2.915
2949.000	2.914
2950.000	2.913
2951.000	2.912
2952.000	2.911
2953.000	2.909
2954.000	2.908
2955.000	2.907
2956.000	2.906
2957.000	2.905
2958.000	2.904
2959.000	2.902
2960.000	2.901
2961.000	2.900
2962.000	2.899
2963.000	2.898
2964.000	2.897
2965.000	2.895
2966.000	2.894
2967.000	2.893
2968.000	2.892
2969.000	2.891
2970.000	2.890
2971.000	2.888
2972.000	2.887
2973.000	2.886
2974.000	2.885
2975.000	2.884
2976.000	2.883
2977.000	2.881
2978.000	2.880
2979.000	2.879
2980.000	2.878
2981.000	2.877
2982.000	2.876
2983.000	2.874
2984.000	2.873
2985.000	2.872
2986.000	2.871
2987.000	2.870
2988.000	2.869
2989.000	2.867
2990.000	2.866
2991.000	2.865
2992.000	2.864
2993.000	2.863
2994.000	2.862
2995.000	2.860
2996.000	2.859
2997.000	2.858
2998.000	2.857
2999.000	2.856
3000.000	2.855
3001.000	2.854
3002.000	2.852
3003.000	2.851
3004.000	2.850
3005.000	2.849
3006.000	2.848
3007.000	2.847
3008.000	2.845
3009.000	2.844
3010.000	2.843
3011.000	2.842
3012.000	2.841
3013.000	2.840
3014.000	2.838
3015.000	2.837
3016.000	2.836
3017.000	2.835
3018.000	2.834
3019.000	2.833
3020.000	2.831
3021.000	2.830
3022.000	2.829
3023.000	2.828
3024.000	2.827
3025.000	2.826
3026.000	2.824
3027.000	2.823
3028.000	2.822
3029.000	2.821
3030.000	2.820
3031.000	2.819
3032.000	2.817
3033.000	2.816
3034.000	2.815
3035.000	2.814
3036.000	2.813
3037.000	2.812
3038.000	2.810
3039.000	2.809
3040.000	2.808
3041.000	2.807
3042.000	2.806
3043.000	2.805
3044.000	2.803
3045.000	2.802
3046.000	2.801
3047.000	2.800
3048.000	2.799
3049.000	2.798
3050.000	2.796
3051.000	2.795
3052.000	2.794
3053.000	2.793
3054.000	2.792
3055.000	2.791
3056.000	2.789
3057.000	2.788
3058.000	2.787
3059.000	2.786
3060.000	2.785
3061.000	2.784
3062.000	2.782
3063.000	2.781
3064.000	2.780
3065.000	2.779
3066.000	2.778
3067.000	2.777
3068.000	2.775
3069.000	2.774
3070.000	2.773
3071.000	2.772
3072.000	2.771
3073.000	2.770
3074.000	2.768
3075.000	2.767
3076.000	2.766
3077.000	2.765
3078.000	2.764
3079.000	2.763
3080.000	2.761
3081.000	2.760
3082.000	2.759
3083.000	2.758
3084.000	2.757
3085.000	2.756
3086.000	2.755
3087.000	2.753
3088.000	2.752
3089.000	2.751
3090.000	2.750
3091.000	2.749
3092.000	2.748
3093.000	2.746
3094.000	2.745
3095.000	2.744
3096.000	2.743
3097.000	2.742
3098.000	2.741
3099.000	2.739
3100.000	2.738
3101.000	2.737
3102.000	2.736
3103.000	2.735
3104.000	2.734
3105.000	2.732
3106.000	2.731
3107.000	2.730
3108.000	2.729
3109.000	2.728
3110.000	2.727
3111.000	2.725
3112.000	2.724
3113.000	2.723
3114.000	2.722
3115.000	2.721
3116.000	2.720
3117.000	2.718
3118.000	2.717
3119.000	2.716
3120.000	2.715
3121.000	2.714
3122.000	2.713
3123.000	2.711
3124.000	2.710
3125.000	2.709
3126.000	2.708
3127.000	2.707
3128.000	2.706
3129.000	2.704
3130.000	2.703
3131.000	2.702
3132.000	2.701
3133.000	2.700
3134.000	2.699
3135.000	2.697
3136.000	2.696
3137.000	2.695
3138.000	2.694
3139.000	2.693
3140.000	2.692
3141.000	2.690
3142.000	2.689
3143.000	2.688
3144.000	2.687
3145.000	2.686
3146.000	2.685
3147.000	2.683
3148.000	2.682
3149.000	2.681
3150.000	2.680
3151.000	2.679
3152.000	2.678
3153.000	2.676
3154.000	2.675
3155.000	2.674
3156.000	2.673
3157.000	2.672
3158.000	2.671
3159.000	2.669
3160.000	2.668
3161.000	2.667
3162.000	2.666
3163.000	2.665
3164.000	2.664
3165.000	2.662
3166.000	2.661
3167.000	2.660
3168.000	2.659
3169.000	2.658
3170.000	2.657
3171.000	2.656
3172.000	2.654
3173.000	2.653
3174.000	2.652
3175.000	2.651
3176.000	2.650
3177.000	2.649
3178.000	2.647
3179.000	2.646
3180.000	2.645
3181.000	2.644
3182.000	2.643
3183.000	2.642
3184.000	2.640
3185.000	2.639
3186.000	2.638
3187.000	2.637
3188.000	2.636
3189.000	2.635
3190.000	2.633
3191.000	2.632
3192.000	2.631
3193.000	2.630
3194.000	2.629
3195.000	2.628
3196.000	2.626
3197.000	2.625
3198.000	2.624
3199.000	2.623
3200.000	2.622
3201.000	2.621
3202.000	2.619
3203.000	2.618
3204.000	2.617
3205.000	2.616
3206.000	2.615
3207.000	2.614
3208.000	2.612
3209.000	2.611
3210.000	2.610
3211.000	2.609
3212.000	2.608
3213.000	2.607
3214.000	2.605
3215.000	2.604
3216.000	2.603
3217.000	2.602
3218.000	2.601
3219.000	2.600
3220.000	2.598
3221.000	2.597
3222.000	2.596
3223.000	2.595
3224.000	2.594
3225.000	2.593
3226.000	2.591
3227.000	2.590
3228.000	2.589
3229.000	2.588
3230.000	2.587
3231.000	2.586
3232.000	2.584
3233.000	2.583
3234.000	2.582
3235.000	2.581
3236.000	2.580
3237.000	2.579
3238.000	2.577
3239.000	2.576
3240.000	2.575
3241.000	2.574
3242.000	2.573
3243.000	2.572
3244.000	2.570
3245.000	2.569
3246.000	2.568
3247.000	2.567
3248.000	2.566
3249.000	2.565
3250.000	2.563
3251.000	2.562
3252.000	2.561
3253.000	2.560
3254.000	2.559
3255.000	2.558
3256.000	2.557
3257.000	2.555
3258.000	2.554
3259.000	2.553
3260.000	2.552
3261.000	2.551
3262.000	2.550
3263.000	2.548
3264.000	2.547
3265.000	2.546
3266.000	2.545
3267.000	2.544
3268.000	2.543
3269.000	2.541
3270.000	2.540
3271.000	2.539
3272.000	2.538
3273.000	2.537
3274.000	2.536
3275.000	2.534
3276.000	2.533
3277.000	2.532
3278.000	2.531
3279.000	2.530
3280.000	2.529
3281.000	2.527
3282.000	2.526
3283.000	2.525
3284.000	2.524
3285.000	2.523
3286.000	2.522
3287.000	2.520
3288.000	2.519
3289.000	2.518
3290.000	2.517
3291.000	2.516
3292.000	2.515
3293.000	2.513
3294.000	2.512
3295.000	2.511
3296.000	2.510
3297.000	2.509
3298.000	2.508
3299.000	2.506
3300.000	2.505
3301.000	2.504
3302.000	2.503
3303.000	2.502
3304.000	2.501
3305.000	2.499
3306.000	2.498
3307.000	2.497
3308.000	2.496
3309.000	2.495
3310.000	2.494
3311.000	2.492
3312.000	2.491
3313.000	2.490
3314.000	2.489
3315.000	2.488
3316.000	2.487
3317.000	2.485
3318.000	2.484
3319.000	2.483
3320.000	2.482
3321.000	2.481
3322.000	2.480
3323.000	2.478
3324.000	2.477
3325.000	2.476
3326.000	2.475
3327.000	2.474
3328.000	2.473
3329.000	2.471
3330.000	2.470
3331.000	2.469
3332.000	2.468
3333.000	2.467
3334.000	2.466
3335.000	2.465
3336.000	2.463
3337.000	2.462
3338.000	2.461
3339.000	2.460
3340.000	2.459
3341.000	2.458
3342.000	2.456
3343.000	2.455
3344.000	2.454
3345.000	2.453
3346.000	2.452
3347.000	2.451
3348.000	2.449
3349.000	2.448
3350.000	2.447
3351.000	2.446
3352.000	2.445
3353.000	2.444
3354.000	2.442
3355.000	2.441
3356.000	2.440
3357.000	2.439
3358.000	2.438
3359.000	2.437
3360.000	2.435
3361.000	2.434
3362.000	2.433
3363.000	2.432
3364.000	2.431
3365.000	2.430
3366.000	2.428
3367.000	2.427
3368.000	2.426
3369.000	2.425
3370.000	2.424
3371.000	2.423
3372.000	2.421
3373.000	2.420
3374.000	2.419
3375.000	2.418
3376.000	2.417
3377.000	2.416
3378.000	2.414
3379.000	2.413
3380.000	2.412
3381.000	2.411
3382.000	2.410
3383.000	2.409
3384.000	2.407
3385.000	2.406
3386.000	2.405
3387.000	2.404
3388.000	2.403
3389.000	2.402
3390.000	2.400
3391.000	2.399
3392.000	2.398
3393.000	2.397
3394.000	2.396
3395.000	2.395
3396.000	2.393
3397.000	2.392
3398.000	2.391
3399.000	2.390
3400.000	2.389
3401.000	2.388
3402.000	2.386
3403.000	2.385
3404.000	2.384
3405.000	2.383
3406.000	2.382
3407.000	2.381
3408.000	2.379
3409.000	2.378
3410.000	2.377
3411.000	2.376
3412.000	2.375
3413.000	2.374
3414.000	2.372
3415.000	2.371
3416.000	2.370
3417.000	2.369
3418.000	2.368
3419.000	2.367
3420.000	2.366
3421.000	2.364
3422.000	2.363
3423.000	2.362
3424.000	2.361
3425.000	2.360
3426.000	2.359
3427.000	2.357
3428.000	2.356
3429.000	2.355
3430.000	2.354
3431.000	2.353
3432.000	2.352
3433.000	2.350
3434.000	2.349
3435.000	2.348
3436.000	2.347
3437.000	2.346
3438.000	2.345
3439.000	2.343
3440.000	2.342
3441.000	2.341
3442.000	2.340
3443.000	2.339
3444.000	2.338
3445.000	2.336
3446.000	2.335
3447.000	2.334
3448.000	2.333
3449.000	2.332
3450.000	2.331
3451.000	2.329
3452.000	2.328
3453.000	2.327
3454.000	2.326
3455.000	2.325
3456.000	2.324
3457.000	2.322
3458.000	2.321
3459.000	2.320
3460.000	2.319
3461.000	2.318
3462.000	2.317
3463.000	2.315
3464.000	2.314
3465.000	2.313
3466.000	2.312
3467.000	2.311
3468.000	2.310
3469.000	2.308
3470.000	2.307
3471.000	2.306
3472.000	2.305
3473.000	2.304
3474.000	2.303
3475.000	2.301
3476.000	2.300
3477.000	2.299
3478.000	2.298
3479.000	2.297
3480.000	2.296
3481.000	2.294
3482.000	2.293
3483.000	2.292
3484.000	2.291
3485.000	2.290
3486.000	2.289
3487.000	2.287
3488.000	2.286
3489.000	2.285
3490.000	2.284
3491.000	2.283
3492.000	2.282
3493.000	2.280
3494.000	2.279
3495.000	2.278
3496.000	2.277
3497.000	2.276
3498.000	2.275
3499.000	2.273
3500.000	2.272
3501.000	2.271
3502.000	2.270
3503.000	2.269
3504.000	2.268
3505.000	2.267
3506.000	2.265
3507.000	2.264
3508.000	2.263
3509.000	2.262
3510.000	2.261
3511.000	2.260
3512.000	2.258
3513.000	2.257
3514.000	2.256
3515.000	2.255
3516.000	2.254
3517.000	2.253
3518.000	2.251
3519.000	2.250
3520.000	2.249
3521.000	2.248
3522.000	2.247
3523.000	2.246
3524.000	2.244
3525.000	2.243
3526.000	2.242
3527.000	2.241
3528.000	2.240
3529.000	2.239
3530.000	2.237
3531.000	2.236
3532.000	2.235
3533.000	2.234
3534.000	2.233
3535.000	2.232
3536.000	2.230
3537.000	2.229
3538.000	2.228
3539.000	2.227
3540.000	2.226
3541.000	2.225
3542.000	2.223
3543.000	2.222
3544.000	2.221
3545.000	2.220
3546.000	2.219
3547.000	2.218
3548.000	2.216
3549.000	2.215
3550.000	2.214
3551.000	2.213
3552.000	2.212
3553.000	2.211
3554.000	2.209
3555.000	2.208
3556.000	2.207
3557.000	2.206
3558.000	2.205
3559.000	2.204
3560.000	2.202
3561.000	2.201
3562.000	2.200
3563.000	2.199
3564.000	2.198
3565.000	2.197
3566.000	2.195
3567.000	2.194
3568.000	2.193
3569.000	2.192
3570.000	2.191
3571.000	2.190
3572.000	2.188
3573.000	2.187
3574.000	2.186
3575.000	2.185
3576.000	2.184
3577.000	2.183
3578.000	2.181
3579.000	2.180
3580.000	2.179
3581.000	2.178
3582.000	2.177
3583.000	2.176
3584.000	2.174
3585.000	2.173
3586.000	2.172
3587.000	2.171
3588.000	2.170
3589.000	2.169
3590.000	2.168
3591.000	2.166
3592.000	2.165
3593.000	2.164
3594.000	2.163
3595.000	2.162
3596.000	2.161
3597.000	2.159
3598.000	2.158
3599.000	2.157
3600.000	2.156
3601.000	2.155
3602.000	2.154
3603.000	2.152
3604.000	2.151
3605.000	2.150
3606.000	2.149
3607.000	2.148
3608.000	2.147
3609.000	2.145
3610.000	2.144
3611.000	2.143
3612.000	2.142
3613.000	2.141
3614.000	2.140
3615.000	2.138
3616.000	2.137
3617.000	2.136
3618.000	2.135
3619.000	2.134
3620.000	2.133
3621.000	2.131
3622.000	2.130
3623.000	2.129
3624.000	2.128
3625.000	2.127
3626.000	2.126
3627.000	2.124
3628.000	2.123
3629.000	2.122
3630.000	2.121
3631.000	2.120
3632.000	2.119
3633.000	2.117
3634.000	2.116
3635.000	2.115
3636.000	2.114
3637.000	2.113
3638.000	2.112
3639.000	2.110
3640.000	2.109
3641.000	2.108
3642.000	2.107
3643.000	2.106
3644.000	2.105
3645.000	2.103
3646.000	2.102
3647.000	2.101
3648.000	2.100
3649.000	2.099
3650.000	2.098
3651.000	2.096
3652.000	2.095
3653.000	2.094
3654.000	2.093
3655.000	2.092
3656.000	2.091
3657.000	2.089
3658.000	2.088
3659.000	2.087
3660.000	2.086
3661.000	2.085
3662.000	2.084
3663.000	2.082
3664.000	2.081
3665.000	2.080
3666.000	2.079
3667.000	2.078
3668.000	2.077
3669.000	2.075
3670.000	2.074
3671.000	2.073
3672.000	2.072
3673.000	2.071
3674.000	2.070
3675.000	2.069
3676.000	2.067
3677.000	2.066
3678.000	2.065
3679.000	2.064
3680.000	2.063
3681.000	2.062
3682.000	2.060
3683.000	2.059
3684.000	2.058
3685.000	2.057
3686.000	2.056
3687.000	2.055
3688.000	2.053
3689.000	2.052
3690.000	2.051
3691.000	2.050
3692.000	2.049
3693.000	2.048
3694.000	2.046
3695.000	2.045
3696.000	2.044
3697.000	2.043
3698.000	2.042
3699.000	2.041
3700.000	2.039
3701.000	2.038
3702.000	2.037
3703.000	2.036
3704.000	2.035
3705.000	2.034
3706.000	2.032
3707.000	2.031
3708.000	2.030
3709.000	2.029
3710.000	2.028
3711.000	2.027
3712.000	2.025
3713.000	2.024
3714.000	2.023
3715.000	2.022
3716.000	2.021
3717.000	2.020
3718.000	2.018
3719.000	2.017
3720.000	2.016
3721.000	2.015
3722.000	2.014
3723.000	2.013
3724.000	2.011
3725.000	2.010
3726.000	2.009
3727.000	2.008
3728.000	2.007
3729.000	2.006
3730.000	2.004
3731.000	2.003
3732.000	2.002
3733.000	2.001
3734.000	2.000
3735.000	1.998
3736.000	1.997
3737.000	1.996
3738.000	1.995
3739.000	1.994
3740.000	1.992
3741.000	1.991
3742.000	1.990
3743.000	1.989
3744.000	1.988
3745.000	1.986
3746.000	1.985
3747.000	1.984
3748.000	1.983
3749.000	1.982
3750.000	1.980
3751.000	1.979
3752.000	1.978
3753.000	1.977
3754.000	1.976
3755.000	1.975
3756.000	1.974
3757.000	1.972
3758.000	1.971
3759.000	1.970
3760.000	1.969
3761.000	1.968
3762.000	1.967
3763.000	1.965
3764.000	1.964
3765.000	1.963
3766.000	1.962
3767.000	1.961
3768.000	1.960
3769.000	1.958
3770.000	1.957
3771.000	1.956
3772.000	1.955
3773.000	1.954
3774.000	1.953
3775.000	1.951
3776.000	1.950
3777.000	1.949
3778.000	1.948
3779.000	1.947
3780.000	1.946
3781.000	1.944
3782.000	1.943
3783.000	1.942
3784.000	1.941
3785.000	1.940
3786.000	1.939
3787.000	1.937
3788.000	1.936
3789.000	1.935
3790.000	1.934
3791.000	1.933
3792.000	1.932
3793.000	1.930
3794.000	1.929
3795.000	1.928
3796.000	1.927
3797.000	1.926
3798.000	1.925
3799.000	1.923
3800.000	1.922
3801.000	1.921
3802.000	1.920
3803.000	1.919
3804.000	1.918
3805.000	1.916
3806.000	1.915
3807.000	1.914
3808.000	1.913
3809.000	1.912
3810.000	1.911
3811.000	1.909
3812.000	1.908
3813.000	1.907
3814.000	1.906
3815.000	1.905
3816.000	1.904
3817.000	1.902
3818.000	1.901
3819.000	1.900
3820.000	1.899
3821.000	1.898
3822.000	1.897
3823.000	1.895
3824.000	1.894
3825.000	1.893
3826.000	1.892
3827.000	1.891
3828.000	1.890
3829.000	1.888
3830.000	1.887
3831.000	1.886
3832.000	1.885
3833.000	1.884
3834.000	1.883
3835.000	1.881
3836.000	1.880
3837.000	1.879
3838.000	1.878
3839.000	1.877
3840.000	1.876
3841.000	1.875
3842.000	1.873
3843.000	1.872
3844.000	1.871
3845.000	1.870
3846.000	1.869
3847.000	1.868
3848.000	1.866
3849.000	1.865
3850.000	1.864
3851.000	1.863
3852.000	1.862
3853.000	1.861
3854.000	1.859
3855.000	1.858
3856.000	1.857
3857.000	1.856
3858.000	1.855
3859.000	1.854
3860.000	1.852
3861.000	1.851
3862.000	1.850
3863.000	1.849
3864.000	1.848
3865.000	1.847
3866.000	1.845
3867.000	1.844
3868.000	1.843
3869.000	1.842
3870.000	1.841
3871.000	1.840
3872.000	1.838
3873.000	1.837
3874.000	1.836
3875.000	1.835
3876.000	1.834
3877.000	1.833
3878.000	1.831
3879.000	1.830
3880.000	1.829
3881.000	1.828
3882.000	1.827
3883.000	1.826
3884.000	1.824
3885.000	1.823
3886.000	1.822
3887.000	1.821
3888.000	1.820
3889.000	1.819
3890.000	1.817
3891.000	1.816
3892.000	1.815
3893.000	1.814
3894.000	1.813
3895.000	1.812
3896.000	1.810
3897.000	1.809
3898.000	1.808
3899.000	1.807
3900.000	1.806
3901.000	1.805
3902.000	1.803
3903.000	1.802
3904.000	1.801
3905.000	1.800
3906.000	1.799
3907.000	1.798
3908.000	1.796
3909.000	1.795
3910.000	1.794
3911.000	1.793
3912.000	1.792
3913.000	1.791
3914.000	1.789
3915.000	1.788
3916.000	1.787
3917.000	1.786
3918.000	1.785
3919.000	1.784
3920.000	1.782
3921.000	1.781
3922.000	1.780
3923.000	1.779
3924.000	1.778
3925.000	1.777
3926.000	1.776
3927.000	1.774
3928.000	1.773
3929.000	1.772
3930.000	1.771
3931.000	1.770
3932.000	1.769
3933.000	1.767
3934.000	1.766
3935.000	1.765
3936.000	1.764
3937.000	1.763
3938.000	1.762
3939.000	1.760
3940.000	1.759
3941.000	1.758
3942.000	1.757
3943.000	1.756
3944.000	1.755
3945.000	1.753
3946.000	1.752
3947.000	1.751
3948.000	1.750
3949.000	1.749
3950.000	1.748
3951.000	1.746
3952.000	1.745
3953.000	1.744
3954.000	1.743
3955.000	1.742
3956.000	1.741
3957.000	1.739
3958.000	1.738
3959.000	1.737
3960.000	1.736
3961.000	1.735
3962.000	1.734
3963.000	1.732
3964.000	1.731
3965.000	1.730
3966.000	1.729
3967.000	1.728
3968.000	1.727
3969.000	1.725
3970.000	1.724
3971.000	1.723
3972.000	1.722
3973.000	1.721
3974.000	1.720
3975.000	1.718
3976.000	1.717
3977.000	1.716
3978.000	1.715
3979.000	1.714
3980.000	1.713
3981.000	1.711
3982.000	1.710
3983.000	1.709
3984.000	1.708
3985.000	1.707
3986.000	1.706
3987.000	1.704
3988.000	1.703
3989.000	1.702
3990.000	1.701
3991.000	1.700
3992.000	1.699
3993.000	1.697
3994.000	1.696
3995.000	1.695
3996.000	1.694
3997.000	1.693
3998.000	1.692
3999.000	1.690
4000.000	1.689
4001.000	1.688
4002.000	1.687
4003.000	1.686
4004.000	1.685
4005.000	1.683
4006.000	1.682
4007.000	1.681
4008.000	1.680
4009.000	1.679
4010.000	1.678
4011.000	1.677
4012.000	1.675
4013.000	1.674
4014.000	1.673
4015.000	1.672
4016.000	1.671
4017.000	1.670
4018.000	1.668
4019.000	1.667
4020.000	1.666
4021.000	1.665
4022.000	1.664
4023.000	1.663
4024.000	1.661
4025.000	1.660
4026.000	1.659
4027.000	1.658
4028.000	1.657
4029.000	1.656
4030.000	1.654
4031.000	1.653
4032.000	1.652
4033.000	1.651
4034.000	1.650
4035.000	1.649
4036.000	1.647
4037.000	1.646
4038.000	1.645
4039.000	1.644
4040.000	1.643
4041.000	1.642
4042.000	1.640
4043.000	1.639
4044.000	1.638
4045.000	1.637
4046.000	1.636
4047.000	1.635
4048.000	1.633
4049.000	1.632
4050.000	1.631
4051.000	1.630
4052.000	1.629
4053.000	1.628
4054.000	1.626
4055.000	1.625
4056.000	1.624
4057.000	1.623
4058.000	1.622
4059.000	1.621
4060.000	1.619
4061.000	1.618
4062.000	1.617
4063.000	1.616
4064.000	1.615
4065.000	1.614
4066.000	1.612
4067.000	1.611
4068.000	1.610
4069.000	1.609
4070.000	1.608
4071.000	1.607
4072.000	1.605
4073.000	1.604
4074.000	1.603
4075.000	1.602
4076.000	1.595
4077.000	1.569
4078.000	1.568
4079.000	1.567
4080.000	1.566
4081.000	1.565
4082.000	1.563
4083.000	1.562
4084.000	1.561
4085.000	1.560
4086.000	1.559
4087.000	1.558
4088.000	1.556
4089.000	1.555
4090.000	1.554
4091.000	1.553
4092.000	1.552
4093.000	1.551
4094.000	1.549
4095.000	1.548
