0.000	21.503
1.000	21.503
2.000	21.503
3.000	21.503
4.000	21.503
5.000	21.503
6.000	21.503
7.000	21.503
8.000	21.503
9.000	21.503
10.000	21.503
11.000	21.503
12.000	21.503
13.000	21.503
14.000	21.503
15.000	21.503
16.000	21.503
17.000	21.422
18.000	21.422
19.000	21.342
20.000	21.262
21.000	21.184
22.000	21.106
23.000	21.028
24.000	20.950
25.000	20.871
26.000	20.796
27.000	20.720
28.000	20.644
29.000	20.644
30.000	20.568
31.000	20.492
32.000	20.419
33.000	20.345
34.000	20.271
35.000	20.198
36.000	20.124
37.000	20.052
38.000	19.980
39.000	19.909
40.000	19.909
41.000	19.837
42.000	19.765
43.000	19.696
44.000	19.626
45.000	19.556
46.000	19.487
47.000	19.417
48.000	19.350
49.000	19.282
50.000	19.214
51.000	19.214
52.000	19.147
53.000	19.147
54.000	19.147
55.000	19.147
56.000	19.147
57.000	19.147
58.000	19.147
59.000	19.147
60.000	19.147
61.000	19.147
62.000	19.147
63.000	19.147
64.000	19.147
65.000	19.147
66.000	19.147
67.000	19.147
68.000	19.147
69.000	19.147
70.000	19.147
71.000	19.147
72.000	19.147
73.000	19.147
74.000	19.147
75.000	19.147
76.000	19.147
77.000	19.147
78.000	19.147
79.000	19.147
80.000	19.147
81.000	19.147
82.000	19.147
83.000	19.147
84.000	19.147
85.000	19.147
86.000	19.147
87.000	19.147
88.000	19.147
89.000	19.147
90.000	19.147
91.000	19.147
92.000	19.147
93.000	19.147
94.000	19.147
95.000	19.147
96.000	19.147
97.000	19.147
98.000	19.147
99.000	19.147
100.000	19.147
101.000	19.147
102.000	19.147
103.000	19.147
104.000	19.147
105.000	19.147
106.000	19.147
107.000	19.147
108.000	19.147
109.000	19.147
110.000	19.147
111.000	19.147
112.000	19.147
113.000	19.147
114.000	19.147
115.000	19.147
116.000	19.147
117.000	19.147
118.000	19.147
119.000	19.147
120.000	19.147
121.000	19.147
122.000	19.147
123.000	19.147
124.000	19.147
125.000	19.147
126.000	19.147
127.000	19.147
128.000	19.147
129.000	19.147
130.000	19.147
131.000	19.147
132.000	19.147
133.000	19.147
134.000	19.147
135.000	19.147
136.000	19.147
137.000	19.147
138.000	19.147
139.000	19.147
140.000	19.147
141.000	19.147
142.000	19.147
143.000	19.147
144.000	19.147
145.000	19.147
146.000	19.147
147.000	19.147
148.000	19.147
149.000	19.147
150.000	19.147
151.000	19.147
152.000	19.147
153.000	19.147
154.000	19.147
155.000	19.147
156.000	19.147
157.000	19.147
158.000	19.147
159.000	19.147
160.000	19.147
161.000	19.147
162.000	19.147
163.000	19.147
164.000	19.147
165.000	19.147
166.000	19.147
167.000	19.147
168.000	19.147
169.000	19.147
170.000	19.147
171.000	19.147
172.000	19.147
173.000	19.147
174.000	19.147
175.000	19.147
176.000	19.147
177.000	19.147
178.000	19.147
179.000	19.147
180.000	19.147
181.000	19.147
182.000	19.147
183.000	19.147
184.000	19.147
185.000	19.147
186.000	19.147
187.000	19.147
188.000	19.098
189.000	19.049
190.000	18.999
191.000	18.950
192.000	18.901
193.000	18.853
194.000	18.804
195.000	18.756
196.000	18.756
197.000	18.707
198.000	18.659
199.000	18.610
200.000	18.562
201.000	18.514
202.000	18.466
203.000	18.419
204.000	18.371
205.000	18.323
206.000	18.276
207.000	18.276
208.000	18.229
209.000	18.182
210.000	18.134
211.000	18.104
212.000	18.104
213.000	18.104
214.000	18.104
215.000	18.104
216.000	18.104
217.000	18.104
218.000	18.104
219.000	18.058
220.000	18.012
221.000	17.965
222.000	17.920
223.000	17.874
224.000	17.829
225.000	17.783
226.000	17.738
227.000	17.693
228.000	17.648
229.000	17.646
230.000	17.601
231.000	17.556
232.000	17.511
233.000	17.467
234.000	17.422
235.000	17.378
236.000	17.333
237.000	17.289
238.000	17.245
239.000	17.201
240.000	17.157
241.000	17.156
242.000	17.112
243.000	17.068
244.000	17.024
245.000	16.981
246.000	16.937
247.000	16.894
248.000	16.850
249.000	16.807
250.000	16.764
251.000	16.721
252.000	16.720
253.000	16.677
254.000	16.634
255.000	16.591
256.000	16.549
257.000	16.502
258.000	16.501
259.000	16.500
260.000	16.499
261.000	16.498
262.000	16.496
263.000	16.495
264.000	16.494
265.000	16.493
266.000	16.492
267.000	16.490
268.000	16.489
269.000	16.488
270.000	16.487
271.000	16.486
272.000	16.484
273.000	16.483
274.000	16.482
275.000	16.481
276.000	16.480
277.000	16.478
278.000	16.477
279.000	16.476
280.000	16.475
281.000	16.474
282.000	16.472
283.000	16.436
284.000	16.400
285.000	16.399
286.000	16.362
287.000	16.326
288.000	16.290
289.000	16.254
290.000	16.218
291.000	16.182
292.000	16.146
293.000	16.110
294.000	16.075
295.000	16.039
296.000	16.038
297.000	16.002
298.000	15.967
299.000	15.931
300.000	15.896
301.000	15.861
302.000	15.826
303.000	15.791
304.000	15.756
305.000	15.721
306.000	15.687
307.000	15.652
308.000	15.651
309.000	15.616
310.000	15.581
311.000	15.547
312.000	15.513
313.000	15.478
314.000	15.444
315.000	15.410
316.000	15.376
317.000	15.342
318.000	15.308
319.000	15.307
320.000	15.273
321.000	15.239
322.000	15.205
323.000	15.172
324.000	15.138
325.000	15.105
326.000	15.071
327.000	15.038
328.000	15.005
329.000	14.972
330.000	14.971
331.000	14.937
332.000	14.904
333.000	14.871
334.000	14.839
335.000	14.806
336.000	14.773
337.000	14.740
338.000	14.708
339.000	14.675
340.000	14.643
341.000	14.641
342.000	14.609
343.000	14.576
344.000	14.544
345.000	14.512
346.000	14.480
347.000	14.448
348.000	14.415
349.000	14.383
350.000	14.351
351.000	14.320
352.000	14.318
353.000	14.287
354.000	14.255
355.000	14.223
356.000	14.192
357.000	14.160
358.000	14.129
359.000	14.097
360.000	14.066
361.000	14.034
362.000	14.003
363.000	14.002
364.000	13.971
365.000	13.940
366.000	13.909
367.000	13.878
368.000	13.847
369.000	13.816
370.000	13.785
371.000	13.756
372.000	13.754
373.000	13.753
374.000	13.752
375.000	13.751
376.000	13.750
377.000	13.748
378.000	13.747
379.000	13.746
380.000	13.745
381.000	13.744
382.000	13.742
383.000	13.741
384.000	13.740
385.000	13.739
386.000	13.738
387.000	13.736
388.000	13.735
389.000	13.734
390.000	13.733
391.000	13.732
392.000	13.730
393.000	13.729
394.000	13.728
395.000	13.727
396.000	13.726
397.000	13.724
398.000	13.723
399.000	13.722
400.000	13.721
401.000	13.720
402.000	13.718
403.000	13.717
404.000	13.716
405.000	13.715
406.000	13.714
407.000	13.712
408.000	13.711
409.000	13.710
410.000	13.709
411.000	13.708
412.000	13.706
413.000	13.705
414.000	13.704
415.000	13.703
416.000	13.701
417.000	13.700
418.000	13.697
419.000	13.696
420.000	13.665
421.000	13.634
422.000	13.603
423.000	13.572
424.000	13.542
425.000	13.511
426.000	13.480
427.000	13.450
428.000	13.419
429.000	13.389
430.000	13.388
431.000	13.357
432.000	13.327
433.000	13.297
434.000	13.267
435.000	13.237
436.000	13.207
437.000	13.177
438.000	13.147
439.000	13.117
440.000	13.087
441.000	13.086
442.000	13.056
443.000	13.027
444.000	12.997
445.000	12.968
446.000	12.938
447.000	12.909
448.000	12.880
449.000	12.850
450.000	12.821
451.000	12.792
452.000	12.763
453.000	12.762
454.000	12.733
455.000	12.704
456.000	12.675
457.000	12.646
458.000	12.618
459.000	12.589
460.000	12.560
461.000	12.532
462.000	12.503
463.000	12.475
464.000	12.474
465.000	12.445
466.000	12.417
467.000	12.389
468.000	12.361
469.000	12.333
470.000	12.304
471.000	12.276
472.000	12.249
473.000	12.221
474.000	12.193
475.000	12.193
476.000	12.165
477.000	12.137
478.000	12.110
479.000	12.082
480.000	12.055
481.000	12.027
482.000	12.000
483.000	11.972
484.000	11.945
485.000	11.918
486.000	11.918
487.000	11.890
488.000	11.863
489.000	11.836
490.000	11.809
491.000	11.782
492.000	11.755
493.000	11.728
494.000	11.701
495.000	11.675
496.000	11.648
497.000	11.648
498.000	11.621
499.000	11.595
500.000	11.568
501.000	11.541
502.000	11.515
503.000	11.489
504.000	11.462
505.000	11.436
506.000	11.410
507.000	11.384
508.000	11.384
509.000	11.357
510.000	11.331
511.000	11.305
512.000	11.279
513.000	11.253
514.000	11.228
515.000	11.202
516.000	11.176
517.000	11.150
518.000	11.125
519.000	11.099
520.000	11.099
521.000	11.073
522.000	11.048
523.000	11.022
524.000	10.997
525.000	10.972
526.000	10.946
527.000	10.921
528.000	10.896
529.000	10.871
530.000	10.846
531.000	10.846
532.000	10.821
533.000	10.796
534.000	10.772
535.000	10.772
536.000	10.772
537.000	10.772
538.000	10.772
539.000	10.772
540.000	10.772
541.000	10.772
542.000	10.772
543.000	10.772
544.000	10.772
545.000	10.772
546.000	10.772
547.000	10.772
548.000	10.772
549.000	10.772
550.000	10.772
551.000	10.772
552.000	10.772
553.000	10.772
554.000	10.772
555.000	10.772
556.000	10.772
557.000	10.772
558.000	10.772
559.000	10.772
560.000	10.772
561.000	10.772
562.000	10.772
563.000	10.772
564.000	10.772
565.000	10.772
566.000	10.772
567.000	10.772
568.000	10.772
569.000	10.772
570.000	10.772
571.000	10.772
572.000	10.772
573.000	10.772
574.000	10.772
575.000	10.772
576.000	10.772
577.000	10.772
578.000	10.772
579.000	10.772
580.000	10.772
581.000	10.772
582.000	10.772
583.000	10.772
584.000	10.772
585.000	10.772
586.000	10.772
587.000	10.772
588.000	10.772
589.000	10.772
590.000	10.772
591.000	10.772
592.000	10.772
593.000	10.772
594.000	10.772
595.000	10.772
596.000	10.772
597.000	10.772
598.000	10.772
599.000	10.772
600.000	10.772
601.000	10.772
602.000	10.772
603.000	10.772
604.000	10.772
605.000	10.772
606.000	10.772
607.000	10.772
608.000	10.772
609.000	10.772
610.000	10.772
611.000	10.772
612.000	10.772
613.000	10.772
614.000	10.772
615.000	10.772
616.000	10.772
617.000	10.772
618.000	10.772
619.000	10.772
620.000	10.772
621.000	10.772
622.000	10.772
623.000	10.772
624.000	10.772
625.000	10.772
626.000	10.772
627.000	10.772
628.000	10.772
629.000	10.772
630.000	10.772
631.000	10.772
632.000	10.772
633.000	10.772
634.000	10.772
635.000	10.772
636.000	10.772
637.000	10.772
638.000	10.772
639.000	10.772
640.000	10.772
641.000	10.772
642.000	10.772
643.000	10.772
644.000	10.772
645.000	10.772
646.000	10.772
647.000	10.772
648.000	10.772
649.000	10.772
650.000	10.772
651.000	10.772
652.000	10.772
653.000	10.772
654.000	10.772
655.000	10.772
656.000	10.772
657.000	10.772
658.000	10.772
659.000	10.772
660.000	10.772
661.000	10.772
662.000	10.772
663.000	10.772
664.000	10.772
665.000	10.772
666.000	10.772
667.000	10.772
668.000	10.772
669.000	10.772
670.000	10.772
671.000	10.772
672.000	10.772
673.000	10.772
674.000	10.772
675.000	10.772
676.000	10.772
677.000	10.772
678.000	10.772
679.000	10.772
680.000	10.772
681.000	10.772
682.000	10.772
683.000	10.772
684.000	10.772
685.000	10.772
686.000	10.772
687.000	10.772
688.000	10.772
689.000	10.772
690.000	10.772
691.000	10.772
692.000	10.772
693.000	10.772
694.000	10.772
695.000	10.772
696.000	10.772
697.000	10.772
698.000	10.772
699.000	10.772
700.000	10.772
701.000	10.772
702.000	10.772
703.000	10.772
704.000	10.772
705.000	10.772
706.000	10.772
707.000	10.772
708.000	10.772
709.000	10.772
710.000	10.772
711.000	10.772
712.000	10.772
713.000	10.772
714.000	10.772
715.000	10.772
716.000	10.772
717.000	10.772
718.000	10.772
719.000	10.772
720.000	10.772
721.000	10.772
722.000	10.772
723.000	10.772
724.000	10.772
725.000	10.753
726.000	10.733
727.000	10.713
728.000	10.694
729.000	10.674
730.000	10.655
731.000	10.655
732.000	10.635
733.000	10.616
734.000	10.596
735.000	10.577
736.000	10.557
737.000	10.538
738.000	10.519
739.000	10.499
740.000	10.480
741.000	10.461
742.000	10.441
743.000	10.441
744.000	10.422
745.000	10.403
746.000	10.384
747.000	10.365
748.000	10.345
749.000	10.326
750.000	10.307
751.000	10.291
752.000	10.291
753.000	10.291
754.000	10.291
755.000	10.291
756.000	10.291
757.000	10.291
758.000	10.291
759.000	10.291
760.000	10.291
761.000	10.291
762.000	10.291
763.000	10.291
764.000	10.291
765.000	10.291
766.000	10.291
767.000	10.291
768.000	10.291
769.000	10.291
770.000	10.291
771.000	10.291
772.000	10.291
773.000	10.291
774.000	10.291
775.000	10.291
776.000	10.291
777.000	10.291
778.000	10.291
779.000	10.291
780.000	10.291
781.000	10.291
782.000	10.291
783.000	10.291
784.000	10.291
785.000	10.291
786.000	10.291
787.000	10.291
788.000	10.291
789.000	10.291
790.000	10.291
791.000	10.291
792.000	10.291
793.000	10.291
794.000	10.291
795.000	10.291
796.000	10.291
797.000	10.291
798.000	10.291
799.000	10.291
800.000	10.291
801.000	10.291
802.000	10.291
803.000	10.291
804.000	10.291
805.000	10.291
806.000	10.291
807.000	10.291
808.000	10.291
809.000	10.291
810.000	10.291
811.000	10.291
812.000	10.291
813.000	10.291
814.000	10.291
815.000	10.291
816.000	10.291
817.000	10.291
818.000	10.291
819.000	10.291
820.000	10.291
821.000	10.291
822.000	10.291
823.000	10.291
824.000	10.291
825.000	10.291
826.000	10.291
827.000	10.291
828.000	10.291
829.000	10.291
830.000	10.291
831.000	10.291
832.000	10.291
833.000	10.291
834.000	10.291
835.000	10.291
836.000	10.291
837.000	10.291
838.000	10.291
839.000	10.291
840.000	10.291
841.000	10.291
842.000	10.291
843.000	10.291
844.000	10.291
845.000	10.291
846.000	10.291
847.000	10.291
848.000	10.291
849.000	10.291
850.000	10.291
851.000	10.291
852.000	10.291
853.000	10.291
854.000	10.291
855.000	10.291
856.000	10.291
857.000	10.291
858.000	10.291
859.000	10.291
860.000	10.291
861.000	10.291
862.000	10.291
863.000	10.291
864.000	10.291
865.000	10.291
866.000	10.291
867.000	10.291
868.000	10.291
869.000	10.291
870.000	10.291
871.000	10.291
872.000	10.291
873.000	10.291
874.000	10.291
875.000	10.291
876.000	10.291
877.000	10.291
878.000	10.291
879.000	10.291
880.000	10.291
881.000	10.291
882.000	10.291
883.000	10.291
884.000	10.291
885.000	10.291
886.000	10.291
887.000	10.291
888.000	10.291
889.000	10.291
890.000	10.291
891.000	10.291
892.000	10.291
893.000	10.291
894.000	10.291
895.000	10.291
896.000	10.291
897.000	10.291
898.000	10.291
899.000	10.291
900.000	10.291
901.000	10.291
902.000	10.291
903.000	10.291
904.000	10.291
905.000	10.291
906.000	10.291
907.000	10.291
908.000	10.291
909.000	10.291
910.000	10.291
911.000	10.291
912.000	10.291
913.000	10.291
914.000	10.291
915.000	10.291
916.000	10.291
917.000	10.291
918.000	10.291
919.000	10.291
920.000	10.291
921.000	10.291
922.000	10.291
923.000	10.291
924.000	10.291
925.000	10.291
926.000	10.291
927.000	10.291
928.000	10.291
929.000	10.291
930.000	10.291
931.000	10.291
932.000	10.291
933.000	10.291
934.000	10.291
935.000	10.291
936.000	10.291
937.000	10.291
938.000	10.291
939.000	10.291
940.000	10.291
941.000	10.291
942.000	10.291
943.000	10.291
944.000	10.291
945.000	10.291
946.000	10.291
947.000	10.291
948.000	10.291
949.000	10.291
950.000	10.291
951.000	10.291
952.000	10.291
953.000	10.291
954.000	10.291
955.000	10.291
956.000	10.291
957.000	10.291
958.000	10.291
959.000	10.291
960.000	10.291
961.000	10.291
962.000	10.291
963.000	10.291
964.000	10.291
965.000	10.291
966.000	10.291
967.000	10.291
968.000	10.291
969.000	10.291
970.000	10.291
971.000	10.291
972.000	10.291
973.000	10.291
974.000	10.291
975.000	10.291
976.000	10.291
977.000	10.291
978.000	10.291
979.000	10.291
980.000	10.291
981.000	10.291
982.000	10.291
983.000	10.291
984.000	10.291
985.000	10.291
986.000	10.291
987.000	10.291
988.000	10.291
989.000	10.291
990.000	10.291
991.000	10.291
992.000	10.291
993.000	10.291
994.000	10.291
995.000	10.291
996.000	10.291
997.000	10.291
998.000	10.291
999.000	10.291
1000.000	10.291
1001.000	10.291
1002.000	10.291
1003.000	10.291
1004.000	10.291
1005.000	10.291
1006.000	10.291
1007.000	10.291
1008.000	10.291
1009.000	10.291
1010.000	10.291
1011.000	10.291
1012.000	10.291
1013.000	10.291
1014.000	10.291
1015.000	10.291
1016.000	10.291
1017.000	10.291
1018.000	10.291
1019.000	10.291
1020.000	10.291
1021.000	10.291
1022.000	10.291
1023.000	10.291
1024.000	10.291
1025.000	10.291
1026.000	10.291
1027.000	10.291
1028.000	10.291
1029.000	10.291
1030.000	10.291
1031.000	10.291
1032.000	10.291
1033.000	10.291
1034.000	10.291
1035.000	10.291
1036.000	10.291
1037.000	10.291
1038.000	10.291
1039.000	10.291
1040.000	10.291
1041.000	10.291
1042.000	10.291
1043.000	10.291
1044.000	10.291
1045.000	10.291
1046.000	10.291
1047.000	10.291
1048.000	10.291
1049.000	10.291
1050.000	10.291
1051.000	10.291
1052.000	10.291
1053.000	10.291
1054.000	10.291
1055.000	10.291
1056.000	10.291
1057.000	10.291
1058.000	10.291
1059.000	10.291
1060.000	10.291
1061.000	10.291
1062.000	10.291
1063.000	10.291
1064.000	10.291
1065.000	10.291
1066.000	10.291
1067.000	10.291
1068.000	10.291
1069.000	10.291
1070.000	10.291
1071.000	10.291
1072.000	10.291
1073.000	10.291
1074.000	10.291
1075.000	10.291
1076.000	10.291
1077.000	10.291
1078.000	10.291
1079.000	10.291
1080.000	10.291
1081.000	10.291
1082.000	10.291
1083.000	10.291
1084.000	10.291
1085.000	10.291
1086.000	10.291
1087.000	10.291
1088.000	10.291
1089.000	10.291
1090.000	10.291
1091.000	10.291
1092.000	10.291
1093.000	10.291
1094.000	10.291
1095.000	10.291
1096.000	10.291
1097.000	10.291
1098.000	10.291
1099.000	10.291
1100.000	10.291
1101.000	10.291
1102.000	10.291
1103.000	10.291
1104.000	10.291
1105.000	10.291
1106.000	10.291
1107.000	10.291
1108.000	10.291
1109.000	10.291
1110.000	10.291
1111.000	10.291
1112.000	10.291
1113.000	10.291
1114.000	10.291
1115.000	10.291
1116.000	10.291
1117.000	10.291
1118.000	10.291
1119.000	10.291
1120.000	10.291
1121.000	10.291
1122.000	10.291
1123.000	10.291
1124.000	10.291
1125.000	10.291
1126.000	10.291
1127.000	10.291
1128.000	10.291
1129.000	10.291
1130.000	10.291
1131.000	10.291
1132.000	10.291
1133.000	10.291
1134.000	10.291
1135.000	10.291
1136.000	10.291
1137.000	10.291
1138.000	10.291
1139.000	10.291
1140.000	10.291
1141.000	10.291
1142.000	10.291
1143.000	10.291
1144.000	10.291
1145.000	10.291
1146.000	10.291
1147.000	10.291
1148.000	10.291
1149.000	10.291
1150.000	10.291
1151.000	10.291
1152.000	10.291
1153.000	10.291
1154.000	10.291
1155.000	10.291
1156.000	10.291
1157.000	10.291
1158.000	10.291
1159.000	10.291
1160.000	10.291
1161.000	10.291
1162.000	10.291
1163.000	10.291
1164.000	10.291
1165.000	10.291
1166.000	10.291
1167.000	10.291
1168.000	10.291
1169.000	10.291
1170.000	10.291
1171.000	10.291
1172.000	10.291
1173.000	10.291
1174.000	10.291
1175.000	10.291
1176.000	10.291
1177.000	10.291
1178.000	10.291
1179.000	10.291
1180.000	10.291
1181.000	10.291
1182.000	10.291
1183.000	10.291
1184.000	10.291
1185.000	10.291
1186.000	10.291
1187.000	10.291
1188.000	10.291
1189.000	10.291
1190.000	10.291
1191.000	10.291
1192.000	10.291
1193.000	10.291
1194.000	10.291
1195.000	10.291
1196.000	10.291
1197.000	10.291
1198.000	10.291
1199.000	10.291
1200.000	10.291
1201.000	10.291
1202.000	10.291
1203.000	10.291
1204.000	10.291
1205.000	10.291
1206.000	10.291
1207.000	10.291
1208.000	10.291
1209.000	10.291
1210.000	10.291
1211.000	10.291
1212.000	10.291
1213.000	10.291
1214.000	10.291
1215.000	10.291
1216.000	10.291
1217.000	10.291
1218.000	10.291
1219.000	10.291
1220.000	10.291
1221.000	10.291
1222.000	10.291
1223.000	10.291
1224.000	10.291
1225.000	10.291
1226.000	10.291
1227.000	10.291
1228.000	10.291
1229.000	10.291
1230.000	10.291
1231.000	10.291
1232.000	10.291
1233.000	10.291
1234.000	10.291
1235.000	10.291
1236.000	10.291
1237.000	10.291
1238.000	10.291
1239.000	10.291
1240.000	10.291
1241.000	10.291
1242.000	10.291
1243.000	10.291
1244.000	10.291
1245.000	10.291
1246.000	10.291
1247.000	10.291
1248.000	10.291
1249.000	10.291
1250.000	10.291
1251.000	10.291
1252.000	10.291
1253.000	10.291
1254.000	10.291
1255.000	10.291
1256.000	10.291
1257.000	10.291
1258.000	10.291
1259.000	10.291
1260.000	10.291
1261.000	10.291
1262.000	10.291
1263.000	10.291
1264.000	10.291
1265.000	10.291
1266.000	10.291
1267.000	10.291
1268.000	10.291
1269.000	10.291
1270.000	10.291
1271.000	10.291
1272.000	10.291
1273.000	10.291
1274.000	10.291
1275.000	10.291
1276.000	10.291
1277.000	10.291
1278.000	10.291
1279.000	10.291
1280.000	10.291
1281.000	10.291
1282.000	10.291
1283.000	10.291
1284.000	10.291
1285.000	10.291
1286.000	10.291
1287.000	10.291
1288.000	10.291
1289.000	10.291
1290.000	10.291
1291.000	10.291
1292.000	10.291
1293.000	10.291
1294.000	10.291
1295.000	10.291
1296.000	10.291
1297.000	10.291
1298.000	10.291
1299.000	10.291
1300.000	10.291
1301.000	10.291
1302.000	10.291
1303.000	10.291
1304.000	10.291
1305.000	10.291
1306.000	10.291
1307.000	10.291
1308.000	10.291
1309.000	10.291
1310.000	10.291
1311.000	10.291
1312.000	10.291
1313.000	10.291
1314.000	10.291
1315.000	10.291
1316.000	10.291
1317.000	10.291
1318.000	10.291
1319.000	10.291
1320.000	10.291
1321.000	10.291
1322.000	10.291
1323.000	10.291
1324.000	10.291
1325.000	10.291
1326.000	10.291
1327.000	10.291
1328.000	10.291
1329.000	10.291
1330.000	10.291
1331.000	10.291
1332.000	10.291
1333.000	10.291
1334.000	10.291
1335.000	10.291
1336.000	10.291
1337.000	10.291
1338.000	10.291
1339.000	10.291
1340.000	10.291
1341.000	10.291
1342.000	10.291
1343.000	10.291
1344.000	10.291
1345.000	10.291
1346.000	10.291
1347.000	10.291
1348.000	10.291
1349.000	10.291
1350.000	10.291
1351.000	10.291
1352.000	10.291
1353.000	10.291
1354.000	10.291
1355.000	10.291
1356.000	10.291
1357.000	10.291
1358.000	10.291
1359.000	10.291
1360.000	10.291
1361.000	10.291
1362.000	10.291
1363.000	10.291
1364.000	10.291
1365.000	10.291
1366.000	10.291
1367.000	10.291
1368.000	10.291
1369.000	10.291
1370.000	10.291
1371.000	10.291
1372.000	10.291
1373.000	10.291
1374.000	10.291
1375.000	10.291
1376.000	10.291
1377.000	10.291
1378.000	10.291
1379.000	10.291
1380.000	10.291
1381.000	10.291
1382.000	10.291
1383.000	10.291
1384.000	10.291
1385.000	10.291
1386.000	10.291
1387.000	10.291
1388.000	10.291
1389.000	10.291
1390.000	10.291
1391.000	10.291
1392.000	10.291
1393.000	10.291
1394.000	10.291
1395.000	10.291
1396.000	10.291
1397.000	10.291
1398.000	10.291
1399.000	10.291
1400.000	10.291
1401.000	10.291
1402.000	10.291
1403.000	10.291
1404.000	10.291
1405.000	10.291
1406.000	10.291
1407.000	10.291
1408.000	10.291
1409.000	10.291
1410.000	10.291
1411.000	10.291
1412.000	10.291
1413.000	10.291
1414.000	10.291
1415.000	10.291
1416.000	10.291
1417.000	10.291
1418.000	10.291
1419.000	10.291
1420.000	10.291
1421.000	10.291
1422.000	10.291
1423.000	10.291
1424.000	10.291
1425.000	10.291
1426.000	10.291
1427.000	10.291
1428.000	10.291
1429.000	10.291
1430.000	10.291
1431.000	10.291
1432.000	10.291
1433.000	10.291
1434.000	10.291
1435.000	10.291
1436.000	10.291
1437.000	10.291
1438.000	10.291
1439.000	10.291
1440.000	10.291
1441.000	10.291
1442.000	10.291
1443.000	10.291
1444.000	10.291
1445.000	10.291
1446.000	10.291
1447.000	10.291
1448.000	10.291
1449.000	10.291
1450.000	10.291
1451.000	10.291
1452.000	10.291
1453.000	10.291
1454.000	10.291
1455.000	10.291
1456.000	10.291
1457.000	10.291
1458.000	10.291
1459.000	10.291
1460.000	10.291
1461.000	10.291
1462.000	10.291
1463.000	10.291
1464.000	10.291
1465.000	10.291
1466.000	10.291
1467.000	10.291
1468.000	10.291
1469.000	10.291
1470.000	10.291
1471.000	10.291
1472.000	10.291
1473.000	10.291
1474.000	10.291
1475.000	10.291
1476.000	10.291
1477.000	10.291
1478.000	10.291
1479.000	10.291
1480.000	10.291
1481.000	10.291
1482.000	10.291
1483.000	10.291
1484.000	10.291
1485.000	10.291
1486.000	10.291
1487.000	10.291
1488.000	10.291
1489.000	10.291
1490.000	10.291
1491.000	10.291
1492.000	10.291
1493.000	10.291
1494.000	10.291
1495.000	10.291
1496.000	10.291
1497.000	10.291
1498.000	10.291
1499.000	10.291
1500.000	10.291
1501.000	10.291
1502.000	10.291
1503.000	10.291
1504.000	10.291
1505.000	10.291
1506.000	10.291
1507.000	10.291
1508.000	10.291
1509.000	10.291
1510.000	10.291
1511.000	10.291
1512.000	10.291
1513.000	10.291
1514.000	10.291
1515.000	10.291
1516.000	10.291
1517.000	10.291
1518.000	10.291
1519.000	10.291
1520.000	10.291
1521.000	10.291
1522.000	10.291
1523.000	10.291
1524.000	10.291
1525.000	10.291
1526.000	10.291
1527.000	10.291
1528.000	10.291
1529.000	10.291
1530.000	10.291
1531.000	10.291
1532.000	10.291
1533.000	10.291
1534.000	10.291
1535.000	10.291
1536.000	10.291
1537.000	10.291
1538.000	10.291
1539.000	10.291
1540.000	10.291
1541.000	10.291
1542.000	10.291
1543.000	10.291
1544.000	10.291
1545.000	10.291
1546.000	10.291
1547.000	10.291
1548.000	10.291
1549.000	10.291
1550.000	10.291
1551.000	10.291
1552.000	10.291
1553.000	10.291
1554.000	10.291
1555.000	10.291
1556.000	10.291
1557.000	10.291
1558.000	10.291
1559.000	10.291
1560.000	10.291
1561.000	10.291
1562.000	10.291
1563.000	10.291
1564.000	10.291
1565.000	10.291
1566.000	10.291
1567.000	10.291
1568.000	10.291
1569.000	10.291
1570.000	10.291
1571.000	10.291
1572.000	10.291
1573.000	10.291
1574.000	10.291
1575.000	10.291
1576.000	10.291
1577.000	10.291
1578.000	10.291
1579.000	10.291
1580.000	10.291
1581.000	10.291
1582.000	10.291
1583.000	10.291
1584.000	10.291
1585.000	10.291
1586.000	10.291
1587.000	10.291
1588.000	10.291
1589.000	10.291
1590.000	10.291
1591.000	10.291
1592.000	10.291
1593.000	10.291
1594.000	10.291
1595.000	10.291
1596.000	10.291
1597.000	10.291
1598.000	10.291
1599.000	10.291
1600.000	10.291
1601.000	10.291
1602.000	10.291
1603.000	10.291
1604.000	10.291
1605.000	10.291
1606.000	10.291
1607.000	10.291
1608.000	10.291
1609.000	10.291
1610.000	10.291
1611.000	10.291
1612.000	10.291
1613.000	10.291
1614.000	10.291
1615.000	10.291
1616.000	10.291
1617.000	10.291
1618.000	10.291
1619.000	10.291
1620.000	10.291
1621.000	10.291
1622.000	10.291
1623.000	10.291
1624.000	10.291
1625.000	10.291
1626.000	10.291
1627.000	10.291
1628.000	10.291
1629.000	10.291
1630.000	10.291
1631.000	10.291
1632.000	10.291
1633.000	10.291
1634.000	10.291
1635.000	10.291
1636.000	10.291
1637.000	10.291
1638.000	10.291
1639.000	10.291
1640.000	10.291
1641.000	10.291
1642.000	10.291
1643.000	10.291
1644.000	10.291
1645.000	10.291
1646.000	10.291
1647.000	10.291
1648.000	10.291
1649.000	10.291
1650.000	10.291
1651.000	10.291
1652.000	10.291
1653.000	10.291
1654.000	10.291
1655.000	10.291
1656.000	10.291
1657.000	10.291
1658.000	10.291
1659.000	10.291
1660.000	10.291
1661.000	10.291
1662.000	10.291
1663.000	10.291
1664.000	10.291
1665.000	10.291
1666.000	10.291
1667.000	10.291
1668.000	10.291
1669.000	10.291
1670.000	10.291
1671.000	10.291
1672.000	10.291
1673.000	10.291
1674.000	10.291
1675.000	10.291
1676.000	10.291
1677.000	10.291
1678.000	10.291
1679.000	10.291
1680.000	10.291
1681.000	10.291
1682.000	10.291
1683.000	10.291
1684.000	10.291
1685.000	10.291
1686.000	10.291
1687.000	10.291
1688.000	10.291
1689.000	10.291
1690.000	10.291
1691.000	10.291
1692.000	10.291
1693.000	10.291
1694.000	10.291
1695.000	10.291
1696.000	10.291
1697.000	10.291
1698.000	10.291
1699.000	10.291
1700.000	10.291
1701.000	10.291
1702.000	10.291
1703.000	10.291
1704.000	10.291
1705.000	10.291
1706.000	10.291
1707.000	10.291
1708.000	10.291
1709.000	10.291
1710.000	10.291
1711.000	10.291
1712.000	10.291
1713.000	10.291
1714.000	10.291
1715.000	10.291
1716.000	10.291
1717.000	10.291
1718.000	10.291
1719.000	10.291
1720.000	10.291
1721.000	10.291
1722.000	10.291
1723.000	10.291
1724.000	10.291
1725.000	10.291
1726.000	10.291
1727.000	10.291
1728.000	10.291
1729.000	10.291
1730.000	10.291
1731.000	10.291
1732.000	10.291
1733.000	10.291
1734.000	10.291
1735.000	10.291
1736.000	10.291
1737.000	10.291
1738.000	10.291
1739.000	10.291
1740.000	10.291
1741.000	10.291
1742.000	10.291
1743.000	10.291
1744.000	10.291
1745.000	10.291
1746.000	10.291
1747.000	10.291
1748.000	10.291
1749.000	10.291
1750.000	10.291
1751.000	10.291
1752.000	10.291
1753.000	10.291
1754.000	10.291
1755.000	10.291
1756.000	10.291
1757.000	10.291
1758.000	10.291
1759.000	10.291
1760.000	10.291
1761.000	10.291
1762.000	10.291
1763.000	10.291
1764.000	10.291
1765.000	10.291
1766.000	10.291
1767.000	10.291
1768.000	10.291
1769.000	10.291
1770.000	10.291
1771.000	10.291
1772.000	10.291
1773.000	10.291
1774.000	10.291
1775.000	10.291
1776.000	10.291
1777.000	10.291
1778.000	10.291
1779.000	10.291
1780.000	10.291
1781.000	10.291
1782.000	10.291
1783.000	10.291
1784.000	10.291
1785.000	10.291
1786.000	10.291
1787.000	10.291
1788.000	10.291
1789.000	10.291
1790.000	10.291
1791.000	10.291
1792.000	10.291
1793.000	10.291
1794.000	10.291
1795.000	10.291
1796.000	10.291
1797.000	10.291
1798.000	10.291
1799.000	10.291
1800.000	10.291
1801.000	10.291
1802.000	10.291
1803.000	10.291
1804.000	10.291
1805.000	10.291
1806.000	10.291
1807.000	10.291
1808.000	10.291
1809.000	10.291
1810.000	10.291
1811.000	10.291
1812.000	10.291
1813.000	10.291
1814.000	10.291
1815.000	10.291
1816.000	10.291
1817.000	10.291
1818.000	10.291
1819.000	10.291
1820.000	10.291
1821.000	10.291
1822.000	10.291
1823.000	10.291
1824.000	10.291
1825.000	10.291
1826.000	10.291
1827.000	10.291
1828.000	10.291
1829.000	10.291
1830.000	10.291
1831.000	10.291
1832.000	10.291
1833.000	10.291
1834.000	10.291
1835.000	10.291
1836.000	10.291
1837.000	10.291
1838.000	10.291
1839.000	10.291
1840.000	10.291
1841.000	10.291
1842.000	10.291
1843.000	10.291
1844.000	10.291
1845.000	10.291
1846.000	10.291
1847.000	10.291
1848.000	10.291
1849.000	10.291
1850.000	10.291
1851.000	10.291
1852.000	10.291
1853.000	10.291
1854.000	10.291
1855.000	10.291
1856.000	10.291
1857.000	10.291
1858.000	10.291
1859.000	10.291
1860.000	10.291
1861.000	10.291
1862.000	10.291
1863.000	10.291
1864.000	10.291
1865.000	10.291
1866.000	10.291
1867.000	10.291
1868.000	10.291
1869.000	10.291
1870.000	10.291
1871.000	10.291
1872.000	10.291
1873.000	10.291
1874.000	10.291
1875.000	10.291
1876.000	10.291
1877.000	10.291
1878.000	10.291
1879.000	10.291
1880.000	10.291
1881.000	10.291
1882.000	10.291
1883.000	10.291
1884.000	10.291
1885.000	10.291
1886.000	10.291
1887.000	10.291
1888.000	10.291
1889.000	10.291
1890.000	10.291
1891.000	10.291
1892.000	10.291
1893.000	10.291
1894.000	10.291
1895.000	10.291
1896.000	10.291
1897.000	10.291
1898.000	10.291
1899.000	10.291
1900.000	10.291
1901.000	10.291
1902.000	10.291
1903.000	10.291
1904.000	10.291
1905.000	10.291
1906.000	10.291
1907.000	10.291
1908.000	10.291
1909.000	10.291
1910.000	10.291
1911.000	10.291
1912.000	10.291
1913.000	10.291
1914.000	10.291
1915.000	10.291
1916.000	10.291
1917.000	10.291
1918.000	10.291
1919.000	10.291
1920.000	10.291
1921.000	10.291
1922.000	10.291
1923.000	10.291
1924.000	10.291
1925.000	10.291
1926.000	10.291
1927.000	10.291
1928.000	10.291
1929.000	10.291
1930.000	10.291
1931.000	10.291
1932.000	10.291
1933.000	10.291
1934.000	10.291
1935.000	10.291
1936.000	10.291
1937.000	10.291
1938.000	10.291
1939.000	10.291
1940.000	10.291
1941.000	10.291
1942.000	10.291
1943.000	10.291
1944.000	10.291
1945.000	10.291
1946.000	10.291
1947.000	10.291
1948.000	10.291
1949.000	10.291
1950.000	10.291
1951.000	10.291
1952.000	10.291
1953.000	10.291
1954.000	10.291
1955.000	10.291
1956.000	10.291
1957.000	10.291
1958.000	10.291
1959.000	10.291
1960.000	10.291
1961.000	10.291
1962.000	10.291
1963.000	10.291
1964.000	10.291
1965.000	10.291
1966.000	10.291
1967.000	10.291
1968.000	10.291
1969.000	10.291
1970.000	10.291
1971.000	10.291
1972.000	10.291
1973.000	10.291
1974.000	10.291
1975.000	10.291
1976.000	10.291
1977.000	10.291
1978.000	10.291
1979.000	10.291
1980.000	10.291
1981.000	10.291
1982.000	10.291
1983.000	10.291
1984.000	10.291
1985.000	10.291
1986.000	10.291
1987.000	10.291
1988.000	10.291
1989.000	10.291
1990.000	10.291
1991.000	10.291
1992.000	10.291
1993.000	10.291
1994.000	10.291
1995.000	10.291
1996.000	10.291
1997.000	10.291
1998.000	10.291
1999.000	10.291
2000.000	10.291
2001.000	10.291
2002.000	10.291
2003.000	10.291
2004.000	10.291
2005.000	10.291
2006.000	10.291
2007.000	10.291
2008.000	10.291
2009.000	10.291
2010.000	10.291
2011.000	10.291
2012.000	10.291
2013.000	10.291
2014.000	10.291
2015.000	10.291
2016.000	10.291
2017.000	10.291
2018.000	10.291
2019.000	10.291
2020.000	10.291
2021.000	10.291
2022.000	10.291
2023.000	10.291
2024.000	10.291
2025.000	10.291
2026.000	10.291
2027.000	10.291
2028.000	10.291
2029.000	10.291
2030.000	10.291
2031.000	10.291
2032.000	10.291
2033.000	10.291
2034.000	10.291
2035.000	10.291
2036.000	10.291
2037.000	10.291
2038.000	10.291
2039.000	10.291
2040.000	10.291
2041.000	10.291
2042.000	10.291
2043.000	10.291
2044.000	10.291
2045.000	10.291
2046.000	10.291
2047.000	10.291
2048.000	10.291
2049.000	10.291
2050.000	10.291
2051.000	10.291
2052.000	10.291
2053.000	10.291
2054.000	10.291
2055.000	10.291
2056.000	10.291
2057.000	10.291
2058.000	10.291
2059.000	10.291
2060.000	10.291
2061.000	10.291
2062.000	10.291
2063.000	10.291
2064.000	10.291
2065.000	10.291
2066.000	10.291
2067.000	10.291
2068.000	10.291
2069.000	10.291
2070.000	10.291
2071.000	10.291
2072.000	10.291
2073.000	10.291
2074.000	10.291
2075.000	10.291
2076.000	10.291
2077.000	10.291
2078.000	10.291
2079.000	10.291
2080.000	10.291
2081.000	10.291
2082.000	10.291
2083.000	10.291
2084.000	10.291
2085.000	10.291
2086.000	10.291
2087.000	10.291
2088.000	10.291
2089.000	10.291
2090.000	10.291
2091.000	10.291
2092.000	10.291
2093.000	10.291
2094.000	10.291
2095.000	10.291
2096.000	10.291
2097.000	10.291
2098.000	10.291
2099.000	10.291
2100.000	10.291
2101.000	10.291
2102.000	10.291
2103.000	10.291
2104.000	10.291
2105.000	10.291
2106.000	10.291
2107.000	10.291
2108.000	10.291
2109.000	10.291
2110.000	10.291
2111.000	10.291
2112.000	10.291
2113.000	10.291
2114.000	10.291
2115.000	10.291
2116.000	10.291
2117.000	10.291
2118.000	10.291
2119.000	10.291
2120.000	10.291
2121.000	10.291
2122.000	10.291
2123.000	10.291
2124.000	10.291
2125.000	10.291
2126.000	10.291
2127.000	10.291
2128.000	10.291
2129.000	10.291
2130.000	10.291
2131.000	10.291
2132.000	10.291
2133.000	10.291
2134.000	10.291
2135.000	10.291
2136.000	10.291
2137.000	10.291
2138.000	10.291
2139.000	10.291
2140.000	10.291
2141.000	10.291
2142.000	10.291
2143.000	10.291
2144.000	10.291
2145.000	10.291
2146.000	10.291
2147.000	10.291
2148.000	10.291
2149.000	10.291
2150.000	10.291
2151.000	10.291
2152.000	10.291
2153.000	10.291
2154.000	10.291
2155.000	10.291
2156.000	10.291
2157.000	10.291
2158.000	10.291
2159.000	10.291
2160.000	10.291
2161.000	10.291
2162.000	10.291
2163.000	10.291
2164.000	10.291
2165.000	10.291
2166.000	10.291
2167.000	10.291
2168.000	10.291
2169.000	10.291
2170.000	10.291
2171.000	10.291
2172.000	10.291
2173.000	10.291
2174.000	10.291
2175.000	10.291
2176.000	10.291
2177.000	10.291
2178.000	10.291
2179.000	10.291
2180.000	10.291
2181.000	10.291
2182.000	10.291
2183.000	10.291
2184.000	10.291
2185.000	10.291
2186.000	10.291
2187.000	10.291
2188.000	10.291
2189.000	10.291
2190.000	10.291
2191.000	10.291
2192.000	10.291
2193.000	10.291
2194.000	10.291
2195.000	10.291
2196.000	10.291
2197.000	10.291
2198.000	10.291
2199.000	10.291
2200.000	10.291
2201.000	10.291
2202.000	10.291
2203.000	10.291
2204.000	10.291
2205.000	10.291
2206.000	10.291
2207.000	10.291
2208.000	10.291
2209.000	10.291
2210.000	10.291
2211.000	10.291
2212.000	10.291
2213.000	10.291
2214.000	10.291
2215.000	10.291
2216.000	10.291
2217.000	10.291
2218.000	10.291
2219.000	10.291
2220.000	10.291
2221.000	10.291
2222.000	10.291
2223.000	10.291
2224.000	10.291
2225.000	10.291
2226.000	10.291
2227.000	10.291
2228.000	10.291
2229.000	10.291
2230.000	10.291
2231.000	10.291
2232.000	10.291
2233.000	10.291
2234.000	10.291
2235.000	10.291
2236.000	10.291
2237.000	10.291
2238.000	10.291
2239.000	10.291
2240.000	10.291
2241.000	10.291
2242.000	10.291
2243.000	10.291
2244.000	10.291
2245.000	10.291
2246.000	10.291
2247.000	10.291
2248.000	10.291
2249.000	10.291
2250.000	10.291
2251.000	10.291
2252.000	10.291
2253.000	10.291
2254.000	10.291
2255.000	10.291
2256.000	10.291
2257.000	10.291
2258.000	10.291
2259.000	10.291
2260.000	10.291
2261.000	10.291
2262.000	10.291
2263.000	10.291
2264.000	10.291
2265.000	10.291
2266.000	10.291
2267.000	10.291
2268.000	10.291
2269.000	10.291
2270.000	10.291
2271.000	10.291
2272.000	10.291
2273.000	10.291
2274.000	10.291
2275.000	10.291
2276.000	10.291
2277.000	10.291
2278.000	10.291
2279.000	10.291
2280.000	10.291
2281.000	10.291
2282.000	10.291
2283.000	10.291
2284.000	10.291
2285.000	10.291
2286.000	10.291
2287.000	10.291
2288.000	10.291
2289.000	10.291
2290.000	10.291
2291.000	10.291
2292.000	10.291
2293.000	10.291
2294.000	10.291
2295.000	10.291
2296.000	10.291
2297.000	10.291
2298.000	10.291
2299.000	10.291
2300.000	10.291
2301.000	10.291
2302.000	10.291
2303.000	10.291
2304.000	10.291
2305.000	10.291
2306.000	10.291
2307.000	10.291
2308.000	10.291
2309.000	10.291
2310.000	10.291
2311.000	10.291
2312.000	10.291
2313.000	10.291
2314.000	10.291
2315.000	10.291
2316.000	10.291
2317.000	10.291
2318.000	10.291
2319.000	10.291
2320.000	10.291
2321.000	10.291
2322.000	10.291
2323.000	10.291
2324.000	10.291
2325.000	10.291
2326.000	10.291
2327.000	10.291
2328.000	10.291
2329.000	10.291
2330.000	10.291
2331.000	10.291
2332.000	10.291
2333.000	10.291
2334.000	10.291
2335.000	10.291
2336.000	10.291
2337.000	10.291
2338.000	10.291
2339.000	10.291
2340.000	10.291
2341.000	10.291
2342.000	10.291
2343.000	10.291
2344.000	10.291
2345.000	10.291
2346.000	10.291
2347.000	10.291
2348.000	10.291
2349.000	10.291
2350.000	10.291
2351.000	10.291
2352.000	10.291
2353.000	10.291
2354.000	10.291
2355.000	10.291
2356.000	10.291
2357.000	10.291
2358.000	10.291
2359.000	10.291
2360.000	10.291
2361.000	10.291
2362.000	10.291
2363.000	10.291
2364.000	10.291
2365.000	10.291
2366.000	10.291
2367.000	10.291
2368.000	10.291
2369.000	10.291
2370.000	10.291
2371.000	10.291
2372.000	10.291
2373.000	10.291
2374.000	10.291
2375.000	10.291
2376.000	10.291
2377.000	10.291
2378.000	10.291
2379.000	10.291
2380.000	10.291
2381.000	10.291
2382.000	10.291
2383.000	10.291
2384.000	10.291
2385.000	10.291
2386.000	10.291
2387.000	10.291
2388.000	10.291
2389.000	10.291
2390.000	10.291
2391.000	10.291
2392.000	10.291
2393.000	10.291
2394.000	10.291
2395.000	10.291
2396.000	10.291
2397.000	10.291
2398.000	10.291
2399.000	10.291
2400.000	10.291
2401.000	10.291
2402.000	10.291
2403.000	10.291
2404.000	10.291
2405.000	10.291
2406.000	10.291
2407.000	10.291
2408.000	10.291
2409.000	10.291
2410.000	10.291
2411.000	10.291
2412.000	10.291
2413.000	10.291
2414.000	10.291
2415.000	10.291
2416.000	10.291
2417.000	10.291
2418.000	10.291
2419.000	10.291
2420.000	10.291
2421.000	10.291
2422.000	10.291
2423.000	10.291
2424.000	10.291
2425.000	10.291
2426.000	10.291
2427.000	10.291
2428.000	10.291
2429.000	10.291
2430.000	10.291
2431.000	10.291
2432.000	10.291
2433.000	10.291
2434.000	10.291
2435.000	10.291
2436.000	10.291
2437.000	10.291
2438.000	10.291
2439.000	10.291
2440.000	10.291
2441.000	10.291
2442.000	10.291
2443.000	10.291
2444.000	10.291
2445.000	10.291
2446.000	10.291
2447.000	10.291
2448.000	10.291
2449.000	10.291
2450.000	10.291
2451.000	10.291
2452.000	10.291
2453.000	10.291
2454.000	10.291
2455.000	10.291
2456.000	10.291
2457.000	10.291
2458.000	10.291
2459.000	10.291
2460.000	10.291
2461.000	10.291
2462.000	10.291
2463.000	10.291
2464.000	10.291
2465.000	10.291
2466.000	10.291
2467.000	10.291
2468.000	10.291
2469.000	10.291
2470.000	10.291
2471.000	10.291
2472.000	10.291
2473.000	10.291
2474.000	10.291
2475.000	10.291
2476.000	10.291
2477.000	10.291
2478.000	10.291
2479.000	10.291
2480.000	10.291
2481.000	10.291
2482.000	10.291
2483.000	10.291
2484.000	10.291
2485.000	10.291
2486.000	10.291
2487.000	10.291
2488.000	10.291
2489.000	10.291
2490.000	10.291
2491.000	10.291
2492.000	10.291
2493.000	10.291
2494.000	10.291
2495.000	10.291
2496.000	10.291
2497.000	10.291
2498.000	10.291
2499.000	10.291
2500.000	10.291
2501.000	10.291
2502.000	10.291
2503.000	10.291
2504.000	10.291
2505.000	10.291
2506.000	10.291
2507.000	10.291
2508.000	10.291
2509.000	10.291
2510.000	10.291
2511.000	10.291
2512.000	10.291
2513.000	10.291
2514.000	10.291
2515.000	10.291
2516.000	10.291
2517.000	10.291
2518.000	10.291
2519.000	10.291
2520.000	10.291
2521.000	10.291
2522.000	10.291
2523.000	10.291
2524.000	10.291
2525.000	10.291
2526.000	10.291
2527.000	10.291
2528.000	10.291
2529.000	10.291
2530.000	10.291
2531.000	10.291
2532.000	10.291
2533.000	10.291
2534.000	10.291
2535.000	10.291
2536.000	10.291
2537.000	10.291
2538.000	10.291
2539.000	10.291
2540.000	10.291
2541.000	10.291
2542.000	10.291
2543.000	10.291
2544.000	10.291
2545.000	10.291
2546.000	10.291
2547.000	10.291
2548.000	10.291
2549.000	10.291
2550.000	10.291
2551.000	10.291
2552.000	10.291
2553.000	10.291
2554.000	10.291
2555.000	10.291
2556.000	10.291
2557.000	10.291
2558.000	10.291
2559.000	10.291
2560.000	10.291
2561.000	10.291
2562.000	10.291
2563.000	10.291
2564.000	10.291
2565.000	10.291
2566.000	10.291
2567.000	10.291
2568.000	10.291
2569.000	10.291
2570.000	10.291
2571.000	10.291
2572.000	10.291
2573.000	10.291
2574.000	10.291
2575.000	10.291
2576.000	10.291
2577.000	10.291
2578.000	10.291
2579.000	10.291
2580.000	10.291
2581.000	10.291
2582.000	10.291
2583.000	10.291
2584.000	10.291
2585.000	10.291
2586.000	10.291
2587.000	10.291
2588.000	10.291
2589.000	10.291
2590.000	10.291
2591.000	10.291
2592.000	10.291
2593.000	10.291
2594.000	10.291
2595.000	10.291
2596.000	10.291
2597.000	10.291
2598.000	10.291
2599.000	10.291
2600.000	10.291
2601.000	10.291
2602.000	10.291
2603.000	10.291
2604.000	10.291
2605.000	10.291
2606.000	10.291
2607.000	10.291
2608.000	10.291
2609.000	10.291
2610.000	10.291
2611.000	10.291
2612.000	10.291
2613.000	10.291
2614.000	10.291
2615.000	10.291
2616.000	10.291
2617.000	10.291
2618.000	10.291
2619.000	10.291
2620.000	10.291
2621.000	10.291
2622.000	10.291
2623.000	10.291
2624.000	10.291
2625.000	10.291
2626.000	10.291
2627.000	10.291
2628.000	10.291
2629.000	10.291
2630.000	10.291
2631.000	10.291
2632.000	10.291
2633.000	10.291
2634.000	10.291
2635.000	10.291
2636.000	10.291
2637.000	10.291
2638.000	10.291
2639.000	10.291
2640.000	10.291
2641.000	10.291
2642.000	10.291
2643.000	10.291
2644.000	10.291
2645.000	10.291
2646.000	10.291
2647.000	10.291
2648.000	10.291
2649.000	10.291
2650.000	10.291
2651.000	10.291
2652.000	10.291
2653.000	10.291
2654.000	10.291
2655.000	10.291
2656.000	10.291
2657.000	10.291
2658.000	10.291
2659.000	10.291
2660.000	10.291
2661.000	10.291
2662.000	10.291
2663.000	10.291
2664.000	10.291
2665.000	10.291
2666.000	10.291
2667.000	10.291
2668.000	10.291
2669.000	10.291
2670.000	10.291
2671.000	10.291
2672.000	10.291
2673.000	10.291
2674.000	10.291
2675.000	10.291
2676.000	10.291
2677.000	10.291
2678.000	10.291
2679.000	10.291
2680.000	10.291
2681.000	10.291
2682.000	10.291
2683.000	10.291
2684.000	10.291
2685.000	10.291
2686.000	10.291
2687.000	10.291
2688.000	10.291
2689.000	10.291
2690.000	10.291
2691.000	10.291
2692.000	10.291
2693.000	10.291
2694.000	10.291
2695.000	10.291
2696.000	10.291
2697.000	10.291
2698.000	10.291
2699.000	10.291
2700.000	10.291
2701.000	10.291
2702.000	10.291
2703.000	10.291
2704.000	10.291
2705.000	10.291
2706.000	10.291
2707.000	10.291
2708.000	10.291
2709.000	10.291
2710.000	10.291
2711.000	10.291
2712.000	10.291
2713.000	10.291
2714.000	10.291
2715.000	10.291
2716.000	10.291
2717.000	10.291
2718.000	10.291
2719.000	10.291
2720.000	10.291
2721.000	10.291
2722.000	10.291
2723.000	10.291
2724.000	10.291
2725.000	10.291
2726.000	10.291
2727.000	10.291
2728.000	10.291
2729.000	10.291
2730.000	10.291
2731.000	10.291
2732.000	10.291
2733.000	10.291
2734.000	10.291
2735.000	10.291
2736.000	10.291
2737.000	10.291
2738.000	10.291
2739.000	10.291
2740.000	10.291
2741.000	10.291
2742.000	10.291
2743.000	10.291
2744.000	10.291
2745.000	10.291
2746.000	10.291
2747.000	10.291
2748.000	10.291
2749.000	10.291
2750.000	10.291
2751.000	10.291
2752.000	10.291
2753.000	10.291
2754.000	10.291
2755.000	10.291
2756.000	10.291
2757.000	10.291
2758.000	10.291
2759.000	10.291
2760.000	10.291
2761.000	10.291
2762.000	10.291
2763.000	10.291
2764.000	10.291
2765.000	10.291
2766.000	10.291
2767.000	10.291
2768.000	10.291
2769.000	10.291
2770.000	10.291
2771.000	10.291
2772.000	10.291
2773.000	10.291
2774.000	10.291
2775.000	10.291
2776.000	10.291
2777.000	10.291
2778.000	10.291
2779.000	10.291
2780.000	10.291
2781.000	10.291
2782.000	10.291
2783.000	10.291
2784.000	10.291
2785.000	10.291
2786.000	10.291
2787.000	10.291
2788.000	10.291
2789.000	10.291
2790.000	10.291
2791.000	10.291
2792.000	10.291
2793.000	10.291
2794.000	10.291
2795.000	10.291
2796.000	10.291
2797.000	10.291
2798.000	10.291
2799.000	10.291
2800.000	10.291
2801.000	10.291
2802.000	10.291
2803.000	10.291
2804.000	10.291
2805.000	10.291
2806.000	10.291
2807.000	10.291
2808.000	10.291
2809.000	10.291
2810.000	10.291
2811.000	10.291
2812.000	10.291
2813.000	10.291
2814.000	10.291
2815.000	10.291
2816.000	10.291
2817.000	10.291
2818.000	10.291
2819.000	10.291
2820.000	10.291
2821.000	10.291
2822.000	10.291
2823.000	10.291
2824.000	10.291
2825.000	10.291
2826.000	10.291
2827.000	10.291
2828.000	10.291
2829.000	10.291
2830.000	10.291
2831.000	10.291
2832.000	10.291
2833.000	10.291
2834.000	10.291
2835.000	10.291
2836.000	10.291
2837.000	10.291
2838.000	10.291
2839.000	10.291
2840.000	10.291
2841.000	10.291
2842.000	10.291
2843.000	10.291
2844.000	10.291
2845.000	10.291
2846.000	10.291
2847.000	10.291
2848.000	10.291
2849.000	10.291
2850.000	10.291
2851.000	10.291
2852.000	10.291
2853.000	10.291
2854.000	10.291
2855.000	10.291
2856.000	10.291
2857.000	10.291
2858.000	10.291
2859.000	10.291
2860.000	10.291
2861.000	10.291
2862.000	10.291
2863.000	10.291
2864.000	10.291
2865.000	10.291
2866.000	10.291
2867.000	10.291
2868.000	10.291
2869.000	10.291
2870.000	10.291
2871.000	10.291
2872.000	10.291
2873.000	10.291
2874.000	10.291
2875.000	10.291
2876.000	10.291
2877.000	10.291
2878.000	10.291
2879.000	10.291
2880.000	10.291
2881.000	10.291
2882.000	10.291
2883.000	10.291
2884.000	10.291
2885.000	10.291
2886.000	10.291
2887.000	10.291
2888.000	10.291
2889.000	10.291
2890.000	10.291
2891.000	10.291
2892.000	10.291
2893.000	10.291
2894.000	10.291
2895.000	10.291
2896.000	10.291
2897.000	10.291
2898.000	10.291
2899.000	10.291
2900.000	10.291
2901.000	10.291
2902.000	10.291
2903.000	10.291
2904.000	10.291
2905.000	10.291
2906.000	10.291
2907.000	10.291
2908.000	10.291
2909.000	10.291
2910.000	10.291
2911.000	10.291
2912.000	10.291
2913.000	10.291
2914.000	10.291
2915.000	10.291
2916.000	10.291
2917.000	10.291
2918.000	10.291
2919.000	10.291
2920.000	10.291
2921.000	10.291
2922.000	10.291
2923.000	10.291
2924.000	10.291
2925.000	10.291
2926.000	10.291
2927.000	10.291
2928.000	10.291
2929.000	10.291
2930.000	10.291
2931.000	10.291
2932.000	10.291
2933.000	10.291
2934.000	10.291
2935.000	10.291
2936.000	10.291
2937.000	10.291
2938.000	10.291
2939.000	10.291
2940.000	10.291
2941.000	10.291
2942.000	10.291
2943.000	10.291
2944.000	10.291
2945.000	10.291
2946.000	10.291
2947.000	10.291
2948.000	10.291
2949.000	10.291
2950.000	10.291
2951.000	10.291
2952.000	10.291
2953.000	10.291
2954.000	10.291
2955.000	10.291
2956.000	10.291
2957.000	10.291
2958.000	10.291
2959.000	10.291
2960.000	10.291
2961.000	10.291
2962.000	10.291
2963.000	10.291
2964.000	10.291
2965.000	10.291
2966.000	10.291
2967.000	10.291
2968.000	10.291
2969.000	10.291
2970.000	10.291
2971.000	10.291
2972.000	10.291
2973.000	10.291
2974.000	10.291
2975.000	10.291
2976.000	10.291
2977.000	10.291
2978.000	10.291
2979.000	10.291
2980.000	10.291
2981.000	10.291
2982.000	10.291
2983.000	10.291
2984.000	10.291
2985.000	10.291
2986.000	10.291
2987.000	10.291
2988.000	10.291
2989.000	10.291
2990.000	10.291
2991.000	10.291
2992.000	10.291
2993.000	10.291
2994.000	10.291
2995.000	10.291
2996.000	10.291
2997.000	10.291
2998.000	10.291
2999.000	10.291
3000.000	10.291
3001.000	10.291
3002.000	10.291
3003.000	10.291
3004.000	10.291
3005.000	10.291
3006.000	10.291
3007.000	10.291
3008.000	10.291
3009.000	10.291
3010.000	10.291
3011.000	10.291
3012.000	10.291
3013.000	10.291
3014.000	10.291
3015.000	10.291
3016.000	10.291
3017.000	10.291
3018.000	10.291
3019.000	10.291
3020.000	10.291
3021.000	10.291
3022.000	10.291
3023.000	10.291
3024.000	10.291
3025.000	10.291
3026.000	10.291
3027.000	10.291
3028.000	10.291
3029.000	10.291
3030.000	10.291
3031.000	10.291
3032.000	10.291
3033.000	10.291
3034.000	10.291
3035.000	10.291
3036.000	10.291
3037.000	10.291
3038.000	10.291
3039.000	10.291
3040.000	10.291
3041.000	10.291
3042.000	10.291
3043.000	10.291
3044.000	10.291
3045.000	10.291
3046.000	10.291
3047.000	10.291
3048.000	10.291
3049.000	10.291
3050.000	10.291
3051.000	10.291
3052.000	10.291
3053.000	10.291
3054.000	10.291
3055.000	10.291
3056.000	10.291
3057.000	10.291
3058.000	10.291
3059.000	10.291
3060.000	10.291
3061.000	10.291
3062.000	10.291
3063.000	10.291
3064.000	10.291
3065.000	10.291
3066.000	10.291
3067.000	10.291
3068.000	10.291
3069.000	10.291
3070.000	10.291
3071.000	10.291
3072.000	10.291
3073.000	10.291
3074.000	10.291
3075.000	10.291
3076.000	10.291
3077.000	10.291
3078.000	10.291
3079.000	10.291
3080.000	10.291
3081.000	10.291
3082.000	10.291
3083.000	10.291
3084.000	10.291
3085.000	10.291
3086.000	10.291
3087.000	10.291
3088.000	10.291
3089.000	10.291
3090.000	10.291
3091.000	10.291
3092.000	10.291
3093.000	10.291
3094.000	10.291
3095.000	10.291
3096.000	10.291
3097.000	10.291
3098.000	10.291
3099.000	10.291
3100.000	10.291
3101.000	10.291
3102.000	10.291
3103.000	10.291
3104.000	10.291
3105.000	10.291
3106.000	10.291
3107.000	10.291
3108.000	10.291
3109.000	10.291
3110.000	10.291
3111.000	10.291
3112.000	10.291
3113.000	10.291
3114.000	10.291
3115.000	10.291
3116.000	10.291
3117.000	10.291
3118.000	10.291
3119.000	10.291
3120.000	10.291
3121.000	10.291
3122.000	10.291
3123.000	10.291
3124.000	10.291
3125.000	10.291
3126.000	10.291
3127.000	10.291
3128.000	10.291
3129.000	10.291
3130.000	10.291
3131.000	10.291
3132.000	10.291
3133.000	10.291
3134.000	10.291
3135.000	10.291
3136.000	10.291
3137.000	10.291
3138.000	10.291
3139.000	10.291
3140.000	10.291
3141.000	10.291
3142.000	10.291
3143.000	10.291
3144.000	10.291
3145.000	10.291
3146.000	10.291
3147.000	10.291
3148.000	10.291
3149.000	10.291
3150.000	10.291
3151.000	10.291
3152.000	10.291
3153.000	10.291
3154.000	10.291
3155.000	10.291
3156.000	10.291
3157.000	10.291
3158.000	10.291
3159.000	10.291
3160.000	10.291
3161.000	10.291
3162.000	10.291
3163.000	10.291
3164.000	10.291
3165.000	10.291
3166.000	10.291
3167.000	10.291
3168.000	10.291
3169.000	10.291
3170.000	10.291
3171.000	10.291
3172.000	10.291
3173.000	10.291
3174.000	10.291
3175.000	10.291
3176.000	10.291
3177.000	10.291
3178.000	10.291
3179.000	10.291
3180.000	10.291
3181.000	10.291
3182.000	10.291
3183.000	10.291
3184.000	10.291
3185.000	10.291
3186.000	10.291
3187.000	10.291
3188.000	10.291
3189.000	10.291
3190.000	10.291
3191.000	10.291
3192.000	10.291
3193.000	10.291
3194.000	10.291
3195.000	10.291
3196.000	10.291
3197.000	10.291
3198.000	10.291
3199.000	10.291
3200.000	10.291
3201.000	10.291
3202.000	10.291
3203.000	10.291
3204.000	10.291
3205.000	10.291
3206.000	10.291
3207.000	10.291
3208.000	10.291
3209.000	10.291
3210.000	10.291
3211.000	10.291
3212.000	10.291
3213.000	10.291
3214.000	10.291
3215.000	10.291
3216.000	10.291
3217.000	10.291
3218.000	10.291
3219.000	10.291
3220.000	10.291
3221.000	10.291
3222.000	10.291
3223.000	10.291
3224.000	10.291
3225.000	10.291
3226.000	10.291
3227.000	10.291
3228.000	10.291
3229.000	10.291
3230.000	10.291
3231.000	10.291
3232.000	10.291
3233.000	10.291
3234.000	10.291
3235.000	10.291
3236.000	10.291
3237.000	10.291
3238.000	10.291
3239.000	10.291
3240.000	10.291
3241.000	10.291
3242.000	10.291
3243.000	10.291
3244.000	10.291
3245.000	10.291
3246.000	10.291
3247.000	10.291
3248.000	10.291
3249.000	10.291
3250.000	10.291
3251.000	10.291
3252.000	10.291
3253.000	10.291
3254.000	10.291
3255.000	10.291
3256.000	10.291
3257.000	10.291
3258.000	10.291
3259.000	10.291
3260.000	10.291
3261.000	10.291
3262.000	10.291
3263.000	10.291
3264.000	10.291
3265.000	10.291
3266.000	10.291
3267.000	10.291
3268.000	10.291
3269.000	10.291
3270.000	10.291
3271.000	10.291
3272.000	10.291
3273.000	10.291
3274.000	10.291
3275.000	10.291
3276.000	10.291
3277.000	10.291
3278.000	10.291
3279.000	10.291
3280.000	10.291
3281.000	10.291
3282.000	10.291
3283.000	10.291
3284.000	10.291
3285.000	10.291
3286.000	10.291
3287.000	10.291
3288.000	10.291
3289.000	10.291
3290.000	10.291
3291.000	10.291
3292.000	10.291
3293.000	10.291
3294.000	10.291
3295.000	10.291
3296.000	10.291
3297.000	10.291
3298.000	10.291
3299.000	10.291
3300.000	10.291
3301.000	10.291
3302.000	10.291
3303.000	10.291
3304.000	10.291
3305.000	10.291
3306.000	10.291
3307.000	10.291
3308.000	10.291
3309.000	10.291
3310.000	10.291
3311.000	10.291
3312.000	10.291
3313.000	10.291
3314.000	10.291
3315.000	10.291
3316.000	10.291
3317.000	10.291
3318.000	10.291
3319.000	10.291
3320.000	10.291
3321.000	10.291
3322.000	10.291
3323.000	10.291
3324.000	10.291
3325.000	10.291
3326.000	10.291
3327.000	10.291
3328.000	10.291
3329.000	10.291
3330.000	10.291
3331.000	10.291
3332.000	10.291
3333.000	10.291
3334.000	10.291
3335.000	10.291
3336.000	10.291
3337.000	10.291
3338.000	10.291
3339.000	10.291
3340.000	10.291
3341.000	10.291
3342.000	10.291
3343.000	10.291
3344.000	10.291
3345.000	10.291
3346.000	10.291
3347.000	10.291
3348.000	10.291
3349.000	10.291
3350.000	10.291
3351.000	10.291
3352.000	10.291
3353.000	10.291
3354.000	10.291
3355.000	10.291
3356.000	10.291
3357.000	10.291
3358.000	10.291
3359.000	10.291
3360.000	10.291
3361.000	10.291
3362.000	10.291
3363.000	10.291
3364.000	10.291
3365.000	10.291
3366.000	10.291
3367.000	10.291
3368.000	10.291
3369.000	10.291
3370.000	10.291
3371.000	10.291
3372.000	10.291
3373.000	10.291
3374.000	10.291
3375.000	10.291
3376.000	10.291
3377.000	10.291
3378.000	10.291
3379.000	10.291
3380.000	10.291
3381.000	10.291
3382.000	10.291
3383.000	10.291
3384.000	10.291
3385.000	10.291
3386.000	10.291
3387.000	10.291
3388.000	10.291
3389.000	10.291
3390.000	10.291
3391.000	10.291
3392.000	10.291
3393.000	10.291
3394.000	10.291
3395.000	10.291
3396.000	10.291
3397.000	10.291
3398.000	10.291
3399.000	10.291
3400.000	10.291
3401.000	10.291
3402.000	10.291
3403.000	10.291
3404.000	10.291
3405.000	10.291
3406.000	10.291
3407.000	10.291
3408.000	10.291
3409.000	10.291
3410.000	10.291
3411.000	10.291
3412.000	10.291
3413.000	10.291
3414.000	10.291
3415.000	10.291
3416.000	10.291
3417.000	10.291
3418.000	10.291
3419.000	10.291
3420.000	10.291
3421.000	10.291
3422.000	10.291
3423.000	10.291
3424.000	10.291
3425.000	10.291
3426.000	10.291
3427.000	10.291
3428.000	10.291
3429.000	10.291
3430.000	10.291
3431.000	10.291
3432.000	10.291
3433.000	10.291
3434.000	10.291
3435.000	10.291
3436.000	10.291
3437.000	10.291
3438.000	10.291
3439.000	10.291
3440.000	10.291
3441.000	10.291
3442.000	10.291
3443.000	10.291
3444.000	10.291
3445.000	10.291
3446.000	10.291
3447.000	10.291
3448.000	10.291
3449.000	10.291
3450.000	10.291
3451.000	10.291
3452.000	10.291
3453.000	10.291
3454.000	10.291
3455.000	10.291
3456.000	10.291
3457.000	10.291
3458.000	10.291
3459.000	10.291
3460.000	10.291
3461.000	10.291
3462.000	10.291
3463.000	10.291
3464.000	10.291
3465.000	10.291
3466.000	10.291
3467.000	10.291
3468.000	10.291
3469.000	10.291
3470.000	10.291
3471.000	10.291
3472.000	10.291
3473.000	10.291
3474.000	10.291
3475.000	10.291
3476.000	10.291
3477.000	10.291
3478.000	10.291
3479.000	10.291
3480.000	10.291
3481.000	10.291
3482.000	10.291
3483.000	10.291
3484.000	10.291
3485.000	10.291
3486.000	10.291
3487.000	10.291
3488.000	10.291
3489.000	10.291
3490.000	10.291
3491.000	10.291
3492.000	10.291
3493.000	10.291
3494.000	10.291
3495.000	10.291
3496.000	10.291
3497.000	10.291
3498.000	10.291
3499.000	10.291
3500.000	10.291
3501.000	10.291
3502.000	10.291
3503.000	10.291
3504.000	10.291
3505.000	10.291
3506.000	10.291
3507.000	10.291
3508.000	10.291
3509.000	10.291
3510.000	10.291
3511.000	10.291
3512.000	10.291
3513.000	10.291
3514.000	10.291
3515.000	10.291
3516.000	10.291
3517.000	10.291
3518.000	10.291
3519.000	10.291
3520.000	10.291
3521.000	10.291
3522.000	10.291
3523.000	10.291
3524.000	10.291
3525.000	10.291
3526.000	10.291
3527.000	10.291
3528.000	10.291
3529.000	10.291
3530.000	10.291
3531.000	10.291
3532.000	10.291
3533.000	10.291
3534.000	10.291
3535.000	10.291
3536.000	10.291
3537.000	10.291
3538.000	10.291
3539.000	10.291
3540.000	10.291
3541.000	10.291
3542.000	10.291
3543.000	10.291
3544.000	10.291
3545.000	10.291
3546.000	10.291
3547.000	10.291
3548.000	10.291
3549.000	10.291
3550.000	10.291
3551.000	10.291
3552.000	10.291
3553.000	10.291
3554.000	10.291
3555.000	10.291
3556.000	10.291
3557.000	10.291
3558.000	10.291
3559.000	10.291
3560.000	10.291
3561.000	10.291
3562.000	10.291
3563.000	10.291
3564.000	10.291
3565.000	10.291
3566.000	10.291
3567.000	10.291
3568.000	10.291
3569.000	10.291
3570.000	10.291
3571.000	10.291
3572.000	10.291
3573.000	10.291
3574.000	10.291
3575.000	10.291
3576.000	10.291
3577.000	10.291
3578.000	10.291
3579.000	10.291
3580.000	10.291
3581.000	10.291
3582.000	10.291
3583.000	10.291
3584.000	10.291
3585.000	10.291
3586.000	10.291
3587.000	10.291
3588.000	10.291
3589.000	10.291
3590.000	10.291
3591.000	10.291
3592.000	10.291
3593.000	10.291
3594.000	10.291
3595.000	10.291
3596.000	10.291
3597.000	10.291
3598.000	10.291
3599.000	10.291
3600.000	10.291
3601.000	10.291
3602.000	10.291
3603.000	10.291
3604.000	10.291
3605.000	10.291
3606.000	10.291
3607.000	10.291
3608.000	10.291
3609.000	10.291
3610.000	10.291
3611.000	10.291
3612.000	10.291
3613.000	10.291
3614.000	10.291
3615.000	10.291
3616.000	10.291
3617.000	10.291
3618.000	10.291
3619.000	10.291
3620.000	10.291
3621.000	10.291
3622.000	10.291
3623.000	10.291
3624.000	10.291
3625.000	10.291
3626.000	10.291
3627.000	10.291
3628.000	10.291
3629.000	10.291
3630.000	10.291
3631.000	10.291
3632.000	10.291
3633.000	10.291
3634.000	10.291
3635.000	10.291
3636.000	10.291
3637.000	10.291
3638.000	10.291
3639.000	10.291
3640.000	10.291
3641.000	10.291
3642.000	10.291
3643.000	10.291
3644.000	10.291
3645.000	10.291
3646.000	10.291
3647.000	10.291
3648.000	10.291
3649.000	10.291
3650.000	10.291
3651.000	10.291
3652.000	10.291
3653.000	10.291
3654.000	10.291
3655.000	10.291
3656.000	10.291
3657.000	10.291
3658.000	10.291
3659.000	10.291
3660.000	10.291
3661.000	10.291
3662.000	10.291
3663.000	10.291
3664.000	10.291
3665.000	10.291
3666.000	10.291
3667.000	10.291
3668.000	10.291
3669.000	10.291
3670.000	10.291
3671.000	10.291
3672.000	10.291
3673.000	10.291
3674.000	10.291
3675.000	10.291
3676.000	10.291
3677.000	10.291
3678.000	10.291
3679.000	10.291
3680.000	10.291
3681.000	10.291
3682.000	10.291
3683.000	10.291
3684.000	10.291
3685.000	10.291
3686.000	10.291
3687.000	10.291
3688.000	10.291
3689.000	10.291
3690.000	10.291
3691.000	10.291
3692.000	10.291
3693.000	10.291
3694.000	10.291
3695.000	10.291
3696.000	10.291
3697.000	10.291
3698.000	10.291
3699.000	10.291
3700.000	10.291
3701.000	10.291
3702.000	10.291
3703.000	10.291
3704.000	10.291
3705.000	10.291
3706.000	10.291
3707.000	10.291
3708.000	10.291
3709.000	10.291
3710.000	10.291
3711.000	10.291
3712.000	10.291
3713.000	10.291
3714.000	10.291
3715.000	10.291
3716.000	10.291
3717.000	10.291
3718.000	10.291
3719.000	10.291
3720.000	10.291
3721.000	10.291
3722.000	10.291
3723.000	10.291
3724.000	10.291
3725.000	10.291
3726.000	10.291
3727.000	10.291
3728.000	10.291
3729.000	10.291
3730.000	10.291
3731.000	10.291
3732.000	10.291
3733.000	10.291
3734.000	10.291
3735.000	10.291
3736.000	10.291
3737.000	10.291
3738.000	10.291
3739.000	10.291
3740.000	10.291
3741.000	10.291
3742.000	10.291
3743.000	10.291
3744.000	10.291
3745.000	10.291
3746.000	10.291
3747.000	10.291
3748.000	10.291
3749.000	10.291
3750.000	10.291
3751.000	10.291
3752.000	10.291
3753.000	10.291
3754.000	10.291
3755.000	10.291
3756.000	10.291
3757.000	10.291
3758.000	10.291
3759.000	10.291
3760.000	10.291
3761.000	10.291
3762.000	10.291
3763.000	10.291
3764.000	10.291
3765.000	10.291
3766.000	10.291
3767.000	10.291
3768.000	10.291
3769.000	10.291
3770.000	10.291
3771.000	10.291
3772.000	10.291
3773.000	10.291
3774.000	10.291
3775.000	10.291
3776.000	10.291
3777.000	10.291
3778.000	10.291
3779.000	10.291
3780.000	10.291
3781.000	10.291
3782.000	10.291
3783.000	10.291
3784.000	10.291
3785.000	10.291
3786.000	10.291
3787.000	10.291
3788.000	10.291
3789.000	10.291
3790.000	10.291
3791.000	10.291
3792.000	10.291
3793.000	10.291
3794.000	10.291
3795.000	10.291
3796.000	10.291
3797.000	10.291
3798.000	10.291
3799.000	10.291
3800.000	10.291
3801.000	10.291
3802.000	10.291
3803.000	10.291
3804.000	10.291
3805.000	10.291
3806.000	10.291
3807.000	10.291
3808.000	10.291
3809.000	10.291
3810.000	10.291
3811.000	10.291
3812.000	10.291
3813.000	10.291
3814.000	10.291
3815.000	10.291
3816.000	10.291
3817.000	10.291
3818.000	10.291
3819.000	10.291
3820.000	10.291
3821.000	10.291
3822.000	10.291
3823.000	10.291
3824.000	10.291
3825.000	10.291
3826.000	10.291
3827.000	10.291
3828.000	10.291
3829.000	10.291
3830.000	10.291
3831.000	10.291
3832.000	10.291
3833.000	10.291
3834.000	10.291
3835.000	10.291
3836.000	10.291
3837.000	10.291
3838.000	10.291
3839.000	10.291
3840.000	10.291
3841.000	10.291
3842.000	10.291
3843.000	10.291
3844.000	10.291
3845.000	10.291
3846.000	10.291
3847.000	10.291
3848.000	10.291
3849.000	10.291
3850.000	10.291
3851.000	10.291
3852.000	10.291
3853.000	10.291
3854.000	10.291
3855.000	10.291
3856.000	10.291
3857.000	10.291
3858.000	10.291
3859.000	10.291
3860.000	10.291
3861.000	10.291
3862.000	10.291
3863.000	10.291
3864.000	10.291
3865.000	10.291
3866.000	10.291
3867.000	10.291
3868.000	10.291
3869.000	10.291
3870.000	10.291
3871.000	10.291
3872.000	10.291
3873.000	10.291
3874.000	10.291
3875.000	10.291
3876.000	10.291
3877.000	10.291
3878.000	10.291
3879.000	10.291
3880.000	10.291
3881.000	10.291
3882.000	10.291
3883.000	10.291
3884.000	10.291
3885.000	10.291
3886.000	10.291
3887.000	10.291
3888.000	10.291
3889.000	10.291
3890.000	10.291
3891.000	10.291
3892.000	10.291
3893.000	10.291
3894.000	10.291
3895.000	10.291
3896.000	10.291
3897.000	10.291
3898.000	10.291
3899.000	10.291
3900.000	10.291
3901.000	10.291
3902.000	10.291
3903.000	10.291
3904.000	10.291
3905.000	10.291
3906.000	10.291
3907.000	10.291
3908.000	10.291
3909.000	10.291
3910.000	10.291
3911.000	10.291
3912.000	10.291
3913.000	10.291
3914.000	10.291
3915.000	10.291
3916.000	10.291
3917.000	10.291
3918.000	10.291
3919.000	10.291
3920.000	10.291
3921.000	10.291
3922.000	10.291
3923.000	10.291
3924.000	10.291
3925.000	10.291
3926.000	10.291
3927.000	10.291
3928.000	10.291
3929.000	10.291
3930.000	10.291
3931.000	10.291
3932.000	10.291
3933.000	10.291
3934.000	10.291
3935.000	10.291
3936.000	10.291
3937.000	10.291
3938.000	10.291
3939.000	10.291
3940.000	10.291
3941.000	10.291
3942.000	10.291
3943.000	10.291
3944.000	10.291
3945.000	10.291
3946.000	10.291
3947.000	10.291
3948.000	10.291
3949.000	10.291
3950.000	10.291
3951.000	10.291
3952.000	10.291
3953.000	10.291
3954.000	10.291
3955.000	10.291
3956.000	10.291
3957.000	10.291
3958.000	10.291
3959.000	10.291
3960.000	10.291
3961.000	10.291
3962.000	10.291
3963.000	10.291
3964.000	10.291
3965.000	10.291
3966.000	10.291
3967.000	10.291
3968.000	10.291
3969.000	10.291
3970.000	10.291
3971.000	10.291
3972.000	10.291
3973.000	10.291
3974.000	10.291
3975.000	10.291
3976.000	10.291
3977.000	10.291
3978.000	10.291
3979.000	10.291
3980.000	10.291
3981.000	10.291
3982.000	10.291
3983.000	10.291
3984.000	10.291
3985.000	10.291
3986.000	10.291
3987.000	10.291
3988.000	10.291
3989.000	10.291
3990.000	10.291
3991.000	10.291
3992.000	10.291
3993.000	10.291
3994.000	10.291
3995.000	10.291
3996.000	10.291
3997.000	10.291
3998.000	10.291
3999.000	10.291
4000.000	10.291
4001.000	10.291
4002.000	10.291
4003.000	10.291
4004.000	10.291
4005.000	10.291
4006.000	10.291
4007.000	10.291
4008.000	10.291
4009.000	10.291
4010.000	10.291
4011.000	10.291
4012.000	10.291
4013.000	10.291
4014.000	10.291
4015.000	10.291
4016.000	10.291
4017.000	10.291
4018.000	10.291
4019.000	10.291
4020.000	4.312
4021.000	4.274
4022.000	4.236
4023.000	4.199
4024.000	4.161
4025.000	4.123
4026.000	4.085
4027.000	4.047
4028.000	4.009
4029.000	3.971
4030.000	3.933
4031.000	3.895
4032.000	3.857
4033.000	3.820
4034.000	3.782
4035.000	3.744
4036.000	3.706
4037.000	3.668
4038.000	3.630
4039.000	3.592
4040.000	3.554
4041.000	3.516
4042.000	3.479
4043.000	3.441
4044.000	3.403
4045.000	3.365
4046.000	3.327
4047.000	3.289
4048.000	3.251
4049.000	3.213
4050.000	3.175
4051.000	3.137
4052.000	3.100
4053.000	3.062
4054.000	3.024
4055.000	2.986
4056.000	2.948
4057.000	2.910
4058.000	2.872
4059.000	2.834
4060.000	2.796
4061.000	2.759
4062.000	2.721
4063.000	2.683
4064.000	2.645
4065.000	2.607
4066.000	2.569
4067.000	2.531
4068.000	2.493
4069.000	2.455
4070.000	2.417
4071.000	2.380
4072.000	2.342
4073.000	2.304
4074.000	2.240
4075.000	2.202
4076.000	2.164
4077.000	2.126
4078.000	2.088
4079.000	2.050
4080.000	2.012
4081.000	1.936
4082.000	1.898
4083.000	1.860
4084.000	1.823
4085.000	1.785
4086.000	1.730
4087.000	1.692
4088.000	1.655
4089.000	1.617
4090.000	1.579
4091.000	1.541
4092.000	1.503
4093.000	1.465
4094.000	1.413
4095.000	0.000
