0.000	20.939
1.000	18.850
2.000	18.850
3.000	18.836
4.000	18.822
5.000	18.809
6.000	18.795
7.000	18.781
8.000	18.768
9.000	18.754
10.000	18.740
11.000	18.727
12.000	18.713
13.000	18.700
14.000	18.686
15.000	18.672
16.000	18.659
17.000	18.583
18.000	18.569
19.000	18.556
20.000	18.542
21.000	18.528
22.000	18.515
23.000	18.501
24.000	18.488
25.000	18.474
26.000	18.460
27.000	18.447
28.000	18.433
29.000	18.419
30.000	18.406
31.000	18.392
32.000	18.378
33.000	18.365
34.000	18.351
35.000	18.338
36.000	18.324
37.000	18.310
38.000	18.297
39.000	18.283
40.000	18.269
41.000	18.256
42.000	18.242
43.000	18.228
44.000	18.215
45.000	18.201
46.000	18.188
47.000	18.174
48.000	18.160
49.000	18.147
50.000	18.133
51.000	18.119
52.000	18.106
53.000	18.092
54.000	18.079
55.000	18.065
56.000	18.051
57.000	18.038
58.000	18.024
59.000	18.010
60.000	17.997
61.000	17.983
62.000	17.969
63.000	17.956
64.000	17.942
65.000	17.929
66.000	17.915
67.000	17.901
68.000	17.888
69.000	17.874
70.000	17.860
71.000	17.847
72.000	17.833
73.000	17.819
74.000	17.806
75.000	17.792
76.000	17.779
77.000	17.765
78.000	17.751
79.000	17.738
80.000	17.724
81.000	17.710
82.000	17.697
83.000	17.683
84.000	17.670
85.000	17.656
86.000	17.642
87.000	17.629
88.000	17.615
89.000	17.601
90.000	17.588
91.000	17.574
92.000	17.560
93.000	17.547
94.000	17.533
95.000	17.520
96.000	17.506
97.000	17.492
98.000	17.479
99.000	17.465
100.000	17.451
101.000	17.438
102.000	17.424
103.000	17.410
104.000	17.397
105.000	17.383
106.000	17.370
107.000	17.356
108.000	17.342
109.000	17.329
110.000	17.315
111.000	17.301
112.000	17.288
113.000	17.274
114.000	17.261
115.000	17.247
116.000	17.233
117.000	17.220
118.000	17.206
119.000	17.192
120.000	17.179
121.000	17.165
122.000	17.151
123.000	17.138
124.000	17.124
125.000	17.111
126.000	17.097
127.000	17.083
128.000	17.070
129.000	17.056
130.000	17.042
131.000	17.029
132.000	17.015
133.000	17.001
134.000	16.988
135.000	16.974
136.000	16.961
137.000	16.947
138.000	16.933
139.000	16.920
140.000	16.906
141.000	16.892
142.000	16.879
143.000	16.865
144.000	16.852
145.000	16.838
146.000	16.824
147.000	16.811
148.000	16.797
149.000	16.783
150.000	16.770
151.000	16.756
152.000	16.742
153.000	16.729
154.000	16.715
155.000	16.702
156.000	16.688
157.000	16.674
158.000	16.661
159.000	16.647
160.000	16.633
161.000	16.620
162.000	16.606
163.000	16.592
164.000	16.579
165.000	16.565
166.000	16.552
167.000	16.538
168.000	16.524
169.000	16.511
170.000	16.497
171.000	16.483
172.000	16.470
173.000	16.456
174.000	16.443
175.000	16.429
176.000	16.415
177.000	16.402
178.000	16.388
179.000	16.374
180.000	16.361
181.000	16.347
182.000	16.333
183.000	16.320
184.000	16.306
185.000	16.293
186.000	16.279
187.000	16.265
188.000	16.249
189.000	16.233
190.000	16.217
191.000	16.201
192.000	16.185
193.000	16.170
194.000	16.155
195.000	16.140
196.000	16.126
197.000	16.111
198.000	16.096
199.000	16.082
200.000	16.068
201.000	16.054
202.000	16.040
203.000	16.027
204.000	16.013
205.000	16.000
206.000	15.987
207.000	15.974
208.000	15.961
209.000	15.948
210.000	15.936
211.000	15.924
212.000	15.912
213.000	15.900
214.000	15.889
215.000	15.877
216.000	15.866
217.000	15.855
218.000	15.842
219.000	15.831
220.000	15.820
221.000	15.810
222.000	15.800
223.000	15.790
224.000	15.780
225.000	15.770
226.000	15.760
227.000	15.751
228.000	15.742
229.000	15.733
230.000	15.731
231.000	15.722
232.000	15.714
233.000	15.705
234.000	15.697
235.000	15.689
236.000	15.681
237.000	15.673
238.000	15.666
239.000	15.658
240.000	15.651
241.000	15.649
242.000	15.642
243.000	15.635
244.000	15.628
245.000	15.622
246.000	15.615
247.000	15.609
248.000	15.603
249.000	15.597
250.000	15.592
251.000	15.586
252.000	15.584
253.000	15.578
254.000	15.573
255.000	15.568
256.000	15.563
257.000	15.558
258.000	15.556
259.000	15.554
260.000	15.552
261.000	15.549
262.000	15.547
263.000	15.545
264.000	15.543
265.000	15.540
266.000	15.538
267.000	15.536
268.000	15.534
269.000	15.531
270.000	15.529
271.000	15.527
272.000	15.524
273.000	15.521
274.000	15.519
275.000	15.516
276.000	15.513
277.000	15.477
278.000	15.442
279.000	15.407
280.000	15.372
281.000	15.336
282.000	15.301
283.000	15.266
284.000	15.231
285.000	15.229
286.000	15.194
287.000	15.159
288.000	15.125
289.000	15.090
290.000	15.056
291.000	15.021
292.000	14.987
293.000	14.952
294.000	14.918
295.000	14.884
296.000	14.882
297.000	14.848
298.000	14.814
299.000	14.780
300.000	14.746
301.000	14.712
302.000	14.679
303.000	14.645
304.000	14.611
305.000	14.578
306.000	14.545
307.000	14.511
308.000	14.501
309.000	14.467
310.000	14.434
311.000	14.401
312.000	14.368
313.000	14.335
314.000	14.302
315.000	14.269
316.000	14.237
317.000	14.204
318.000	14.172
319.000	14.169
320.000	14.137
321.000	14.104
322.000	14.072
323.000	14.040
324.000	14.007
325.000	13.975
326.000	13.943
327.000	13.911
328.000	13.879
329.000	13.847
330.000	13.845
331.000	13.813
332.000	13.781
333.000	13.749
334.000	13.718
335.000	13.686
336.000	13.655
337.000	13.623
338.000	13.591
339.000	13.560
340.000	13.529
341.000	13.527
342.000	13.495
343.000	13.464
344.000	13.433
345.000	13.402
346.000	13.371
347.000	13.340
348.000	13.309
349.000	13.278
350.000	13.247
351.000	13.217
352.000	13.214
353.000	13.184
354.000	13.153
355.000	13.122
356.000	13.092
357.000	13.062
358.000	13.032
359.000	13.002
360.000	12.972
361.000	12.942
362.000	12.913
363.000	12.910
364.000	12.908
365.000	12.906
366.000	12.904
367.000	12.901
368.000	12.899
369.000	12.897
370.000	12.895
371.000	12.892
372.000	12.890
373.000	12.888
374.000	12.885
375.000	12.883
376.000	12.881
377.000	12.879
378.000	12.876
379.000	12.874
380.000	12.872
381.000	12.870
382.000	12.867
383.000	12.865
384.000	12.863
385.000	12.861
386.000	12.858
387.000	12.856
388.000	12.854
389.000	12.852
390.000	12.849
391.000	12.847
392.000	12.845
393.000	12.843
394.000	12.840
395.000	12.807
396.000	12.774
397.000	12.771
398.000	12.738
399.000	12.705
400.000	12.672
401.000	12.639
402.000	12.606
403.000	12.573
404.000	12.541
405.000	12.508
406.000	12.475
407.000	12.443
408.000	12.441
409.000	12.408
410.000	12.376
411.000	12.344
412.000	12.312
413.000	12.280
414.000	12.248
415.000	12.216
416.000	12.184
417.000	12.152
418.000	12.120
419.000	12.118
420.000	12.087
421.000	12.055
422.000	12.024
423.000	11.992
424.000	11.961
425.000	11.930
426.000	11.899
427.000	11.868
428.000	11.837
429.000	11.806
430.000	11.804
431.000	11.773
432.000	11.742
433.000	11.712
434.000	11.681
435.000	11.651
436.000	11.620
437.000	11.590
438.000	11.560
439.000	11.530
440.000	11.500
441.000	11.470
442.000	11.467
443.000	11.437
444.000	11.407
445.000	11.378
446.000	11.348
447.000	11.318
448.000	11.289
449.000	11.259
450.000	11.230
451.000	11.201
452.000	11.171
453.000	11.171
454.000	11.142
455.000	11.113
456.000	11.084
457.000	11.055
458.000	11.026
459.000	10.997
460.000	10.968
461.000	10.940
462.000	10.911
463.000	10.883
464.000	10.883
465.000	10.854
466.000	10.826
467.000	10.797
468.000	10.769
469.000	10.741
470.000	10.713
471.000	10.685
472.000	10.657
473.000	10.629
474.000	10.601
475.000	10.601
476.000	10.573
477.000	10.546
478.000	10.518
479.000	10.490
480.000	10.463
481.000	10.435
482.000	10.408
483.000	10.380
484.000	10.353
485.000	10.326
486.000	10.326
487.000	10.299
488.000	10.272
489.000	10.244
490.000	10.218
491.000	10.191
492.000	10.164
493.000	10.137
494.000	10.110
495.000	10.084
496.000	10.057
497.000	10.057
498.000	10.031
499.000	10.004
500.000	9.978
501.000	9.951
502.000	9.925
503.000	9.899
504.000	9.873
505.000	9.847
506.000	9.847
507.000	9.847
508.000	9.847
509.000	9.847
510.000	9.847
511.000	9.847
512.000	9.847
513.000	9.847
514.000	9.847
515.000	9.847
516.000	9.847
517.000	9.847
518.000	9.847
519.000	9.847
520.000	9.847
521.000	9.847
522.000	9.847
523.000	9.847
524.000	9.847
525.000	9.847
526.000	9.847
527.000	9.847
528.000	9.847
529.000	9.847
530.000	9.847
531.000	9.847
532.000	9.847
533.000	9.847
534.000	9.847
535.000	9.847
536.000	9.847
537.000	9.847
538.000	9.847
539.000	9.847
540.000	9.847
541.000	9.847
542.000	9.847
543.000	9.847
544.000	9.847
545.000	9.847
546.000	9.847
547.000	9.847
548.000	9.847
549.000	9.847
550.000	9.847
551.000	9.847
552.000	9.847
553.000	9.847
554.000	9.847
555.000	9.847
556.000	9.847
557.000	9.847
558.000	9.847
559.000	9.847
560.000	9.847
561.000	9.847
562.000	9.847
563.000	9.847
564.000	9.847
565.000	9.847
566.000	9.847
567.000	9.847
568.000	9.847
569.000	9.847
570.000	9.847
571.000	9.847
572.000	9.847
573.000	9.847
574.000	9.847
575.000	9.847
576.000	9.847
577.000	9.847
578.000	9.847
579.000	9.847
580.000	9.847
581.000	9.847
582.000	9.847
583.000	9.847
584.000	9.847
585.000	9.847
586.000	9.847
587.000	9.847
588.000	9.847
589.000	9.847
590.000	9.847
591.000	9.847
592.000	9.847
593.000	9.847
594.000	9.847
595.000	9.847
596.000	9.847
597.000	9.847
598.000	9.847
599.000	9.847
600.000	9.847
601.000	9.847
602.000	9.847
603.000	9.847
604.000	9.847
605.000	9.847
606.000	9.847
607.000	9.847
608.000	9.847
609.000	9.847
610.000	9.847
611.000	9.847
612.000	9.847
613.000	9.847
614.000	9.847
615.000	9.847
616.000	9.847
617.000	9.847
618.000	9.847
619.000	9.847
620.000	9.847
621.000	9.847
622.000	9.847
623.000	9.847
624.000	9.847
625.000	9.847
626.000	9.825
627.000	9.802
628.000	9.780
629.000	9.758
630.000	9.736
631.000	9.736
632.000	9.714
633.000	9.692
634.000	9.670
635.000	9.649
636.000	9.627
637.000	9.605
638.000	9.583
639.000	9.561
640.000	9.540
641.000	9.518
642.000	9.518
643.000	9.496
644.000	9.475
645.000	9.453
646.000	9.432
647.000	9.410
648.000	9.389
649.000	9.367
650.000	9.345
651.000	9.324
652.000	9.303
653.000	9.281
654.000	9.281
655.000	9.260
656.000	9.239
657.000	9.217
658.000	9.196
659.000	9.175
660.000	9.154
661.000	9.133
662.000	9.111
663.000	9.090
664.000	9.069
665.000	9.069
666.000	9.048
667.000	9.027
668.000	9.006
669.000	8.985
670.000	8.964
671.000	8.943
672.000	8.922
673.000	8.902
674.000	8.881
675.000	8.860
676.000	8.860
677.000	8.839
678.000	8.818
679.000	8.798
680.000	8.777
681.000	8.756
682.000	8.736
683.000	8.715
684.000	8.694
685.000	8.674
686.000	8.653
687.000	8.653
688.000	8.633
689.000	8.612
690.000	8.592
691.000	8.571
692.000	8.551
693.000	8.531
694.000	8.510
695.000	8.490
696.000	8.470
697.000	8.449
698.000	8.449
699.000	8.429
700.000	8.409
701.000	8.388
702.000	8.368
703.000	8.348
704.000	8.328
705.000	8.308
706.000	8.288
707.000	8.268
708.000	8.248
709.000	8.248
710.000	8.228
711.000	8.208
712.000	8.188
713.000	8.168
714.000	8.148
715.000	8.128
716.000	8.108
717.000	8.088
718.000	8.069
719.000	8.049
720.000	8.049
721.000	8.029
722.000	8.009
723.000	7.989
724.000	7.970
725.000	7.950
726.000	7.931
727.000	7.911
728.000	7.891
729.000	7.872
730.000	7.852
731.000	7.833
732.000	7.833
733.000	7.813
734.000	7.794
735.000	7.774
736.000	7.755
737.000	7.736
738.000	7.716
739.000	7.697
740.000	7.678
741.000	7.658
742.000	7.639
743.000	7.639
744.000	7.620
745.000	7.600
746.000	7.581
747.000	7.562
748.000	7.543
749.000	7.524
750.000	7.505
751.000	7.486
752.000	7.467
753.000	7.448
754.000	7.448
755.000	7.428
756.000	7.409
757.000	7.390
758.000	7.371
759.000	7.353
760.000	7.334
761.000	7.315
762.000	7.296
763.000	7.277
764.000	7.258
765.000	7.258
766.000	7.239
767.000	7.221
768.000	7.202
769.000	7.183
770.000	7.164
771.000	7.146
772.000	7.127
773.000	7.108
774.000	7.090
775.000	7.071
776.000	7.071
777.000	7.052
778.000	7.034
779.000	7.015
780.000	6.997
781.000	6.978
782.000	6.978
783.000	6.978
784.000	6.978
785.000	6.978
786.000	6.978
787.000	6.978
788.000	6.978
789.000	6.978
790.000	6.978
791.000	6.978
792.000	6.978
793.000	6.978
794.000	6.978
795.000	6.978
796.000	6.978
797.000	6.978
798.000	6.978
799.000	6.978
800.000	6.978
801.000	6.978
802.000	6.978
803.000	6.978
804.000	6.978
805.000	6.978
806.000	6.978
807.000	6.978
808.000	6.978
809.000	6.978
810.000	6.978
811.000	6.978
812.000	6.978
813.000	6.978
814.000	6.978
815.000	6.978
816.000	6.978
817.000	6.978
818.000	6.978
819.000	6.978
820.000	6.978
821.000	6.978
822.000	6.978
823.000	6.978
824.000	6.978
825.000	6.978
826.000	6.978
827.000	6.978
828.000	6.978
829.000	6.978
830.000	6.978
831.000	6.978
832.000	6.978
833.000	6.978
834.000	6.978
835.000	6.978
836.000	6.978
837.000	6.978
838.000	6.978
839.000	6.978
840.000	6.978
841.000	6.978
842.000	6.978
843.000	6.978
844.000	6.978
845.000	6.978
846.000	6.978
847.000	6.978
848.000	6.978
849.000	6.978
850.000	6.978
851.000	6.978
852.000	6.978
853.000	6.978
854.000	6.978
855.000	6.978
856.000	6.978
857.000	6.978
858.000	6.978
859.000	6.978
860.000	6.978
861.000	6.978
862.000	6.978
863.000	6.978
864.000	6.978
865.000	6.978
866.000	6.978
867.000	6.978
868.000	6.978
869.000	6.978
870.000	6.978
871.000	6.978
872.000	6.978
873.000	6.978
874.000	6.978
875.000	6.978
876.000	6.978
877.000	6.978
878.000	6.978
879.000	6.978
880.000	6.978
881.000	6.978
882.000	6.978
883.000	6.978
884.000	6.978
885.000	6.978
886.000	6.978
887.000	6.978
888.000	6.978
889.000	6.978
890.000	6.978
891.000	6.978
892.000	6.978
893.000	6.978
894.000	6.978
895.000	6.978
896.000	6.978
897.000	6.978
898.000	6.978
899.000	6.978
900.000	6.978
901.000	6.978
902.000	6.978
903.000	6.978
904.000	6.978
905.000	6.978
906.000	6.978
907.000	6.978
908.000	6.978
909.000	6.978
910.000	6.978
911.000	6.978
912.000	6.978
913.000	6.978
914.000	6.978
915.000	6.978
916.000	6.978
917.000	6.978
918.000	6.978
919.000	6.978
920.000	6.978
921.000	6.978
922.000	6.978
923.000	6.978
924.000	6.978
925.000	6.978
926.000	6.978
927.000	6.978
928.000	6.978
929.000	6.978
930.000	6.978
931.000	6.978
932.000	6.978
933.000	6.978
934.000	6.978
935.000	6.978
936.000	6.978
937.000	6.978
938.000	6.978
939.000	6.978
940.000	6.978
941.000	6.978
942.000	6.978
943.000	6.978
944.000	6.978
945.000	6.978
946.000	6.978
947.000	6.978
948.000	6.978
949.000	6.978
950.000	6.978
951.000	6.978
952.000	6.978
953.000	6.978
954.000	6.978
955.000	6.978
956.000	6.978
957.000	6.978
958.000	6.978
959.000	6.978
960.000	6.978
961.000	6.978
962.000	6.978
963.000	6.978
964.000	6.978
965.000	6.978
966.000	6.978
967.000	6.978
968.000	6.978
969.000	6.978
970.000	6.978
971.000	6.978
972.000	6.978
973.000	6.978
974.000	6.978
975.000	6.978
976.000	6.978
977.000	6.978
978.000	6.978
979.000	6.978
980.000	6.978
981.000	6.978
982.000	6.978
983.000	6.978
984.000	6.978
985.000	6.978
986.000	6.978
987.000	6.978
988.000	6.978
989.000	6.978
990.000	6.978
991.000	6.978
992.000	6.978
993.000	6.978
994.000	6.978
995.000	6.978
996.000	6.978
997.000	6.978
998.000	6.978
999.000	6.978
1000.000	6.978
1001.000	6.978
1002.000	6.978
1003.000	6.978
1004.000	6.978
1005.000	6.978
1006.000	6.978
1007.000	6.978
1008.000	6.978
1009.000	6.978
1010.000	6.978
1011.000	6.978
1012.000	6.978
1013.000	6.978
1014.000	6.978
1015.000	6.978
1016.000	6.978
1017.000	6.978
1018.000	6.978
1019.000	6.978
1020.000	6.978
1021.000	6.978
1022.000	6.978
1023.000	6.978
1024.000	6.978
1025.000	6.978
1026.000	6.978
1027.000	6.978
1028.000	6.978
1029.000	6.978
1030.000	6.978
1031.000	6.978
1032.000	6.978
1033.000	6.978
1034.000	6.978
1035.000	6.978
1036.000	6.978
1037.000	6.978
1038.000	6.978
1039.000	6.978
1040.000	6.978
1041.000	6.978
1042.000	6.978
1043.000	6.978
1044.000	6.978
1045.000	6.978
1046.000	6.978
1047.000	6.978
1048.000	6.978
1049.000	6.978
1050.000	6.978
1051.000	6.978
1052.000	6.978
1053.000	6.978
1054.000	6.978
1055.000	6.978
1056.000	6.978
1057.000	6.978
1058.000	6.978
1059.000	6.978
1060.000	6.978
1061.000	6.978
1062.000	6.978
1063.000	6.978
1064.000	6.978
1065.000	6.978
1066.000	6.978
1067.000	6.978
1068.000	6.978
1069.000	6.978
1070.000	6.978
1071.000	6.978
1072.000	6.978
1073.000	6.978
1074.000	6.978
1075.000	6.978
1076.000	6.978
1077.000	6.978
1078.000	6.978
1079.000	6.978
1080.000	6.978
1081.000	6.978
1082.000	6.978
1083.000	6.978
1084.000	6.978
1085.000	6.978
1086.000	6.978
1087.000	6.978
1088.000	6.978
1089.000	6.978
1090.000	6.978
1091.000	6.978
1092.000	6.978
1093.000	6.978
1094.000	6.978
1095.000	6.978
1096.000	6.978
1097.000	6.978
1098.000	6.978
1099.000	6.978
1100.000	6.978
1101.000	6.978
1102.000	6.978
1103.000	6.978
1104.000	6.978
1105.000	6.978
1106.000	6.978
1107.000	6.978
1108.000	6.978
1109.000	6.978
1110.000	6.978
1111.000	6.978
1112.000	6.978
1113.000	6.978
1114.000	6.978
1115.000	6.978
1116.000	6.978
1117.000	6.978
1118.000	6.978
1119.000	6.978
1120.000	6.978
1121.000	6.978
1122.000	6.978
1123.000	6.978
1124.000	6.978
1125.000	6.978
1126.000	6.978
1127.000	6.978
1128.000	6.978
1129.000	6.978
1130.000	6.978
1131.000	6.978
1132.000	6.978
1133.000	6.978
1134.000	6.978
1135.000	6.978
1136.000	6.978
1137.000	6.978
1138.000	6.978
1139.000	6.978
1140.000	6.978
1141.000	6.978
1142.000	6.978
1143.000	6.978
1144.000	6.978
1145.000	6.978
1146.000	6.978
1147.000	6.978
1148.000	6.978
1149.000	6.978
1150.000	6.978
1151.000	6.978
1152.000	6.978
1153.000	6.978
1154.000	6.978
1155.000	6.978
1156.000	6.978
1157.000	6.978
1158.000	6.978
1159.000	6.978
1160.000	6.978
1161.000	6.978
1162.000	6.978
1163.000	6.978
1164.000	6.978
1165.000	6.978
1166.000	6.978
1167.000	6.978
1168.000	6.978
1169.000	6.978
1170.000	6.978
1171.000	6.978
1172.000	6.978
1173.000	6.978
1174.000	6.978
1175.000	6.978
1176.000	6.978
1177.000	6.978
1178.000	6.978
1179.000	6.978
1180.000	6.978
1181.000	6.978
1182.000	6.978
1183.000	6.978
1184.000	6.978
1185.000	6.978
1186.000	6.978
1187.000	6.978
1188.000	6.978
1189.000	6.978
1190.000	6.978
1191.000	6.978
1192.000	6.978
1193.000	6.978
1194.000	6.978
1195.000	6.978
1196.000	6.978
1197.000	6.978
1198.000	6.978
1199.000	6.978
1200.000	6.978
1201.000	6.978
1202.000	6.978
1203.000	6.978
1204.000	6.978
1205.000	6.978
1206.000	6.978
1207.000	6.978
1208.000	6.978
1209.000	6.978
1210.000	6.978
1211.000	6.978
1212.000	6.978
1213.000	6.978
1214.000	6.978
1215.000	6.978
1216.000	6.978
1217.000	6.978
1218.000	6.978
1219.000	6.978
1220.000	6.978
1221.000	6.978
1222.000	6.978
1223.000	6.978
1224.000	6.978
1225.000	6.978
1226.000	6.978
1227.000	6.978
1228.000	6.978
1229.000	6.978
1230.000	6.978
1231.000	6.978
1232.000	6.978
1233.000	6.978
1234.000	6.978
1235.000	6.978
1236.000	6.978
1237.000	6.978
1238.000	6.978
1239.000	6.978
1240.000	6.978
1241.000	6.978
1242.000	6.978
1243.000	6.978
1244.000	6.978
1245.000	6.978
1246.000	6.978
1247.000	6.978
1248.000	6.978
1249.000	6.978
1250.000	6.978
1251.000	6.978
1252.000	6.978
1253.000	6.978
1254.000	6.978
1255.000	6.978
1256.000	6.978
1257.000	6.978
1258.000	6.978
1259.000	6.978
1260.000	6.978
1261.000	6.978
1262.000	6.978
1263.000	6.978
1264.000	6.978
1265.000	6.978
1266.000	6.978
1267.000	6.978
1268.000	6.978
1269.000	6.978
1270.000	6.978
1271.000	6.978
1272.000	6.978
1273.000	6.978
1274.000	6.978
1275.000	6.978
1276.000	6.978
1277.000	6.978
1278.000	6.978
1279.000	6.978
1280.000	6.978
1281.000	6.978
1282.000	6.978
1283.000	6.978
1284.000	6.978
1285.000	6.978
1286.000	6.978
1287.000	6.978
1288.000	6.978
1289.000	6.978
1290.000	6.978
1291.000	6.978
1292.000	6.978
1293.000	6.978
1294.000	6.978
1295.000	6.978
1296.000	6.978
1297.000	6.978
1298.000	6.978
1299.000	6.978
1300.000	6.978
1301.000	6.978
1302.000	6.978
1303.000	6.978
1304.000	6.978
1305.000	6.978
1306.000	6.978
1307.000	6.978
1308.000	6.978
1309.000	6.978
1310.000	6.978
1311.000	6.978
1312.000	6.978
1313.000	6.978
1314.000	6.978
1315.000	6.978
1316.000	6.978
1317.000	6.978
1318.000	6.978
1319.000	6.978
1320.000	6.978
1321.000	6.978
1322.000	6.978
1323.000	6.978
1324.000	6.978
1325.000	6.978
1326.000	6.978
1327.000	6.978
1328.000	6.978
1329.000	6.978
1330.000	6.978
1331.000	6.978
1332.000	6.978
1333.000	6.978
1334.000	6.978
1335.000	6.978
1336.000	6.978
1337.000	6.978
1338.000	6.978
1339.000	6.978
1340.000	6.978
1341.000	6.978
1342.000	6.978
1343.000	6.978
1344.000	6.978
1345.000	6.978
1346.000	6.978
1347.000	6.978
1348.000	6.978
1349.000	6.978
1350.000	6.978
1351.000	6.978
1352.000	6.978
1353.000	6.978
1354.000	6.978
1355.000	6.978
1356.000	6.978
1357.000	6.978
1358.000	6.978
1359.000	6.978
1360.000	6.978
1361.000	6.978
1362.000	6.978
1363.000	6.978
1364.000	6.978
1365.000	6.978
1366.000	6.978
1367.000	6.978
1368.000	6.978
1369.000	6.978
1370.000	6.978
1371.000	6.978
1372.000	6.978
1373.000	6.978
1374.000	6.978
1375.000	6.978
1376.000	6.978
1377.000	6.978
1378.000	6.978
1379.000	6.978
1380.000	6.978
1381.000	6.978
1382.000	6.978
1383.000	6.978
1384.000	6.978
1385.000	6.978
1386.000	6.978
1387.000	6.978
1388.000	6.978
1389.000	6.978
1390.000	6.978
1391.000	6.978
1392.000	6.978
1393.000	6.978
1394.000	6.978
1395.000	6.978
1396.000	6.978
1397.000	6.978
1398.000	6.978
1399.000	6.978
1400.000	6.978
1401.000	6.978
1402.000	6.978
1403.000	6.978
1404.000	6.978
1405.000	6.978
1406.000	6.978
1407.000	6.978
1408.000	6.978
1409.000	6.978
1410.000	6.978
1411.000	6.978
1412.000	6.978
1413.000	6.978
1414.000	6.978
1415.000	6.978
1416.000	6.978
1417.000	6.978
1418.000	6.978
1419.000	6.978
1420.000	6.978
1421.000	6.978
1422.000	6.978
1423.000	6.978
1424.000	6.978
1425.000	6.978
1426.000	6.978
1427.000	6.978
1428.000	6.978
1429.000	6.978
1430.000	6.978
1431.000	6.978
1432.000	6.978
1433.000	6.978
1434.000	6.978
1435.000	6.978
1436.000	6.978
1437.000	6.978
1438.000	6.978
1439.000	6.978
1440.000	6.978
1441.000	6.978
1442.000	6.978
1443.000	6.978
1444.000	6.978
1445.000	6.978
1446.000	6.978
1447.000	6.978
1448.000	6.978
1449.000	6.978
1450.000	6.978
1451.000	6.978
1452.000	6.978
1453.000	6.978
1454.000	6.978
1455.000	6.978
1456.000	6.978
1457.000	6.978
1458.000	6.978
1459.000	6.978
1460.000	6.978
1461.000	6.978
1462.000	6.978
1463.000	6.978
1464.000	6.978
1465.000	6.978
1466.000	6.978
1467.000	6.978
1468.000	6.978
1469.000	6.978
1470.000	6.978
1471.000	6.978
1472.000	6.978
1473.000	6.978
1474.000	6.978
1475.000	6.978
1476.000	6.978
1477.000	6.978
1478.000	6.978
1479.000	6.978
1480.000	6.978
1481.000	6.978
1482.000	6.978
1483.000	6.978
1484.000	6.978
1485.000	6.978
1486.000	6.978
1487.000	6.978
1488.000	6.978
1489.000	6.978
1490.000	6.978
1491.000	6.978
1492.000	6.978
1493.000	6.978
1494.000	6.978
1495.000	6.978
1496.000	6.978
1497.000	6.978
1498.000	6.978
1499.000	6.978
1500.000	6.978
1501.000	6.978
1502.000	6.978
1503.000	6.978
1504.000	6.978
1505.000	6.978
1506.000	6.978
1507.000	6.978
1508.000	6.978
1509.000	6.978
1510.000	6.978
1511.000	6.978
1512.000	6.978
1513.000	6.978
1514.000	6.978
1515.000	6.978
1516.000	6.978
1517.000	6.978
1518.000	6.978
1519.000	6.978
1520.000	6.978
1521.000	6.978
1522.000	6.978
1523.000	6.978
1524.000	6.978
1525.000	6.978
1526.000	6.978
1527.000	6.978
1528.000	6.978
1529.000	6.978
1530.000	6.978
1531.000	6.978
1532.000	6.978
1533.000	6.978
1534.000	6.978
1535.000	6.978
1536.000	6.978
1537.000	6.978
1538.000	6.978
1539.000	6.978
1540.000	6.978
1541.000	6.978
1542.000	6.978
1543.000	6.978
1544.000	6.978
1545.000	6.978
1546.000	6.978
1547.000	6.978
1548.000	6.978
1549.000	6.978
1550.000	6.978
1551.000	6.978
1552.000	6.978
1553.000	6.978
1554.000	6.978
1555.000	6.978
1556.000	6.978
1557.000	6.978
1558.000	6.978
1559.000	6.978
1560.000	6.978
1561.000	6.978
1562.000	6.978
1563.000	6.978
1564.000	6.978
1565.000	6.978
1566.000	6.978
1567.000	6.978
1568.000	6.978
1569.000	6.978
1570.000	6.978
1571.000	6.978
1572.000	6.978
1573.000	6.978
1574.000	6.978
1575.000	6.978
1576.000	6.978
1577.000	6.978
1578.000	6.978
1579.000	6.978
1580.000	6.978
1581.000	6.978
1582.000	6.978
1583.000	6.978
1584.000	6.978
1585.000	6.978
1586.000	6.978
1587.000	6.978
1588.000	6.978
1589.000	6.978
1590.000	6.978
1591.000	6.978
1592.000	6.978
1593.000	6.978
1594.000	6.978
1595.000	6.978
1596.000	6.978
1597.000	6.978
1598.000	6.978
1599.000	6.978
1600.000	6.978
1601.000	6.978
1602.000	6.978
1603.000	6.978
1604.000	6.978
1605.000	6.978
1606.000	6.978
1607.000	6.978
1608.000	6.978
1609.000	6.978
1610.000	6.978
1611.000	6.978
1612.000	6.978
1613.000	6.978
1614.000	6.978
1615.000	6.978
1616.000	6.978
1617.000	6.978
1618.000	6.978
1619.000	6.978
1620.000	6.978
1621.000	6.978
1622.000	6.978
1623.000	6.978
1624.000	6.978
1625.000	6.978
1626.000	6.978
1627.000	6.978
1628.000	6.978
1629.000	6.978
1630.000	6.978
1631.000	6.978
1632.000	6.978
1633.000	6.978
1634.000	6.978
1635.000	6.978
1636.000	6.978
1637.000	6.978
1638.000	6.978
1639.000	6.978
1640.000	6.978
1641.000	6.978
1642.000	6.978
1643.000	6.978
1644.000	6.978
1645.000	6.978
1646.000	6.978
1647.000	6.978
1648.000	6.978
1649.000	6.978
1650.000	6.978
1651.000	6.978
1652.000	6.978
1653.000	6.978
1654.000	6.978
1655.000	6.978
1656.000	6.978
1657.000	6.978
1658.000	6.978
1659.000	6.978
1660.000	6.978
1661.000	6.978
1662.000	6.978
1663.000	6.978
1664.000	6.978
1665.000	6.978
1666.000	6.978
1667.000	6.978
1668.000	6.978
1669.000	6.978
1670.000	6.978
1671.000	6.978
1672.000	6.978
1673.000	6.978
1674.000	6.978
1675.000	6.978
1676.000	6.978
1677.000	6.978
1678.000	6.978
1679.000	6.978
1680.000	6.978
1681.000	6.978
1682.000	6.978
1683.000	6.978
1684.000	6.978
1685.000	6.978
1686.000	6.978
1687.000	6.978
1688.000	6.978
1689.000	6.978
1690.000	6.978
1691.000	6.978
1692.000	6.978
1693.000	6.978
1694.000	6.978
1695.000	6.978
1696.000	6.978
1697.000	6.978
1698.000	6.978
1699.000	6.978
1700.000	6.978
1701.000	6.978
1702.000	6.978
1703.000	6.978
1704.000	6.978
1705.000	6.978
1706.000	6.978
1707.000	6.978
1708.000	6.978
1709.000	6.978
1710.000	6.978
1711.000	6.978
1712.000	6.969
1713.000	6.960
1714.000	6.960
1715.000	6.950
1716.000	6.941
1717.000	6.932
1718.000	6.922
1719.000	6.913
1720.000	6.904
1721.000	6.894
1722.000	6.885
1723.000	6.876
1724.000	6.867
1725.000	6.867
1726.000	6.857
1727.000	6.848
1728.000	6.839
1729.000	6.829
1730.000	6.820
1731.000	6.811
1732.000	6.802
1733.000	6.792
1734.000	6.783
1735.000	6.774
1736.000	6.774
1737.000	6.764
1738.000	6.755
1739.000	6.746
1740.000	6.737
1741.000	6.727
1742.000	6.718
1743.000	6.709
1744.000	6.699
1745.000	6.690
1746.000	6.681
1747.000	6.681
1748.000	6.672
1749.000	6.662
1750.000	6.653
1751.000	6.644
1752.000	6.635
1753.000	6.625
1754.000	6.616
1755.000	6.607
1756.000	6.598
1757.000	6.588
1758.000	6.588
1759.000	6.579
1760.000	6.570
1761.000	6.561
1762.000	6.552
1763.000	6.542
1764.000	6.533
1765.000	6.524
1766.000	6.515
1767.000	6.505
1768.000	6.496
1769.000	6.496
1770.000	6.487
1771.000	6.478
1772.000	6.469
1773.000	6.459
1774.000	6.450
1775.000	6.441
1776.000	6.432
1777.000	6.422
1778.000	6.413
1779.000	6.404
1780.000	6.395
1781.000	6.395
1782.000	6.386
1783.000	6.376
1784.000	6.367
1785.000	6.358
1786.000	6.349
1787.000	6.340
1788.000	6.331
1789.000	6.321
1790.000	6.312
1791.000	6.303
1792.000	6.303
1793.000	6.294
1794.000	6.285
1795.000	6.275
1796.000	6.266
1797.000	6.257
1798.000	6.248
1799.000	6.239
1800.000	6.230
1801.000	6.221
1802.000	6.211
1803.000	6.211
1804.000	6.202
1805.000	6.193
1806.000	6.184
1807.000	6.175
1808.000	6.166
1809.000	6.156
1810.000	6.147
1811.000	6.138
1812.000	6.129
1813.000	6.120
1814.000	6.120
1815.000	6.111
1816.000	6.102
1817.000	6.092
1818.000	6.083
1819.000	6.074
1820.000	6.065
1821.000	6.056
1822.000	6.047
1823.000	6.038
1824.000	6.029
1825.000	6.029
1826.000	6.019
1827.000	6.010
1828.000	6.001
1829.000	5.992
1830.000	5.983
1831.000	5.974
1832.000	5.965
1833.000	5.956
1834.000	5.947
1835.000	5.937
1836.000	5.937
1837.000	5.928
1838.000	5.919
1839.000	5.910
1840.000	5.901
1841.000	5.892
1842.000	5.883
1843.000	5.874
1844.000	5.865
1845.000	5.856
1846.000	5.846
1847.000	5.837
1848.000	5.837
1849.000	5.828
1850.000	5.819
1851.000	5.810
1852.000	5.801
1853.000	5.792
1854.000	5.783
1855.000	5.774
1856.000	5.765
1857.000	5.756
1858.000	5.747
1859.000	5.747
1860.000	5.738
1861.000	5.729
1862.000	5.720
1863.000	5.710
1864.000	5.701
1865.000	5.692
1866.000	5.683
1867.000	5.674
1868.000	5.665
1869.000	5.656
1870.000	5.656
1871.000	5.647
1872.000	5.638
1873.000	5.629
1874.000	5.620
1875.000	5.611
1876.000	5.602
1877.000	5.593
1878.000	5.584
1879.000	5.575
1880.000	5.566
1881.000	5.566
1882.000	5.557
1883.000	5.548
1884.000	5.539
1885.000	5.530
1886.000	5.521
1887.000	5.512
1888.000	5.503
1889.000	5.494
1890.000	5.485
1891.000	5.476
1892.000	5.475
1893.000	5.466
1894.000	5.457
1895.000	5.448
1896.000	5.439
1897.000	5.430
1898.000	5.421
1899.000	5.412
1900.000	5.403
1901.000	5.394
1902.000	5.385
1903.000	5.384
1904.000	5.375
1905.000	5.366
1906.000	5.357
1907.000	5.348
1908.000	5.339
1909.000	5.330
1910.000	5.321
1911.000	5.312
1912.000	5.303
1913.000	5.294
1914.000	5.293
1915.000	5.284
1916.000	5.275
1917.000	5.266
1918.000	5.257
1919.000	5.248
1920.000	5.239
1921.000	5.230
1922.000	5.221
1923.000	5.212
1924.000	5.203
1925.000	5.194
1926.000	5.193
1927.000	5.184
1928.000	5.175
1929.000	5.167
1930.000	5.158
1931.000	5.149
1932.000	5.140
1933.000	5.131
1934.000	5.122
1935.000	5.113
1936.000	5.104
1937.000	5.103
1938.000	5.094
1939.000	5.085
1940.000	5.076
1941.000	5.067
1942.000	5.058
1943.000	5.049
1944.000	5.040
1945.000	5.032
1946.000	5.023
1947.000	5.014
1948.000	5.013
1949.000	5.004
1950.000	4.995
1951.000	4.986
1952.000	4.977
1953.000	4.968
1954.000	4.959
1955.000	4.950
1956.000	4.941
1957.000	4.933
1958.000	4.924
1959.000	4.923
1960.000	4.914
1961.000	4.905
1962.000	4.896
1963.000	4.887
1964.000	4.878
1965.000	4.869
1966.000	4.860
1967.000	4.851
1968.000	4.843
1969.000	4.834
1970.000	4.833
1971.000	4.824
1972.000	4.815
1973.000	4.806
1974.000	4.797
1975.000	4.788
1976.000	4.779
1977.000	4.771
1978.000	4.762
1979.000	4.753
1980.000	4.744
1981.000	4.743
1982.000	4.734
1983.000	4.725
1984.000	4.716
1985.000	4.708
1986.000	4.699
1987.000	4.690
1988.000	4.681
1989.000	4.672
1990.000	4.663
1991.000	4.654
1992.000	4.645
1993.000	4.645
1994.000	4.636
1995.000	4.627
1996.000	4.618
1997.000	4.609
1998.000	4.600
1999.000	4.591
2000.000	4.583
2001.000	4.574
2002.000	4.565
2003.000	4.556
2004.000	4.555
2005.000	4.546
2006.000	4.537
2007.000	4.529
2008.000	4.520
2009.000	4.511
2010.000	4.502
2011.000	4.493
2012.000	4.484
2013.000	4.476
2014.000	4.467
2015.000	4.466
2016.000	4.457
2017.000	4.448
2018.000	4.439
2019.000	4.431
2020.000	4.422
2021.000	4.413
2022.000	4.404
2023.000	4.395
2024.000	4.387
2025.000	4.378
2026.000	4.377
2027.000	4.368
2028.000	4.359
2029.000	4.350
2030.000	4.342
2031.000	4.333
2032.000	4.324
2033.000	4.315
2034.000	4.306
2035.000	4.298
2036.000	4.289
2037.000	4.288
2038.000	4.279
2039.000	4.270
2040.000	4.261
2041.000	4.253
2042.000	4.244
2043.000	4.235
2044.000	4.226
2045.000	4.218
2046.000	4.209
2047.000	4.200
2048.000	4.199
2049.000	4.190
2050.000	4.182
2051.000	4.173
2052.000	4.164
2053.000	4.155
2054.000	4.146
2055.000	4.138
2056.000	4.129
2057.000	4.120
2058.000	4.111
2059.000	4.103
2060.000	4.102
2061.000	4.093
2062.000	4.084
2063.000	4.075
2064.000	4.067
2065.000	4.058
2066.000	4.049
2067.000	4.040
2068.000	4.032
2069.000	4.023
2070.000	4.014
2071.000	4.013
2072.000	4.004
2073.000	3.996
2074.000	3.987
2075.000	3.978
2076.000	3.970
2077.000	3.961
2078.000	3.952
2079.000	3.943
2080.000	3.935
2081.000	3.926
2082.000	3.925
2083.000	3.924
2084.000	3.923
2085.000	3.922
2086.000	3.921
2087.000	3.920
2088.000	3.919
2089.000	3.918
2090.000	3.917
2091.000	3.916
2092.000	3.916
2093.000	3.915
2094.000	3.914
2095.000	3.913
2096.000	3.912
2097.000	3.911
2098.000	3.910
2099.000	3.909
2100.000	3.908
2101.000	3.907
2102.000	3.906
2103.000	3.905
2104.000	3.904
2105.000	3.903
2106.000	3.902
2107.000	3.901
2108.000	3.900
2109.000	3.900
2110.000	3.899
2111.000	3.898
2112.000	3.897
2113.000	3.896
2114.000	3.895
2115.000	3.894
2116.000	3.893
2117.000	3.892
2118.000	3.891
2119.000	3.890
2120.000	3.889
2121.000	3.888
2122.000	3.887
2123.000	3.886
2124.000	3.885
2125.000	3.885
2126.000	3.884
2127.000	3.883
2128.000	3.882
2129.000	3.881
2130.000	3.880
2131.000	3.879
2132.000	3.878
2133.000	3.877
2134.000	3.876
2135.000	3.875
2136.000	3.874
2137.000	3.873
2138.000	3.872
2139.000	3.871
2140.000	3.870
2141.000	3.869
2142.000	3.869
2143.000	3.868
2144.000	3.867
2145.000	3.866
2146.000	3.865
2147.000	3.864
2148.000	3.863
2149.000	3.862
2150.000	3.861
2151.000	3.860
2152.000	3.859
2153.000	3.858
2154.000	3.857
2155.000	3.856
2156.000	3.855
2157.000	3.854
2158.000	3.854
2159.000	3.853
2160.000	3.852
2161.000	3.851
2162.000	3.850
2163.000	3.849
2164.000	3.848
2165.000	3.847
2166.000	3.846
2167.000	3.845
2168.000	3.844
2169.000	3.843
2170.000	3.842
2171.000	3.841
2172.000	3.840
2173.000	3.839
2174.000	3.839
2175.000	3.838
2176.000	3.837
2177.000	3.836
2178.000	3.835
2179.000	3.834
2180.000	3.833
2181.000	3.832
2182.000	3.831
2183.000	3.830
2184.000	3.829
2185.000	3.828
2186.000	3.827
2187.000	3.826
2188.000	3.825
2189.000	3.824
2190.000	3.823
2191.000	3.823
2192.000	3.822
2193.000	3.821
2194.000	3.820
2195.000	3.819
2196.000	3.818
2197.000	3.817
2198.000	3.816
2199.000	3.815
2200.000	3.814
2201.000	3.813
2202.000	3.812
2203.000	3.811
2204.000	3.810
2205.000	3.809
2206.000	3.808
2207.000	3.808
2208.000	3.807
2209.000	3.806
2210.000	3.805
2211.000	3.804
2212.000	3.803
2213.000	3.802
2214.000	3.801
2215.000	3.800
2216.000	3.799
2217.000	3.798
2218.000	3.797
2219.000	3.796
2220.000	3.795
2221.000	3.794
2222.000	3.793
2223.000	3.792
2224.000	3.792
2225.000	3.791
2226.000	3.790
2227.000	3.789
2228.000	3.788
2229.000	3.787
2230.000	3.786
2231.000	3.785
2232.000	3.784
2233.000	3.783
2234.000	3.782
2235.000	3.781
2236.000	3.780
2237.000	3.779
2238.000	3.778
2239.000	3.777
2240.000	3.777
2241.000	3.776
2242.000	3.775
2243.000	3.774
2244.000	3.773
2245.000	3.772
2246.000	3.771
2247.000	3.770
2248.000	3.769
2249.000	3.768
2250.000	3.767
2251.000	3.766
2252.000	3.765
2253.000	3.764
2254.000	3.763
2255.000	3.762
2256.000	3.761
2257.000	3.761
2258.000	3.760
2259.000	3.759
2260.000	3.758
2261.000	3.757
2262.000	3.756
2263.000	3.755
2264.000	3.754
2265.000	3.753
2266.000	3.752
2267.000	3.751
2268.000	3.750
2269.000	3.749
2270.000	3.748
2271.000	3.747
2272.000	3.746
2273.000	3.746
2274.000	3.745
2275.000	3.744
2276.000	3.743
2277.000	3.742
2278.000	3.741
2279.000	3.740
2280.000	3.739
2281.000	3.738
2282.000	3.737
2283.000	3.736
2284.000	3.735
2285.000	3.734
2286.000	3.733
2287.000	3.732
2288.000	3.731
2289.000	3.731
2290.000	3.730
2291.000	3.729
2292.000	3.728
2293.000	3.727
2294.000	3.726
2295.000	3.725
2296.000	3.724
2297.000	3.723
2298.000	3.722
2299.000	3.721
2300.000	3.720
2301.000	3.719
2302.000	3.718
2303.000	3.717
2304.000	3.716
2305.000	3.715
2306.000	3.715
2307.000	3.714
2308.000	3.713
2309.000	3.712
2310.000	3.711
2311.000	3.710
2312.000	3.709
2313.000	3.708
2314.000	3.707
2315.000	3.706
2316.000	3.705
2317.000	3.704
2318.000	3.703
2319.000	3.702
2320.000	3.701
2321.000	3.700
2322.000	3.700
2323.000	3.699
2324.000	3.698
2325.000	3.697
2326.000	3.696
2327.000	3.695
2328.000	3.694
2329.000	3.693
2330.000	3.692
2331.000	3.691
2332.000	3.690
2333.000	3.689
2334.000	3.688
2335.000	3.687
2336.000	3.686
2337.000	3.685
2338.000	3.684
2339.000	3.684
2340.000	3.683
2341.000	3.682
2342.000	3.681
2343.000	3.680
2344.000	3.679
2345.000	3.678
2346.000	3.677
2347.000	3.676
2348.000	3.675
2349.000	3.674
2350.000	3.673
2351.000	3.672
2352.000	3.671
2353.000	3.670
2354.000	3.669
2355.000	3.669
2356.000	3.668
2357.000	3.667
2358.000	3.666
2359.000	3.665
2360.000	3.664
2361.000	3.663
2362.000	3.662
2363.000	3.661
2364.000	3.660
2365.000	3.659
2366.000	3.658
2367.000	3.657
2368.000	3.656
2369.000	3.655
2370.000	3.654
2371.000	3.654
2372.000	3.653
2373.000	3.652
2374.000	3.651
2375.000	3.650
2376.000	3.649
2377.000	3.648
2378.000	3.647
2379.000	3.646
2380.000	3.645
2381.000	3.644
2382.000	3.643
2383.000	3.642
2384.000	3.641
2385.000	3.640
2386.000	3.639
2387.000	3.638
2388.000	3.638
2389.000	3.637
2390.000	3.636
2391.000	3.635
2392.000	3.634
2393.000	3.633
2394.000	3.632
2395.000	3.631
2396.000	3.630
2397.000	3.629
2398.000	3.628
2399.000	3.627
2400.000	3.626
2401.000	3.625
2402.000	3.624
2403.000	3.623
2404.000	3.623
2405.000	3.622
2406.000	3.621
2407.000	3.620
2408.000	3.619
2409.000	3.618
2410.000	3.617
2411.000	3.616
2412.000	3.615
2413.000	3.614
2414.000	3.613
2415.000	3.612
2416.000	3.611
2417.000	3.610
2418.000	3.609
2419.000	3.608
2420.000	3.607
2421.000	3.607
2422.000	3.606
2423.000	3.605
2424.000	3.604
2425.000	3.603
2426.000	3.602
2427.000	3.601
2428.000	3.600
2429.000	3.599
2430.000	3.598
2431.000	3.597
2432.000	3.596
2433.000	3.595
2434.000	3.594
2435.000	3.593
2436.000	3.592
2437.000	3.592
2438.000	3.591
2439.000	3.590
2440.000	3.589
2441.000	3.588
2442.000	3.587
2443.000	3.586
2444.000	3.585
2445.000	3.584
2446.000	3.583
2447.000	3.582
2448.000	3.581
2449.000	3.580
2450.000	3.579
2451.000	3.578
2452.000	3.577
2453.000	3.576
2454.000	3.576
2455.000	3.575
2456.000	3.574
2457.000	3.573
2458.000	3.572
2459.000	3.571
2460.000	3.570
2461.000	3.569
2462.000	3.568
2463.000	3.567
2464.000	3.566
2465.000	3.565
2466.000	3.564
2467.000	3.563
2468.000	3.562
2469.000	3.561
2470.000	3.561
2471.000	3.560
2472.000	3.559
2473.000	3.558
2474.000	3.557
2475.000	3.556
2476.000	3.555
2477.000	3.554
2478.000	3.553
2479.000	3.552
2480.000	3.551
2481.000	3.550
2482.000	3.549
2483.000	3.548
2484.000	3.547
2485.000	3.546
2486.000	3.546
2487.000	3.545
2488.000	3.544
2489.000	3.543
2490.000	3.542
2491.000	3.541
2492.000	3.540
2493.000	3.539
2494.000	3.538
2495.000	3.537
2496.000	3.536
2497.000	3.535
2498.000	3.534
2499.000	3.533
2500.000	3.532
2501.000	3.531
2502.000	3.530
2503.000	3.530
2504.000	3.529
2505.000	3.528
2506.000	3.527
2507.000	3.526
2508.000	3.525
2509.000	3.524
2510.000	3.523
2511.000	3.522
2512.000	3.521
2513.000	3.520
2514.000	3.519
2515.000	3.518
2516.000	3.517
2517.000	3.516
2518.000	3.515
2519.000	3.515
2520.000	3.514
2521.000	3.513
2522.000	3.512
2523.000	3.511
2524.000	3.510
2525.000	3.509
2526.000	3.508
2527.000	3.507
2528.000	3.506
2529.000	3.505
2530.000	3.504
2531.000	3.503
2532.000	3.502
2533.000	3.501
2534.000	3.500
2535.000	3.499
2536.000	3.499
2537.000	3.498
2538.000	3.497
2539.000	3.496
2540.000	3.495
2541.000	3.494
2542.000	3.493
2543.000	3.492
2544.000	3.491
2545.000	3.490
2546.000	3.489
2547.000	3.488
2548.000	3.487
2549.000	3.486
2550.000	3.485
2551.000	3.484
2552.000	3.484
2553.000	3.483
2554.000	3.482
2555.000	3.481
2556.000	3.480
2557.000	3.479
2558.000	3.478
2559.000	3.477
2560.000	3.476
2561.000	3.475
2562.000	3.474
2563.000	3.473
2564.000	3.472
2565.000	3.471
2566.000	3.470
2567.000	3.469
2568.000	3.468
2569.000	3.468
2570.000	3.467
2571.000	3.466
2572.000	3.465
2573.000	3.464
2574.000	3.463
2575.000	3.462
2576.000	3.461
2577.000	3.460
2578.000	3.459
2579.000	3.458
2580.000	3.457
2581.000	3.456
2582.000	3.455
2583.000	3.454
2584.000	3.453
2585.000	3.453
2586.000	3.452
2587.000	3.451
2588.000	3.450
2589.000	3.449
2590.000	3.448
2591.000	3.447
2592.000	3.446
2593.000	3.445
2594.000	3.444
2595.000	3.443
2596.000	3.442
2597.000	3.441
2598.000	3.440
2599.000	3.439
2600.000	3.438
2601.000	3.438
2602.000	3.437
2603.000	3.436
2604.000	3.435
2605.000	3.434
2606.000	3.433
2607.000	3.432
2608.000	3.431
2609.000	3.430
2610.000	3.429
2611.000	3.428
2612.000	3.427
2613.000	3.426
2614.000	3.425
2615.000	3.424
2616.000	3.423
2617.000	3.422
2618.000	3.422
2619.000	3.421
2620.000	3.420
2621.000	3.419
2622.000	3.418
2623.000	3.417
2624.000	3.416
2625.000	3.415
2626.000	3.414
2627.000	3.413
2628.000	3.412
2629.000	3.411
2630.000	3.410
2631.000	3.409
2632.000	3.408
2633.000	3.407
2634.000	3.407
2635.000	3.406
2636.000	3.405
2637.000	3.404
2638.000	3.403
2639.000	3.402
2640.000	3.401
2641.000	3.400
2642.000	3.399
2643.000	3.398
2644.000	3.397
2645.000	3.396
2646.000	3.395
2647.000	3.394
2648.000	3.393
2649.000	3.392
2650.000	3.391
2651.000	3.391
2652.000	3.390
2653.000	3.389
2654.000	3.388
2655.000	3.387
2656.000	3.386
2657.000	3.385
2658.000	3.384
2659.000	3.383
2660.000	3.382
2661.000	3.381
2662.000	3.380
2663.000	3.379
2664.000	3.378
2665.000	3.377
2666.000	3.376
2667.000	3.376
2668.000	3.375
2669.000	3.374
2670.000	3.373
2671.000	3.372
2672.000	3.371
2673.000	3.370
2674.000	3.369
2675.000	3.368
2676.000	3.367
2677.000	3.366
2678.000	3.365
2679.000	3.364
2680.000	3.363
2681.000	3.362
2682.000	3.361
2683.000	3.360
2684.000	3.360
2685.000	3.359
2686.000	3.358
2687.000	3.357
2688.000	3.356
2689.000	3.355
2690.000	3.354
2691.000	3.353
2692.000	3.352
2693.000	3.351
2694.000	3.350
2695.000	3.349
2696.000	3.348
2697.000	3.347
2698.000	3.346
2699.000	3.345
2700.000	3.345
2701.000	3.344
2702.000	3.343
2703.000	3.342
2704.000	3.341
2705.000	3.340
2706.000	3.339
2707.000	3.338
2708.000	3.337
2709.000	3.336
2710.000	3.335
2711.000	3.334
2712.000	3.333
2713.000	3.332
2714.000	3.331
2715.000	3.330
2716.000	3.330
2717.000	3.329
2718.000	3.328
2719.000	3.327
2720.000	3.326
2721.000	3.325
2722.000	3.324
2723.000	3.323
2724.000	3.322
2725.000	3.321
2726.000	3.320
2727.000	3.319
2728.000	3.318
2729.000	3.317
2730.000	3.316
2731.000	3.315
2732.000	3.314
2733.000	3.314
2734.000	3.313
2735.000	3.312
2736.000	3.311
2737.000	3.310
2738.000	3.309
2739.000	3.308
2740.000	3.307
2741.000	3.306
2742.000	3.305
2743.000	3.304
2744.000	3.303
2745.000	3.302
2746.000	3.301
2747.000	3.300
2748.000	3.299
2749.000	3.299
2750.000	3.298
2751.000	3.297
2752.000	3.296
2753.000	3.295
2754.000	3.294
2755.000	3.293
2756.000	3.292
2757.000	3.291
2758.000	3.290
2759.000	3.289
2760.000	3.288
2761.000	3.287
2762.000	3.286
2763.000	3.285
2764.000	3.284
2765.000	3.283
2766.000	3.283
2767.000	3.282
2768.000	3.281
2769.000	3.280
2770.000	3.279
2771.000	3.278
2772.000	3.277
2773.000	3.276
2774.000	3.275
2775.000	3.274
2776.000	3.273
2777.000	3.272
2778.000	3.271
2779.000	3.270
2780.000	3.269
2781.000	3.268
2782.000	3.268
2783.000	3.267
2784.000	3.266
2785.000	3.265
2786.000	3.264
2787.000	3.263
2788.000	3.262
2789.000	3.261
2790.000	3.260
2791.000	3.259
2792.000	3.258
2793.000	3.257
2794.000	3.256
2795.000	3.255
2796.000	3.254
2797.000	3.253
2798.000	3.252
2799.000	3.252
2800.000	3.251
2801.000	3.250
2802.000	3.249
2803.000	3.248
2804.000	3.247
2805.000	3.246
2806.000	3.245
2807.000	3.244
2808.000	3.243
2809.000	3.242
2810.000	3.241
2811.000	3.240
2812.000	3.239
2813.000	3.238
2814.000	3.237
2815.000	3.237
2816.000	3.236
2817.000	3.235
2818.000	3.234
2819.000	3.233
2820.000	3.232
2821.000	3.231
2822.000	3.230
2823.000	3.229
2824.000	3.228
2825.000	3.227
2826.000	3.226
2827.000	3.225
2828.000	3.224
2829.000	3.223
2830.000	3.222
2831.000	3.222
2832.000	3.221
2833.000	3.220
2834.000	3.219
2835.000	3.218
2836.000	3.217
2837.000	3.216
2838.000	3.215
2839.000	3.214
2840.000	3.213
2841.000	3.212
2842.000	3.211
2843.000	3.210
2844.000	3.209
2845.000	3.208
2846.000	3.207
2847.000	3.206
2848.000	3.206
2849.000	3.205
2850.000	3.204
2851.000	3.203
2852.000	3.202
2853.000	3.201
2854.000	3.200
2855.000	3.199
2856.000	3.198
2857.000	3.197
2858.000	3.196
2859.000	3.195
2860.000	3.194
2861.000	3.193
2862.000	3.192
2863.000	3.191
2864.000	3.191
2865.000	3.190
2866.000	3.189
2867.000	3.188
2868.000	3.187
2869.000	3.186
2870.000	3.185
2871.000	3.184
2872.000	3.183
2873.000	3.182
2874.000	3.181
2875.000	3.180
2876.000	3.179
2877.000	3.178
2878.000	3.177
2879.000	3.176
2880.000	3.175
2881.000	3.175
2882.000	3.174
2883.000	3.173
2884.000	3.172
2885.000	3.171
2886.000	3.170
2887.000	3.169
2888.000	3.168
2889.000	3.167
2890.000	3.166
2891.000	3.165
2892.000	3.164
2893.000	3.163
2894.000	3.162
2895.000	3.161
2896.000	3.160
2897.000	3.160
2898.000	3.159
2899.000	3.158
2900.000	3.157
2901.000	3.156
2902.000	3.155
2903.000	3.154
2904.000	3.153
2905.000	3.152
2906.000	3.151
2907.000	3.150
2908.000	3.149
2909.000	3.148
2910.000	3.147
2911.000	3.146
2912.000	3.145
2913.000	3.145
2914.000	3.144
2915.000	3.143
2916.000	3.142
2917.000	3.141
2918.000	3.140
2919.000	3.139
2920.000	3.138
2921.000	3.137
2922.000	3.136
2923.000	3.135
2924.000	3.134
2925.000	3.133
2926.000	3.132
2927.000	3.131
2928.000	3.130
2929.000	3.129
2930.000	3.129
2931.000	3.128
2932.000	3.127
2933.000	3.126
2934.000	3.125
2935.000	3.124
2936.000	3.123
2937.000	3.122
2938.000	3.121
2939.000	3.120
2940.000	3.119
2941.000	3.118
2942.000	3.117
2943.000	3.116
2944.000	3.115
2945.000	3.114
2946.000	3.114
2947.000	3.113
2948.000	3.112
2949.000	3.111
2950.000	3.110
2951.000	3.109
2952.000	3.108
2953.000	3.107
2954.000	3.106
2955.000	3.105
2956.000	3.104
2957.000	3.103
2958.000	3.102
2959.000	3.101
2960.000	3.100
2961.000	3.099
2962.000	3.098
2963.000	3.098
2964.000	3.097
2965.000	3.096
2966.000	3.095
2967.000	3.094
2968.000	3.093
2969.000	3.092
2970.000	3.091
2971.000	3.090
2972.000	3.089
2973.000	3.088
2974.000	3.087
2975.000	3.086
2976.000	3.085
2977.000	3.084
2978.000	3.083
2979.000	3.083
2980.000	3.082
2981.000	3.081
2982.000	3.080
2983.000	3.079
2984.000	3.078
2985.000	3.077
2986.000	3.076
2987.000	3.075
2988.000	3.074
2989.000	3.073
2990.000	3.072
2991.000	3.071
2992.000	3.070
2993.000	3.069
2994.000	3.068
2995.000	3.067
2996.000	3.067
2997.000	3.066
2998.000	3.065
2999.000	3.064
3000.000	3.063
3001.000	3.062
3002.000	3.061
3003.000	3.060
3004.000	3.059
3005.000	3.058
3006.000	3.057
3007.000	3.056
3008.000	3.055
3009.000	3.054
3010.000	3.053
3011.000	3.052
3012.000	3.052
3013.000	3.051
3014.000	3.050
3015.000	3.049
3016.000	3.048
3017.000	3.047
3018.000	3.046
3019.000	3.045
3020.000	3.044
3021.000	3.043
3022.000	3.042
3023.000	3.041
3024.000	3.040
3025.000	3.039
3026.000	3.038
3027.000	3.037
3028.000	3.037
3029.000	3.036
3030.000	3.035
3031.000	3.034
3032.000	3.033
3033.000	3.032
3034.000	3.031
3035.000	3.030
3036.000	3.029
3037.000	3.028
3038.000	3.027
3039.000	3.026
3040.000	3.025
3041.000	3.024
3042.000	3.023
3043.000	3.022
3044.000	3.021
3045.000	3.021
3046.000	3.020
3047.000	3.019
3048.000	3.018
3049.000	3.017
3050.000	3.016
3051.000	3.015
3052.000	3.014
3053.000	3.013
3054.000	3.012
3055.000	3.011
3056.000	3.010
3057.000	3.009
3058.000	3.008
3059.000	3.007
3060.000	3.006
3061.000	3.006
3062.000	3.005
3063.000	3.004
3064.000	3.003
3065.000	3.002
3066.000	3.001
3067.000	3.000
3068.000	2.999
3069.000	2.998
3070.000	2.997
3071.000	2.996
3072.000	2.995
3073.000	2.994
3074.000	2.993
3075.000	2.992
3076.000	2.991
3077.000	2.990
3078.000	2.990
3079.000	2.989
3080.000	2.988
3081.000	2.987
3082.000	2.986
3083.000	2.985
3084.000	2.984
3085.000	2.983
3086.000	2.982
3087.000	2.981
3088.000	2.980
3089.000	2.979
3090.000	2.978
3091.000	2.977
3092.000	2.976
3093.000	2.975
3094.000	2.975
3095.000	2.974
3096.000	2.973
3097.000	2.972
3098.000	2.971
3099.000	2.970
3100.000	2.969
3101.000	2.968
3102.000	2.967
3103.000	2.966
3104.000	2.965
3105.000	2.964
3106.000	2.963
3107.000	2.962
3108.000	2.961
3109.000	2.960
3110.000	2.959
3111.000	2.959
3112.000	2.958
3113.000	2.957
3114.000	2.956
3115.000	2.955
3116.000	2.954
3117.000	2.953
3118.000	2.952
3119.000	2.951
3120.000	2.950
3121.000	2.949
3122.000	2.948
3123.000	2.947
3124.000	2.946
3125.000	2.945
3126.000	2.944
3127.000	2.944
3128.000	2.943
3129.000	2.942
3130.000	2.941
3131.000	2.940
3132.000	2.939
3133.000	2.938
3134.000	2.937
3135.000	2.936
3136.000	2.935
3137.000	2.934
3138.000	2.933
3139.000	2.932
3140.000	2.931
3141.000	2.930
3142.000	2.929
3143.000	2.929
3144.000	2.928
3145.000	2.927
3146.000	2.926
3147.000	2.925
3148.000	2.924
3149.000	2.923
3150.000	2.922
3151.000	2.921
3152.000	2.920
3153.000	2.919
3154.000	2.918
3155.000	2.917
3156.000	2.916
3157.000	2.915
3158.000	2.914
3159.000	2.913
3160.000	2.913
3161.000	2.912
3162.000	2.911
3163.000	2.910
3164.000	2.909
3165.000	2.908
3166.000	2.907
3167.000	2.906
3168.000	2.905
3169.000	2.904
3170.000	2.903
3171.000	2.902
3172.000	2.901
3173.000	2.900
3174.000	2.899
3175.000	2.898
3176.000	2.898
3177.000	2.897
3178.000	2.896
3179.000	2.895
3180.000	2.894
3181.000	2.893
3182.000	2.892
3183.000	2.891
3184.000	2.890
3185.000	2.889
3186.000	2.888
3187.000	2.887
3188.000	2.886
3189.000	2.885
3190.000	2.884
3191.000	2.883
3192.000	2.882
3193.000	2.882
3194.000	2.881
3195.000	2.880
3196.000	2.879
3197.000	2.878
3198.000	2.877
3199.000	2.876
3200.000	2.875
3201.000	2.874
3202.000	2.873
3203.000	2.872
3204.000	2.871
3205.000	2.870
3206.000	2.869
3207.000	2.868
3208.000	2.867
3209.000	2.867
3210.000	2.866
3211.000	2.865
3212.000	2.864
3213.000	2.863
3214.000	2.862
3215.000	2.861
3216.000	2.860
3217.000	2.859
3218.000	2.858
3219.000	2.857
3220.000	2.856
3221.000	2.855
3222.000	2.854
3223.000	2.853
3224.000	2.852
3225.000	2.851
3226.000	2.851
3227.000	2.850
3228.000	2.849
3229.000	2.848
3230.000	2.847
3231.000	2.846
3232.000	2.845
3233.000	2.844
3234.000	2.843
3235.000	2.842
3236.000	2.841
3237.000	2.840
3238.000	2.839
3239.000	2.838
3240.000	2.837
3241.000	2.836
3242.000	2.836
3243.000	2.835
3244.000	2.834
3245.000	2.833
3246.000	2.832
3247.000	2.831
3248.000	2.830
3249.000	2.829
3250.000	2.828
3251.000	2.827
3252.000	2.826
3253.000	2.825
3254.000	2.824
3255.000	2.823
3256.000	2.822
3257.000	2.821
3258.000	2.821
3259.000	2.820
3260.000	2.819
3261.000	2.818
3262.000	2.817
3263.000	2.816
3264.000	2.815
3265.000	2.814
3266.000	2.813
3267.000	2.812
3268.000	2.811
3269.000	2.810
3270.000	2.809
3271.000	2.808
3272.000	2.807
3273.000	2.806
3274.000	2.805
3275.000	2.805
3276.000	2.804
3277.000	2.803
3278.000	2.802
3279.000	2.801
3280.000	2.800
3281.000	2.799
3282.000	2.798
3283.000	2.797
3284.000	2.796
3285.000	2.795
3286.000	2.794
3287.000	2.793
3288.000	2.792
3289.000	2.791
3290.000	2.790
3291.000	2.790
3292.000	2.789
3293.000	2.788
3294.000	2.787
3295.000	2.786
3296.000	2.785
3297.000	2.784
3298.000	2.783
3299.000	2.782
3300.000	2.781
3301.000	2.780
3302.000	2.779
3303.000	2.778
3304.000	2.777
3305.000	2.776
3306.000	2.775
3307.000	2.774
3308.000	2.774
3309.000	2.773
3310.000	2.772
3311.000	2.771
3312.000	2.770
3313.000	2.769
3314.000	2.768
3315.000	2.767
3316.000	2.766
3317.000	2.765
3318.000	2.764
3319.000	2.763
3320.000	2.762
3321.000	2.761
3322.000	2.760
3323.000	2.759
3324.000	2.759
3325.000	2.758
3326.000	2.757
3327.000	2.756
3328.000	2.755
3329.000	2.754
3330.000	2.753
3331.000	2.752
3332.000	2.751
3333.000	2.750
3334.000	2.749
3335.000	2.748
3336.000	2.747
3337.000	2.746
3338.000	2.745
3339.000	2.744
3340.000	2.743
3341.000	2.743
3342.000	2.742
3343.000	2.741
3344.000	2.740
3345.000	2.739
3346.000	2.738
3347.000	2.737
3348.000	2.736
3349.000	2.735
3350.000	2.734
3351.000	2.733
3352.000	2.732
3353.000	2.731
3354.000	2.730
3355.000	2.729
3356.000	2.728
3357.000	2.728
3358.000	2.727
3359.000	2.726
3360.000	2.725
3361.000	2.724
3362.000	2.723
3363.000	2.722
3364.000	2.721
3365.000	2.720
3366.000	2.719
3367.000	2.718
3368.000	2.717
3369.000	2.716
3370.000	2.715
3371.000	2.714
3372.000	2.713
3373.000	2.713
3374.000	2.712
3375.000	2.711
3376.000	2.710
3377.000	2.709
3378.000	2.708
3379.000	2.707
3380.000	2.706
3381.000	2.705
3382.000	2.704
3383.000	2.703
3384.000	2.702
3385.000	2.701
3386.000	2.700
3387.000	2.699
3388.000	2.698
3389.000	2.697
3390.000	2.697
3391.000	2.696
3392.000	2.695
3393.000	2.694
3394.000	2.693
3395.000	2.692
3396.000	2.691
3397.000	2.690
3398.000	2.689
3399.000	2.688
3400.000	2.687
3401.000	2.686
3402.000	2.685
3403.000	2.684
3404.000	2.683
3405.000	2.682
3406.000	2.682
3407.000	2.681
3408.000	2.680
3409.000	2.679
3410.000	2.678
3411.000	2.677
3412.000	2.676
3413.000	2.675
3414.000	2.674
3415.000	2.673
3416.000	2.672
3417.000	2.671
3418.000	2.670
3419.000	2.669
3420.000	2.668
3421.000	2.667
3422.000	2.666
3423.000	2.666
3424.000	2.665
3425.000	2.664
3426.000	2.663
3427.000	2.662
3428.000	2.661
3429.000	2.660
3430.000	2.659
3431.000	2.658
3432.000	2.657
3433.000	2.656
3434.000	2.655
3435.000	2.654
3436.000	2.653
3437.000	2.652
3438.000	2.651
3439.000	2.651
3440.000	2.650
3441.000	2.649
3442.000	2.648
3443.000	2.647
3444.000	2.646
3445.000	2.645
3446.000	2.644
3447.000	2.643
3448.000	2.642
3449.000	2.641
3450.000	2.640
3451.000	2.639
3452.000	2.638
3453.000	2.637
3454.000	2.636
3455.000	2.636
3456.000	2.635
3457.000	2.634
3458.000	2.633
3459.000	2.632
3460.000	2.631
3461.000	2.630
3462.000	2.629
3463.000	2.628
3464.000	2.627
3465.000	2.626
3466.000	2.625
3467.000	2.624
3468.000	2.623
3469.000	2.622
3470.000	2.621
3471.000	2.620
3472.000	2.620
3473.000	2.619
3474.000	2.618
3475.000	2.617
3476.000	2.616
3477.000	2.615
3478.000	2.614
3479.000	2.613
3480.000	2.612
3481.000	2.611
3482.000	2.610
3483.000	2.609
3484.000	2.608
3485.000	2.607
3486.000	2.606
3487.000	2.605
3488.000	2.605
3489.000	2.604
3490.000	2.603
3491.000	2.602
3492.000	2.601
3493.000	2.600
3494.000	2.599
3495.000	2.598
3496.000	2.597
3497.000	2.596
3498.000	2.595
3499.000	2.594
3500.000	2.593
3501.000	2.592
3502.000	2.591
3503.000	2.590
3504.000	2.589
3505.000	2.589
3506.000	2.588
3507.000	2.587
3508.000	2.586
3509.000	2.585
3510.000	2.584
3511.000	2.583
3512.000	2.582
3513.000	2.581
3514.000	2.580
3515.000	2.579
3516.000	2.578
3517.000	2.577
3518.000	2.576
3519.000	2.575
3520.000	2.574
3521.000	2.574
3522.000	2.573
3523.000	2.572
3524.000	2.571
3525.000	2.570
3526.000	2.569
3527.000	2.568
3528.000	2.567
3529.000	2.566
3530.000	2.565
3531.000	2.564
3532.000	2.563
3533.000	2.562
3534.000	2.561
3535.000	2.560
3536.000	2.559
3537.000	2.558
3538.000	2.558
3539.000	2.557
3540.000	2.556
3541.000	2.555
3542.000	2.554
3543.000	2.553
3544.000	2.552
3545.000	2.551
3546.000	2.550
3547.000	2.549
3548.000	2.548
3549.000	2.547
3550.000	2.546
3551.000	2.545
3552.000	2.544
3553.000	2.543
3554.000	2.543
3555.000	2.542
3556.000	2.541
3557.000	2.540
3558.000	2.539
3559.000	2.538
3560.000	2.537
3561.000	2.536
3562.000	2.535
3563.000	2.534
3564.000	2.533
3565.000	2.532
3566.000	2.531
3567.000	2.530
3568.000	2.529
3569.000	2.528
3570.000	2.528
3571.000	2.527
3572.000	2.526
3573.000	2.525
3574.000	2.524
3575.000	2.523
3576.000	2.522
3577.000	2.521
3578.000	2.520
3579.000	2.519
3580.000	2.518
3581.000	2.517
3582.000	2.516
3583.000	2.515
3584.000	2.514
3585.000	2.513
3586.000	2.512
3587.000	2.512
3588.000	2.511
3589.000	2.510
3590.000	2.509
3591.000	2.508
3592.000	2.507
3593.000	2.506
3594.000	2.505
3595.000	2.504
3596.000	2.503
3597.000	2.502
3598.000	2.501
3599.000	2.500
3600.000	2.499
3601.000	2.498
3602.000	2.497
3603.000	2.497
3604.000	2.496
3605.000	2.495
3606.000	2.494
3607.000	2.493
3608.000	2.492
3609.000	2.491
3610.000	2.490
3611.000	2.489
3612.000	2.488
3613.000	2.487
3614.000	2.486
3615.000	2.485
3616.000	2.484
3617.000	2.483
3618.000	2.482
3619.000	2.481
3620.000	2.481
3621.000	2.480
3622.000	2.479
3623.000	2.478
3624.000	2.477
3625.000	2.476
3626.000	2.475
3627.000	2.474
3628.000	2.473
3629.000	2.472
3630.000	2.471
3631.000	2.470
3632.000	2.469
3633.000	2.468
3634.000	2.467
3635.000	2.466
3636.000	2.466
3637.000	2.465
3638.000	2.464
3639.000	2.463
3640.000	2.462
3641.000	2.461
3642.000	2.460
3643.000	2.459
3644.000	2.458
3645.000	2.457
3646.000	2.456
3647.000	2.455
3648.000	2.454
3649.000	2.453
3650.000	2.452
3651.000	2.451
3652.000	2.450
3653.000	2.450
3654.000	2.449
3655.000	2.448
3656.000	2.447
3657.000	2.446
3658.000	2.445
3659.000	2.444
3660.000	2.443
3661.000	2.442
3662.000	2.441
3663.000	2.440
3664.000	2.439
3665.000	2.438
3666.000	2.437
3667.000	2.436
3668.000	2.435
3669.000	2.435
3670.000	2.434
3671.000	2.433
3672.000	2.432
3673.000	2.431
3674.000	2.430
3675.000	2.429
3676.000	2.428
3677.000	2.427
3678.000	2.426
3679.000	2.425
3680.000	2.424
3681.000	2.423
3682.000	2.422
3683.000	2.421
3684.000	2.420
3685.000	2.420
3686.000	2.419
3687.000	2.418
3688.000	2.417
3689.000	2.416
3690.000	2.415
3691.000	2.414
3692.000	2.413
3693.000	2.412
3694.000	2.411
3695.000	2.410
3696.000	2.409
3697.000	2.408
3698.000	2.407
3699.000	2.406
3700.000	2.405
3701.000	2.404
3702.000	2.404
3703.000	2.403
3704.000	2.402
3705.000	2.401
3706.000	2.400
3707.000	2.399
3708.000	2.398
3709.000	2.397
3710.000	2.396
3711.000	2.395
3712.000	2.394
3713.000	2.393
3714.000	2.392
3715.000	2.391
3716.000	2.390
3717.000	2.389
3718.000	2.389
3719.000	2.388
3720.000	2.387
3721.000	2.386
3722.000	2.385
3723.000	2.384
3724.000	2.383
3725.000	2.382
3726.000	2.381
3727.000	2.380
3728.000	2.379
3729.000	2.378
3730.000	2.377
3731.000	2.376
3732.000	2.375
3733.000	2.374
3734.000	2.373
3735.000	2.373
3736.000	2.372
3737.000	2.371
3738.000	2.370
3739.000	2.369
3740.000	2.368
3741.000	2.367
3742.000	2.366
3743.000	2.365
3744.000	2.364
3745.000	2.363
3746.000	2.362
3747.000	2.361
3748.000	2.360
3749.000	2.359
3750.000	2.358
3751.000	2.358
3752.000	2.357
3753.000	2.356
3754.000	2.355
3755.000	2.354
3756.000	2.353
3757.000	2.352
3758.000	2.351
3759.000	2.350
3760.000	2.349
3761.000	2.348
3762.000	2.347
3763.000	2.346
3764.000	2.345
3765.000	2.344
3766.000	2.343
3767.000	2.342
3768.000	2.342
3769.000	2.341
3770.000	2.340
3771.000	2.339
3772.000	2.338
3773.000	2.337
3774.000	2.336
3775.000	2.335
3776.000	2.334
3777.000	2.333
3778.000	2.332
3779.000	2.331
3780.000	2.330
3781.000	2.329
3782.000	2.328
3783.000	2.327
3784.000	2.327
3785.000	2.326
3786.000	2.325
3787.000	2.324
3788.000	2.323
3789.000	2.322
3790.000	2.321
3791.000	2.320
3792.000	2.319
3793.000	2.318
3794.000	2.317
3795.000	2.316
3796.000	2.315
3797.000	2.314
3798.000	2.313
3799.000	2.312
3800.000	2.312
3801.000	2.311
3802.000	2.310
3803.000	2.309
3804.000	2.308
3805.000	2.307
3806.000	2.306
3807.000	2.305
3808.000	2.304
3809.000	2.303
3810.000	2.302
3811.000	2.301
3812.000	2.300
3813.000	2.299
3814.000	2.298
3815.000	2.297
3816.000	2.296
3817.000	2.296
3818.000	2.295
3819.000	2.294
3820.000	2.293
3821.000	2.292
3822.000	2.291
3823.000	2.290
3824.000	2.289
3825.000	2.288
3826.000	2.287
3827.000	2.286
3828.000	2.285
3829.000	2.284
3830.000	2.283
3831.000	2.282
3832.000	2.281
3833.000	2.281
3834.000	2.280
3835.000	2.279
3836.000	2.278
3837.000	2.277
3838.000	2.276
3839.000	2.275
3840.000	2.274
3841.000	2.273
3842.000	2.272
3843.000	2.271
3844.000	2.270
3845.000	2.269
3846.000	2.268
3847.000	2.267
3848.000	2.266
3849.000	2.265
3850.000	2.265
3851.000	2.264
3852.000	2.263
3853.000	2.262
3854.000	2.261
3855.000	2.260
3856.000	2.259
3857.000	2.258
3858.000	2.257
3859.000	2.256
3860.000	2.255
3861.000	2.254
3862.000	2.253
3863.000	2.252
3864.000	2.251
3865.000	2.250
3866.000	2.250
3867.000	2.249
3868.000	2.248
3869.000	2.247
3870.000	2.246
3871.000	2.245
3872.000	2.244
3873.000	2.243
3874.000	2.242
3875.000	2.241
3876.000	2.240
3877.000	2.239
3878.000	2.238
3879.000	2.237
3880.000	2.236
3881.000	2.235
3882.000	2.234
3883.000	2.234
3884.000	2.233
3885.000	2.232
3886.000	2.231
3887.000	2.230
3888.000	2.229
3889.000	2.228
3890.000	2.227
3891.000	2.226
3892.000	2.225
3893.000	2.224
3894.000	2.223
3895.000	2.222
3896.000	2.221
3897.000	2.220
3898.000	2.219
3899.000	2.219
3900.000	2.218
3901.000	2.217
3902.000	2.216
3903.000	2.215
3904.000	2.214
3905.000	2.213
3906.000	2.212
3907.000	2.211
3908.000	2.210
3909.000	2.209
3910.000	2.208
3911.000	2.207
3912.000	2.206
3913.000	2.205
3914.000	2.204
3915.000	2.204
3916.000	2.203
3917.000	2.202
3918.000	2.201
3919.000	2.200
3920.000	2.199
3921.000	2.198
3922.000	2.197
3923.000	2.196
3924.000	2.195
3925.000	2.194
3926.000	2.193
3927.000	2.192
3928.000	2.191
3929.000	2.190
3930.000	2.189
3931.000	2.188
3932.000	2.188
3933.000	2.187
3934.000	2.186
3935.000	2.185
3936.000	2.184
3937.000	2.183
3938.000	2.182
3939.000	2.181
3940.000	2.180
3941.000	2.179
3942.000	2.178
3943.000	2.177
3944.000	2.176
3945.000	2.175
3946.000	2.174
3947.000	2.173
3948.000	2.173
3949.000	2.172
3950.000	2.171
3951.000	2.170
3952.000	2.169
3953.000	2.168
3954.000	2.167
3955.000	2.166
3956.000	2.165
3957.000	2.164
3958.000	2.163
3959.000	2.162
3960.000	2.161
3961.000	2.160
3962.000	2.159
3963.000	2.158
3964.000	2.157
3965.000	2.157
3966.000	2.156
3967.000	2.155
3968.000	2.154
3969.000	2.153
3970.000	2.152
3971.000	2.151
3972.000	2.150
3973.000	2.149
3974.000	2.148
3975.000	2.147
3976.000	2.146
3977.000	2.145
3978.000	2.144
3979.000	2.143
3980.000	2.142
3981.000	2.142
3982.000	2.141
3983.000	2.140
3984.000	2.139
3985.000	2.138
3986.000	2.137
3987.000	2.136
3988.000	2.135
3989.000	2.134
3990.000	2.133
3991.000	2.132
3992.000	2.131
3993.000	2.130
3994.000	2.129
3995.000	2.128
3996.000	2.127
3997.000	2.127
3998.000	2.126
3999.000	2.125
4000.000	2.124
4001.000	2.123
4002.000	2.122
4003.000	2.121
4004.000	2.120
4005.000	2.119
4006.000	2.118
4007.000	2.117
4008.000	2.116
4009.000	2.115
4010.000	2.114
4011.000	2.113
4012.000	2.112
4013.000	2.111
4014.000	2.111
4015.000	2.110
4016.000	2.109
4017.000	2.108
4018.000	2.107
4019.000	2.106
4020.000	2.105
4021.000	2.104
4022.000	2.103
4023.000	2.102
4024.000	2.101
4025.000	2.100
4026.000	2.099
4027.000	2.098
4028.000	2.097
4029.000	2.096
4030.000	2.096
4031.000	2.095
4032.000	2.094
4033.000	2.093
4034.000	2.092
4035.000	2.091
4036.000	2.090
4037.000	2.089
4038.000	2.088
4039.000	2.087
4040.000	2.086
4041.000	2.085
4042.000	2.084
4043.000	2.083
4044.000	2.082
4045.000	2.081
4046.000	2.080
4047.000	2.080
4048.000	2.079
4049.000	2.078
4050.000	2.077
4051.000	2.076
4052.000	2.075
4053.000	2.074
4054.000	2.073
4055.000	2.072
4056.000	2.071
4057.000	2.070
4058.000	2.069
4059.000	2.068
4060.000	2.067
4061.000	2.066
4062.000	2.065
4063.000	2.065
4064.000	2.064
4065.000	2.063
4066.000	2.062
4067.000	2.061
4068.000	2.060
4069.000	2.059
4070.000	2.058
4071.000	2.057
4072.000	2.056
4073.000	2.055
4074.000	2.054
4075.000	2.053
4076.000	2.052
4077.000	2.051
4078.000	2.050
4079.000	2.049
4080.000	2.049
4081.000	2.048
4082.000	2.047
4083.000	2.046
4084.000	2.045
4085.000	2.044
4086.000	2.043
4087.000	2.042
4088.000	2.041
4089.000	2.040
4090.000	2.039
4091.000	2.038
4092.000	2.037
4093.000	2.036
4094.000	2.035
4095.000	2.030
