0.000	21.932
1.000	21.932
2.000	21.932
3.000	21.932
4.000	21.932
5.000	21.932
6.000	21.932
7.000	21.866
8.000	21.866
9.000	21.866
10.000	21.866
11.000	21.866
12.000	21.866
13.000	21.866
14.000	21.866
15.000	21.866
16.000	21.866
17.000	21.772
18.000	21.772
19.000	21.679
20.000	21.586
21.000	21.495
22.000	21.404
23.000	21.314
24.000	21.223
25.000	21.134
26.000	21.048
27.000	20.962
28.000	20.876
29.000	20.876
30.000	20.790
31.000	20.703
32.000	20.620
33.000	20.536
34.000	20.452
35.000	20.368
36.000	20.289
37.000	20.213
38.000	20.136
39.000	20.064
40.000	20.064
41.000	20.064
42.000	20.064
43.000	20.064
44.000	20.064
45.000	20.064
46.000	20.064
47.000	20.064
48.000	20.064
49.000	20.064
50.000	20.064
51.000	20.064
52.000	20.064
53.000	20.064
54.000	20.064
55.000	20.064
56.000	20.064
57.000	20.064
58.000	20.064
59.000	20.064
60.000	20.064
61.000	20.064
62.000	20.064
63.000	20.064
64.000	20.064
65.000	20.064
66.000	20.064
67.000	20.064
68.000	20.064
69.000	20.064
70.000	20.064
71.000	20.064
72.000	20.064
73.000	20.064
74.000	20.064
75.000	20.064
76.000	20.064
77.000	20.064
78.000	20.064
79.000	20.064
80.000	20.064
81.000	20.064
82.000	20.064
83.000	20.064
84.000	20.064
85.000	20.064
86.000	20.064
87.000	20.064
88.000	20.064
89.000	20.064
90.000	20.064
91.000	20.064
92.000	20.064
93.000	20.064
94.000	20.064
95.000	20.064
96.000	20.064
97.000	20.064
98.000	20.064
99.000	20.064
100.000	20.064
101.000	20.064
102.000	20.064
103.000	20.064
104.000	20.064
105.000	20.064
106.000	20.064
107.000	20.064
108.000	20.064
109.000	20.064
110.000	20.064
111.000	20.064
112.000	20.064
113.000	20.064
114.000	20.064
115.000	20.064
116.000	20.064
117.000	20.064
118.000	20.064
119.000	20.064
120.000	20.064
121.000	20.064
122.000	20.064
123.000	20.064
124.000	20.064
125.000	20.064
126.000	20.064
127.000	20.064
128.000	20.064
129.000	20.064
130.000	20.064
131.000	20.064
132.000	20.064
133.000	20.064
134.000	20.064
135.000	20.064
136.000	20.064
137.000	20.064
138.000	20.064
139.000	20.064
140.000	20.064
141.000	20.064
142.000	20.064
143.000	20.064
144.000	20.064
145.000	20.064
146.000	20.064
147.000	20.064
148.000	20.064
149.000	20.064
150.000	20.064
151.000	20.064
152.000	20.064
153.000	20.064
154.000	20.064
155.000	20.064
156.000	20.064
157.000	20.064
158.000	20.064
159.000	20.064
160.000	20.064
161.000	20.064
162.000	20.064
163.000	20.064
164.000	20.064
165.000	20.064
166.000	20.064
167.000	20.064
168.000	20.064
169.000	20.064
170.000	20.064
171.000	20.064
172.000	20.064
173.000	20.064
174.000	20.064
175.000	20.064
176.000	20.064
177.000	20.064
178.000	20.064
179.000	20.064
180.000	20.064
181.000	20.064
182.000	20.064
183.000	20.064
184.000	20.064
185.000	20.064
186.000	20.064
187.000	20.064
188.000	20.064
189.000	20.015
190.000	19.966
191.000	19.917
192.000	19.867
193.000	19.819
194.000	19.771
195.000	19.722
196.000	19.722
197.000	19.674
198.000	19.625
199.000	19.576
200.000	19.529
201.000	19.481
202.000	19.433
203.000	19.385
204.000	19.337
205.000	19.290
206.000	19.242
207.000	19.242
208.000	19.195
209.000	19.148
210.000	19.101
211.000	19.054
212.000	19.007
213.000	18.960
214.000	18.914
215.000	18.867
216.000	18.821
217.000	18.775
218.000	18.775
219.000	18.729
220.000	18.683
221.000	18.636
222.000	18.591
223.000	18.545
224.000	18.500
225.000	18.454
226.000	18.408
227.000	18.363
228.000	18.318
229.000	18.317
230.000	18.272
231.000	18.227
232.000	18.182
233.000	18.137
234.000	18.093
235.000	18.048
236.000	18.004
237.000	17.959
238.000	17.915
239.000	17.871
240.000	17.827
241.000	17.826
242.000	17.782
243.000	17.738
244.000	17.694
245.000	17.651
246.000	17.607
247.000	17.564
248.000	17.520
249.000	17.477
250.000	17.434
251.000	17.391
252.000	17.390
253.000	17.347
254.000	17.304
255.000	17.261
256.000	17.218
257.000	17.176
258.000	17.129
259.000	17.128
260.000	17.127
261.000	17.126
262.000	17.124
263.000	17.123
264.000	17.122
265.000	17.121
266.000	17.119
267.000	17.118
268.000	17.117
269.000	17.115
270.000	17.114
271.000	17.113
272.000	17.112
273.000	17.110
274.000	17.109
275.000	17.108
276.000	17.107
277.000	17.104
278.000	17.067
279.000	17.030
280.000	16.993
281.000	16.956
282.000	16.919
283.000	16.883
284.000	16.846
285.000	16.845
286.000	16.808
287.000	16.772
288.000	16.735
289.000	16.699
290.000	16.663
291.000	16.627
292.000	16.591
293.000	16.555
294.000	16.519
295.000	16.484
296.000	16.482
297.000	16.447
298.000	16.411
299.000	16.375
300.000	16.340
301.000	16.305
302.000	16.270
303.000	16.234
304.000	16.199
305.000	16.164
306.000	16.130
307.000	16.095
308.000	16.093
309.000	16.059
310.000	16.024
311.000	15.989
312.000	15.955
313.000	15.920
314.000	15.886
315.000	15.851
316.000	15.817
317.000	15.783
318.000	15.749
319.000	15.748
320.000	15.714
321.000	15.680
322.000	15.646
323.000	15.612
324.000	15.579
325.000	15.545
326.000	15.511
327.000	15.478
328.000	15.444
329.000	15.411
330.000	15.410
331.000	15.377
332.000	15.343
333.000	15.310
334.000	15.277
335.000	15.244
336.000	15.211
337.000	15.178
338.000	15.146
339.000	15.113
340.000	15.080
341.000	15.079
342.000	15.046
343.000	15.014
344.000	14.981
345.000	14.949
346.000	14.917
347.000	14.884
348.000	14.852
349.000	14.820
350.000	14.788
351.000	14.756
352.000	14.754
353.000	14.723
354.000	14.691
355.000	14.659
356.000	14.627
357.000	14.595
358.000	14.564
359.000	14.532
360.000	14.500
361.000	14.469
362.000	14.438
363.000	14.437
364.000	14.406
365.000	14.405
366.000	14.404
367.000	14.402
368.000	14.401
369.000	14.400
370.000	14.399
371.000	14.397
372.000	14.396
373.000	14.395
374.000	14.394
375.000	14.392
376.000	14.391
377.000	14.390
378.000	14.388
379.000	14.387
380.000	14.386
381.000	14.385
382.000	14.383
383.000	14.382
384.000	14.381
385.000	14.380
386.000	14.378
387.000	14.377
388.000	14.376
389.000	14.374
390.000	14.373
391.000	14.372
392.000	14.371
393.000	14.369
394.000	14.368
395.000	14.367
396.000	14.366
397.000	14.364
398.000	14.363
399.000	14.360
400.000	14.328
401.000	14.296
402.000	14.264
403.000	14.232
404.000	14.200
405.000	14.169
406.000	14.137
407.000	14.105
408.000	14.104
409.000	14.073
410.000	14.041
411.000	14.010
412.000	13.978
413.000	13.947
414.000	13.916
415.000	13.885
416.000	13.853
417.000	13.823
418.000	13.792
419.000	13.790
420.000	13.760
421.000	13.729
422.000	13.698
423.000	13.667
424.000	13.637
425.000	13.606
426.000	13.576
427.000	13.545
428.000	13.515
429.000	13.485
430.000	13.484
431.000	13.453
432.000	13.423
433.000	13.393
434.000	13.363
435.000	13.333
436.000	13.303
437.000	13.274
438.000	13.244
439.000	13.214
440.000	13.185
441.000	13.184
442.000	13.154
443.000	13.124
444.000	13.095
445.000	13.066
446.000	13.037
447.000	13.007
448.000	12.978
449.000	12.949
450.000	12.920
451.000	12.891
452.000	12.862
453.000	12.862
454.000	12.834
455.000	12.805
456.000	12.776
457.000	12.748
458.000	12.719
459.000	12.691
460.000	12.662
461.000	12.634
462.000	12.606
463.000	12.577
464.000	12.577
465.000	12.549
466.000	12.521
467.000	12.493
468.000	12.465
469.000	12.437
470.000	12.409
471.000	12.381
472.000	12.353
473.000	12.326
474.000	12.298
475.000	12.298
476.000	12.271
477.000	12.243
478.000	12.216
479.000	12.188
480.000	12.161
481.000	12.134
482.000	12.106
483.000	12.079
484.000	12.052
485.000	12.025
486.000	12.025
487.000	11.998
488.000	11.971
489.000	11.944
490.000	11.917
491.000	11.890
492.000	11.863
493.000	11.837
494.000	11.810
495.000	11.783
496.000	11.757
497.000	11.757
498.000	11.730
499.000	11.704
500.000	11.677
501.000	11.651
502.000	11.625
503.000	11.599
504.000	11.573
505.000	11.546
506.000	11.520
507.000	11.494
508.000	11.494
509.000	11.468
510.000	11.444
511.000	11.444
512.000	11.444
513.000	11.444
514.000	11.444
515.000	11.444
516.000	11.444
517.000	11.444
518.000	11.444
519.000	11.444
520.000	11.444
521.000	11.444
522.000	11.444
523.000	11.444
524.000	11.444
525.000	11.444
526.000	11.444
527.000	11.444
528.000	11.444
529.000	11.444
530.000	11.444
531.000	11.444
532.000	11.444
533.000	11.444
534.000	11.444
535.000	11.444
536.000	11.444
537.000	11.444
538.000	11.444
539.000	11.444
540.000	11.444
541.000	11.444
542.000	11.444
543.000	11.444
544.000	11.444
545.000	11.444
546.000	11.444
547.000	11.444
548.000	11.444
549.000	11.444
550.000	11.444
551.000	11.444
552.000	11.444
553.000	11.444
554.000	11.444
555.000	11.444
556.000	11.444
557.000	11.444
558.000	11.444
559.000	11.444
560.000	11.444
561.000	11.444
562.000	11.444
563.000	11.444
564.000	11.444
565.000	11.444
566.000	11.444
567.000	11.444
568.000	11.444
569.000	11.444
570.000	11.444
571.000	11.444
572.000	11.444
573.000	11.444
574.000	11.444
575.000	11.444
576.000	11.444
577.000	11.444
578.000	11.444
579.000	11.444
580.000	11.444
581.000	11.444
582.000	11.444
583.000	11.444
584.000	11.444
585.000	11.444
586.000	11.444
587.000	11.444
588.000	11.444
589.000	11.444
590.000	11.444
591.000	11.444
592.000	11.444
593.000	11.444
594.000	11.444
595.000	11.444
596.000	11.444
597.000	11.444
598.000	11.444
599.000	11.444
600.000	11.444
601.000	11.444
602.000	11.444
603.000	11.444
604.000	11.444
605.000	11.444
606.000	11.444
607.000	11.444
608.000	11.444
609.000	11.444
610.000	11.444
611.000	11.444
612.000	11.444
613.000	11.444
614.000	11.444
615.000	11.444
616.000	11.444
617.000	11.444
618.000	11.444
619.000	11.444
620.000	11.444
621.000	11.444
622.000	11.444
623.000	11.444
624.000	11.444
625.000	11.444
626.000	11.444
627.000	11.444
628.000	11.444
629.000	11.444
630.000	11.444
631.000	11.444
632.000	11.444
633.000	11.444
634.000	11.444
635.000	11.444
636.000	11.444
637.000	11.444
638.000	11.444
639.000	11.444
640.000	11.444
641.000	11.444
642.000	11.444
643.000	11.444
644.000	11.444
645.000	11.444
646.000	11.444
647.000	11.444
648.000	11.444
649.000	11.444
650.000	11.444
651.000	11.423
652.000	11.401
653.000	11.401
654.000	11.380
655.000	11.358
656.000	11.337
657.000	11.316
658.000	11.295
659.000	11.273
660.000	11.252
661.000	11.231
662.000	11.210
663.000	11.189
664.000	11.168
665.000	11.168
666.000	11.147
667.000	11.125
668.000	11.105
669.000	11.084
670.000	11.063
671.000	11.042
672.000	11.021
673.000	11.000
674.000	10.979
675.000	10.958
676.000	10.958
677.000	10.938
678.000	10.917
679.000	10.896
680.000	10.875
681.000	10.855
682.000	10.834
683.000	10.813
684.000	10.793
685.000	10.772
686.000	10.752
687.000	10.752
688.000	10.731
689.000	10.711
690.000	10.690
691.000	10.670
692.000	10.650
693.000	10.629
694.000	10.609
695.000	10.588
696.000	10.568
697.000	10.548
698.000	10.548
699.000	10.528
700.000	10.507
701.000	10.487
702.000	10.467
703.000	10.447
704.000	10.427
705.000	10.407
706.000	10.386
707.000	10.366
708.000	10.346
709.000	10.346
710.000	10.326
711.000	10.306
712.000	10.286
713.000	10.267
714.000	10.247
715.000	10.227
716.000	10.207
717.000	10.187
718.000	10.167
719.000	10.147
720.000	10.147
721.000	10.128
722.000	10.108
723.000	10.088
724.000	10.069
725.000	10.049
726.000	10.029
727.000	10.010
728.000	9.990
729.000	9.970
730.000	9.951
731.000	9.951
732.000	9.931
733.000	9.912
734.000	9.892
735.000	9.873
736.000	9.854
737.000	9.834
738.000	9.815
739.000	9.795
740.000	9.776
741.000	9.757
742.000	9.738
743.000	9.738
744.000	9.718
745.000	9.699
746.000	9.680
747.000	9.661
748.000	9.642
749.000	9.622
750.000	9.603
751.000	9.584
752.000	9.565
753.000	9.546
754.000	9.546
755.000	9.527
756.000	9.508
757.000	9.489
758.000	9.470
759.000	9.451
760.000	9.432
761.000	9.413
762.000	9.395
763.000	9.376
764.000	9.357
765.000	9.357
766.000	9.338
767.000	9.319
768.000	9.301
769.000	9.282
770.000	9.263
771.000	9.245
772.000	9.226
773.000	9.207
774.000	9.189
775.000	9.170
776.000	9.170
777.000	9.151
778.000	9.133
779.000	9.114
780.000	9.096
781.000	9.077
782.000	9.059
783.000	9.040
784.000	9.022
785.000	9.004
786.000	8.985
787.000	8.985
788.000	8.967
789.000	8.948
790.000	8.930
791.000	8.912
792.000	8.894
793.000	8.875
794.000	8.857
795.000	8.839
796.000	8.821
797.000	8.802
798.000	8.802
799.000	8.784
800.000	8.766
801.000	8.748
802.000	8.730
803.000	8.712
804.000	8.694
805.000	8.676
806.000	8.658
807.000	8.640
808.000	8.622
809.000	8.604
810.000	8.604
811.000	8.586
812.000	8.586
813.000	8.586
814.000	8.586
815.000	8.586
816.000	8.586
817.000	8.586
818.000	8.586
819.000	8.586
820.000	8.586
821.000	8.586
822.000	8.586
823.000	8.586
824.000	8.586
825.000	8.586
826.000	8.586
827.000	8.586
828.000	8.586
829.000	8.586
830.000	8.586
831.000	8.586
832.000	8.586
833.000	8.586
834.000	8.586
835.000	8.586
836.000	8.586
837.000	8.586
838.000	8.586
839.000	8.586
840.000	8.586
841.000	8.586
842.000	8.586
843.000	8.586
844.000	8.586
845.000	8.586
846.000	8.586
847.000	8.586
848.000	8.586
849.000	8.586
850.000	8.586
851.000	8.586
852.000	8.586
853.000	8.586
854.000	8.586
855.000	8.586
856.000	8.586
857.000	8.586
858.000	8.586
859.000	8.586
860.000	8.586
861.000	8.586
862.000	8.586
863.000	8.586
864.000	8.586
865.000	8.586
866.000	8.586
867.000	8.586
868.000	8.586
869.000	8.586
870.000	8.586
871.000	8.586
872.000	8.586
873.000	8.586
874.000	8.586
875.000	8.586
876.000	8.586
877.000	8.586
878.000	8.586
879.000	8.586
880.000	8.586
881.000	8.586
882.000	8.586
883.000	8.586
884.000	8.586
885.000	8.586
886.000	8.586
887.000	8.586
888.000	8.586
889.000	8.586
890.000	8.586
891.000	8.586
892.000	8.586
893.000	8.586
894.000	8.586
895.000	8.586
896.000	8.586
897.000	8.586
898.000	8.586
899.000	8.586
900.000	8.586
901.000	8.586
902.000	8.586
903.000	8.586
904.000	8.586
905.000	8.586
906.000	8.586
907.000	8.586
908.000	8.586
909.000	8.586
910.000	8.586
911.000	8.586
912.000	8.586
913.000	8.586
914.000	8.586
915.000	8.586
916.000	8.586
917.000	8.586
918.000	8.586
919.000	8.586
920.000	8.586
921.000	8.586
922.000	8.586
923.000	8.586
924.000	8.586
925.000	8.586
926.000	8.586
927.000	8.586
928.000	8.586
929.000	8.586
930.000	8.586
931.000	8.586
932.000	8.586
933.000	8.586
934.000	8.586
935.000	8.586
936.000	8.586
937.000	8.586
938.000	8.586
939.000	8.586
940.000	8.586
941.000	8.586
942.000	8.586
943.000	8.586
944.000	8.586
945.000	8.586
946.000	8.586
947.000	8.586
948.000	8.586
949.000	8.586
950.000	8.586
951.000	8.586
952.000	8.586
953.000	8.586
954.000	8.586
955.000	8.586
956.000	8.586
957.000	8.586
958.000	8.586
959.000	8.586
960.000	8.586
961.000	8.586
962.000	8.586
963.000	8.586
964.000	8.586
965.000	8.586
966.000	8.586
967.000	8.586
968.000	8.586
969.000	8.586
970.000	8.586
971.000	8.586
972.000	8.586
973.000	8.586
974.000	8.586
975.000	8.586
976.000	8.586
977.000	8.586
978.000	8.586
979.000	8.586
980.000	8.586
981.000	8.586
982.000	8.586
983.000	8.586
984.000	8.586
985.000	8.586
986.000	8.586
987.000	8.586
988.000	8.586
989.000	8.586
990.000	8.586
991.000	8.586
992.000	8.586
993.000	8.586
994.000	8.586
995.000	8.586
996.000	8.586
997.000	8.586
998.000	8.586
999.000	8.586
1000.000	8.586
1001.000	8.586
1002.000	8.586
1003.000	8.586
1004.000	8.586
1005.000	8.586
1006.000	8.586
1007.000	8.586
1008.000	8.586
1009.000	8.586
1010.000	8.586
1011.000	8.586
1012.000	8.586
1013.000	8.586
1014.000	8.586
1015.000	8.586
1016.000	8.586
1017.000	8.586
1018.000	8.586
1019.000	8.586
1020.000	8.586
1021.000	8.586
1022.000	8.586
1023.000	8.586
1024.000	8.586
1025.000	8.586
1026.000	8.586
1027.000	8.586
1028.000	8.586
1029.000	8.586
1030.000	8.586
1031.000	8.586
1032.000	8.586
1033.000	8.586
1034.000	8.586
1035.000	8.586
1036.000	8.586
1037.000	8.586
1038.000	8.586
1039.000	8.586
1040.000	8.586
1041.000	8.586
1042.000	8.586
1043.000	8.586
1044.000	8.586
1045.000	8.586
1046.000	8.586
1047.000	8.586
1048.000	8.586
1049.000	8.586
1050.000	8.586
1051.000	8.586
1052.000	8.586
1053.000	8.586
1054.000	8.586
1055.000	8.586
1056.000	8.586
1057.000	8.586
1058.000	8.586
1059.000	8.586
1060.000	8.586
1061.000	8.586
1062.000	8.586
1063.000	8.586
1064.000	8.586
1065.000	8.586
1066.000	8.586
1067.000	8.586
1068.000	8.586
1069.000	8.586
1070.000	8.586
1071.000	8.586
1072.000	8.586
1073.000	8.586
1074.000	8.586
1075.000	8.586
1076.000	8.586
1077.000	8.586
1078.000	8.586
1079.000	8.586
1080.000	8.586
1081.000	8.586
1082.000	8.586
1083.000	8.586
1084.000	8.586
1085.000	8.586
1086.000	8.586
1087.000	8.586
1088.000	8.586
1089.000	8.586
1090.000	8.586
1091.000	8.586
1092.000	8.586
1093.000	8.586
1094.000	8.586
1095.000	8.586
1096.000	8.586
1097.000	8.586
1098.000	8.586
1099.000	8.586
1100.000	8.586
1101.000	8.586
1102.000	8.586
1103.000	8.586
1104.000	8.586
1105.000	8.586
1106.000	8.586
1107.000	8.586
1108.000	8.586
1109.000	8.586
1110.000	8.586
1111.000	8.586
1112.000	8.586
1113.000	8.586
1114.000	8.586
1115.000	8.586
1116.000	8.586
1117.000	8.586
1118.000	8.586
1119.000	8.586
1120.000	8.586
1121.000	8.586
1122.000	8.586
1123.000	8.586
1124.000	8.586
1125.000	8.586
1126.000	8.586
1127.000	8.586
1128.000	8.586
1129.000	8.586
1130.000	8.586
1131.000	8.586
1132.000	8.586
1133.000	8.586
1134.000	8.586
1135.000	8.586
1136.000	8.586
1137.000	8.586
1138.000	8.586
1139.000	8.586
1140.000	8.586
1141.000	8.586
1142.000	8.586
1143.000	8.586
1144.000	8.586
1145.000	8.586
1146.000	8.586
1147.000	8.586
1148.000	8.586
1149.000	8.586
1150.000	8.586
1151.000	8.586
1152.000	8.586
1153.000	8.586
1154.000	8.586
1155.000	8.586
1156.000	8.586
1157.000	8.586
1158.000	8.586
1159.000	8.586
1160.000	8.586
1161.000	8.586
1162.000	8.586
1163.000	8.586
1164.000	8.586
1165.000	8.586
1166.000	8.586
1167.000	8.586
1168.000	8.586
1169.000	8.586
1170.000	8.586
1171.000	8.586
1172.000	8.586
1173.000	8.586
1174.000	8.586
1175.000	8.586
1176.000	8.586
1177.000	8.586
1178.000	8.586
1179.000	8.586
1180.000	8.586
1181.000	8.586
1182.000	8.586
1183.000	8.586
1184.000	8.586
1185.000	8.586
1186.000	8.586
1187.000	8.586
1188.000	8.586
1189.000	8.586
1190.000	8.586
1191.000	8.586
1192.000	8.586
1193.000	8.586
1194.000	8.586
1195.000	8.586
1196.000	8.586
1197.000	8.586
1198.000	8.586
1199.000	8.586
1200.000	8.586
1201.000	8.586
1202.000	8.586
1203.000	8.586
1204.000	8.586
1205.000	8.586
1206.000	8.586
1207.000	8.586
1208.000	8.586
1209.000	8.586
1210.000	8.586
1211.000	8.586
1212.000	8.586
1213.000	8.586
1214.000	8.586
1215.000	8.586
1216.000	8.586
1217.000	8.586
1218.000	8.586
1219.000	8.586
1220.000	8.586
1221.000	8.586
1222.000	8.586
1223.000	8.586
1224.000	8.586
1225.000	8.586
1226.000	8.586
1227.000	8.586
1228.000	8.586
1229.000	8.586
1230.000	8.586
1231.000	8.586
1232.000	8.586
1233.000	8.586
1234.000	8.586
1235.000	8.586
1236.000	8.586
1237.000	8.586
1238.000	8.586
1239.000	8.586
1240.000	8.586
1241.000	8.586
1242.000	8.586
1243.000	8.586
1244.000	8.586
1245.000	8.586
1246.000	8.586
1247.000	8.586
1248.000	8.586
1249.000	8.586
1250.000	8.586
1251.000	8.586
1252.000	8.586
1253.000	8.586
1254.000	8.586
1255.000	8.586
1256.000	8.586
1257.000	8.586
1258.000	8.586
1259.000	8.586
1260.000	8.586
1261.000	8.586
1262.000	8.586
1263.000	8.586
1264.000	8.586
1265.000	8.586
1266.000	8.586
1267.000	8.586
1268.000	8.586
1269.000	8.586
1270.000	8.586
1271.000	8.586
1272.000	8.586
1273.000	8.586
1274.000	8.586
1275.000	8.586
1276.000	8.586
1277.000	8.586
1278.000	8.586
1279.000	8.586
1280.000	8.586
1281.000	8.586
1282.000	8.586
1283.000	8.586
1284.000	8.586
1285.000	8.586
1286.000	8.586
1287.000	8.586
1288.000	8.586
1289.000	8.586
1290.000	8.586
1291.000	8.586
1292.000	8.586
1293.000	8.586
1294.000	8.586
1295.000	8.586
1296.000	8.586
1297.000	8.586
1298.000	8.586
1299.000	8.586
1300.000	8.586
1301.000	8.586
1302.000	8.586
1303.000	8.586
1304.000	8.586
1305.000	8.586
1306.000	8.586
1307.000	8.586
1308.000	8.586
1309.000	8.586
1310.000	8.586
1311.000	8.586
1312.000	8.586
1313.000	8.586
1314.000	8.586
1315.000	8.586
1316.000	8.586
1317.000	8.586
1318.000	8.586
1319.000	8.586
1320.000	8.586
1321.000	8.586
1322.000	8.586
1323.000	8.586
1324.000	8.586
1325.000	8.586
1326.000	8.586
1327.000	8.586
1328.000	8.586
1329.000	8.586
1330.000	8.586
1331.000	8.586
1332.000	8.586
1333.000	8.586
1334.000	8.586
1335.000	8.586
1336.000	8.586
1337.000	8.586
1338.000	8.586
1339.000	8.586
1340.000	8.586
1341.000	8.586
1342.000	8.586
1343.000	8.586
1344.000	8.586
1345.000	8.586
1346.000	8.586
1347.000	8.586
1348.000	8.586
1349.000	8.586
1350.000	8.586
1351.000	8.586
1352.000	8.586
1353.000	8.586
1354.000	8.586
1355.000	8.586
1356.000	8.586
1357.000	8.586
1358.000	8.586
1359.000	8.586
1360.000	8.586
1361.000	8.586
1362.000	8.586
1363.000	8.586
1364.000	8.586
1365.000	8.586
1366.000	8.586
1367.000	8.586
1368.000	8.586
1369.000	8.586
1370.000	8.586
1371.000	8.586
1372.000	8.586
1373.000	8.586
1374.000	8.586
1375.000	8.586
1376.000	8.586
1377.000	8.586
1378.000	8.586
1379.000	8.586
1380.000	8.586
1381.000	8.586
1382.000	8.586
1383.000	8.586
1384.000	8.586
1385.000	8.586
1386.000	8.586
1387.000	8.586
1388.000	8.586
1389.000	8.586
1390.000	8.586
1391.000	8.586
1392.000	8.586
1393.000	8.586
1394.000	8.586
1395.000	8.586
1396.000	8.586
1397.000	8.586
1398.000	8.586
1399.000	8.586
1400.000	8.586
1401.000	8.586
1402.000	8.586
1403.000	8.586
1404.000	8.586
1405.000	8.586
1406.000	8.586
1407.000	8.586
1408.000	8.586
1409.000	8.586
1410.000	8.586
1411.000	8.586
1412.000	8.586
1413.000	8.586
1414.000	8.586
1415.000	8.586
1416.000	8.586
1417.000	8.586
1418.000	8.586
1419.000	8.586
1420.000	8.586
1421.000	8.586
1422.000	8.586
1423.000	8.586
1424.000	8.586
1425.000	8.586
1426.000	8.586
1427.000	8.586
1428.000	8.586
1429.000	8.586
1430.000	8.586
1431.000	8.586
1432.000	8.586
1433.000	8.586
1434.000	8.586
1435.000	8.586
1436.000	8.586
1437.000	8.586
1438.000	8.586
1439.000	8.586
1440.000	8.586
1441.000	8.586
1442.000	8.586
1443.000	8.586
1444.000	8.586
1445.000	8.586
1446.000	8.586
1447.000	8.586
1448.000	8.586
1449.000	8.586
1450.000	8.586
1451.000	8.586
1452.000	8.586
1453.000	8.586
1454.000	8.586
1455.000	8.586
1456.000	8.586
1457.000	8.586
1458.000	8.586
1459.000	8.586
1460.000	8.586
1461.000	8.586
1462.000	8.586
1463.000	8.586
1464.000	8.586
1465.000	8.586
1466.000	8.586
1467.000	8.586
1468.000	8.586
1469.000	8.586
1470.000	8.586
1471.000	8.586
1472.000	8.586
1473.000	8.586
1474.000	8.586
1475.000	8.586
1476.000	8.586
1477.000	8.586
1478.000	8.586
1479.000	8.586
1480.000	8.586
1481.000	8.586
1482.000	8.586
1483.000	8.586
1484.000	8.586
1485.000	8.586
1486.000	8.586
1487.000	8.586
1488.000	8.586
1489.000	8.586
1490.000	8.586
1491.000	8.586
1492.000	8.586
1493.000	8.586
1494.000	8.586
1495.000	8.586
1496.000	8.586
1497.000	8.586
1498.000	8.586
1499.000	8.586
1500.000	8.586
1501.000	8.586
1502.000	8.586
1503.000	8.586
1504.000	8.586
1505.000	8.586
1506.000	8.586
1507.000	8.586
1508.000	8.586
1509.000	8.586
1510.000	8.586
1511.000	8.586
1512.000	8.586
1513.000	8.586
1514.000	8.586
1515.000	8.586
1516.000	8.586
1517.000	8.586
1518.000	8.586
1519.000	8.586
1520.000	8.586
1521.000	8.586
1522.000	8.586
1523.000	8.586
1524.000	8.586
1525.000	8.586
1526.000	8.586
1527.000	8.586
1528.000	8.586
1529.000	8.586
1530.000	8.586
1531.000	8.586
1532.000	8.586
1533.000	8.586
1534.000	8.586
1535.000	8.586
1536.000	8.586
1537.000	8.586
1538.000	8.586
1539.000	8.586
1540.000	8.586
1541.000	8.586
1542.000	8.586
1543.000	8.586
1544.000	8.586
1545.000	8.586
1546.000	8.586
1547.000	8.586
1548.000	8.586
1549.000	8.586
1550.000	8.586
1551.000	8.586
1552.000	8.586
1553.000	8.586
1554.000	8.586
1555.000	8.586
1556.000	8.586
1557.000	8.586
1558.000	8.586
1559.000	8.586
1560.000	8.586
1561.000	8.586
1562.000	8.586
1563.000	8.586
1564.000	8.586
1565.000	8.586
1566.000	8.586
1567.000	8.586
1568.000	8.586
1569.000	8.586
1570.000	8.586
1571.000	8.586
1572.000	8.586
1573.000	8.586
1574.000	8.586
1575.000	8.586
1576.000	8.586
1577.000	8.586
1578.000	8.586
1579.000	8.586
1580.000	8.586
1581.000	8.586
1582.000	8.586
1583.000	8.586
1584.000	8.586
1585.000	8.586
1586.000	8.586
1587.000	8.586
1588.000	8.586
1589.000	8.586
1590.000	8.586
1591.000	8.586
1592.000	8.586
1593.000	8.586
1594.000	8.586
1595.000	8.586
1596.000	8.586
1597.000	8.586
1598.000	8.586
1599.000	8.586
1600.000	8.586
1601.000	8.586
1602.000	8.586
1603.000	8.586
1604.000	8.586
1605.000	8.586
1606.000	8.586
1607.000	8.586
1608.000	8.586
1609.000	8.586
1610.000	8.586
1611.000	8.586
1612.000	8.586
1613.000	8.586
1614.000	8.586
1615.000	8.586
1616.000	8.586
1617.000	8.586
1618.000	8.586
1619.000	8.586
1620.000	8.586
1621.000	8.586
1622.000	8.586
1623.000	8.586
1624.000	8.586
1625.000	8.586
1626.000	8.586
1627.000	8.586
1628.000	8.586
1629.000	8.586
1630.000	8.586
1631.000	8.586
1632.000	8.586
1633.000	8.586
1634.000	8.586
1635.000	8.586
1636.000	8.586
1637.000	8.586
1638.000	8.586
1639.000	8.586
1640.000	8.586
1641.000	8.586
1642.000	8.586
1643.000	8.586
1644.000	8.586
1645.000	8.586
1646.000	8.586
1647.000	8.586
1648.000	8.586
1649.000	8.586
1650.000	8.586
1651.000	8.586
1652.000	8.586
1653.000	8.586
1654.000	8.586
1655.000	8.586
1656.000	8.586
1657.000	8.586
1658.000	8.586
1659.000	8.586
1660.000	8.586
1661.000	8.586
1662.000	8.586
1663.000	8.586
1664.000	8.586
1665.000	8.586
1666.000	8.586
1667.000	8.586
1668.000	8.586
1669.000	8.586
1670.000	8.586
1671.000	8.586
1672.000	8.586
1673.000	8.586
1674.000	8.586
1675.000	8.586
1676.000	8.586
1677.000	8.586
1678.000	8.586
1679.000	8.586
1680.000	8.586
1681.000	8.586
1682.000	8.586
1683.000	8.586
1684.000	8.586
1685.000	8.586
1686.000	8.586
1687.000	8.586
1688.000	8.586
1689.000	8.586
1690.000	8.586
1691.000	8.586
1692.000	8.586
1693.000	8.586
1694.000	8.586
1695.000	8.586
1696.000	8.586
1697.000	8.586
1698.000	8.586
1699.000	8.586
1700.000	8.586
1701.000	8.586
1702.000	8.586
1703.000	8.586
1704.000	8.586
1705.000	8.586
1706.000	8.586
1707.000	8.586
1708.000	8.586
1709.000	8.586
1710.000	8.586
1711.000	8.586
1712.000	8.586
1713.000	8.586
1714.000	8.586
1715.000	8.586
1716.000	8.586
1717.000	8.586
1718.000	8.586
1719.000	8.586
1720.000	8.586
1721.000	8.586
1722.000	8.586
1723.000	8.586
1724.000	8.586
1725.000	8.586
1726.000	8.586
1727.000	8.586
1728.000	8.586
1729.000	8.586
1730.000	8.586
1731.000	8.586
1732.000	8.586
1733.000	8.586
1734.000	8.586
1735.000	8.586
1736.000	8.586
1737.000	8.586
1738.000	8.586
1739.000	8.586
1740.000	8.586
1741.000	8.586
1742.000	8.586
1743.000	8.586
1744.000	8.586
1745.000	8.586
1746.000	8.586
1747.000	8.586
1748.000	8.586
1749.000	8.586
1750.000	8.586
1751.000	8.586
1752.000	8.586
1753.000	8.586
1754.000	8.586
1755.000	8.586
1756.000	8.586
1757.000	8.586
1758.000	8.586
1759.000	8.586
1760.000	8.586
1761.000	8.586
1762.000	8.586
1763.000	8.586
1764.000	8.586
1765.000	8.586
1766.000	8.586
1767.000	8.586
1768.000	8.586
1769.000	8.586
1770.000	8.586
1771.000	8.586
1772.000	8.586
1773.000	8.586
1774.000	8.586
1775.000	8.586
1776.000	8.586
1777.000	8.586
1778.000	8.586
1779.000	8.586
1780.000	8.586
1781.000	8.586
1782.000	8.586
1783.000	8.586
1784.000	8.586
1785.000	8.586
1786.000	8.586
1787.000	8.586
1788.000	8.586
1789.000	8.586
1790.000	8.586
1791.000	8.586
1792.000	8.586
1793.000	8.586
1794.000	8.586
1795.000	8.586
1796.000	8.586
1797.000	8.586
1798.000	8.586
1799.000	8.586
1800.000	8.586
1801.000	8.586
1802.000	8.586
1803.000	8.586
1804.000	8.586
1805.000	8.586
1806.000	8.586
1807.000	8.586
1808.000	8.586
1809.000	8.586
1810.000	8.586
1811.000	8.586
1812.000	8.586
1813.000	8.586
1814.000	8.586
1815.000	8.586
1816.000	8.586
1817.000	8.586
1818.000	8.586
1819.000	8.586
1820.000	8.586
1821.000	8.586
1822.000	8.586
1823.000	8.586
1824.000	8.586
1825.000	8.586
1826.000	8.586
1827.000	8.586
1828.000	8.586
1829.000	8.586
1830.000	8.586
1831.000	8.586
1832.000	8.586
1833.000	8.586
1834.000	8.586
1835.000	8.586
1836.000	8.586
1837.000	8.586
1838.000	8.586
1839.000	8.586
1840.000	8.586
1841.000	8.586
1842.000	8.586
1843.000	8.586
1844.000	8.586
1845.000	8.586
1846.000	8.586
1847.000	8.586
1848.000	8.586
1849.000	8.586
1850.000	8.586
1851.000	8.586
1852.000	8.586
1853.000	8.586
1854.000	8.586
1855.000	8.586
1856.000	8.586
1857.000	8.586
1858.000	8.586
1859.000	8.586
1860.000	8.586
1861.000	8.586
1862.000	8.586
1863.000	8.586
1864.000	8.586
1865.000	8.586
1866.000	8.586
1867.000	8.586
1868.000	8.586
1869.000	8.586
1870.000	8.586
1871.000	8.586
1872.000	8.586
1873.000	8.586
1874.000	8.586
1875.000	8.586
1876.000	8.586
1877.000	8.586
1878.000	8.586
1879.000	8.586
1880.000	8.586
1881.000	8.586
1882.000	8.586
1883.000	8.586
1884.000	8.586
1885.000	8.586
1886.000	8.586
1887.000	8.586
1888.000	8.586
1889.000	8.586
1890.000	8.586
1891.000	8.586
1892.000	8.586
1893.000	8.586
1894.000	8.586
1895.000	8.586
1896.000	8.586
1897.000	8.586
1898.000	8.586
1899.000	8.586
1900.000	8.586
1901.000	8.586
1902.000	8.586
1903.000	8.586
1904.000	8.586
1905.000	8.586
1906.000	8.586
1907.000	8.586
1908.000	8.586
1909.000	8.586
1910.000	8.586
1911.000	8.586
1912.000	8.586
1913.000	8.586
1914.000	8.586
1915.000	8.586
1916.000	8.586
1917.000	8.586
1918.000	8.586
1919.000	8.586
1920.000	8.586
1921.000	8.586
1922.000	8.586
1923.000	8.586
1924.000	8.586
1925.000	8.586
1926.000	8.586
1927.000	8.586
1928.000	8.586
1929.000	8.586
1930.000	8.586
1931.000	8.586
1932.000	8.586
1933.000	8.586
1934.000	8.586
1935.000	8.586
1936.000	8.586
1937.000	8.586
1938.000	8.586
1939.000	8.586
1940.000	8.586
1941.000	8.586
1942.000	8.586
1943.000	8.586
1944.000	8.586
1945.000	8.586
1946.000	8.586
1947.000	8.586
1948.000	8.586
1949.000	8.586
1950.000	8.586
1951.000	8.586
1952.000	8.586
1953.000	8.586
1954.000	8.586
1955.000	8.586
1956.000	8.586
1957.000	8.586
1958.000	8.586
1959.000	8.586
1960.000	8.586
1961.000	8.586
1962.000	8.586
1963.000	8.586
1964.000	8.586
1965.000	8.586
1966.000	8.586
1967.000	8.586
1968.000	8.586
1969.000	8.586
1970.000	8.586
1971.000	8.586
1972.000	8.586
1973.000	8.586
1974.000	8.586
1975.000	8.586
1976.000	8.586
1977.000	8.586
1978.000	8.586
1979.000	8.586
1980.000	8.586
1981.000	8.586
1982.000	8.586
1983.000	8.586
1984.000	8.586
1985.000	8.586
1986.000	8.586
1987.000	8.586
1988.000	8.586
1989.000	8.586
1990.000	8.584
1991.000	8.584
1992.000	8.584
1993.000	8.576
1994.000	8.568
1995.000	8.560
1996.000	8.551
1997.000	8.543
1998.000	8.535
1999.000	8.527
2000.000	8.519
2001.000	8.511
2002.000	8.503
2003.000	8.503
2004.000	8.495
2005.000	8.486
2006.000	8.478
2007.000	8.470
2008.000	8.462
2009.000	8.454
2010.000	8.446
2011.000	8.438
2012.000	8.430
2013.000	8.422
2014.000	8.422
2015.000	8.413
2016.000	8.405
2017.000	8.397
2018.000	8.389
2019.000	8.381
2020.000	8.373
2021.000	8.365
2022.000	8.357
2023.000	8.349
2024.000	8.340
2025.000	8.332
2026.000	8.332
2027.000	8.324
2028.000	8.316
2029.000	8.308
2030.000	8.300
2031.000	8.292
2032.000	8.284
2033.000	8.276
2034.000	8.267
2035.000	8.259
2036.000	8.251
2037.000	8.251
2038.000	8.243
2039.000	8.235
2040.000	8.227
2041.000	8.219
2042.000	8.211
2043.000	8.203
2044.000	8.194
2045.000	8.186
2046.000	8.178
2047.000	8.170
2048.000	8.170
2049.000	8.162
2050.000	8.154
2051.000	8.146
2052.000	8.138
2053.000	8.130
2054.000	8.121
2055.000	8.113
2056.000	8.105
2057.000	8.097
2058.000	8.089
2059.000	8.089
2060.000	8.081
2061.000	8.073
2062.000	8.065
2063.000	8.057
2064.000	8.049
2065.000	8.040
2066.000	8.032
2067.000	8.024
2068.000	8.016
2069.000	8.008
2070.000	8.008
2071.000	8.000
2072.000	7.992
2073.000	7.984
2074.000	7.976
2075.000	7.967
2076.000	7.959
2077.000	7.951
2078.000	7.943
2079.000	7.935
2080.000	7.927
2081.000	7.927
2082.000	7.919
2083.000	7.911
2084.000	7.903
2085.000	7.895
2086.000	7.886
2087.000	7.878
2088.000	7.870
2089.000	7.862
2090.000	7.854
2091.000	7.846
2092.000	7.846
2093.000	7.838
2094.000	7.830
2095.000	7.822
2096.000	7.814
2097.000	7.805
2098.000	7.797
2099.000	7.789
2100.000	7.781
2101.000	7.773
2102.000	7.765
2103.000	7.757
2104.000	7.757
2105.000	7.749
2106.000	7.741
2107.000	7.733
2108.000	7.725
2109.000	7.716
2110.000	7.708
2111.000	7.700
2112.000	7.692
2113.000	7.684
2114.000	7.676
2115.000	7.676
2116.000	7.668
2117.000	7.660
2118.000	7.652
2119.000	7.644
2120.000	7.635
2121.000	7.627
2122.000	7.619
2123.000	7.611
2124.000	7.603
2125.000	7.595
2126.000	7.595
2127.000	7.587
2128.000	7.579
2129.000	7.571
2130.000	7.563
2131.000	7.555
2132.000	7.546
2133.000	7.538
2134.000	7.530
2135.000	7.522
2136.000	7.514
2137.000	7.514
2138.000	7.506
2139.000	7.498
2140.000	7.490
2141.000	7.482
2142.000	7.474
2143.000	7.466
2144.000	7.457
2145.000	7.449
2146.000	7.441
2147.000	7.433
2148.000	7.433
2149.000	7.425
2150.000	7.417
2151.000	7.409
2152.000	7.401
2153.000	7.393
2154.000	7.385
2155.000	7.377
2156.000	7.368
2157.000	7.360
2158.000	7.352
2159.000	7.352
2160.000	7.344
2161.000	7.336
2162.000	7.328
2163.000	7.320
2164.000	7.312
2165.000	7.304
2166.000	7.296
2167.000	7.288
2168.000	7.280
2169.000	7.271
2170.000	7.263
2171.000	7.263
2172.000	7.255
2173.000	7.247
2174.000	7.239
2175.000	7.231
2176.000	7.223
2177.000	7.215
2178.000	7.207
2179.000	7.199
2180.000	7.191
2181.000	7.183
2182.000	7.183
2183.000	7.174
2184.000	7.166
2185.000	7.158
2186.000	7.150
2187.000	7.142
2188.000	7.134
2189.000	7.126
2190.000	7.118
2191.000	7.110
2192.000	7.102
2193.000	7.100
2194.000	7.092
2195.000	7.084
2196.000	7.076
2197.000	7.068
2198.000	7.060
2199.000	7.052
2200.000	7.044
2201.000	7.036
2202.000	7.028
2203.000	7.020
2204.000	7.018
2205.000	7.010
2206.000	7.002
2207.000	6.994
2208.000	6.986
2209.000	6.978
2210.000	6.970
2211.000	6.962
2212.000	6.954
2213.000	6.946
2214.000	6.938
2215.000	6.936
2216.000	6.928
2217.000	6.920
2218.000	6.912
2219.000	6.904
2220.000	6.896
2221.000	6.888
2222.000	6.880
2223.000	6.872
2224.000	6.864
2225.000	6.856
2226.000	6.854
2227.000	6.846
2228.000	6.838
2229.000	6.830
2230.000	6.822
2231.000	6.814
2232.000	6.806
2233.000	6.798
2234.000	6.790
2235.000	6.782
2236.000	6.774
2237.000	6.772
2238.000	6.764
2239.000	6.756
2240.000	6.748
2241.000	6.740
2242.000	6.732
2243.000	6.724
2244.000	6.716
2245.000	6.708
2246.000	6.700
2247.000	6.692
2248.000	6.684
2249.000	6.682
2250.000	6.674
2251.000	6.666
2252.000	6.658
2253.000	6.650
2254.000	6.642
2255.000	6.634
2256.000	6.626
2257.000	6.618
2258.000	6.610
2259.000	6.602
2260.000	6.600
2261.000	6.592
2262.000	6.584
2263.000	6.576
2264.000	6.568
2265.000	6.560
2266.000	6.552
2267.000	6.544
2268.000	6.536
2269.000	6.528
2270.000	6.520
2271.000	6.518
2272.000	6.510
2273.000	6.502
2274.000	6.494
2275.000	6.486
2276.000	6.478
2277.000	6.470
2278.000	6.462
2279.000	6.454
2280.000	6.446
2281.000	6.438
2282.000	6.437
2283.000	6.429
2284.000	6.420
2285.000	6.412
2286.000	6.404
2287.000	6.396
2288.000	6.388
2289.000	6.380
2290.000	6.372
2291.000	6.364
2292.000	6.356
2293.000	6.355
2294.000	6.347
2295.000	6.339
2296.000	6.330
2297.000	6.322
2298.000	6.314
2299.000	6.306
2300.000	6.298
2301.000	6.290
2302.000	6.282
2303.000	6.274
2304.000	6.273
2305.000	6.265
2306.000	6.257
2307.000	6.249
2308.000	6.241
2309.000	6.232
2310.000	6.224
2311.000	6.216
2312.000	6.208
2313.000	6.200
2314.000	6.192
2315.000	6.184
2316.000	6.183
2317.000	6.175
2318.000	6.167
2319.000	6.159
2320.000	6.151
2321.000	6.143
2322.000	6.135
2323.000	6.126
2324.000	6.118
2325.000	6.110
2326.000	6.102
2327.000	6.101
2328.000	6.093
2329.000	6.085
2330.000	6.077
2331.000	6.069
2332.000	6.061
2333.000	6.053
2334.000	6.045
2335.000	6.037
2336.000	6.029
2337.000	6.020
2338.000	6.019
2339.000	6.011
2340.000	6.003
2341.000	5.995
2342.000	5.987
2343.000	5.979
2344.000	5.971
2345.000	5.963
2346.000	5.955
2347.000	5.947
2348.000	5.939
2349.000	5.937
2350.000	5.929
2351.000	5.921
2352.000	5.913
2353.000	5.905
2354.000	5.897
2355.000	5.889
2356.000	5.881
2357.000	5.873
2358.000	5.865
2359.000	5.857
2360.000	5.856
2361.000	5.848
2362.000	5.839
2363.000	5.831
2364.000	5.823
2365.000	5.815
2366.000	5.807
2367.000	5.799
2368.000	5.791
2369.000	5.783
2370.000	5.775
2371.000	5.774
2372.000	5.766
2373.000	5.758
2374.000	5.750
2375.000	5.742
2376.000	5.734
2377.000	5.726
2378.000	5.717
2379.000	5.709
2380.000	5.701
2381.000	5.693
2382.000	5.685
2383.000	5.684
2384.000	5.676
2385.000	5.668
2386.000	5.660
2387.000	5.652
2388.000	5.644
2389.000	5.636
2390.000	5.628
2391.000	5.620
2392.000	5.612
2393.000	5.604
2394.000	5.602
2395.000	5.594
2396.000	5.586
2397.000	5.578
2398.000	5.570
2399.000	5.562
2400.000	5.554
2401.000	5.546
2402.000	5.538
2403.000	5.530
2404.000	5.522
2405.000	5.521
2406.000	5.513
2407.000	5.504
2408.000	5.496
2409.000	5.488
2410.000	5.480
2411.000	5.472
2412.000	5.464
2413.000	5.456
2414.000	5.448
2415.000	5.446
2416.000	5.445
2417.000	5.432
2418.000	5.431
2419.000	5.430
2420.000	5.429
2421.000	5.427
2422.000	5.426
2423.000	5.425
2424.000	5.424
2425.000	5.422
2426.000	5.421
2427.000	5.420
2428.000	5.419
2429.000	5.417
2430.000	5.416
2431.000	5.415
2432.000	5.414
2433.000	5.412
2434.000	5.411
2435.000	5.410
2436.000	5.409
2437.000	5.407
2438.000	5.406
2439.000	5.405
2440.000	5.403
2441.000	5.402
2442.000	5.401
2443.000	5.400
2444.000	5.398
2445.000	5.397
2446.000	5.396
2447.000	5.395
2448.000	5.393
2449.000	5.392
2450.000	5.391
2451.000	5.390
2452.000	5.388
2453.000	5.387
2454.000	5.386
2455.000	5.385
2456.000	5.383
2457.000	5.382
2458.000	5.381
2459.000	5.380
2460.000	5.378
2461.000	5.377
2462.000	5.376
2463.000	5.374
2464.000	5.373
2465.000	5.372
2466.000	5.371
2467.000	5.369
2468.000	5.368
2469.000	5.367
2470.000	5.366
2471.000	5.364
2472.000	5.363
2473.000	5.362
2474.000	5.361
2475.000	5.359
2476.000	5.358
2477.000	5.357
2478.000	5.356
2479.000	5.354
2480.000	5.353
2481.000	5.352
2482.000	5.351
2483.000	5.349
2484.000	5.348
2485.000	5.347
2486.000	5.346
2487.000	5.344
2488.000	5.343
2489.000	5.342
2490.000	5.340
2491.000	5.339
2492.000	5.338
2493.000	5.337
2494.000	5.335
2495.000	5.334
2496.000	5.333
2497.000	5.332
2498.000	5.330
2499.000	5.329
2500.000	5.328
2501.000	5.327
2502.000	5.325
2503.000	5.324
2504.000	5.323
2505.000	5.322
2506.000	5.320
2507.000	5.319
2508.000	5.318
2509.000	5.317
2510.000	5.315
2511.000	5.314
2512.000	5.313
2513.000	5.312
2514.000	5.310
2515.000	5.309
2516.000	5.308
2517.000	5.306
2518.000	5.305
2519.000	5.304
2520.000	5.303
2521.000	5.301
2522.000	5.300
2523.000	5.299
2524.000	5.298
2525.000	5.296
2526.000	5.295
2527.000	5.294
2528.000	5.293
2529.000	5.291
2530.000	5.290
2531.000	5.289
2532.000	5.288
2533.000	5.286
2534.000	5.285
2535.000	5.284
2536.000	5.283
2537.000	5.281
2538.000	5.280
2539.000	5.279
2540.000	5.278
2541.000	5.276
2542.000	5.275
2543.000	5.274
2544.000	5.272
2545.000	5.271
2546.000	5.270
2547.000	5.269
2548.000	5.267
2549.000	5.266
2550.000	5.265
2551.000	5.264
2552.000	5.262
2553.000	5.261
2554.000	5.260
2555.000	5.259
2556.000	5.257
2557.000	5.256
2558.000	5.255
2559.000	5.254
2560.000	5.252
2561.000	5.251
2562.000	5.250
2563.000	5.249
2564.000	5.247
2565.000	5.246
2566.000	5.245
2567.000	5.244
2568.000	5.242
2569.000	5.241
2570.000	5.240
2571.000	5.238
2572.000	5.237
2573.000	5.236
2574.000	5.235
2575.000	5.233
2576.000	5.232
2577.000	5.231
2578.000	5.230
2579.000	5.228
2580.000	5.227
2581.000	5.226
2582.000	5.225
2583.000	5.223
2584.000	5.222
2585.000	5.221
2586.000	5.220
2587.000	5.218
2588.000	5.217
2589.000	5.216
2590.000	5.215
2591.000	5.213
2592.000	5.212
2593.000	5.211
2594.000	5.209
2595.000	5.208
2596.000	5.207
2597.000	5.206
2598.000	5.204
2599.000	5.203
2600.000	5.202
2601.000	5.201
2602.000	5.199
2603.000	5.198
2604.000	5.197
2605.000	5.196
2606.000	5.194
2607.000	5.193
2608.000	5.192
2609.000	5.191
2610.000	5.189
2611.000	5.188
2612.000	5.187
2613.000	5.186
2614.000	5.184
2615.000	5.183
2616.000	5.182
2617.000	5.181
2618.000	5.179
2619.000	5.178
2620.000	5.177
2621.000	5.175
2622.000	5.174
2623.000	5.173
2624.000	5.172
2625.000	5.170
2626.000	5.169
2627.000	5.168
2628.000	5.167
2629.000	5.165
2630.000	5.164
2631.000	5.163
2632.000	5.162
2633.000	5.160
2634.000	5.159
2635.000	5.158
2636.000	5.157
2637.000	5.155
2638.000	5.154
2639.000	5.153
2640.000	5.152
2641.000	5.150
2642.000	5.149
2643.000	5.148
2644.000	5.147
2645.000	5.145
2646.000	5.144
2647.000	5.143
2648.000	5.141
2649.000	5.140
2650.000	5.139
2651.000	5.138
2652.000	5.136
2653.000	5.135
2654.000	5.134
2655.000	5.133
2656.000	5.131
2657.000	5.130
2658.000	5.129
2659.000	5.128
2660.000	5.126
2661.000	5.125
2662.000	5.124
2663.000	5.123
2664.000	5.121
2665.000	5.120
2666.000	5.119
2667.000	5.118
2668.000	5.116
2669.000	5.115
2670.000	5.114
2671.000	5.113
2672.000	5.111
2673.000	5.110
2674.000	5.109
2675.000	5.107
2676.000	5.106
2677.000	5.105
2678.000	5.104
2679.000	5.102
2680.000	5.101
2681.000	5.100
2682.000	5.099
2683.000	5.097
2684.000	5.096
2685.000	5.095
2686.000	5.094
2687.000	5.092
2688.000	5.091
2689.000	5.090
2690.000	5.089
2691.000	5.087
2692.000	5.086
2693.000	5.085
2694.000	5.084
2695.000	5.082
2696.000	5.081
2697.000	5.080
2698.000	5.079
2699.000	5.077
2700.000	5.076
2701.000	5.075
2702.000	5.073
2703.000	5.072
2704.000	5.071
2705.000	5.070
2706.000	5.068
2707.000	5.067
2708.000	5.066
2709.000	5.065
2710.000	5.063
2711.000	5.062
2712.000	5.061
2713.000	5.060
2714.000	5.058
2715.000	5.057
2716.000	5.056
2717.000	5.055
2718.000	5.053
2719.000	5.052
2720.000	5.051
2721.000	5.050
2722.000	5.048
2723.000	5.047
2724.000	5.046
2725.000	5.044
2726.000	5.043
2727.000	5.042
2728.000	5.041
2729.000	5.039
2730.000	5.038
2731.000	5.037
2732.000	5.036
2733.000	5.034
2734.000	5.033
2735.000	5.032
2736.000	5.031
2737.000	5.029
2738.000	5.028
2739.000	5.027
2740.000	5.026
2741.000	5.024
2742.000	5.023
2743.000	5.022
2744.000	5.021
2745.000	5.019
2746.000	5.018
2747.000	5.017
2748.000	5.016
2749.000	5.014
2750.000	5.013
2751.000	5.012
2752.000	5.010
2753.000	5.009
2754.000	5.008
2755.000	5.007
2756.000	5.005
2757.000	5.004
2758.000	5.003
2759.000	5.002
2760.000	5.000
2761.000	4.999
2762.000	4.998
2763.000	4.997
2764.000	4.995
2765.000	4.994
2766.000	4.993
2767.000	4.992
2768.000	4.990
2769.000	4.989
2770.000	4.988
2771.000	4.987
2772.000	4.985
2773.000	4.984
2774.000	4.983
2775.000	4.982
2776.000	4.980
2777.000	4.979
2778.000	4.978
2779.000	4.976
2780.000	4.975
2781.000	4.974
2782.000	4.973
2783.000	4.971
2784.000	4.970
2785.000	4.969
2786.000	4.968
2787.000	4.966
2788.000	4.965
2789.000	4.964
2790.000	4.963
2791.000	4.961
2792.000	4.960
2793.000	4.959
2794.000	4.958
2795.000	4.956
2796.000	4.955
2797.000	4.954
2798.000	4.953
2799.000	4.951
2800.000	4.950
2801.000	4.949
2802.000	4.948
2803.000	4.946
2804.000	4.945
2805.000	4.944
2806.000	4.942
2807.000	4.941
2808.000	4.940
2809.000	4.939
2810.000	4.937
2811.000	4.936
2812.000	4.935
2813.000	4.934
2814.000	4.932
2815.000	4.931
2816.000	4.930
2817.000	4.929
2818.000	4.927
2819.000	4.926
2820.000	4.925
2821.000	4.924
2822.000	4.922
2823.000	4.921
2824.000	4.920
2825.000	4.919
2826.000	4.917
2827.000	4.916
2828.000	4.915
2829.000	4.914
2830.000	4.912
2831.000	4.911
2832.000	4.910
2833.000	4.908
2834.000	4.907
2835.000	4.906
2836.000	4.905
2837.000	4.903
2838.000	4.902
2839.000	4.901
2840.000	4.900
2841.000	4.898
2842.000	4.897
2843.000	4.896
2844.000	4.895
2845.000	4.893
2846.000	4.892
2847.000	4.891
2848.000	4.890
2849.000	4.888
2850.000	4.887
2851.000	4.886
2852.000	4.885
2853.000	4.883
2854.000	4.882
2855.000	4.881
2856.000	4.879
2857.000	4.878
2858.000	4.877
2859.000	4.876
2860.000	4.874
2861.000	4.873
2862.000	4.872
2863.000	4.871
2864.000	4.869
2865.000	4.868
2866.000	4.867
2867.000	4.866
2868.000	4.864
2869.000	4.863
2870.000	4.862
2871.000	4.861
2872.000	4.859
2873.000	4.858
2874.000	4.857
2875.000	4.856
2876.000	4.854
2877.000	4.853
2878.000	4.852
2879.000	4.851
2880.000	4.849
2881.000	4.848
2882.000	4.847
2883.000	4.845
2884.000	4.844
2885.000	4.843
2886.000	4.842
2887.000	4.840
2888.000	4.839
2889.000	4.838
2890.000	4.837
2891.000	4.835
2892.000	4.834
2893.000	4.833
2894.000	4.832
2895.000	4.830
2896.000	4.829
2897.000	4.828
2898.000	4.827
2899.000	4.825
2900.000	4.824
2901.000	4.823
2902.000	4.822
2903.000	4.820
2904.000	4.819
2905.000	4.818
2906.000	4.817
2907.000	4.815
2908.000	4.814
2909.000	4.813
2910.000	4.811
2911.000	4.810
2912.000	4.809
2913.000	4.808
2914.000	4.806
2915.000	4.805
2916.000	4.804
2917.000	4.803
2918.000	4.801
2919.000	4.800
2920.000	4.799
2921.000	4.798
2922.000	4.796
2923.000	4.795
2924.000	4.794
2925.000	4.793
2926.000	4.791
2927.000	4.790
2928.000	4.789
2929.000	4.788
2930.000	4.786
2931.000	4.785
2932.000	4.784
2933.000	4.783
2934.000	4.781
2935.000	4.780
2936.000	4.779
2937.000	4.777
2938.000	4.776
2939.000	4.775
2940.000	4.774
2941.000	4.772
2942.000	4.771
2943.000	4.770
2944.000	4.769
2945.000	4.767
2946.000	4.766
2947.000	4.765
2948.000	4.764
2949.000	4.762
2950.000	4.761
2951.000	4.760
2952.000	4.759
2953.000	4.757
2954.000	4.756
2955.000	4.755
2956.000	4.754
2957.000	4.752
2958.000	4.751
2959.000	4.750
2960.000	4.749
2961.000	4.747
2962.000	4.746
2963.000	4.745
2964.000	4.743
2965.000	4.742
2966.000	4.741
2967.000	4.740
2968.000	4.738
2969.000	4.737
2970.000	4.736
2971.000	4.735
2972.000	4.733
2973.000	4.732
2974.000	4.731
2975.000	4.730
2976.000	4.728
2977.000	4.727
2978.000	4.726
2979.000	4.725
2980.000	4.723
2981.000	4.722
2982.000	4.721
2983.000	4.720
2984.000	4.718
2985.000	4.717
2986.000	4.716
2987.000	4.715
2988.000	4.713
2989.000	4.712
2990.000	4.711
2991.000	4.709
2992.000	4.708
2993.000	4.707
2994.000	4.706
2995.000	4.704
2996.000	4.703
2997.000	4.702
2998.000	4.701
2999.000	4.699
3000.000	4.698
3001.000	4.697
3002.000	4.696
3003.000	4.694
3004.000	4.693
3005.000	4.692
3006.000	4.691
3007.000	4.689
3008.000	4.688
3009.000	4.687
3010.000	4.686
3011.000	4.684
3012.000	4.683
3013.000	4.682
3014.000	4.680
3015.000	4.679
3016.000	4.678
3017.000	4.677
3018.000	4.675
3019.000	4.674
3020.000	4.673
3021.000	4.672
3022.000	4.670
3023.000	4.669
3024.000	4.668
3025.000	4.667
3026.000	4.665
3027.000	4.664
3028.000	4.663
3029.000	4.662
3030.000	4.660
3031.000	4.659
3032.000	4.658
3033.000	4.657
3034.000	4.655
3035.000	4.654
3036.000	4.653
3037.000	4.652
3038.000	4.650
3039.000	4.649
3040.000	4.648
3041.000	4.646
3042.000	4.645
3043.000	4.644
3044.000	4.643
3045.000	4.641
3046.000	4.640
3047.000	4.639
3048.000	4.638
3049.000	4.636
3050.000	4.635
3051.000	4.634
3052.000	4.633
3053.000	4.631
3054.000	4.630
3055.000	4.629
3056.000	4.628
3057.000	4.626
3058.000	4.625
3059.000	4.624
3060.000	4.623
3061.000	4.621
3062.000	4.620
3063.000	4.619
3064.000	4.618
3065.000	4.616
3066.000	4.615
3067.000	4.614
3068.000	4.612
3069.000	4.611
3070.000	4.610
3071.000	4.609
3072.000	4.607
3073.000	4.606
3074.000	4.605
3075.000	4.604
3076.000	4.602
3077.000	4.601
3078.000	4.600
3079.000	4.599
3080.000	4.597
3081.000	4.596
3082.000	4.595
3083.000	4.594
3084.000	4.592
3085.000	4.591
3086.000	4.590
3087.000	4.589
3088.000	4.587
3089.000	4.586
3090.000	4.585
3091.000	4.584
3092.000	4.582
3093.000	4.581
3094.000	4.580
3095.000	4.578
3096.000	4.577
3097.000	4.576
3098.000	4.575
3099.000	4.573
3100.000	4.572
3101.000	4.571
3102.000	4.570
3103.000	4.568
3104.000	4.567
3105.000	4.566
3106.000	4.565
3107.000	4.563
3108.000	4.562
3109.000	4.561
3110.000	4.560
3111.000	4.558
3112.000	4.557
3113.000	4.556
3114.000	4.555
3115.000	4.553
3116.000	4.552
3117.000	4.551
3118.000	4.550
3119.000	4.548
3120.000	4.547
3121.000	4.546
3122.000	4.544
3123.000	4.543
3124.000	4.542
3125.000	4.541
3126.000	4.539
3127.000	4.538
3128.000	4.537
3129.000	4.536
3130.000	4.534
3131.000	4.533
3132.000	4.532
3133.000	4.531
3134.000	4.529
3135.000	4.528
3136.000	4.527
3137.000	4.526
3138.000	4.524
3139.000	4.523
3140.000	4.522
3141.000	4.521
3142.000	4.519
3143.000	4.518
3144.000	4.517
3145.000	4.515
3146.000	4.514
3147.000	4.513
3148.000	4.512
3149.000	4.510
3150.000	4.509
3151.000	4.508
3152.000	4.507
3153.000	4.505
3154.000	4.504
3155.000	4.503
3156.000	4.502
3157.000	4.500
3158.000	4.499
3159.000	4.498
3160.000	4.497
3161.000	4.495
3162.000	4.494
3163.000	4.493
3164.000	4.492
3165.000	4.490
3166.000	4.489
3167.000	4.488
3168.000	4.487
3169.000	4.485
3170.000	4.484
3171.000	4.483
3172.000	4.481
3173.000	4.480
3174.000	4.479
3175.000	4.478
3176.000	4.476
3177.000	4.475
3178.000	4.474
3179.000	4.473
3180.000	4.471
3181.000	4.470
3182.000	4.469
3183.000	4.468
3184.000	4.466
3185.000	4.465
3186.000	4.464
3187.000	4.463
3188.000	4.461
3189.000	4.460
3190.000	4.459
3191.000	4.458
3192.000	4.456
3193.000	4.455
3194.000	4.454
3195.000	4.453
3196.000	4.451
3197.000	4.450
3198.000	4.449
3199.000	4.447
3200.000	4.446
3201.000	4.445
3202.000	4.444
3203.000	4.442
3204.000	4.441
3205.000	4.440
3206.000	4.439
3207.000	4.437
3208.000	4.436
3209.000	4.435
3210.000	4.434
3211.000	4.432
3212.000	4.431
3213.000	4.430
3214.000	4.429
3215.000	4.427
3216.000	4.426
3217.000	4.425
3218.000	4.424
3219.000	4.422
3220.000	4.421
3221.000	4.420
3222.000	4.419
3223.000	4.417
3224.000	4.416
3225.000	4.415
3226.000	4.413
3227.000	4.412
3228.000	4.411
3229.000	4.410
3230.000	4.408
3231.000	4.407
3232.000	4.406
3233.000	4.405
3234.000	4.403
3235.000	4.402
3236.000	4.401
3237.000	4.400
3238.000	4.398
3239.000	4.397
3240.000	4.396
3241.000	4.395
3242.000	4.393
3243.000	4.392
3244.000	4.391
3245.000	4.390
3246.000	4.388
3247.000	4.387
3248.000	4.386
3249.000	4.385
3250.000	4.383
3251.000	4.382
3252.000	4.381
3253.000	4.379
3254.000	4.378
3255.000	4.377
3256.000	4.376
3257.000	4.374
3258.000	4.373
3259.000	4.372
3260.000	4.371
3261.000	4.369
3262.000	4.368
3263.000	4.367
3264.000	4.366
3265.000	4.364
3266.000	4.363
3267.000	4.362
3268.000	4.361
3269.000	4.359
3270.000	4.358
3271.000	4.357
3272.000	4.356
3273.000	4.354
3274.000	4.353
3275.000	4.352
3276.000	4.350
3277.000	4.349
3278.000	4.348
3279.000	4.347
3280.000	4.345
3281.000	4.344
3282.000	4.343
3283.000	4.342
3284.000	4.340
3285.000	4.339
3286.000	4.338
3287.000	4.337
3288.000	4.335
3289.000	4.334
3290.000	4.333
3291.000	4.332
3292.000	4.330
3293.000	4.329
3294.000	4.328
3295.000	4.327
3296.000	4.325
3297.000	4.324
3298.000	4.323
3299.000	4.322
3300.000	4.320
3301.000	4.319
3302.000	4.318
3303.000	4.316
3304.000	4.315
3305.000	4.314
3306.000	4.313
3307.000	4.311
3308.000	4.310
3309.000	4.309
3310.000	4.308
3311.000	4.306
3312.000	4.305
3313.000	4.304
3314.000	4.303
3315.000	4.301
3316.000	4.300
3317.000	4.299
3318.000	4.298
3319.000	4.296
3320.000	4.295
3321.000	4.294
3322.000	4.293
3323.000	4.291
3324.000	4.290
3325.000	4.289
3326.000	4.288
3327.000	4.286
3328.000	4.285
3329.000	4.284
3330.000	4.282
3331.000	4.281
3332.000	4.280
3333.000	4.279
3334.000	4.277
3335.000	4.276
3336.000	4.275
3337.000	4.274
3338.000	4.272
3339.000	4.271
3340.000	4.270
3341.000	4.269
3342.000	4.267
3343.000	4.266
3344.000	4.265
3345.000	4.264
3346.000	4.262
3347.000	4.261
3348.000	4.260
3349.000	4.259
3350.000	4.257
3351.000	4.256
3352.000	4.255
3353.000	4.254
3354.000	4.252
3355.000	4.251
3356.000	4.250
3357.000	4.248
3358.000	4.247
3359.000	4.246
3360.000	4.245
3361.000	4.243
3362.000	4.242
3363.000	4.241
3364.000	4.240
3365.000	4.238
3366.000	4.237
3367.000	4.236
3368.000	4.235
3369.000	4.233
3370.000	4.232
3371.000	4.231
3372.000	4.230
3373.000	4.228
3374.000	4.227
3375.000	4.226
3376.000	4.225
3377.000	4.223
3378.000	4.222
3379.000	4.221
3380.000	4.220
3381.000	4.218
3382.000	4.217
3383.000	4.216
3384.000	4.214
3385.000	4.213
3386.000	4.212
3387.000	4.211
3388.000	4.209
3389.000	4.208
3390.000	4.207
3391.000	4.206
3392.000	4.204
3393.000	4.203
3394.000	4.202
3395.000	4.201
3396.000	4.199
3397.000	4.198
3398.000	4.197
3399.000	4.196
3400.000	4.194
3401.000	4.193
3402.000	4.192
3403.000	4.191
3404.000	4.189
3405.000	4.188
3406.000	4.187
3407.000	4.185
3408.000	4.184
3409.000	4.183
3410.000	4.182
3411.000	4.180
3412.000	4.179
3413.000	4.178
3414.000	4.177
3415.000	4.175
3416.000	4.174
3417.000	4.173
3418.000	4.172
3419.000	4.170
3420.000	4.169
3421.000	4.168
3422.000	4.167
3423.000	4.165
3424.000	4.164
3425.000	4.163
3426.000	4.162
3427.000	4.160
3428.000	4.159
3429.000	4.158
3430.000	4.157
3431.000	4.155
3432.000	4.154
3433.000	4.153
3434.000	4.151
3435.000	4.150
3436.000	4.149
3437.000	4.148
3438.000	4.146
3439.000	4.145
3440.000	4.144
3441.000	4.143
3442.000	4.141
3443.000	4.140
3444.000	4.139
3445.000	4.138
3446.000	4.136
3447.000	4.135
3448.000	4.134
3449.000	4.133
3450.000	4.131
3451.000	4.130
3452.000	4.129
3453.000	4.128
3454.000	4.126
3455.000	4.125
3456.000	4.124
3457.000	4.123
3458.000	4.121
3459.000	4.120
3460.000	4.119
3461.000	4.117
3462.000	4.116
3463.000	4.115
3464.000	4.114
3465.000	4.112
3466.000	4.111
3467.000	4.110
3468.000	4.109
3469.000	4.107
3470.000	4.106
3471.000	4.105
3472.000	4.104
3473.000	4.102
3474.000	4.101
3475.000	4.100
3476.000	4.099
3477.000	4.097
3478.000	4.096
3479.000	4.095
3480.000	4.094
3481.000	4.092
3482.000	4.091
3483.000	4.090
3484.000	4.089
3485.000	4.087
3486.000	4.086
3487.000	4.085
3488.000	4.083
3489.000	4.082
3490.000	4.081
3491.000	4.080
3492.000	4.078
3493.000	4.077
3494.000	4.076
3495.000	4.075
3496.000	4.073
3497.000	4.072
3498.000	4.071
3499.000	4.070
3500.000	4.068
3501.000	4.067
3502.000	4.066
3503.000	4.065
3504.000	4.063
3505.000	4.062
3506.000	4.061
3507.000	4.060
3508.000	4.058
3509.000	4.057
3510.000	4.056
3511.000	4.055
3512.000	4.053
3513.000	4.052
3514.000	4.051
3515.000	4.049
3516.000	4.048
3517.000	4.047
3518.000	4.046
3519.000	4.044
3520.000	4.043
3521.000	4.042
3522.000	4.041
3523.000	4.039
3524.000	4.038
3525.000	4.037
3526.000	4.036
3527.000	4.034
3528.000	4.033
3529.000	4.032
3530.000	4.031
3531.000	4.029
3532.000	4.028
3533.000	4.027
3534.000	4.026
3535.000	4.024
3536.000	4.023
3537.000	4.022
3538.000	4.021
3539.000	4.019
3540.000	4.018
3541.000	4.017
3542.000	4.015
3543.000	4.014
3544.000	4.013
3545.000	4.012
3546.000	4.010
3547.000	4.009
3548.000	4.008
3549.000	4.007
3550.000	4.005
3551.000	4.004
3552.000	4.003
3553.000	4.002
3554.000	4.000
3555.000	3.999
3556.000	3.998
3557.000	3.997
3558.000	3.995
3559.000	3.994
3560.000	3.993
3561.000	3.992
3562.000	3.990
3563.000	3.989
3564.000	3.988
3565.000	3.986
3566.000	3.985
3567.000	3.984
3568.000	3.983
3569.000	3.981
3570.000	3.980
3571.000	3.979
3572.000	3.978
3573.000	3.976
3574.000	3.975
3575.000	3.974
3576.000	3.973
3577.000	3.971
3578.000	3.970
3579.000	3.969
3580.000	3.968
3581.000	3.966
3582.000	3.965
3583.000	3.964
3584.000	3.963
3585.000	3.961
3586.000	3.960
3587.000	3.959
3588.000	3.958
3589.000	3.956
3590.000	3.955
3591.000	3.954
3592.000	3.952
3593.000	3.951
3594.000	3.950
3595.000	3.949
3596.000	3.947
3597.000	3.946
3598.000	3.945
3599.000	3.944
3600.000	3.942
3601.000	3.941
3602.000	3.940
3603.000	3.939
3604.000	3.937
3605.000	3.936
3606.000	3.935
3607.000	3.934
3608.000	3.932
3609.000	3.931
3610.000	3.930
3611.000	3.929
3612.000	3.927
3613.000	3.926
3614.000	3.925
3615.000	3.924
3616.000	3.922
3617.000	3.921
3618.000	3.920
3619.000	3.918
3620.000	3.917
3621.000	3.916
3622.000	3.915
3623.000	3.913
3624.000	3.912
3625.000	3.911
3626.000	3.910
3627.000	3.908
3628.000	3.907
3629.000	3.906
3630.000	3.905
3631.000	3.903
3632.000	3.902
3633.000	3.901
3634.000	3.900
3635.000	3.898
3636.000	3.897
3637.000	3.896
3638.000	3.895
3639.000	3.893
3640.000	3.892
3641.000	3.891
3642.000	3.890
3643.000	3.888
3644.000	3.887
3645.000	3.886
3646.000	3.884
3647.000	3.883
3648.000	3.882
3649.000	3.881
3650.000	3.879
3651.000	3.878
3652.000	3.877
3653.000	3.876
3654.000	3.874
3655.000	3.873
3656.000	3.872
3657.000	3.871
3658.000	3.869
3659.000	3.868
3660.000	3.867
3661.000	3.866
3662.000	3.864
3663.000	3.863
3664.000	3.862
3665.000	3.861
3666.000	3.859
3667.000	3.858
3668.000	3.857
3669.000	3.856
3670.000	3.854
3671.000	3.853
3672.000	3.852
3673.000	3.850
3674.000	3.849
3675.000	3.848
3676.000	3.847
3677.000	3.845
3678.000	3.844
3679.000	3.843
3680.000	3.842
3681.000	3.840
3682.000	3.839
3683.000	3.838
3684.000	3.837
3685.000	3.835
3686.000	3.834
3687.000	3.833
3688.000	3.832
3689.000	3.830
3690.000	3.829
3691.000	3.828
3692.000	3.827
3693.000	3.825
3694.000	3.824
3695.000	3.823
3696.000	3.821
3697.000	3.820
3698.000	3.819
3699.000	3.818
3700.000	3.816
3701.000	3.815
3702.000	3.814
3703.000	3.813
3704.000	3.811
3705.000	3.810
3706.000	3.809
3707.000	3.808
3708.000	3.806
3709.000	3.805
3710.000	3.804
3711.000	3.803
3712.000	3.801
3713.000	3.800
3714.000	3.799
3715.000	3.798
3716.000	3.796
3717.000	3.795
3718.000	3.794
3719.000	3.792
3720.000	3.791
3721.000	3.790
3722.000	3.789
3723.000	3.787
3724.000	3.786
3725.000	3.785
3726.000	3.784
3727.000	3.782
3728.000	3.781
3729.000	3.780
3730.000	3.779
3731.000	3.777
3732.000	3.776
3733.000	3.775
3734.000	3.773
3735.000	3.772
3736.000	3.771
3737.000	3.770
3738.000	3.768
3739.000	3.767
3740.000	3.766
3741.000	3.764
3742.000	3.763
3743.000	3.762
3744.000	3.761
3745.000	3.759
3746.000	3.758
3747.000	3.757
3748.000	3.756
3749.000	3.754
3750.000	3.753
3751.000	3.752
3752.000	3.750
3753.000	3.749
3754.000	3.748
3755.000	3.747
3756.000	3.745
3757.000	3.744
3758.000	3.743
3759.000	3.742
3760.000	3.740
3761.000	3.739
3762.000	3.738
3763.000	3.737
3764.000	3.735
3765.000	3.734
3766.000	3.733
3767.000	3.732
3768.000	3.730
3769.000	3.729
3770.000	3.728
3771.000	3.727
3772.000	3.725
3773.000	3.724
3774.000	3.723
3775.000	3.722
3776.000	3.720
3777.000	3.719
3778.000	3.718
3779.000	3.716
3780.000	3.715
3781.000	3.714
3782.000	3.713
3783.000	3.711
3784.000	3.710
3785.000	3.709
3786.000	3.708
3787.000	3.706
3788.000	3.705
3789.000	3.704
3790.000	3.703
3791.000	3.701
3792.000	3.700
3793.000	3.699
3794.000	3.698
3795.000	3.696
3796.000	3.695
3797.000	3.694
3798.000	3.693
3799.000	3.691
3800.000	3.690
3801.000	3.689
3802.000	3.688
3803.000	3.686
3804.000	3.685
3805.000	3.684
3806.000	3.682
3807.000	3.681
3808.000	3.680
3809.000	3.679
3810.000	3.677
3811.000	3.676
3812.000	3.675
3813.000	3.674
3814.000	3.672
3815.000	3.671
3816.000	3.670
3817.000	3.669
3818.000	3.667
3819.000	3.666
3820.000	3.665
3821.000	3.664
3822.000	3.662
3823.000	3.661
3824.000	3.660
3825.000	3.659
3826.000	3.657
3827.000	3.656
3828.000	3.655
3829.000	3.654
3830.000	3.652
3831.000	3.651
3832.000	3.650
3833.000	3.648
3834.000	3.647
3835.000	3.646
3836.000	3.645
3837.000	3.643
3838.000	3.642
3839.000	3.641
3840.000	3.640
3841.000	3.638
3842.000	3.637
3843.000	3.636
3844.000	3.635
3845.000	3.633
3846.000	3.632
3847.000	3.631
3848.000	3.630
3849.000	3.628
3850.000	3.627
3851.000	3.626
3852.000	3.625
3853.000	3.623
3854.000	3.622
3855.000	3.621
3856.000	3.620
3857.000	3.618
3858.000	3.617
3859.000	3.616
3860.000	3.614
3861.000	3.613
3862.000	3.612
3863.000	3.611
3864.000	3.609
3865.000	3.608
3866.000	3.607
3867.000	3.606
3868.000	3.604
3869.000	3.603
3870.000	3.602
3871.000	3.601
3872.000	3.599
3873.000	3.598
3874.000	3.597
3875.000	3.596
3876.000	3.594
3877.000	3.593
3878.000	3.592
3879.000	3.591
3880.000	3.589
3881.000	3.588
3882.000	3.587
3883.000	3.585
3884.000	3.584
3885.000	3.583
3886.000	3.582
3887.000	3.580
3888.000	3.579
3889.000	3.578
3890.000	3.577
3891.000	3.575
3892.000	3.574
3893.000	3.573
3894.000	3.572
3895.000	3.570
3896.000	3.569
3897.000	3.568
3898.000	3.567
3899.000	3.565
3900.000	3.564
3901.000	3.563
3902.000	3.562
3903.000	3.560
3904.000	3.559
3905.000	3.558
3906.000	3.557
3907.000	3.555
3908.000	3.554
3909.000	3.553
3910.000	3.551
3911.000	3.550
3912.000	3.549
3913.000	3.548
3914.000	3.546
3915.000	3.545
3916.000	3.544
3917.000	3.543
3918.000	3.541
3919.000	3.540
3920.000	3.539
3921.000	3.538
3922.000	3.536
3923.000	3.535
3924.000	3.534
3925.000	3.533
3926.000	3.531
3927.000	3.530
3928.000	3.529
3929.000	3.528
3930.000	3.526
3931.000	3.525
3932.000	3.524
3933.000	3.523
3934.000	3.521
3935.000	3.520
3936.000	3.519
3937.000	3.517
3938.000	3.516
3939.000	3.515
3940.000	3.514
3941.000	3.512
3942.000	3.511
3943.000	3.510
3944.000	3.509
3945.000	3.507
3946.000	3.506
3947.000	3.505
3948.000	3.504
3949.000	3.502
3950.000	3.501
3951.000	3.500
3952.000	3.499
3953.000	3.497
3954.000	3.496
3955.000	3.495
3956.000	3.494
3957.000	3.492
3958.000	3.491
3959.000	3.490
3960.000	3.489
3961.000	3.487
3962.000	3.486
3963.000	3.485
3964.000	3.483
3965.000	3.482
3966.000	3.481
3967.000	3.480
3968.000	3.478
3969.000	3.477
3970.000	3.476
3971.000	3.475
3972.000	3.473
3973.000	3.472
3974.000	3.471
3975.000	3.470
3976.000	3.468
3977.000	3.467
3978.000	3.466
3979.000	3.465
3980.000	3.463
3981.000	3.462
3982.000	3.461
3983.000	3.460
3984.000	3.458
3985.000	3.457
3986.000	3.456
3987.000	3.455
3988.000	3.453
3989.000	3.452
3990.000	3.451
3991.000	3.449
3992.000	3.448
3993.000	3.447
3994.000	3.446
3995.000	3.444
3996.000	3.443
3997.000	3.442
3998.000	3.441
3999.000	3.439
4000.000	3.438
4001.000	3.437
4002.000	3.436
4003.000	3.434
4004.000	3.433
4005.000	3.432
4006.000	3.431
4007.000	3.429
4008.000	3.428
4009.000	3.427
4010.000	3.426
4011.000	3.424
4012.000	3.423
4013.000	3.422
4014.000	3.420
4015.000	3.419
4016.000	3.418
4017.000	3.417
4018.000	3.415
4019.000	3.414
4020.000	3.413
4021.000	3.412
4022.000	3.410
4023.000	3.409
4024.000	3.408
4025.000	3.407
4026.000	3.405
4027.000	3.404
4028.000	3.403
4029.000	3.402
4030.000	3.400
4031.000	3.399
4032.000	3.398
4033.000	3.397
4034.000	3.395
4035.000	3.394
4036.000	3.393
4037.000	3.392
4038.000	3.390
4039.000	3.389
4040.000	3.388
4041.000	3.386
4042.000	3.385
4043.000	3.384
4044.000	3.383
4045.000	3.381
4046.000	3.380
4047.000	3.379
4048.000	3.378
4049.000	3.376
4050.000	3.375
4051.000	3.374
4052.000	3.373
4053.000	3.371
4054.000	3.370
4055.000	3.369
4056.000	3.368
4057.000	3.363
4058.000	3.362
4059.000	3.361
4060.000	3.360
4061.000	3.358
4062.000	3.357
4063.000	3.356
4064.000	3.355
4065.000	3.353
4066.000	3.352
4067.000	3.351
4068.000	3.350
4069.000	3.348
4070.000	3.347
4071.000	3.346
4072.000	3.338
4073.000	3.337
4074.000	3.336
4075.000	3.335
4076.000	3.333
4077.000	3.332
4078.000	3.331
4079.000	3.330
4080.000	3.328
4081.000	3.327
4082.000	3.326
4083.000	3.324
4084.000	3.309
4085.000	3.306
4086.000	3.305
4087.000	3.304
4088.000	3.303
4089.000	3.301
4090.000	3.300
4091.000	3.299
4092.000	3.298
4093.000	3.296
4094.000	3.295
4095.000	0.000
