0.000	21.596
1.000	21.348
2.000	21.099
3.000	20.851
4.000	20.603
5.000	20.355
6.000	20.107
7.000	19.858
8.000	19.610
9.000	19.362
10.000	19.098
11.000	18.850
12.000	18.850
13.000	18.835
14.000	18.820
15.000	18.805
16.000	18.790
17.000	18.698
18.000	18.683
19.000	18.597
20.000	18.519
21.000	18.449
22.000	18.386
23.000	18.330
24.000	18.281
25.000	18.238
26.000	18.203
27.000	18.175
28.000	18.154
29.000	18.139
30.000	18.125
31.000	18.110
32.000	18.095
33.000	18.080
34.000	18.066
35.000	18.051
36.000	18.036
37.000	18.021
38.000	18.006
39.000	17.991
40.000	17.976
41.000	17.962
42.000	17.947
43.000	17.932
44.000	17.917
45.000	17.902
46.000	17.887
47.000	17.873
48.000	17.858
49.000	17.843
50.000	17.828
51.000	17.813
52.000	17.798
53.000	17.784
54.000	17.769
55.000	17.754
56.000	17.739
57.000	17.724
58.000	17.709
59.000	17.695
60.000	17.680
61.000	17.665
62.000	17.650
63.000	17.635
64.000	17.620
65.000	17.606
66.000	17.591
67.000	17.576
68.000	17.561
69.000	17.546
70.000	17.531
71.000	17.516
72.000	17.502
73.000	17.487
74.000	17.472
75.000	17.457
76.000	17.442
77.000	17.427
78.000	17.413
79.000	17.398
80.000	17.383
81.000	17.368
82.000	17.353
83.000	17.338
84.000	17.324
85.000	17.309
86.000	17.294
87.000	17.279
88.000	17.264
89.000	17.249
90.000	17.235
91.000	17.220
92.000	17.205
93.000	17.190
94.000	17.175
95.000	17.160
96.000	17.146
97.000	17.131
98.000	17.116
99.000	17.101
100.000	17.086
101.000	17.071
102.000	17.056
103.000	17.042
104.000	17.027
105.000	17.012
106.000	16.997
107.000	16.982
108.000	16.967
109.000	16.953
110.000	16.938
111.000	16.923
112.000	16.908
113.000	16.893
114.000	16.878
115.000	16.864
116.000	16.849
117.000	16.834
118.000	16.819
119.000	16.804
120.000	16.789
121.000	16.775
122.000	16.760
123.000	16.745
124.000	16.730
125.000	16.715
126.000	16.700
127.000	16.686
128.000	16.671
129.000	16.656
130.000	16.641
131.000	16.626
132.000	16.611
133.000	16.596
134.000	16.582
135.000	16.567
136.000	16.552
137.000	16.537
138.000	16.522
139.000	16.507
140.000	16.493
141.000	16.478
142.000	16.463
143.000	16.448
144.000	16.433
145.000	16.418
146.000	16.404
147.000	16.389
148.000	16.374
149.000	16.359
150.000	16.344
151.000	16.329
152.000	16.315
153.000	16.300
154.000	16.285
155.000	16.270
156.000	16.255
157.000	16.240
158.000	16.226
159.000	16.211
160.000	16.196
161.000	16.181
162.000	16.166
163.000	16.151
164.000	16.136
165.000	16.122
166.000	16.107
167.000	16.092
168.000	16.077
169.000	16.062
170.000	16.047
171.000	16.033
172.000	16.018
173.000	16.003
174.000	15.988
175.000	15.973
176.000	15.958
177.000	15.944
178.000	15.929
179.000	15.914
180.000	15.899
181.000	15.884
182.000	15.869
183.000	15.855
184.000	15.840
185.000	15.825
186.000	15.810
187.000	15.795
188.000	15.779
189.000	15.764
190.000	15.748
191.000	15.731
192.000	15.715
193.000	15.698
194.000	15.681
195.000	15.664
196.000	15.649
197.000	15.631
198.000	15.613
199.000	15.595
200.000	15.577
201.000	15.558
202.000	15.539
203.000	15.520
204.000	15.500
205.000	15.480
206.000	15.460
207.000	15.445
208.000	15.425
209.000	15.404
210.000	15.383
211.000	15.362
212.000	15.341
213.000	15.319
214.000	15.297
215.000	15.275
216.000	15.252
217.000	15.230
218.000	15.204
219.000	15.181
220.000	15.158
221.000	15.134
222.000	15.111
223.000	15.087
224.000	15.062
225.000	15.038
226.000	15.013
227.000	14.988
228.000	14.963
229.000	14.938
230.000	14.907
231.000	14.882
232.000	14.856
233.000	14.830
234.000	14.803
235.000	14.777
236.000	14.750
237.000	14.723
238.000	14.696
239.000	14.668
240.000	14.641
241.000	14.610
242.000	14.582
243.000	14.554
244.000	14.526
245.000	14.497
246.000	14.468
247.000	14.439
248.000	14.410
249.000	14.381
250.000	14.351
251.000	14.321
252.000	14.291
253.000	14.260
254.000	14.230
255.000	14.200
256.000	14.169
257.000	14.138
258.000	14.108
259.000	14.077
260.000	14.047
261.000	14.016
262.000	13.986
263.000	13.955
264.000	13.924
265.000	13.894
266.000	13.863
267.000	13.833
268.000	13.802
269.000	13.771
270.000	13.741
271.000	13.710
272.000	13.680
273.000	13.645
274.000	13.614
275.000	13.580
276.000	13.546
277.000	13.512
278.000	13.480
279.000	13.447
280.000	13.415
281.000	13.383
282.000	13.352
283.000	13.321
284.000	13.291
285.000	13.261
286.000	13.231
287.000	13.201
288.000	13.172
289.000	13.144
290.000	13.116
291.000	13.088
292.000	13.061
293.000	13.034
294.000	13.008
295.000	12.982
296.000	12.951
297.000	12.925
298.000	12.900
299.000	12.875
300.000	12.851
301.000	12.827
302.000	12.804
303.000	12.781
304.000	12.758
305.000	12.736
306.000	12.714
307.000	12.692
308.000	12.662
309.000	12.641
310.000	12.620
311.000	12.600
312.000	12.580
313.000	12.560
314.000	12.541
315.000	12.522
316.000	12.504
317.000	12.486
318.000	12.469
319.000	12.468
320.000	12.450
321.000	12.434
322.000	12.417
323.000	12.401
324.000	12.385
325.000	12.370
326.000	12.355
327.000	12.340
328.000	12.326
329.000	12.312
330.000	12.312
331.000	12.298
332.000	12.285
333.000	12.272
334.000	12.260
335.000	12.248
336.000	12.236
337.000	12.224
338.000	12.213
339.000	12.203
340.000	12.192
341.000	12.192
342.000	12.182
343.000	12.172
344.000	12.163
345.000	12.154
346.000	12.145
347.000	12.137
348.000	12.129
349.000	12.121
350.000	12.114
351.000	12.107
352.000	12.106
353.000	12.100
354.000	12.093
355.000	12.087
356.000	12.082
357.000	12.076
358.000	12.072
359.000	12.067
360.000	12.066
361.000	12.065
362.000	12.064
363.000	12.063
364.000	12.063
365.000	12.062
366.000	12.061
367.000	12.060
368.000	12.059
369.000	12.058
370.000	12.057
371.000	12.057
372.000	12.056
373.000	12.055
374.000	12.054
375.000	12.053
376.000	12.052
377.000	12.051
378.000	12.051
379.000	12.050
380.000	12.049
381.000	12.048
382.000	12.047
383.000	12.046
384.000	12.044
385.000	12.043
386.000	12.043
387.000	12.042
388.000	12.040
389.000	12.039
390.000	12.037
391.000	12.008
392.000	11.979
393.000	11.950
394.000	11.921
395.000	11.892
396.000	11.864
397.000	11.863
398.000	11.834
399.000	11.805
400.000	11.776
401.000	11.748
402.000	11.719
403.000	11.691
404.000	11.662
405.000	11.634
406.000	11.605
407.000	11.577
408.000	11.576
409.000	11.548
410.000	11.520
411.000	11.491
412.000	11.463
413.000	11.435
414.000	11.407
415.000	11.379
416.000	11.351
417.000	11.324
418.000	11.296
419.000	11.295
420.000	11.267
421.000	11.240
422.000	11.212
423.000	11.184
424.000	11.157
425.000	11.129
426.000	11.102
427.000	11.074
428.000	11.047
429.000	11.020
430.000	11.019
431.000	10.992
432.000	10.964
433.000	10.937
434.000	10.910
435.000	10.883
436.000	10.856
437.000	10.829
438.000	10.802
439.000	10.775
440.000	10.749
441.000	10.722
442.000	10.721
443.000	10.694
444.000	10.667
445.000	10.641
446.000	10.614
447.000	10.588
448.000	10.561
449.000	10.535
450.000	10.508
451.000	10.482
452.000	10.456
453.000	10.455
454.000	10.429
455.000	10.402
456.000	10.376
457.000	10.350
458.000	10.324
459.000	10.298
460.000	10.272
461.000	10.246
462.000	10.220
463.000	10.194
464.000	10.194
465.000	10.168
466.000	10.142
467.000	10.116
468.000	10.091
469.000	10.065
470.000	10.039
471.000	10.014
472.000	9.988
473.000	9.963
474.000	9.937
475.000	9.937
476.000	9.911
477.000	9.886
478.000	9.860
479.000	9.835
480.000	9.810
481.000	9.785
482.000	9.759
483.000	9.734
484.000	9.709
485.000	9.684
486.000	9.683
487.000	9.658
488.000	9.634
489.000	9.609
490.000	9.584
491.000	9.559
492.000	9.535
493.000	9.510
494.000	9.486
495.000	9.461
496.000	9.437
497.000	9.436
498.000	9.412
499.000	9.388
500.000	9.363
501.000	9.363
502.000	9.362
503.000	9.361
504.000	9.360
505.000	9.359
506.000	9.358
507.000	9.357
508.000	9.357
509.000	9.356
510.000	9.355
511.000	9.354
512.000	9.353
513.000	9.352
514.000	9.351
515.000	9.351
516.000	9.350
517.000	9.349
518.000	9.348
519.000	9.347
520.000	9.346
521.000	9.345
522.000	9.345
523.000	9.344
524.000	9.343
525.000	9.342
526.000	9.341
527.000	9.340
528.000	9.340
529.000	9.339
530.000	9.338
531.000	9.337
532.000	9.336
533.000	9.335
534.000	9.334
535.000	9.334
536.000	9.333
537.000	9.332
538.000	9.331
539.000	9.330
540.000	9.329
541.000	9.328
542.000	9.328
543.000	9.327
544.000	9.326
545.000	9.325
546.000	9.324
547.000	9.323
548.000	9.322
549.000	9.322
550.000	9.321
551.000	9.320
552.000	9.319
553.000	9.318
554.000	9.317
555.000	9.316
556.000	9.316
557.000	9.315
558.000	9.314
559.000	9.313
560.000	9.312
561.000	9.311
562.000	9.310
563.000	9.310
564.000	9.309
565.000	9.308
566.000	9.307
567.000	9.306
568.000	9.305
569.000	9.304
570.000	9.304
571.000	9.303
572.000	9.302
573.000	9.301
574.000	9.300
575.000	9.299
576.000	9.298
577.000	9.298
578.000	9.297
579.000	9.296
580.000	9.295
581.000	9.294
582.000	9.293
583.000	9.292
584.000	9.292
585.000	9.291
586.000	9.290
587.000	9.289
588.000	9.288
589.000	9.287
590.000	9.286
591.000	9.286
592.000	9.285
593.000	9.284
594.000	9.283
595.000	9.282
596.000	9.281
597.000	9.280
598.000	9.280
599.000	9.279
600.000	9.278
601.000	9.277
602.000	9.276
603.000	9.275
604.000	9.274
605.000	9.274
606.000	9.273
607.000	9.272
608.000	9.271
609.000	9.270
610.000	9.269
611.000	9.268
612.000	9.268
613.000	9.267
614.000	9.266
615.000	9.265
616.000	9.242
617.000	9.218
618.000	9.195
619.000	9.172
620.000	9.171
621.000	9.148
622.000	9.125
623.000	9.102
624.000	9.079
625.000	9.056
626.000	9.033
627.000	9.010
628.000	8.988
629.000	8.965
630.000	8.942
631.000	8.941
632.000	8.919
633.000	8.896
634.000	8.873
635.000	8.851
636.000	8.828
637.000	8.806
638.000	8.783
639.000	8.761
640.000	8.738
641.000	8.716
642.000	8.715
643.000	8.693
644.000	8.670
645.000	8.648
646.000	8.626
647.000	8.604
648.000	8.581
649.000	8.559
650.000	8.537
651.000	8.515
652.000	8.493
653.000	8.471
654.000	8.470
655.000	8.448
656.000	8.426
657.000	8.405
658.000	8.383
659.000	8.361
660.000	8.339
661.000	8.317
662.000	8.296
663.000	8.274
664.000	8.253
665.000	8.252
666.000	8.230
667.000	8.208
668.000	8.187
669.000	8.166
670.000	8.144
671.000	8.123
672.000	8.101
673.000	8.080
674.000	8.059
675.000	8.037
676.000	8.036
677.000	8.015
678.000	7.994
679.000	7.973
680.000	7.952
681.000	7.931
682.000	7.909
683.000	7.888
684.000	7.867
685.000	7.846
686.000	7.825
687.000	7.825
688.000	7.805
689.000	7.784
690.000	7.763
691.000	7.742
692.000	7.721
693.000	7.700
694.000	7.680
695.000	7.659
696.000	7.638
697.000	7.618
698.000	7.618
699.000	7.597
700.000	7.576
701.000	7.556
702.000	7.535
703.000	7.515
704.000	7.494
705.000	7.474
706.000	7.453
707.000	7.433
708.000	7.413
709.000	7.413
710.000	7.393
711.000	7.372
712.000	7.352
713.000	7.332
714.000	7.312
715.000	7.291
716.000	7.271
717.000	7.251
718.000	7.231
719.000	7.211
720.000	7.211
721.000	7.191
722.000	7.171
723.000	7.151
724.000	7.131
725.000	7.112
726.000	7.092
727.000	7.072
728.000	7.052
729.000	7.032
730.000	7.013
731.000	6.993
732.000	6.993
733.000	6.973
734.000	6.954
735.000	6.934
736.000	6.915
737.000	6.895
738.000	6.875
739.000	6.856
740.000	6.837
741.000	6.817
742.000	6.798
743.000	6.798
744.000	6.778
745.000	6.759
746.000	6.740
747.000	6.720
748.000	6.701
749.000	6.682
750.000	6.663
751.000	6.644
752.000	6.624
753.000	6.605
754.000	6.605
755.000	6.586
756.000	6.567
757.000	6.548
758.000	6.529
759.000	6.510
760.000	6.491
761.000	6.472
762.000	6.453
763.000	6.434
764.000	6.416
765.000	6.416
766.000	6.397
767.000	6.378
768.000	6.359
769.000	6.340
770.000	6.340
771.000	6.340
772.000	6.340
773.000	6.340
774.000	6.340
775.000	6.340
776.000	6.340
777.000	6.340
778.000	6.340
779.000	6.340
780.000	6.340
781.000	6.340
782.000	6.340
783.000	6.340
784.000	6.340
785.000	6.340
786.000	6.340
787.000	6.340
788.000	6.340
789.000	6.340
790.000	6.340
791.000	6.340
792.000	6.340
793.000	6.340
794.000	6.340
795.000	6.340
796.000	6.340
797.000	6.340
798.000	6.340
799.000	6.340
800.000	6.340
801.000	6.340
802.000	6.340
803.000	6.340
804.000	6.340
805.000	6.340
806.000	6.340
807.000	6.340
808.000	6.340
809.000	6.340
810.000	6.340
811.000	6.340
812.000	6.340
813.000	6.340
814.000	6.340
815.000	6.340
816.000	6.340
817.000	6.340
818.000	6.340
819.000	6.340
820.000	6.340
821.000	6.340
822.000	6.340
823.000	6.340
824.000	6.340
825.000	6.340
826.000	6.340
827.000	6.340
828.000	6.340
829.000	6.340
830.000	6.340
831.000	6.340
832.000	6.340
833.000	6.340
834.000	6.340
835.000	6.340
836.000	6.340
837.000	6.340
838.000	6.340
839.000	6.340
840.000	6.340
841.000	6.340
842.000	6.340
843.000	6.340
844.000	6.340
845.000	6.340
846.000	6.340
847.000	6.340
848.000	6.340
849.000	6.340
850.000	6.340
851.000	6.340
852.000	6.340
853.000	6.340
854.000	6.340
855.000	6.340
856.000	6.340
857.000	6.340
858.000	6.340
859.000	6.340
860.000	6.340
861.000	6.340
862.000	6.340
863.000	6.340
864.000	6.340
865.000	6.340
866.000	6.340
867.000	6.340
868.000	6.340
869.000	6.340
870.000	6.340
871.000	6.340
872.000	6.340
873.000	6.340
874.000	6.340
875.000	6.340
876.000	6.340
877.000	6.340
878.000	6.340
879.000	6.340
880.000	6.340
881.000	6.340
882.000	6.340
883.000	6.340
884.000	6.340
885.000	6.340
886.000	6.340
887.000	6.340
888.000	6.340
889.000	6.340
890.000	6.340
891.000	6.340
892.000	6.340
893.000	6.340
894.000	6.340
895.000	6.340
896.000	6.340
897.000	6.340
898.000	6.340
899.000	6.340
900.000	6.340
901.000	6.340
902.000	6.340
903.000	6.340
904.000	6.340
905.000	6.340
906.000	6.340
907.000	6.340
908.000	6.340
909.000	6.340
910.000	6.340
911.000	6.340
912.000	6.340
913.000	6.340
914.000	6.340
915.000	6.340
916.000	6.340
917.000	6.340
918.000	6.340
919.000	6.340
920.000	6.340
921.000	6.340
922.000	6.340
923.000	6.340
924.000	6.340
925.000	6.340
926.000	6.340
927.000	6.340
928.000	6.340
929.000	6.340
930.000	6.340
931.000	6.340
932.000	6.340
933.000	6.340
934.000	6.340
935.000	6.340
936.000	6.340
937.000	6.340
938.000	6.340
939.000	6.340
940.000	6.340
941.000	6.340
942.000	6.340
943.000	6.340
944.000	6.340
945.000	6.340
946.000	6.340
947.000	6.340
948.000	6.340
949.000	6.340
950.000	6.340
951.000	6.340
952.000	6.340
953.000	6.340
954.000	6.340
955.000	6.340
956.000	6.340
957.000	6.340
958.000	6.340
959.000	6.340
960.000	6.340
961.000	6.340
962.000	6.340
963.000	6.340
964.000	6.340
965.000	6.340
966.000	6.340
967.000	6.340
968.000	6.340
969.000	6.340
970.000	6.340
971.000	6.340
972.000	6.340
973.000	6.340
974.000	6.340
975.000	6.340
976.000	6.340
977.000	6.340
978.000	6.340
979.000	6.340
980.000	6.340
981.000	6.340
982.000	6.340
983.000	6.340
984.000	6.340
985.000	6.340
986.000	6.340
987.000	6.340
988.000	6.340
989.000	6.340
990.000	6.340
991.000	6.340
992.000	6.340
993.000	6.340
994.000	6.340
995.000	6.340
996.000	6.340
997.000	6.340
998.000	6.340
999.000	6.340
1000.000	6.340
1001.000	6.340
1002.000	6.340
1003.000	6.340
1004.000	6.340
1005.000	6.340
1006.000	6.340
1007.000	6.340
1008.000	6.340
1009.000	6.340
1010.000	6.340
1011.000	6.340
1012.000	6.340
1013.000	6.340
1014.000	6.340
1015.000	6.340
1016.000	6.340
1017.000	6.340
1018.000	6.340
1019.000	6.340
1020.000	6.340
1021.000	6.340
1022.000	6.340
1023.000	6.340
1024.000	6.340
1025.000	6.340
1026.000	6.340
1027.000	6.340
1028.000	6.340
1029.000	6.340
1030.000	6.340
1031.000	6.340
1032.000	6.340
1033.000	6.340
1034.000	6.340
1035.000	6.340
1036.000	6.340
1037.000	6.340
1038.000	6.340
1039.000	6.340
1040.000	6.340
1041.000	6.340
1042.000	6.340
1043.000	6.340
1044.000	6.340
1045.000	6.340
1046.000	6.340
1047.000	6.340
1048.000	6.340
1049.000	6.340
1050.000	6.340
1051.000	6.340
1052.000	6.340
1053.000	6.340
1054.000	6.340
1055.000	6.340
1056.000	6.340
1057.000	6.340
1058.000	6.340
1059.000	6.340
1060.000	6.340
1061.000	6.340
1062.000	6.340
1063.000	6.340
1064.000	6.340
1065.000	6.340
1066.000	6.340
1067.000	6.340
1068.000	6.340
1069.000	6.340
1070.000	6.340
1071.000	6.340
1072.000	6.340
1073.000	6.340
1074.000	6.340
1075.000	6.340
1076.000	6.340
1077.000	6.340
1078.000	6.340
1079.000	6.340
1080.000	6.340
1081.000	6.340
1082.000	6.340
1083.000	6.340
1084.000	6.340
1085.000	6.340
1086.000	6.340
1087.000	6.340
1088.000	6.340
1089.000	6.340
1090.000	6.340
1091.000	6.340
1092.000	6.340
1093.000	6.340
1094.000	6.340
1095.000	6.340
1096.000	6.340
1097.000	6.340
1098.000	6.340
1099.000	6.340
1100.000	6.340
1101.000	6.340
1102.000	6.340
1103.000	6.340
1104.000	6.340
1105.000	6.340
1106.000	6.340
1107.000	6.340
1108.000	6.340
1109.000	6.340
1110.000	6.340
1111.000	6.340
1112.000	6.340
1113.000	6.340
1114.000	6.340
1115.000	6.340
1116.000	6.340
1117.000	6.340
1118.000	6.340
1119.000	6.340
1120.000	6.340
1121.000	6.340
1122.000	6.340
1123.000	6.340
1124.000	6.340
1125.000	6.340
1126.000	6.340
1127.000	6.340
1128.000	6.340
1129.000	6.340
1130.000	6.340
1131.000	6.340
1132.000	6.340
1133.000	6.340
1134.000	6.340
1135.000	6.340
1136.000	6.340
1137.000	6.340
1138.000	6.340
1139.000	6.340
1140.000	6.340
1141.000	6.340
1142.000	6.340
1143.000	6.340
1144.000	6.340
1145.000	6.340
1146.000	6.340
1147.000	6.340
1148.000	6.340
1149.000	6.340
1150.000	6.340
1151.000	6.340
1152.000	6.340
1153.000	6.340
1154.000	6.340
1155.000	6.340
1156.000	6.340
1157.000	6.340
1158.000	6.340
1159.000	6.340
1160.000	6.340
1161.000	6.340
1162.000	6.340
1163.000	6.340
1164.000	6.340
1165.000	6.340
1166.000	6.340
1167.000	6.340
1168.000	6.340
1169.000	6.340
1170.000	6.340
1171.000	6.340
1172.000	6.340
1173.000	6.340
1174.000	6.340
1175.000	6.340
1176.000	6.340
1177.000	6.340
1178.000	6.340
1179.000	6.340
1180.000	6.340
1181.000	6.340
1182.000	6.340
1183.000	6.340
1184.000	6.340
1185.000	6.340
1186.000	6.340
1187.000	6.340
1188.000	6.340
1189.000	6.340
1190.000	6.340
1191.000	6.340
1192.000	6.340
1193.000	6.340
1194.000	6.340
1195.000	6.340
1196.000	6.340
1197.000	6.340
1198.000	6.340
1199.000	6.340
1200.000	6.340
1201.000	6.340
1202.000	6.340
1203.000	6.340
1204.000	6.340
1205.000	6.340
1206.000	6.340
1207.000	6.340
1208.000	6.340
1209.000	6.340
1210.000	6.340
1211.000	6.340
1212.000	6.340
1213.000	6.340
1214.000	6.340
1215.000	6.340
1216.000	6.340
1217.000	6.340
1218.000	6.340
1219.000	6.340
1220.000	6.340
1221.000	6.340
1222.000	6.340
1223.000	6.340
1224.000	6.340
1225.000	6.340
1226.000	6.340
1227.000	6.340
1228.000	6.340
1229.000	6.340
1230.000	6.340
1231.000	6.340
1232.000	6.340
1233.000	6.340
1234.000	6.340
1235.000	6.340
1236.000	6.340
1237.000	6.340
1238.000	6.340
1239.000	6.340
1240.000	6.340
1241.000	6.340
1242.000	6.340
1243.000	6.340
1244.000	6.340
1245.000	6.340
1246.000	6.340
1247.000	6.340
1248.000	6.340
1249.000	6.340
1250.000	6.340
1251.000	6.340
1252.000	6.340
1253.000	6.340
1254.000	6.340
1255.000	6.340
1256.000	6.340
1257.000	6.340
1258.000	6.340
1259.000	6.340
1260.000	6.340
1261.000	6.340
1262.000	6.340
1263.000	6.340
1264.000	6.340
1265.000	6.340
1266.000	6.340
1267.000	6.340
1268.000	6.340
1269.000	6.340
1270.000	6.340
1271.000	6.340
1272.000	6.340
1273.000	6.340
1274.000	6.340
1275.000	6.340
1276.000	6.340
1277.000	6.340
1278.000	6.340
1279.000	6.340
1280.000	6.340
1281.000	6.340
1282.000	6.340
1283.000	6.340
1284.000	6.340
1285.000	6.340
1286.000	6.340
1287.000	6.340
1288.000	6.340
1289.000	6.340
1290.000	6.340
1291.000	6.340
1292.000	6.340
1293.000	6.340
1294.000	6.340
1295.000	6.340
1296.000	6.340
1297.000	6.340
1298.000	6.340
1299.000	6.340
1300.000	6.340
1301.000	6.340
1302.000	6.340
1303.000	6.340
1304.000	6.340
1305.000	6.340
1306.000	6.340
1307.000	6.340
1308.000	6.340
1309.000	6.340
1310.000	6.340
1311.000	6.340
1312.000	6.340
1313.000	6.340
1314.000	6.340
1315.000	6.340
1316.000	6.340
1317.000	6.340
1318.000	6.340
1319.000	6.340
1320.000	6.340
1321.000	6.340
1322.000	6.340
1323.000	6.340
1324.000	6.340
1325.000	6.340
1326.000	6.340
1327.000	6.340
1328.000	6.340
1329.000	6.340
1330.000	6.340
1331.000	6.340
1332.000	6.340
1333.000	6.340
1334.000	6.340
1335.000	6.340
1336.000	6.340
1337.000	6.340
1338.000	6.340
1339.000	6.340
1340.000	6.340
1341.000	6.340
1342.000	6.340
1343.000	6.340
1344.000	6.340
1345.000	6.340
1346.000	6.340
1347.000	6.340
1348.000	6.340
1349.000	6.340
1350.000	6.340
1351.000	6.340
1352.000	6.340
1353.000	6.340
1354.000	6.340
1355.000	6.340
1356.000	6.340
1357.000	6.340
1358.000	6.340
1359.000	6.340
1360.000	6.340
1361.000	6.340
1362.000	6.340
1363.000	6.340
1364.000	6.340
1365.000	6.340
1366.000	6.340
1367.000	6.340
1368.000	6.340
1369.000	6.340
1370.000	6.340
1371.000	6.340
1372.000	6.340
1373.000	6.340
1374.000	6.340
1375.000	6.340
1376.000	6.340
1377.000	6.340
1378.000	6.340
1379.000	6.340
1380.000	6.340
1381.000	6.340
1382.000	6.340
1383.000	6.340
1384.000	6.340
1385.000	6.340
1386.000	6.340
1387.000	6.340
1388.000	6.340
1389.000	6.340
1390.000	6.340
1391.000	6.340
1392.000	6.340
1393.000	6.340
1394.000	6.340
1395.000	6.340
1396.000	6.340
1397.000	6.340
1398.000	6.340
1399.000	6.340
1400.000	6.340
1401.000	6.340
1402.000	6.340
1403.000	6.340
1404.000	6.340
1405.000	6.340
1406.000	6.340
1407.000	6.340
1408.000	6.340
1409.000	6.340
1410.000	6.340
1411.000	6.340
1412.000	6.340
1413.000	6.340
1414.000	6.340
1415.000	6.340
1416.000	6.340
1417.000	6.340
1418.000	6.340
1419.000	6.340
1420.000	6.340
1421.000	6.340
1422.000	6.340
1423.000	6.340
1424.000	6.340
1425.000	6.340
1426.000	6.340
1427.000	6.340
1428.000	6.340
1429.000	6.340
1430.000	6.340
1431.000	6.340
1432.000	6.340
1433.000	6.340
1434.000	6.340
1435.000	6.340
1436.000	6.340
1437.000	6.340
1438.000	6.340
1439.000	6.340
1440.000	6.340
1441.000	6.340
1442.000	6.340
1443.000	6.340
1444.000	6.340
1445.000	6.340
1446.000	6.340
1447.000	6.340
1448.000	6.340
1449.000	6.340
1450.000	6.340
1451.000	6.340
1452.000	6.340
1453.000	6.340
1454.000	6.340
1455.000	6.340
1456.000	6.340
1457.000	6.340
1458.000	6.340
1459.000	6.340
1460.000	6.340
1461.000	6.340
1462.000	6.340
1463.000	6.340
1464.000	6.340
1465.000	6.340
1466.000	6.340
1467.000	6.340
1468.000	6.340
1469.000	6.340
1470.000	6.340
1471.000	6.340
1472.000	6.340
1473.000	6.340
1474.000	6.340
1475.000	6.340
1476.000	6.340
1477.000	6.340
1478.000	6.340
1479.000	6.340
1480.000	6.340
1481.000	6.340
1482.000	6.340
1483.000	6.340
1484.000	6.340
1485.000	6.340
1486.000	6.340
1487.000	6.340
1488.000	6.340
1489.000	6.340
1490.000	6.340
1491.000	6.340
1492.000	6.340
1493.000	6.340
1494.000	6.340
1495.000	6.340
1496.000	6.340
1497.000	6.340
1498.000	6.340
1499.000	6.340
1500.000	6.340
1501.000	6.340
1502.000	6.340
1503.000	6.340
1504.000	6.340
1505.000	6.340
1506.000	6.340
1507.000	6.340
1508.000	6.340
1509.000	6.340
1510.000	6.340
1511.000	6.340
1512.000	6.340
1513.000	6.340
1514.000	6.340
1515.000	6.340
1516.000	6.340
1517.000	6.340
1518.000	6.340
1519.000	6.340
1520.000	6.340
1521.000	6.340
1522.000	6.340
1523.000	6.340
1524.000	6.340
1525.000	6.340
1526.000	6.340
1527.000	6.340
1528.000	6.340
1529.000	6.340
1530.000	6.340
1531.000	6.340
1532.000	6.330
1533.000	6.320
1534.000	6.310
1535.000	6.310
1536.000	6.299
1537.000	6.289
1538.000	6.279
1539.000	6.268
1540.000	6.258
1541.000	6.248
1542.000	6.237
1543.000	6.227
1544.000	6.217
1545.000	6.207
1546.000	6.207
1547.000	6.196
1548.000	6.186
1549.000	6.176
1550.000	6.165
1551.000	6.155
1552.000	6.145
1553.000	6.135
1554.000	6.124
1555.000	6.114
1556.000	6.104
1557.000	6.104
1558.000	6.094
1559.000	6.083
1560.000	6.073
1561.000	6.063
1562.000	6.053
1563.000	6.043
1564.000	6.032
1565.000	6.022
1566.000	6.012
1567.000	6.002
1568.000	5.991
1569.000	5.991
1570.000	5.981
1571.000	5.971
1572.000	5.961
1573.000	5.951
1574.000	5.940
1575.000	5.930
1576.000	5.920
1577.000	5.910
1578.000	5.900
1579.000	5.889
1580.000	5.889
1581.000	5.879
1582.000	5.869
1583.000	5.859
1584.000	5.849
1585.000	5.839
1586.000	5.828
1587.000	5.818
1588.000	5.808
1589.000	5.798
1590.000	5.788
1591.000	5.788
1592.000	5.778
1593.000	5.768
1594.000	5.757
1595.000	5.747
1596.000	5.737
1597.000	5.727
1598.000	5.717
1599.000	5.707
1600.000	5.697
1601.000	5.687
1602.000	5.687
1603.000	5.676
1604.000	5.666
1605.000	5.656
1606.000	5.646
1607.000	5.636
1608.000	5.626
1609.000	5.616
1610.000	5.606
1611.000	5.596
1612.000	5.585
1613.000	5.585
1614.000	5.575
1615.000	5.565
1616.000	5.555
1617.000	5.545
1618.000	5.535
1619.000	5.525
1620.000	5.515
1621.000	5.505
1622.000	5.495
1623.000	5.485
1624.000	5.485
1625.000	5.475
1626.000	5.465
1627.000	5.455
1628.000	5.444
1629.000	5.434
1630.000	5.424
1631.000	5.414
1632.000	5.404
1633.000	5.394
1634.000	5.384
1635.000	5.374
1636.000	5.374
1637.000	5.364
1638.000	5.354
1639.000	5.344
1640.000	5.334
1641.000	5.324
1642.000	5.314
1643.000	5.304
1644.000	5.294
1645.000	5.284
1646.000	5.274
1647.000	5.274
1648.000	5.264
1649.000	5.254
1650.000	5.244
1651.000	5.234
1652.000	5.224
1653.000	5.214
1654.000	5.204
1655.000	5.194
1656.000	5.184
1657.000	5.174
1658.000	5.174
1659.000	5.164
1660.000	5.154
1661.000	5.144
1662.000	5.134
1663.000	5.124
1664.000	5.114
1665.000	5.104
1666.000	5.095
1667.000	5.085
1668.000	5.075
1669.000	5.075
1670.000	5.065
1671.000	5.055
1672.000	5.045
1673.000	5.035
1674.000	5.025
1675.000	5.015
1676.000	5.005
1677.000	4.995
1678.000	4.985
1679.000	4.975
1680.000	4.975
1681.000	4.965
1682.000	4.955
1683.000	4.946
1684.000	4.936
1685.000	4.926
1686.000	4.916
1687.000	4.906
1688.000	4.896
1689.000	4.886
1690.000	4.876
1691.000	4.875
1692.000	4.865
1693.000	4.856
1694.000	4.846
1695.000	4.836
1696.000	4.826
1697.000	4.816
1698.000	4.806
1699.000	4.796
1700.000	4.786
1701.000	4.777
1702.000	4.776
1703.000	4.766
1704.000	4.756
1705.000	4.746
1706.000	4.736
1707.000	4.726
1708.000	4.717
1709.000	4.707
1710.000	4.697
1711.000	4.687
1712.000	4.677
1713.000	4.667
1714.000	4.666
1715.000	4.657
1716.000	4.647
1717.000	4.637
1718.000	4.627
1719.000	4.617
1720.000	4.607
1721.000	4.598
1722.000	4.588
1723.000	4.578
1724.000	4.568
1725.000	4.567
1726.000	4.558
1727.000	4.548
1728.000	4.538
1729.000	4.528
1730.000	4.518
1731.000	4.509
1732.000	4.499
1733.000	4.489
1734.000	4.479
1735.000	4.469
1736.000	4.469
1737.000	4.459
1738.000	4.449
1739.000	4.439
1740.000	4.429
1741.000	4.420
1742.000	4.410
1743.000	4.400
1744.000	4.390
1745.000	4.381
1746.000	4.371
1747.000	4.370
1748.000	4.360
1749.000	4.350
1750.000	4.341
1751.000	4.331
1752.000	4.321
1753.000	4.311
1754.000	4.302
1755.000	4.292
1756.000	4.282
1757.000	4.272
1758.000	4.272
1759.000	4.262
1760.000	4.252
1761.000	4.242
1762.000	4.233
1763.000	4.223
1764.000	4.213
1765.000	4.204
1766.000	4.194
1767.000	4.184
1768.000	4.174
1769.000	4.174
1770.000	4.164
1771.000	4.154
1772.000	4.144
1773.000	4.135
1774.000	4.125
1775.000	4.115
1776.000	4.106
1777.000	4.096
1778.000	4.086
1779.000	4.077
1780.000	4.067
1781.000	4.066
1782.000	4.056
1783.000	4.047
1784.000	4.037
1785.000	4.027
1786.000	4.018
1787.000	4.008
1788.000	3.998
1789.000	3.989
1790.000	3.979
1791.000	3.969
1792.000	3.968
1793.000	3.959
1794.000	3.949
1795.000	3.939
1796.000	3.930
1797.000	3.920
1798.000	3.911
1799.000	3.901
1800.000	3.891
1801.000	3.882
1802.000	3.872
1803.000	3.871
1804.000	3.861
1805.000	3.852
1806.000	3.842
1807.000	3.833
1808.000	3.823
1809.000	3.813
1810.000	3.804
1811.000	3.794
1812.000	3.785
1813.000	3.775
1814.000	3.774
1815.000	3.764
1816.000	3.755
1817.000	3.745
1818.000	3.736
1819.000	3.726
1820.000	3.716
1821.000	3.707
1822.000	3.697
1823.000	3.688
1824.000	3.678
1825.000	3.677
1826.000	3.668
1827.000	3.658
1828.000	3.648
1829.000	3.639
1830.000	3.629
1831.000	3.620
1832.000	3.610
1833.000	3.601
1834.000	3.591
1835.000	3.581
1836.000	3.581
1837.000	3.571
1838.000	3.561
1839.000	3.552
1840.000	3.542
1841.000	3.533
1842.000	3.523
1843.000	3.514
1844.000	3.504
1845.000	3.495
1846.000	3.485
1847.000	3.476
1848.000	3.475
1849.000	3.465
1850.000	3.456
1851.000	3.446
1852.000	3.437
1853.000	3.427
1854.000	3.417
1855.000	3.408
1856.000	3.398
1857.000	3.389
1858.000	3.379
1859.000	3.379
1860.000	3.369
1861.000	3.359
1862.000	3.350
1863.000	3.340
1864.000	3.331
1865.000	3.321
1866.000	3.321
1867.000	3.320
1868.000	3.319
1869.000	3.318
1870.000	3.317
1871.000	3.316
1872.000	3.315
1873.000	3.314
1874.000	3.314
1875.000	3.313
1876.000	3.312
1877.000	3.311
1878.000	3.310
1879.000	3.309
1880.000	3.308
1881.000	3.307
1882.000	3.307
1883.000	3.306
1884.000	3.305
1885.000	3.304
1886.000	3.303
1887.000	3.302
1888.000	3.301
1889.000	3.300
1890.000	3.300
1891.000	3.299
1892.000	3.298
1893.000	3.297
1894.000	3.296
1895.000	3.295
1896.000	3.294
1897.000	3.293
1898.000	3.292
1899.000	3.292
1900.000	3.291
1901.000	3.290
1902.000	3.289
1903.000	3.288
1904.000	3.287
1905.000	3.286
1906.000	3.285
1907.000	3.285
1908.000	3.284
1909.000	3.283
1910.000	3.282
1911.000	3.281
1912.000	3.280
1913.000	3.279
1914.000	3.278
1915.000	3.278
1916.000	3.277
1917.000	3.276
1918.000	3.275
1919.000	3.274
1920.000	3.273
1921.000	3.272
1922.000	3.271
1923.000	3.271
1924.000	3.270
1925.000	3.269
1926.000	3.268
1927.000	3.267
1928.000	3.266
1929.000	3.265
1930.000	3.264
1931.000	3.263
1932.000	3.263
1933.000	3.262
1934.000	3.261
1935.000	3.260
1936.000	3.259
1937.000	3.258
1938.000	3.257
1939.000	3.256
1940.000	3.256
1941.000	3.255
1942.000	3.254
1943.000	3.253
1944.000	3.252
1945.000	3.251
1946.000	3.250
1947.000	3.249
1948.000	3.249
1949.000	3.248
1950.000	3.247
1951.000	3.246
1952.000	3.245
1953.000	3.244
1954.000	3.243
1955.000	3.242
1956.000	3.242
1957.000	3.241
1958.000	3.240
1959.000	3.239
1960.000	3.238
1961.000	3.237
1962.000	3.236
1963.000	3.235
1964.000	3.234
1965.000	3.234
1966.000	3.233
1967.000	3.232
1968.000	3.231
1969.000	3.230
1970.000	3.229
1971.000	3.228
1972.000	3.227
1973.000	3.227
1974.000	3.226
1975.000	3.225
1976.000	3.224
1977.000	3.223
1978.000	3.222
1979.000	3.221
1980.000	3.220
1981.000	3.220
1982.000	3.219
1983.000	3.218
1984.000	3.217
1985.000	3.216
1986.000	3.215
1987.000	3.214
1988.000	3.213
1989.000	3.213
1990.000	3.212
1991.000	3.211
1992.000	3.210
1993.000	3.209
1994.000	3.208
1995.000	3.207
1996.000	3.206
1997.000	3.205
1998.000	3.205
1999.000	3.204
2000.000	3.203
2001.000	3.202
2002.000	3.201
2003.000	3.200
2004.000	3.199
2005.000	3.198
2006.000	3.198
2007.000	3.197
2008.000	3.196
2009.000	3.195
2010.000	3.194
2011.000	3.193
2012.000	3.192
2013.000	3.191
2014.000	3.191
2015.000	3.190
2016.000	3.189
2017.000	3.188
2018.000	3.187
2019.000	3.186
2020.000	3.185
2021.000	3.184
2022.000	3.183
2023.000	3.183
2024.000	3.182
2025.000	3.181
2026.000	3.180
2027.000	3.179
2028.000	3.178
2029.000	3.177
2030.000	3.176
2031.000	3.176
2032.000	3.175
2033.000	3.174
2034.000	3.173
2035.000	3.172
2036.000	3.171
2037.000	3.170
2038.000	3.169
2039.000	3.169
2040.000	3.168
2041.000	3.167
2042.000	3.166
2043.000	3.165
2044.000	3.164
2045.000	3.163
2046.000	3.162
2047.000	3.162
2048.000	3.161
2049.000	3.160
2050.000	3.159
2051.000	3.158
2052.000	3.157
2053.000	3.156
2054.000	3.155
2055.000	3.154
2056.000	3.154
2057.000	3.153
2058.000	3.152
2059.000	3.151
2060.000	3.150
2061.000	3.149
2062.000	3.148
2063.000	3.147
2064.000	3.147
2065.000	3.146
2066.000	3.145
2067.000	3.144
2068.000	3.143
2069.000	3.142
2070.000	3.141
2071.000	3.140
2072.000	3.140
2073.000	3.139
2074.000	3.138
2075.000	3.137
2076.000	3.136
2077.000	3.135
2078.000	3.134
2079.000	3.133
2080.000	3.133
2081.000	3.132
2082.000	3.131
2083.000	3.130
2084.000	3.129
2085.000	3.128
2086.000	3.127
2087.000	3.126
2088.000	3.125
2089.000	3.125
2090.000	3.124
2091.000	3.123
2092.000	3.122
2093.000	3.121
2094.000	3.120
2095.000	3.119
2096.000	3.118
2097.000	3.118
2098.000	3.117
2099.000	3.116
2100.000	3.115
2101.000	3.114
2102.000	3.113
2103.000	3.112
2104.000	3.111
2105.000	3.111
2106.000	3.110
2107.000	3.109
2108.000	3.108
2109.000	3.107
2110.000	3.106
2111.000	3.105
2112.000	3.104
2113.000	3.104
2114.000	3.103
2115.000	3.102
2116.000	3.101
2117.000	3.100
2118.000	3.099
2119.000	3.098
2120.000	3.097
2121.000	3.096
2122.000	3.096
2123.000	3.095
2124.000	3.094
2125.000	3.093
2126.000	3.092
2127.000	3.091
2128.000	3.090
2129.000	3.089
2130.000	3.089
2131.000	3.088
2132.000	3.087
2133.000	3.086
2134.000	3.085
2135.000	3.084
2136.000	3.083
2137.000	3.082
2138.000	3.082
2139.000	3.081
2140.000	3.080
2141.000	3.079
2142.000	3.078
2143.000	3.077
2144.000	3.076
2145.000	3.075
2146.000	3.075
2147.000	3.074
2148.000	3.073
2149.000	3.072
2150.000	3.071
2151.000	3.070
2152.000	3.069
2153.000	3.068
2154.000	3.067
2155.000	3.067
2156.000	3.066
2157.000	3.065
2158.000	3.064
2159.000	3.063
2160.000	3.062
2161.000	3.061
2162.000	3.060
2163.000	3.060
2164.000	3.059
2165.000	3.058
2166.000	3.057
2167.000	3.056
2168.000	3.055
2169.000	3.054
2170.000	3.053
2171.000	3.053
2172.000	3.052
2173.000	3.051
2174.000	3.050
2175.000	3.049
2176.000	3.048
2177.000	3.047
2178.000	3.046
2179.000	3.046
2180.000	3.045
2181.000	3.044
2182.000	3.043
2183.000	3.042
2184.000	3.041
2185.000	3.040
2186.000	3.039
2187.000	3.038
2188.000	3.038
2189.000	3.037
2190.000	3.036
2191.000	3.035
2192.000	3.034
2193.000	3.033
2194.000	3.032
2195.000	3.031
2196.000	3.031
2197.000	3.030
2198.000	3.029
2199.000	3.028
2200.000	3.027
2201.000	3.026
2202.000	3.025
2203.000	3.024
2204.000	3.024
2205.000	3.023
2206.000	3.022
2207.000	3.021
2208.000	3.020
2209.000	3.019
2210.000	3.018
2211.000	3.017
2212.000	3.017
2213.000	3.016
2214.000	3.015
2215.000	3.014
2216.000	3.013
2217.000	3.012
2218.000	3.011
2219.000	3.010
2220.000	3.009
2221.000	3.009
2222.000	3.008
2223.000	3.007
2224.000	3.006
2225.000	3.005
2226.000	3.004
2227.000	3.003
2228.000	3.002
2229.000	3.002
2230.000	3.001
2231.000	3.000
2232.000	2.999
2233.000	2.998
2234.000	2.997
2235.000	2.996
2236.000	2.995
2237.000	2.995
2238.000	2.994
2239.000	2.993
2240.000	2.992
2241.000	2.991
2242.000	2.990
2243.000	2.989
2244.000	2.988
2245.000	2.988
2246.000	2.987
2247.000	2.986
2248.000	2.985
2249.000	2.984
2250.000	2.983
2251.000	2.982
2252.000	2.981
2253.000	2.980
2254.000	2.980
2255.000	2.979
2256.000	2.978
2257.000	2.977
2258.000	2.976
2259.000	2.975
2260.000	2.974
2261.000	2.973
2262.000	2.973
2263.000	2.972
2264.000	2.971
2265.000	2.970
2266.000	2.969
2267.000	2.968
2268.000	2.967
2269.000	2.966
2270.000	2.966
2271.000	2.965
2272.000	2.964
2273.000	2.963
2274.000	2.962
2275.000	2.961
2276.000	2.960
2277.000	2.959
2278.000	2.959
2279.000	2.958
2280.000	2.957
2281.000	2.956
2282.000	2.955
2283.000	2.954
2284.000	2.953
2285.000	2.952
2286.000	2.951
2287.000	2.951
2288.000	2.950
2289.000	2.949
2290.000	2.948
2291.000	2.947
2292.000	2.946
2293.000	2.945
2294.000	2.944
2295.000	2.944
2296.000	2.943
2297.000	2.942
2298.000	2.941
2299.000	2.940
2300.000	2.939
2301.000	2.938
2302.000	2.937
2303.000	2.937
2304.000	2.936
2305.000	2.935
2306.000	2.934
2307.000	2.933
2308.000	2.932
2309.000	2.931
2310.000	2.930
2311.000	2.930
2312.000	2.929
2313.000	2.928
2314.000	2.927
2315.000	2.926
2316.000	2.925
2317.000	2.924
2318.000	2.923
2319.000	2.922
2320.000	2.922
2321.000	2.921
2322.000	2.920
2323.000	2.919
2324.000	2.918
2325.000	2.917
2326.000	2.916
2327.000	2.915
2328.000	2.915
2329.000	2.914
2330.000	2.913
2331.000	2.912
2332.000	2.911
2333.000	2.910
2334.000	2.909
2335.000	2.908
2336.000	2.908
2337.000	2.907
2338.000	2.906
2339.000	2.905
2340.000	2.904
2341.000	2.903
2342.000	2.902
2343.000	2.901
2344.000	2.901
2345.000	2.900
2346.000	2.899
2347.000	2.898
2348.000	2.897
2349.000	2.896
2350.000	2.895
2351.000	2.894
2352.000	2.893
2353.000	2.893
2354.000	2.892
2355.000	2.891
2356.000	2.890
2357.000	2.889
2358.000	2.888
2359.000	2.887
2360.000	2.886
2361.000	2.886
2362.000	2.885
2363.000	2.884
2364.000	2.883
2365.000	2.882
2366.000	2.881
2367.000	2.880
2368.000	2.879
2369.000	2.879
2370.000	2.878
2371.000	2.877
2372.000	2.876
2373.000	2.875
2374.000	2.874
2375.000	2.873
2376.000	2.872
2377.000	2.872
2378.000	2.871
2379.000	2.870
2380.000	2.869
2381.000	2.868
2382.000	2.867
2383.000	2.866
2384.000	2.865
2385.000	2.864
2386.000	2.864
2387.000	2.863
2388.000	2.862
2389.000	2.861
2390.000	2.860
2391.000	2.859
2392.000	2.858
2393.000	2.857
2394.000	2.857
2395.000	2.856
2396.000	2.855
2397.000	2.854
2398.000	2.853
2399.000	2.852
2400.000	2.851
2401.000	2.850
2402.000	2.850
2403.000	2.849
2404.000	2.848
2405.000	2.847
2406.000	2.846
2407.000	2.845
2408.000	2.844
2409.000	2.843
2410.000	2.843
2411.000	2.842
2412.000	2.841
2413.000	2.840
2414.000	2.839
2415.000	2.838
2416.000	2.837
2417.000	2.836
2418.000	2.835
2419.000	2.835
2420.000	2.834
2421.000	2.833
2422.000	2.832
2423.000	2.831
2424.000	2.830
2425.000	2.829
2426.000	2.828
2427.000	2.828
2428.000	2.827
2429.000	2.826
2430.000	2.825
2431.000	2.824
2432.000	2.823
2433.000	2.822
2434.000	2.821
2435.000	2.821
2436.000	2.820
2437.000	2.819
2438.000	2.818
2439.000	2.817
2440.000	2.816
2441.000	2.815
2442.000	2.814
2443.000	2.814
2444.000	2.813
2445.000	2.812
2446.000	2.811
2447.000	2.810
2448.000	2.809
2449.000	2.808
2450.000	2.807
2451.000	2.806
2452.000	2.806
2453.000	2.805
2454.000	2.804
2455.000	2.803
2456.000	2.802
2457.000	2.801
2458.000	2.800
2459.000	2.799
2460.000	2.799
2461.000	2.798
2462.000	2.797
2463.000	2.796
2464.000	2.795
2465.000	2.794
2466.000	2.793
2467.000	2.792
2468.000	2.792
2469.000	2.791
2470.000	2.790
2471.000	2.789
2472.000	2.788
2473.000	2.787
2474.000	2.786
2475.000	2.785
2476.000	2.785
2477.000	2.784
2478.000	2.783
2479.000	2.782
2480.000	2.781
2481.000	2.780
2482.000	2.779
2483.000	2.778
2484.000	2.777
2485.000	2.777
2486.000	2.776
2487.000	2.775
2488.000	2.774
2489.000	2.773
2490.000	2.772
2491.000	2.771
2492.000	2.770
2493.000	2.770
2494.000	2.769
2495.000	2.768
2496.000	2.767
2497.000	2.766
2498.000	2.765
2499.000	2.764
2500.000	2.763
2501.000	2.763
2502.000	2.762
2503.000	2.761
2504.000	2.760
2505.000	2.759
2506.000	2.758
2507.000	2.757
2508.000	2.756
2509.000	2.756
2510.000	2.755
2511.000	2.754
2512.000	2.753
2513.000	2.752
2514.000	2.751
2515.000	2.750
2516.000	2.749
2517.000	2.748
2518.000	2.748
2519.000	2.747
2520.000	2.746
2521.000	2.745
2522.000	2.744
2523.000	2.743
2524.000	2.742
2525.000	2.741
2526.000	2.741
2527.000	2.740
2528.000	2.739
2529.000	2.738
2530.000	2.737
2531.000	2.736
2532.000	2.735
2533.000	2.734
2534.000	2.734
2535.000	2.733
2536.000	2.732
2537.000	2.731
2538.000	2.730
2539.000	2.729
2540.000	2.728
2541.000	2.727
2542.000	2.727
2543.000	2.726
2544.000	2.725
2545.000	2.724
2546.000	2.723
2547.000	2.722
2548.000	2.721
2549.000	2.720
2550.000	2.719
2551.000	2.719
2552.000	2.718
2553.000	2.717
2554.000	2.716
2555.000	2.715
2556.000	2.714
2557.000	2.713
2558.000	2.712
2559.000	2.712
2560.000	2.711
2561.000	2.710
2562.000	2.709
2563.000	2.708
2564.000	2.707
2565.000	2.706
2566.000	2.705
2567.000	2.705
2568.000	2.704
2569.000	2.703
2570.000	2.702
2571.000	2.701
2572.000	2.700
2573.000	2.699
2574.000	2.698
2575.000	2.698
2576.000	2.697
2577.000	2.696
2578.000	2.695
2579.000	2.694
2580.000	2.693
2581.000	2.692
2582.000	2.691
2583.000	2.690
2584.000	2.690
2585.000	2.689
2586.000	2.688
2587.000	2.687
2588.000	2.686
2589.000	2.685
2590.000	2.684
2591.000	2.683
2592.000	2.683
2593.000	2.682
2594.000	2.681
2595.000	2.680
2596.000	2.679
2597.000	2.678
2598.000	2.677
2599.000	2.676
2600.000	2.676
2601.000	2.675
2602.000	2.674
2603.000	2.673
2604.000	2.672
2605.000	2.671
2606.000	2.670
2607.000	2.669
2608.000	2.669
2609.000	2.668
2610.000	2.667
2611.000	2.666
2612.000	2.665
2613.000	2.664
2614.000	2.663
2615.000	2.662
2616.000	2.661
2617.000	2.661
2618.000	2.660
2619.000	2.659
2620.000	2.658
2621.000	2.657
2622.000	2.656
2623.000	2.655
2624.000	2.654
2625.000	2.654
2626.000	2.653
2627.000	2.652
2628.000	2.651
2629.000	2.650
2630.000	2.649
2631.000	2.648
2632.000	2.647
2633.000	2.647
2634.000	2.646
2635.000	2.645
2636.000	2.644
2637.000	2.643
2638.000	2.642
2639.000	2.641
2640.000	2.640
2641.000	2.639
2642.000	2.639
2643.000	2.638
2644.000	2.637
2645.000	2.636
2646.000	2.635
2647.000	2.634
2648.000	2.633
2649.000	2.632
2650.000	2.632
2651.000	2.631
2652.000	2.630
2653.000	2.629
2654.000	2.628
2655.000	2.627
2656.000	2.626
2657.000	2.625
2658.000	2.625
2659.000	2.624
2660.000	2.623
2661.000	2.622
2662.000	2.621
2663.000	2.620
2664.000	2.619
2665.000	2.618
2666.000	2.618
2667.000	2.617
2668.000	2.616
2669.000	2.615
2670.000	2.614
2671.000	2.613
2672.000	2.612
2673.000	2.611
2674.000	2.610
2675.000	2.610
2676.000	2.609
2677.000	2.608
2678.000	2.607
2679.000	2.606
2680.000	2.605
2681.000	2.604
2682.000	2.603
2683.000	2.603
2684.000	2.602
2685.000	2.601
2686.000	2.600
2687.000	2.599
2688.000	2.598
2689.000	2.597
2690.000	2.596
2691.000	2.596
2692.000	2.595
2693.000	2.594
2694.000	2.593
2695.000	2.592
2696.000	2.591
2697.000	2.590
2698.000	2.589
2699.000	2.589
2700.000	2.588
2701.000	2.587
2702.000	2.586
2703.000	2.585
2704.000	2.584
2705.000	2.583
2706.000	2.582
2707.000	2.581
2708.000	2.581
2709.000	2.580
2710.000	2.579
2711.000	2.578
2712.000	2.577
2713.000	2.576
2714.000	2.575
2715.000	2.574
2716.000	2.574
2717.000	2.573
2718.000	2.572
2719.000	2.571
2720.000	2.570
2721.000	2.569
2722.000	2.568
2723.000	2.567
2724.000	2.567
2725.000	2.566
2726.000	2.565
2727.000	2.564
2728.000	2.563
2729.000	2.562
2730.000	2.561
2731.000	2.560
2732.000	2.560
2733.000	2.559
2734.000	2.558
2735.000	2.557
2736.000	2.556
2737.000	2.555
2738.000	2.554
2739.000	2.553
2740.000	2.552
2741.000	2.552
2742.000	2.551
2743.000	2.550
2744.000	2.549
2745.000	2.548
2746.000	2.547
2747.000	2.546
2748.000	2.545
2749.000	2.545
2750.000	2.544
2751.000	2.543
2752.000	2.542
2753.000	2.541
2754.000	2.540
2755.000	2.539
2756.000	2.538
2757.000	2.538
2758.000	2.537
2759.000	2.536
2760.000	2.535
2761.000	2.534
2762.000	2.533
2763.000	2.532
2764.000	2.531
2765.000	2.531
2766.000	2.530
2767.000	2.529
2768.000	2.528
2769.000	2.527
2770.000	2.526
2771.000	2.525
2772.000	2.524
2773.000	2.523
2774.000	2.523
2775.000	2.522
2776.000	2.521
2777.000	2.520
2778.000	2.519
2779.000	2.518
2780.000	2.517
2781.000	2.516
2782.000	2.516
2783.000	2.515
2784.000	2.514
2785.000	2.513
2786.000	2.512
2787.000	2.511
2788.000	2.510
2789.000	2.509
2790.000	2.509
2791.000	2.508
2792.000	2.507
2793.000	2.506
2794.000	2.505
2795.000	2.504
2796.000	2.503
2797.000	2.502
2798.000	2.502
2799.000	2.501
2800.000	2.500
2801.000	2.499
2802.000	2.498
2803.000	2.497
2804.000	2.496
2805.000	2.495
2806.000	2.494
2807.000	2.494
2808.000	2.493
2809.000	2.492
2810.000	2.491
2811.000	2.490
2812.000	2.489
2813.000	2.488
2814.000	2.487
2815.000	2.487
2816.000	2.486
2817.000	2.485
2818.000	2.484
2819.000	2.483
2820.000	2.482
2821.000	2.481
2822.000	2.480
2823.000	2.480
2824.000	2.479
2825.000	2.478
2826.000	2.477
2827.000	2.476
2828.000	2.475
2829.000	2.474
2830.000	2.473
2831.000	2.473
2832.000	2.472
2833.000	2.471
2834.000	2.470
2835.000	2.469
2836.000	2.468
2837.000	2.467
2838.000	2.466
2839.000	2.465
2840.000	2.465
2841.000	2.464
2842.000	2.463
2843.000	2.462
2844.000	2.461
2845.000	2.460
2846.000	2.459
2847.000	2.458
2848.000	2.458
2849.000	2.457
2850.000	2.456
2851.000	2.455
2852.000	2.454
2853.000	2.453
2854.000	2.452
2855.000	2.451
2856.000	2.451
2857.000	2.450
2858.000	2.449
2859.000	2.448
2860.000	2.447
2861.000	2.446
2862.000	2.445
2863.000	2.444
2864.000	2.444
2865.000	2.443
2866.000	2.442
2867.000	2.441
2868.000	2.440
2869.000	2.439
2870.000	2.438
2871.000	2.437
2872.000	2.436
2873.000	2.436
2874.000	2.435
2875.000	2.434
2876.000	2.433
2877.000	2.432
2878.000	2.431
2879.000	2.430
2880.000	2.429
2881.000	2.429
2882.000	2.428
2883.000	2.427
2884.000	2.426
2885.000	2.425
2886.000	2.424
2887.000	2.423
2888.000	2.422
2889.000	2.422
2890.000	2.421
2891.000	2.420
2892.000	2.419
2893.000	2.418
2894.000	2.417
2895.000	2.416
2896.000	2.415
2897.000	2.415
2898.000	2.414
2899.000	2.413
2900.000	2.412
2901.000	2.411
2902.000	2.410
2903.000	2.409
2904.000	2.408
2905.000	2.407
2906.000	2.407
2907.000	2.406
2908.000	2.405
2909.000	2.404
2910.000	2.403
2911.000	2.402
2912.000	2.401
2913.000	2.400
2914.000	2.400
2915.000	2.399
2916.000	2.398
2917.000	2.397
2918.000	2.396
2919.000	2.395
2920.000	2.394
2921.000	2.393
2922.000	2.393
2923.000	2.392
2924.000	2.391
2925.000	2.390
2926.000	2.389
2927.000	2.388
2928.000	2.387
2929.000	2.386
2930.000	2.386
2931.000	2.385
2932.000	2.384
2933.000	2.383
2934.000	2.382
2935.000	2.381
2936.000	2.380
2937.000	2.379
2938.000	2.378
2939.000	2.378
2940.000	2.377
2941.000	2.376
2942.000	2.375
2943.000	2.374
2944.000	2.373
2945.000	2.372
2946.000	2.371
2947.000	2.371
2948.000	2.370
2949.000	2.369
2950.000	2.368
2951.000	2.367
2952.000	2.366
2953.000	2.365
2954.000	2.364
2955.000	2.364
2956.000	2.363
2957.000	2.362
2958.000	2.361
2959.000	2.360
2960.000	2.359
2961.000	2.358
2962.000	2.357
2963.000	2.357
2964.000	2.356
2965.000	2.355
2966.000	2.354
2967.000	2.353
2968.000	2.352
2969.000	2.351
2970.000	2.350
2971.000	2.349
2972.000	2.349
2973.000	2.348
2974.000	2.347
2975.000	2.346
2976.000	2.345
2977.000	2.344
2978.000	2.343
2979.000	2.342
2980.000	2.342
2981.000	2.341
2982.000	2.340
2983.000	2.339
2984.000	2.338
2985.000	2.337
2986.000	2.336
2987.000	2.335
2988.000	2.335
2989.000	2.334
2990.000	2.333
2991.000	2.332
2992.000	2.331
2993.000	2.330
2994.000	2.329
2995.000	2.328
2996.000	2.328
2997.000	2.327
2998.000	2.326
2999.000	2.325
3000.000	2.324
3001.000	2.323
3002.000	2.322
3003.000	2.321
3004.000	2.320
3005.000	2.320
3006.000	2.319
3007.000	2.318
3008.000	2.317
3009.000	2.316
3010.000	2.315
3011.000	2.314
3012.000	2.313
3013.000	2.313
3014.000	2.312
3015.000	2.311
3016.000	2.310
3017.000	2.309
3018.000	2.308
3019.000	2.307
3020.000	2.306
3021.000	2.306
3022.000	2.305
3023.000	2.304
3024.000	2.303
3025.000	2.302
3026.000	2.301
3027.000	2.300
3028.000	2.299
3029.000	2.299
3030.000	2.298
3031.000	2.297
3032.000	2.296
3033.000	2.295
3034.000	2.294
3035.000	2.293
3036.000	2.292
3037.000	2.291
3038.000	2.291
3039.000	2.290
3040.000	2.289
3041.000	2.288
3042.000	2.287
3043.000	2.286
3044.000	2.285
3045.000	2.284
3046.000	2.284
3047.000	2.283
3048.000	2.282
3049.000	2.281
3050.000	2.280
3051.000	2.279
3052.000	2.278
3053.000	2.277
3054.000	2.277
3055.000	2.276
3056.000	2.275
3057.000	2.274
3058.000	2.273
3059.000	2.272
3060.000	2.271
3061.000	2.270
3062.000	2.270
3063.000	2.269
3064.000	2.268
3065.000	2.267
3066.000	2.266
3067.000	2.265
3068.000	2.264
3069.000	2.263
3070.000	2.262
3071.000	2.262
3072.000	2.261
3073.000	2.260
3074.000	2.259
3075.000	2.258
3076.000	2.257
3077.000	2.256
3078.000	2.255
3079.000	2.255
3080.000	2.254
3081.000	2.253
3082.000	2.252
3083.000	2.251
3084.000	2.250
3085.000	2.249
3086.000	2.248
3087.000	2.248
3088.000	2.247
3089.000	2.246
3090.000	2.245
3091.000	2.244
3092.000	2.243
3093.000	2.242
3094.000	2.241
3095.000	2.241
3096.000	2.240
3097.000	2.239
3098.000	2.238
3099.000	2.237
3100.000	2.236
3101.000	2.235
3102.000	2.234
3103.000	2.233
3104.000	2.233
3105.000	2.232
3106.000	2.231
3107.000	2.230
3108.000	2.229
3109.000	2.228
3110.000	2.227
3111.000	2.226
3112.000	2.226
3113.000	2.225
3114.000	2.224
3115.000	2.223
3116.000	2.222
3117.000	2.221
3118.000	2.220
3119.000	2.219
3120.000	2.219
3121.000	2.218
3122.000	2.217
3123.000	2.216
3124.000	2.215
3125.000	2.214
3126.000	2.213
3127.000	2.212
3128.000	2.212
3129.000	2.211
3130.000	2.210
3131.000	2.209
3132.000	2.208
3133.000	2.207
3134.000	2.206
3135.000	2.205
3136.000	2.204
3137.000	2.204
3138.000	2.203
3139.000	2.202
3140.000	2.201
3141.000	2.200
3142.000	2.199
3143.000	2.198
3144.000	2.197
3145.000	2.197
3146.000	2.196
3147.000	2.195
3148.000	2.194
3149.000	2.193
3150.000	2.192
3151.000	2.191
3152.000	2.190
3153.000	2.190
3154.000	2.189
3155.000	2.188
3156.000	2.187
3157.000	2.186
3158.000	2.185
3159.000	2.184
3160.000	2.183
3161.000	2.183
3162.000	2.182
3163.000	2.181
3164.000	2.180
3165.000	2.179
3166.000	2.178
3167.000	2.177
3168.000	2.176
3169.000	2.175
3170.000	2.175
3171.000	2.174
3172.000	2.173
3173.000	2.172
3174.000	2.171
3175.000	2.170
3176.000	2.169
3177.000	2.168
3178.000	2.168
3179.000	2.167
3180.000	2.166
3181.000	2.165
3182.000	2.164
3183.000	2.163
3184.000	2.162
3185.000	2.161
3186.000	2.161
3187.000	2.160
3188.000	2.159
3189.000	2.158
3190.000	2.157
3191.000	2.156
3192.000	2.155
3193.000	2.154
3194.000	2.154
3195.000	2.153
3196.000	2.152
3197.000	2.151
3198.000	2.150
3199.000	2.149
3200.000	2.148
3201.000	2.147
3202.000	2.146
3203.000	2.146
3204.000	2.145
3205.000	2.144
3206.000	2.143
3207.000	2.142
3208.000	2.141
3209.000	2.140
3210.000	2.139
3211.000	2.139
3212.000	2.138
3213.000	2.137
3214.000	2.136
3215.000	2.135
3216.000	2.134
3217.000	2.133
3218.000	2.132
3219.000	2.132
3220.000	2.131
3221.000	2.130
3222.000	2.129
3223.000	2.128
3224.000	2.127
3225.000	2.126
3226.000	2.125
3227.000	2.125
3228.000	2.124
3229.000	2.123
3230.000	2.122
3231.000	2.121
3232.000	2.120
3233.000	2.119
3234.000	2.118
3235.000	2.117
3236.000	2.117
3237.000	2.116
3238.000	2.115
3239.000	2.114
3240.000	2.113
3241.000	2.112
3242.000	2.111
3243.000	2.110
3244.000	2.110
3245.000	2.109
3246.000	2.108
3247.000	2.107
3248.000	2.106
3249.000	2.105
3250.000	2.104
3251.000	2.103
3252.000	2.103
3253.000	2.102
3254.000	2.101
3255.000	2.100
3256.000	2.099
3257.000	2.098
3258.000	2.097
3259.000	2.096
3260.000	2.096
3261.000	2.095
3262.000	2.094
3263.000	2.093
3264.000	2.092
3265.000	2.091
3266.000	2.090
3267.000	2.089
3268.000	2.088
3269.000	2.088
3270.000	2.087
3271.000	2.086
3272.000	2.085
3273.000	2.084
3274.000	2.083
3275.000	2.082
3276.000	2.081
3277.000	2.081
3278.000	2.080
3279.000	2.079
3280.000	2.078
3281.000	2.077
3282.000	2.076
3283.000	2.075
3284.000	2.074
3285.000	2.074
3286.000	2.073
3287.000	2.072
3288.000	2.071
3289.000	2.070
3290.000	2.069
3291.000	2.068
3292.000	2.067
3293.000	2.066
3294.000	2.066
3295.000	2.065
3296.000	2.064
3297.000	2.063
3298.000	2.062
3299.000	2.061
3300.000	2.060
3301.000	2.059
3302.000	2.059
3303.000	2.058
3304.000	2.057
3305.000	2.056
3306.000	2.055
3307.000	2.054
3308.000	2.053
3309.000	2.052
3310.000	2.052
3311.000	2.051
3312.000	2.050
3313.000	2.049
3314.000	2.048
3315.000	2.047
3316.000	2.046
3317.000	2.045
3318.000	2.045
3319.000	2.044
3320.000	2.043
3321.000	2.042
3322.000	2.041
3323.000	2.040
3324.000	2.039
3325.000	2.038
3326.000	2.037
3327.000	2.037
3328.000	2.036
3329.000	2.035
3330.000	2.034
3331.000	2.033
3332.000	2.032
3333.000	2.031
3334.000	2.030
3335.000	2.030
3336.000	2.029
3337.000	2.028
3338.000	2.027
3339.000	2.026
3340.000	2.025
3341.000	2.024
3342.000	2.023
3343.000	2.023
3344.000	2.022
3345.000	2.021
3346.000	2.020
3347.000	2.019
3348.000	2.018
3349.000	2.017
3350.000	2.016
3351.000	2.016
3352.000	2.015
3353.000	2.014
3354.000	2.013
3355.000	2.012
3356.000	2.011
3357.000	2.010
3358.000	2.009
3359.000	2.008
3360.000	2.008
3361.000	2.007
3362.000	2.006
3363.000	2.005
3364.000	2.004
3365.000	2.003
3366.000	2.002
3367.000	2.001
3368.000	2.001
3369.000	2.000
3370.000	1.999
3371.000	1.998
3372.000	1.997
3373.000	1.996
3374.000	1.995
3375.000	1.994
3376.000	1.994
3377.000	1.993
3378.000	1.992
3379.000	1.991
3380.000	1.990
3381.000	1.989
3382.000	1.988
3383.000	1.987
3384.000	1.987
3385.000	1.986
3386.000	1.985
3387.000	1.984
3388.000	1.983
3389.000	1.982
3390.000	1.981
3391.000	1.980
3392.000	1.979
3393.000	1.979
3394.000	1.978
3395.000	1.977
3396.000	1.976
3397.000	1.975
3398.000	1.974
3399.000	1.973
3400.000	1.972
3401.000	1.972
3402.000	1.971
3403.000	1.970
3404.000	1.969
3405.000	1.968
3406.000	1.967
3407.000	1.966
3408.000	1.965
3409.000	1.965
3410.000	1.964
3411.000	1.963
3412.000	1.962
3413.000	1.961
3414.000	1.960
3415.000	1.959
3416.000	1.958
3417.000	1.958
3418.000	1.957
3419.000	1.956
3420.000	1.955
3421.000	1.954
3422.000	1.953
3423.000	1.952
3424.000	1.951
3425.000	1.950
3426.000	1.950
3427.000	1.949
3428.000	1.948
3429.000	1.947
3430.000	1.946
3431.000	1.945
3432.000	1.944
3433.000	1.943
3434.000	1.943
3435.000	1.942
3436.000	1.941
3437.000	1.940
3438.000	1.939
3439.000	1.938
3440.000	1.937
3441.000	1.936
3442.000	1.936
3443.000	1.935
3444.000	1.934
3445.000	1.933
3446.000	1.932
3447.000	1.931
3448.000	1.930
3449.000	1.929
3450.000	1.929
3451.000	1.928
3452.000	1.927
3453.000	1.926
3454.000	1.925
3455.000	1.924
3456.000	1.923
3457.000	1.922
3458.000	1.921
3459.000	1.921
3460.000	1.920
3461.000	1.919
3462.000	1.918
3463.000	1.917
3464.000	1.916
3465.000	1.915
3466.000	1.914
3467.000	1.914
3468.000	1.913
3469.000	1.912
3470.000	1.911
3471.000	1.910
3472.000	1.909
3473.000	1.908
3474.000	1.907
3475.000	1.907
3476.000	1.906
3477.000	1.905
3478.000	1.904
3479.000	1.903
3480.000	1.902
3481.000	1.901
3482.000	1.900
3483.000	1.900
3484.000	1.899
3485.000	1.898
3486.000	1.897
3487.000	1.896
3488.000	1.895
3489.000	1.894
3490.000	1.893
3491.000	1.892
3492.000	1.892
3493.000	1.891
3494.000	1.890
3495.000	1.889
3496.000	1.888
3497.000	1.887
3498.000	1.886
3499.000	1.885
3500.000	1.885
3501.000	1.884
3502.000	1.883
3503.000	1.882
3504.000	1.881
3505.000	1.880
3506.000	1.879
3507.000	1.878
3508.000	1.878
3509.000	1.877
3510.000	1.876
3511.000	1.875
3512.000	1.874
3513.000	1.873
3514.000	1.872
3515.000	1.871
3516.000	1.871
3517.000	1.870
3518.000	1.869
3519.000	1.868
3520.000	1.867
3521.000	1.866
3522.000	1.865
3523.000	1.864
3524.000	1.863
3525.000	1.863
3526.000	1.862
3527.000	1.861
3528.000	1.860
3529.000	1.859
3530.000	1.858
3531.000	1.857
3532.000	1.856
3533.000	1.856
3534.000	1.855
3535.000	1.854
3536.000	1.853
3537.000	1.852
3538.000	1.851
3539.000	1.850
3540.000	1.849
3541.000	1.849
3542.000	1.848
3543.000	1.847
3544.000	1.846
3545.000	1.845
3546.000	1.844
3547.000	1.843
3548.000	1.842
3549.000	1.842
3550.000	1.841
3551.000	1.840
3552.000	1.839
3553.000	1.838
3554.000	1.837
3555.000	1.836
3556.000	1.835
3557.000	1.834
3558.000	1.834
3559.000	1.833
3560.000	1.832
3561.000	1.831
3562.000	1.830
3563.000	1.829
3564.000	1.828
3565.000	1.827
3566.000	1.827
3567.000	1.826
3568.000	1.825
3569.000	1.824
3570.000	1.823
3571.000	1.822
3572.000	1.821
3573.000	1.820
3574.000	1.820
3575.000	1.819
3576.000	1.818
3577.000	1.817
3578.000	1.816
3579.000	1.815
3580.000	1.814
3581.000	1.813
3582.000	1.813
3583.000	1.812
3584.000	1.811
3585.000	1.810
3586.000	1.809
3587.000	1.808
3588.000	1.807
3589.000	1.806
3590.000	1.805
3591.000	1.805
3592.000	1.804
3593.000	1.803
3594.000	1.802
3595.000	1.801
3596.000	1.800
3597.000	1.799
3598.000	1.798
3599.000	1.797
3600.000	1.797
3601.000	1.796
3602.000	1.795
3603.000	1.794
3604.000	1.793
3605.000	1.792
3606.000	1.791
3607.000	1.790
3608.000	1.789
3609.000	1.789
3610.000	1.788
3611.000	1.787
3612.000	1.786
3613.000	1.785
3614.000	1.784
3615.000	1.783
3616.000	1.782
3617.000	1.782
3618.000	1.781
3619.000	1.780
3620.000	1.779
3621.000	1.778
3622.000	1.777
3623.000	1.776
3624.000	1.775
3625.000	1.774
3626.000	1.774
3627.000	1.773
3628.000	1.772
3629.000	1.771
3630.000	1.770
3631.000	1.769
3632.000	1.768
3633.000	1.767
3634.000	1.766
3635.000	1.766
3636.000	1.765
3637.000	1.764
3638.000	1.763
3639.000	1.762
3640.000	1.761
3641.000	1.760
3642.000	1.759
3643.000	1.758
3644.000	1.758
3645.000	1.757
3646.000	1.756
3647.000	1.755
3648.000	1.754
3649.000	1.753
3650.000	1.752
3651.000	1.751
3652.000	1.750
3653.000	1.750
3654.000	1.749
3655.000	1.748
3656.000	1.747
3657.000	1.746
3658.000	1.745
3659.000	1.744
3660.000	1.743
3661.000	1.742
3662.000	1.742
3663.000	1.741
3664.000	1.740
3665.000	1.739
3666.000	1.738
3667.000	1.737
3668.000	1.736
3669.000	1.735
3670.000	1.734
3671.000	1.733
3672.000	1.733
3673.000	1.732
3674.000	1.731
3675.000	1.730
3676.000	1.729
3677.000	1.728
3678.000	1.727
3679.000	1.726
3680.000	1.725
3681.000	1.725
3682.000	1.724
3683.000	1.723
3684.000	1.722
3685.000	1.721
3686.000	1.720
3687.000	1.719
3688.000	1.718
3689.000	1.717
3690.000	1.716
3691.000	1.716
3692.000	1.715
3693.000	1.714
3694.000	1.713
3695.000	1.712
3696.000	1.711
3697.000	1.710
3698.000	1.709
3699.000	1.708
3700.000	1.707
3701.000	1.707
3702.000	1.706
3703.000	1.705
3704.000	1.704
3705.000	1.703
3706.000	1.702
3707.000	1.701
3708.000	1.700
3709.000	1.699
3710.000	1.698
3711.000	1.697
3712.000	1.697
3713.000	1.696
3714.000	1.695
3715.000	1.694
3716.000	1.693
3717.000	1.692
3718.000	1.691
3719.000	1.690
3720.000	1.689
3721.000	1.688
3722.000	1.688
3723.000	1.687
3724.000	1.686
3725.000	1.685
3726.000	1.684
3727.000	1.683
3728.000	1.682
3729.000	1.681
3730.000	1.680
3731.000	1.679
3732.000	1.678
3733.000	1.677
3734.000	1.676
3735.000	1.675
3736.000	1.675
3737.000	1.674
3738.000	1.673
3739.000	1.672
3740.000	1.671
3741.000	1.670
3742.000	1.669
3743.000	1.668
3744.000	1.667
3745.000	1.666
3746.000	1.665
3747.000	1.664
3748.000	1.663
3749.000	1.662
3750.000	1.662
3751.000	1.661
3752.000	1.660
3753.000	1.659
3754.000	1.658
3755.000	1.657
3756.000	1.656
3757.000	1.655
3758.000	1.655
3759.000	1.654
3760.000	1.653
3761.000	1.652
3762.000	1.651
3763.000	1.650
3764.000	1.649
3765.000	1.648
3766.000	1.648
3767.000	1.647
3768.000	1.646
3769.000	1.645
3770.000	1.644
3771.000	1.643
3772.000	1.642
3773.000	1.641
3774.000	1.640
3775.000	1.640
3776.000	1.639
3777.000	1.638
3778.000	1.637
3779.000	1.636
3780.000	1.635
3781.000	1.634
3782.000	1.633
3783.000	1.633
3784.000	1.632
3785.000	1.631
3786.000	1.630
3787.000	1.629
3788.000	1.628
3789.000	1.627
3790.000	1.626
3791.000	1.626
3792.000	1.625
3793.000	1.624
3794.000	1.623
3795.000	1.622
3796.000	1.621
3797.000	1.620
3798.000	1.619
3799.000	1.619
3800.000	1.618
3801.000	1.617
3802.000	1.616
3803.000	1.615
3804.000	1.614
3805.000	1.613
3806.000	1.612
3807.000	1.611
3808.000	1.611
3809.000	1.610
3810.000	1.609
3811.000	1.608
3812.000	1.607
3813.000	1.606
3814.000	1.605
3815.000	1.604
3816.000	1.604
3817.000	1.603
3818.000	1.602
3819.000	1.601
3820.000	1.600
3821.000	1.599
3822.000	1.598
3823.000	1.597
3824.000	1.597
3825.000	1.596
3826.000	1.595
3827.000	1.594
3828.000	1.593
3829.000	1.592
3830.000	1.591
3831.000	1.590
3832.000	1.590
3833.000	1.589
3834.000	1.588
3835.000	1.587
3836.000	1.586
3837.000	1.585
3838.000	1.584
3839.000	1.583
3840.000	1.582
3841.000	1.582
3842.000	1.581
3843.000	1.580
3844.000	1.579
3845.000	1.578
3846.000	1.577
3847.000	1.576
3848.000	1.575
3849.000	1.575
3850.000	1.574
3851.000	1.573
3852.000	1.572
3853.000	1.571
3854.000	1.570
3855.000	1.569
3856.000	1.568
3857.000	1.568
3858.000	1.567
3859.000	1.566
3860.000	1.565
3861.000	1.564
3862.000	1.563
3863.000	1.562
3864.000	1.561
3865.000	1.561
3866.000	1.560
3867.000	1.559
3868.000	1.558
3869.000	1.557
3870.000	1.556
3871.000	1.555
3872.000	1.554
3873.000	1.553
3874.000	1.553
3875.000	1.552
3876.000	1.551
3877.000	1.550
3878.000	1.549
3879.000	1.548
3880.000	1.547
3881.000	1.546
3882.000	1.546
3883.000	1.545
3884.000	1.544
3885.000	1.543
3886.000	1.542
3887.000	1.541
3888.000	1.540
3889.000	1.539
3890.000	1.539
3891.000	1.538
3892.000	1.537
3893.000	1.536
3894.000	1.535
3895.000	1.534
3896.000	1.533
3897.000	1.532
3898.000	1.532
3899.000	1.531
3900.000	1.530
3901.000	1.529
3902.000	1.528
3903.000	1.527
3904.000	1.526
3905.000	1.525
3906.000	1.524
3907.000	1.524
3908.000	1.523
3909.000	1.522
3910.000	1.521
3911.000	1.520
3912.000	1.519
3913.000	1.518
3914.000	1.517
3915.000	1.517
3916.000	1.516
3917.000	1.515
3918.000	1.514
3919.000	1.513
3920.000	1.512
3921.000	1.506
3922.000	1.505
3923.000	1.504
3924.000	1.503
3925.000	1.502
3926.000	1.501
3927.000	1.500
3928.000	1.499
3929.000	1.499
3930.000	1.498
3931.000	1.497
3932.000	1.496
3933.000	1.495
3934.000	1.494
3935.000	1.493
3936.000	1.492
3937.000	1.492
3938.000	1.491
3939.000	1.490
3940.000	1.489
3941.000	1.488
3942.000	1.487
3943.000	1.486
3944.000	1.485
3945.000	1.485
3946.000	1.484
3947.000	1.483
3948.000	1.482
3949.000	1.481
3950.000	1.480
3951.000	1.479
3952.000	1.478
3953.000	1.478
3954.000	1.477
3955.000	1.476
3956.000	1.475
3957.000	1.474
3958.000	1.473
3959.000	1.472
3960.000	1.471
3961.000	1.470
3962.000	1.470
3963.000	1.469
3964.000	1.468
3965.000	1.467
3966.000	1.466
3967.000	1.465
3968.000	1.464
3969.000	1.463
3970.000	1.463
3971.000	1.462
3972.000	1.461
3973.000	1.460
3974.000	1.459
3975.000	1.458
3976.000	1.457
3977.000	1.456
3978.000	1.456
3979.000	1.455
3980.000	1.454
3981.000	1.453
3982.000	1.452
3983.000	1.451
3984.000	1.450
3985.000	1.449
3986.000	1.449
3987.000	1.448
3988.000	1.447
3989.000	1.440
3990.000	1.439
3991.000	1.438
3992.000	1.438
3993.000	1.437
3994.000	1.436
3995.000	1.435
3996.000	1.434
3997.000	1.433
3998.000	1.432
3999.000	1.431
4000.000	1.431
4001.000	1.430
4002.000	1.429
4003.000	1.428
4004.000	1.427
4005.000	1.426
4006.000	1.425
4007.000	1.424
4008.000	1.423
4009.000	1.423
4010.000	1.422
4011.000	1.421
4012.000	1.420
4013.000	1.419
4014.000	1.418
4015.000	1.417
4016.000	1.416
4017.000	1.416
4018.000	1.415
4019.000	1.414
4020.000	1.413
4021.000	1.412
4022.000	1.411
4023.000	1.410
4024.000	1.409
4025.000	1.403
4026.000	1.402
4027.000	1.401
4028.000	1.400
4029.000	1.399
4030.000	1.398
4031.000	1.398
4032.000	1.397
4033.000	1.396
4034.000	1.395
4035.000	1.394
4036.000	1.393
4037.000	1.392
4038.000	1.391
4039.000	1.391
4040.000	1.390
4041.000	1.389
4042.000	1.388
4043.000	1.387
4044.000	1.386
4045.000	1.385
4046.000	1.384
4047.000	1.383
4048.000	1.383
4049.000	1.382
4050.000	1.381
4051.000	1.380
4052.000	1.379
4053.000	1.378
4054.000	1.377
4055.000	1.376
4056.000	1.376
4057.000	1.375
4058.000	1.374
4059.000	1.373
4060.000	1.372
4061.000	1.371
4062.000	1.370
4063.000	1.369
4064.000	1.369
4065.000	1.368
4066.000	1.367
4067.000	1.366
4068.000	1.365
4069.000	1.364
4070.000	1.363
4071.000	1.362
4072.000	1.362
4073.000	1.361
4074.000	1.360
4075.000	1.359
4076.000	1.322
4077.000	1.321
4078.000	1.317
4079.000	1.316
4080.000	1.316
4081.000	1.315
4082.000	1.314
4083.000	1.313
4084.000	1.312
4085.000	1.311
4086.000	1.310
4087.000	1.309
4088.000	1.309
4089.000	1.308
4090.000	1.307
4091.000	1.306
4092.000	1.305
4093.000	1.304
4094.000	1.303
4095.000	1.302
