0.000	20.892
1.000	18.850
2.000	18.850
3.000	18.850
4.000	18.850
5.000	18.850
6.000	18.850
7.000	18.850
8.000	18.850
9.000	18.850
10.000	18.850
11.000	18.850
12.000	18.850
13.000	18.850
14.000	18.850
15.000	18.850
16.000	18.850
17.000	18.788
18.000	18.788
19.000	18.788
20.000	18.788
21.000	18.788
22.000	18.788
23.000	18.788
24.000	18.788
25.000	18.788
26.000	18.788
27.000	18.788
28.000	18.788
29.000	18.788
30.000	18.788
31.000	18.788
32.000	18.788
33.000	18.788
34.000	18.788
35.000	18.788
36.000	18.788
37.000	18.788
38.000	18.788
39.000	18.788
40.000	18.788
41.000	18.788
42.000	18.788
43.000	18.788
44.000	18.788
45.000	18.788
46.000	18.788
47.000	18.788
48.000	18.788
49.000	18.788
50.000	18.788
51.000	18.788
52.000	18.788
53.000	18.788
54.000	18.788
55.000	18.788
56.000	18.788
57.000	18.788
58.000	18.788
59.000	18.788
60.000	18.788
61.000	18.788
62.000	18.788
63.000	18.788
64.000	18.788
65.000	18.788
66.000	18.788
67.000	18.788
68.000	18.788
69.000	18.788
70.000	18.788
71.000	18.788
72.000	18.788
73.000	18.788
74.000	18.788
75.000	18.788
76.000	18.788
77.000	18.788
78.000	18.788
79.000	18.788
80.000	18.788
81.000	18.788
82.000	18.788
83.000	18.788
84.000	18.788
85.000	18.788
86.000	18.788
87.000	18.788
88.000	18.788
89.000	18.788
90.000	18.788
91.000	18.788
92.000	18.788
93.000	18.788
94.000	18.788
95.000	18.788
96.000	18.788
97.000	18.788
98.000	18.788
99.000	18.788
100.000	18.788
101.000	18.788
102.000	18.788
103.000	18.788
104.000	18.788
105.000	18.788
106.000	18.788
107.000	18.788
108.000	18.788
109.000	18.788
110.000	18.788
111.000	18.788
112.000	18.788
113.000	18.788
114.000	18.788
115.000	18.788
116.000	18.788
117.000	18.788
118.000	18.788
119.000	18.788
120.000	18.788
121.000	18.788
122.000	18.788
123.000	18.788
124.000	18.788
125.000	18.788
126.000	18.788
127.000	18.788
128.000	18.788
129.000	18.788
130.000	18.788
131.000	18.788
132.000	18.788
133.000	18.788
134.000	18.788
135.000	18.788
136.000	18.788
137.000	18.788
138.000	18.788
139.000	18.788
140.000	18.788
141.000	18.788
142.000	18.788
143.000	18.788
144.000	18.788
145.000	18.788
146.000	18.788
147.000	18.788
148.000	18.788
149.000	18.788
150.000	18.788
151.000	18.788
152.000	18.788
153.000	18.788
154.000	18.788
155.000	18.788
156.000	18.788
157.000	18.788
158.000	18.788
159.000	18.788
160.000	18.788
161.000	18.788
162.000	18.788
163.000	18.788
164.000	18.788
165.000	18.788
166.000	18.788
167.000	18.788
168.000	18.788
169.000	18.788
170.000	18.788
171.000	18.788
172.000	18.788
173.000	18.788
174.000	18.788
175.000	18.788
176.000	18.788
177.000	18.788
178.000	18.788
179.000	18.788
180.000	18.788
181.000	18.788
182.000	18.788
183.000	18.788
184.000	18.788
185.000	18.788
186.000	18.788
187.000	18.788
188.000	18.788
189.000	18.788
190.000	18.788
191.000	18.788
192.000	18.739
193.000	18.690
194.000	18.642
195.000	18.594
196.000	18.594
197.000	18.545
198.000	18.497
199.000	18.449
200.000	18.401
201.000	18.353
202.000	18.306
203.000	18.258
204.000	18.211
205.000	18.164
206.000	18.117
207.000	18.117
208.000	18.070
209.000	18.023
210.000	17.976
211.000	17.930
212.000	17.884
213.000	17.838
214.000	17.791
215.000	17.745
216.000	17.700
217.000	17.654
218.000	17.654
219.000	17.609
220.000	17.563
221.000	17.517
222.000	17.473
223.000	17.428
224.000	17.383
225.000	17.338
226.000	17.293
227.000	17.249
228.000	17.205
229.000	17.160
230.000	17.160
231.000	17.116
232.000	17.072
233.000	17.028
234.000	16.985
235.000	16.941
236.000	16.897
237.000	16.854
238.000	16.811
239.000	16.768
240.000	16.725
241.000	16.725
242.000	16.682
243.000	16.638
244.000	16.596
245.000	16.554
246.000	16.511
247.000	16.469
248.000	16.426
249.000	16.384
250.000	16.342
251.000	16.301
252.000	16.301
253.000	16.259
254.000	16.217
255.000	16.175
256.000	16.134
257.000	16.093
258.000	16.051
259.000	16.010
260.000	15.969
261.000	15.928
262.000	15.928
263.000	15.928
264.000	15.928
265.000	15.928
266.000	15.928
267.000	15.928
268.000	15.928
269.000	15.928
270.000	15.928
271.000	15.928
272.000	15.928
273.000	15.928
274.000	15.928
275.000	15.928
276.000	15.924
277.000	15.884
278.000	15.845
279.000	15.805
280.000	15.766
281.000	15.727
282.000	15.688
283.000	15.649
284.000	15.610
285.000	15.610
286.000	15.571
287.000	15.532
288.000	15.494
289.000	15.455
290.000	15.417
291.000	15.379
292.000	15.340
293.000	15.302
294.000	15.264
295.000	15.226
296.000	15.226
297.000	15.189
298.000	15.151
299.000	15.113
300.000	15.075
301.000	15.038
302.000	15.001
303.000	14.963
304.000	14.926
305.000	14.889
306.000	14.852
307.000	14.815
308.000	14.815
309.000	14.778
310.000	14.741
311.000	14.705
312.000	14.668
313.000	14.631
314.000	14.595
315.000	14.558
316.000	14.522
317.000	14.486
318.000	14.450
319.000	14.450
320.000	14.414
321.000	14.378
322.000	14.342
323.000	14.306
324.000	14.271
325.000	14.235
326.000	14.199
327.000	14.164
328.000	14.129
329.000	14.093
330.000	14.093
331.000	14.058
332.000	14.023
333.000	13.988
334.000	13.953
335.000	13.918
336.000	13.883
337.000	13.848
338.000	13.813
339.000	13.779
340.000	13.744
341.000	13.744
342.000	13.710
343.000	13.675
344.000	13.641
345.000	13.607
346.000	13.573
347.000	13.538
348.000	13.504
349.000	13.470
350.000	13.436
351.000	13.402
352.000	13.402
353.000	13.369
354.000	13.335
355.000	13.301
356.000	13.268
357.000	13.234
358.000	13.201
359.000	13.167
360.000	13.134
361.000	13.101
362.000	13.072
363.000	13.072
364.000	13.072
365.000	13.072
366.000	13.072
367.000	13.072
368.000	13.072
369.000	13.072
370.000	13.072
371.000	13.072
372.000	13.072
373.000	13.072
374.000	13.072
375.000	13.072
376.000	13.072
377.000	13.072
378.000	13.072
379.000	13.072
380.000	13.072
381.000	13.072
382.000	13.072
383.000	13.072
384.000	13.072
385.000	13.072
386.000	13.072
387.000	13.072
388.000	13.072
389.000	13.072
390.000	13.072
391.000	13.070
392.000	13.069
393.000	13.037
394.000	13.006
395.000	12.975
396.000	12.944
397.000	12.944
398.000	12.913
399.000	12.882
400.000	12.851
401.000	12.820
402.000	12.789
403.000	12.758
404.000	12.728
405.000	12.697
406.000	12.666
407.000	12.636
408.000	12.636
409.000	12.605
410.000	12.575
411.000	12.544
412.000	12.514
413.000	12.484
414.000	12.454
415.000	12.423
416.000	12.393
417.000	12.363
418.000	12.333
419.000	12.333
420.000	12.304
421.000	12.274
422.000	12.244
423.000	12.214
424.000	12.184
425.000	12.155
426.000	12.125
427.000	12.096
428.000	12.066
429.000	12.037
430.000	12.037
431.000	12.007
432.000	11.978
433.000	11.949
434.000	11.920
435.000	11.891
436.000	11.861
437.000	11.832
438.000	11.803
439.000	11.774
440.000	11.746
441.000	11.717
442.000	8.742
443.000	8.713
444.000	8.684
445.000	8.655
446.000	8.627
447.000	8.598
448.000	8.570
449.000	8.541
450.000	8.513
451.000	8.485
452.000	8.456
453.000	8.456
454.000	8.428
455.000	8.400
456.000	8.372
457.000	8.344
458.000	8.316
459.000	8.287
460.000	8.259
461.000	8.232
462.000	8.204
463.000	8.176
464.000	8.176
465.000	8.148
466.000	8.120
467.000	8.093
468.000	8.065
469.000	8.038
470.000	8.010
471.000	7.983
472.000	7.955
473.000	7.928
474.000	7.901
475.000	7.901
476.000	7.873
477.000	7.846
478.000	7.819
479.000	7.792
480.000	7.765
481.000	7.737
482.000	7.710
483.000	7.683
484.000	7.656
485.000	7.630
486.000	7.630
487.000	7.603
488.000	7.576
489.000	7.549
490.000	7.522
491.000	7.496
492.000	7.469
493.000	7.443
494.000	7.416
495.000	7.390
496.000	7.363
497.000	7.363
498.000	7.337
499.000	7.310
500.000	7.284
501.000	7.259
502.000	7.234
503.000	7.234
504.000	7.234
505.000	7.234
506.000	7.234
507.000	7.234
508.000	7.234
509.000	7.234
510.000	7.234
511.000	7.234
512.000	7.234
513.000	7.234
514.000	7.234
515.000	7.234
516.000	7.234
517.000	7.234
518.000	7.234
519.000	7.234
520.000	7.234
521.000	7.234
522.000	7.234
523.000	7.234
524.000	7.234
525.000	7.234
526.000	7.234
527.000	7.234
528.000	7.234
529.000	7.234
530.000	7.234
531.000	7.234
532.000	7.234
533.000	7.234
534.000	7.234
535.000	7.234
536.000	7.234
537.000	7.234
538.000	7.234
539.000	7.234
540.000	7.234
541.000	7.234
542.000	7.234
543.000	7.234
544.000	7.234
545.000	7.234
546.000	7.234
547.000	7.234
548.000	7.234
549.000	7.234
550.000	7.234
551.000	7.234
552.000	7.234
553.000	7.234
554.000	7.234
555.000	7.234
556.000	7.234
557.000	7.234
558.000	7.234
559.000	7.234
560.000	7.234
561.000	7.234
562.000	7.234
563.000	7.234
564.000	7.234
565.000	7.234
566.000	7.234
567.000	7.234
568.000	7.234
569.000	7.234
570.000	7.234
571.000	7.234
572.000	7.234
573.000	7.234
574.000	7.234
575.000	7.234
576.000	7.234
577.000	7.234
578.000	7.234
579.000	7.234
580.000	7.234
581.000	7.234
582.000	7.234
583.000	7.234
584.000	7.234
585.000	7.234
586.000	7.234
587.000	7.234
588.000	7.234
589.000	7.234
590.000	7.234
591.000	7.234
592.000	7.234
593.000	7.234
594.000	7.234
595.000	7.234
596.000	7.234
597.000	7.234
598.000	7.234
599.000	7.234
600.000	7.234
601.000	7.234
602.000	7.234
603.000	7.234
604.000	7.234
605.000	7.234
606.000	7.234
607.000	7.234
608.000	7.234
609.000	7.234
610.000	7.234
611.000	7.234
612.000	7.234
613.000	7.234
614.000	7.234
615.000	7.234
616.000	7.234
617.000	7.234
618.000	7.234
619.000	7.234
620.000	7.234
621.000	7.234
622.000	7.231
623.000	7.208
624.000	7.186
625.000	7.164
626.000	7.142
627.000	7.120
628.000	7.098
629.000	7.076
630.000	7.054
631.000	7.054
632.000	7.032
633.000	7.010
634.000	6.988
635.000	6.966
636.000	6.944
637.000	6.922
638.000	6.901
639.000	6.879
640.000	6.857
641.000	6.835
642.000	6.835
643.000	6.814
644.000	6.792
645.000	6.770
646.000	6.749
647.000	6.727
648.000	6.706
649.000	6.684
650.000	6.663
651.000	6.641
652.000	6.620
653.000	6.599
654.000	6.599
655.000	6.577
656.000	6.556
657.000	6.535
658.000	6.514
659.000	6.492
660.000	6.471
661.000	6.450
662.000	6.429
663.000	6.408
664.000	6.387
665.000	6.387
666.000	6.366
667.000	6.344
668.000	6.323
669.000	6.303
670.000	6.282
671.000	6.261
672.000	6.240
673.000	6.219
674.000	6.198
675.000	6.177
676.000	6.177
677.000	6.156
678.000	6.136
679.000	6.115
680.000	6.094
681.000	6.074
682.000	6.053
683.000	6.032
684.000	6.012
685.000	5.991
686.000	5.971
687.000	5.971
688.000	5.950
689.000	5.930
690.000	5.909
691.000	5.889
692.000	5.868
693.000	5.848
694.000	5.828
695.000	5.807
696.000	5.787
697.000	5.767
698.000	5.767
699.000	5.746
700.000	5.726
701.000	5.706
702.000	5.686
703.000	5.666
704.000	5.645
705.000	5.625
706.000	5.605
707.000	5.585
708.000	5.565
709.000	5.565
710.000	5.545
711.000	5.525
712.000	5.505
713.000	5.485
714.000	5.465
715.000	5.445
716.000	5.426
717.000	5.406
718.000	5.386
719.000	5.366
720.000	5.366
721.000	5.346
722.000	5.327
723.000	5.307
724.000	5.287
725.000	5.268
726.000	5.248
727.000	5.228
728.000	5.209
729.000	5.189
730.000	5.170
731.000	5.150
732.000	5.150
733.000	5.131
734.000	5.111
735.000	5.092
736.000	5.072
737.000	5.053
738.000	5.034
739.000	5.014
740.000	4.995
741.000	4.976
742.000	4.956
743.000	4.956
744.000	4.937
745.000	4.918
746.000	4.899
747.000	4.879
748.000	4.860
749.000	4.841
750.000	4.822
751.000	4.803
752.000	4.784
753.000	4.765
754.000	4.765
755.000	4.746
756.000	4.727
757.000	4.708
758.000	4.689
759.000	4.670
760.000	4.651
761.000	4.632
762.000	4.613
763.000	4.594
764.000	4.575
765.000	4.575
766.000	4.557
767.000	4.538
768.000	4.519
769.000	4.500
770.000	4.482
771.000	4.463
772.000	4.444
773.000	4.426
774.000	4.407
775.000	4.388
776.000	4.388
777.000	4.373
778.000	4.373
779.000	4.373
780.000	4.373
781.000	4.373
782.000	4.373
783.000	4.373
784.000	4.373
785.000	4.373
786.000	4.373
787.000	4.373
788.000	4.373
789.000	4.373
790.000	4.373
791.000	4.373
792.000	4.373
793.000	4.373
794.000	4.373
795.000	4.373
796.000	4.373
797.000	4.373
798.000	4.373
799.000	4.373
800.000	4.373
801.000	4.373
802.000	4.373
803.000	4.373
804.000	4.373
805.000	4.373
806.000	4.373
807.000	4.373
808.000	4.373
809.000	4.373
810.000	4.373
811.000	4.373
812.000	4.373
813.000	4.373
814.000	4.373
815.000	4.373
816.000	4.373
817.000	4.373
818.000	4.373
819.000	4.373
820.000	4.373
821.000	4.373
822.000	4.373
823.000	4.373
824.000	4.373
825.000	4.373
826.000	4.373
827.000	4.373
828.000	4.373
829.000	4.373
830.000	4.373
831.000	4.373
832.000	4.373
833.000	4.373
834.000	4.373
835.000	4.373
836.000	4.373
837.000	4.373
838.000	4.373
839.000	4.373
840.000	4.373
841.000	4.373
842.000	4.373
843.000	4.373
844.000	4.373
845.000	4.373
846.000	4.373
847.000	4.373
848.000	4.373
849.000	4.373
850.000	4.373
851.000	4.373
852.000	4.373
853.000	4.373
854.000	4.373
855.000	4.373
856.000	4.373
857.000	4.373
858.000	4.373
859.000	4.373
860.000	4.373
861.000	4.373
862.000	4.373
863.000	4.373
864.000	4.373
865.000	4.373
866.000	4.373
867.000	4.373
868.000	4.373
869.000	4.373
870.000	4.373
871.000	4.373
872.000	4.373
873.000	4.373
874.000	4.373
875.000	4.373
876.000	4.373
877.000	4.373
878.000	4.373
879.000	4.373
880.000	4.373
881.000	4.373
882.000	4.373
883.000	4.373
884.000	4.373
885.000	4.373
886.000	4.373
887.000	4.373
888.000	4.373
889.000	4.373
890.000	4.373
891.000	4.373
892.000	4.373
893.000	4.373
894.000	4.373
895.000	4.373
896.000	4.373
897.000	4.373
898.000	4.373
899.000	4.373
900.000	4.373
901.000	4.373
902.000	4.373
903.000	4.373
904.000	4.373
905.000	4.373
906.000	4.373
907.000	4.373
908.000	4.373
909.000	4.373
910.000	4.373
911.000	4.373
912.000	4.373
913.000	4.373
914.000	4.373
915.000	4.373
916.000	4.373
917.000	4.373
918.000	4.373
919.000	4.373
920.000	4.373
921.000	4.373
922.000	4.373
923.000	4.373
924.000	4.373
925.000	4.373
926.000	4.373
927.000	4.373
928.000	4.373
929.000	4.373
930.000	4.373
931.000	4.373
932.000	4.373
933.000	4.373
934.000	4.373
935.000	4.373
936.000	4.373
937.000	4.373
938.000	4.373
939.000	4.373
940.000	4.373
941.000	4.373
942.000	4.373
943.000	4.373
944.000	4.373
945.000	4.373
946.000	4.373
947.000	4.373
948.000	4.373
949.000	4.373
950.000	4.373
951.000	4.373
952.000	4.373
953.000	4.373
954.000	4.373
955.000	4.373
956.000	4.373
957.000	4.373
958.000	4.373
959.000	4.373
960.000	4.373
961.000	4.373
962.000	4.373
963.000	4.373
964.000	4.373
965.000	4.373
966.000	4.373
967.000	4.373
968.000	4.373
969.000	4.373
970.000	4.373
971.000	4.373
972.000	4.373
973.000	4.373
974.000	4.373
975.000	4.373
976.000	4.373
977.000	4.373
978.000	4.373
979.000	4.373
980.000	4.373
981.000	4.373
982.000	4.373
983.000	4.373
984.000	4.373
985.000	4.373
986.000	4.373
987.000	4.373
988.000	4.373
989.000	4.373
990.000	4.373
991.000	4.373
992.000	4.373
993.000	4.373
994.000	4.373
995.000	4.373
996.000	4.373
997.000	4.373
998.000	4.373
999.000	4.373
1000.000	4.373
1001.000	4.373
1002.000	4.373
1003.000	4.373
1004.000	4.373
1005.000	4.373
1006.000	4.373
1007.000	4.373
1008.000	4.373
1009.000	4.373
1010.000	4.373
1011.000	4.373
1012.000	4.373
1013.000	4.373
1014.000	4.373
1015.000	4.373
1016.000	4.373
1017.000	4.373
1018.000	4.373
1019.000	4.373
1020.000	4.373
1021.000	4.373
1022.000	4.373
1023.000	4.373
1024.000	4.373
1025.000	4.373
1026.000	4.373
1027.000	4.373
1028.000	4.373
1029.000	4.373
1030.000	4.373
1031.000	4.373
1032.000	4.373
1033.000	4.373
1034.000	4.373
1035.000	4.373
1036.000	4.373
1037.000	4.373
1038.000	4.373
1039.000	4.373
1040.000	4.373
1041.000	4.373
1042.000	4.373
1043.000	4.373
1044.000	4.373
1045.000	4.373
1046.000	4.373
1047.000	4.373
1048.000	4.373
1049.000	4.373
1050.000	4.373
1051.000	4.373
1052.000	4.373
1053.000	4.373
1054.000	4.373
1055.000	4.373
1056.000	4.373
1057.000	4.373
1058.000	4.373
1059.000	4.373
1060.000	4.373
1061.000	4.373
1062.000	4.373
1063.000	4.373
1064.000	4.373
1065.000	4.373
1066.000	4.373
1067.000	4.373
1068.000	4.373
1069.000	4.373
1070.000	4.373
1071.000	4.373
1072.000	4.373
1073.000	4.373
1074.000	4.373
1075.000	4.373
1076.000	4.373
1077.000	4.373
1078.000	4.373
1079.000	4.373
1080.000	4.373
1081.000	4.373
1082.000	4.373
1083.000	4.373
1084.000	4.373
1085.000	4.373
1086.000	4.373
1087.000	4.373
1088.000	4.373
1089.000	4.373
1090.000	4.373
1091.000	4.373
1092.000	4.373
1093.000	4.373
1094.000	4.373
1095.000	4.373
1096.000	4.373
1097.000	4.373
1098.000	4.373
1099.000	4.373
1100.000	4.373
1101.000	4.373
1102.000	4.373
1103.000	4.373
1104.000	4.373
1105.000	4.373
1106.000	4.373
1107.000	4.373
1108.000	4.373
1109.000	4.373
1110.000	4.373
1111.000	4.373
1112.000	4.373
1113.000	4.373
1114.000	4.373
1115.000	4.373
1116.000	4.373
1117.000	4.373
1118.000	4.373
1119.000	4.373
1120.000	4.373
1121.000	4.373
1122.000	4.373
1123.000	4.373
1124.000	4.373
1125.000	4.373
1126.000	4.373
1127.000	4.373
1128.000	4.373
1129.000	4.373
1130.000	4.373
1131.000	4.373
1132.000	4.373
1133.000	4.373
1134.000	4.373
1135.000	4.373
1136.000	4.373
1137.000	4.373
1138.000	4.373
1139.000	4.373
1140.000	4.373
1141.000	4.373
1142.000	4.373
1143.000	4.373
1144.000	4.373
1145.000	4.373
1146.000	4.373
1147.000	4.373
1148.000	4.373
1149.000	4.373
1150.000	4.373
1151.000	4.373
1152.000	4.373
1153.000	4.373
1154.000	4.373
1155.000	4.373
1156.000	4.373
1157.000	4.373
1158.000	4.373
1159.000	4.373
1160.000	4.373
1161.000	4.373
1162.000	4.373
1163.000	4.373
1164.000	4.373
1165.000	4.373
1166.000	4.373
1167.000	4.373
1168.000	4.373
1169.000	4.373
1170.000	4.373
1171.000	4.373
1172.000	4.373
1173.000	4.373
1174.000	4.373
1175.000	4.373
1176.000	4.373
1177.000	4.373
1178.000	4.373
1179.000	4.373
1180.000	4.373
1181.000	4.373
1182.000	4.373
1183.000	4.373
1184.000	4.373
1185.000	4.373
1186.000	4.373
1187.000	4.373
1188.000	4.373
1189.000	4.373
1190.000	4.373
1191.000	4.373
1192.000	4.373
1193.000	4.373
1194.000	4.373
1195.000	4.373
1196.000	4.373
1197.000	4.373
1198.000	4.373
1199.000	4.373
1200.000	4.373
1201.000	4.373
1202.000	4.373
1203.000	4.373
1204.000	4.373
1205.000	4.373
1206.000	4.373
1207.000	4.373
1208.000	4.373
1209.000	4.373
1210.000	4.373
1211.000	4.373
1212.000	4.373
1213.000	4.373
1214.000	4.373
1215.000	4.373
1216.000	4.373
1217.000	4.373
1218.000	4.373
1219.000	4.373
1220.000	4.373
1221.000	4.373
1222.000	4.373
1223.000	4.373
1224.000	4.373
1225.000	4.373
1226.000	4.373
1227.000	4.373
1228.000	4.373
1229.000	4.373
1230.000	4.373
1231.000	4.373
1232.000	4.373
1233.000	4.373
1234.000	4.373
1235.000	4.373
1236.000	4.373
1237.000	4.373
1238.000	4.373
1239.000	4.373
1240.000	4.373
1241.000	4.373
1242.000	4.373
1243.000	4.373
1244.000	4.373
1245.000	4.373
1246.000	4.373
1247.000	4.373
1248.000	4.373
1249.000	4.373
1250.000	4.373
1251.000	4.373
1252.000	4.373
1253.000	4.373
1254.000	4.373
1255.000	4.373
1256.000	4.373
1257.000	4.373
1258.000	4.373
1259.000	4.373
1260.000	4.373
1261.000	4.373
1262.000	4.373
1263.000	4.373
1264.000	4.373
1265.000	4.373
1266.000	4.373
1267.000	4.373
1268.000	4.373
1269.000	4.373
1270.000	4.373
1271.000	4.373
1272.000	4.373
1273.000	4.373
1274.000	4.373
1275.000	4.373
1276.000	4.373
1277.000	4.373
1278.000	4.373
1279.000	4.373
1280.000	4.373
1281.000	4.373
1282.000	4.373
1283.000	4.373
1284.000	4.373
1285.000	4.373
1286.000	4.373
1287.000	4.373
1288.000	4.373
1289.000	4.373
1290.000	4.373
1291.000	4.373
1292.000	4.373
1293.000	4.373
1294.000	4.373
1295.000	4.373
1296.000	4.373
1297.000	4.373
1298.000	4.373
1299.000	4.373
1300.000	4.373
1301.000	4.373
1302.000	4.373
1303.000	4.373
1304.000	4.373
1305.000	4.373
1306.000	4.373
1307.000	4.373
1308.000	4.373
1309.000	4.373
1310.000	4.373
1311.000	4.373
1312.000	4.373
1313.000	4.373
1314.000	4.373
1315.000	4.373
1316.000	4.373
1317.000	4.373
1318.000	4.373
1319.000	4.373
1320.000	4.373
1321.000	4.373
1322.000	4.373
1323.000	4.373
1324.000	4.373
1325.000	4.373
1326.000	4.373
1327.000	4.373
1328.000	4.373
1329.000	4.373
1330.000	4.373
1331.000	4.373
1332.000	4.373
1333.000	4.373
1334.000	4.373
1335.000	4.373
1336.000	4.373
1337.000	4.373
1338.000	4.373
1339.000	4.373
1340.000	4.373
1341.000	4.373
1342.000	4.373
1343.000	4.373
1344.000	4.373
1345.000	4.373
1346.000	4.373
1347.000	4.373
1348.000	4.373
1349.000	4.373
1350.000	4.373
1351.000	4.373
1352.000	4.373
1353.000	4.373
1354.000	4.373
1355.000	4.373
1356.000	4.373
1357.000	4.373
1358.000	4.373
1359.000	4.373
1360.000	4.373
1361.000	4.373
1362.000	4.373
1363.000	4.373
1364.000	4.373
1365.000	4.373
1366.000	4.373
1367.000	4.373
1368.000	4.373
1369.000	4.373
1370.000	4.373
1371.000	4.373
1372.000	4.373
1373.000	4.373
1374.000	4.373
1375.000	4.373
1376.000	4.373
1377.000	4.373
1378.000	4.373
1379.000	4.373
1380.000	4.373
1381.000	4.373
1382.000	4.373
1383.000	4.373
1384.000	4.373
1385.000	4.373
1386.000	4.373
1387.000	4.373
1388.000	4.373
1389.000	4.373
1390.000	4.373
1391.000	4.373
1392.000	4.373
1393.000	4.373
1394.000	4.373
1395.000	4.373
1396.000	4.373
1397.000	4.373
1398.000	4.373
1399.000	4.373
1400.000	4.373
1401.000	4.373
1402.000	4.373
1403.000	4.373
1404.000	4.373
1405.000	4.373
1406.000	4.373
1407.000	4.373
1408.000	4.373
1409.000	4.373
1410.000	4.373
1411.000	4.373
1412.000	4.373
1413.000	4.373
1414.000	4.373
1415.000	4.373
1416.000	4.373
1417.000	4.373
1418.000	4.373
1419.000	4.373
1420.000	4.373
1421.000	4.373
1422.000	4.373
1423.000	4.373
1424.000	4.373
1425.000	4.373
1426.000	4.373
1427.000	4.373
1428.000	4.373
1429.000	4.373
1430.000	4.373
1431.000	4.373
1432.000	4.373
1433.000	4.373
1434.000	4.373
1435.000	4.373
1436.000	4.373
1437.000	4.373
1438.000	4.373
1439.000	4.373
1440.000	4.373
1441.000	4.373
1442.000	4.373
1443.000	4.373
1444.000	4.373
1445.000	4.373
1446.000	4.373
1447.000	4.373
1448.000	4.373
1449.000	4.373
1450.000	4.373
1451.000	4.373
1452.000	4.373
1453.000	4.373
1454.000	4.373
1455.000	4.373
1456.000	4.373
1457.000	4.373
1458.000	4.373
1459.000	4.373
1460.000	4.373
1461.000	4.373
1462.000	4.373
1463.000	4.373
1464.000	4.373
1465.000	4.373
1466.000	4.373
1467.000	4.373
1468.000	4.373
1469.000	4.373
1470.000	4.373
1471.000	4.373
1472.000	4.373
1473.000	4.373
1474.000	4.373
1475.000	4.373
1476.000	4.373
1477.000	4.373
1478.000	4.373
1479.000	4.373
1480.000	4.373
1481.000	4.373
1482.000	4.373
1483.000	4.373
1484.000	4.373
1485.000	4.373
1486.000	4.373
1487.000	4.373
1488.000	4.373
1489.000	4.373
1490.000	4.373
1491.000	4.373
1492.000	4.373
1493.000	4.373
1494.000	4.373
1495.000	4.373
1496.000	4.373
1497.000	4.373
1498.000	4.373
1499.000	4.373
1500.000	4.373
1501.000	4.373
1502.000	4.373
1503.000	4.373
1504.000	4.373
1505.000	4.373
1506.000	4.373
1507.000	4.373
1508.000	4.373
1509.000	4.373
1510.000	4.373
1511.000	4.373
1512.000	4.373
1513.000	4.373
1514.000	4.373
1515.000	4.373
1516.000	4.373
1517.000	4.373
1518.000	4.373
1519.000	4.373
1520.000	4.373
1521.000	4.373
1522.000	4.373
1523.000	4.373
1524.000	4.373
1525.000	4.373
1526.000	4.373
1527.000	4.373
1528.000	4.373
1529.000	4.373
1530.000	4.373
1531.000	4.373
1532.000	4.373
1533.000	4.373
1534.000	4.373
1535.000	4.373
1536.000	4.373
1537.000	4.373
1538.000	4.373
1539.000	4.373
1540.000	4.373
1541.000	4.373
1542.000	4.373
1543.000	4.373
1544.000	4.373
1545.000	4.373
1546.000	4.373
1547.000	4.373
1548.000	4.373
1549.000	4.373
1550.000	4.373
1551.000	4.373
1552.000	4.373
1553.000	4.373
1554.000	4.373
1555.000	4.373
1556.000	4.373
1557.000	4.373
1558.000	4.373
1559.000	4.373
1560.000	4.373
1561.000	4.373
1562.000	4.373
1563.000	4.373
1564.000	4.373
1565.000	4.373
1566.000	4.373
1567.000	4.373
1568.000	4.373
1569.000	4.373
1570.000	4.373
1571.000	4.373
1572.000	4.373
1573.000	4.373
1574.000	4.373
1575.000	4.373
1576.000	4.373
1577.000	4.373
1578.000	4.373
1579.000	4.373
1580.000	4.373
1581.000	4.373
1582.000	4.373
1583.000	4.373
1584.000	4.373
1585.000	4.373
1586.000	4.373
1587.000	4.373
1588.000	4.373
1589.000	4.373
1590.000	4.373
1591.000	4.373
1592.000	4.373
1593.000	4.373
1594.000	4.373
1595.000	4.373
1596.000	4.373
1597.000	4.373
1598.000	4.373
1599.000	4.373
1600.000	4.373
1601.000	4.373
1602.000	4.373
1603.000	4.373
1604.000	4.373
1605.000	4.373
1606.000	4.373
1607.000	4.373
1608.000	4.373
1609.000	4.373
1610.000	4.373
1611.000	4.373
1612.000	4.373
1613.000	4.373
1614.000	4.373
1615.000	4.373
1616.000	4.373
1617.000	4.373
1618.000	4.373
1619.000	4.373
1620.000	4.373
1621.000	4.373
1622.000	4.373
1623.000	4.373
1624.000	4.373
1625.000	4.373
1626.000	4.373
1627.000	4.373
1628.000	4.373
1629.000	4.373
1630.000	4.373
1631.000	4.373
1632.000	4.373
1633.000	4.373
1634.000	4.373
1635.000	4.373
1636.000	4.373
1637.000	4.373
1638.000	4.373
1639.000	4.373
1640.000	4.373
1641.000	4.373
1642.000	4.373
1643.000	4.373
1644.000	4.373
1645.000	4.373
1646.000	4.373
1647.000	4.373
1648.000	4.373
1649.000	4.373
1650.000	4.373
1651.000	4.373
1652.000	4.373
1653.000	4.373
1654.000	4.373
1655.000	4.373
1656.000	4.373
1657.000	4.373
1658.000	4.373
1659.000	4.373
1660.000	4.373
1661.000	4.373
1662.000	4.373
1663.000	4.373
1664.000	4.373
1665.000	4.373
1666.000	4.373
1667.000	4.373
1668.000	4.373
1669.000	4.373
1670.000	4.373
1671.000	4.373
1672.000	4.373
1673.000	4.373
1674.000	4.373
1675.000	4.373
1676.000	4.373
1677.000	4.373
1678.000	4.373
1679.000	4.373
1680.000	4.373
1681.000	4.373
1682.000	4.373
1683.000	4.373
1684.000	4.373
1685.000	4.373
1686.000	4.373
1687.000	4.370
1688.000	4.365
1689.000	4.356
1690.000	4.346
1691.000	4.346
1692.000	4.337
1693.000	4.327
1694.000	4.318
1695.000	4.309
1696.000	4.299
1697.000	4.290
1698.000	4.280
1699.000	4.271
1700.000	4.261
1701.000	4.252
1702.000	4.252
1703.000	4.243
1704.000	4.233
1705.000	4.224
1706.000	4.214
1707.000	4.205
1708.000	4.196
1709.000	4.186
1710.000	4.177
1711.000	4.167
1712.000	4.158
1713.000	4.149
1714.000	4.149
1715.000	4.139
1716.000	4.130
1717.000	4.121
1718.000	4.111
1719.000	4.102
1720.000	4.092
1721.000	4.083
1722.000	4.074
1723.000	4.064
1724.000	4.055
1725.000	4.055
1726.000	4.046
1727.000	4.036
1728.000	4.027
1729.000	4.018
1730.000	4.008
1731.000	3.999
1732.000	3.990
1733.000	3.980
1734.000	3.971
1735.000	3.962
1736.000	3.962
1737.000	3.952
1738.000	3.943
1739.000	3.934
1740.000	3.924
1741.000	3.915
1742.000	3.906
1743.000	3.896
1744.000	3.887
1745.000	3.878
1746.000	3.868
1747.000	3.868
1748.000	3.859
1749.000	3.850
1750.000	3.840
1751.000	3.831
1752.000	3.822
1753.000	3.813
1754.000	3.803
1755.000	3.794
1756.000	3.785
1757.000	3.775
1758.000	3.775
1759.000	3.766
1760.000	3.757
1761.000	3.748
1762.000	3.738
1763.000	3.729
1764.000	3.720
1765.000	3.710
1766.000	3.701
1767.000	3.692
1768.000	3.683
1769.000	3.683
1770.000	3.673
1771.000	3.664
1772.000	3.655
1773.000	3.646
1774.000	3.636
1775.000	3.627
1776.000	3.618
1777.000	3.609
1778.000	3.599
1779.000	3.590
1780.000	3.581
1781.000	3.581
1782.000	3.572
1783.000	3.563
1784.000	3.553
1785.000	3.544
1786.000	3.535
1787.000	3.526
1788.000	3.516
1789.000	3.507
1790.000	3.498
1791.000	3.489
1792.000	3.489
1793.000	3.480
1794.000	3.470
1795.000	3.461
1796.000	3.452
1797.000	3.443
1798.000	3.434
1799.000	3.424
1800.000	3.415
1801.000	3.406
1802.000	3.397
1803.000	3.397
1804.000	3.388
1805.000	3.378
1806.000	3.369
1807.000	3.360
1808.000	3.351
1809.000	3.342
1810.000	3.333
1811.000	3.323
1812.000	3.314
1813.000	3.305
1814.000	3.305
1815.000	3.296
1816.000	3.287
1817.000	3.278
1818.000	3.268
1819.000	3.259
1820.000	3.250
1821.000	3.241
1822.000	3.232
1823.000	3.223
1824.000	3.214
1825.000	3.214
1826.000	3.204
1827.000	3.195
1828.000	3.186
1829.000	3.177
1830.000	3.168
1831.000	3.159
1832.000	3.150
1833.000	3.140
1834.000	3.131
1835.000	3.122
1836.000	3.122
1837.000	3.113
1838.000	3.104
1839.000	3.095
1840.000	3.086
1841.000	3.077
1842.000	3.068
1843.000	3.058
1844.000	3.049
1845.000	3.040
1846.000	3.031
1847.000	3.022
1848.000	3.022
1849.000	3.013
1850.000	3.004
1851.000	2.995
1852.000	2.986
1853.000	2.977
1854.000	2.968
1855.000	2.959
1856.000	2.949
1857.000	2.940
1858.000	2.931
1859.000	2.930
1860.000	2.921
1861.000	2.912
1862.000	2.903
1863.000	2.894
1864.000	2.885
1865.000	2.876
1866.000	2.867
1867.000	2.858
1868.000	2.849
1869.000	2.840
1870.000	2.839
1871.000	2.830
1872.000	2.821
1873.000	2.812
1874.000	2.803
1875.000	2.794
1876.000	2.785
1877.000	2.776
1878.000	2.767
1879.000	2.758
1880.000	2.749
1881.000	2.748
1882.000	2.739
1883.000	2.730
1884.000	2.721
1885.000	2.712
1886.000	2.703
1887.000	2.694
1888.000	2.685
1889.000	2.676
1890.000	2.667
1891.000	2.658
1892.000	2.657
1893.000	2.648
1894.000	2.639
1895.000	2.630
1896.000	2.621
1897.000	2.612
1898.000	2.603
1899.000	2.594
1900.000	2.585
1901.000	2.576
1902.000	2.567
1903.000	2.566
1904.000	2.557
1905.000	2.548
1906.000	2.539
1907.000	2.530
1908.000	2.521
1909.000	2.512
1910.000	2.503
1911.000	2.494
1912.000	2.485
1913.000	2.476
1914.000	2.476
1915.000	2.467
1916.000	2.458
1917.000	2.449
1918.000	2.440
1919.000	2.431
1920.000	2.422
1921.000	2.413
1922.000	2.404
1923.000	2.395
1924.000	2.386
1925.000	2.377
1926.000	2.376
1927.000	2.367
1928.000	2.358
1929.000	2.349
1930.000	2.341
1931.000	2.332
1932.000	2.323
1933.000	2.314
1934.000	2.305
1935.000	2.296
1936.000	2.287
1937.000	2.286
1938.000	2.277
1939.000	2.268
1940.000	2.259
1941.000	2.250
1942.000	2.242
1943.000	2.233
1944.000	2.224
1945.000	2.215
1946.000	2.206
1947.000	2.197
1948.000	2.196
1949.000	2.187
1950.000	2.178
1951.000	2.170
1952.000	2.161
1953.000	2.152
1954.000	2.143
1955.000	2.134
1956.000	2.125
1957.000	2.116
1958.000	2.107
1959.000	2.106
1960.000	2.098
1961.000	2.089
1962.000	2.080
1963.000	2.071
1964.000	2.062
1965.000	2.053
1966.000	2.044
1967.000	2.036
1968.000	2.027
1969.000	2.018
1970.000	2.017
1971.000	2.008
1972.000	1.999
1973.000	1.990
1974.000	1.982
1975.000	1.973
1976.000	1.964
1977.000	1.955
1978.000	1.946
1979.000	1.937
1980.000	1.928
1981.000	1.928
1982.000	1.919
1983.000	1.910
1984.000	1.901
1985.000	1.892
1986.000	1.883
1987.000	1.875
1988.000	1.866
1989.000	1.857
1990.000	1.848
1991.000	1.839
1992.000	1.831
1993.000	1.830
1994.000	1.821
1995.000	1.812
1996.000	1.803
1997.000	1.794
1998.000	1.786
1999.000	1.777
2000.000	1.768
2001.000	1.759
2002.000	1.750
2003.000	1.742
2004.000	1.741
2005.000	1.732
2006.000	1.723
2007.000	1.714
2008.000	1.706
2009.000	1.697
2010.000	1.688
2011.000	1.679
2012.000	1.670
2013.000	1.662
2014.000	1.653
2015.000	1.652
2016.000	1.643
2017.000	1.634
2018.000	1.626
2019.000	1.617
2020.000	1.608
2021.000	1.599
2022.000	1.591
2023.000	1.582
2024.000	1.573
2025.000	1.564
2026.000	1.564
2027.000	1.555
2028.000	1.546
2029.000	1.537
2030.000	1.528
2031.000	1.520
2032.000	1.511
2033.000	1.502
2034.000	1.493
2035.000	1.485
2036.000	1.476
2037.000	1.475
2038.000	1.466
2039.000	1.458
2040.000	1.449
2041.000	1.440
2042.000	1.431
2043.000	1.423
2044.000	1.414
2045.000	1.405
2046.000	1.397
2047.000	1.388
2048.000	1.387
2049.000	1.378
2050.000	1.370
2051.000	1.361
2052.000	1.354
2053.000	1.350
2054.000	1.347
2055.000	1.346
2056.000	1.346
2057.000	1.345
2058.000	1.344
2059.000	1.343
2060.000	1.342
2061.000	1.341
2062.000	1.341
2063.000	1.340
2064.000	1.339
2065.000	1.338
2066.000	1.337
2067.000	1.337
2068.000	1.336
2069.000	1.335
2070.000	1.334
2071.000	1.333
2072.000	1.332
2073.000	1.332
2074.000	1.331
2075.000	1.330
2076.000	1.329
2077.000	1.328
2078.000	1.327
2079.000	1.327
2080.000	1.326
2081.000	1.325
2082.000	1.324
2083.000	1.323
2084.000	1.322
2085.000	1.322
2086.000	1.321
2087.000	1.320
2088.000	1.319
2089.000	1.318
2090.000	1.318
2091.000	1.317
2092.000	1.316
2093.000	1.315
2094.000	1.314
2095.000	1.313
2096.000	1.313
2097.000	1.312
2098.000	1.311
2099.000	1.310
2100.000	1.309
2101.000	1.308
2102.000	1.308
2103.000	1.307
2104.000	1.306
2105.000	1.305
2106.000	1.304
2107.000	1.304
2108.000	1.303
2109.000	1.302
2110.000	1.301
2111.000	1.300
2112.000	1.299
2113.000	1.299
2114.000	1.298
2115.000	1.297
2116.000	1.296
2117.000	1.295
2118.000	1.294
2119.000	1.294
2120.000	1.293
2121.000	1.292
2122.000	1.291
2123.000	1.290
2124.000	1.289
2125.000	1.289
2126.000	1.288
2127.000	1.287
2128.000	1.286
2129.000	1.285
2130.000	1.285
2131.000	1.284
2132.000	1.283
2133.000	1.282
2134.000	1.281
2135.000	1.280
2136.000	1.280
2137.000	1.279
2138.000	1.278
2139.000	1.277
2140.000	1.276
2141.000	1.275
2142.000	1.275
2143.000	1.274
2144.000	1.273
2145.000	1.272
2146.000	1.271
2147.000	1.270
2148.000	1.270
2149.000	1.269
2150.000	1.268
2151.000	1.267
2152.000	1.266
2153.000	1.266
2154.000	1.265
2155.000	1.264
2156.000	1.263
2157.000	1.262
2158.000	1.261
2159.000	1.261
2160.000	1.260
2161.000	1.259
2162.000	1.258
2163.000	1.257
2164.000	1.256
2165.000	1.256
2166.000	1.255
2167.000	1.254
2168.000	1.253
2169.000	1.252
2170.000	1.252
2171.000	1.251
2172.000	1.250
2173.000	1.249
2174.000	1.248
2175.000	1.247
2176.000	1.247
2177.000	1.246
2178.000	1.245
2179.000	1.244
2180.000	1.243
2181.000	1.242
2182.000	1.242
2183.000	1.241
2184.000	1.240
2185.000	1.239
2186.000	1.238
2187.000	1.237
2188.000	1.237
2189.000	1.236
2190.000	1.235
2191.000	1.234
2192.000	1.233
2193.000	1.233
2194.000	1.232
2195.000	1.231
2196.000	1.230
2197.000	1.229
2198.000	1.228
2199.000	1.228
2200.000	1.227
2201.000	1.226
2202.000	1.225
2203.000	1.224
2204.000	1.223
2205.000	1.223
2206.000	1.222
2207.000	1.221
2208.000	1.220
2209.000	1.219
2210.000	1.219
2211.000	1.218
2212.000	1.217
2213.000	1.216
2214.000	1.215
2215.000	1.214
2216.000	1.214
2217.000	1.213
2218.000	1.212
2219.000	1.211
2220.000	1.210
2221.000	1.209
2222.000	1.209
2223.000	1.208
2224.000	1.207
2225.000	1.206
2226.000	1.205
2227.000	1.204
2228.000	1.204
2229.000	1.203
2230.000	1.202
2231.000	1.201
2232.000	1.200
2233.000	1.200
2234.000	1.199
2235.000	1.198
2236.000	1.197
2237.000	1.196
2238.000	1.195
2239.000	1.195
2240.000	1.194
2241.000	1.193
2242.000	1.192
2243.000	1.191
2244.000	1.190
2245.000	1.190
2246.000	1.189
2247.000	1.188
2248.000	1.187
2249.000	1.186
2250.000	1.186
2251.000	1.185
2252.000	1.184
2253.000	1.183
2254.000	1.182
2255.000	1.181
2256.000	1.181
2257.000	1.180
2258.000	1.179
2259.000	1.178
2260.000	1.177
2261.000	1.176
2262.000	1.176
2263.000	1.175
2264.000	1.174
2265.000	1.173
2266.000	1.172
2267.000	1.171
2268.000	1.171
2269.000	1.170
2270.000	1.169
2271.000	1.168
2272.000	1.167
2273.000	1.167
2274.000	1.166
2275.000	1.165
2276.000	1.164
2277.000	1.163
2278.000	1.162
2279.000	1.162
2280.000	1.161
2281.000	1.160
2282.000	1.159
2283.000	1.158
2284.000	1.157
2285.000	1.157
2286.000	1.156
2287.000	1.155
2288.000	1.154
2289.000	1.153
2290.000	1.152
2291.000	1.152
2292.000	1.151
2293.000	1.150
2294.000	1.149
2295.000	1.148
2296.000	1.148
2297.000	1.147
2298.000	1.146
2299.000	1.145
2300.000	1.144
2301.000	1.143
2302.000	1.143
2303.000	1.142
2304.000	1.141
2305.000	1.140
2306.000	1.139
2307.000	1.138
2308.000	1.138
2309.000	1.137
2310.000	1.136
2311.000	1.135
2312.000	1.134
2313.000	1.134
2314.000	1.133
2315.000	1.132
2316.000	1.131
2317.000	1.130
2318.000	1.129
2319.000	1.129
2320.000	1.128
2321.000	1.127
2322.000	1.126
2323.000	1.125
2324.000	1.124
2325.000	1.124
2326.000	1.123
2327.000	1.122
2328.000	1.121
2329.000	1.120
2330.000	1.119
2331.000	1.119
2332.000	1.118
2333.000	1.117
2334.000	1.116
2335.000	1.115
2336.000	1.115
2337.000	1.114
2338.000	1.113
2339.000	1.112
2340.000	1.111
2341.000	1.110
2342.000	1.110
2343.000	1.109
2344.000	1.108
2345.000	1.107
2346.000	1.106
2347.000	1.105
2348.000	1.105
2349.000	1.104
2350.000	1.103
2351.000	1.102
2352.000	1.101
2353.000	1.101
2354.000	1.100
2355.000	1.099
2356.000	1.098
2357.000	1.097
2358.000	1.096
2359.000	1.096
2360.000	1.095
2361.000	1.094
2362.000	1.093
2363.000	1.092
2364.000	1.091
2365.000	1.091
2366.000	1.090
2367.000	1.089
2368.000	1.088
2369.000	1.087
2370.000	1.086
2371.000	1.086
2372.000	1.085
2373.000	1.084
2374.000	1.083
2375.000	1.082
2376.000	1.082
2377.000	1.081
2378.000	1.080
2379.000	1.079
2380.000	1.078
2381.000	1.077
2382.000	1.077
2383.000	1.076
2384.000	1.075
2385.000	1.074
2386.000	1.073
2387.000	1.072
2388.000	1.072
2389.000	1.071
2390.000	1.070
2391.000	1.069
2392.000	1.068
2393.000	1.067
2394.000	1.067
2395.000	1.066
2396.000	1.065
2397.000	1.064
2398.000	1.063
2399.000	1.063
2400.000	1.062
2401.000	1.061
2402.000	1.060
2403.000	1.059
2404.000	1.058
2405.000	1.058
2406.000	1.057
2407.000	1.056
2408.000	1.055
2409.000	1.054
2410.000	1.053
2411.000	1.053
2412.000	1.052
2413.000	1.051
2414.000	1.050
2415.000	1.049
2416.000	1.049
2417.000	1.048
2418.000	1.047
2419.000	1.046
2420.000	1.045
2421.000	1.044
2422.000	1.044
2423.000	1.043
2424.000	1.042
2425.000	1.041
2426.000	1.040
2427.000	1.039
2428.000	1.039
2429.000	1.038
2430.000	1.037
2431.000	1.036
2432.000	1.035
2433.000	1.034
2434.000	1.034
2435.000	1.033
2436.000	1.032
2437.000	1.031
2438.000	1.030
2439.000	1.030
2440.000	1.029
2441.000	1.028
2442.000	1.027
2443.000	1.026
2444.000	1.025
2445.000	1.025
2446.000	1.024
2447.000	1.023
2448.000	1.022
2449.000	1.021
2450.000	1.020
2451.000	1.020
2452.000	1.019
2453.000	1.018
2454.000	1.017
2455.000	1.016
2456.000	1.016
2457.000	1.015
2458.000	1.014
2459.000	1.013
2460.000	1.012
2461.000	1.011
2462.000	1.011
2463.000	1.010
2464.000	1.009
2465.000	1.008
2466.000	1.007
2467.000	1.006
2468.000	1.006
2469.000	1.005
2470.000	1.004
2471.000	1.003
2472.000	1.002
2473.000	1.001
2474.000	1.001
2475.000	1.000
2476.000	0.999
2477.000	0.998
2478.000	0.997
2479.000	0.997
2480.000	0.996
2481.000	0.995
2482.000	0.994
2483.000	0.993
2484.000	0.992
2485.000	0.992
2486.000	0.991
2487.000	0.990
2488.000	0.989
2489.000	0.988
2490.000	0.987
2491.000	0.987
2492.000	0.986
2493.000	0.985
2494.000	0.984
2495.000	0.983
2496.000	0.983
2497.000	0.982
2498.000	0.981
2499.000	0.980
2500.000	0.979
2501.000	0.978
2502.000	0.978
2503.000	0.977
2504.000	0.976
2505.000	0.975
2506.000	0.974
2507.000	0.973
2508.000	0.973
2509.000	0.972
2510.000	0.971
2511.000	0.970
2512.000	0.969
2513.000	0.968
2514.000	0.968
2515.000	0.967
2516.000	0.966
2517.000	0.965
2518.000	0.964
2519.000	0.964
2520.000	0.963
2521.000	0.962
2522.000	0.961
2523.000	0.960
2524.000	0.959
2525.000	0.959
2526.000	0.958
2527.000	0.957
2528.000	0.956
2529.000	0.955
2530.000	0.954
2531.000	0.954
2532.000	0.953
2533.000	0.952
2534.000	0.951
2535.000	0.950
2536.000	0.949
2537.000	0.949
2538.000	0.948
2539.000	0.947
2540.000	0.946
2541.000	0.945
2542.000	0.945
2543.000	0.944
2544.000	0.943
2545.000	0.942
2546.000	0.941
2547.000	0.940
2548.000	0.940
2549.000	0.939
2550.000	0.938
2551.000	0.937
2552.000	0.936
2553.000	0.935
2554.000	0.935
2555.000	0.934
2556.000	0.933
2557.000	0.932
2558.000	0.931
2559.000	0.931
2560.000	0.930
2561.000	0.929
2562.000	0.928
2563.000	0.927
2564.000	0.926
2565.000	0.926
2566.000	0.925
2567.000	0.924
2568.000	0.923
2569.000	0.922
2570.000	0.921
2571.000	0.921
2572.000	0.920
2573.000	0.919
2574.000	0.918
2575.000	0.917
2576.000	0.916
2577.000	0.916
2578.000	0.915
2579.000	0.914
2580.000	0.913
2581.000	0.912
2582.000	0.912
2583.000	0.911
2584.000	0.910
2585.000	0.909
2586.000	0.908
2587.000	0.907
2588.000	0.907
2589.000	0.906
2590.000	0.905
2591.000	0.904
2592.000	0.903
2593.000	0.902
2594.000	0.902
2595.000	0.901
2596.000	0.900
2597.000	0.899
2598.000	0.898
2599.000	0.898
2600.000	0.897
2601.000	0.896
2602.000	0.895
2603.000	0.894
2604.000	0.893
2605.000	0.893
2606.000	0.892
2607.000	0.891
2608.000	0.890
2609.000	0.889
2610.000	0.888
2611.000	0.888
2612.000	0.887
2613.000	0.886
2614.000	0.885
2615.000	0.884
2616.000	0.883
2617.000	0.883
2618.000	0.882
2619.000	0.881
2620.000	0.880
2621.000	0.879
2622.000	0.879
2623.000	0.878
2624.000	0.877
2625.000	0.876
2626.000	0.875
2627.000	0.874
2628.000	0.874
2629.000	0.873
2630.000	0.872
2631.000	0.871
2632.000	0.870
2633.000	0.869
2634.000	0.869
2635.000	0.868
2636.000	0.867
2637.000	0.866
2638.000	0.865
2639.000	0.864
2640.000	0.864
2641.000	0.863
2642.000	0.862
2643.000	0.861
2644.000	0.860
2645.000	0.860
2646.000	0.859
2647.000	0.858
2648.000	0.857
2649.000	0.856
2650.000	0.855
2651.000	0.855
2652.000	0.854
2653.000	0.853
2654.000	0.852
2655.000	0.851
2656.000	0.850
2657.000	0.850
2658.000	0.849
2659.000	0.848
2660.000	0.847
2661.000	0.846
2662.000	0.846
2663.000	0.845
2664.000	0.844
2665.000	0.843
2666.000	0.842
2667.000	0.841
2668.000	0.841
2669.000	0.840
2670.000	0.839
2671.000	0.838
2672.000	0.837
2673.000	0.836
2674.000	0.836
2675.000	0.835
2676.000	0.834
2677.000	0.833
2678.000	0.832
2679.000	0.831
2680.000	0.831
2681.000	0.830
2682.000	0.829
2683.000	0.828
2684.000	0.827
2685.000	0.827
2686.000	0.826
2687.000	0.825
2688.000	0.824
2689.000	0.823
2690.000	0.822
2691.000	0.822
2692.000	0.821
2693.000	0.820
2694.000	0.819
2695.000	0.818
2696.000	0.817
2697.000	0.817
2698.000	0.816
2699.000	0.815
2700.000	0.814
2701.000	0.813
2702.000	0.813
2703.000	0.812
2704.000	0.811
2705.000	0.810
2706.000	0.809
2707.000	0.808
2708.000	0.808
2709.000	0.807
2710.000	0.806
2711.000	0.805
2712.000	0.804
2713.000	0.803
2714.000	0.803
2715.000	0.802
2716.000	0.801
2717.000	0.800
2718.000	0.799
2719.000	0.798
2720.000	0.798
2721.000	0.797
2722.000	0.796
2723.000	0.795
2724.000	0.794
2725.000	0.794
2726.000	0.793
2727.000	0.792
2728.000	0.791
2729.000	0.790
2730.000	0.789
2731.000	0.789
2732.000	0.788
2733.000	0.787
2734.000	0.786
2735.000	0.785
2736.000	0.784
2737.000	0.784
2738.000	0.783
2739.000	0.782
2740.000	0.781
2741.000	0.780
2742.000	0.780
2743.000	0.779
2744.000	0.778
2745.000	0.777
2746.000	0.776
2747.000	0.775
2748.000	0.775
2749.000	0.774
2750.000	0.773
2751.000	0.772
2752.000	0.771
2753.000	0.770
2754.000	0.770
2755.000	0.769
2756.000	0.768
2757.000	0.767
2758.000	0.766
2759.000	0.765
2760.000	0.765
2761.000	0.764
2762.000	0.763
2763.000	0.762
2764.000	0.761
2765.000	0.761
2766.000	0.760
2767.000	0.759
2768.000	0.758
2769.000	0.757
2770.000	0.756
2771.000	0.756
2772.000	0.755
2773.000	0.754
2774.000	0.753
2775.000	0.752
2776.000	0.751
2777.000	0.751
2778.000	0.750
2779.000	0.749
2780.000	0.748
2781.000	0.747
2782.000	0.746
2783.000	0.746
2784.000	0.745
2785.000	0.744
2786.000	0.743
2787.000	0.742
2788.000	0.742
2789.000	0.741
2790.000	0.740
2791.000	0.739
2792.000	0.738
2793.000	0.737
2794.000	0.737
2795.000	0.736
2796.000	0.735
2797.000	0.734
2798.000	0.733
2799.000	0.732
2800.000	0.732
2801.000	0.731
2802.000	0.730
2803.000	0.729
2804.000	0.728
2805.000	0.728
2806.000	0.727
2807.000	0.726
2808.000	0.725
2809.000	0.724
2810.000	0.723
2811.000	0.723
2812.000	0.722
2813.000	0.721
2814.000	0.720
2815.000	0.719
2816.000	0.718
2817.000	0.718
2818.000	0.717
2819.000	0.716
2820.000	0.715
2821.000	0.714
2822.000	0.713
2823.000	0.713
2824.000	0.712
2825.000	0.711
2826.000	0.710
2827.000	0.709
2828.000	0.709
2829.000	0.708
2830.000	0.707
2831.000	0.706
2832.000	0.705
2833.000	0.704
2834.000	0.704
2835.000	0.703
2836.000	0.702
2837.000	0.701
2838.000	0.700
2839.000	0.699
2840.000	0.699
2841.000	0.698
2842.000	0.697
2843.000	0.696
2844.000	0.695
2845.000	0.695
2846.000	0.694
2847.000	0.693
2848.000	0.692
2849.000	0.691
2850.000	0.690
2851.000	0.690
2852.000	0.689
2853.000	0.688
2854.000	0.687
2855.000	0.686
2856.000	0.685
2857.000	0.685
2858.000	0.684
2859.000	0.683
2860.000	0.682
2861.000	0.681
2862.000	0.680
2863.000	0.680
2864.000	0.679
2865.000	0.678
2866.000	0.677
2867.000	0.676
2868.000	0.676
2869.000	0.675
2870.000	0.674
2871.000	0.673
2872.000	0.672
2873.000	0.671
2874.000	0.671
2875.000	0.670
2876.000	0.669
2877.000	0.668
2878.000	0.667
2879.000	0.666
2880.000	0.666
2881.000	0.665
2882.000	0.664
2883.000	0.663
2884.000	0.662
2885.000	0.661
2886.000	0.661
2887.000	0.660
2888.000	0.659
2889.000	0.658
2890.000	0.657
2891.000	0.657
2892.000	0.656
2893.000	0.655
2894.000	0.654
2895.000	0.653
2896.000	0.652
2897.000	0.652
2898.000	0.651
2899.000	0.650
2900.000	0.649
2901.000	0.648
2902.000	0.647
2903.000	0.647
2904.000	0.646
2905.000	0.645
2906.000	0.644
2907.000	0.643
2908.000	0.643
2909.000	0.642
2910.000	0.641
2911.000	0.640
2912.000	0.639
2913.000	0.638
2914.000	0.638
2915.000	0.637
2916.000	0.636
2917.000	0.635
2918.000	0.634
2919.000	0.633
2920.000	0.633
2921.000	0.632
2922.000	0.631
2923.000	0.630
2924.000	0.629
2925.000	0.628
2926.000	0.628
2927.000	0.627
2928.000	0.626
2929.000	0.625
2930.000	0.624
2931.000	0.624
2932.000	0.623
2933.000	0.622
2934.000	0.621
2935.000	0.620
2936.000	0.619
2937.000	0.619
2938.000	0.618
2939.000	0.617
2940.000	0.616
2941.000	0.615
2942.000	0.614
2943.000	0.614
2944.000	0.613
2945.000	0.612
2946.000	0.611
2947.000	0.610
2948.000	0.610
2949.000	0.609
2950.000	0.608
2951.000	0.607
2952.000	0.606
2953.000	0.605
2954.000	0.605
2955.000	0.604
2956.000	0.603
2957.000	0.602
2958.000	0.601
2959.000	0.600
2960.000	0.600
2961.000	0.599
2962.000	0.598
2963.000	0.597
2964.000	0.596
2965.000	0.595
2966.000	0.595
2967.000	0.594
2968.000	0.593
2969.000	0.592
2970.000	0.591
2971.000	0.591
2972.000	0.590
2973.000	0.589
2974.000	0.588
2975.000	0.587
2976.000	0.586
2977.000	0.586
2978.000	0.585
2979.000	0.584
2980.000	0.583
2981.000	0.582
2982.000	0.581
2983.000	0.581
2984.000	0.580
2985.000	0.579
2986.000	0.578
2987.000	0.577
2988.000	0.577
2989.000	0.576
2990.000	0.575
2991.000	0.574
2992.000	0.573
2993.000	0.572
2994.000	0.572
2995.000	0.571
2996.000	0.570
2997.000	0.569
2998.000	0.568
2999.000	0.567
3000.000	0.567
3001.000	0.566
3002.000	0.565
3003.000	0.564
3004.000	0.563
3005.000	0.562
3006.000	0.562
3007.000	0.561
3008.000	0.560
3009.000	0.559
3010.000	0.558
3011.000	0.558
3012.000	0.557
3013.000	0.556
3014.000	0.555
3015.000	0.554
3016.000	0.553
3017.000	0.553
3018.000	0.552
3019.000	0.551
3020.000	0.550
3021.000	0.549
3022.000	0.548
3023.000	0.548
3024.000	0.547
3025.000	0.546
3026.000	0.545
3027.000	0.544
3028.000	0.543
3029.000	0.543
3030.000	0.542
3031.000	0.541
3032.000	0.540
3033.000	0.539
3034.000	0.539
3035.000	0.538
3036.000	0.537
3037.000	0.536
3038.000	0.535
3039.000	0.534
3040.000	0.534
3041.000	0.533
3042.000	0.532
3043.000	0.531
3044.000	0.530
3045.000	0.529
3046.000	0.529
3047.000	0.528
3048.000	0.527
3049.000	0.526
3050.000	0.525
3051.000	0.525
3052.000	0.524
3053.000	0.523
3054.000	0.522
3055.000	0.521
3056.000	0.520
3057.000	0.520
3058.000	0.519
3059.000	0.518
3060.000	0.517
3061.000	0.516
3062.000	0.515
3063.000	0.515
3064.000	0.514
3065.000	0.513
3066.000	0.512
3067.000	0.511
3068.000	0.510
3069.000	0.510
3070.000	0.509
3071.000	0.508
3072.000	0.507
3073.000	0.506
3074.000	0.506
3075.000	0.505
3076.000	0.504
3077.000	0.503
3078.000	0.502
3079.000	0.501
3080.000	0.501
3081.000	0.500
3082.000	0.499
3083.000	0.498
3084.000	0.497
3085.000	0.496
3086.000	0.496
3087.000	0.495
3088.000	0.494
3089.000	0.493
3090.000	0.492
3091.000	0.492
3092.000	0.491
3093.000	0.490
3094.000	0.489
3095.000	0.488
3096.000	0.487
3097.000	0.487
3098.000	0.486
3099.000	0.485
3100.000	0.484
3101.000	0.483
3102.000	0.482
3103.000	0.482
3104.000	0.481
3105.000	0.480
3106.000	0.479
3107.000	0.478
3108.000	0.477
3109.000	0.477
3110.000	0.476
3111.000	0.475
3112.000	0.474
3113.000	0.473
3114.000	0.473
3115.000	0.472
3116.000	0.471
3117.000	0.470
3118.000	0.469
3119.000	0.468
3120.000	0.468
3121.000	0.467
3122.000	0.466
3123.000	0.465
3124.000	0.464
3125.000	0.463
3126.000	0.463
3127.000	0.462
3128.000	0.461
3129.000	0.460
3130.000	0.459
3131.000	0.458
3132.000	0.458
3133.000	0.457
3134.000	0.456
3135.000	0.455
3136.000	0.454
3137.000	0.454
3138.000	0.453
3139.000	0.452
3140.000	0.451
3141.000	0.450
3142.000	0.449
3143.000	0.449
3144.000	0.448
3145.000	0.447
3146.000	0.446
3147.000	0.445
3148.000	0.444
3149.000	0.444
3150.000	0.443
3151.000	0.442
3152.000	0.441
3153.000	0.440
3154.000	0.440
3155.000	0.439
3156.000	0.438
3157.000	0.437
3158.000	0.436
3159.000	0.435
3160.000	0.435
3161.000	0.434
3162.000	0.433
3163.000	0.432
3164.000	0.431
3165.000	0.430
3166.000	0.430
3167.000	0.429
3168.000	0.428
3169.000	0.427
3170.000	0.426
3171.000	0.425
3172.000	0.425
3173.000	0.424
3174.000	0.423
3175.000	0.422
3176.000	0.421
3177.000	0.421
3178.000	0.420
3179.000	0.419
3180.000	0.418
3181.000	0.417
3182.000	0.416
3183.000	0.416
3184.000	0.415
3185.000	0.414
3186.000	0.413
3187.000	0.412
3188.000	0.411
3189.000	0.411
3190.000	0.410
3191.000	0.409
3192.000	0.408
3193.000	0.407
3194.000	0.407
3195.000	0.406
3196.000	0.405
3197.000	0.404
3198.000	0.403
3199.000	0.402
3200.000	0.402
3201.000	0.401
3202.000	0.400
3203.000	0.399
3204.000	0.398
3205.000	0.397
3206.000	0.397
3207.000	0.396
3208.000	0.395
3209.000	0.394
3210.000	0.393
3211.000	0.392
3212.000	0.392
3213.000	0.391
3214.000	0.390
3215.000	0.389
3216.000	0.388
3217.000	0.388
3218.000	0.387
3219.000	0.386
3220.000	0.385
3221.000	0.384
3222.000	0.383
3223.000	0.383
3224.000	0.382
3225.000	0.381
3226.000	0.380
3227.000	0.379
3228.000	0.378
3229.000	0.378
3230.000	0.377
3231.000	0.376
3232.000	0.375
3233.000	0.374
3234.000	0.374
3235.000	0.373
3236.000	0.372
3237.000	0.371
3238.000	0.370
3239.000	0.369
3240.000	0.369
3241.000	0.368
3242.000	0.367
3243.000	0.366
3244.000	0.365
3245.000	0.364
3246.000	0.364
3247.000	0.363
3248.000	0.362
3249.000	0.361
3250.000	0.360
3251.000	0.359
3252.000	0.359
3253.000	0.358
3254.000	0.357
3255.000	0.356
3256.000	0.355
3257.000	0.355
3258.000	0.354
3259.000	0.353
3260.000	0.352
3261.000	0.351
3262.000	0.350
3263.000	0.350
3264.000	0.349
3265.000	0.348
3266.000	0.347
3267.000	0.346
3268.000	0.345
3269.000	0.345
3270.000	0.344
3271.000	0.343
3272.000	0.342
3273.000	0.341
3274.000	0.340
3275.000	0.340
3276.000	0.339
3277.000	0.338
3278.000	0.337
3279.000	0.336
3280.000	0.336
3281.000	0.335
3282.000	0.334
3283.000	0.333
3284.000	0.332
3285.000	0.331
3286.000	0.331
3287.000	0.330
3288.000	0.329
3289.000	0.328
3290.000	0.327
3291.000	0.326
3292.000	0.326
3293.000	0.325
3294.000	0.324
3295.000	0.323
3296.000	0.322
3297.000	0.322
3298.000	0.321
3299.000	0.320
3300.000	0.319
3301.000	0.318
3302.000	0.317
3303.000	0.317
3304.000	0.316
3305.000	0.315
3306.000	0.314
3307.000	0.313
3308.000	0.312
3309.000	0.312
3310.000	0.311
3311.000	0.310
3312.000	0.309
3313.000	0.308
3314.000	0.307
3315.000	0.307
3316.000	0.306
3317.000	0.305
3318.000	0.304
3319.000	0.303
3320.000	0.303
3321.000	0.302
3322.000	0.301
3323.000	0.300
3324.000	0.299
3325.000	0.298
3326.000	0.298
3327.000	0.297
3328.000	0.296
3329.000	0.295
3330.000	0.294
3331.000	0.293
3332.000	0.293
3333.000	0.292
3334.000	0.291
3335.000	0.290
3336.000	0.289
3337.000	0.289
3338.000	0.288
3339.000	0.287
3340.000	0.286
3341.000	0.285
3342.000	0.284
3343.000	0.284
3344.000	0.283
3345.000	0.282
3346.000	0.281
3347.000	0.280
3348.000	0.279
3349.000	0.279
3350.000	0.278
3351.000	0.277
3352.000	0.276
3353.000	0.275
3354.000	0.274
3355.000	0.274
3356.000	0.273
3357.000	0.272
3358.000	0.271
3359.000	0.270
3360.000	0.270
3361.000	0.269
3362.000	0.268
3363.000	0.267
3364.000	0.266
3365.000	0.265
3366.000	0.265
3367.000	0.264
3368.000	0.263
3369.000	0.262
3370.000	0.261
3371.000	0.260
3372.000	0.260
3373.000	0.259
3374.000	0.258
3375.000	0.257
3376.000	0.256
3377.000	0.255
3378.000	0.255
3379.000	0.254
3380.000	0.253
3381.000	0.252
3382.000	0.251
3383.000	0.251
3384.000	0.250
3385.000	0.249
3386.000	0.248
3387.000	0.247
3388.000	0.246
3389.000	0.246
3390.000	0.245
3391.000	0.244
3392.000	0.243
3393.000	0.242
3394.000	0.241
3395.000	0.241
3396.000	0.240
3397.000	0.239
3398.000	0.238
3399.000	0.237
3400.000	0.237
3401.000	0.236
3402.000	0.235
3403.000	0.234
3404.000	0.233
3405.000	0.232
3406.000	0.232
3407.000	0.231
3408.000	0.230
3409.000	0.229
3410.000	0.228
3411.000	0.227
3412.000	0.227
3413.000	0.226
3414.000	0.225
3415.000	0.224
3416.000	0.223
3417.000	0.222
3418.000	0.222
3419.000	0.221
3420.000	0.220
3421.000	0.219
3422.000	0.218
3423.000	0.218
3424.000	0.217
3425.000	0.216
3426.000	0.215
3427.000	0.214
3428.000	0.213
3429.000	0.213
3430.000	0.212
3431.000	0.211
3432.000	0.210
3433.000	0.209
3434.000	0.208
3435.000	0.208
3436.000	0.207
3437.000	0.206
3438.000	0.205
3439.000	0.204
3440.000	0.204
3441.000	0.203
3442.000	0.202
3443.000	0.201
3444.000	0.200
3445.000	0.199
3446.000	0.199
3447.000	0.198
3448.000	0.197
3449.000	0.196
3450.000	0.195
3451.000	0.194
3452.000	0.194
3453.000	0.193
3454.000	0.192
3455.000	0.191
3456.000	0.190
3457.000	0.189
3458.000	0.189
3459.000	0.188
3460.000	0.187
3461.000	0.186
3462.000	0.185
3463.000	0.185
3464.000	0.184
3465.000	0.183
3466.000	0.182
3467.000	0.181
3468.000	0.180
3469.000	0.180
3470.000	0.179
3471.000	0.178
3472.000	0.177
3473.000	0.176
3474.000	0.175
3475.000	0.175
3476.000	0.174
3477.000	0.173
3478.000	0.172
3479.000	0.171
3480.000	0.171
3481.000	0.170
3482.000	0.169
3483.000	0.168
3484.000	0.167
3485.000	0.166
3486.000	0.166
3487.000	0.165
3488.000	0.164
3489.000	0.163
3490.000	0.162
3491.000	0.161
3492.000	0.161
3493.000	0.160
3494.000	0.159
3495.000	0.158
3496.000	0.157
3497.000	0.156
3498.000	0.156
3499.000	0.155
3500.000	0.154
3501.000	0.153
3502.000	0.152
3503.000	0.152
3504.000	0.151
3505.000	0.150
3506.000	0.149
3507.000	0.148
3508.000	0.147
3509.000	0.147
3510.000	0.146
3511.000	0.145
3512.000	0.144
3513.000	0.143
3514.000	0.142
3515.000	0.142
3516.000	0.141
3517.000	0.140
3518.000	0.139
3519.000	0.138
3520.000	0.137
3521.000	0.137
3522.000	0.136
3523.000	0.135
3524.000	0.134
3525.000	0.133
3526.000	0.133
3527.000	0.132
3528.000	0.131
3529.000	0.130
3530.000	0.129
3531.000	0.128
3532.000	0.128
3533.000	0.127
3534.000	0.126
3535.000	0.125
3536.000	0.124
3537.000	0.123
3538.000	0.123
3539.000	0.122
3540.000	0.121
3541.000	0.120
3542.000	0.119
3543.000	0.119
3544.000	0.118
3545.000	0.117
3546.000	0.116
3547.000	0.115
3548.000	0.114
3549.000	0.114
3550.000	0.113
3551.000	0.112
3552.000	0.111
3553.000	0.110
3554.000	0.109
3555.000	0.109
3556.000	0.108
3557.000	0.107
3558.000	0.106
3559.000	0.105
3560.000	0.104
3561.000	0.104
3562.000	0.103
3563.000	0.102
3564.000	0.101
3565.000	0.100
3566.000	0.100
3567.000	0.099
3568.000	0.098
3569.000	0.097
3570.000	0.096
3571.000	0.095
3572.000	0.095
3573.000	0.094
3574.000	0.093
3575.000	0.092
3576.000	0.091
3577.000	0.090
3578.000	0.090
3579.000	0.089
3580.000	0.088
3581.000	0.087
3582.000	0.086
3583.000	0.086
3584.000	0.085
3585.000	0.084
3586.000	0.083
3587.000	0.082
3588.000	0.081
3589.000	0.081
3590.000	0.080
3591.000	0.079
3592.000	0.078
3593.000	0.077
3594.000	0.076
3595.000	0.076
3596.000	0.075
3597.000	0.074
3598.000	0.073
3599.000	0.072
3600.000	0.071
3601.000	0.071
3602.000	0.070
3603.000	0.069
3604.000	0.068
3605.000	0.067
3606.000	0.067
3607.000	0.066
3608.000	0.065
3609.000	0.064
3610.000	0.063
3611.000	0.062
3612.000	0.062
3613.000	0.061
3614.000	0.060
3615.000	0.059
3616.000	0.058
3617.000	0.057
3618.000	0.057
3619.000	0.056
3620.000	0.055
3621.000	0.054
3622.000	0.053
3623.000	0.052
3624.000	0.052
3625.000	0.051
3626.000	0.050
3627.000	0.049
3628.000	0.048
3629.000	0.048
3630.000	0.047
3631.000	0.046
3632.000	0.045
3633.000	0.044
3634.000	0.043
3635.000	0.043
3636.000	0.042
3637.000	0.041
3638.000	0.040
3639.000	0.039
3640.000	0.038
3641.000	0.038
3642.000	0.037
3643.000	0.036
3644.000	0.035
3645.000	0.034
3646.000	0.034
3647.000	0.033
3648.000	0.032
3649.000	0.031
3650.000	0.030
3651.000	0.029
3652.000	0.029
3653.000	0.028
3654.000	0.027
3655.000	0.026
3656.000	0.025
3657.000	0.024
3658.000	0.024
3659.000	0.023
3660.000	0.022
3661.000	0.021
3662.000	0.020
3663.000	0.019
3664.000	0.019
3665.000	0.018
3666.000	0.017
3667.000	0.016
3668.000	0.015
3669.000	0.015
3670.000	0.014
3671.000	0.013
3672.000	0.012
3673.000	0.011
3674.000	0.010
3675.000	0.010
3676.000	0.009
3677.000	0.008
3678.000	0.007
3679.000	0.006
3680.000	0.005
3681.000	0.005
3682.000	0.004
3683.000	0.003
3684.000	0.002
3685.000	0.001
3686.000	0.000
3687.000	-0.000
3688.000	-0.001
3689.000	-0.002
3690.000	-0.003
3691.000	-0.004
3692.000	-0.005
3693.000	-0.005
3694.000	-0.006
3695.000	-0.007
3696.000	-0.008
3697.000	-0.009
3698.000	-0.010
3699.000	-0.010
3700.000	-0.011
3701.000	-0.012
3702.000	-0.013
3703.000	-0.014
3704.000	-0.015
3705.000	-0.015
3706.000	-0.016
3707.000	-0.017
3708.000	-0.018
3709.000	-0.019
3710.000	-0.020
3711.000	-0.021
3712.000	-0.021
3713.000	-0.022
3714.000	-0.023
3715.000	-0.024
3716.000	-0.025
3717.000	-0.026
3718.000	-0.027
3719.000	-0.027
3720.000	-0.028
3721.000	-0.029
3722.000	-0.030
3723.000	-0.031
3724.000	-0.032
3725.000	-0.033
3726.000	-0.033
3727.000	-0.034
3728.000	-0.035
3729.000	-0.036
3730.000	-0.037
3731.000	-0.038
3732.000	-0.039
3733.000	-0.039
3734.000	-0.040
3735.000	-0.041
3736.000	-0.042
3737.000	-0.043
3738.000	-0.044
3739.000	-0.045
3740.000	-0.046
3741.000	-0.047
3742.000	-0.048
3743.000	-0.048
3744.000	-0.049
3745.000	-0.050
3746.000	-0.051
3747.000	-0.052
3748.000	-0.053
3749.000	-0.054
3750.000	-0.054
3751.000	-0.055
3752.000	-0.056
3753.000	-0.057
3754.000	-0.058
3755.000	-0.059
3756.000	-0.059
3757.000	-0.060
3758.000	-0.061
3759.000	-0.062
3760.000	-0.063
3761.000	-0.063
3762.000	-0.064
3763.000	-0.065
3764.000	-0.066
3765.000	-0.067
3766.000	-0.068
3767.000	-0.068
3768.000	-0.069
3769.000	-0.070
3770.000	-0.071
3771.000	-0.072
3772.000	-0.073
3773.000	-0.073
3774.000	-0.074
3775.000	-0.075
3776.000	-0.076
3777.000	-0.077
3778.000	-0.077
3779.000	-0.078
3780.000	-0.079
3781.000	-0.080
3782.000	-0.081
3783.000	-0.082
3784.000	-0.082
3785.000	-0.083
3786.000	-0.084
3787.000	-0.085
3788.000	-0.086
3789.000	-0.087
3790.000	-0.087
3791.000	-0.088
3792.000	-0.089
3793.000	-0.090
3794.000	-0.091
3795.000	-0.092
3796.000	-0.092
3797.000	-0.093
3798.000	-0.094
3799.000	-0.095
3800.000	-0.096
3801.000	-0.096
3802.000	-0.097
3803.000	-0.098
3804.000	-0.099
3805.000	-0.100
3806.000	-0.101
3807.000	-0.101
3808.000	-0.102
3809.000	-0.103
3810.000	-0.104
3811.000	-0.105
3812.000	-0.106
3813.000	-0.106
3814.000	-0.107
3815.000	-0.108
3816.000	-0.109
3817.000	-0.110
3818.000	-0.111
3819.000	-0.111
3820.000	-0.112
3821.000	-0.113
3822.000	-0.114
3823.000	-0.115
3824.000	-0.115
3825.000	-0.116
3826.000	-0.117
3827.000	-0.118
3828.000	-0.119
3829.000	-0.120
3830.000	-0.120
3831.000	-0.121
3832.000	-0.122
3833.000	-0.123
3834.000	-0.124
3835.000	-0.125
3836.000	-0.125
3837.000	-0.126
3838.000	-0.127
3839.000	-0.128
3840.000	-0.129
3841.000	-0.129
3842.000	-0.130
3843.000	-0.131
3844.000	-0.132
3845.000	-0.133
3846.000	-0.134
3847.000	-0.134
3848.000	-0.135
3849.000	-0.136
3850.000	-0.137
3851.000	-0.138
3852.000	-0.139
3853.000	-0.139
3854.000	-0.140
3855.000	-0.141
3856.000	-0.142
3857.000	-0.143
3858.000	-0.144
3859.000	-0.144
3860.000	-0.145
3861.000	-0.146
3862.000	-0.147
3863.000	-0.148
3864.000	-0.148
3865.000	-0.149
3866.000	-0.150
3867.000	-0.151
3868.000	-0.152
3869.000	-0.153
3870.000	-0.153
3871.000	-0.154
3872.000	-0.155
3873.000	-0.156
3874.000	-0.157
3875.000	-0.158
3876.000	-0.158
3877.000	-0.159
3878.000	-0.160
3879.000	-0.161
3880.000	-0.162
3881.000	-0.162
3882.000	-0.163
3883.000	-0.164
3884.000	-0.165
3885.000	-0.166
3886.000	-0.167
3887.000	-0.167
3888.000	-0.168
3889.000	-0.169
3890.000	-0.170
3891.000	-0.171
3892.000	-0.172
3893.000	-0.172
3894.000	-0.173
3895.000	-0.174
3896.000	-0.175
3897.000	-0.176
3898.000	-0.177
3899.000	-0.177
3900.000	-0.178
3901.000	-0.179
3902.000	-0.180
3903.000	-0.181
3904.000	-0.181
3905.000	-0.182
3906.000	-0.183
3907.000	-0.184
3908.000	-0.185
3909.000	-0.186
3910.000	-0.186
3911.000	-0.187
3912.000	-0.188
3913.000	-0.189
3914.000	-0.190
3915.000	-0.191
3916.000	-0.191
3917.000	-0.192
3918.000	-0.193
3919.000	-0.194
3920.000	-0.195
3921.000	-0.196
3922.000	-0.196
3923.000	-0.197
3924.000	-0.198
3925.000	-0.199
3926.000	-0.200
3927.000	-0.200
3928.000	-0.201
3929.000	-0.202
3930.000	-0.203
3931.000	-0.204
3932.000	-0.205
3933.000	-0.205
3934.000	-0.206
3935.000	-0.207
3936.000	-0.208
3937.000	-0.209
3938.000	-0.210
3939.000	-0.210
3940.000	-0.211
3941.000	-0.212
3942.000	-0.213
3943.000	-0.214
3944.000	-0.214
3945.000	-0.215
3946.000	-0.216
3947.000	-0.217
3948.000	-0.218
3949.000	-0.219
3950.000	-0.219
3951.000	-0.220
3952.000	-0.221
3953.000	-0.222
3954.000	-0.223
3955.000	-0.224
3956.000	-0.224
3957.000	-0.225
3958.000	-0.226
3959.000	-0.227
3960.000	-0.228
3961.000	-0.229
3962.000	-0.229
3963.000	-0.230
3964.000	-0.231
3965.000	-0.232
3966.000	-0.233
3967.000	-0.233
3968.000	-0.234
3969.000	-0.235
3970.000	-0.236
3971.000	-0.237
3972.000	-0.238
3973.000	-0.238
3974.000	-0.239
3975.000	-0.240
3976.000	-0.241
3977.000	-0.242
3978.000	-0.243
3979.000	-0.243
3980.000	-0.244
3981.000	-0.245
3982.000	-0.246
3983.000	-0.247
3984.000	-0.247
3985.000	-0.248
3986.000	-0.249
3987.000	-0.250
3988.000	-0.251
3989.000	-0.252
3990.000	-0.252
3991.000	-0.253
3992.000	-0.254
3993.000	-0.255
3994.000	-0.256
3995.000	-0.257
3996.000	-0.257
3997.000	-0.258
3998.000	-0.259
3999.000	-0.260
4000.000	-0.261
4001.000	-0.262
4002.000	-0.262
4003.000	-0.263
4004.000	-0.264
4005.000	-0.265
4006.000	-0.266
4007.000	-0.266
4008.000	-0.271
4009.000	-0.272
4010.000	-0.273
4011.000	-0.274
4012.000	-0.275
4013.000	-0.275
4014.000	-0.276
4015.000	-0.277
4016.000	-0.278
4017.000	-0.279
4018.000	-0.279
4019.000	-0.280
4020.000	-0.281
4021.000	-0.282
4022.000	-0.283
4023.000	-0.284
4024.000	-0.284
4025.000	-0.285
4026.000	-0.286
4027.000	-0.287
4028.000	-0.288
4029.000	-0.289
4030.000	-0.289
4031.000	-0.290
4032.000	-0.291
4033.000	-0.292
4034.000	-0.293
4035.000	-0.294
4036.000	-0.294
4037.000	-0.295
4038.000	-0.296
4039.000	-0.297
4040.000	-0.298
4041.000	-0.298
4042.000	-0.299
4043.000	-0.300
4044.000	-0.301
4045.000	-0.302
4046.000	-0.303
4047.000	-0.303
4048.000	-0.304
4049.000	-0.305
4050.000	-0.328
4051.000	-0.329
4052.000	-0.330
4053.000	-0.331
4054.000	-0.332
4055.000	-0.332
4056.000	-0.333
4057.000	-0.334
4058.000	-0.335
4059.000	-0.336
4060.000	-0.337
4061.000	-0.337
4062.000	-0.338
4063.000	-0.339
4064.000	-0.340
4065.000	-0.341
4066.000	-0.341
4067.000	-0.342
4068.000	-0.343
4069.000	-0.344
4070.000	-0.345
4071.000	-0.346
4072.000	-0.346
4073.000	-0.347
4074.000	-0.348
4075.000	-0.349
4076.000	-0.350
4077.000	-0.351
4078.000	-0.351
4079.000	-0.352
4080.000	-0.353
4081.000	-0.354
4082.000	-0.355
4083.000	-0.356
4084.000	-0.356
4085.000	-0.357
4086.000	-0.358
4087.000	-0.359
4088.000	-0.360
4089.000	-0.417
4090.000	-0.417
4091.000	-0.418
4092.000	-0.419
4093.000	-0.439
4094.000	-0.440
4095.000	-0.440
