0.000	21.717
1.000	21.678
2.000	21.639
3.000	21.600
4.000	21.561
5.000	21.522
6.000	21.482
7.000	21.443
8.000	21.404
9.000	21.365
10.000	21.326
11.000	21.287
12.000	21.248
13.000	21.209
14.000	21.170
15.000	21.131
16.000	21.091
17.000	21.052
18.000	21.013
19.000	20.974
20.000	20.935
21.000	20.896
22.000	20.857
23.000	20.818
24.000	20.779
25.000	20.740
26.000	20.700
27.000	20.661
28.000	20.622
29.000	20.583
30.000	20.544
31.000	20.505
32.000	20.466
33.000	20.427
34.000	20.388
35.000	20.349
36.000	20.309
37.000	20.270
38.000	20.231
39.000	20.192
40.000	20.153
41.000	20.114
42.000	20.075
43.000	20.036
44.000	19.997
45.000	19.958
46.000	19.918
47.000	19.879
48.000	19.839
49.000	19.800
50.000	19.760
51.000	19.721
52.000	19.682
53.000	19.642
54.000	19.603
55.000	19.564
56.000	19.526
57.000	19.489
58.000	19.452
59.000	19.415
60.000	19.380
61.000	19.345
62.000	19.306
63.000	19.271
64.000	19.237
65.000	19.203
66.000	19.170
67.000	19.138
68.000	19.106
69.000	19.074
70.000	19.043
71.000	19.013
72.000	18.983
73.000	18.944
74.000	18.914
75.000	18.885
76.000	18.857
77.000	18.829
78.000	18.801
79.000	18.774
80.000	18.748
81.000	18.721
82.000	18.696
83.000	18.671
84.000	18.651
85.000	18.626
86.000	18.602
87.000	18.578
88.000	18.555
89.000	18.533
90.000	18.510
91.000	18.489
92.000	18.467
93.000	18.446
94.000	18.426
95.000	18.406
96.000	18.386
97.000	18.367
98.000	18.347
99.000	18.328
100.000	18.308
101.000	18.288
102.000	18.269
103.000	18.249
104.000	18.229
105.000	18.210
106.000	18.190
107.000	18.170
108.000	18.151
109.000	18.131
110.000	18.111
111.000	18.092
112.000	18.072
113.000	18.052
114.000	18.033
115.000	18.013
116.000	17.993
117.000	17.974
118.000	17.954
119.000	17.934
120.000	17.915
121.000	17.895
122.000	17.875
123.000	17.856
124.000	17.836
125.000	17.816
126.000	17.797
127.000	17.777
128.000	17.757
129.000	17.738
130.000	17.718
131.000	17.698
132.000	17.679
133.000	17.659
134.000	17.639
135.000	17.620
136.000	17.600
137.000	17.580
138.000	17.561
139.000	17.541
140.000	17.521
141.000	17.502
142.000	17.482
143.000	17.462
144.000	17.443
145.000	17.423
146.000	17.403
147.000	17.384
148.000	17.364
149.000	17.344
150.000	17.325
151.000	17.305
152.000	17.285
153.000	17.266
154.000	17.246
155.000	17.226
156.000	17.207
157.000	17.187
158.000	17.167
159.000	17.148
160.000	17.128
161.000	17.108
162.000	17.089
163.000	17.069
164.000	17.049
165.000	17.030
166.000	17.010
167.000	16.990
168.000	16.971
169.000	16.951
170.000	16.931
171.000	16.912
172.000	16.892
173.000	16.872
174.000	16.853
175.000	16.833
176.000	16.813
177.000	16.794
178.000	16.774
179.000	16.754
180.000	16.735
181.000	16.715
182.000	16.695
183.000	16.676
184.000	16.656
185.000	16.636
186.000	16.617
187.000	16.597
188.000	16.577
189.000	16.558
190.000	16.538
191.000	16.515
192.000	16.492
193.000	16.470
194.000	16.448
195.000	16.426
196.000	16.406
197.000	16.385
198.000	16.363
199.000	16.342
200.000	16.322
201.000	16.302
202.000	16.282
203.000	16.262
204.000	16.243
205.000	16.224
206.000	16.206
207.000	16.186
208.000	16.168
209.000	16.150
210.000	16.132
211.000	16.115
212.000	16.098
213.000	16.081
214.000	16.064
215.000	16.048
216.000	16.033
217.000	16.017
218.000	15.997
219.000	15.982
220.000	15.967
221.000	15.952
222.000	15.938
223.000	15.924
224.000	15.910
225.000	15.897
226.000	15.884
227.000	15.871
228.000	15.858
229.000	15.856
230.000	15.844
231.000	15.832
232.000	15.820
233.000	15.808
234.000	15.797
235.000	15.786
236.000	15.775
237.000	15.765
238.000	15.755
239.000	15.745
240.000	15.735
241.000	15.733
242.000	15.724
243.000	15.715
244.000	15.706
245.000	15.697
246.000	15.689
247.000	15.681
248.000	15.673
249.000	15.666
250.000	15.658
251.000	15.651
252.000	15.649
253.000	15.642
254.000	15.636
255.000	15.630
256.000	15.623
257.000	15.618
258.000	15.612
259.000	15.607
260.000	15.602
261.000	15.599
262.000	15.598
263.000	15.596
264.000	15.594
265.000	15.592
266.000	15.590
267.000	15.588
268.000	15.586
269.000	15.584
270.000	15.582
271.000	15.580
272.000	15.578
273.000	15.577
274.000	15.575
275.000	15.573
276.000	15.570
277.000	15.566
278.000	15.530
279.000	15.494
280.000	15.458
281.000	15.422
282.000	15.386
283.000	15.351
284.000	15.315
285.000	15.313
286.000	15.278
287.000	15.242
288.000	15.207
289.000	15.172
290.000	15.136
291.000	15.101
292.000	15.066
293.000	15.031
294.000	14.996
295.000	14.961
296.000	14.960
297.000	14.925
298.000	14.890
299.000	14.855
300.000	14.821
301.000	14.787
302.000	14.752
303.000	14.718
304.000	14.684
305.000	14.650
306.000	14.616
307.000	14.582
308.000	14.580
309.000	14.546
310.000	14.512
311.000	14.478
312.000	14.445
313.000	14.411
314.000	14.377
315.000	14.344
316.000	14.311
317.000	14.277
318.000	14.244
319.000	14.242
320.000	14.209
321.000	14.176
322.000	14.143
323.000	14.110
324.000	14.077
325.000	14.044
326.000	14.011
327.000	13.979
328.000	13.946
329.000	13.914
330.000	13.912
331.000	13.879
332.000	13.847
333.000	13.815
334.000	13.782
335.000	13.750
336.000	13.718
337.000	13.686
338.000	13.654
339.000	13.622
340.000	13.590
341.000	13.588
342.000	13.556
343.000	13.525
344.000	13.493
345.000	13.461
346.000	13.430
347.000	13.398
348.000	13.367
349.000	13.335
350.000	13.304
351.000	13.273
352.000	13.271
353.000	13.239
354.000	13.208
355.000	13.177
356.000	13.146
357.000	13.115
358.000	13.084
359.000	13.053
360.000	13.023
361.000	12.992
362.000	12.962
363.000	12.960
364.000	12.931
365.000	12.902
366.000	12.900
367.000	12.898
368.000	12.896
369.000	12.894
370.000	12.892
371.000	12.890
372.000	12.888
373.000	12.886
374.000	12.884
375.000	12.883
376.000	12.881
377.000	12.879
378.000	12.877
379.000	12.875
380.000	12.873
381.000	12.871
382.000	12.869
383.000	12.867
384.000	12.865
385.000	12.863
386.000	12.862
387.000	12.860
388.000	12.858
389.000	12.856
390.000	12.854
391.000	12.852
392.000	12.850
393.000	12.848
394.000	12.843
395.000	12.810
396.000	12.777
397.000	12.775
398.000	12.742
399.000	12.709
400.000	12.677
401.000	12.644
402.000	12.612
403.000	12.579
404.000	12.547
405.000	12.515
406.000	12.482
407.000	12.450
408.000	12.448
409.000	12.416
410.000	12.384
411.000	12.353
412.000	12.321
413.000	12.289
414.000	12.257
415.000	12.226
416.000	12.194
417.000	12.163
418.000	12.131
419.000	12.130
420.000	12.098
421.000	12.067
422.000	12.036
423.000	12.005
424.000	11.974
425.000	11.943
426.000	11.912
427.000	11.881
428.000	11.851
429.000	11.820
430.000	11.818
431.000	11.788
432.000	11.757
433.000	11.726
434.000	11.696
435.000	11.666
436.000	11.636
437.000	11.606
438.000	11.576
439.000	11.546
440.000	11.516
441.000	11.514
442.000	11.484
443.000	11.454
444.000	11.425
445.000	11.395
446.000	11.366
447.000	11.336
448.000	11.307
449.000	11.278
450.000	11.248
451.000	11.219
452.000	11.190
453.000	11.190
454.000	11.161
455.000	11.132
456.000	11.103
457.000	11.074
458.000	11.046
459.000	11.017
460.000	10.988
461.000	10.960
462.000	10.931
463.000	10.903
464.000	10.903
465.000	10.875
466.000	10.846
467.000	10.818
468.000	10.790
469.000	10.762
470.000	10.734
471.000	10.706
472.000	10.678
473.000	10.650
474.000	10.623
475.000	10.623
476.000	10.595
477.000	10.567
478.000	10.540
479.000	10.512
480.000	10.485
481.000	10.457
482.000	10.430
483.000	10.403
484.000	10.375
485.000	10.348
486.000	10.348
487.000	10.321
488.000	10.294
489.000	10.267
490.000	10.240
491.000	10.214
492.000	10.187
493.000	10.160
494.000	10.133
495.000	10.107
496.000	10.080
497.000	10.080
498.000	10.054
499.000	10.027
500.000	10.001
501.000	9.975
502.000	9.948
503.000	9.922
504.000	9.896
505.000	9.873
506.000	9.873
507.000	9.873
508.000	9.873
509.000	9.873
510.000	9.873
511.000	9.873
512.000	9.873
513.000	9.873
514.000	9.873
515.000	9.873
516.000	9.873
517.000	9.873
518.000	9.873
519.000	9.873
520.000	9.873
521.000	9.873
522.000	9.873
523.000	9.873
524.000	9.873
525.000	9.873
526.000	9.873
527.000	9.873
528.000	9.873
529.000	9.873
530.000	9.873
531.000	9.873
532.000	9.873
533.000	9.873
534.000	9.873
535.000	9.873
536.000	9.873
537.000	9.873
538.000	9.873
539.000	9.873
540.000	9.873
541.000	9.873
542.000	9.873
543.000	9.873
544.000	9.873
545.000	9.873
546.000	9.873
547.000	9.873
548.000	9.873
549.000	9.873
550.000	9.873
551.000	9.873
552.000	9.873
553.000	9.873
554.000	9.873
555.000	9.873
556.000	9.873
557.000	9.873
558.000	9.873
559.000	9.873
560.000	9.873
561.000	9.873
562.000	9.873
563.000	9.873
564.000	9.873
565.000	9.873
566.000	9.873
567.000	9.873
568.000	9.873
569.000	9.873
570.000	9.873
571.000	9.873
572.000	9.873
573.000	9.873
574.000	9.873
575.000	9.873
576.000	9.873
577.000	9.873
578.000	9.873
579.000	9.873
580.000	9.873
581.000	9.873
582.000	9.873
583.000	9.873
584.000	9.873
585.000	9.873
586.000	9.873
587.000	9.873
588.000	9.873
589.000	9.873
590.000	9.873
591.000	9.873
592.000	9.873
593.000	9.873
594.000	9.873
595.000	9.873
596.000	9.873
597.000	9.873
598.000	9.873
599.000	9.873
600.000	9.873
601.000	9.873
602.000	9.873
603.000	9.873
604.000	9.873
605.000	9.873
606.000	9.873
607.000	9.873
608.000	9.873
609.000	9.873
610.000	9.873
611.000	9.873
612.000	9.873
613.000	9.873
614.000	9.873
615.000	9.873
616.000	9.873
617.000	9.873
618.000	9.873
619.000	9.870
620.000	9.870
621.000	9.848
622.000	9.825
623.000	9.803
624.000	9.781
625.000	9.759
626.000	9.737
627.000	9.715
628.000	9.693
629.000	9.671
630.000	9.649
631.000	9.649
632.000	9.627
633.000	9.605
634.000	9.583
635.000	9.561
636.000	9.539
637.000	9.517
638.000	9.496
639.000	9.474
640.000	9.452
641.000	9.430
642.000	9.430
643.000	9.409
644.000	9.387
645.000	9.365
646.000	9.344
647.000	9.322
648.000	9.301
649.000	9.279
650.000	9.258
651.000	9.236
652.000	9.215
653.000	9.215
654.000	9.194
655.000	9.172
656.000	9.151
657.000	9.130
658.000	9.108
659.000	9.087
660.000	9.066
661.000	9.045
662.000	9.024
663.000	9.003
664.000	8.982
665.000	8.982
666.000	8.960
667.000	8.939
668.000	8.918
669.000	8.897
670.000	8.877
671.000	8.856
672.000	8.835
673.000	8.814
674.000	8.793
675.000	8.772
676.000	8.772
677.000	8.751
678.000	8.731
679.000	8.710
680.000	8.689
681.000	8.669
682.000	8.648
683.000	8.627
684.000	8.607
685.000	8.586
686.000	8.566
687.000	8.566
688.000	8.545
689.000	8.525
690.000	8.504
691.000	8.484
692.000	8.463
693.000	8.443
694.000	8.423
695.000	8.402
696.000	8.382
697.000	8.362
698.000	8.362
699.000	8.342
700.000	8.321
701.000	8.301
702.000	8.281
703.000	8.261
704.000	8.241
705.000	8.220
706.000	8.200
707.000	8.180
708.000	8.160
709.000	8.160
710.000	8.140
711.000	8.120
712.000	8.100
713.000	8.080
714.000	8.060
715.000	8.041
716.000	8.021
717.000	8.001
718.000	7.981
719.000	7.961
720.000	7.961
721.000	7.942
722.000	7.922
723.000	7.902
724.000	7.882
725.000	7.863
726.000	7.843
727.000	7.824
728.000	7.804
729.000	7.784
730.000	7.765
731.000	7.765
732.000	7.745
733.000	7.726
734.000	7.706
735.000	7.687
736.000	7.668
737.000	7.648
738.000	7.629
739.000	7.609
740.000	7.590
741.000	7.571
742.000	7.552
743.000	7.552
744.000	7.532
745.000	7.513
746.000	7.494
747.000	7.475
748.000	7.456
749.000	7.436
750.000	7.417
751.000	7.398
752.000	7.379
753.000	7.360
754.000	7.360
755.000	7.341
756.000	7.322
757.000	7.303
758.000	7.284
759.000	7.265
760.000	7.246
761.000	7.227
762.000	7.209
763.000	7.190
764.000	7.171
765.000	7.171
766.000	7.152
767.000	7.133
768.000	7.115
769.000	7.096
770.000	7.077
771.000	7.059
772.000	7.040
773.000	7.021
774.000	7.011
775.000	7.011
776.000	7.011
777.000	7.011
778.000	7.011
779.000	7.011
780.000	7.011
781.000	7.011
782.000	7.011
783.000	7.011
784.000	7.011
785.000	7.011
786.000	7.011
787.000	7.011
788.000	7.011
789.000	7.011
790.000	7.011
791.000	7.011
792.000	7.011
793.000	7.011
794.000	7.011
795.000	7.011
796.000	7.011
797.000	7.011
798.000	7.011
799.000	7.011
800.000	7.011
801.000	7.011
802.000	7.011
803.000	7.011
804.000	7.011
805.000	7.011
806.000	7.011
807.000	7.011
808.000	7.011
809.000	7.011
810.000	7.011
811.000	7.011
812.000	7.011
813.000	7.011
814.000	7.011
815.000	7.011
816.000	7.011
817.000	7.011
818.000	7.011
819.000	7.011
820.000	7.011
821.000	7.011
822.000	7.011
823.000	7.011
824.000	7.011
825.000	7.011
826.000	7.011
827.000	7.011
828.000	7.011
829.000	7.011
830.000	7.011
831.000	7.011
832.000	7.011
833.000	7.011
834.000	7.011
835.000	7.011
836.000	7.011
837.000	7.011
838.000	7.011
839.000	7.011
840.000	7.011
841.000	7.011
842.000	7.011
843.000	7.011
844.000	7.011
845.000	7.011
846.000	7.011
847.000	7.011
848.000	7.011
849.000	7.011
850.000	7.011
851.000	7.011
852.000	7.011
853.000	7.011
854.000	7.011
855.000	7.011
856.000	7.011
857.000	7.011
858.000	7.011
859.000	7.011
860.000	7.011
861.000	7.011
862.000	7.011
863.000	7.011
864.000	7.011
865.000	7.011
866.000	7.011
867.000	7.011
868.000	7.011
869.000	7.011
870.000	7.011
871.000	7.011
872.000	7.011
873.000	7.011
874.000	7.011
875.000	7.011
876.000	7.011
877.000	7.011
878.000	7.011
879.000	7.011
880.000	7.011
881.000	7.011
882.000	7.011
883.000	7.011
884.000	7.011
885.000	7.011
886.000	7.011
887.000	7.011
888.000	7.011
889.000	7.011
890.000	7.011
891.000	7.011
892.000	7.011
893.000	7.011
894.000	7.011
895.000	7.011
896.000	7.011
897.000	7.011
898.000	7.011
899.000	7.011
900.000	7.011
901.000	7.011
902.000	7.011
903.000	7.011
904.000	7.011
905.000	7.011
906.000	7.011
907.000	7.011
908.000	7.011
909.000	7.011
910.000	7.011
911.000	7.011
912.000	7.011
913.000	7.011
914.000	7.011
915.000	7.011
916.000	7.011
917.000	7.011
918.000	7.011
919.000	7.011
920.000	7.011
921.000	7.011
922.000	7.011
923.000	7.011
924.000	7.011
925.000	7.011
926.000	7.011
927.000	7.011
928.000	7.011
929.000	7.011
930.000	7.011
931.000	7.011
932.000	7.011
933.000	7.011
934.000	7.011
935.000	7.011
936.000	7.011
937.000	7.011
938.000	7.011
939.000	7.011
940.000	7.011
941.000	7.011
942.000	7.011
943.000	7.011
944.000	7.011
945.000	7.011
946.000	7.011
947.000	7.011
948.000	7.011
949.000	7.011
950.000	7.011
951.000	7.011
952.000	7.011
953.000	7.011
954.000	7.011
955.000	7.011
956.000	7.011
957.000	7.011
958.000	7.011
959.000	7.011
960.000	7.011
961.000	7.011
962.000	7.011
963.000	7.011
964.000	7.011
965.000	7.011
966.000	7.011
967.000	7.011
968.000	7.011
969.000	7.011
970.000	7.011
971.000	7.011
972.000	7.011
973.000	7.011
974.000	7.011
975.000	7.011
976.000	7.011
977.000	7.011
978.000	7.011
979.000	7.011
980.000	7.011
981.000	7.011
982.000	7.011
983.000	7.011
984.000	7.011
985.000	7.011
986.000	7.011
987.000	7.011
988.000	7.011
989.000	7.011
990.000	7.011
991.000	7.011
992.000	7.011
993.000	7.011
994.000	7.011
995.000	7.011
996.000	7.011
997.000	7.011
998.000	7.011
999.000	7.011
1000.000	7.011
1001.000	7.011
1002.000	7.011
1003.000	7.011
1004.000	7.011
1005.000	7.011
1006.000	7.011
1007.000	7.011
1008.000	7.011
1009.000	7.011
1010.000	7.011
1011.000	7.011
1012.000	7.011
1013.000	7.011
1014.000	7.011
1015.000	7.011
1016.000	7.011
1017.000	7.011
1018.000	7.011
1019.000	7.011
1020.000	7.011
1021.000	7.011
1022.000	7.011
1023.000	7.011
1024.000	7.011
1025.000	7.011
1026.000	7.011
1027.000	7.011
1028.000	7.011
1029.000	7.011
1030.000	7.011
1031.000	7.011
1032.000	7.011
1033.000	7.011
1034.000	7.011
1035.000	7.011
1036.000	7.011
1037.000	7.011
1038.000	7.011
1039.000	7.011
1040.000	7.011
1041.000	7.011
1042.000	7.011
1043.000	7.011
1044.000	7.011
1045.000	7.011
1046.000	7.011
1047.000	7.011
1048.000	7.011
1049.000	7.011
1050.000	7.011
1051.000	7.011
1052.000	7.011
1053.000	7.011
1054.000	7.011
1055.000	7.011
1056.000	7.011
1057.000	7.011
1058.000	7.011
1059.000	7.011
1060.000	7.011
1061.000	7.011
1062.000	7.011
1063.000	7.011
1064.000	7.011
1065.000	7.011
1066.000	7.011
1067.000	7.011
1068.000	7.011
1069.000	7.011
1070.000	7.011
1071.000	7.011
1072.000	7.011
1073.000	7.011
1074.000	7.011
1075.000	7.011
1076.000	7.011
1077.000	7.011
1078.000	7.011
1079.000	7.011
1080.000	7.011
1081.000	7.011
1082.000	7.011
1083.000	7.011
1084.000	7.011
1085.000	7.011
1086.000	7.011
1087.000	7.011
1088.000	7.011
1089.000	7.011
1090.000	7.011
1091.000	7.011
1092.000	7.011
1093.000	7.011
1094.000	7.011
1095.000	7.011
1096.000	7.011
1097.000	7.011
1098.000	7.011
1099.000	7.011
1100.000	7.011
1101.000	7.011
1102.000	7.011
1103.000	7.011
1104.000	7.011
1105.000	7.011
1106.000	7.011
1107.000	7.011
1108.000	7.011
1109.000	7.011
1110.000	7.011
1111.000	7.011
1112.000	7.011
1113.000	7.011
1114.000	7.011
1115.000	7.011
1116.000	7.011
1117.000	7.011
1118.000	7.011
1119.000	7.011
1120.000	7.011
1121.000	7.011
1122.000	7.011
1123.000	7.011
1124.000	7.011
1125.000	7.011
1126.000	7.011
1127.000	7.011
1128.000	7.011
1129.000	7.011
1130.000	7.011
1131.000	7.011
1132.000	7.011
1133.000	7.011
1134.000	7.011
1135.000	7.011
1136.000	7.011
1137.000	7.011
1138.000	7.011
1139.000	7.011
1140.000	7.011
1141.000	7.011
1142.000	7.011
1143.000	7.011
1144.000	7.011
1145.000	7.011
1146.000	7.011
1147.000	7.011
1148.000	7.011
1149.000	7.011
1150.000	7.011
1151.000	7.011
1152.000	7.011
1153.000	7.011
1154.000	7.011
1155.000	7.011
1156.000	7.011
1157.000	7.011
1158.000	7.011
1159.000	7.011
1160.000	7.011
1161.000	7.011
1162.000	7.011
1163.000	7.011
1164.000	7.011
1165.000	7.011
1166.000	7.011
1167.000	7.011
1168.000	7.011
1169.000	7.011
1170.000	7.011
1171.000	7.011
1172.000	7.011
1173.000	7.011
1174.000	7.011
1175.000	7.011
1176.000	7.011
1177.000	7.011
1178.000	7.011
1179.000	7.011
1180.000	7.011
1181.000	7.011
1182.000	7.011
1183.000	7.011
1184.000	7.011
1185.000	7.011
1186.000	7.011
1187.000	7.011
1188.000	7.011
1189.000	7.011
1190.000	7.011
1191.000	7.011
1192.000	7.011
1193.000	7.011
1194.000	7.011
1195.000	7.011
1196.000	7.011
1197.000	7.011
1198.000	7.011
1199.000	7.011
1200.000	7.011
1201.000	7.011
1202.000	7.011
1203.000	7.011
1204.000	7.011
1205.000	7.011
1206.000	7.011
1207.000	7.011
1208.000	7.011
1209.000	7.011
1210.000	7.011
1211.000	7.011
1212.000	7.011
1213.000	7.011
1214.000	7.011
1215.000	7.011
1216.000	7.011
1217.000	7.011
1218.000	7.011
1219.000	7.011
1220.000	7.011
1221.000	7.011
1222.000	7.011
1223.000	7.011
1224.000	7.011
1225.000	7.011
1226.000	7.011
1227.000	7.011
1228.000	7.011
1229.000	7.011
1230.000	7.011
1231.000	7.011
1232.000	7.011
1233.000	7.011
1234.000	7.011
1235.000	7.011
1236.000	7.011
1237.000	7.011
1238.000	7.011
1239.000	7.011
1240.000	7.011
1241.000	7.011
1242.000	7.011
1243.000	7.011
1244.000	7.011
1245.000	7.011
1246.000	7.011
1247.000	7.011
1248.000	7.011
1249.000	7.011
1250.000	7.011
1251.000	7.011
1252.000	7.011
1253.000	7.011
1254.000	7.011
1255.000	7.011
1256.000	7.011
1257.000	7.011
1258.000	7.011
1259.000	7.011
1260.000	7.011
1261.000	7.011
1262.000	7.011
1263.000	7.011
1264.000	7.011
1265.000	7.011
1266.000	7.011
1267.000	7.011
1268.000	7.011
1269.000	7.011
1270.000	7.011
1271.000	7.011
1272.000	7.011
1273.000	7.011
1274.000	7.011
1275.000	7.011
1276.000	7.011
1277.000	7.011
1278.000	7.011
1279.000	7.011
1280.000	7.011
1281.000	7.011
1282.000	7.011
1283.000	7.011
1284.000	7.011
1285.000	7.011
1286.000	7.011
1287.000	7.011
1288.000	7.011
1289.000	7.011
1290.000	7.011
1291.000	7.011
1292.000	7.011
1293.000	7.011
1294.000	7.011
1295.000	7.011
1296.000	7.011
1297.000	7.011
1298.000	7.011
1299.000	7.011
1300.000	7.011
1301.000	7.011
1302.000	7.011
1303.000	7.011
1304.000	7.011
1305.000	7.011
1306.000	7.011
1307.000	7.011
1308.000	7.011
1309.000	7.011
1310.000	7.011
1311.000	7.011
1312.000	7.011
1313.000	7.011
1314.000	7.011
1315.000	7.011
1316.000	7.011
1317.000	7.011
1318.000	7.011
1319.000	7.011
1320.000	7.011
1321.000	7.011
1322.000	7.011
1323.000	7.011
1324.000	7.011
1325.000	7.011
1326.000	7.011
1327.000	7.011
1328.000	7.011
1329.000	7.011
1330.000	7.011
1331.000	7.011
1332.000	7.011
1333.000	7.011
1334.000	7.011
1335.000	7.011
1336.000	7.011
1337.000	7.011
1338.000	7.011
1339.000	7.011
1340.000	7.011
1341.000	7.011
1342.000	7.011
1343.000	7.011
1344.000	7.011
1345.000	7.011
1346.000	7.011
1347.000	7.011
1348.000	7.011
1349.000	7.011
1350.000	7.011
1351.000	7.011
1352.000	7.011
1353.000	7.011
1354.000	7.011
1355.000	7.011
1356.000	7.011
1357.000	7.011
1358.000	7.011
1359.000	7.011
1360.000	7.011
1361.000	7.011
1362.000	7.011
1363.000	7.011
1364.000	7.011
1365.000	7.011
1366.000	7.011
1367.000	7.011
1368.000	7.011
1369.000	7.011
1370.000	7.011
1371.000	7.011
1372.000	7.011
1373.000	7.011
1374.000	7.011
1375.000	7.011
1376.000	7.011
1377.000	7.011
1378.000	7.011
1379.000	7.011
1380.000	7.011
1381.000	7.011
1382.000	7.011
1383.000	7.011
1384.000	7.011
1385.000	7.011
1386.000	7.011
1387.000	7.011
1388.000	7.011
1389.000	7.011
1390.000	7.011
1391.000	7.011
1392.000	7.011
1393.000	7.011
1394.000	7.011
1395.000	7.011
1396.000	7.011
1397.000	7.011
1398.000	7.011
1399.000	7.011
1400.000	7.011
1401.000	7.011
1402.000	7.011
1403.000	7.011
1404.000	7.011
1405.000	7.011
1406.000	7.011
1407.000	7.011
1408.000	7.011
1409.000	7.011
1410.000	7.011
1411.000	7.011
1412.000	7.011
1413.000	7.011
1414.000	7.011
1415.000	7.011
1416.000	7.011
1417.000	7.011
1418.000	7.011
1419.000	7.011
1420.000	7.011
1421.000	7.011
1422.000	7.011
1423.000	7.011
1424.000	7.011
1425.000	7.011
1426.000	7.011
1427.000	7.011
1428.000	7.011
1429.000	7.011
1430.000	7.011
1431.000	7.011
1432.000	7.011
1433.000	7.011
1434.000	7.011
1435.000	7.011
1436.000	7.011
1437.000	7.011
1438.000	7.011
1439.000	7.011
1440.000	7.011
1441.000	7.011
1442.000	7.011
1443.000	7.011
1444.000	7.011
1445.000	7.011
1446.000	7.011
1447.000	7.011
1448.000	7.011
1449.000	7.011
1450.000	7.011
1451.000	7.011
1452.000	7.011
1453.000	7.011
1454.000	7.011
1455.000	7.011
1456.000	7.011
1457.000	7.011
1458.000	7.011
1459.000	7.011
1460.000	7.011
1461.000	7.011
1462.000	7.011
1463.000	7.011
1464.000	7.011
1465.000	7.011
1466.000	7.011
1467.000	7.011
1468.000	7.011
1469.000	7.011
1470.000	7.011
1471.000	7.011
1472.000	7.011
1473.000	7.011
1474.000	7.011
1475.000	7.011
1476.000	7.011
1477.000	7.011
1478.000	7.011
1479.000	7.011
1480.000	7.011
1481.000	7.011
1482.000	7.011
1483.000	7.011
1484.000	7.011
1485.000	7.011
1486.000	7.011
1487.000	7.011
1488.000	7.011
1489.000	7.011
1490.000	7.011
1491.000	7.011
1492.000	7.011
1493.000	7.011
1494.000	7.011
1495.000	7.011
1496.000	7.011
1497.000	7.011
1498.000	7.011
1499.000	7.011
1500.000	7.011
1501.000	7.011
1502.000	7.011
1503.000	7.011
1504.000	7.011
1505.000	7.011
1506.000	7.011
1507.000	7.011
1508.000	7.011
1509.000	7.011
1510.000	7.011
1511.000	7.011
1512.000	7.011
1513.000	7.011
1514.000	7.011
1515.000	7.011
1516.000	7.011
1517.000	7.011
1518.000	7.011
1519.000	7.011
1520.000	7.011
1521.000	7.011
1522.000	7.011
1523.000	7.011
1524.000	7.011
1525.000	7.011
1526.000	7.011
1527.000	7.011
1528.000	7.011
1529.000	7.011
1530.000	7.011
1531.000	7.011
1532.000	7.011
1533.000	7.011
1534.000	7.011
1535.000	7.011
1536.000	7.011
1537.000	7.011
1538.000	7.011
1539.000	7.011
1540.000	7.011
1541.000	7.011
1542.000	7.011
1543.000	7.011
1544.000	7.011
1545.000	7.011
1546.000	7.011
1547.000	7.011
1548.000	7.011
1549.000	7.011
1550.000	7.011
1551.000	7.011
1552.000	7.011
1553.000	7.011
1554.000	7.011
1555.000	7.011
1556.000	7.011
1557.000	7.011
1558.000	7.011
1559.000	7.011
1560.000	7.011
1561.000	7.011
1562.000	7.011
1563.000	7.011
1564.000	7.011
1565.000	7.011
1566.000	7.011
1567.000	7.011
1568.000	7.011
1569.000	7.011
1570.000	7.011
1571.000	7.011
1572.000	7.011
1573.000	7.011
1574.000	7.011
1575.000	7.011
1576.000	7.011
1577.000	7.011
1578.000	7.011
1579.000	7.011
1580.000	7.011
1581.000	7.011
1582.000	7.011
1583.000	7.011
1584.000	7.011
1585.000	7.011
1586.000	7.011
1587.000	7.011
1588.000	7.011
1589.000	7.011
1590.000	7.011
1591.000	7.011
1592.000	7.011
1593.000	7.011
1594.000	7.011
1595.000	7.011
1596.000	7.011
1597.000	7.011
1598.000	7.011
1599.000	7.011
1600.000	7.011
1601.000	7.011
1602.000	7.011
1603.000	7.011
1604.000	7.011
1605.000	7.011
1606.000	7.011
1607.000	7.011
1608.000	7.011
1609.000	7.011
1610.000	7.011
1611.000	7.011
1612.000	7.011
1613.000	7.011
1614.000	7.011
1615.000	7.011
1616.000	7.011
1617.000	7.011
1618.000	7.011
1619.000	7.011
1620.000	7.011
1621.000	7.011
1622.000	7.011
1623.000	7.011
1624.000	7.011
1625.000	7.011
1626.000	7.011
1627.000	7.011
1628.000	7.011
1629.000	7.011
1630.000	7.011
1631.000	7.011
1632.000	7.011
1633.000	7.011
1634.000	7.011
1635.000	7.011
1636.000	7.011
1637.000	7.011
1638.000	7.011
1639.000	7.011
1640.000	7.011
1641.000	7.011
1642.000	7.011
1643.000	7.011
1644.000	7.011
1645.000	7.011
1646.000	7.011
1647.000	7.011
1648.000	7.011
1649.000	7.011
1650.000	7.011
1651.000	7.011
1652.000	7.001
1653.000	6.991
1654.000	6.982
1655.000	6.972
1656.000	6.963
1657.000	6.963
1658.000	6.953
1659.000	6.943
1660.000	6.934
1661.000	6.924
1662.000	6.915
1663.000	6.905
1664.000	6.895
1665.000	6.886
1666.000	6.876
1667.000	6.866
1668.000	6.857
1669.000	6.857
1670.000	6.847
1671.000	6.838
1672.000	6.828
1673.000	6.819
1674.000	6.809
1675.000	6.799
1676.000	6.790
1677.000	6.780
1678.000	6.771
1679.000	6.761
1680.000	6.761
1681.000	6.751
1682.000	6.742
1683.000	6.732
1684.000	6.723
1685.000	6.713
1686.000	6.704
1687.000	6.694
1688.000	6.685
1689.000	6.675
1690.000	6.665
1691.000	6.665
1692.000	6.656
1693.000	6.646
1694.000	6.637
1695.000	6.627
1696.000	6.618
1697.000	6.608
1698.000	6.599
1699.000	6.589
1700.000	6.580
1701.000	6.570
1702.000	6.570
1703.000	6.561
1704.000	6.551
1705.000	6.542
1706.000	6.532
1707.000	6.523
1708.000	6.513
1709.000	6.504
1710.000	6.494
1711.000	6.485
1712.000	6.475
1713.000	6.475
1714.000	6.466
1715.000	6.456
1716.000	6.447
1717.000	6.437
1718.000	6.428
1719.000	6.418
1720.000	6.409
1721.000	6.399
1722.000	6.390
1723.000	6.380
1724.000	6.380
1725.000	6.371
1726.000	6.361
1727.000	6.352
1728.000	6.342
1729.000	6.333
1730.000	6.324
1731.000	6.314
1732.000	6.305
1733.000	6.295
1734.000	6.286
1735.000	6.286
1736.000	6.276
1737.000	6.267
1738.000	6.257
1739.000	6.248
1740.000	6.239
1741.000	6.229
1742.000	6.220
1743.000	6.210
1744.000	6.201
1745.000	6.191
1746.000	6.182
1747.000	6.182
1748.000	6.173
1749.000	6.163
1750.000	6.154
1751.000	6.144
1752.000	6.135
1753.000	6.126
1754.000	6.116
1755.000	6.107
1756.000	6.097
1757.000	6.088
1758.000	6.088
1759.000	6.079
1760.000	6.069
1761.000	6.060
1762.000	6.050
1763.000	6.041
1764.000	6.032
1765.000	6.022
1766.000	6.013
1767.000	6.004
1768.000	5.994
1769.000	5.994
1770.000	5.985
1771.000	5.975
1772.000	5.966
1773.000	5.957
1774.000	5.947
1775.000	5.938
1776.000	5.929
1777.000	5.919
1778.000	5.910
1779.000	5.901
1780.000	5.901
1781.000	5.891
1782.000	5.882
1783.000	5.873
1784.000	5.863
1785.000	5.854
1786.000	5.845
1787.000	5.835
1788.000	5.826
1789.000	5.817
1790.000	5.807
1791.000	5.807
1792.000	5.798
1793.000	5.789
1794.000	5.779
1795.000	5.770
1796.000	5.761
1797.000	5.751
1798.000	5.742
1799.000	5.733
1800.000	5.723
1801.000	5.714
1802.000	5.714
1803.000	5.705
1804.000	5.696
1805.000	5.686
1806.000	5.677
1807.000	5.668
1808.000	5.658
1809.000	5.649
1810.000	5.640
1811.000	5.631
1812.000	5.621
1813.000	5.612
1814.000	0.526
1815.000	0.517
1816.000	0.507
1817.000	0.498
1818.000	0.489
1819.000	0.480
1820.000	0.470
1821.000	0.461
1822.000	0.452
1823.000	0.443
1824.000	0.433
1825.000	0.432
1826.000	0.423
1827.000	0.414
1828.000	0.405
1829.000	0.395
1830.000	0.386
1831.000	0.377
1832.000	0.368
1833.000	0.358
1834.000	0.349
1835.000	0.340
1836.000	0.339
1837.000	0.330
1838.000	0.321
1839.000	0.311
1840.000	0.302
1841.000	0.293
1842.000	0.284
1843.000	0.275
1844.000	0.265
1845.000	0.256
1846.000	0.247
1847.000	0.246
1848.000	0.237
1849.000	0.228
1850.000	0.219
1851.000	0.209
1852.000	0.200
1853.000	0.191
1854.000	0.182
1855.000	0.173
1856.000	0.163
1857.000	0.154
1858.000	0.153
1859.000	0.144
1860.000	0.135
1861.000	0.126
1862.000	0.117
1863.000	0.107
1864.000	0.098
1865.000	0.089
1866.000	0.080
1867.000	0.071
1868.000	0.062
1869.000	0.061
1870.000	0.052
1871.000	0.042
1872.000	0.033
1873.000	0.024
1874.000	0.015
1875.000	0.006
1876.000	-0.003
1877.000	-0.013
1878.000	-0.022
1879.000	-0.031
1880.000	-0.032
1881.000	-0.041
1882.000	-0.050
1883.000	-0.059
1884.000	-0.068
1885.000	-0.077
1886.000	-0.086
1887.000	-0.096
1888.000	-0.105
1889.000	-0.114
1890.000	-0.123
1891.000	-0.132
1892.000	-0.133
1893.000	-0.142
1894.000	-0.151
1895.000	-0.160
1896.000	-0.169
1897.000	-0.178
1898.000	-0.188
1899.000	-0.197
1900.000	-0.206
1901.000	-0.215
1902.000	-0.224
1903.000	-0.225
1904.000	-0.234
1905.000	-0.243
1906.000	-0.252
1907.000	-0.261
1908.000	-0.270
1909.000	-0.279
1910.000	-0.288
1911.000	-0.298
1912.000	-0.307
1913.000	-0.316
1914.000	-0.317
1915.000	-0.326
1916.000	-0.335
1917.000	-0.344
1918.000	-0.353
1919.000	-0.362
1920.000	-0.371
1921.000	-0.380
1922.000	-0.389
1923.000	-0.398
1924.000	-0.407
1925.000	-0.408
1926.000	-0.417
1927.000	-0.426
1928.000	-0.435
1929.000	-0.444
1930.000	-0.453
1931.000	-0.462
1932.000	-0.471
1933.000	-0.480
1934.000	-0.490
1935.000	-0.499
1936.000	-0.499
1937.000	-0.508
1938.000	-0.517
1939.000	-0.527
1940.000	-0.536
1941.000	-0.545
1942.000	-0.554
1943.000	-0.563
1944.000	-0.572
1945.000	-0.581
1946.000	-0.590
1947.000	-0.591
1948.000	-0.600
1949.000	-0.609
1950.000	-0.618
1951.000	-0.627
1952.000	-0.636
1953.000	-0.645
1954.000	-0.654
1955.000	-0.663
1956.000	-0.672
1957.000	-0.681
1958.000	-0.690
1959.000	-0.690
1960.000	-0.699
1961.000	-0.708
1962.000	-0.717
1963.000	-0.726
1964.000	-0.735
1965.000	-0.744
1966.000	-0.753
1967.000	-0.762
1968.000	-0.771
1969.000	-0.780
1970.000	-0.781
1971.000	-0.790
1972.000	-0.799
1973.000	-0.808
1974.000	-0.817
1975.000	-0.826
1976.000	-0.835
1977.000	-0.844
1978.000	-0.853
1979.000	-0.862
1980.000	-0.871
1981.000	-0.872
1982.000	-0.881
1983.000	-0.890
1984.000	-0.898
1985.000	-0.907
1986.000	-0.916
1987.000	-0.925
1988.000	-0.934
1989.000	-0.943
1990.000	-0.952
1991.000	-0.961
1992.000	-0.962
1993.000	-0.971
1994.000	-0.980
1995.000	-0.989
1996.000	-0.998
1997.000	-1.007
1998.000	-1.016
1999.000	-1.024
2000.000	-1.033
2001.000	-1.042
2002.000	-1.051
2003.000	-1.052
2004.000	-1.061
2005.000	-1.070
2006.000	-1.079
2007.000	-1.088
2008.000	-1.097
2009.000	-1.111
2010.000	-1.111
2011.000	-1.112
2012.000	-1.113
2013.000	-1.114
2014.000	-1.115
2015.000	-1.116
2016.000	-1.116
2017.000	-1.117
2018.000	-1.118
2019.000	-1.119
2020.000	-1.120
2021.000	-1.121
2022.000	-1.122
2023.000	-1.122
2024.000	-1.123
2025.000	-1.124
2026.000	-1.125
2027.000	-1.126
2028.000	-1.127
2029.000	-1.128
2030.000	-1.128
2031.000	-1.129
2032.000	-1.130
2033.000	-1.131
2034.000	-1.132
2035.000	-1.133
2036.000	-1.134
2037.000	-1.134
2038.000	-1.135
2039.000	-1.136
2040.000	-1.137
2041.000	-1.138
2042.000	-1.139
2043.000	-1.139
2044.000	-1.140
2045.000	-1.141
2046.000	-1.142
2047.000	-1.143
2048.000	-1.144
2049.000	-1.145
2050.000	-1.145
2051.000	-1.146
2052.000	-1.147
2053.000	-1.148
2054.000	-1.149
2055.000	-1.150
2056.000	-1.151
2057.000	-1.151
2058.000	-1.152
2059.000	-1.153
2060.000	-1.154
2061.000	-1.155
2062.000	-1.156
2063.000	-1.157
2064.000	-1.157
2065.000	-1.158
2066.000	-1.159
2067.000	-1.160
2068.000	-1.161
2069.000	-1.162
2070.000	-1.162
2071.000	-1.163
2072.000	-1.164
2073.000	-1.165
2074.000	-1.166
2075.000	-1.167
2076.000	-1.168
2077.000	-1.168
2078.000	-1.169
2079.000	-1.170
2080.000	-1.171
2081.000	-1.172
2082.000	-1.173
2083.000	-1.174
2084.000	-1.174
2085.000	-1.175
2086.000	-1.176
2087.000	-1.177
2088.000	-1.178
2089.000	-1.179
2090.000	-1.180
2091.000	-1.180
2092.000	-1.181
2093.000	-1.182
2094.000	-1.183
2095.000	-1.184
2096.000	-1.185
2097.000	-1.186
2098.000	-1.186
2099.000	-1.187
2100.000	-1.188
2101.000	-1.189
2102.000	-1.190
2103.000	-1.191
2104.000	-1.191
2105.000	-1.192
2106.000	-1.193
2107.000	-1.194
2108.000	-1.195
2109.000	-1.196
2110.000	-1.197
2111.000	-1.197
2112.000	-1.198
2113.000	-1.199
2114.000	-1.200
2115.000	-1.201
2116.000	-1.202
2117.000	-1.203
2118.000	-1.203
2119.000	-1.204
2120.000	-1.205
2121.000	-1.206
2122.000	-1.207
2123.000	-1.208
2124.000	-1.209
2125.000	-1.209
2126.000	-1.210
2127.000	-1.211
2128.000	-1.212
2129.000	-1.213
2130.000	-1.214
2131.000	-1.214
2132.000	-1.215
2133.000	-1.216
2134.000	-1.217
2135.000	-1.218
2136.000	-1.219
2137.000	-1.220
2138.000	-1.220
2139.000	-1.221
2140.000	-1.222
2141.000	-1.223
2142.000	-1.224
2143.000	-1.225
2144.000	-1.226
2145.000	-1.226
2146.000	-1.227
2147.000	-1.228
2148.000	-1.229
2149.000	-1.230
2150.000	-1.231
2151.000	-1.232
2152.000	-1.232
2153.000	-1.233
2154.000	-1.234
2155.000	-1.235
2156.000	-1.236
2157.000	-1.237
2158.000	-1.237
2159.000	-1.238
2160.000	-1.239
2161.000	-1.240
2162.000	-1.241
2163.000	-1.242
2164.000	-1.243
2165.000	-1.243
2166.000	-1.244
2167.000	-1.245
2168.000	-1.246
2169.000	-1.247
2170.000	-1.248
2171.000	-1.249
2172.000	-1.249
2173.000	-1.250
2174.000	-1.251
2175.000	-1.252
2176.000	-1.253
2177.000	-1.254
2178.000	-1.255
2179.000	-1.255
2180.000	-1.256
2181.000	-1.257
2182.000	-1.258
2183.000	-1.259
2184.000	-1.260
2185.000	-1.260
2186.000	-1.261
2187.000	-1.262
2188.000	-1.263
2189.000	-1.264
2190.000	-1.265
2191.000	-1.266
2192.000	-1.266
2193.000	-1.267
2194.000	-1.268
2195.000	-1.269
2196.000	-1.270
2197.000	-1.271
2198.000	-1.272
2199.000	-1.272
2200.000	-1.273
2201.000	-1.274
2202.000	-1.275
2203.000	-1.276
2204.000	-1.277
2205.000	-1.278
2206.000	-1.278
2207.000	-1.279
2208.000	-1.280
2209.000	-1.281
2210.000	-1.282
2211.000	-1.283
2212.000	-1.283
2213.000	-1.284
2214.000	-1.285
2215.000	-1.286
2216.000	-1.287
2217.000	-1.288
2218.000	-1.289
2219.000	-1.289
2220.000	-1.290
2221.000	-1.291
2222.000	-1.292
2223.000	-1.293
2224.000	-1.294
2225.000	-1.295
2226.000	-1.295
2227.000	-1.296
2228.000	-1.297
2229.000	-1.298
2230.000	-1.299
2231.000	-1.300
2232.000	-1.301
2233.000	-1.301
2234.000	-1.302
2235.000	-1.303
2236.000	-1.304
2237.000	-1.305
2238.000	-1.306
2239.000	-1.307
2240.000	-1.307
2241.000	-1.308
2242.000	-1.309
2243.000	-1.310
2244.000	-1.311
2245.000	-1.312
2246.000	-1.312
2247.000	-1.313
2248.000	-1.314
2249.000	-1.315
2250.000	-1.316
2251.000	-1.317
2252.000	-1.318
2253.000	-1.318
2254.000	-1.319
2255.000	-1.320
2256.000	-1.321
2257.000	-1.322
2258.000	-1.323
2259.000	-1.324
2260.000	-1.324
2261.000	-1.325
2262.000	-1.326
2263.000	-1.327
2264.000	-1.328
2265.000	-1.329
2266.000	-1.330
2267.000	-1.330
2268.000	-1.331
2269.000	-1.332
2270.000	-1.333
2271.000	-1.334
2272.000	-1.335
2273.000	-1.335
2274.000	-1.336
2275.000	-1.337
2276.000	-1.338
2277.000	-1.339
2278.000	-1.340
2279.000	-1.341
2280.000	-1.341
2281.000	-1.342
2282.000	-1.343
2283.000	-1.344
2284.000	-1.345
2285.000	-1.346
2286.000	-1.347
2287.000	-1.347
2288.000	-1.348
2289.000	-1.349
2290.000	-1.350
2291.000	-1.351
2292.000	-1.352
2293.000	-1.353
2294.000	-1.353
2295.000	-1.354
2296.000	-1.355
2297.000	-1.356
2298.000	-1.357
2299.000	-1.358
2300.000	-1.358
2301.000	-1.359
2302.000	-1.360
2303.000	-1.361
2304.000	-1.362
2305.000	-1.363
2306.000	-1.364
2307.000	-1.364
2308.000	-1.365
2309.000	-1.366
2310.000	-1.367
2311.000	-1.368
2312.000	-1.369
2313.000	-1.370
2314.000	-1.370
2315.000	-1.371
2316.000	-1.372
2317.000	-1.373
2318.000	-1.374
2319.000	-1.375
2320.000	-1.376
2321.000	-1.376
2322.000	-1.377
2323.000	-1.378
2324.000	-1.379
2325.000	-1.380
2326.000	-1.381
2327.000	-1.381
2328.000	-1.382
2329.000	-1.383
2330.000	-1.384
2331.000	-1.385
2332.000	-1.386
2333.000	-1.387
2334.000	-1.387
2335.000	-1.388
2336.000	-1.389
2337.000	-1.390
2338.000	-1.391
2339.000	-1.392
2340.000	-1.393
2341.000	-1.393
2342.000	-1.394
2343.000	-1.395
2344.000	-1.396
2345.000	-1.397
2346.000	-1.398
2347.000	-1.399
2348.000	-1.399
2349.000	-1.400
2350.000	-1.401
2351.000	-1.402
2352.000	-1.403
2353.000	-1.404
2354.000	-1.404
2355.000	-1.405
2356.000	-1.406
2357.000	-1.407
2358.000	-1.408
2359.000	-1.409
2360.000	-1.410
2361.000	-1.410
2362.000	-1.411
2363.000	-1.412
2364.000	-1.413
2365.000	-1.414
2366.000	-1.415
2367.000	-1.416
2368.000	-1.416
2369.000	-1.417
2370.000	-1.418
2371.000	-1.419
2372.000	-1.420
2373.000	-1.421
2374.000	-1.422
2375.000	-1.422
2376.000	-1.423
2377.000	-1.424
2378.000	-1.425
2379.000	-1.426
2380.000	-1.427
2381.000	-1.427
2382.000	-1.428
2383.000	-1.429
2384.000	-1.430
2385.000	-1.431
2386.000	-1.432
2387.000	-1.433
2388.000	-1.433
2389.000	-1.434
2390.000	-1.435
2391.000	-1.436
2392.000	-1.437
2393.000	-1.438
2394.000	-1.439
2395.000	-1.439
2396.000	-1.440
2397.000	-1.441
2398.000	-1.442
2399.000	-1.443
2400.000	-1.444
2401.000	-1.445
2402.000	-1.445
2403.000	-1.446
2404.000	-1.447
2405.000	-1.448
2406.000	-1.449
2407.000	-1.450
2408.000	-1.451
2409.000	-1.451
2410.000	-1.452
2411.000	-1.453
2412.000	-1.454
2413.000	-1.455
2414.000	-1.456
2415.000	-1.456
2416.000	-1.457
2417.000	-1.458
2418.000	-1.459
2419.000	-1.460
2420.000	-1.461
2421.000	-1.462
2422.000	-1.462
2423.000	-1.463
2424.000	-1.464
2425.000	-1.465
2426.000	-1.466
2427.000	-1.467
2428.000	-1.468
2429.000	-1.468
2430.000	-1.469
2431.000	-1.470
2432.000	-1.471
2433.000	-1.472
2434.000	-1.473
2435.000	-1.474
2436.000	-1.474
2437.000	-1.475
2438.000	-1.476
2439.000	-1.477
2440.000	-1.478
2441.000	-1.479
2442.000	-1.479
2443.000	-1.480
2444.000	-1.481
2445.000	-1.482
2446.000	-1.483
2447.000	-1.484
2448.000	-1.485
2449.000	-1.485
2450.000	-1.486
2451.000	-1.487
2452.000	-1.488
2453.000	-1.489
2454.000	-1.490
2455.000	-1.491
2456.000	-1.491
2457.000	-1.492
2458.000	-1.493
2459.000	-1.494
2460.000	-1.495
2461.000	-1.496
2462.000	-1.497
2463.000	-1.497
2464.000	-1.498
2465.000	-1.499
2466.000	-1.500
2467.000	-1.501
2468.000	-1.502
2469.000	-1.502
2470.000	-1.503
2471.000	-1.504
2472.000	-1.505
2473.000	-1.506
2474.000	-1.507
2475.000	-1.508
2476.000	-1.508
2477.000	-1.509
2478.000	-1.510
2479.000	-1.511
2480.000	-1.512
2481.000	-1.513
2482.000	-1.514
2483.000	-1.514
2484.000	-1.515
2485.000	-1.516
2486.000	-1.517
2487.000	-1.518
2488.000	-1.519
2489.000	-1.520
2490.000	-1.520
2491.000	-1.521
2492.000	-1.522
2493.000	-1.523
2494.000	-1.524
2495.000	-1.525
2496.000	-1.525
2497.000	-1.526
2498.000	-1.527
2499.000	-1.528
2500.000	-1.529
2501.000	-1.530
2502.000	-1.531
2503.000	-1.531
2504.000	-1.532
2505.000	-1.533
2506.000	-1.534
2507.000	-1.535
2508.000	-1.536
2509.000	-1.537
2510.000	-1.537
2511.000	-1.538
2512.000	-1.539
2513.000	-1.540
2514.000	-1.541
2515.000	-1.542
2516.000	-1.543
2517.000	-1.543
2518.000	-1.544
2519.000	-1.545
2520.000	-1.546
2521.000	-1.547
2522.000	-1.548
2523.000	-1.548
2524.000	-1.549
2525.000	-1.550
2526.000	-1.551
2527.000	-1.552
2528.000	-1.553
2529.000	-1.554
2530.000	-1.554
2531.000	-1.555
2532.000	-1.556
2533.000	-1.557
2534.000	-1.558
2535.000	-1.559
2536.000	-1.560
2537.000	-1.560
2538.000	-1.561
2539.000	-1.562
2540.000	-1.563
2541.000	-1.564
2542.000	-1.565
2543.000	-1.566
2544.000	-1.566
2545.000	-1.567
2546.000	-1.568
2547.000	-1.569
2548.000	-1.570
2549.000	-1.571
2550.000	-1.572
2551.000	-1.572
2552.000	-1.573
2553.000	-1.574
2554.000	-1.575
2555.000	-1.576
2556.000	-1.577
2557.000	-1.577
2558.000	-1.578
2559.000	-1.579
2560.000	-1.580
2561.000	-1.581
2562.000	-1.582
2563.000	-1.583
2564.000	-1.583
2565.000	-1.584
2566.000	-1.585
2567.000	-1.586
2568.000	-1.587
2569.000	-1.588
2570.000	-1.589
2571.000	-1.589
2572.000	-1.590
2573.000	-1.591
2574.000	-1.592
2575.000	-1.593
2576.000	-1.594
2577.000	-1.595
2578.000	-1.595
2579.000	-1.596
2580.000	-1.597
2581.000	-1.598
2582.000	-1.599
2583.000	-1.600
2584.000	-1.600
2585.000	-1.601
2586.000	-1.602
2587.000	-1.603
2588.000	-1.604
2589.000	-1.605
2590.000	-1.606
2591.000	-1.606
2592.000	-1.607
2593.000	-1.608
2594.000	-1.609
2595.000	-1.610
2596.000	-1.611
2597.000	-1.612
2598.000	-1.612
2599.000	-1.613
2600.000	-1.614
2601.000	-1.615
2602.000	-1.616
2603.000	-1.617
2604.000	-1.618
2605.000	-1.618
2606.000	-1.619
2607.000	-1.620
2608.000	-1.621
2609.000	-1.622
2610.000	-1.623
2611.000	-1.623
2612.000	-1.624
2613.000	-1.625
2614.000	-1.626
2615.000	-1.627
2616.000	-1.628
2617.000	-1.629
2618.000	-1.629
2619.000	-1.630
2620.000	-1.631
2621.000	-1.632
2622.000	-1.633
2623.000	-1.634
2624.000	-1.635
2625.000	-1.635
2626.000	-1.636
2627.000	-1.637
2628.000	-1.638
2629.000	-1.639
2630.000	-1.640
2631.000	-1.641
2632.000	-1.641
2633.000	-1.642
2634.000	-1.643
2635.000	-1.644
2636.000	-1.645
2637.000	-1.646
2638.000	-1.646
2639.000	-1.647
2640.000	-1.648
2641.000	-1.649
2642.000	-1.650
2643.000	-1.651
2644.000	-1.652
2645.000	-1.652
2646.000	-1.653
2647.000	-1.654
2648.000	-1.655
2649.000	-1.656
2650.000	-1.657
2651.000	-1.658
2652.000	-1.658
2653.000	-1.659
2654.000	-1.660
2655.000	-1.661
2656.000	-1.662
2657.000	-1.663
2658.000	-1.664
2659.000	-1.664
2660.000	-1.665
2661.000	-1.666
2662.000	-1.667
2663.000	-1.668
2664.000	-1.669
2665.000	-1.669
2666.000	-1.670
2667.000	-1.671
2668.000	-1.672
2669.000	-1.673
2670.000	-1.674
2671.000	-1.675
2672.000	-1.675
2673.000	-1.676
2674.000	-1.677
2675.000	-1.678
2676.000	-1.679
2677.000	-1.680
2678.000	-1.681
2679.000	-1.681
2680.000	-1.682
2681.000	-1.683
2682.000	-1.684
2683.000	-1.685
2684.000	-1.686
2685.000	-1.687
2686.000	-1.687
2687.000	-1.688
2688.000	-1.689
2689.000	-1.690
2690.000	-1.691
2691.000	-1.692
2692.000	-1.693
2693.000	-1.693
2694.000	-1.694
2695.000	-1.695
2696.000	-1.696
2697.000	-1.697
2698.000	-1.698
2699.000	-1.698
2700.000	-1.699
2701.000	-1.700
2702.000	-1.701
2703.000	-1.702
2704.000	-1.703
2705.000	-1.704
2706.000	-1.704
2707.000	-1.705
2708.000	-1.706
2709.000	-1.707
2710.000	-1.708
2711.000	-1.709
2712.000	-1.710
2713.000	-1.710
2714.000	-1.711
2715.000	-1.712
2716.000	-1.713
2717.000	-1.714
2718.000	-1.715
2719.000	-1.716
2720.000	-1.716
2721.000	-1.717
2722.000	-1.718
2723.000	-1.719
2724.000	-1.720
2725.000	-1.721
2726.000	-1.721
2727.000	-1.722
2728.000	-1.723
2729.000	-1.724
2730.000	-1.725
2731.000	-1.726
2732.000	-1.727
2733.000	-1.727
2734.000	-1.728
2735.000	-1.729
2736.000	-1.730
2737.000	-1.731
2738.000	-1.732
2739.000	-1.733
2740.000	-1.733
2741.000	-1.734
2742.000	-1.735
2743.000	-1.736
2744.000	-1.737
2745.000	-1.738
2746.000	-1.739
2747.000	-1.739
2748.000	-1.740
2749.000	-1.741
2750.000	-1.742
2751.000	-1.743
2752.000	-1.744
2753.000	-1.744
2754.000	-1.745
2755.000	-1.746
2756.000	-1.747
2757.000	-1.748
2758.000	-1.749
2759.000	-1.750
2760.000	-1.750
2761.000	-1.751
2762.000	-1.752
2763.000	-1.753
2764.000	-1.754
2765.000	-1.755
2766.000	-1.756
2767.000	-1.756
2768.000	-1.757
2769.000	-1.758
2770.000	-1.759
2771.000	-1.760
2772.000	-1.761
2773.000	-1.762
2774.000	-1.762
2775.000	-1.763
2776.000	-1.764
2777.000	-1.765
2778.000	-1.766
2779.000	-1.767
2780.000	-1.767
2781.000	-1.768
2782.000	-1.769
2783.000	-1.770
2784.000	-1.771
2785.000	-1.772
2786.000	-1.773
2787.000	-1.773
2788.000	-1.774
2789.000	-1.775
2790.000	-1.776
2791.000	-1.777
2792.000	-1.778
2793.000	-1.779
2794.000	-1.779
2795.000	-1.780
2796.000	-1.781
2797.000	-1.782
2798.000	-1.783
2799.000	-1.784
2800.000	-1.785
2801.000	-1.785
2802.000	-1.786
2803.000	-1.787
2804.000	-1.788
2805.000	-1.789
2806.000	-1.790
2807.000	-1.790
2808.000	-1.791
2809.000	-1.792
2810.000	-1.793
2811.000	-1.794
2812.000	-1.795
2813.000	-1.796
2814.000	-1.796
2815.000	-1.797
2816.000	-1.798
2817.000	-1.799
2818.000	-1.800
2819.000	-1.801
2820.000	-1.802
2821.000	-1.802
2822.000	-1.803
2823.000	-1.804
2824.000	-1.805
2825.000	-1.806
2826.000	-1.807
2827.000	-1.808
2828.000	-1.808
2829.000	-1.809
2830.000	-1.810
2831.000	-1.811
2832.000	-1.812
2833.000	-1.813
2834.000	-1.814
2835.000	-1.814
2836.000	-1.815
2837.000	-1.816
2838.000	-1.817
2839.000	-1.818
2840.000	-1.819
2841.000	-1.819
2842.000	-1.820
2843.000	-1.821
2844.000	-1.822
2845.000	-1.823
2846.000	-1.824
2847.000	-1.825
2848.000	-1.825
2849.000	-1.826
2850.000	-1.827
2851.000	-1.828
2852.000	-1.829
2853.000	-1.830
2854.000	-1.831
2855.000	-1.831
2856.000	-1.832
2857.000	-1.833
2858.000	-1.834
2859.000	-1.835
2860.000	-1.836
2861.000	-1.837
2862.000	-1.837
2863.000	-1.838
2864.000	-1.839
2865.000	-1.840
2866.000	-1.841
2867.000	-1.842
2868.000	-1.842
2869.000	-1.843
2870.000	-1.844
2871.000	-1.845
2872.000	-1.846
2873.000	-1.847
2874.000	-1.848
2875.000	-1.848
2876.000	-1.849
2877.000	-1.850
2878.000	-1.851
2879.000	-1.852
2880.000	-1.853
2881.000	-1.854
2882.000	-1.854
2883.000	-1.855
2884.000	-1.856
2885.000	-1.857
2886.000	-1.858
2887.000	-1.859
2888.000	-1.860
2889.000	-1.860
2890.000	-1.861
2891.000	-1.862
2892.000	-1.863
2893.000	-1.864
2894.000	-1.865
2895.000	-1.865
2896.000	-1.866
2897.000	-1.867
2898.000	-1.868
2899.000	-1.869
2900.000	-1.870
2901.000	-1.871
2902.000	-1.871
2903.000	-1.872
2904.000	-1.873
2905.000	-1.874
2906.000	-1.875
2907.000	-1.876
2908.000	-1.877
2909.000	-1.877
2910.000	-1.878
2911.000	-1.879
2912.000	-1.880
2913.000	-1.881
2914.000	-1.882
2915.000	-1.883
2916.000	-1.883
2917.000	-1.884
2918.000	-1.885
2919.000	-1.886
2920.000	-1.887
2921.000	-1.888
2922.000	-1.888
2923.000	-1.889
2924.000	-1.890
2925.000	-1.891
2926.000	-1.892
2927.000	-1.893
2928.000	-1.894
2929.000	-1.894
2930.000	-1.895
2931.000	-1.896
2932.000	-1.897
2933.000	-1.898
2934.000	-1.899
2935.000	-1.900
2936.000	-1.900
2937.000	-1.901
2938.000	-1.902
2939.000	-1.903
2940.000	-1.904
2941.000	-1.905
2942.000	-1.906
2943.000	-1.906
2944.000	-1.907
2945.000	-1.908
2946.000	-1.909
2947.000	-1.910
2948.000	-1.911
2949.000	-1.911
2950.000	-1.912
2951.000	-1.913
2952.000	-1.914
2953.000	-1.915
2954.000	-1.916
2955.000	-1.917
2956.000	-1.917
2957.000	-1.918
2958.000	-1.919
2959.000	-1.920
2960.000	-1.921
2961.000	-1.922
2962.000	-1.923
2963.000	-1.923
2964.000	-1.924
2965.000	-1.925
2966.000	-1.926
2967.000	-1.927
2968.000	-1.928
2969.000	-1.929
2970.000	-1.929
2971.000	-1.930
2972.000	-1.931
2973.000	-1.932
2974.000	-1.933
2975.000	-1.934
2976.000	-1.935
2977.000	-1.935
2978.000	-1.936
2979.000	-1.937
2980.000	-1.938
2981.000	-1.939
2982.000	-1.940
2983.000	-1.940
2984.000	-1.941
2985.000	-1.942
2986.000	-1.943
2987.000	-1.944
2988.000	-1.945
2989.000	-1.946
2990.000	-1.946
2991.000	-1.947
2992.000	-1.948
2993.000	-1.949
2994.000	-1.950
2995.000	-1.951
2996.000	-1.952
2997.000	-1.952
2998.000	-1.953
2999.000	-1.954
3000.000	-1.955
3001.000	-1.956
3002.000	-1.957
3003.000	-1.958
3004.000	-1.958
3005.000	-1.959
3006.000	-1.960
3007.000	-1.961
3008.000	-1.962
3009.000	-1.963
3010.000	-1.963
3011.000	-1.964
3012.000	-1.965
3013.000	-1.966
3014.000	-1.967
3015.000	-1.968
3016.000	-1.969
3017.000	-1.969
3018.000	-1.970
3019.000	-1.971
3020.000	-1.972
3021.000	-1.973
3022.000	-1.974
3023.000	-1.975
3024.000	-1.975
3025.000	-1.976
3026.000	-1.977
3027.000	-1.978
3028.000	-1.979
3029.000	-1.980
3030.000	-1.981
3031.000	-1.981
3032.000	-1.982
3033.000	-1.983
3034.000	-1.984
3035.000	-1.985
3036.000	-1.986
3037.000	-1.986
3038.000	-1.987
3039.000	-1.988
3040.000	-1.989
3041.000	-1.990
3042.000	-1.991
3043.000	-1.992
3044.000	-1.992
3045.000	-1.993
3046.000	-1.994
3047.000	-1.995
3048.000	-1.996
3049.000	-1.997
3050.000	-1.998
3051.000	-1.998
3052.000	-1.999
3053.000	-2.000
3054.000	-2.001
3055.000	-2.002
3056.000	-2.003
3057.000	-2.004
3058.000	-2.004
3059.000	-2.005
3060.000	-2.006
3061.000	-2.007
3062.000	-2.008
3063.000	-2.009
3064.000	-2.009
3065.000	-2.010
3066.000	-2.011
3067.000	-2.012
3068.000	-2.013
3069.000	-2.014
3070.000	-2.015
3071.000	-2.015
3072.000	-2.016
3073.000	-2.017
3074.000	-2.018
3075.000	-2.019
3076.000	-2.020
3077.000	-2.021
3078.000	-2.021
3079.000	-2.022
3080.000	-2.023
3081.000	-2.024
3082.000	-2.025
3083.000	-2.026
3084.000	-2.027
3085.000	-2.027
3086.000	-2.028
3087.000	-2.029
3088.000	-2.030
3089.000	-2.031
3090.000	-2.032
3091.000	-2.032
3092.000	-2.033
3093.000	-2.034
3094.000	-2.035
3095.000	-2.036
3096.000	-2.037
3097.000	-2.038
3098.000	-2.038
3099.000	-2.039
3100.000	-2.040
3101.000	-2.041
3102.000	-2.042
3103.000	-2.043
3104.000	-2.044
3105.000	-2.044
3106.000	-2.045
3107.000	-2.046
3108.000	-2.047
3109.000	-2.048
3110.000	-2.049
3111.000	-2.050
3112.000	-2.050
3113.000	-2.051
3114.000	-2.052
3115.000	-2.053
3116.000	-2.054
3117.000	-2.055
3118.000	-2.055
3119.000	-2.056
3120.000	-2.057
3121.000	-2.058
3122.000	-2.059
3123.000	-2.060
3124.000	-2.061
3125.000	-2.061
3126.000	-2.062
3127.000	-2.063
3128.000	-2.064
3129.000	-2.065
3130.000	-2.066
3131.000	-2.067
3132.000	-2.067
3133.000	-2.068
3134.000	-2.069
3135.000	-2.070
3136.000	-2.071
3137.000	-2.072
3138.000	-2.073
3139.000	-2.073
3140.000	-2.074
3141.000	-2.075
3142.000	-2.076
3143.000	-2.077
3144.000	-2.078
3145.000	-2.079
3146.000	-2.079
3147.000	-2.080
3148.000	-2.081
3149.000	-2.082
3150.000	-2.083
3151.000	-2.084
3152.000	-2.084
3153.000	-2.085
3154.000	-2.086
3155.000	-2.087
3156.000	-2.088
3157.000	-2.089
3158.000	-2.090
3159.000	-2.090
3160.000	-2.091
3161.000	-2.092
3162.000	-2.093
3163.000	-2.094
3164.000	-2.095
3165.000	-2.096
3166.000	-2.096
3167.000	-2.097
3168.000	-2.098
3169.000	-2.099
3170.000	-2.100
3171.000	-2.101
3172.000	-2.102
3173.000	-2.102
3174.000	-2.103
3175.000	-2.104
3176.000	-2.105
3177.000	-2.106
3178.000	-2.107
3179.000	-2.107
3180.000	-2.108
3181.000	-2.109
3182.000	-2.110
3183.000	-2.111
3184.000	-2.112
3185.000	-2.113
3186.000	-2.113
3187.000	-2.114
3188.000	-2.115
3189.000	-2.116
3190.000	-2.117
3191.000	-2.118
3192.000	-2.119
3193.000	-2.119
3194.000	-2.120
3195.000	-2.121
3196.000	-2.122
3197.000	-2.123
3198.000	-2.124
3199.000	-2.125
3200.000	-2.125
3201.000	-2.126
3202.000	-2.127
3203.000	-2.128
3204.000	-2.129
3205.000	-2.130
3206.000	-2.130
3207.000	-2.131
3208.000	-2.132
3209.000	-2.133
3210.000	-2.134
3211.000	-2.135
3212.000	-2.136
3213.000	-2.136
3214.000	-2.137
3215.000	-2.138
3216.000	-2.139
3217.000	-2.140
3218.000	-2.141
3219.000	-2.142
3220.000	-2.142
3221.000	-2.143
3222.000	-2.144
3223.000	-2.145
3224.000	-2.146
3225.000	-2.147
3226.000	-2.148
3227.000	-2.148
3228.000	-2.149
3229.000	-2.150
3230.000	-2.151
3231.000	-2.152
3232.000	-2.153
3233.000	-2.153
3234.000	-2.154
3235.000	-2.155
3236.000	-2.156
3237.000	-2.157
3238.000	-2.158
3239.000	-2.159
3240.000	-2.159
3241.000	-2.160
3242.000	-2.161
3243.000	-2.162
3244.000	-2.163
3245.000	-2.164
3246.000	-2.165
3247.000	-2.165
3248.000	-2.166
3249.000	-2.167
3250.000	-2.168
3251.000	-2.169
3252.000	-2.170
3253.000	-2.171
3254.000	-2.171
3255.000	-2.172
3256.000	-2.173
3257.000	-2.174
3258.000	-2.175
3259.000	-2.176
3260.000	-2.176
3261.000	-2.177
3262.000	-2.178
3263.000	-2.179
3264.000	-2.180
3265.000	-2.181
3266.000	-2.182
3267.000	-2.182
3268.000	-2.183
3269.000	-2.184
3270.000	-2.185
3271.000	-2.186
3272.000	-2.187
3273.000	-2.188
3274.000	-2.188
3275.000	-2.189
3276.000	-2.190
3277.000	-2.191
3278.000	-2.192
3279.000	-2.193
3280.000	-2.194
3281.000	-2.194
3282.000	-2.195
3283.000	-2.196
3284.000	-2.197
3285.000	-2.198
3286.000	-2.199
3287.000	-2.200
3288.000	-2.200
3289.000	-2.201
3290.000	-2.202
3291.000	-2.203
3292.000	-2.204
3293.000	-2.205
3294.000	-2.205
3295.000	-2.206
3296.000	-2.207
3297.000	-2.208
3298.000	-2.209
3299.000	-2.210
3300.000	-2.211
3301.000	-2.211
3302.000	-2.212
3303.000	-2.213
3304.000	-2.214
3305.000	-2.215
3306.000	-2.216
3307.000	-2.217
3308.000	-2.217
3309.000	-2.218
3310.000	-2.219
3311.000	-2.220
3312.000	-2.221
3313.000	-2.222
3314.000	-2.223
3315.000	-2.223
3316.000	-2.224
3317.000	-2.225
3318.000	-2.226
3319.000	-2.227
3320.000	-2.228
3321.000	-2.228
3322.000	-2.229
3323.000	-2.230
3324.000	-2.231
3325.000	-2.232
3326.000	-2.233
3327.000	-2.234
3328.000	-2.234
3329.000	-2.235
3330.000	-2.236
3331.000	-2.237
3332.000	-2.238
3333.000	-2.239
3334.000	-2.240
3335.000	-2.240
3336.000	-2.241
3337.000	-2.242
3338.000	-2.243
3339.000	-2.244
3340.000	-2.245
3341.000	-2.246
3342.000	-2.246
3343.000	-2.247
3344.000	-2.248
3345.000	-2.249
3346.000	-2.250
3347.000	-2.251
3348.000	-2.251
3349.000	-2.252
3350.000	-2.253
3351.000	-2.254
3352.000	-2.255
3353.000	-2.256
3354.000	-2.257
3355.000	-2.257
3356.000	-2.258
3357.000	-2.259
3358.000	-2.260
3359.000	-2.261
3360.000	-2.262
3361.000	-2.263
3362.000	-2.263
3363.000	-2.264
3364.000	-2.265
3365.000	-2.266
3366.000	-2.267
3367.000	-2.268
3368.000	-2.269
3369.000	-2.269
3370.000	-2.270
3371.000	-2.271
3372.000	-2.272
3373.000	-2.273
3374.000	-2.274
3375.000	-2.274
3376.000	-2.275
3377.000	-2.276
3378.000	-2.277
3379.000	-2.278
3380.000	-2.279
3381.000	-2.280
3382.000	-2.280
3383.000	-2.281
3384.000	-2.282
3385.000	-2.283
3386.000	-2.284
3387.000	-2.285
3388.000	-2.286
3389.000	-2.286
3390.000	-2.287
3391.000	-2.288
3392.000	-2.289
3393.000	-2.290
3394.000	-2.291
3395.000	-2.292
3396.000	-2.292
3397.000	-2.293
3398.000	-2.294
3399.000	-2.295
3400.000	-2.296
3401.000	-2.297
3402.000	-2.297
3403.000	-2.298
3404.000	-2.299
3405.000	-2.300
3406.000	-2.301
3407.000	-2.302
3408.000	-2.303
3409.000	-2.303
3410.000	-2.304
3411.000	-2.305
3412.000	-2.306
3413.000	-2.307
3414.000	-2.308
3415.000	-2.309
3416.000	-2.309
3417.000	-2.310
3418.000	-2.311
3419.000	-2.312
3420.000	-2.313
3421.000	-2.314
3422.000	-2.315
3423.000	-2.315
3424.000	-2.316
3425.000	-2.317
3426.000	-2.318
3427.000	-2.319
3428.000	-2.320
3429.000	-2.321
3430.000	-2.321
3431.000	-2.322
3432.000	-2.323
3433.000	-2.324
3434.000	-2.325
3435.000	-2.326
3436.000	-2.326
3437.000	-2.327
3438.000	-2.328
3439.000	-2.329
3440.000	-2.330
3441.000	-2.331
3442.000	-2.332
3443.000	-2.332
3444.000	-2.333
3445.000	-2.334
3446.000	-2.335
3447.000	-2.336
3448.000	-2.337
3449.000	-2.338
3450.000	-2.338
3451.000	-2.339
3452.000	-2.340
3453.000	-2.341
3454.000	-2.342
3455.000	-2.343
3456.000	-2.344
3457.000	-2.344
3458.000	-2.345
3459.000	-2.346
3460.000	-2.347
3461.000	-2.348
3462.000	-2.349
3463.000	-2.349
3464.000	-2.350
3465.000	-2.351
3466.000	-2.352
3467.000	-2.353
3468.000	-2.354
3469.000	-2.355
3470.000	-2.355
3471.000	-2.356
3472.000	-2.357
3473.000	-2.358
3474.000	-2.359
3475.000	-2.360
3476.000	-2.361
3477.000	-2.361
3478.000	-2.362
3479.000	-2.363
3480.000	-2.364
3481.000	-2.365
3482.000	-2.366
3483.000	-2.367
3484.000	-2.367
3485.000	-2.368
3486.000	-2.369
3487.000	-2.370
3488.000	-2.371
3489.000	-2.372
3490.000	-2.372
3491.000	-2.373
3492.000	-2.374
3493.000	-2.375
3494.000	-2.376
3495.000	-2.377
3496.000	-2.378
3497.000	-2.378
3498.000	-2.379
3499.000	-2.380
3500.000	-2.381
3501.000	-2.382
3502.000	-2.383
3503.000	-2.384
3504.000	-2.384
3505.000	-2.385
3506.000	-2.386
3507.000	-2.387
3508.000	-2.388
3509.000	-2.389
3510.000	-2.390
3511.000	-2.390
3512.000	-2.391
3513.000	-2.392
3514.000	-2.393
3515.000	-2.394
3516.000	-2.395
3517.000	-2.395
3518.000	-2.396
3519.000	-2.397
3520.000	-2.398
3521.000	-2.399
3522.000	-2.400
3523.000	-2.401
3524.000	-2.401
3525.000	-2.402
3526.000	-2.403
3527.000	-2.404
3528.000	-2.405
3529.000	-2.406
3530.000	-2.407
3531.000	-2.407
3532.000	-2.408
3533.000	-2.409
3534.000	-2.410
3535.000	-2.411
3536.000	-2.412
3537.000	-2.413
3538.000	-2.413
3539.000	-2.414
3540.000	-2.415
3541.000	-2.416
3542.000	-2.417
3543.000	-2.418
3544.000	-2.418
3545.000	-2.419
3546.000	-2.420
3547.000	-2.421
3548.000	-2.422
3549.000	-2.423
3550.000	-2.424
3551.000	-2.424
3552.000	-2.425
3553.000	-2.426
3554.000	-2.427
3555.000	-2.428
3556.000	-2.429
3557.000	-2.430
3558.000	-2.430
3559.000	-2.431
3560.000	-2.432
3561.000	-2.433
3562.000	-2.434
3563.000	-2.435
3564.000	-2.436
3565.000	-2.436
3566.000	-2.437
3567.000	-2.438
3568.000	-2.439
3569.000	-2.440
3570.000	-2.441
3571.000	-2.442
3572.000	-2.442
3573.000	-2.443
3574.000	-2.444
3575.000	-2.445
3576.000	-2.446
3577.000	-2.447
3578.000	-2.447
3579.000	-2.448
3580.000	-2.449
3581.000	-2.450
3582.000	-2.451
3583.000	-2.452
3584.000	-2.453
3585.000	-2.453
3586.000	-2.454
3587.000	-2.455
3588.000	-2.456
3589.000	-2.457
3590.000	-2.458
3591.000	-2.459
3592.000	-2.459
3593.000	-2.460
3594.000	-2.461
3595.000	-2.462
3596.000	-2.463
3597.000	-2.464
3598.000	-2.465
3599.000	-2.465
3600.000	-2.466
3601.000	-2.467
3602.000	-2.468
3603.000	-2.469
3604.000	-2.470
3605.000	-2.470
3606.000	-2.471
3607.000	-2.472
3608.000	-2.473
3609.000	-2.474
3610.000	-2.475
3611.000	-2.476
3612.000	-2.476
3613.000	-2.477
3614.000	-2.478
3615.000	-2.479
3616.000	-2.480
3617.000	-2.481
3618.000	-2.482
3619.000	-2.482
3620.000	-2.483
3621.000	-2.484
3622.000	-2.485
3623.000	-2.486
3624.000	-2.487
3625.000	-2.488
3626.000	-2.488
3627.000	-2.489
3628.000	-2.490
3629.000	-2.491
3630.000	-2.492
3631.000	-2.493
3632.000	-2.493
3633.000	-2.494
3634.000	-2.495
3635.000	-2.496
3636.000	-2.497
3637.000	-2.498
3638.000	-2.499
3639.000	-2.499
3640.000	-2.500
3641.000	-2.501
3642.000	-2.502
3643.000	-2.503
3644.000	-2.504
3645.000	-2.505
3646.000	-2.505
3647.000	-2.506
3648.000	-2.507
3649.000	-2.508
3650.000	-2.509
3651.000	-2.510
3652.000	-2.511
3653.000	-2.511
3654.000	-2.512
3655.000	-2.513
3656.000	-2.514
3657.000	-2.515
3658.000	-2.516
3659.000	-2.516
3660.000	-2.517
3661.000	-2.518
3662.000	-2.519
3663.000	-2.520
3664.000	-2.521
3665.000	-2.522
3666.000	-2.522
3667.000	-2.523
3668.000	-2.524
3669.000	-2.525
3670.000	-2.526
3671.000	-2.527
3672.000	-2.528
3673.000	-2.528
3674.000	-2.529
3675.000	-2.530
3676.000	-2.531
3677.000	-2.532
3678.000	-2.533
3679.000	-2.534
3680.000	-2.534
3681.000	-2.535
3682.000	-2.536
3683.000	-2.537
3684.000	-2.538
3685.000	-2.539
3686.000	-2.539
3687.000	-2.540
3688.000	-2.541
3689.000	-2.542
3690.000	-2.543
3691.000	-2.544
3692.000	-2.545
3693.000	-2.545
3694.000	-2.546
3695.000	-2.547
3696.000	-2.548
3697.000	-2.549
3698.000	-2.550
3699.000	-2.551
3700.000	-2.551
3701.000	-2.552
3702.000	-2.553
3703.000	-2.554
3704.000	-2.555
3705.000	-2.556
3706.000	-2.557
3707.000	-2.558
3708.000	-2.558
3709.000	-2.559
3710.000	-2.560
3711.000	-2.561
3712.000	-2.562
3713.000	-2.563
3714.000	-2.564
3715.000	-2.565
3716.000	-2.566
3717.000	-2.566
3718.000	-2.567
3719.000	-2.568
3720.000	-2.569
3721.000	-2.570
3722.000	-2.571
3723.000	-2.572
3724.000	-2.573
3725.000	-2.573
3726.000	-2.574
3727.000	-2.575
3728.000	-2.576
3729.000	-2.577
3730.000	-2.578
3731.000	-2.579
3732.000	-2.580
3733.000	-2.580
3734.000	-2.581
3735.000	-2.582
3736.000	-2.583
3737.000	-2.584
3738.000	-2.585
3739.000	-2.586
3740.000	-2.587
3741.000	-2.588
3742.000	-2.588
3743.000	-2.589
3744.000	-2.590
3745.000	-2.591
3746.000	-2.592
3747.000	-2.593
3748.000	-2.594
3749.000	-2.594
3750.000	-2.595
3751.000	-2.596
3752.000	-2.597
3753.000	-2.598
3754.000	-2.599
3755.000	-2.600
3756.000	-2.600
3757.000	-2.601
3758.000	-2.602
3759.000	-2.603
3760.000	-2.604
3761.000	-2.605
3762.000	-2.606
3763.000	-2.606
3764.000	-2.607
3765.000	-2.608
3766.000	-2.609
3767.000	-2.610
3768.000	-2.611
3769.000	-2.611
3770.000	-2.612
3771.000	-2.613
3772.000	-2.614
3773.000	-2.615
3774.000	-2.616
3775.000	-2.617
3776.000	-2.617
3777.000	-2.618
3778.000	-2.619
3779.000	-2.620
3780.000	-2.621
3781.000	-2.622
3782.000	-2.623
3783.000	-2.623
3784.000	-2.624
3785.000	-2.625
3786.000	-2.626
3787.000	-2.627
3788.000	-2.628
3789.000	-2.629
3790.000	-2.629
3791.000	-2.630
3792.000	-2.631
3793.000	-2.632
3794.000	-2.633
3795.000	-2.634
3796.000	-2.634
3797.000	-2.635
3798.000	-2.636
3799.000	-2.637
3800.000	-2.638
3801.000	-2.639
3802.000	-2.640
3803.000	-2.640
3804.000	-2.641
3805.000	-2.642
3806.000	-2.643
3807.000	-2.644
3808.000	-2.645
3809.000	-2.646
3810.000	-2.646
3811.000	-2.647
3812.000	-2.648
3813.000	-2.649
3814.000	-2.650
3815.000	-2.651
3816.000	-2.652
3817.000	-2.652
3818.000	-2.653
3819.000	-2.654
3820.000	-2.655
3821.000	-2.656
3822.000	-2.657
3823.000	-2.657
3824.000	-2.658
3825.000	-2.659
3826.000	-2.660
3827.000	-2.661
3828.000	-2.662
3829.000	-2.663
3830.000	-2.663
3831.000	-2.664
3832.000	-2.665
3833.000	-2.666
3834.000	-2.667
3835.000	-2.668
3836.000	-2.669
3837.000	-2.669
3838.000	-2.670
3839.000	-2.671
3840.000	-2.672
3841.000	-2.673
3842.000	-2.674
3843.000	-2.675
3844.000	-2.675
3845.000	-2.676
3846.000	-2.677
3847.000	-2.678
3848.000	-2.679
3849.000	-2.680
3850.000	-2.680
3851.000	-2.681
3852.000	-2.682
3853.000	-2.683
3854.000	-2.684
3855.000	-2.685
3856.000	-2.686
3857.000	-2.686
3858.000	-2.687
3859.000	-2.688
3860.000	-2.689
3861.000	-2.690
3862.000	-2.691
3863.000	-2.692
3864.000	-2.692
3865.000	-2.693
3866.000	-2.694
3867.000	-2.695
3868.000	-2.696
3869.000	-2.697
3870.000	-2.698
3871.000	-2.698
3872.000	-2.699
3873.000	-2.700
3874.000	-2.701
3875.000	-2.702
3876.000	-2.703
3877.000	-2.704
3878.000	-2.704
3879.000	-2.705
3880.000	-2.706
3881.000	-2.707
3882.000	-2.708
3883.000	-2.709
3884.000	-2.709
3885.000	-2.710
3886.000	-2.711
3887.000	-2.712
3888.000	-2.713
3889.000	-2.714
3890.000	-2.715
3891.000	-2.715
3892.000	-2.716
3893.000	-2.717
3894.000	-2.718
3895.000	-2.719
3896.000	-2.720
3897.000	-2.721
3898.000	-2.721
3899.000	-2.722
3900.000	-2.723
3901.000	-2.724
3902.000	-2.725
3903.000	-2.726
3904.000	-2.727
3905.000	-2.727
3906.000	-2.728
3907.000	-2.729
3908.000	-2.730
3909.000	-2.731
3910.000	-2.732
3911.000	-2.732
3912.000	-2.733
3913.000	-2.734
3914.000	-2.735
3915.000	-2.736
3916.000	-2.737
3917.000	-2.738
3918.000	-2.738
3919.000	-2.739
3920.000	-2.740
3921.000	-2.741
3922.000	-2.742
3923.000	-2.743
3924.000	-2.744
3925.000	-2.744
3926.000	-2.745
3927.000	-2.746
3928.000	-2.747
3929.000	-2.748
3930.000	-2.749
3931.000	-2.750
3932.000	-2.750
3933.000	-2.751
3934.000	-2.752
3935.000	-2.753
3936.000	-2.754
3937.000	-2.755
3938.000	-2.755
3939.000	-2.756
3940.000	-2.757
3941.000	-2.758
3942.000	-2.759
3943.000	-2.760
3944.000	-2.761
3945.000	-2.761
3946.000	-2.762
3947.000	-2.763
3948.000	-2.764
3949.000	-2.765
3950.000	-2.766
3951.000	-2.767
3952.000	-2.767
3953.000	-2.768
3954.000	-2.769
3955.000	-2.770
3956.000	-2.771
3957.000	-2.772
3958.000	-2.773
3959.000	-2.773
3960.000	-2.774
3961.000	-2.775
3962.000	-2.776
3963.000	-2.777
3964.000	-2.778
3965.000	-2.778
3966.000	-2.779
3967.000	-2.780
3968.000	-2.781
3969.000	-2.782
3970.000	-2.783
3971.000	-2.784
3972.000	-2.784
3973.000	-2.785
3974.000	-2.786
3975.000	-2.787
3976.000	-2.788
3977.000	-2.789
3978.000	-2.790
3979.000	-2.790
3980.000	-2.791
3981.000	-2.792
3982.000	-2.793
3983.000	-2.794
3984.000	-2.795
3985.000	-2.796
3986.000	-2.796
3987.000	-2.797
3988.000	-2.798
3989.000	-2.799
3990.000	-2.800
3991.000	-2.801
3992.000	-2.801
3993.000	-2.802
3994.000	-2.803
3995.000	-2.804
3996.000	-2.805
3997.000	-2.806
3998.000	-2.807
3999.000	-2.807
4000.000	-2.808
4001.000	-2.809
4002.000	-2.810
4003.000	-2.811
4004.000	-2.812
4005.000	-2.813
4006.000	-2.813
4007.000	-2.814
4008.000	-2.815
4009.000	-2.816
4010.000	-2.817
4011.000	-2.818
4012.000	-2.819
4013.000	-2.819
4014.000	-2.820
4015.000	-2.821
4016.000	-2.822
4017.000	-2.823
4018.000	-2.824
4019.000	-2.824
4020.000	-2.825
4021.000	-2.826
4022.000	-2.827
4023.000	-2.828
4024.000	-2.829
4025.000	-2.830
4026.000	-2.830
4027.000	-2.831
4028.000	-2.832
4029.000	-2.833
4030.000	-2.834
4031.000	-2.835
4032.000	-2.836
4033.000	-2.836
4034.000	-2.837
4035.000	-2.838
4036.000	-2.839
4037.000	-2.840
4038.000	-2.841
4039.000	-2.842
4040.000	-2.842
4041.000	-2.843
4042.000	-2.844
4043.000	-2.845
4044.000	-2.846
4045.000	-2.847
4046.000	-2.848
4047.000	-2.871
4048.000	-2.872
4049.000	-2.873
4050.000	-2.873
4051.000	-2.874
4052.000	-2.875
4053.000	-2.876
4054.000	-2.877
4055.000	-2.878
4056.000	-2.878
4057.000	-2.879
4058.000	-2.880
4059.000	-2.881
4060.000	-2.882
4061.000	-2.883
4062.000	-2.884
4063.000	-2.884
4064.000	-2.885
4065.000	-2.886
4066.000	-2.887
4067.000	-2.888
4068.000	-2.889
4069.000	-2.890
4070.000	-2.890
4071.000	-2.891
4072.000	-2.892
4073.000	-2.893
4074.000	-2.894
4075.000	-2.895
4076.000	-2.896
4077.000	-2.896
4078.000	-2.897
4079.000	-2.898
4080.000	-2.899
4081.000	-2.900
4082.000	-2.901
4083.000	-2.901
4084.000	-2.902
4085.000	-2.903
4086.000	-2.904
4087.000	-2.905
4088.000	-2.906
4089.000	-2.907
4090.000	-2.907
4091.000	-2.908
4092.000	-2.909
4093.000	-2.910
4094.000	-2.911
4095.000	0.000
