0.000	21.413
1.000	21.413
2.000	21.413
3.000	21.413
4.000	21.413
5.000	21.407
6.000	21.407
7.000	21.398
8.000	18.850
9.000	18.850
10.000	18.850
11.000	18.850
12.000	18.850
13.000	18.850
14.000	18.850
15.000	18.850
16.000	18.850
17.000	18.772
18.000	18.772
19.000	18.694
20.000	18.617
21.000	18.541
22.000	18.466
23.000	18.391
24.000	18.315
25.000	18.240
26.000	18.240
27.000	18.240
28.000	18.240
29.000	18.240
30.000	18.240
31.000	18.240
32.000	18.240
33.000	18.240
34.000	18.240
35.000	18.240
36.000	18.240
37.000	18.240
38.000	18.240
39.000	18.240
40.000	18.240
41.000	18.240
42.000	18.240
43.000	18.240
44.000	18.240
45.000	18.240
46.000	18.240
47.000	18.240
48.000	18.240
49.000	18.240
50.000	18.240
51.000	18.240
52.000	18.240
53.000	18.240
54.000	18.240
55.000	18.240
56.000	18.240
57.000	18.240
58.000	18.240
59.000	18.240
60.000	18.240
61.000	18.240
62.000	18.240
63.000	18.240
64.000	18.240
65.000	18.240
66.000	18.240
67.000	18.240
68.000	18.240
69.000	18.240
70.000	18.240
71.000	18.240
72.000	18.240
73.000	18.240
74.000	18.240
75.000	18.240
76.000	18.240
77.000	18.240
78.000	18.240
79.000	18.240
80.000	18.240
81.000	18.240
82.000	18.240
83.000	18.240
84.000	18.240
85.000	18.240
86.000	18.240
87.000	18.240
88.000	18.240
89.000	18.240
90.000	18.240
91.000	18.240
92.000	18.240
93.000	18.240
94.000	18.240
95.000	18.240
96.000	18.240
97.000	18.240
98.000	18.240
99.000	18.240
100.000	18.240
101.000	18.240
102.000	18.240
103.000	18.240
104.000	18.240
105.000	18.240
106.000	18.240
107.000	18.240
108.000	18.240
109.000	18.240
110.000	18.240
111.000	18.240
112.000	18.240
113.000	18.240
114.000	18.240
115.000	18.240
116.000	18.240
117.000	18.240
118.000	18.240
119.000	18.240
120.000	18.240
121.000	18.240
122.000	18.240
123.000	18.240
124.000	18.240
125.000	18.240
126.000	18.240
127.000	18.240
128.000	18.240
129.000	18.240
130.000	18.240
131.000	18.240
132.000	18.240
133.000	18.240
134.000	18.240
135.000	18.240
136.000	18.240
137.000	18.240
138.000	18.240
139.000	18.240
140.000	18.240
141.000	18.240
142.000	18.240
143.000	18.240
144.000	18.240
145.000	18.240
146.000	18.240
147.000	18.240
148.000	18.240
149.000	18.240
150.000	18.240
151.000	18.240
152.000	18.240
153.000	18.240
154.000	18.240
155.000	18.240
156.000	18.240
157.000	18.240
158.000	18.240
159.000	18.240
160.000	18.240
161.000	18.240
162.000	18.240
163.000	18.240
164.000	18.240
165.000	18.240
166.000	18.240
167.000	18.240
168.000	18.240
169.000	18.240
170.000	18.240
171.000	18.240
172.000	18.240
173.000	18.240
174.000	18.240
175.000	18.240
176.000	18.240
177.000	18.240
178.000	18.240
179.000	18.240
180.000	18.240
181.000	18.240
182.000	18.240
183.000	18.240
184.000	18.240
185.000	18.240
186.000	18.240
187.000	18.240
188.000	18.191
189.000	18.142
190.000	18.093
191.000	18.044
192.000	17.995
193.000	17.946
194.000	17.898
195.000	17.849
196.000	17.849
197.000	17.801
198.000	17.752
199.000	17.704
200.000	17.656
201.000	17.608
202.000	17.560
203.000	17.512
204.000	17.464
205.000	17.417
206.000	17.369
207.000	17.369
208.000	17.322
209.000	17.275
210.000	17.227
211.000	17.215
212.000	17.215
213.000	17.215
214.000	17.215
215.000	17.215
216.000	17.215
217.000	17.215
218.000	17.215
219.000	17.169
220.000	17.122
221.000	17.076
222.000	17.031
223.000	16.985
224.000	16.939
225.000	16.894
226.000	16.848
227.000	16.803
228.000	16.758
229.000	16.757
230.000	16.712
231.000	16.667
232.000	16.621
233.000	16.577
234.000	16.532
235.000	16.488
236.000	16.443
237.000	16.399
238.000	16.354
239.000	16.310
240.000	16.266
241.000	16.265
242.000	16.221
243.000	16.177
244.000	16.133
245.000	16.090
246.000	16.046
247.000	16.003
248.000	15.959
249.000	15.916
250.000	15.873
251.000	15.830
252.000	15.828
253.000	15.785
254.000	15.742
255.000	15.700
256.000	15.657
257.000	15.610
258.000	15.609
259.000	15.608
260.000	15.606
261.000	15.605
262.000	15.604
263.000	15.602
264.000	15.601
265.000	15.600
266.000	15.598
267.000	15.597
268.000	15.596
269.000	15.595
270.000	15.593
271.000	15.592
272.000	15.591
273.000	15.589
274.000	15.588
275.000	15.587
276.000	15.585
277.000	15.584
278.000	15.583
279.000	15.581
280.000	15.579
281.000	15.577
282.000	15.575
283.000	15.538
284.000	15.502
285.000	15.501
286.000	15.465
287.000	15.428
288.000	15.392
289.000	15.356
290.000	15.321
291.000	15.285
292.000	15.249
293.000	15.213
294.000	15.178
295.000	15.143
296.000	15.141
297.000	15.106
298.000	15.071
299.000	15.035
300.000	15.000
301.000	14.965
302.000	14.930
303.000	14.895
304.000	14.860
305.000	14.826
306.000	14.791
307.000	14.757
308.000	14.755
309.000	14.721
310.000	14.686
311.000	14.652
312.000	14.618
313.000	14.584
314.000	14.549
315.000	14.515
316.000	14.481
317.000	14.448
318.000	14.414
319.000	14.412
320.000	14.379
321.000	14.345
322.000	14.311
323.000	14.278
324.000	14.245
325.000	14.211
326.000	14.178
327.000	14.145
328.000	14.112
329.000	14.078
330.000	14.077
331.000	14.044
332.000	14.011
333.000	13.978
334.000	13.946
335.000	13.913
336.000	13.880
337.000	13.847
338.000	13.815
339.000	13.783
340.000	13.750
341.000	13.749
342.000	13.717
343.000	13.684
344.000	13.652
345.000	13.620
346.000	13.588
347.000	13.556
348.000	13.524
349.000	13.492
350.000	13.460
351.000	13.428
352.000	13.427
353.000	13.395
354.000	13.363
355.000	13.332
356.000	13.300
357.000	13.269
358.000	13.238
359.000	13.206
360.000	13.175
361.000	13.144
362.000	13.113
363.000	13.111
364.000	13.080
365.000	13.049
366.000	13.018
367.000	12.988
368.000	12.957
369.000	12.927
370.000	12.898
371.000	12.896
372.000	12.895
373.000	12.894
374.000	12.892
375.000	12.891
376.000	12.890
377.000	12.888
378.000	12.887
379.000	12.886
380.000	12.885
381.000	12.883
382.000	12.882
383.000	12.881
384.000	12.879
385.000	12.878
386.000	12.877
387.000	12.875
388.000	12.874
389.000	12.873
390.000	12.872
391.000	12.870
392.000	12.869
393.000	12.868
394.000	12.866
395.000	12.865
396.000	12.864
397.000	12.862
398.000	12.861
399.000	12.860
400.000	12.859
401.000	12.857
402.000	12.856
403.000	12.855
404.000	12.853
405.000	12.852
406.000	12.851
407.000	12.849
408.000	12.848
409.000	12.847
410.000	12.846
411.000	12.844
412.000	12.842
413.000	12.840
414.000	12.838
415.000	12.835
416.000	12.830
417.000	12.799
418.000	12.768
419.000	12.767
420.000	12.736
421.000	12.705
422.000	12.674
423.000	12.643
424.000	12.612
425.000	12.581
426.000	12.551
427.000	12.520
428.000	12.490
429.000	12.459
430.000	12.458
431.000	12.428
432.000	12.397
433.000	12.367
434.000	12.337
435.000	12.307
436.000	12.277
437.000	12.247
438.000	12.217
439.000	12.187
440.000	12.157
441.000	12.156
442.000	12.126
443.000	12.097
444.000	12.067
445.000	12.038
446.000	12.008
447.000	11.979
448.000	11.950
449.000	11.920
450.000	11.891
451.000	11.862
452.000	11.833
453.000	11.832
454.000	11.803
455.000	11.774
456.000	11.745
457.000	11.716
458.000	11.687
459.000	11.659
460.000	11.630
461.000	11.602
462.000	11.573
463.000	11.545
464.000	11.545
465.000	11.516
466.000	11.488
467.000	11.460
468.000	11.432
469.000	11.404
470.000	11.376
471.000	11.347
472.000	11.320
473.000	11.292
474.000	11.264
475.000	11.264
476.000	11.236
477.000	11.208
478.000	11.181
479.000	11.153
480.000	11.126
481.000	11.098
482.000	11.071
483.000	11.043
484.000	11.016
485.000	10.989
486.000	10.989
487.000	10.962
488.000	10.935
489.000	10.907
490.000	10.880
491.000	10.854
492.000	10.827
493.000	10.800
494.000	10.773
495.000	10.746
496.000	10.720
497.000	10.720
498.000	10.693
499.000	10.666
500.000	10.640
501.000	10.613
502.000	10.587
503.000	10.560
504.000	10.534
505.000	10.508
506.000	10.482
507.000	10.456
508.000	10.456
509.000	10.429
510.000	10.403
511.000	10.377
512.000	10.351
513.000	10.326
514.000	10.300
515.000	10.274
516.000	10.248
517.000	10.223
518.000	10.197
519.000	10.171
520.000	10.171
521.000	10.146
522.000	10.120
523.000	10.095
524.000	10.070
525.000	10.045
526.000	10.020
527.000	9.995
528.000	9.971
529.000	9.948
530.000	9.925
531.000	9.925
532.000	9.925
533.000	9.925
534.000	9.925
535.000	9.925
536.000	9.925
537.000	9.925
538.000	9.925
539.000	9.925
540.000	9.925
541.000	9.925
542.000	9.925
543.000	9.925
544.000	9.925
545.000	9.925
546.000	9.925
547.000	9.925
548.000	9.925
549.000	9.925
550.000	9.925
551.000	9.925
552.000	9.925
553.000	9.925
554.000	9.925
555.000	9.925
556.000	9.925
557.000	9.925
558.000	9.925
559.000	9.925
560.000	9.925
561.000	9.925
562.000	9.925
563.000	9.925
564.000	9.925
565.000	9.925
566.000	9.925
567.000	9.925
568.000	9.925
569.000	9.925
570.000	9.925
571.000	9.925
572.000	9.925
573.000	9.925
574.000	9.925
575.000	9.925
576.000	9.925
577.000	9.925
578.000	9.925
579.000	9.925
580.000	9.925
581.000	9.925
582.000	9.925
583.000	9.925
584.000	9.925
585.000	9.925
586.000	9.925
587.000	9.925
588.000	9.925
589.000	9.925
590.000	9.925
591.000	9.925
592.000	9.925
593.000	9.925
594.000	9.925
595.000	9.925
596.000	9.925
597.000	9.925
598.000	9.925
599.000	9.925
600.000	9.925
601.000	9.925
602.000	9.925
603.000	9.925
604.000	9.925
605.000	9.925
606.000	9.925
607.000	9.925
608.000	9.925
609.000	9.925
610.000	9.925
611.000	9.925
612.000	9.925
613.000	9.925
614.000	9.925
615.000	9.925
616.000	9.925
617.000	9.925
618.000	9.925
619.000	9.925
620.000	9.925
621.000	9.925
622.000	9.925
623.000	9.925
624.000	9.925
625.000	9.925
626.000	9.925
627.000	9.925
628.000	9.925
629.000	9.925
630.000	9.925
631.000	9.925
632.000	9.925
633.000	9.925
634.000	9.925
635.000	9.925
636.000	9.925
637.000	9.925
638.000	9.925
639.000	9.925
640.000	9.925
641.000	9.925
642.000	9.925
643.000	9.925
644.000	9.925
645.000	9.925
646.000	9.925
647.000	9.925
648.000	9.925
649.000	9.925
650.000	9.925
651.000	9.925
652.000	9.925
653.000	9.925
654.000	9.925
655.000	9.925
656.000	9.925
657.000	9.925
658.000	9.925
659.000	9.925
660.000	9.925
661.000	9.925
662.000	9.925
663.000	9.925
664.000	9.925
665.000	9.925
666.000	9.925
667.000	9.925
668.000	9.925
669.000	9.925
670.000	9.925
671.000	9.925
672.000	9.925
673.000	9.925
674.000	9.925
675.000	9.925
676.000	9.925
677.000	9.925
678.000	9.925
679.000	9.925
680.000	9.925
681.000	9.925
682.000	9.925
683.000	9.925
684.000	9.925
685.000	9.925
686.000	9.925
687.000	9.925
688.000	9.925
689.000	9.925
690.000	9.925
691.000	9.925
692.000	9.925
693.000	9.925
694.000	9.925
695.000	9.925
696.000	9.925
697.000	9.925
698.000	9.925
699.000	9.925
700.000	9.925
701.000	9.925
702.000	9.925
703.000	9.925
704.000	9.925
705.000	9.925
706.000	9.925
707.000	9.924
708.000	9.924
709.000	9.924
710.000	9.924
711.000	9.923
712.000	9.923
713.000	9.922
714.000	9.922
715.000	9.921
716.000	9.921
717.000	9.920
718.000	9.900
719.000	9.880
720.000	9.880
721.000	9.860
722.000	9.841
723.000	9.821
724.000	9.801
725.000	9.782
726.000	9.762
727.000	9.742
728.000	9.723
729.000	9.703
730.000	9.684
731.000	9.684
732.000	9.664
733.000	9.645
734.000	9.625
735.000	9.606
736.000	9.586
737.000	9.567
738.000	9.548
739.000	9.528
740.000	9.509
741.000	9.490
742.000	9.470
743.000	9.470
744.000	9.451
745.000	9.432
746.000	9.413
747.000	9.394
748.000	9.374
749.000	9.355
750.000	9.336
751.000	9.317
752.000	9.298
753.000	9.279
754.000	9.279
755.000	9.260
756.000	9.241
757.000	9.222
758.000	9.203
759.000	9.184
760.000	9.165
761.000	9.146
762.000	9.127
763.000	9.109
764.000	9.090
765.000	9.090
766.000	9.071
767.000	9.052
768.000	9.033
769.000	9.015
770.000	8.996
771.000	8.977
772.000	8.959
773.000	8.940
774.000	8.921
775.000	8.903
776.000	8.903
777.000	8.884
778.000	8.866
779.000	8.847
780.000	8.829
781.000	8.810
782.000	8.792
783.000	8.773
784.000	8.755
785.000	8.736
786.000	8.718
787.000	8.718
788.000	8.700
789.000	8.681
790.000	8.663
791.000	8.645
792.000	8.626
793.000	8.608
794.000	8.590
795.000	8.571
796.000	8.553
797.000	8.535
798.000	8.535
799.000	8.517
800.000	8.499
801.000	8.481
802.000	8.463
803.000	8.445
804.000	8.426
805.000	8.408
806.000	8.390
807.000	8.372
808.000	8.354
809.000	8.337
810.000	8.337
811.000	8.319
812.000	8.301
813.000	8.283
814.000	8.265
815.000	8.247
816.000	8.229
817.000	8.211
818.000	8.194
819.000	8.176
820.000	8.158
821.000	8.158
822.000	8.140
823.000	8.123
824.000	8.105
825.000	8.087
826.000	8.070
827.000	8.052
828.000	8.034
829.000	8.017
830.000	7.999
831.000	7.982
832.000	7.982
833.000	7.964
834.000	7.947
835.000	7.929
836.000	7.912
837.000	7.894
838.000	7.877
839.000	7.859
840.000	7.842
841.000	7.825
842.000	7.807
843.000	7.807
844.000	7.790
845.000	7.773
846.000	7.755
847.000	7.738
848.000	7.721
849.000	7.703
850.000	7.686
851.000	7.669
852.000	7.652
853.000	7.635
854.000	7.635
855.000	7.617
856.000	7.600
857.000	7.583
858.000	7.566
859.000	7.549
860.000	7.532
861.000	7.515
862.000	7.498
863.000	7.481
864.000	7.464
865.000	7.464
866.000	7.447
867.000	7.430
868.000	7.413
869.000	7.396
870.000	7.379
871.000	7.362
872.000	7.345
873.000	7.328
874.000	7.312
875.000	7.295
876.000	7.295
877.000	7.278
878.000	7.261
879.000	7.244
880.000	7.228
881.000	7.212
882.000	7.195
883.000	7.179
884.000	7.163
885.000	7.146
886.000	7.130
887.000	7.114
888.000	7.114
889.000	7.098
890.000	7.082
891.000	7.066
892.000	7.066
893.000	7.066
894.000	7.066
895.000	7.066
896.000	7.066
897.000	7.066
898.000	7.066
899.000	7.066
900.000	7.066
901.000	7.066
902.000	7.066
903.000	7.066
904.000	7.066
905.000	7.066
906.000	7.066
907.000	7.066
908.000	7.066
909.000	7.066
910.000	7.066
911.000	7.066
912.000	7.066
913.000	7.066
914.000	7.066
915.000	7.066
916.000	7.066
917.000	7.066
918.000	7.066
919.000	7.066
920.000	7.066
921.000	7.066
922.000	7.066
923.000	7.066
924.000	7.066
925.000	7.066
926.000	7.066
927.000	7.066
928.000	7.066
929.000	7.066
930.000	7.066
931.000	7.066
932.000	7.066
933.000	7.066
934.000	7.066
935.000	7.066
936.000	7.066
937.000	7.066
938.000	7.066
939.000	7.066
940.000	7.066
941.000	7.066
942.000	7.066
943.000	7.066
944.000	7.066
945.000	7.066
946.000	7.066
947.000	7.066
948.000	7.066
949.000	7.066
950.000	7.066
951.000	7.066
952.000	7.066
953.000	7.066
954.000	7.066
955.000	7.066
956.000	7.066
957.000	7.066
958.000	7.066
959.000	7.066
960.000	7.066
961.000	7.066
962.000	7.066
963.000	7.066
964.000	7.066
965.000	7.066
966.000	7.066
967.000	7.066
968.000	7.066
969.000	7.066
970.000	7.066
971.000	7.066
972.000	7.066
973.000	7.066
974.000	7.066
975.000	7.066
976.000	7.066
977.000	7.066
978.000	7.066
979.000	7.066
980.000	7.066
981.000	7.066
982.000	7.066
983.000	7.066
984.000	7.066
985.000	7.066
986.000	7.066
987.000	7.066
988.000	7.066
989.000	7.066
990.000	7.066
991.000	7.066
992.000	7.066
993.000	7.066
994.000	7.066
995.000	7.066
996.000	7.066
997.000	7.066
998.000	7.066
999.000	7.066
1000.000	7.066
1001.000	7.066
1002.000	7.066
1003.000	7.066
1004.000	7.066
1005.000	7.066
1006.000	7.066
1007.000	7.066
1008.000	7.066
1009.000	7.066
1010.000	7.066
1011.000	7.066
1012.000	7.066
1013.000	7.066
1014.000	7.066
1015.000	7.066
1016.000	7.066
1017.000	7.066
1018.000	7.066
1019.000	7.066
1020.000	7.066
1021.000	7.066
1022.000	7.066
1023.000	7.066
1024.000	7.066
1025.000	7.066
1026.000	7.066
1027.000	7.066
1028.000	7.066
1029.000	7.066
1030.000	7.066
1031.000	7.066
1032.000	7.066
1033.000	7.066
1034.000	7.066
1035.000	7.066
1036.000	7.066
1037.000	7.066
1038.000	7.066
1039.000	7.066
1040.000	7.066
1041.000	7.066
1042.000	7.066
1043.000	7.066
1044.000	7.066
1045.000	7.066
1046.000	7.066
1047.000	7.066
1048.000	7.066
1049.000	7.066
1050.000	7.066
1051.000	7.066
1052.000	7.066
1053.000	7.066
1054.000	7.066
1055.000	7.066
1056.000	7.066
1057.000	7.066
1058.000	7.066
1059.000	7.066
1060.000	7.066
1061.000	7.066
1062.000	7.066
1063.000	7.066
1064.000	7.066
1065.000	7.066
1066.000	7.066
1067.000	7.066
1068.000	7.066
1069.000	7.066
1070.000	7.066
1071.000	7.066
1072.000	7.066
1073.000	7.066
1074.000	7.066
1075.000	7.066
1076.000	7.066
1077.000	7.066
1078.000	7.066
1079.000	7.066
1080.000	7.066
1081.000	7.066
1082.000	7.066
1083.000	7.066
1084.000	7.066
1085.000	7.066
1086.000	7.066
1087.000	7.066
1088.000	7.066
1089.000	7.066
1090.000	7.066
1091.000	7.066
1092.000	7.066
1093.000	7.066
1094.000	7.066
1095.000	7.066
1096.000	7.066
1097.000	7.066
1098.000	7.066
1099.000	7.066
1100.000	7.066
1101.000	7.066
1102.000	7.066
1103.000	7.066
1104.000	7.066
1105.000	7.066
1106.000	7.066
1107.000	7.066
1108.000	7.066
1109.000	7.066
1110.000	7.066
1111.000	7.066
1112.000	7.066
1113.000	7.066
1114.000	7.066
1115.000	7.066
1116.000	7.066
1117.000	7.066
1118.000	7.066
1119.000	7.066
1120.000	7.066
1121.000	7.066
1122.000	7.066
1123.000	7.066
1124.000	7.066
1125.000	7.066
1126.000	7.066
1127.000	7.066
1128.000	7.066
1129.000	7.066
1130.000	7.066
1131.000	7.066
1132.000	7.066
1133.000	7.066
1134.000	7.066
1135.000	7.066
1136.000	7.066
1137.000	7.066
1138.000	7.066
1139.000	7.066
1140.000	7.066
1141.000	7.066
1142.000	7.066
1143.000	7.066
1144.000	7.066
1145.000	7.066
1146.000	7.066
1147.000	7.066
1148.000	7.066
1149.000	7.066
1150.000	7.066
1151.000	7.066
1152.000	7.066
1153.000	7.066
1154.000	7.066
1155.000	7.066
1156.000	7.066
1157.000	7.066
1158.000	7.066
1159.000	7.066
1160.000	7.066
1161.000	7.066
1162.000	7.066
1163.000	7.066
1164.000	7.066
1165.000	7.066
1166.000	7.066
1167.000	7.066
1168.000	7.066
1169.000	7.066
1170.000	7.066
1171.000	7.066
1172.000	7.066
1173.000	7.066
1174.000	7.066
1175.000	7.066
1176.000	7.066
1177.000	7.066
1178.000	7.066
1179.000	7.066
1180.000	7.066
1181.000	7.066
1182.000	7.066
1183.000	7.066
1184.000	7.066
1185.000	7.066
1186.000	7.066
1187.000	7.066
1188.000	7.066
1189.000	7.066
1190.000	7.066
1191.000	7.066
1192.000	7.066
1193.000	7.066
1194.000	7.066
1195.000	7.066
1196.000	7.066
1197.000	7.066
1198.000	7.066
1199.000	7.066
1200.000	7.066
1201.000	7.066
1202.000	7.066
1203.000	7.066
1204.000	7.066
1205.000	7.066
1206.000	7.066
1207.000	7.066
1208.000	7.066
1209.000	7.066
1210.000	7.066
1211.000	7.066
1212.000	7.066
1213.000	7.066
1214.000	7.066
1215.000	7.066
1216.000	7.066
1217.000	7.066
1218.000	7.066
1219.000	7.066
1220.000	7.066
1221.000	7.066
1222.000	7.066
1223.000	7.066
1224.000	7.066
1225.000	7.066
1226.000	7.066
1227.000	7.066
1228.000	7.066
1229.000	7.066
1230.000	7.066
1231.000	7.066
1232.000	7.066
1233.000	7.066
1234.000	7.066
1235.000	7.066
1236.000	7.066
1237.000	7.066
1238.000	7.066
1239.000	7.066
1240.000	7.066
1241.000	7.066
1242.000	7.066
1243.000	7.066
1244.000	7.066
1245.000	7.066
1246.000	7.066
1247.000	7.066
1248.000	7.066
1249.000	7.066
1250.000	7.066
1251.000	7.066
1252.000	7.066
1253.000	7.066
1254.000	7.066
1255.000	7.066
1256.000	7.066
1257.000	7.066
1258.000	7.066
1259.000	7.066
1260.000	7.066
1261.000	7.066
1262.000	7.066
1263.000	7.066
1264.000	7.066
1265.000	7.066
1266.000	7.066
1267.000	7.066
1268.000	7.066
1269.000	7.066
1270.000	7.066
1271.000	7.066
1272.000	7.066
1273.000	7.066
1274.000	7.066
1275.000	7.066
1276.000	7.066
1277.000	7.066
1278.000	7.066
1279.000	7.066
1280.000	7.066
1281.000	7.066
1282.000	7.066
1283.000	7.066
1284.000	7.066
1285.000	7.066
1286.000	7.066
1287.000	7.066
1288.000	7.066
1289.000	7.066
1290.000	7.066
1291.000	7.066
1292.000	7.066
1293.000	7.066
1294.000	7.066
1295.000	7.066
1296.000	7.066
1297.000	7.066
1298.000	7.066
1299.000	7.066
1300.000	7.066
1301.000	7.066
1302.000	7.066
1303.000	7.066
1304.000	7.066
1305.000	7.066
1306.000	7.066
1307.000	7.066
1308.000	7.066
1309.000	7.066
1310.000	7.066
1311.000	7.066
1312.000	7.066
1313.000	7.066
1314.000	7.066
1315.000	7.066
1316.000	7.066
1317.000	7.066
1318.000	7.066
1319.000	7.066
1320.000	7.066
1321.000	7.066
1322.000	7.066
1323.000	7.066
1324.000	7.066
1325.000	7.066
1326.000	7.066
1327.000	7.066
1328.000	7.066
1329.000	7.066
1330.000	7.066
1331.000	7.066
1332.000	7.066
1333.000	7.066
1334.000	7.066
1335.000	7.066
1336.000	7.066
1337.000	7.066
1338.000	7.066
1339.000	7.066
1340.000	7.066
1341.000	7.066
1342.000	7.066
1343.000	7.066
1344.000	7.066
1345.000	7.066
1346.000	7.066
1347.000	7.066
1348.000	7.066
1349.000	7.066
1350.000	7.066
1351.000	7.066
1352.000	7.066
1353.000	7.066
1354.000	7.066
1355.000	7.066
1356.000	7.066
1357.000	7.066
1358.000	7.066
1359.000	7.066
1360.000	7.066
1361.000	7.066
1362.000	7.066
1363.000	7.066
1364.000	7.066
1365.000	7.066
1366.000	7.066
1367.000	7.066
1368.000	7.066
1369.000	7.066
1370.000	7.066
1371.000	7.066
1372.000	7.066
1373.000	7.066
1374.000	7.066
1375.000	7.066
1376.000	7.066
1377.000	7.066
1378.000	7.066
1379.000	7.066
1380.000	7.066
1381.000	7.066
1382.000	7.066
1383.000	7.066
1384.000	7.066
1385.000	7.066
1386.000	7.066
1387.000	7.066
1388.000	7.066
1389.000	7.066
1390.000	7.066
1391.000	7.066
1392.000	7.066
1393.000	7.066
1394.000	7.066
1395.000	7.066
1396.000	7.066
1397.000	7.066
1398.000	7.066
1399.000	7.066
1400.000	7.066
1401.000	7.066
1402.000	7.066
1403.000	7.066
1404.000	7.066
1405.000	7.066
1406.000	7.066
1407.000	7.066
1408.000	7.066
1409.000	7.066
1410.000	7.066
1411.000	7.066
1412.000	7.066
1413.000	7.066
1414.000	7.066
1415.000	7.066
1416.000	7.066
1417.000	7.066
1418.000	7.066
1419.000	7.066
1420.000	7.066
1421.000	7.066
1422.000	7.066
1423.000	7.066
1424.000	7.066
1425.000	7.066
1426.000	7.066
1427.000	7.066
1428.000	7.066
1429.000	7.066
1430.000	7.066
1431.000	7.066
1432.000	7.066
1433.000	7.066
1434.000	7.066
1435.000	7.066
1436.000	7.066
1437.000	7.066
1438.000	7.066
1439.000	7.066
1440.000	7.066
1441.000	7.066
1442.000	7.066
1443.000	7.066
1444.000	7.066
1445.000	7.066
1446.000	7.066
1447.000	7.066
1448.000	7.066
1449.000	7.066
1450.000	7.066
1451.000	7.066
1452.000	7.066
1453.000	7.066
1454.000	7.066
1455.000	7.066
1456.000	7.066
1457.000	7.066
1458.000	7.066
1459.000	7.066
1460.000	7.066
1461.000	7.066
1462.000	7.066
1463.000	7.066
1464.000	7.066
1465.000	7.066
1466.000	7.066
1467.000	7.066
1468.000	7.066
1469.000	7.066
1470.000	7.066
1471.000	7.066
1472.000	7.066
1473.000	7.066
1474.000	7.066
1475.000	7.066
1476.000	7.066
1477.000	7.066
1478.000	7.066
1479.000	7.066
1480.000	7.066
1481.000	7.066
1482.000	7.066
1483.000	7.066
1484.000	7.066
1485.000	7.066
1486.000	7.066
1487.000	7.066
1488.000	7.066
1489.000	7.066
1490.000	7.066
1491.000	7.066
1492.000	7.066
1493.000	7.066
1494.000	7.066
1495.000	7.066
1496.000	7.066
1497.000	7.066
1498.000	7.066
1499.000	7.066
1500.000	7.066
1501.000	7.066
1502.000	7.066
1503.000	7.066
1504.000	7.066
1505.000	7.066
1506.000	7.066
1507.000	7.066
1508.000	7.066
1509.000	7.066
1510.000	7.066
1511.000	7.066
1512.000	7.066
1513.000	7.066
1514.000	7.066
1515.000	7.066
1516.000	7.066
1517.000	7.066
1518.000	7.066
1519.000	7.066
1520.000	7.066
1521.000	7.066
1522.000	7.066
1523.000	7.066
1524.000	7.066
1525.000	7.066
1526.000	7.066
1527.000	7.066
1528.000	7.066
1529.000	7.066
1530.000	7.066
1531.000	7.066
1532.000	7.066
1533.000	7.066
1534.000	7.066
1535.000	7.066
1536.000	7.066
1537.000	7.066
1538.000	7.066
1539.000	7.066
1540.000	7.066
1541.000	7.066
1542.000	7.066
1543.000	7.066
1544.000	7.066
1545.000	7.066
1546.000	7.066
1547.000	7.066
1548.000	7.066
1549.000	7.066
1550.000	7.066
1551.000	7.066
1552.000	7.066
1553.000	7.066
1554.000	7.066
1555.000	7.066
1556.000	7.066
1557.000	7.066
1558.000	7.066
1559.000	7.066
1560.000	7.066
1561.000	7.066
1562.000	7.066
1563.000	7.066
1564.000	7.066
1565.000	7.066
1566.000	7.066
1567.000	7.066
1568.000	7.066
1569.000	7.066
1570.000	7.066
1571.000	7.066
1572.000	7.066
1573.000	7.066
1574.000	7.066
1575.000	7.066
1576.000	7.066
1577.000	7.066
1578.000	7.066
1579.000	7.066
1580.000	7.066
1581.000	7.066
1582.000	7.066
1583.000	7.066
1584.000	7.066
1585.000	7.066
1586.000	7.066
1587.000	7.066
1588.000	7.066
1589.000	7.066
1590.000	7.066
1591.000	7.066
1592.000	7.066
1593.000	7.066
1594.000	7.066
1595.000	7.066
1596.000	7.066
1597.000	7.066
1598.000	7.066
1599.000	7.066
1600.000	7.066
1601.000	7.066
1602.000	7.066
1603.000	7.066
1604.000	7.066
1605.000	7.066
1606.000	7.066
1607.000	7.066
1608.000	7.066
1609.000	7.066
1610.000	7.066
1611.000	7.066
1612.000	7.066
1613.000	7.066
1614.000	7.066
1615.000	7.066
1616.000	7.066
1617.000	7.066
1618.000	7.066
1619.000	7.066
1620.000	7.066
1621.000	7.066
1622.000	7.066
1623.000	7.066
1624.000	7.066
1625.000	7.066
1626.000	7.066
1627.000	7.066
1628.000	7.066
1629.000	7.066
1630.000	7.066
1631.000	7.066
1632.000	7.066
1633.000	7.066
1634.000	7.066
1635.000	7.066
1636.000	7.066
1637.000	7.066
1638.000	7.066
1639.000	7.066
1640.000	7.066
1641.000	7.066
1642.000	7.066
1643.000	7.066
1644.000	7.066
1645.000	7.066
1646.000	7.066
1647.000	7.066
1648.000	7.066
1649.000	7.066
1650.000	7.066
1651.000	7.066
1652.000	7.066
1653.000	7.066
1654.000	7.066
1655.000	7.066
1656.000	7.066
1657.000	7.066
1658.000	7.066
1659.000	7.066
1660.000	7.066
1661.000	7.066
1662.000	7.066
1663.000	7.066
1664.000	7.066
1665.000	7.066
1666.000	7.066
1667.000	7.066
1668.000	7.066
1669.000	7.066
1670.000	7.066
1671.000	7.066
1672.000	7.066
1673.000	7.066
1674.000	7.066
1675.000	7.066
1676.000	7.066
1677.000	7.066
1678.000	7.066
1679.000	7.066
1680.000	7.066
1681.000	7.066
1682.000	7.066
1683.000	7.066
1684.000	7.066
1685.000	7.066
1686.000	7.066
1687.000	7.066
1688.000	7.066
1689.000	7.066
1690.000	7.066
1691.000	7.066
1692.000	7.066
1693.000	7.066
1694.000	7.066
1695.000	7.066
1696.000	7.066
1697.000	7.066
1698.000	7.066
1699.000	7.066
1700.000	7.066
1701.000	7.066
1702.000	7.066
1703.000	7.066
1704.000	7.066
1705.000	7.066
1706.000	7.066
1707.000	7.066
1708.000	7.066
1709.000	7.066
1710.000	7.066
1711.000	7.066
1712.000	7.066
1713.000	7.066
1714.000	7.066
1715.000	7.066
1716.000	7.066
1717.000	7.066
1718.000	7.066
1719.000	7.066
1720.000	7.066
1721.000	7.066
1722.000	7.066
1723.000	7.066
1724.000	7.066
1725.000	7.066
1726.000	7.066
1727.000	7.066
1728.000	7.066
1729.000	7.066
1730.000	7.066
1731.000	7.066
1732.000	7.066
1733.000	7.066
1734.000	7.066
1735.000	7.066
1736.000	7.066
1737.000	7.066
1738.000	7.066
1739.000	7.066
1740.000	7.066
1741.000	7.066
1742.000	7.066
1743.000	7.066
1744.000	7.066
1745.000	7.066
1746.000	7.066
1747.000	7.066
1748.000	7.066
1749.000	7.066
1750.000	7.066
1751.000	7.066
1752.000	7.066
1753.000	7.066
1754.000	7.066
1755.000	7.066
1756.000	7.066
1757.000	7.066
1758.000	7.066
1759.000	7.066
1760.000	7.066
1761.000	7.066
1762.000	7.066
1763.000	7.066
1764.000	7.066
1765.000	7.066
1766.000	7.066
1767.000	7.066
1768.000	7.066
1769.000	7.066
1770.000	7.066
1771.000	7.066
1772.000	7.066
1773.000	7.066
1774.000	7.066
1775.000	7.066
1776.000	7.066
1777.000	7.066
1778.000	7.066
1779.000	7.066
1780.000	7.066
1781.000	7.066
1782.000	7.066
1783.000	7.066
1784.000	7.066
1785.000	7.066
1786.000	7.066
1787.000	7.066
1788.000	7.066
1789.000	7.066
1790.000	7.066
1791.000	7.066
1792.000	7.066
1793.000	7.066
1794.000	7.066
1795.000	7.066
1796.000	7.066
1797.000	7.066
1798.000	7.066
1799.000	7.066
1800.000	7.066
1801.000	7.066
1802.000	7.066
1803.000	7.066
1804.000	7.066
1805.000	7.066
1806.000	7.066
1807.000	7.066
1808.000	7.066
1809.000	7.066
1810.000	7.066
1811.000	7.066
1812.000	7.066
1813.000	7.066
1814.000	7.066
1815.000	7.066
1816.000	7.066
1817.000	7.066
1818.000	7.066
1819.000	7.066
1820.000	7.066
1821.000	7.066
1822.000	7.066
1823.000	7.066
1824.000	7.066
1825.000	7.066
1826.000	7.066
1827.000	7.066
1828.000	7.066
1829.000	7.066
1830.000	7.066
1831.000	7.066
1832.000	7.066
1833.000	7.066
1834.000	7.066
1835.000	7.066
1836.000	7.066
1837.000	7.066
1838.000	7.066
1839.000	7.066
1840.000	7.066
1841.000	7.066
1842.000	7.066
1843.000	7.066
1844.000	7.066
1845.000	7.066
1846.000	7.066
1847.000	7.066
1848.000	7.066
1849.000	7.066
1850.000	7.066
1851.000	7.066
1852.000	7.066
1853.000	7.066
1854.000	7.066
1855.000	7.066
1856.000	7.066
1857.000	7.066
1858.000	7.066
1859.000	7.066
1860.000	7.066
1861.000	7.066
1862.000	7.066
1863.000	7.066
1864.000	7.066
1865.000	7.066
1866.000	7.066
1867.000	7.066
1868.000	7.066
1869.000	7.066
1870.000	7.066
1871.000	7.066
1872.000	7.066
1873.000	7.066
1874.000	7.066
1875.000	7.066
1876.000	7.066
1877.000	7.066
1878.000	7.066
1879.000	7.066
1880.000	7.066
1881.000	7.066
1882.000	7.066
1883.000	7.066
1884.000	7.066
1885.000	7.066
1886.000	7.066
1887.000	7.066
1888.000	7.066
1889.000	7.066
1890.000	7.066
1891.000	7.066
1892.000	7.066
1893.000	7.066
1894.000	7.066
1895.000	7.066
1896.000	7.066
1897.000	7.066
1898.000	7.066
1899.000	7.066
1900.000	7.066
1901.000	7.066
1902.000	7.066
1903.000	7.066
1904.000	7.066
1905.000	7.066
1906.000	7.066
1907.000	7.066
1908.000	7.066
1909.000	7.066
1910.000	7.066
1911.000	7.066
1912.000	7.066
1913.000	7.066
1914.000	7.066
1915.000	7.066
1916.000	7.066
1917.000	7.066
1918.000	7.066
1919.000	7.066
1920.000	7.066
1921.000	7.066
1922.000	7.066
1923.000	7.066
1924.000	7.066
1925.000	7.066
1926.000	7.066
1927.000	7.066
1928.000	7.066
1929.000	7.066
1930.000	7.066
1931.000	7.066
1932.000	7.066
1933.000	7.066
1934.000	7.066
1935.000	7.066
1936.000	7.066
1937.000	7.066
1938.000	7.066
1939.000	7.066
1940.000	7.066
1941.000	7.066
1942.000	7.066
1943.000	7.066
1944.000	7.066
1945.000	7.066
1946.000	7.066
1947.000	7.066
1948.000	7.066
1949.000	7.066
1950.000	7.066
1951.000	7.066
1952.000	7.066
1953.000	7.066
1954.000	7.066
1955.000	7.066
1956.000	7.066
1957.000	7.066
1958.000	7.066
1959.000	7.066
1960.000	7.066
1961.000	7.066
1962.000	7.066
1963.000	7.066
1964.000	7.066
1965.000	7.066
1966.000	7.066
1967.000	7.066
1968.000	7.066
1969.000	7.066
1970.000	7.066
1971.000	7.066
1972.000	7.066
1973.000	7.066
1974.000	7.066
1975.000	7.066
1976.000	7.066
1977.000	7.066
1978.000	7.066
1979.000	7.066
1980.000	7.066
1981.000	7.066
1982.000	7.066
1983.000	7.066
1984.000	7.066
1985.000	7.066
1986.000	7.066
1987.000	7.066
1988.000	7.066
1989.000	7.066
1990.000	7.066
1991.000	7.066
1992.000	7.066
1993.000	7.066
1994.000	7.066
1995.000	7.066
1996.000	7.066
1997.000	7.066
1998.000	7.066
1999.000	7.066
2000.000	7.066
2001.000	7.066
2002.000	7.066
2003.000	7.066
2004.000	7.066
2005.000	7.066
2006.000	7.066
2007.000	7.066
2008.000	7.066
2009.000	7.066
2010.000	7.066
2011.000	7.066
2012.000	7.066
2013.000	7.066
2014.000	7.066
2015.000	7.066
2016.000	7.066
2017.000	7.066
2018.000	7.066
2019.000	7.066
2020.000	7.066
2021.000	7.066
2022.000	7.066
2023.000	7.066
2024.000	7.066
2025.000	7.066
2026.000	7.066
2027.000	7.066
2028.000	7.066
2029.000	7.066
2030.000	7.066
2031.000	7.066
2032.000	7.066
2033.000	7.066
2034.000	7.066
2035.000	7.066
2036.000	7.066
2037.000	7.066
2038.000	7.066
2039.000	7.066
2040.000	7.066
2041.000	7.066
2042.000	7.066
2043.000	7.066
2044.000	7.066
2045.000	7.066
2046.000	7.066
2047.000	7.066
2048.000	7.066
2049.000	7.066
2050.000	7.066
2051.000	7.066
2052.000	7.066
2053.000	7.066
2054.000	7.066
2055.000	7.066
2056.000	7.066
2057.000	7.066
2058.000	7.066
2059.000	7.066
2060.000	7.066
2061.000	7.066
2062.000	7.066
2063.000	7.066
2064.000	7.066
2065.000	7.066
2066.000	7.066
2067.000	7.066
2068.000	7.066
2069.000	7.066
2070.000	7.066
2071.000	7.066
2072.000	7.066
2073.000	7.066
2074.000	7.066
2075.000	7.066
2076.000	7.066
2077.000	7.066
2078.000	7.066
2079.000	7.066
2080.000	7.066
2081.000	7.066
2082.000	7.066
2083.000	7.066
2084.000	7.066
2085.000	7.066
2086.000	7.066
2087.000	7.066
2088.000	7.066
2089.000	7.066
2090.000	7.066
2091.000	7.066
2092.000	7.066
2093.000	7.066
2094.000	7.066
2095.000	7.066
2096.000	7.066
2097.000	7.066
2098.000	7.066
2099.000	7.066
2100.000	7.066
2101.000	7.066
2102.000	7.066
2103.000	7.066
2104.000	7.066
2105.000	7.066
2106.000	7.066
2107.000	7.066
2108.000	7.066
2109.000	7.066
2110.000	7.066
2111.000	7.066
2112.000	7.066
2113.000	7.066
2114.000	7.066
2115.000	7.066
2116.000	7.066
2117.000	7.066
2118.000	7.066
2119.000	7.066
2120.000	7.066
2121.000	7.066
2122.000	7.066
2123.000	7.066
2124.000	7.066
2125.000	7.066
2126.000	7.066
2127.000	7.066
2128.000	7.066
2129.000	7.066
2130.000	7.066
2131.000	7.066
2132.000	7.066
2133.000	7.066
2134.000	7.066
2135.000	7.066
2136.000	7.066
2137.000	7.066
2138.000	7.066
2139.000	7.066
2140.000	7.066
2141.000	7.066
2142.000	7.066
2143.000	7.066
2144.000	7.066
2145.000	7.066
2146.000	7.066
2147.000	7.066
2148.000	7.066
2149.000	7.066
2150.000	7.066
2151.000	7.066
2152.000	7.066
2153.000	7.066
2154.000	7.066
2155.000	7.066
2156.000	7.066
2157.000	7.066
2158.000	7.066
2159.000	7.066
2160.000	7.066
2161.000	7.066
2162.000	7.066
2163.000	7.066
2164.000	7.066
2165.000	7.066
2166.000	7.066
2167.000	7.066
2168.000	7.066
2169.000	7.066
2170.000	7.066
2171.000	7.066
2172.000	7.066
2173.000	7.066
2174.000	7.066
2175.000	7.066
2176.000	7.066
2177.000	7.066
2178.000	7.066
2179.000	7.066
2180.000	7.066
2181.000	7.066
2182.000	7.066
2183.000	7.066
2184.000	7.066
2185.000	7.066
2186.000	7.066
2187.000	7.066
2188.000	7.066
2189.000	7.066
2190.000	7.066
2191.000	7.066
2192.000	7.066
2193.000	7.066
2194.000	7.066
2195.000	7.066
2196.000	7.066
2197.000	7.066
2198.000	7.066
2199.000	7.066
2200.000	7.066
2201.000	7.066
2202.000	7.066
2203.000	7.066
2204.000	7.066
2205.000	7.066
2206.000	7.066
2207.000	7.066
2208.000	7.066
2209.000	7.066
2210.000	7.066
2211.000	7.066
2212.000	7.066
2213.000	7.066
2214.000	7.066
2215.000	7.066
2216.000	7.066
2217.000	7.066
2218.000	7.066
2219.000	7.066
2220.000	7.066
2221.000	7.066
2222.000	7.066
2223.000	7.066
2224.000	7.066
2225.000	7.066
2226.000	7.066
2227.000	7.066
2228.000	7.066
2229.000	7.066
2230.000	7.066
2231.000	7.066
2232.000	7.066
2233.000	7.066
2234.000	7.066
2235.000	7.066
2236.000	7.066
2237.000	7.066
2238.000	7.066
2239.000	7.066
2240.000	7.066
2241.000	7.066
2242.000	7.066
2243.000	7.066
2244.000	7.066
2245.000	7.066
2246.000	7.066
2247.000	7.066
2248.000	7.066
2249.000	7.066
2250.000	7.066
2251.000	7.066
2252.000	7.066
2253.000	7.066
2254.000	7.066
2255.000	7.066
2256.000	7.066
2257.000	7.066
2258.000	7.066
2259.000	7.066
2260.000	7.066
2261.000	7.066
2262.000	7.066
2263.000	7.066
2264.000	7.066
2265.000	7.066
2266.000	7.066
2267.000	7.066
2268.000	7.066
2269.000	7.066
2270.000	7.066
2271.000	7.066
2272.000	7.066
2273.000	7.066
2274.000	7.066
2275.000	7.066
2276.000	7.066
2277.000	7.066
2278.000	7.066
2279.000	7.066
2280.000	7.066
2281.000	7.066
2282.000	7.066
2283.000	7.066
2284.000	7.066
2285.000	7.066
2286.000	7.066
2287.000	7.066
2288.000	7.066
2289.000	7.066
2290.000	7.066
2291.000	7.066
2292.000	7.066
2293.000	7.066
2294.000	7.066
2295.000	7.066
2296.000	7.066
2297.000	7.066
2298.000	7.066
2299.000	7.066
2300.000	7.066
2301.000	7.066
2302.000	7.066
2303.000	7.066
2304.000	7.066
2305.000	7.066
2306.000	7.066
2307.000	7.066
2308.000	7.066
2309.000	7.066
2310.000	7.066
2311.000	7.066
2312.000	7.066
2313.000	7.066
2314.000	7.066
2315.000	7.066
2316.000	7.066
2317.000	7.066
2318.000	7.066
2319.000	7.066
2320.000	7.066
2321.000	7.066
2322.000	7.066
2323.000	7.066
2324.000	7.066
2325.000	7.066
2326.000	7.066
2327.000	7.066
2328.000	7.066
2329.000	7.066
2330.000	7.066
2331.000	7.066
2332.000	7.066
2333.000	7.066
2334.000	7.066
2335.000	7.066
2336.000	7.066
2337.000	7.066
2338.000	7.066
2339.000	7.066
2340.000	7.066
2341.000	7.066
2342.000	7.066
2343.000	7.066
2344.000	7.066
2345.000	7.066
2346.000	7.066
2347.000	7.066
2348.000	7.066
2349.000	7.066
2350.000	7.066
2351.000	7.066
2352.000	7.066
2353.000	7.066
2354.000	7.066
2355.000	7.066
2356.000	7.066
2357.000	7.066
2358.000	7.066
2359.000	7.066
2360.000	7.066
2361.000	7.066
2362.000	7.066
2363.000	7.066
2364.000	7.066
2365.000	7.066
2366.000	7.066
2367.000	7.066
2368.000	7.066
2369.000	7.066
2370.000	7.066
2371.000	7.066
2372.000	7.066
2373.000	7.066
2374.000	7.066
2375.000	7.066
2376.000	7.066
2377.000	7.066
2378.000	7.066
2379.000	7.066
2380.000	7.066
2381.000	7.066
2382.000	7.066
2383.000	7.066
2384.000	7.066
2385.000	7.066
2386.000	7.066
2387.000	7.066
2388.000	7.066
2389.000	7.066
2390.000	7.066
2391.000	7.066
2392.000	7.066
2393.000	7.066
2394.000	7.066
2395.000	7.066
2396.000	7.066
2397.000	7.066
2398.000	7.066
2399.000	7.066
2400.000	7.066
2401.000	7.066
2402.000	7.066
2403.000	7.066
2404.000	7.066
2405.000	7.066
2406.000	7.066
2407.000	7.066
2408.000	7.066
2409.000	7.066
2410.000	7.066
2411.000	7.066
2412.000	7.066
2413.000	7.066
2414.000	7.066
2415.000	7.066
2416.000	7.066
2417.000	7.066
2418.000	7.066
2419.000	7.066
2420.000	7.066
2421.000	7.066
2422.000	7.066
2423.000	7.066
2424.000	7.066
2425.000	7.066
2426.000	7.066
2427.000	7.066
2428.000	7.066
2429.000	7.066
2430.000	7.066
2431.000	7.066
2432.000	7.066
2433.000	7.066
2434.000	7.066
2435.000	7.066
2436.000	7.066
2437.000	7.066
2438.000	7.066
2439.000	7.066
2440.000	7.066
2441.000	7.066
2442.000	7.066
2443.000	7.066
2444.000	7.066
2445.000	7.066
2446.000	7.066
2447.000	7.066
2448.000	7.066
2449.000	7.066
2450.000	7.066
2451.000	7.066
2452.000	7.066
2453.000	7.066
2454.000	7.066
2455.000	7.066
2456.000	7.066
2457.000	7.066
2458.000	7.066
2459.000	7.066
2460.000	7.066
2461.000	7.066
2462.000	7.066
2463.000	7.066
2464.000	7.066
2465.000	7.066
2466.000	7.066
2467.000	7.066
2468.000	7.066
2469.000	7.066
2470.000	7.066
2471.000	7.066
2472.000	7.066
2473.000	7.066
2474.000	7.066
2475.000	7.066
2476.000	7.066
2477.000	7.066
2478.000	7.066
2479.000	7.066
2480.000	7.066
2481.000	7.066
2482.000	7.066
2483.000	7.066
2484.000	7.066
2485.000	7.066
2486.000	7.066
2487.000	7.066
2488.000	7.066
2489.000	7.066
2490.000	7.066
2491.000	7.066
2492.000	7.066
2493.000	7.066
2494.000	7.066
2495.000	7.066
2496.000	7.066
2497.000	7.066
2498.000	7.066
2499.000	7.066
2500.000	7.066
2501.000	7.066
2502.000	7.066
2503.000	7.066
2504.000	7.066
2505.000	7.066
2506.000	7.066
2507.000	7.066
2508.000	7.066
2509.000	7.066
2510.000	7.066
2511.000	7.066
2512.000	7.066
2513.000	7.066
2514.000	7.066
2515.000	7.066
2516.000	7.066
2517.000	7.066
2518.000	7.066
2519.000	7.066
2520.000	7.066
2521.000	7.066
2522.000	7.066
2523.000	7.066
2524.000	7.066
2525.000	7.066
2526.000	7.066
2527.000	7.066
2528.000	7.066
2529.000	7.066
2530.000	7.066
2531.000	7.066
2532.000	7.066
2533.000	7.066
2534.000	7.066
2535.000	7.066
2536.000	7.066
2537.000	7.066
2538.000	7.066
2539.000	7.066
2540.000	7.066
2541.000	7.066
2542.000	7.066
2543.000	7.066
2544.000	7.066
2545.000	7.066
2546.000	7.066
2547.000	7.066
2548.000	7.066
2549.000	7.066
2550.000	7.066
2551.000	7.066
2552.000	7.066
2553.000	7.066
2554.000	7.066
2555.000	7.066
2556.000	7.066
2557.000	7.066
2558.000	7.066
2559.000	7.066
2560.000	7.066
2561.000	7.066
2562.000	7.066
2563.000	7.066
2564.000	7.066
2565.000	7.066
2566.000	7.066
2567.000	7.066
2568.000	7.066
2569.000	7.066
2570.000	7.066
2571.000	7.066
2572.000	7.066
2573.000	7.066
2574.000	7.066
2575.000	7.066
2576.000	7.066
2577.000	7.066
2578.000	7.066
2579.000	7.066
2580.000	7.066
2581.000	7.066
2582.000	7.066
2583.000	7.066
2584.000	7.066
2585.000	7.066
2586.000	7.066
2587.000	7.066
2588.000	7.066
2589.000	7.066
2590.000	7.066
2591.000	7.066
2592.000	7.066
2593.000	7.066
2594.000	7.066
2595.000	7.066
2596.000	7.066
2597.000	7.066
2598.000	7.066
2599.000	7.066
2600.000	7.066
2601.000	7.066
2602.000	7.066
2603.000	7.066
2604.000	7.066
2605.000	7.066
2606.000	7.066
2607.000	7.066
2608.000	7.066
2609.000	7.066
2610.000	7.066
2611.000	7.066
2612.000	7.066
2613.000	7.066
2614.000	7.066
2615.000	7.066
2616.000	7.066
2617.000	7.066
2618.000	7.066
2619.000	7.066
2620.000	7.066
2621.000	7.066
2622.000	7.066
2623.000	7.066
2624.000	7.066
2625.000	7.066
2626.000	7.066
2627.000	7.066
2628.000	7.066
2629.000	7.066
2630.000	7.066
2631.000	7.066
2632.000	7.066
2633.000	7.066
2634.000	7.066
2635.000	7.066
2636.000	7.066
2637.000	7.066
2638.000	7.066
2639.000	7.066
2640.000	7.066
2641.000	7.066
2642.000	7.066
2643.000	7.066
2644.000	7.066
2645.000	7.066
2646.000	7.066
2647.000	7.066
2648.000	7.066
2649.000	7.066
2650.000	7.066
2651.000	7.066
2652.000	7.066
2653.000	7.066
2654.000	7.066
2655.000	7.066
2656.000	7.066
2657.000	7.066
2658.000	7.066
2659.000	7.066
2660.000	7.066
2661.000	7.066
2662.000	7.066
2663.000	7.066
2664.000	7.066
2665.000	7.066
2666.000	7.066
2667.000	7.066
2668.000	7.066
2669.000	7.066
2670.000	7.066
2671.000	7.066
2672.000	7.066
2673.000	7.066
2674.000	7.066
2675.000	7.066
2676.000	7.066
2677.000	7.066
2678.000	7.066
2679.000	7.066
2680.000	7.066
2681.000	7.066
2682.000	7.066
2683.000	7.066
2684.000	7.066
2685.000	7.066
2686.000	7.066
2687.000	7.066
2688.000	7.066
2689.000	7.066
2690.000	7.066
2691.000	7.066
2692.000	7.066
2693.000	7.066
2694.000	7.066
2695.000	7.066
2696.000	7.066
2697.000	7.066
2698.000	7.066
2699.000	7.066
2700.000	7.066
2701.000	7.066
2702.000	7.066
2703.000	7.066
2704.000	7.066
2705.000	7.066
2706.000	7.066
2707.000	7.066
2708.000	7.066
2709.000	7.066
2710.000	7.066
2711.000	7.066
2712.000	7.066
2713.000	7.066
2714.000	7.066
2715.000	7.066
2716.000	7.066
2717.000	7.066
2718.000	7.066
2719.000	7.066
2720.000	7.066
2721.000	7.066
2722.000	7.066
2723.000	7.066
2724.000	7.066
2725.000	7.066
2726.000	7.066
2727.000	7.066
2728.000	7.066
2729.000	7.066
2730.000	7.066
2731.000	7.066
2732.000	7.066
2733.000	7.066
2734.000	7.066
2735.000	7.066
2736.000	7.066
2737.000	7.066
2738.000	7.066
2739.000	7.066
2740.000	7.066
2741.000	7.066
2742.000	7.066
2743.000	7.066
2744.000	7.066
2745.000	7.066
2746.000	7.066
2747.000	7.066
2748.000	7.066
2749.000	7.066
2750.000	7.066
2751.000	7.066
2752.000	7.066
2753.000	7.066
2754.000	7.066
2755.000	7.066
2756.000	7.066
2757.000	7.066
2758.000	7.066
2759.000	7.066
2760.000	7.066
2761.000	7.066
2762.000	7.066
2763.000	7.066
2764.000	7.066
2765.000	7.066
2766.000	7.066
2767.000	7.066
2768.000	7.066
2769.000	7.066
2770.000	7.066
2771.000	7.066
2772.000	7.066
2773.000	7.066
2774.000	7.066
2775.000	7.066
2776.000	7.066
2777.000	7.066
2778.000	7.066
2779.000	7.066
2780.000	7.066
2781.000	7.066
2782.000	7.066
2783.000	7.066
2784.000	7.066
2785.000	7.066
2786.000	7.066
2787.000	7.066
2788.000	7.066
2789.000	7.066
2790.000	7.066
2791.000	7.066
2792.000	7.066
2793.000	7.066
2794.000	7.066
2795.000	7.066
2796.000	7.066
2797.000	7.066
2798.000	7.066
2799.000	7.066
2800.000	7.066
2801.000	7.066
2802.000	7.066
2803.000	7.066
2804.000	7.066
2805.000	7.066
2806.000	7.066
2807.000	7.066
2808.000	7.066
2809.000	7.066
2810.000	7.066
2811.000	7.066
2812.000	7.066
2813.000	7.066
2814.000	7.066
2815.000	7.066
2816.000	7.066
2817.000	7.066
2818.000	7.066
2819.000	7.066
2820.000	7.066
2821.000	7.066
2822.000	7.066
2823.000	7.066
2824.000	7.066
2825.000	7.066
2826.000	7.066
2827.000	7.066
2828.000	7.066
2829.000	7.066
2830.000	7.066
2831.000	7.066
2832.000	7.066
2833.000	7.066
2834.000	7.066
2835.000	7.066
2836.000	7.066
2837.000	7.066
2838.000	7.066
2839.000	7.066
2840.000	7.066
2841.000	7.066
2842.000	7.066
2843.000	7.066
2844.000	7.066
2845.000	7.066
2846.000	7.066
2847.000	7.066
2848.000	7.066
2849.000	7.066
2850.000	7.066
2851.000	7.066
2852.000	7.066
2853.000	7.066
2854.000	7.066
2855.000	7.066
2856.000	7.066
2857.000	7.066
2858.000	7.066
2859.000	7.066
2860.000	7.066
2861.000	7.066
2862.000	7.066
2863.000	7.066
2864.000	7.066
2865.000	7.066
2866.000	7.066
2867.000	7.066
2868.000	7.066
2869.000	7.066
2870.000	7.066
2871.000	7.066
2872.000	7.066
2873.000	7.066
2874.000	7.066
2875.000	7.066
2876.000	7.066
2877.000	7.066
2878.000	7.066
2879.000	7.066
2880.000	7.066
2881.000	7.066
2882.000	7.066
2883.000	7.066
2884.000	7.066
2885.000	7.066
2886.000	7.066
2887.000	7.066
2888.000	7.066
2889.000	7.066
2890.000	7.066
2891.000	7.066
2892.000	7.066
2893.000	7.066
2894.000	7.066
2895.000	7.066
2896.000	7.066
2897.000	7.066
2898.000	7.066
2899.000	7.066
2900.000	7.066
2901.000	7.066
2902.000	7.066
2903.000	7.066
2904.000	7.066
2905.000	7.066
2906.000	7.066
2907.000	7.066
2908.000	7.066
2909.000	7.066
2910.000	7.066
2911.000	7.066
2912.000	7.066
2913.000	7.066
2914.000	7.066
2915.000	7.066
2916.000	7.066
2917.000	7.066
2918.000	7.066
2919.000	7.066
2920.000	7.066
2921.000	7.066
2922.000	7.066
2923.000	7.066
2924.000	7.066
2925.000	7.066
2926.000	7.066
2927.000	7.066
2928.000	7.066
2929.000	7.066
2930.000	7.066
2931.000	7.066
2932.000	7.066
2933.000	7.066
2934.000	7.066
2935.000	7.066
2936.000	7.066
2937.000	7.066
2938.000	7.066
2939.000	7.066
2940.000	7.066
2941.000	7.066
2942.000	7.066
2943.000	7.066
2944.000	7.066
2945.000	7.066
2946.000	7.066
2947.000	7.066
2948.000	7.066
2949.000	7.066
2950.000	7.066
2951.000	7.066
2952.000	7.066
2953.000	7.066
2954.000	7.066
2955.000	7.066
2956.000	7.066
2957.000	7.066
2958.000	7.066
2959.000	7.066
2960.000	7.066
2961.000	7.066
2962.000	7.066
2963.000	7.066
2964.000	7.066
2965.000	7.066
2966.000	7.066
2967.000	7.066
2968.000	7.066
2969.000	7.066
2970.000	7.066
2971.000	7.066
2972.000	7.066
2973.000	7.066
2974.000	7.066
2975.000	7.066
2976.000	7.066
2977.000	7.066
2978.000	7.066
2979.000	7.066
2980.000	7.066
2981.000	7.066
2982.000	7.066
2983.000	7.066
2984.000	7.066
2985.000	7.066
2986.000	7.066
2987.000	7.066
2988.000	7.066
2989.000	7.066
2990.000	7.066
2991.000	7.066
2992.000	7.066
2993.000	7.066
2994.000	7.066
2995.000	7.066
2996.000	7.066
2997.000	7.066
2998.000	7.066
2999.000	7.066
3000.000	7.066
3001.000	7.066
3002.000	7.066
3003.000	7.066
3004.000	7.066
3005.000	7.066
3006.000	7.066
3007.000	7.066
3008.000	7.066
3009.000	7.066
3010.000	7.066
3011.000	7.066
3012.000	7.066
3013.000	7.066
3014.000	7.066
3015.000	7.066
3016.000	7.066
3017.000	7.066
3018.000	7.066
3019.000	7.066
3020.000	7.066
3021.000	7.066
3022.000	7.066
3023.000	7.066
3024.000	7.066
3025.000	7.066
3026.000	7.066
3027.000	7.066
3028.000	7.066
3029.000	7.066
3030.000	7.066
3031.000	7.066
3032.000	7.066
3033.000	7.066
3034.000	7.066
3035.000	7.066
3036.000	7.066
3037.000	7.066
3038.000	7.066
3039.000	7.066
3040.000	7.066
3041.000	7.066
3042.000	7.066
3043.000	7.066
3044.000	7.066
3045.000	7.066
3046.000	7.066
3047.000	7.066
3048.000	7.066
3049.000	7.066
3050.000	7.066
3051.000	7.066
3052.000	7.066
3053.000	7.066
3054.000	7.066
3055.000	7.066
3056.000	7.066
3057.000	7.066
3058.000	7.066
3059.000	7.066
3060.000	7.066
3061.000	7.066
3062.000	7.066
3063.000	7.066
3064.000	7.066
3065.000	7.066
3066.000	7.066
3067.000	7.066
3068.000	7.066
3069.000	7.066
3070.000	7.066
3071.000	7.066
3072.000	7.066
3073.000	7.066
3074.000	7.066
3075.000	7.066
3076.000	7.066
3077.000	7.066
3078.000	7.066
3079.000	7.066
3080.000	7.066
3081.000	7.066
3082.000	7.066
3083.000	7.066
3084.000	7.066
3085.000	7.066
3086.000	7.066
3087.000	7.066
3088.000	7.066
3089.000	7.066
3090.000	7.066
3091.000	7.066
3092.000	7.066
3093.000	7.066
3094.000	7.066
3095.000	7.066
3096.000	7.066
3097.000	7.066
3098.000	7.066
3099.000	7.066
3100.000	7.066
3101.000	7.066
3102.000	7.066
3103.000	7.066
3104.000	7.066
3105.000	7.066
3106.000	7.066
3107.000	7.066
3108.000	7.066
3109.000	7.066
3110.000	7.066
3111.000	7.066
3112.000	7.066
3113.000	7.066
3114.000	7.066
3115.000	7.066
3116.000	7.066
3117.000	7.066
3118.000	7.066
3119.000	7.066
3120.000	7.066
3121.000	7.066
3122.000	7.066
3123.000	7.066
3124.000	7.066
3125.000	7.066
3126.000	7.066
3127.000	7.066
3128.000	7.066
3129.000	7.066
3130.000	7.066
3131.000	7.066
3132.000	7.066
3133.000	7.066
3134.000	7.066
3135.000	7.066
3136.000	7.066
3137.000	7.066
3138.000	7.066
3139.000	7.066
3140.000	7.066
3141.000	7.066
3142.000	7.066
3143.000	7.066
3144.000	7.066
3145.000	7.066
3146.000	7.066
3147.000	7.066
3148.000	7.066
3149.000	7.066
3150.000	7.066
3151.000	7.066
3152.000	7.066
3153.000	7.066
3154.000	7.066
3155.000	7.066
3156.000	7.066
3157.000	7.066
3158.000	7.066
3159.000	7.066
3160.000	7.066
3161.000	7.066
3162.000	7.066
3163.000	7.066
3164.000	7.066
3165.000	7.066
3166.000	7.066
3167.000	7.066
3168.000	7.066
3169.000	7.066
3170.000	7.066
3171.000	7.066
3172.000	7.066
3173.000	7.066
3174.000	7.066
3175.000	7.066
3176.000	7.066
3177.000	7.066
3178.000	7.066
3179.000	7.066
3180.000	7.066
3181.000	7.066
3182.000	7.066
3183.000	7.066
3184.000	7.066
3185.000	7.066
3186.000	7.066
3187.000	7.066
3188.000	7.066
3189.000	7.066
3190.000	7.066
3191.000	7.066
3192.000	7.066
3193.000	7.066
3194.000	7.066
3195.000	7.066
3196.000	7.066
3197.000	7.066
3198.000	7.066
3199.000	7.066
3200.000	7.066
3201.000	7.066
3202.000	7.066
3203.000	7.066
3204.000	7.066
3205.000	7.066
3206.000	7.066
3207.000	7.066
3208.000	7.066
3209.000	7.066
3210.000	7.066
3211.000	7.066
3212.000	7.066
3213.000	7.066
3214.000	7.066
3215.000	7.066
3216.000	7.066
3217.000	7.066
3218.000	7.066
3219.000	7.066
3220.000	7.066
3221.000	7.066
3222.000	7.066
3223.000	7.066
3224.000	7.066
3225.000	7.066
3226.000	7.066
3227.000	7.066
3228.000	7.066
3229.000	7.066
3230.000	7.066
3231.000	7.066
3232.000	7.066
3233.000	7.066
3234.000	7.066
3235.000	7.066
3236.000	7.066
3237.000	7.066
3238.000	7.066
3239.000	7.066
3240.000	7.066
3241.000	7.066
3242.000	7.066
3243.000	7.066
3244.000	7.066
3245.000	7.066
3246.000	7.066
3247.000	7.066
3248.000	7.066
3249.000	7.066
3250.000	7.066
3251.000	7.066
3252.000	7.066
3253.000	7.066
3254.000	7.066
3255.000	7.066
3256.000	7.066
3257.000	7.066
3258.000	7.066
3259.000	7.066
3260.000	7.066
3261.000	7.066
3262.000	7.066
3263.000	7.066
3264.000	7.066
3265.000	7.066
3266.000	7.066
3267.000	7.066
3268.000	7.066
3269.000	7.066
3270.000	7.066
3271.000	7.066
3272.000	7.066
3273.000	7.066
3274.000	7.066
3275.000	7.066
3276.000	7.066
3277.000	7.066
3278.000	7.066
3279.000	7.066
3280.000	7.066
3281.000	7.066
3282.000	7.066
3283.000	7.066
3284.000	7.066
3285.000	7.066
3286.000	7.066
3287.000	7.066
3288.000	7.066
3289.000	7.066
3290.000	7.066
3291.000	7.066
3292.000	7.066
3293.000	7.066
3294.000	7.066
3295.000	7.066
3296.000	7.066
3297.000	7.066
3298.000	7.066
3299.000	7.066
3300.000	7.066
3301.000	7.066
3302.000	7.066
3303.000	7.066
3304.000	7.066
3305.000	7.066
3306.000	7.066
3307.000	7.065
3308.000	7.065
3309.000	7.064
3310.000	7.062
3311.000	7.060
3312.000	7.057
3313.000	7.053
3314.000	7.048
3315.000	7.048
3316.000	7.048
3317.000	7.043
3318.000	7.038
3319.000	7.033
3320.000	7.033
3321.000	7.028
3322.000	7.022
3323.000	7.017
3324.000	7.012
3325.000	7.007
3326.000	7.002
3327.000	6.997
3328.000	6.992
3329.000	6.987
3330.000	6.981
3331.000	6.981
3332.000	6.976
3333.000	6.971
3334.000	6.966
3335.000	6.961
3336.000	6.955
3337.000	6.950
3338.000	6.945
3339.000	6.940
3340.000	6.935
3341.000	6.929
3342.000	6.929
3343.000	6.924
3344.000	6.919
3345.000	6.913
3346.000	6.908
3347.000	6.903
3348.000	6.897
3349.000	6.892
3350.000	6.887
3351.000	6.881
3352.000	6.876
3353.000	6.876
3354.000	6.871
3355.000	6.865
3356.000	6.860
3357.000	6.855
3358.000	6.849
3359.000	6.844
3360.000	6.838
3361.000	6.833
3362.000	6.827
3363.000	6.822
3364.000	6.822
3365.000	6.816
3366.000	6.811
3367.000	6.805
3368.000	6.800
3369.000	6.794
3370.000	6.789
3371.000	6.783
3372.000	6.778
3373.000	6.772
3374.000	6.767
3375.000	6.767
3376.000	6.761
3377.000	6.756
3378.000	6.750
3379.000	6.744
3380.000	6.739
3381.000	6.733
3382.000	6.728
3383.000	6.722
3384.000	6.716
3385.000	6.711
3386.000	6.705
3387.000	6.705
3388.000	6.699
3389.000	6.694
3390.000	6.688
3391.000	6.682
3392.000	6.677
3393.000	6.671
3394.000	6.665
3395.000	6.659
3396.000	6.654
3397.000	6.648
3398.000	6.648
3399.000	6.642
3400.000	6.636
3401.000	6.631
3402.000	6.625
3403.000	6.619
3404.000	6.613
3405.000	6.607
3406.000	6.601
3407.000	6.596
3408.000	6.590
3409.000	6.590
3410.000	6.584
3411.000	6.578
3412.000	6.572
3413.000	6.566
3414.000	6.560
3415.000	6.554
3416.000	6.549
3417.000	6.543
3418.000	6.537
3419.000	6.531
3420.000	6.531
3421.000	6.525
3422.000	6.519
3423.000	6.513
3424.000	6.507
3425.000	6.501
3426.000	6.495
3427.000	6.489
3428.000	6.483
3429.000	6.477
3430.000	6.471
3431.000	6.471
3432.000	6.465
3433.000	6.459
3434.000	6.453
3435.000	6.446
3436.000	6.440
3437.000	6.434
3438.000	6.428
3439.000	6.422
3440.000	6.416
3441.000	6.410
3442.000	6.410
3443.000	6.404
3444.000	6.397
3445.000	6.391
3446.000	6.385
3447.000	6.379
3448.000	6.373
3449.000	6.367
3450.000	6.360
3451.000	6.354
3452.000	6.348
3453.000	6.348
3454.000	6.342
3455.000	6.335
3456.000	6.329
3457.000	6.323
3458.000	6.317
3459.000	6.310
3460.000	6.304
3461.000	6.298
3462.000	6.291
3463.000	6.285
3464.000	6.279
3465.000	6.279
3466.000	6.272
3467.000	6.266
3468.000	6.260
3469.000	6.253
3470.000	6.247
3471.000	6.241
3472.000	6.234
3473.000	6.228
3474.000	6.221
3475.000	6.215
3476.000	6.215
3477.000	6.208
3478.000	6.202
3479.000	6.196
3480.000	6.189
3481.000	6.183
3482.000	6.176
3483.000	6.170
3484.000	6.163
3485.000	6.157
3486.000	6.150
3487.000	6.150
3488.000	6.143
3489.000	6.137
3490.000	6.130
3491.000	6.124
3492.000	6.117
3493.000	6.111
3494.000	6.104
3495.000	6.097
3496.000	6.091
3497.000	6.084
3498.000	6.084
3499.000	6.077
3500.000	6.071
3501.000	6.064
3502.000	6.058
3503.000	6.051
3504.000	6.044
3505.000	6.037
3506.000	6.031
3507.000	6.024
3508.000	6.017
3509.000	6.017
3510.000	6.011
3511.000	6.004
3512.000	5.997
3513.000	5.990
3514.000	5.984
3515.000	5.977
3516.000	5.970
3517.000	5.963
3518.000	5.956
3519.000	5.950
3520.000	5.950
3521.000	5.943
3522.000	5.936
3523.000	5.929
3524.000	5.922
3525.000	5.915
3526.000	5.909
3527.000	5.902
3528.000	5.895
3529.000	5.888
3530.000	5.881
3531.000	5.874
3532.000	5.874
3533.000	5.867
3534.000	5.860
3535.000	5.853
3536.000	5.846
3537.000	5.840
3538.000	5.833
3539.000	5.826
3540.000	5.819
3541.000	5.812
3542.000	5.805
3543.000	5.805
3544.000	5.798
3545.000	5.791
3546.000	5.784
3547.000	5.777
3548.000	5.770
3549.000	5.762
3550.000	5.755
3551.000	5.748
3552.000	5.741
3553.000	5.734
3554.000	5.734
3555.000	5.727
3556.000	5.720
3557.000	5.713
3558.000	5.706
3559.000	5.699
3560.000	5.692
3561.000	5.684
3562.000	5.677
3563.000	5.670
3564.000	5.663
3565.000	5.663
3566.000	5.656
3567.000	5.649
3568.000	5.641
3569.000	5.634
3570.000	5.627
3571.000	5.620
3572.000	5.612
3573.000	5.605
3574.000	5.598
3575.000	5.591
3576.000	5.591
3577.000	5.583
3578.000	5.576
3579.000	5.569
3580.000	5.562
3581.000	5.554
3582.000	5.547
3583.000	5.540
3584.000	5.532
3585.000	5.525
3586.000	5.518
3587.000	5.518
3588.000	5.510
3589.000	5.503
3590.000	5.495
3591.000	5.488
3592.000	5.481
3593.000	5.473
3594.000	5.466
3595.000	5.458
3596.000	5.451
3597.000	5.444
3598.000	5.444
3599.000	5.436
3600.000	5.429
3601.000	5.421
3602.000	5.414
3603.000	5.406
3604.000	5.399
3605.000	5.391
3606.000	5.384
3607.000	5.376
3608.000	5.369
3609.000	5.361
3610.000	5.361
3611.000	5.354
3612.000	5.346
3613.000	5.339
3614.000	5.331
3615.000	5.323
3616.000	5.316
3617.000	5.308
3618.000	5.301
3619.000	5.293
3620.000	5.285
3621.000	4.946
3622.000	4.939
3623.000	4.931
3624.000	4.924
3625.000	4.916
3626.000	4.908
3627.000	4.901
3628.000	4.893
3629.000	4.885
3630.000	4.878
3631.000	4.870
3632.000	4.864
3633.000	4.856
3634.000	4.848
3635.000	4.841
3636.000	4.833
3637.000	4.825
3638.000	4.817
3639.000	4.810
3640.000	4.802
3641.000	4.794
3642.000	4.786
3643.000	4.780
3644.000	4.772
3645.000	4.765
3646.000	4.757
3647.000	4.749
3648.000	4.741
3649.000	4.733
3650.000	4.725
3651.000	4.718
3652.000	4.710
3653.000	4.702
3654.000	4.696
3655.000	4.688
3656.000	4.680
3657.000	4.672
3658.000	4.664
3659.000	4.656
3660.000	4.648
3661.000	4.641
3662.000	4.633
3663.000	4.625
3664.000	4.617
3665.000	4.611
3666.000	4.603
3667.000	4.595
3668.000	4.587
3669.000	4.579
3670.000	4.571
3671.000	4.563
3672.000	4.555
3673.000	4.547
3674.000	4.539
3675.000	4.531
3676.000	4.523
3677.000	4.517
3678.000	4.508
3679.000	4.500
3680.000	4.492
3681.000	4.484
3682.000	4.476
3683.000	4.468
3684.000	4.460
3685.000	4.452
3686.000	4.444
3687.000	4.435
3688.000	4.429
3689.000	4.421
3690.000	4.413
3691.000	4.405
3692.000	4.397
3693.000	4.388
3694.000	4.380
3695.000	4.372
3696.000	4.364
3697.000	4.356
3698.000	4.347
3699.000	4.341
3700.000	4.333
3701.000	4.325
3702.000	4.316
3703.000	4.308
3704.000	4.300
3705.000	4.292
3706.000	4.283
3707.000	4.275
3708.000	4.267
3709.000	4.258
3710.000	4.252
3711.000	4.244
3712.000	4.236
3713.000	4.227
3714.000	4.219
3715.000	4.211
3716.000	4.202
3717.000	4.194
3718.000	4.185
3719.000	4.177
3720.000	4.169
3721.000	4.162
3722.000	4.154
3723.000	4.146
3724.000	4.137
3725.000	4.129
3726.000	4.120
3727.000	4.112
3728.000	4.103
3729.000	4.095
3730.000	4.086
3731.000	4.078
3732.000	4.072
3733.000	4.063
3734.000	4.055
3735.000	4.046
3736.000	4.038
3737.000	4.029
3738.000	4.021
3739.000	4.012
3740.000	4.004
3741.000	3.995
3742.000	3.987
3743.000	3.978
3744.000	3.972
3745.000	3.966
3746.000	3.960
3747.000	3.954
3748.000	3.948
3749.000	3.942
3750.000	3.936
3751.000	3.930
3752.000	3.924
3753.000	3.917
3754.000	3.911
3755.000	3.905
3756.000	3.899
3757.000	3.893
3758.000	3.887
3759.000	3.881
3760.000	3.875
3761.000	3.869
3762.000	3.863
3763.000	3.857
3764.000	3.851
3765.000	3.845
3766.000	3.839
3767.000	3.833
3768.000	3.827
3769.000	3.821
3770.000	3.815
3771.000	3.809
3772.000	3.803
3773.000	3.797
3774.000	3.791
3775.000	3.784
3776.000	3.778
3777.000	3.772
3778.000	3.766
3779.000	3.760
3780.000	3.754
3781.000	3.748
3782.000	3.742
3783.000	3.736
3784.000	3.730
3785.000	3.724
3786.000	3.718
3787.000	3.712
3788.000	3.706
3789.000	3.700
3790.000	3.694
3791.000	3.688
3792.000	3.682
3793.000	3.676
3794.000	3.670
3795.000	3.664
3796.000	3.658
3797.000	3.651
3798.000	3.645
3799.000	3.639
3800.000	3.633
3801.000	3.611
3802.000	3.605
3803.000	3.599
3804.000	3.593
3805.000	3.587
3806.000	3.581
3807.000	3.575
3808.000	3.569
3809.000	3.563
3810.000	3.557
3811.000	3.551
3812.000	3.545
3813.000	3.539
3814.000	3.532
3815.000	3.526
3816.000	3.520
3817.000	3.514
3818.000	3.508
3819.000	3.502
3820.000	3.496
3821.000	3.490
3822.000	3.484
3823.000	3.478
3824.000	3.472
3825.000	3.466
3826.000	3.460
3827.000	3.454
3828.000	3.448
3829.000	3.442
3830.000	3.436
3831.000	3.430
3832.000	3.424
3833.000	3.418
3834.000	3.412
3835.000	3.406
3836.000	3.399
3837.000	3.393
3838.000	3.387
3839.000	3.381
3840.000	3.375
3841.000	3.369
3842.000	3.363
3843.000	3.357
3844.000	3.351
3845.000	3.345
3846.000	3.339
3847.000	3.333
3848.000	3.327
3849.000	3.321
3850.000	3.315
3851.000	3.309
3852.000	3.303
3853.000	3.297
3854.000	3.291
3855.000	3.285
3856.000	3.279
3857.000	3.273
3858.000	3.266
3859.000	3.260
3860.000	3.254
3861.000	3.248
3862.000	3.242
3863.000	3.236
3864.000	3.230
3865.000	3.224
3866.000	3.218
3867.000	3.212
3868.000	3.206
3869.000	3.200
3870.000	3.194
3871.000	3.188
3872.000	3.182
3873.000	3.176
3874.000	3.170
3875.000	3.164
3876.000	3.158
3877.000	3.152
3878.000	3.146
3879.000	3.140
3880.000	3.133
3881.000	3.127
3882.000	3.121
3883.000	3.115
3884.000	3.109
3885.000	3.103
3886.000	3.097
3887.000	3.091
3888.000	3.085
3889.000	3.079
3890.000	3.073
3891.000	3.067
3892.000	3.061
3893.000	3.055
3894.000	3.049
3895.000	3.043
3896.000	3.037
3897.000	3.031
3898.000	3.025
3899.000	3.019
3900.000	3.013
3901.000	3.007
3902.000	3.000
3903.000	2.994
3904.000	2.988
3905.000	2.982
3906.000	2.976
3907.000	2.970
3908.000	2.959
3909.000	2.953
3910.000	2.947
3911.000	2.941
3912.000	2.935
3913.000	2.929
3914.000	2.923
3915.000	2.917
3916.000	2.911
3917.000	2.905
3918.000	2.899
3919.000	2.893
3920.000	2.886
3921.000	2.880
3922.000	2.874
3923.000	2.868
3924.000	2.862
3925.000	2.856
3926.000	2.850
3927.000	2.844
3928.000	2.838
3929.000	2.832
3930.000	2.826
3931.000	2.820
3932.000	2.814
3933.000	2.808
3934.000	2.802
3935.000	2.796
3936.000	2.790
3937.000	2.784
3938.000	2.778
3939.000	2.772
3940.000	2.766
3941.000	2.760
3942.000	2.753
3943.000	2.747
3944.000	2.741
3945.000	2.735
3946.000	2.729
3947.000	2.723
3948.000	2.713
3949.000	2.707
3950.000	2.701
3951.000	2.695
3952.000	2.689
3953.000	2.683
3954.000	2.677
3955.000	2.671
3956.000	2.665
3957.000	2.659
3958.000	2.653
3959.000	2.647
3960.000	2.641
3961.000	2.635
3962.000	2.629
3963.000	2.623
3964.000	2.617
3965.000	2.610
3966.000	2.604
3967.000	2.598
3968.000	2.592
3969.000	2.586
3970.000	2.580
3971.000	2.574
3972.000	2.568
3973.000	2.562
3974.000	2.556
3975.000	2.550
3976.000	2.544
3977.000	2.538
3978.000	2.532
3979.000	2.526
3980.000	2.520
3981.000	2.514
3982.000	2.508
3983.000	2.502
3984.000	2.496
3985.000	2.490
3986.000	2.484
3987.000	2.477
3988.000	2.471
3989.000	2.465
3990.000	2.459
3991.000	2.453
3992.000	2.447
3993.000	2.441
3994.000	2.435
3995.000	2.429
3996.000	2.423
3997.000	2.417
3998.000	2.411
3999.000	2.405
4000.000	2.399
4001.000	2.393
4002.000	2.387
4003.000	2.381
4004.000	2.375
4005.000	2.369
4006.000	2.363
4007.000	2.357
4008.000	2.351
4009.000	2.344
4010.000	2.338
4011.000	2.332
4012.000	2.326
4013.000	2.320
4014.000	2.314
4015.000	2.308
4016.000	2.302
4017.000	2.296
4018.000	2.290
4019.000	2.284
4020.000	2.278
4021.000	2.272
4022.000	2.266
4023.000	2.260
4024.000	2.254
4025.000	2.248
4026.000	2.242
4027.000	2.208
4028.000	2.202
4029.000	2.196
4030.000	2.190
4031.000	2.184
4032.000	2.178
4033.000	2.172
4034.000	2.166
4035.000	2.160
4036.000	2.154
4037.000	2.148
4038.000	2.142
4039.000	2.135
4040.000	2.129
4041.000	2.123
4042.000	2.117
4043.000	2.111
4044.000	2.105
4045.000	2.099
4046.000	2.093
4047.000	2.087
4048.000	2.081
4049.000	2.075
4050.000	2.069
4051.000	2.063
4052.000	2.057
4053.000	2.051
4054.000	2.045
4055.000	2.039
4056.000	2.033
4057.000	2.027
4058.000	2.021
4059.000	2.015
4060.000	2.009
4061.000	2.002
4062.000	1.996
4063.000	1.990
4064.000	1.984
4065.000	1.978
4066.000	1.972
4067.000	1.966
4068.000	1.960
4069.000	1.954
4070.000	1.948
4071.000	1.942
4072.000	1.936
4073.000	1.930
4074.000	1.924
4075.000	1.918
4076.000	1.912
4077.000	1.906
4078.000	1.900
4079.000	1.894
4080.000	1.888
4081.000	1.882
4082.000	1.875
4083.000	1.869
4084.000	1.863
4085.000	1.857
4086.000	1.851
4087.000	1.845
4088.000	1.839
4089.000	1.833
4090.000	1.827
4091.000	1.821
4092.000	1.789
4093.000	1.783
4094.000	1.721
4095.000	0.000
