0.000	21.586
1.000	21.586
2.000	21.586
3.000	21.586
4.000	18.850
5.000	18.850
6.000	18.850
7.000	18.850
8.000	18.850
9.000	18.850
10.000	18.850
11.000	18.850
12.000	18.850
13.000	18.850
14.000	18.850
15.000	18.850
16.000	18.850
17.000	18.767
18.000	18.767
19.000	18.684
20.000	18.601
21.000	18.520
22.000	18.520
23.000	18.520
24.000	18.520
25.000	18.520
26.000	18.520
27.000	18.520
28.000	18.520
29.000	18.520
30.000	18.520
31.000	18.520
32.000	18.520
33.000	18.520
34.000	18.520
35.000	18.520
36.000	18.520
37.000	18.520
38.000	18.520
39.000	18.520
40.000	18.520
41.000	18.520
42.000	18.520
43.000	18.520
44.000	18.520
45.000	18.520
46.000	18.520
47.000	18.520
48.000	18.520
49.000	18.520
50.000	18.520
51.000	18.520
52.000	18.520
53.000	18.520
54.000	18.520
55.000	18.520
56.000	18.520
57.000	18.520
58.000	18.520
59.000	18.520
60.000	18.520
61.000	18.520
62.000	18.520
63.000	18.520
64.000	18.520
65.000	18.520
66.000	18.520
67.000	18.520
68.000	18.520
69.000	18.520
70.000	18.520
71.000	18.520
72.000	18.520
73.000	18.520
74.000	18.520
75.000	18.520
76.000	18.520
77.000	18.520
78.000	18.520
79.000	18.520
80.000	18.520
81.000	18.520
82.000	18.520
83.000	18.520
84.000	18.520
85.000	18.520
86.000	18.520
87.000	18.520
88.000	18.520
89.000	18.520
90.000	18.520
91.000	18.520
92.000	18.520
93.000	18.520
94.000	18.520
95.000	18.520
96.000	18.520
97.000	18.520
98.000	18.520
99.000	18.520
100.000	18.520
101.000	18.520
102.000	18.520
103.000	18.520
104.000	18.520
105.000	18.520
106.000	18.520
107.000	18.520
108.000	18.520
109.000	18.520
110.000	18.520
111.000	18.520
112.000	18.520
113.000	18.520
114.000	18.520
115.000	18.520
116.000	18.520
117.000	18.520
118.000	18.520
119.000	18.520
120.000	18.520
121.000	18.520
122.000	18.520
123.000	18.520
124.000	18.520
125.000	18.520
126.000	18.520
127.000	18.520
128.000	18.520
129.000	18.520
130.000	18.520
131.000	18.520
132.000	18.520
133.000	18.520
134.000	18.520
135.000	18.520
136.000	18.520
137.000	18.520
138.000	18.520
139.000	18.520
140.000	18.520
141.000	18.520
142.000	18.520
143.000	18.520
144.000	18.520
145.000	18.520
146.000	18.520
147.000	18.520
148.000	18.520
149.000	18.520
150.000	18.520
151.000	18.520
152.000	18.520
153.000	18.520
154.000	18.520
155.000	18.520
156.000	18.520
157.000	18.520
158.000	18.520
159.000	18.520
160.000	18.520
161.000	18.520
162.000	18.520
163.000	18.520
164.000	18.520
165.000	18.520
166.000	18.520
167.000	18.520
168.000	18.520
169.000	18.520
170.000	18.520
171.000	18.520
172.000	18.520
173.000	18.520
174.000	18.520
175.000	18.520
176.000	18.520
177.000	18.520
178.000	18.520
179.000	18.520
180.000	18.520
181.000	18.520
182.000	18.520
183.000	18.520
184.000	18.520
185.000	18.520
186.000	18.520
187.000	18.520
188.000	18.503
189.000	18.469
190.000	18.420
191.000	18.371
192.000	18.322
193.000	18.274
194.000	18.225
195.000	18.176
196.000	18.176
197.000	18.128
198.000	18.079
199.000	18.030
200.000	17.982
201.000	17.934
202.000	17.886
203.000	17.838
204.000	17.789
205.000	17.742
206.000	17.694
207.000	17.694
208.000	17.646
209.000	17.598
210.000	17.551
211.000	17.503
212.000	17.456
213.000	17.409
214.000	17.361
215.000	17.314
216.000	17.267
217.000	17.220
218.000	17.220
219.000	17.173
220.000	17.126
221.000	17.079
222.000	17.033
223.000	16.986
224.000	16.940
225.000	16.893
226.000	16.846
227.000	16.800
228.000	16.754
229.000	16.708
230.000	16.705
231.000	16.659
232.000	16.612
233.000	16.567
234.000	16.521
235.000	16.475
236.000	16.429
237.000	16.383
238.000	16.338
239.000	16.293
240.000	16.247
241.000	16.244
242.000	16.198
243.000	16.153
244.000	16.108
245.000	16.063
246.000	16.018
247.000	15.973
248.000	15.927
249.000	15.883
250.000	15.838
251.000	15.793
252.000	15.790
253.000	15.745
254.000	15.700
255.000	15.656
256.000	15.612
257.000	15.567
258.000	15.538
259.000	15.521
260.000	15.518
261.000	15.515
262.000	15.512
263.000	15.508
264.000	15.505
265.000	15.502
266.000	15.499
267.000	15.495
268.000	15.492
269.000	15.489
270.000	15.486
271.000	15.482
272.000	15.479
273.000	15.476
274.000	15.473
275.000	15.469
276.000	15.466
277.000	15.463
278.000	15.429
279.000	15.396
280.000	15.362
281.000	15.329
282.000	15.295
283.000	15.262
284.000	15.229
285.000	15.226
286.000	15.193
287.000	15.160
288.000	15.126
289.000	15.094
290.000	15.061
291.000	15.028
292.000	14.995
293.000	14.963
294.000	14.930
295.000	14.898
296.000	14.895
297.000	14.862
298.000	14.830
299.000	14.797
300.000	14.765
301.000	14.733
302.000	14.701
303.000	14.669
304.000	14.637
305.000	14.605
306.000	14.574
307.000	14.542
308.000	14.539
309.000	14.507
310.000	14.475
311.000	14.444
312.000	14.412
313.000	14.381
314.000	14.350
315.000	14.318
316.000	14.287
317.000	14.256
318.000	14.225
319.000	14.222
320.000	14.191
321.000	14.160
322.000	14.129
323.000	14.098
324.000	14.067
325.000	14.037
326.000	14.006
327.000	13.975
328.000	13.945
329.000	13.914
330.000	13.911
331.000	13.881
332.000	13.850
333.000	13.820
334.000	13.790
335.000	13.760
336.000	13.730
337.000	13.700
338.000	13.669
339.000	13.640
340.000	13.610
341.000	13.607
342.000	13.577
343.000	13.547
344.000	13.517
345.000	13.487
346.000	13.458
347.000	13.428
348.000	13.399
349.000	13.369
350.000	13.340
351.000	13.311
352.000	13.307
353.000	13.278
354.000	13.249
355.000	13.220
356.000	13.191
357.000	13.162
358.000	13.133
359.000	13.104
360.000	13.075
361.000	13.046
362.000	13.017
363.000	13.014
364.000	12.985
365.000	12.982
366.000	12.979
367.000	12.975
368.000	12.972
369.000	12.969
370.000	12.966
371.000	12.962
372.000	12.959
373.000	12.956
374.000	12.953
375.000	12.949
376.000	12.946
377.000	12.943
378.000	12.940
379.000	12.936
380.000	12.933
381.000	12.930
382.000	12.927
383.000	12.923
384.000	12.920
385.000	12.917
386.000	12.914
387.000	12.910
388.000	12.907
389.000	12.904
390.000	12.901
391.000	12.897
392.000	12.894
393.000	12.891
394.000	12.888
395.000	12.885
396.000	12.850
397.000	12.847
398.000	12.813
399.000	12.778
400.000	12.745
401.000	12.711
402.000	12.677
403.000	12.643
404.000	12.609
405.000	12.576
406.000	12.542
407.000	12.509
408.000	12.506
409.000	12.472
410.000	12.439
411.000	12.406
412.000	12.373
413.000	12.340
414.000	12.307
415.000	12.274
416.000	12.242
417.000	12.209
418.000	12.177
419.000	12.174
420.000	12.141
421.000	12.109
422.000	12.076
423.000	12.044
424.000	12.012
425.000	11.980
426.000	11.949
427.000	11.917
428.000	11.885
429.000	11.853
430.000	11.850
431.000	11.819
432.000	11.787
433.000	11.756
434.000	11.725
435.000	11.693
436.000	11.662
437.000	11.631
438.000	11.600
439.000	11.569
440.000	11.539
441.000	11.508
442.000	11.505
443.000	11.474
444.000	11.444
445.000	11.413
446.000	11.383
447.000	11.353
448.000	11.322
449.000	11.292
450.000	11.262
451.000	11.232
452.000	11.203
453.000	11.202
454.000	11.172
455.000	11.143
456.000	11.113
457.000	11.084
458.000	11.054
459.000	11.025
460.000	10.995
461.000	10.966
462.000	10.937
463.000	10.908
464.000	10.908
465.000	10.879
466.000	10.849
467.000	10.821
468.000	10.792
469.000	10.763
470.000	10.735
471.000	10.706
472.000	10.678
473.000	10.649
474.000	10.621
475.000	10.621
476.000	10.592
477.000	10.564
478.000	10.536
479.000	10.508
480.000	10.480
481.000	10.452
482.000	10.424
483.000	10.396
484.000	10.369
485.000	10.341
486.000	10.341
487.000	10.313
488.000	10.285
489.000	10.258
490.000	10.231
491.000	10.203
492.000	10.176
493.000	10.149
494.000	10.122
495.000	10.095
496.000	10.068
497.000	10.068
498.000	10.041
499.000	10.014
500.000	9.987
501.000	9.961
502.000	9.934
503.000	9.908
504.000	9.881
505.000	9.855
506.000	9.828
507.000	9.828
508.000	9.828
509.000	9.828
510.000	9.827
511.000	9.827
512.000	9.827
513.000	9.826
514.000	9.826
515.000	9.826
516.000	9.825
517.000	9.825
518.000	9.825
519.000	9.825
520.000	9.824
521.000	9.824
522.000	9.824
523.000	9.823
524.000	9.823
525.000	9.823
526.000	9.822
527.000	9.822
528.000	9.822
529.000	9.822
530.000	9.821
531.000	9.821
532.000	9.821
533.000	9.820
534.000	9.820
535.000	9.820
536.000	9.820
537.000	9.819
538.000	9.819
539.000	9.819
540.000	9.818
541.000	9.818
542.000	9.818
543.000	9.817
544.000	9.817
545.000	9.817
546.000	9.817
547.000	9.816
548.000	9.816
549.000	9.816
550.000	9.815
551.000	9.815
552.000	9.815
553.000	9.814
554.000	9.814
555.000	9.814
556.000	9.814
557.000	9.813
558.000	9.813
559.000	9.813
560.000	9.812
561.000	9.812
562.000	9.812
563.000	9.811
564.000	9.811
565.000	9.811
566.000	9.811
567.000	9.810
568.000	9.810
569.000	9.810
570.000	9.809
571.000	9.809
572.000	9.809
573.000	9.808
574.000	9.808
575.000	9.808
576.000	9.808
577.000	9.807
578.000	9.807
579.000	9.807
580.000	9.806
581.000	9.806
582.000	9.806
583.000	9.806
584.000	9.805
585.000	9.805
586.000	9.805
587.000	9.804
588.000	9.804
589.000	9.804
590.000	9.803
591.000	9.803
592.000	9.803
593.000	9.803
594.000	9.802
595.000	9.802
596.000	9.802
597.000	9.801
598.000	9.801
599.000	9.801
600.000	9.800
601.000	9.800
602.000	9.800
603.000	9.800
604.000	9.799
605.000	9.799
606.000	9.799
607.000	9.798
608.000	9.798
609.000	9.798
610.000	9.797
611.000	9.797
612.000	9.797
613.000	9.797
614.000	9.796
615.000	9.796
616.000	9.796
617.000	9.795
618.000	9.795
619.000	9.795
620.000	9.794
621.000	9.794
622.000	9.794
623.000	9.794
624.000	9.793
625.000	9.793
626.000	9.792
627.000	9.791
628.000	9.791
629.000	9.790
630.000	9.789
631.000	9.789
632.000	9.788
633.000	9.787
634.000	9.786
635.000	9.785
636.000	9.785
637.000	9.783
638.000	9.782
639.000	9.763
640.000	9.744
641.000	9.725
642.000	9.725
643.000	9.706
644.000	9.687
645.000	9.668
646.000	9.650
647.000	9.631
648.000	9.612
649.000	9.594
650.000	9.575
651.000	9.556
652.000	9.538
653.000	9.519
654.000	9.519
655.000	9.500
656.000	9.482
657.000	9.463
658.000	9.445
659.000	9.426
660.000	9.408
661.000	9.389
662.000	9.371
663.000	9.353
664.000	9.334
665.000	9.334
666.000	9.316
667.000	9.297
668.000	9.279
669.000	9.261
670.000	9.243
671.000	9.225
672.000	9.206
673.000	9.188
674.000	9.170
675.000	9.152
676.000	9.152
677.000	9.134
678.000	9.116
679.000	9.098
680.000	9.080
681.000	9.062
682.000	9.044
683.000	9.026
684.000	9.008
685.000	8.990
686.000	8.972
687.000	8.972
688.000	8.954
689.000	8.936
690.000	8.918
691.000	8.900
692.000	8.883
693.000	8.865
694.000	8.847
695.000	8.829
696.000	8.812
697.000	8.794
698.000	8.794
699.000	8.776
700.000	8.759
701.000	8.741
702.000	8.723
703.000	8.706
704.000	8.688
705.000	8.671
706.000	8.653
707.000	8.636
708.000	8.618
709.000	8.601
710.000	8.583
711.000	8.566
712.000	8.548
713.000	8.531
714.000	8.514
715.000	8.496
716.000	8.479
717.000	8.462
718.000	8.445
719.000	8.427
720.000	8.427
721.000	8.410
722.000	8.393
723.000	8.376
724.000	8.358
725.000	8.341
726.000	8.324
727.000	8.307
728.000	8.290
729.000	8.273
730.000	8.256
731.000	8.239
732.000	8.239
733.000	8.222
734.000	8.205
735.000	8.188
736.000	8.171
737.000	8.154
738.000	8.137
739.000	8.120
740.000	8.104
741.000	8.087
742.000	8.070
743.000	8.070
744.000	8.053
745.000	8.036
746.000	8.019
747.000	8.003
748.000	7.986
749.000	7.969
750.000	7.953
751.000	7.936
752.000	7.919
753.000	7.903
754.000	7.903
755.000	7.886
756.000	7.869
757.000	7.853
758.000	7.836
759.000	7.820
760.000	7.803
761.000	7.787
762.000	7.770
763.000	7.754
764.000	7.738
765.000	7.737
766.000	7.721
767.000	7.704
768.000	7.688
769.000	7.672
770.000	7.656
771.000	7.639
772.000	7.623
773.000	7.607
774.000	7.590
775.000	7.574
776.000	7.574
777.000	7.558
778.000	7.542
779.000	7.525
780.000	7.509
781.000	7.493
782.000	7.477
783.000	7.462
784.000	7.446
785.000	7.431
786.000	7.415
787.000	7.415
788.000	7.399
789.000	7.383
790.000	7.368
791.000	7.352
792.000	7.337
793.000	7.321
794.000	7.306
795.000	7.291
796.000	7.276
797.000	7.276
798.000	7.275
799.000	7.275
800.000	7.275
801.000	7.274
802.000	7.274
803.000	7.274
804.000	7.273
805.000	7.273
806.000	7.273
807.000	7.273
808.000	7.272
809.000	7.272
810.000	7.272
811.000	7.271
812.000	7.271
813.000	7.271
814.000	7.271
815.000	7.270
816.000	7.270
817.000	7.270
818.000	7.269
819.000	7.269
820.000	7.269
821.000	7.268
822.000	7.268
823.000	7.268
824.000	7.268
825.000	7.267
826.000	7.267
827.000	7.267
828.000	7.266
829.000	7.266
830.000	7.266
831.000	7.265
832.000	7.265
833.000	7.265
834.000	7.265
835.000	7.264
836.000	7.264
837.000	7.264
838.000	7.263
839.000	7.263
840.000	7.263
841.000	7.262
842.000	7.262
843.000	7.262
844.000	7.262
845.000	7.261
846.000	7.261
847.000	7.261
848.000	7.260
849.000	7.260
850.000	7.260
851.000	7.260
852.000	7.259
853.000	7.259
854.000	7.259
855.000	7.258
856.000	7.258
857.000	7.258
858.000	7.257
859.000	7.257
860.000	7.257
861.000	7.257
862.000	7.256
863.000	7.256
864.000	7.256
865.000	7.255
866.000	7.255
867.000	7.255
868.000	7.254
869.000	7.254
870.000	7.254
871.000	7.254
872.000	7.253
873.000	7.253
874.000	7.253
875.000	7.252
876.000	7.252
877.000	7.252
878.000	7.251
879.000	7.251
880.000	7.251
881.000	7.251
882.000	7.250
883.000	7.250
884.000	7.250
885.000	7.249
886.000	7.249
887.000	7.249
888.000	7.248
889.000	7.248
890.000	7.248
891.000	7.248
892.000	7.247
893.000	7.247
894.000	7.247
895.000	7.246
896.000	7.246
897.000	7.246
898.000	7.246
899.000	7.245
900.000	7.245
901.000	7.245
902.000	7.244
903.000	7.244
904.000	7.244
905.000	7.243
906.000	7.243
907.000	7.243
908.000	7.243
909.000	7.242
910.000	7.242
911.000	7.242
912.000	7.241
913.000	7.241
914.000	7.241
915.000	7.240
916.000	7.240
917.000	7.240
918.000	7.240
919.000	7.239
920.000	7.239
921.000	7.239
922.000	7.238
923.000	7.238
924.000	7.238
925.000	7.237
926.000	7.237
927.000	7.237
928.000	7.237
929.000	7.236
930.000	7.236
931.000	7.236
932.000	7.235
933.000	7.235
934.000	7.235
935.000	7.234
936.000	7.234
937.000	7.234
938.000	7.234
939.000	7.233
940.000	7.233
941.000	7.233
942.000	7.232
943.000	7.232
944.000	7.232
945.000	7.232
946.000	7.231
947.000	7.231
948.000	7.231
949.000	7.230
950.000	7.230
951.000	7.230
952.000	7.229
953.000	7.229
954.000	7.229
955.000	7.229
956.000	7.228
957.000	7.228
958.000	7.228
959.000	7.227
960.000	7.227
961.000	7.227
962.000	7.226
963.000	7.226
964.000	7.226
965.000	7.226
966.000	7.225
967.000	7.225
968.000	7.225
969.000	7.224
970.000	7.224
971.000	7.224
972.000	7.223
973.000	7.223
974.000	7.223
975.000	7.223
976.000	7.222
977.000	7.222
978.000	7.222
979.000	7.221
980.000	7.221
981.000	7.221
982.000	7.221
983.000	7.220
984.000	7.220
985.000	7.220
986.000	7.219
987.000	7.219
988.000	7.219
989.000	7.218
990.000	7.218
991.000	7.218
992.000	7.218
993.000	7.217
994.000	7.217
995.000	7.217
996.000	7.216
997.000	7.216
998.000	7.216
999.000	7.215
1000.000	7.215
1001.000	7.215
1002.000	7.215
1003.000	7.214
1004.000	7.214
1005.000	7.214
1006.000	7.213
1007.000	7.213
1008.000	7.213
1009.000	7.212
1010.000	7.212
1011.000	7.212
1012.000	7.212
1013.000	7.211
1014.000	7.211
1015.000	7.211
1016.000	7.210
1017.000	7.210
1018.000	7.210
1019.000	7.209
1020.000	7.209
1021.000	7.209
1022.000	7.209
1023.000	7.208
1024.000	7.208
1025.000	7.208
1026.000	7.207
1027.000	7.207
1028.000	7.207
1029.000	7.207
1030.000	7.206
1031.000	7.206
1032.000	7.206
1033.000	7.205
1034.000	7.205
1035.000	7.205
1036.000	7.204
1037.000	7.204
1038.000	7.204
1039.000	7.204
1040.000	7.203
1041.000	7.203
1042.000	7.203
1043.000	7.202
1044.000	7.202
1045.000	7.202
1046.000	7.201
1047.000	7.201
1048.000	7.201
1049.000	7.201
1050.000	7.200
1051.000	7.200
1052.000	7.200
1053.000	7.199
1054.000	7.199
1055.000	7.199
1056.000	7.198
1057.000	7.198
1058.000	7.198
1059.000	7.198
1060.000	7.197
1061.000	7.197
1062.000	7.197
1063.000	7.196
1064.000	7.196
1065.000	7.196
1066.000	7.195
1067.000	7.195
1068.000	7.195
1069.000	7.195
1070.000	7.194
1071.000	7.194
1072.000	7.194
1073.000	7.193
1074.000	7.193
1075.000	7.193
1076.000	7.193
1077.000	7.192
1078.000	7.192
1079.000	7.192
1080.000	7.191
1081.000	7.191
1082.000	7.191
1083.000	7.190
1084.000	7.190
1085.000	7.190
1086.000	7.190
1087.000	7.189
1088.000	7.189
1089.000	7.189
1090.000	7.188
1091.000	7.188
1092.000	7.188
1093.000	7.187
1094.000	7.187
1095.000	7.187
1096.000	7.187
1097.000	7.186
1098.000	7.186
1099.000	7.186
1100.000	7.185
1101.000	7.185
1102.000	7.185
1103.000	7.184
1104.000	7.184
1105.000	7.184
1106.000	7.184
1107.000	7.183
1108.000	7.183
1109.000	7.183
1110.000	7.182
1111.000	7.182
1112.000	7.182
1113.000	7.181
1114.000	7.181
1115.000	7.181
1116.000	7.181
1117.000	7.180
1118.000	7.180
1119.000	7.180
1120.000	7.179
1121.000	7.179
1122.000	7.179
1123.000	7.179
1124.000	7.178
1125.000	7.178
1126.000	7.178
1127.000	7.177
1128.000	7.177
1129.000	7.177
1130.000	7.176
1131.000	7.176
1132.000	7.176
1133.000	7.176
1134.000	7.175
1135.000	7.175
1136.000	7.175
1137.000	7.174
1138.000	7.174
1139.000	7.174
1140.000	7.173
1141.000	7.173
1142.000	7.173
1143.000	7.173
1144.000	7.172
1145.000	7.172
1146.000	7.172
1147.000	7.171
1148.000	7.171
1149.000	7.171
1150.000	7.170
1151.000	7.170
1152.000	7.170
1153.000	7.170
1154.000	7.169
1155.000	7.169
1156.000	7.169
1157.000	7.168
1158.000	7.168
1159.000	7.168
1160.000	7.168
1161.000	7.167
1162.000	7.167
1163.000	7.167
1164.000	7.166
1165.000	7.166
1166.000	7.166
1167.000	7.165
1168.000	7.165
1169.000	7.165
1170.000	7.165
1171.000	7.164
1172.000	7.164
1173.000	7.164
1174.000	7.163
1175.000	7.163
1176.000	7.163
1177.000	7.162
1178.000	7.162
1179.000	7.162
1180.000	7.162
1181.000	7.161
1182.000	7.161
1183.000	7.161
1184.000	7.160
1185.000	7.160
1186.000	7.160
1187.000	7.159
1188.000	7.159
1189.000	7.159
1190.000	7.159
1191.000	7.158
1192.000	7.158
1193.000	7.158
1194.000	7.157
1195.000	7.157
1196.000	7.157
1197.000	7.156
1198.000	7.156
1199.000	7.156
1200.000	7.156
1201.000	7.155
1202.000	7.155
1203.000	7.155
1204.000	7.154
1205.000	7.154
1206.000	7.154
1207.000	7.154
1208.000	7.153
1209.000	7.153
1210.000	7.153
1211.000	7.152
1212.000	7.152
1213.000	7.152
1214.000	7.151
1215.000	7.151
1216.000	7.151
1217.000	7.151
1218.000	7.150
1219.000	7.150
1220.000	7.150
1221.000	7.149
1222.000	7.149
1223.000	7.149
1224.000	7.148
1225.000	7.148
1226.000	7.148
1227.000	7.148
1228.000	7.147
1229.000	7.147
1230.000	7.147
1231.000	7.146
1232.000	7.146
1233.000	7.146
1234.000	7.145
1235.000	7.145
1236.000	7.145
1237.000	7.145
1238.000	7.144
1239.000	7.144
1240.000	7.144
1241.000	7.143
1242.000	7.143
1243.000	7.143
1244.000	7.142
1245.000	7.142
1246.000	7.142
1247.000	7.142
1248.000	7.141
1249.000	7.141
1250.000	7.141
1251.000	7.140
1252.000	7.140
1253.000	7.140
1254.000	7.140
1255.000	7.139
1256.000	7.139
1257.000	7.139
1258.000	7.138
1259.000	7.138
1260.000	7.138
1261.000	7.137
1262.000	7.137
1263.000	7.137
1264.000	7.137
1265.000	7.136
1266.000	7.136
1267.000	7.136
1268.000	7.135
1269.000	7.135
1270.000	7.135
1271.000	7.134
1272.000	7.134
1273.000	7.134
1274.000	7.134
1275.000	7.133
1276.000	7.133
1277.000	7.133
1278.000	7.132
1279.000	7.132
1280.000	7.132
1281.000	7.131
1282.000	7.131
1283.000	7.131
1284.000	7.131
1285.000	7.130
1286.000	7.130
1287.000	7.130
1288.000	7.129
1289.000	7.129
1290.000	7.129
1291.000	7.129
1292.000	7.128
1293.000	7.128
1294.000	7.128
1295.000	7.127
1296.000	7.127
1297.000	7.127
1298.000	7.126
1299.000	7.126
1300.000	7.126
1301.000	7.126
1302.000	7.125
1303.000	7.125
1304.000	7.125
1305.000	7.124
1306.000	7.124
1307.000	7.124
1308.000	7.123
1309.000	7.123
1310.000	7.123
1311.000	7.123
1312.000	7.122
1313.000	7.122
1314.000	7.122
1315.000	7.121
1316.000	7.121
1317.000	7.121
1318.000	7.120
1319.000	7.120
1320.000	7.120
1321.000	7.120
1322.000	7.119
1323.000	7.119
1324.000	7.119
1325.000	7.118
1326.000	7.118
1327.000	7.118
1328.000	7.117
1329.000	7.117
1330.000	7.117
1331.000	7.117
1332.000	7.116
1333.000	7.116
1334.000	7.116
1335.000	7.115
1336.000	7.115
1337.000	7.115
1338.000	7.115
1339.000	7.114
1340.000	7.114
1341.000	7.114
1342.000	7.113
1343.000	7.113
1344.000	7.113
1345.000	7.112
1346.000	7.112
1347.000	7.112
1348.000	7.112
1349.000	7.111
1350.000	7.111
1351.000	7.111
1352.000	7.110
1353.000	7.110
1354.000	7.110
1355.000	7.109
1356.000	7.109
1357.000	7.109
1358.000	7.109
1359.000	7.108
1360.000	7.108
1361.000	7.108
1362.000	7.107
1363.000	7.107
1364.000	7.107
1365.000	7.106
1366.000	7.106
1367.000	7.106
1368.000	7.106
1369.000	7.105
1370.000	7.105
1371.000	7.105
1372.000	7.104
1373.000	7.104
1374.000	7.104
1375.000	7.103
1376.000	7.103
1377.000	7.103
1378.000	7.103
1379.000	7.102
1380.000	7.102
1381.000	7.102
1382.000	7.101
1383.000	7.101
1384.000	7.101
1385.000	7.101
1386.000	7.100
1387.000	7.100
1388.000	7.100
1389.000	7.099
1390.000	7.099
1391.000	7.099
1392.000	7.098
1393.000	7.098
1394.000	7.098
1395.000	7.098
1396.000	7.097
1397.000	7.097
1398.000	7.097
1399.000	7.096
1400.000	7.096
1401.000	7.096
1402.000	7.095
1403.000	7.095
1404.000	7.095
1405.000	7.095
1406.000	7.094
1407.000	7.094
1408.000	7.094
1409.000	7.093
1410.000	7.093
1411.000	7.093
1412.000	7.092
1413.000	7.092
1414.000	7.092
1415.000	7.092
1416.000	7.091
1417.000	7.091
1418.000	7.091
1419.000	7.090
1420.000	7.090
1421.000	7.090
1422.000	7.090
1423.000	7.089
1424.000	7.089
1425.000	7.089
1426.000	7.088
1427.000	7.088
1428.000	7.088
1429.000	7.087
1430.000	7.087
1431.000	7.087
1432.000	7.087
1433.000	7.086
1434.000	7.086
1435.000	7.086
1436.000	7.085
1437.000	7.085
1438.000	7.085
1439.000	7.084
1440.000	7.084
1441.000	7.084
1442.000	7.084
1443.000	7.083
1444.000	7.083
1445.000	7.083
1446.000	7.082
1447.000	7.082
1448.000	7.082
1449.000	7.081
1450.000	7.081
1451.000	7.081
1452.000	7.081
1453.000	7.080
1454.000	7.080
1455.000	7.080
1456.000	7.079
1457.000	7.079
1458.000	7.079
1459.000	7.078
1460.000	7.078
1461.000	7.078
1462.000	7.078
1463.000	7.077
1464.000	7.077
1465.000	7.077
1466.000	7.076
1467.000	7.076
1468.000	7.076
1469.000	7.076
1470.000	7.075
1471.000	7.075
1472.000	7.075
1473.000	7.074
1474.000	7.074
1475.000	7.074
1476.000	7.073
1477.000	7.073
1478.000	7.073
1479.000	7.073
1480.000	7.072
1481.000	7.072
1482.000	7.072
1483.000	7.071
1484.000	7.071
1485.000	7.071
1486.000	7.070
1487.000	7.070
1488.000	7.070
1489.000	7.070
1490.000	7.069
1491.000	7.069
1492.000	7.069
1493.000	7.068
1494.000	7.068
1495.000	7.068
1496.000	7.067
1497.000	7.067
1498.000	7.067
1499.000	7.067
1500.000	7.066
1501.000	7.066
1502.000	7.066
1503.000	7.065
1504.000	7.065
1505.000	7.065
1506.000	7.064
1507.000	7.064
1508.000	7.064
1509.000	7.064
1510.000	7.063
1511.000	7.063
1512.000	7.063
1513.000	7.062
1514.000	7.062
1515.000	7.062
1516.000	7.062
1517.000	7.061
1518.000	7.061
1519.000	7.061
1520.000	7.060
1521.000	7.060
1522.000	7.060
1523.000	7.059
1524.000	7.059
1525.000	7.059
1526.000	7.059
1527.000	7.058
1528.000	7.058
1529.000	7.058
1530.000	7.057
1531.000	7.057
1532.000	7.057
1533.000	7.056
1534.000	7.056
1535.000	7.056
1536.000	7.056
1537.000	7.055
1538.000	7.055
1539.000	7.055
1540.000	7.054
1541.000	7.054
1542.000	7.054
1543.000	7.053
1544.000	7.053
1545.000	7.053
1546.000	7.053
1547.000	7.052
1548.000	7.052
1549.000	7.052
1550.000	7.051
1551.000	7.051
1552.000	7.051
1553.000	7.051
1554.000	7.050
1555.000	7.050
1556.000	7.050
1557.000	7.049
1558.000	7.049
1559.000	7.049
1560.000	7.048
1561.000	7.048
1562.000	7.048
1563.000	7.048
1564.000	7.047
1565.000	7.047
1566.000	7.047
1567.000	7.046
1568.000	7.046
1569.000	7.046
1570.000	7.045
1571.000	7.045
1572.000	7.045
1573.000	7.045
1574.000	7.044
1575.000	7.044
1576.000	7.044
1577.000	7.043
1578.000	7.043
1579.000	7.043
1580.000	7.042
1581.000	7.042
1582.000	7.042
1583.000	7.042
1584.000	7.041
1585.000	7.041
1586.000	7.041
1587.000	7.040
1588.000	7.040
1589.000	7.040
1590.000	7.039
1591.000	7.039
1592.000	7.039
1593.000	7.039
1594.000	7.038
1595.000	7.038
1596.000	7.038
1597.000	7.037
1598.000	7.037
1599.000	7.037
1600.000	7.037
1601.000	7.036
1602.000	7.036
1603.000	7.036
1604.000	7.035
1605.000	7.035
1606.000	7.035
1607.000	7.034
1608.000	7.034
1609.000	7.034
1610.000	7.034
1611.000	7.033
1612.000	7.033
1613.000	7.033
1614.000	7.032
1615.000	7.032
1616.000	7.032
1617.000	7.031
1618.000	7.031
1619.000	7.031
1620.000	7.031
1621.000	7.030
1622.000	7.030
1623.000	7.030
1624.000	7.029
1625.000	7.029
1626.000	7.029
1627.000	7.028
1628.000	7.028
1629.000	7.028
1630.000	7.028
1631.000	7.027
1632.000	7.027
1633.000	7.027
1634.000	7.026
1635.000	7.026
1636.000	7.026
1637.000	7.025
1638.000	7.025
1639.000	7.025
1640.000	7.025
1641.000	7.024
1642.000	7.024
1643.000	7.024
1644.000	7.023
1645.000	7.023
1646.000	7.023
1647.000	7.023
1648.000	7.022
1649.000	7.022
1650.000	7.022
1651.000	7.021
1652.000	7.021
1653.000	7.021
1654.000	7.020
1655.000	7.020
1656.000	7.020
1657.000	7.020
1658.000	7.019
1659.000	7.019
1660.000	7.019
1661.000	7.018
1662.000	7.018
1663.000	7.018
1664.000	7.017
1665.000	7.017
1666.000	7.017
1667.000	7.017
1668.000	7.016
1669.000	7.016
1670.000	7.016
1671.000	7.015
1672.000	7.015
1673.000	7.015
1674.000	7.014
1675.000	7.014
1676.000	7.014
1677.000	7.014
1678.000	7.013
1679.000	7.013
1680.000	7.013
1681.000	7.012
1682.000	7.012
1683.000	7.012
1684.000	7.012
1685.000	7.011
1686.000	7.011
1687.000	7.011
1688.000	7.010
1689.000	7.010
1690.000	7.010
1691.000	7.009
1692.000	7.009
1693.000	7.009
1694.000	7.009
1695.000	7.008
1696.000	7.008
1697.000	7.008
1698.000	7.007
1699.000	7.007
1700.000	7.007
1701.000	7.006
1702.000	7.006
1703.000	7.006
1704.000	7.006
1705.000	7.005
1706.000	7.005
1707.000	7.005
1708.000	7.004
1709.000	7.004
1710.000	7.004
1711.000	7.003
1712.000	7.003
1713.000	7.003
1714.000	7.003
1715.000	7.002
1716.000	7.002
1717.000	7.002
1718.000	7.001
1719.000	7.001
1720.000	7.001
1721.000	7.000
1722.000	7.000
1723.000	7.000
1724.000	7.000
1725.000	6.999
1726.000	6.999
1727.000	6.999
1728.000	6.998
1729.000	6.998
1730.000	6.998
1731.000	6.998
1732.000	6.997
1733.000	6.997
1734.000	6.997
1735.000	6.996
1736.000	6.996
1737.000	6.996
1738.000	6.995
1739.000	6.995
1740.000	6.995
1741.000	6.995
1742.000	6.994
1743.000	6.994
1744.000	6.994
1745.000	6.993
1746.000	6.993
1747.000	6.993
1748.000	6.992
1749.000	6.992
1750.000	6.992
1751.000	6.992
1752.000	6.991
1753.000	6.991
1754.000	6.991
1755.000	6.990
1756.000	6.990
1757.000	6.990
1758.000	6.989
1759.000	6.989
1760.000	6.989
1761.000	6.989
1762.000	6.988
1763.000	6.988
1764.000	6.988
1765.000	6.987
1766.000	6.987
1767.000	6.987
1768.000	6.986
1769.000	6.986
1770.000	6.986
1771.000	6.986
1772.000	6.985
1773.000	6.985
1774.000	6.985
1775.000	6.984
1776.000	6.984
1777.000	6.984
1778.000	6.984
1779.000	6.983
1780.000	6.983
1781.000	6.983
1782.000	6.982
1783.000	6.982
1784.000	6.982
1785.000	6.981
1786.000	6.981
1787.000	6.981
1788.000	6.981
1789.000	6.980
1790.000	6.980
1791.000	6.980
1792.000	6.979
1793.000	6.979
1794.000	6.979
1795.000	6.978
1796.000	6.978
1797.000	6.978
1798.000	6.976
1799.000	6.974
1800.000	6.969
1801.000	6.964
1802.000	6.958
1803.000	6.958
1804.000	6.950
1805.000	6.942
1806.000	6.933
1807.000	6.924
1808.000	6.915
1809.000	6.905
1810.000	6.896
1811.000	6.887
1812.000	6.878
1813.000	6.869
1814.000	6.868
1815.000	6.859
1816.000	6.850
1817.000	6.841
1818.000	6.832
1819.000	6.823
1820.000	6.814
1821.000	6.804
1822.000	6.795
1823.000	6.786
1824.000	6.777
1825.000	6.777
1826.000	6.768
1827.000	6.758
1828.000	6.749
1829.000	6.740
1830.000	6.731
1831.000	6.722
1832.000	6.713
1833.000	6.704
1834.000	6.695
1835.000	6.686
1836.000	6.685
1837.000	6.676
1838.000	6.667
1839.000	6.658
1840.000	6.649
1841.000	6.640
1842.000	6.631
1843.000	6.622
1844.000	6.613
1845.000	6.603
1846.000	6.594
1847.000	6.585
1848.000	6.585
1849.000	6.576
1850.000	6.567
1851.000	6.558
1852.000	6.549
1853.000	6.540
1854.000	6.531
1855.000	6.522
1856.000	6.512
1857.000	6.503
1858.000	6.494
1859.000	6.494
1860.000	6.485
1861.000	6.476
1862.000	6.467
1863.000	6.458
1864.000	6.449
1865.000	6.440
1866.000	6.431
1867.000	6.422
1868.000	6.413
1869.000	6.404
1870.000	6.403
1871.000	6.394
1872.000	6.385
1873.000	6.376
1874.000	6.367
1875.000	6.358
1876.000	6.349
1877.000	6.340
1878.000	6.331
1879.000	6.322
1880.000	6.313
1881.000	6.313
1882.000	6.304
1883.000	6.295
1884.000	6.286
1885.000	6.277
1886.000	6.268
1887.000	6.259
1888.000	6.250
1889.000	6.241
1890.000	6.232
1891.000	6.223
1892.000	6.223
1893.000	6.214
1894.000	6.205
1895.000	6.196
1896.000	6.187
1897.000	6.178
1898.000	6.169
1899.000	6.160
1900.000	6.151
1901.000	6.142
1902.000	6.133
1903.000	6.133
1904.000	6.124
1905.000	6.115
1906.000	6.106
1907.000	6.097
1908.000	6.088
1909.000	6.079
1910.000	6.070
1911.000	6.061
1912.000	6.053
1913.000	6.044
1914.000	6.043
1915.000	6.034
1916.000	6.025
1917.000	6.017
1918.000	6.008
1919.000	5.999
1920.000	5.990
1921.000	5.981
1922.000	5.972
1923.000	5.963
1924.000	5.954
1925.000	5.945
1926.000	5.945
1927.000	5.936
1928.000	5.927
1929.000	5.918
1930.000	5.909
1931.000	5.901
1932.000	5.892
1933.000	5.883
1934.000	5.874
1935.000	5.865
1936.000	5.856
1937.000	5.856
1938.000	5.847
1939.000	5.838
1940.000	5.829
1941.000	5.820
1942.000	5.811
1943.000	5.803
1944.000	5.794
1945.000	5.785
1946.000	5.776
1947.000	5.767
1948.000	5.767
1949.000	5.758
1950.000	5.749
1951.000	5.740
1952.000	5.731
1953.000	5.723
1954.000	5.714
1955.000	5.705
1956.000	5.696
1957.000	5.687
1958.000	5.678
1959.000	5.678
1960.000	5.669
1961.000	5.661
1962.000	5.652
1963.000	5.643
1964.000	5.634
1965.000	5.625
1966.000	5.616
1967.000	5.608
1968.000	5.599
1969.000	5.590
1970.000	5.590
1971.000	5.581
1972.000	5.572
1973.000	5.563
1974.000	5.554
1975.000	5.546
1976.000	5.537
1977.000	5.528
1978.000	5.519
1979.000	5.511
1980.000	5.502
1981.000	5.175
1982.000	5.166
1983.000	5.157
1984.000	5.149
1985.000	5.140
1986.000	5.131
1987.000	5.122
1988.000	5.114
1989.000	5.105
1990.000	5.096
1991.000	5.087
1992.000	5.079
1993.000	5.078
1994.000	5.069
1995.000	5.060
1996.000	5.051
1997.000	5.043
1998.000	5.034
1999.000	5.025
2000.000	5.016
2001.000	5.008
2002.000	4.999
2003.000	4.990
2004.000	4.989
2005.000	4.980
2006.000	4.972
2007.000	4.963
2008.000	4.954
2009.000	4.945
2010.000	4.937
2011.000	4.928
2012.000	4.919
2013.000	4.911
2014.000	4.902
2015.000	4.901
2016.000	4.892
2017.000	4.883
2018.000	4.875
2019.000	4.866
2020.000	4.857
2021.000	4.849
2022.000	4.840
2023.000	4.831
2024.000	4.823
2025.000	4.814
2026.000	4.813
2027.000	4.804
2028.000	4.796
2029.000	4.787
2030.000	4.778
2031.000	4.769
2032.000	4.761
2033.000	4.752
2034.000	4.743
2035.000	4.735
2036.000	4.726
2037.000	4.725
2038.000	4.716
2039.000	4.708
2040.000	4.699
2041.000	4.690
2042.000	4.682
2043.000	4.673
2044.000	4.664
2045.000	4.656
2046.000	4.647
2047.000	4.638
2048.000	4.638
2049.000	4.629
2050.000	4.620
2051.000	4.612
2052.000	4.603
2053.000	4.594
2054.000	4.586
2055.000	4.577
2056.000	4.568
2057.000	4.560
2058.000	4.551
2059.000	4.542
2060.000	4.542
2061.000	4.533
2062.000	4.524
2063.000	4.516
2064.000	4.507
2065.000	4.498
2066.000	4.490
2067.000	4.481
2068.000	4.473
2069.000	4.464
2070.000	4.455
2071.000	4.454
2072.000	4.446
2073.000	4.437
2074.000	4.429
2075.000	4.420
2076.000	4.411
2077.000	4.403
2078.000	4.394
2079.000	4.386
2080.000	4.377
2081.000	4.368
2082.000	4.367
2083.000	4.359
2084.000	4.350
2085.000	4.342
2086.000	4.333
2087.000	4.325
2088.000	4.316
2089.000	4.307
2090.000	4.299
2091.000	4.290
2092.000	4.282
2093.000	4.281
2094.000	4.272
2095.000	4.264
2096.000	4.255
2097.000	4.246
2098.000	4.238
2099.000	4.229
2100.000	4.221
2101.000	4.212
2102.000	4.204
2103.000	4.195
2104.000	4.194
2105.000	4.186
2106.000	4.177
2107.000	4.169
2108.000	4.160
2109.000	4.151
2110.000	4.143
2111.000	4.134
2112.000	4.126
2113.000	4.117
2114.000	4.109
2115.000	4.108
2116.000	4.099
2117.000	4.091
2118.000	4.082
2119.000	4.074
2120.000	4.065
2121.000	4.057
2122.000	4.048
2123.000	4.040
2124.000	4.031
2125.000	4.023
2126.000	4.022
2127.000	4.013
2128.000	4.005
2129.000	3.996
2130.000	3.988
2131.000	3.979
2132.000	3.971
2133.000	3.962
2134.000	3.954
2135.000	3.945
2136.000	3.937
2137.000	3.928
2138.000	3.927
2139.000	3.919
2140.000	3.910
2141.000	3.902
2142.000	3.893
2143.000	3.885
2144.000	3.876
2145.000	3.868
2146.000	3.860
2147.000	3.851
2148.000	3.843
2149.000	3.842
2150.000	3.833
2151.000	3.825
2152.000	3.816
2153.000	3.808
2154.000	3.799
2155.000	3.791
2156.000	3.782
2157.000	3.774
2158.000	3.766
2159.000	3.757
2160.000	3.756
2161.000	3.748
2162.000	3.739
2163.000	3.731
2164.000	3.722
2165.000	3.714
2166.000	3.705
2167.000	3.697
2168.000	3.689
2169.000	3.680
2170.000	3.672
2171.000	3.671
2172.000	3.662
2173.000	3.654
2174.000	3.645
2175.000	3.637
2176.000	3.629
2177.000	3.620
2178.000	3.612
2179.000	3.603
2180.000	3.595
2181.000	3.587
2182.000	3.586
2183.000	3.577
2184.000	3.569
2185.000	3.561
2186.000	3.555
2187.000	3.549
2188.000	3.544
2189.000	3.540
2190.000	3.536
2191.000	3.534
2192.000	3.532
2193.000	3.531
2194.000	3.530
2195.000	3.529
2196.000	3.528
2197.000	3.527
2198.000	3.526
2199.000	3.525
2200.000	3.524
2201.000	3.523
2202.000	3.522
2203.000	3.521
2204.000	3.520
2205.000	3.520
2206.000	3.519
2207.000	3.518
2208.000	3.517
2209.000	3.516
2210.000	3.515
2211.000	3.514
2212.000	3.513
2213.000	3.512
2214.000	3.511
2215.000	3.510
2216.000	3.509
2217.000	3.508
2218.000	3.507
2219.000	3.506
2220.000	3.505
2221.000	3.504
2222.000	3.503
2223.000	3.502
2224.000	3.501
2225.000	3.500
2226.000	3.499
2227.000	3.498
2228.000	3.497
2229.000	3.496
2230.000	3.495
2231.000	3.494
2232.000	3.493
2233.000	3.492
2234.000	3.491
2235.000	3.490
2236.000	3.489
2237.000	3.488
2238.000	3.487
2239.000	3.487
2240.000	3.486
2241.000	3.485
2242.000	3.484
2243.000	3.483
2244.000	3.482
2245.000	3.481
2246.000	3.480
2247.000	3.479
2248.000	3.478
2249.000	3.477
2250.000	3.476
2251.000	3.475
2252.000	3.474
2253.000	3.473
2254.000	3.472
2255.000	3.471
2256.000	3.470
2257.000	3.469
2258.000	3.468
2259.000	3.467
2260.000	3.466
2261.000	3.465
2262.000	3.464
2263.000	3.463
2264.000	3.462
2265.000	3.461
2266.000	3.460
2267.000	3.459
2268.000	3.458
2269.000	3.457
2270.000	3.456
2271.000	3.455
2272.000	3.454
2273.000	3.454
2274.000	3.453
2275.000	3.452
2276.000	3.451
2277.000	3.450
2278.000	3.449
2279.000	3.448
2280.000	3.447
2281.000	3.446
2282.000	3.445
2283.000	3.444
2284.000	3.443
2285.000	3.442
2286.000	3.441
2287.000	3.440
2288.000	3.439
2289.000	3.438
2290.000	3.437
2291.000	3.436
2292.000	3.435
2293.000	3.434
2294.000	3.433
2295.000	3.432
2296.000	3.431
2297.000	3.430
2298.000	3.429
2299.000	3.428
2300.000	3.427
2301.000	3.426
2302.000	3.425
2303.000	3.424
2304.000	3.423
2305.000	3.422
2306.000	3.422
2307.000	3.421
2308.000	3.420
2309.000	3.419
2310.000	3.418
2311.000	3.417
2312.000	3.416
2313.000	3.415
2314.000	3.414
2315.000	3.413
2316.000	3.412
2317.000	3.411
2318.000	3.410
2319.000	3.409
2320.000	3.408
2321.000	3.407
2322.000	3.406
2323.000	3.405
2324.000	3.404
2325.000	3.403
2326.000	3.402
2327.000	3.401
2328.000	3.400
2329.000	3.399
2330.000	3.398
2331.000	3.397
2332.000	3.396
2333.000	3.395
2334.000	3.394
2335.000	3.393
2336.000	3.392
2337.000	3.391
2338.000	3.390
2339.000	3.389
2340.000	3.389
2341.000	3.388
2342.000	3.387
2343.000	3.386
2344.000	3.385
2345.000	3.384
2346.000	3.383
2347.000	3.382
2348.000	3.381
2349.000	3.380
2350.000	3.379
2351.000	3.378
2352.000	3.377
2353.000	3.376
2354.000	3.375
2355.000	3.374
2356.000	3.373
2357.000	3.372
2358.000	3.371
2359.000	3.370
2360.000	3.369
2361.000	3.368
2362.000	3.367
2363.000	3.366
2364.000	3.365
2365.000	3.364
2366.000	3.363
2367.000	3.362
2368.000	3.361
2369.000	3.360
2370.000	3.359
2371.000	3.358
2372.000	3.357
2373.000	3.356
2374.000	3.356
2375.000	3.355
2376.000	3.354
2377.000	3.353
2378.000	3.352
2379.000	3.351
2380.000	3.350
2381.000	3.349
2382.000	3.348
2383.000	3.347
2384.000	3.346
2385.000	3.345
2386.000	3.344
2387.000	3.343
2388.000	3.342
2389.000	3.341
2390.000	3.340
2391.000	3.339
2392.000	3.338
2393.000	3.337
2394.000	3.336
2395.000	3.335
2396.000	3.334
2397.000	3.333
2398.000	3.332
2399.000	3.331
2400.000	3.330
2401.000	3.329
2402.000	3.328
2403.000	3.327
2404.000	3.326
2405.000	3.325
2406.000	3.324
2407.000	3.323
2408.000	3.323
2409.000	3.322
2410.000	3.321
2411.000	3.320
2412.000	3.319
2413.000	3.318
2414.000	3.317
2415.000	3.316
2416.000	3.315
2417.000	3.314
2418.000	3.313
2419.000	3.312
2420.000	3.311
2421.000	3.310
2422.000	3.309
2423.000	3.308
2424.000	3.307
2425.000	3.306
2426.000	3.305
2427.000	3.304
2428.000	3.303
2429.000	3.302
2430.000	3.301
2431.000	3.300
2432.000	3.299
2433.000	3.298
2434.000	3.297
2435.000	3.296
2436.000	3.295
2437.000	3.294
2438.000	3.293
2439.000	3.292
2440.000	3.291
2441.000	3.291
2442.000	3.290
2443.000	3.289
2444.000	3.288
2445.000	3.287
2446.000	3.286
2447.000	3.285
2448.000	3.284
2449.000	3.283
2450.000	3.282
2451.000	3.281
2452.000	3.280
2453.000	3.279
2454.000	3.278
2455.000	3.277
2456.000	3.276
2457.000	3.275
2458.000	3.274
2459.000	3.273
2460.000	3.272
2461.000	3.271
2462.000	3.270
2463.000	3.269
2464.000	3.268
2465.000	3.267
2466.000	3.266
2467.000	3.265
2468.000	3.264
2469.000	3.263
2470.000	3.262
2471.000	3.261
2472.000	3.260
2473.000	3.259
2474.000	3.258
2475.000	3.258
2476.000	3.257
2477.000	3.256
2478.000	3.255
2479.000	3.254
2480.000	3.253
2481.000	3.252
2482.000	3.251
2483.000	3.250
2484.000	3.249
2485.000	3.248
2486.000	3.247
2487.000	3.246
2488.000	3.245
2489.000	3.244
2490.000	3.243
2491.000	3.242
2492.000	3.241
2493.000	3.240
2494.000	3.239
2495.000	3.238
2496.000	3.237
2497.000	3.236
2498.000	3.235
2499.000	3.234
2500.000	3.233
2501.000	3.232
2502.000	3.231
2503.000	3.230
2504.000	3.229
2505.000	3.228
2506.000	3.227
2507.000	3.226
2508.000	3.225
2509.000	3.225
2510.000	3.224
2511.000	3.223
2512.000	3.222
2513.000	3.221
2514.000	3.220
2515.000	3.219
2516.000	3.218
2517.000	3.217
2518.000	3.216
2519.000	3.215
2520.000	3.214
2521.000	3.213
2522.000	3.212
2523.000	3.211
2524.000	3.210
2525.000	3.209
2526.000	3.208
2527.000	3.207
2528.000	3.206
2529.000	3.205
2530.000	3.204
2531.000	3.203
2532.000	3.202
2533.000	3.201
2534.000	3.200
2535.000	3.199
2536.000	3.198
2537.000	3.197
2538.000	3.196
2539.000	3.195
2540.000	3.194
2541.000	3.193
2542.000	3.193
2543.000	3.192
2544.000	3.191
2545.000	3.190
2546.000	3.189
2547.000	3.188
2548.000	3.187
2549.000	3.186
2550.000	3.185
2551.000	3.184
2552.000	3.183
2553.000	3.182
2554.000	3.181
2555.000	3.180
2556.000	3.179
2557.000	3.178
2558.000	3.177
2559.000	3.176
2560.000	3.175
2561.000	3.174
2562.000	3.173
2563.000	3.172
2564.000	3.171
2565.000	3.170
2566.000	3.169
2567.000	3.168
2568.000	3.167
2569.000	3.166
2570.000	3.165
2571.000	3.164
2572.000	3.163
2573.000	3.162
2574.000	3.161
2575.000	3.160
2576.000	3.160
2577.000	3.159
2578.000	3.158
2579.000	3.157
2580.000	3.156
2581.000	3.155
2582.000	3.154
2583.000	3.153
2584.000	3.152
2585.000	3.151
2586.000	3.150
2587.000	3.149
2588.000	3.148
2589.000	3.147
2590.000	3.146
2591.000	3.145
2592.000	3.144
2593.000	3.143
2594.000	3.142
2595.000	3.141
2596.000	3.140
2597.000	3.139
2598.000	3.138
2599.000	3.137
2600.000	3.136
2601.000	3.135
2602.000	3.134
2603.000	3.133
2604.000	3.132
2605.000	3.131
2606.000	3.130
2607.000	3.129
2608.000	3.128
2609.000	3.127
2610.000	3.127
2611.000	3.126
2612.000	3.125
2613.000	3.124
2614.000	3.123
2615.000	3.122
2616.000	3.121
2617.000	3.120
2618.000	3.119
2619.000	3.118
2620.000	3.117
2621.000	3.116
2622.000	3.115
2623.000	3.114
2624.000	3.113
2625.000	3.112
2626.000	3.111
2627.000	3.110
2628.000	3.109
2629.000	3.108
2630.000	3.107
2631.000	3.106
2632.000	3.105
2633.000	3.104
2634.000	3.103
2635.000	3.102
2636.000	3.101
2637.000	3.100
2638.000	3.099
2639.000	3.098
2640.000	3.097
2641.000	3.096
2642.000	3.095
2643.000	3.094
2644.000	3.094
2645.000	3.093
2646.000	3.092
2647.000	3.091
2648.000	3.090
2649.000	3.089
2650.000	3.088
2651.000	3.087
2652.000	3.086
2653.000	3.085
2654.000	3.084
2655.000	3.083
2656.000	3.082
2657.000	3.081
2658.000	3.080
2659.000	3.079
2660.000	3.078
2661.000	3.077
2662.000	3.076
2663.000	3.075
2664.000	3.074
2665.000	3.073
2666.000	3.072
2667.000	3.071
2668.000	3.070
2669.000	3.069
2670.000	3.068
2671.000	3.067
2672.000	3.066
2673.000	3.065
2674.000	3.064
2675.000	3.063
2676.000	3.062
2677.000	3.062
2678.000	3.061
2679.000	3.060
2680.000	3.059
2681.000	3.058
2682.000	3.057
2683.000	3.056
2684.000	3.055
2685.000	3.054
2686.000	3.053
2687.000	3.052
2688.000	3.051
2689.000	3.050
2690.000	3.049
2691.000	3.048
2692.000	3.047
2693.000	3.046
2694.000	3.045
2695.000	3.044
2696.000	3.043
2697.000	3.042
2698.000	3.041
2699.000	3.040
2700.000	3.039
2701.000	3.038
2702.000	3.037
2703.000	3.036
2704.000	3.035
2705.000	3.034
2706.000	3.033
2707.000	3.032
2708.000	3.031
2709.000	3.030
2710.000	3.029
2711.000	3.029
2712.000	3.028
2713.000	3.027
2714.000	3.026
2715.000	3.025
2716.000	3.024
2717.000	3.023
2718.000	3.022
2719.000	3.021
2720.000	3.020
2721.000	3.019
2722.000	3.018
2723.000	3.017
2724.000	3.016
2725.000	3.015
2726.000	3.014
2727.000	3.013
2728.000	3.012
2729.000	3.011
2730.000	3.010
2731.000	3.009
2732.000	3.008
2733.000	3.007
2734.000	3.006
2735.000	3.005
2736.000	3.004
2737.000	3.003
2738.000	3.002
2739.000	3.001
2740.000	3.000
2741.000	2.999
2742.000	2.998
2743.000	2.997
2744.000	2.996
2745.000	2.996
2746.000	2.995
2747.000	2.994
2748.000	2.993
2749.000	2.992
2750.000	2.991
2751.000	2.990
2752.000	2.989
2753.000	2.988
2754.000	2.987
2755.000	2.986
2756.000	2.985
2757.000	2.984
2758.000	2.983
2759.000	2.982
2760.000	2.981
2761.000	2.980
2762.000	2.979
2763.000	2.978
2764.000	2.977
2765.000	2.976
2766.000	2.975
2767.000	2.974
2768.000	2.973
2769.000	2.972
2770.000	2.971
2771.000	2.970
2772.000	2.969
2773.000	2.968
2774.000	2.967
2775.000	2.966
2776.000	2.965
2777.000	2.964
2778.000	2.964
2779.000	2.963
2780.000	2.962
2781.000	2.961
2782.000	2.960
2783.000	2.959
2784.000	2.958
2785.000	2.957
2786.000	2.956
2787.000	2.955
2788.000	2.954
2789.000	2.953
2790.000	2.952
2791.000	2.951
2792.000	2.950
2793.000	2.949
2794.000	2.948
2795.000	2.947
2796.000	2.946
2797.000	2.945
2798.000	2.944
2799.000	2.943
2800.000	2.942
2801.000	2.941
2802.000	2.940
2803.000	2.939
2804.000	2.938
2805.000	2.937
2806.000	2.936
2807.000	2.935
2808.000	2.934
2809.000	2.933
2810.000	2.932
2811.000	2.931
2812.000	2.931
2813.000	2.930
2814.000	2.929
2815.000	2.928
2816.000	2.927
2817.000	2.926
2818.000	2.925
2819.000	2.924
2820.000	2.923
2821.000	2.922
2822.000	2.921
2823.000	2.920
2824.000	2.919
2825.000	2.918
2826.000	2.917
2827.000	2.916
2828.000	2.915
2829.000	2.914
2830.000	2.913
2831.000	2.912
2832.000	2.911
2833.000	2.910
2834.000	2.909
2835.000	2.908
2836.000	2.907
2837.000	2.906
2838.000	2.905
2839.000	2.904
2840.000	2.903
2841.000	2.902
2842.000	2.901
2843.000	2.900
2844.000	2.899
2845.000	2.898
2846.000	2.898
2847.000	2.897
2848.000	2.896
2849.000	2.895
2850.000	2.894
2851.000	2.893
2852.000	2.892
2853.000	2.891
2854.000	2.890
2855.000	2.889
2856.000	2.888
2857.000	2.887
2858.000	2.886
2859.000	2.885
2860.000	2.884
2861.000	2.883
2862.000	2.882
2863.000	2.881
2864.000	2.880
2865.000	2.879
2866.000	2.878
2867.000	2.877
2868.000	2.876
2869.000	2.875
2870.000	2.874
2871.000	2.873
2872.000	2.872
2873.000	2.871
2874.000	2.870
2875.000	2.869
2876.000	2.868
2877.000	2.867
2878.000	2.866
2879.000	2.866
2880.000	2.865
2881.000	2.864
2882.000	2.863
2883.000	2.862
2884.000	2.861
2885.000	2.860
2886.000	2.859
2887.000	2.858
2888.000	2.857
2889.000	2.856
2890.000	2.855
2891.000	2.854
2892.000	2.853
2893.000	2.852
2894.000	2.851
2895.000	2.850
2896.000	2.849
2897.000	2.848
2898.000	2.847
2899.000	2.846
2900.000	2.845
2901.000	2.844
2902.000	2.843
2903.000	2.842
2904.000	2.841
2905.000	2.840
2906.000	2.839
2907.000	2.838
2908.000	2.837
2909.000	2.836
2910.000	2.835
2911.000	2.834
2912.000	2.833
2913.000	2.833
2914.000	2.832
2915.000	2.831
2916.000	2.830
2917.000	2.829
2918.000	2.828
2919.000	2.827
2920.000	2.826
2921.000	2.825
2922.000	2.824
2923.000	2.823
2924.000	2.822
2925.000	2.821
2926.000	2.820
2927.000	2.819
2928.000	2.818
2929.000	2.817
2930.000	2.816
2931.000	2.815
2932.000	2.814
2933.000	2.813
2934.000	2.812
2935.000	2.811
2936.000	2.810
2937.000	2.809
2938.000	2.808
2939.000	2.807
2940.000	2.806
2941.000	2.805
2942.000	2.804
2943.000	2.803
2944.000	2.802
2945.000	2.801
2946.000	2.800
2947.000	2.800
2948.000	2.799
2949.000	2.798
2950.000	2.797
2951.000	2.796
2952.000	2.795
2953.000	2.794
2954.000	2.793
2955.000	2.792
2956.000	2.791
2957.000	2.790
2958.000	2.789
2959.000	2.788
2960.000	2.787
2961.000	2.786
2962.000	2.785
2963.000	2.784
2964.000	2.783
2965.000	2.782
2966.000	2.781
2967.000	2.780
2968.000	2.779
2969.000	2.778
2970.000	2.777
2971.000	2.776
2972.000	2.775
2973.000	2.774
2974.000	2.773
2975.000	2.772
2976.000	2.771
2977.000	2.770
2978.000	2.769
2979.000	2.768
2980.000	2.767
2981.000	2.767
2982.000	2.766
2983.000	2.765
2984.000	2.764
2985.000	2.763
2986.000	2.762
2987.000	2.761
2988.000	2.760
2989.000	2.759
2990.000	2.758
2991.000	2.757
2992.000	2.756
2993.000	2.755
2994.000	2.754
2995.000	2.753
2996.000	2.752
2997.000	2.751
2998.000	2.750
2999.000	2.749
3000.000	2.748
3001.000	2.747
3002.000	2.746
3003.000	2.745
3004.000	2.744
3005.000	2.743
3006.000	2.742
3007.000	2.741
3008.000	2.740
3009.000	2.739
3010.000	2.738
3011.000	2.737
3012.000	2.736
3013.000	2.735
3014.000	2.735
3015.000	2.734
3016.000	2.733
3017.000	2.732
3018.000	2.731
3019.000	2.730
3020.000	2.729
3021.000	2.728
3022.000	2.727
3023.000	2.726
3024.000	2.725
3025.000	2.724
3026.000	2.723
3027.000	2.722
3028.000	2.721
3029.000	2.720
3030.000	2.719
3031.000	2.718
3032.000	2.717
3033.000	2.716
3034.000	2.715
3035.000	2.714
3036.000	2.713
3037.000	2.712
3038.000	2.711
3039.000	2.710
3040.000	2.709
3041.000	2.708
3042.000	2.707
3043.000	2.706
3044.000	2.705
3045.000	2.704
3046.000	2.703
3047.000	2.702
3048.000	2.702
3049.000	2.701
3050.000	2.700
3051.000	2.699
3052.000	2.698
3053.000	2.697
3054.000	2.696
3055.000	2.695
3056.000	2.694
3057.000	2.693
3058.000	2.692
3059.000	2.691
3060.000	2.690
3061.000	2.689
3062.000	2.688
3063.000	2.687
3064.000	2.686
3065.000	2.685
3066.000	2.684
3067.000	2.683
3068.000	2.682
3069.000	2.681
3070.000	2.680
3071.000	2.679
3072.000	2.678
3073.000	2.677
3074.000	2.676
3075.000	2.675
3076.000	2.674
3077.000	2.673
3078.000	2.672
3079.000	2.671
3080.000	2.670
3081.000	2.669
3082.000	2.669
3083.000	2.668
3084.000	2.667
3085.000	2.666
3086.000	2.665
3087.000	2.664
3088.000	2.663
3089.000	2.662
3090.000	2.661
3091.000	2.660
3092.000	2.659
3093.000	2.658
3094.000	2.657
3095.000	2.656
3096.000	2.655
3097.000	2.654
3098.000	2.653
3099.000	2.652
3100.000	2.651
3101.000	2.650
3102.000	2.649
3103.000	2.648
3104.000	2.647
3105.000	2.646
3106.000	2.645
3107.000	2.644
3108.000	2.643
3109.000	2.642
3110.000	2.641
3111.000	2.640
3112.000	2.639
3113.000	2.638
3114.000	2.637
3115.000	2.637
3116.000	2.636
3117.000	2.635
3118.000	2.634
3119.000	2.633
3120.000	2.632
3121.000	2.631
3122.000	2.630
3123.000	2.629
3124.000	2.628
3125.000	2.627
3126.000	2.626
3127.000	2.625
3128.000	2.624
3129.000	2.623
3130.000	2.622
3131.000	2.621
3132.000	2.620
3133.000	2.619
3134.000	2.618
3135.000	2.617
3136.000	2.616
3137.000	2.615
3138.000	2.614
3139.000	2.613
3140.000	2.612
3141.000	2.611
3142.000	2.610
3143.000	2.609
3144.000	2.608
3145.000	2.607
3146.000	2.606
3147.000	2.605
3148.000	2.604
3149.000	2.604
3150.000	2.603
3151.000	2.602
3152.000	2.601
3153.000	2.600
3154.000	2.599
3155.000	2.598
3156.000	2.597
3157.000	2.596
3158.000	2.595
3159.000	2.594
3160.000	2.593
3161.000	2.592
3162.000	2.591
3163.000	2.590
3164.000	2.589
3165.000	2.588
3166.000	2.587
3167.000	2.586
3168.000	2.585
3169.000	2.584
3170.000	2.583
3171.000	2.582
3172.000	2.581
3173.000	2.580
3174.000	2.579
3175.000	2.578
3176.000	2.577
3177.000	2.576
3178.000	2.575
3179.000	2.574
3180.000	2.573
3181.000	2.572
3182.000	2.571
3183.000	2.571
3184.000	2.570
3185.000	2.569
3186.000	2.568
3187.000	2.567
3188.000	2.566
3189.000	2.565
3190.000	2.564
3191.000	2.563
3192.000	2.562
3193.000	2.561
3194.000	2.560
3195.000	2.559
3196.000	2.558
3197.000	2.557
3198.000	2.556
3199.000	2.555
3200.000	2.554
3201.000	2.553
3202.000	2.552
3203.000	2.551
3204.000	2.550
3205.000	2.549
3206.000	2.548
3207.000	2.547
3208.000	2.546
3209.000	2.545
3210.000	2.544
3211.000	2.543
3212.000	2.542
3213.000	2.541
3214.000	2.540
3215.000	2.539
3216.000	2.538
3217.000	2.538
3218.000	2.537
3219.000	2.536
3220.000	2.535
3221.000	2.534
3222.000	2.533
3223.000	2.532
3224.000	2.531
3225.000	2.530
3226.000	2.529
3227.000	2.528
3228.000	2.527
3229.000	2.526
3230.000	2.525
3231.000	2.524
3232.000	2.523
3233.000	2.522
3234.000	2.521
3235.000	2.520
3236.000	2.519
3237.000	2.518
3238.000	2.517
3239.000	2.516
3240.000	2.515
3241.000	2.514
3242.000	2.513
3243.000	2.512
3244.000	2.511
3245.000	2.510
3246.000	2.509
3247.000	2.508
3248.000	2.507
3249.000	2.506
3250.000	2.506
3251.000	2.505
3252.000	2.504
3253.000	2.503
3254.000	2.502
3255.000	2.501
3256.000	2.500
3257.000	2.499
3258.000	2.498
3259.000	2.497
3260.000	2.496
3261.000	2.495
3262.000	2.494
3263.000	2.493
3264.000	2.492
3265.000	2.491
3266.000	2.490
3267.000	2.489
3268.000	2.488
3269.000	2.487
3270.000	2.486
3271.000	2.485
3272.000	2.484
3273.000	2.483
3274.000	2.482
3275.000	2.481
3276.000	2.480
3277.000	2.479
3278.000	2.478
3279.000	2.477
3280.000	2.476
3281.000	2.475
3282.000	2.474
3283.000	2.473
3284.000	2.473
3285.000	2.472
3286.000	2.471
3287.000	2.470
3288.000	2.469
3289.000	2.468
3290.000	2.467
3291.000	2.466
3292.000	2.465
3293.000	2.464
3294.000	2.463
3295.000	2.462
3296.000	2.461
3297.000	2.460
3298.000	2.459
3299.000	2.458
3300.000	2.457
3301.000	2.456
3302.000	2.455
3303.000	2.454
3304.000	2.453
3305.000	2.452
3306.000	2.451
3307.000	2.450
3308.000	2.449
3309.000	2.448
3310.000	2.447
3311.000	2.446
3312.000	2.445
3313.000	2.444
3314.000	2.443
3315.000	2.442
3316.000	2.441
3317.000	2.440
3318.000	2.440
3319.000	2.439
3320.000	2.438
3321.000	2.437
3322.000	2.436
3323.000	2.435
3324.000	2.434
3325.000	2.433
3326.000	2.432
3327.000	2.431
3328.000	2.430
3329.000	2.429
3330.000	2.428
3331.000	2.427
3332.000	2.426
3333.000	2.425
3334.000	2.424
3335.000	2.423
3336.000	2.422
3337.000	2.421
3338.000	2.420
3339.000	2.419
3340.000	2.418
3341.000	2.417
3342.000	2.416
3343.000	2.415
3344.000	2.414
3345.000	2.413
3346.000	2.412
3347.000	2.411
3348.000	2.410
3349.000	2.409
3350.000	2.408
3351.000	2.408
3352.000	2.407
3353.000	2.406
3354.000	2.405
3355.000	2.404
3356.000	2.403
3357.000	2.402
3358.000	2.401
3359.000	2.400
3360.000	2.399
3361.000	2.398
3362.000	2.397
3363.000	2.396
3364.000	2.395
3365.000	2.394
3366.000	2.393
3367.000	2.392
3368.000	2.391
3369.000	2.390
3370.000	2.389
3371.000	2.388
3372.000	2.387
3373.000	2.386
3374.000	2.385
3375.000	2.384
3376.000	2.383
3377.000	2.382
3378.000	2.381
3379.000	2.380
3380.000	2.379
3381.000	2.378
3382.000	2.377
3383.000	2.376
3384.000	2.375
3385.000	2.375
3386.000	2.374
3387.000	2.373
3388.000	2.372
3389.000	2.371
3390.000	2.370
3391.000	2.369
3392.000	2.368
3393.000	2.367
3394.000	2.366
3395.000	2.365
3396.000	2.364
3397.000	2.363
3398.000	2.362
3399.000	2.361
3400.000	2.360
3401.000	2.359
3402.000	2.358
3403.000	2.357
3404.000	2.356
3405.000	2.355
3406.000	2.354
3407.000	2.353
3408.000	2.352
3409.000	2.351
3410.000	2.350
3411.000	2.349
3412.000	2.348
3413.000	2.347
3414.000	2.346
3415.000	2.345
3416.000	2.344
3417.000	2.343
3418.000	2.342
3419.000	2.342
3420.000	2.341
3421.000	2.340
3422.000	2.339
3423.000	2.338
3424.000	2.337
3425.000	2.336
3426.000	2.335
3427.000	2.334
3428.000	2.333
3429.000	2.332
3430.000	2.331
3431.000	2.330
3432.000	2.329
3433.000	2.328
3434.000	2.327
3435.000	2.326
3436.000	2.325
3437.000	2.324
3438.000	2.323
3439.000	2.322
3440.000	2.321
3441.000	2.320
3442.000	2.319
3443.000	2.318
3444.000	2.317
3445.000	2.316
3446.000	2.315
3447.000	2.314
3448.000	2.313
3449.000	2.312
3450.000	2.311
3451.000	2.310
3452.000	2.309
3453.000	2.309
3454.000	2.308
3455.000	2.307
3456.000	2.306
3457.000	2.305
3458.000	2.304
3459.000	2.303
3460.000	2.302
3461.000	2.301
3462.000	2.300
3463.000	2.299
3464.000	2.298
3465.000	2.297
3466.000	2.296
3467.000	2.295
3468.000	2.294
3469.000	2.293
3470.000	2.292
3471.000	2.291
3472.000	2.290
3473.000	2.289
3474.000	2.288
3475.000	2.287
3476.000	2.286
3477.000	2.285
3478.000	2.284
3479.000	2.283
3480.000	2.282
3481.000	2.281
3482.000	2.280
3483.000	2.279
3484.000	2.278
3485.000	2.277
3486.000	2.277
3487.000	2.276
3488.000	2.275
3489.000	2.274
3490.000	2.273
3491.000	2.272
3492.000	2.271
3493.000	2.270
3494.000	2.269
3495.000	2.268
3496.000	2.267
3497.000	2.266
3498.000	2.265
3499.000	2.264
3500.000	2.263
3501.000	2.262
3502.000	2.261
3503.000	2.260
3504.000	2.259
3505.000	2.258
3506.000	2.257
3507.000	2.256
3508.000	2.255
3509.000	2.254
3510.000	2.253
3511.000	2.252
3512.000	2.251
3513.000	2.250
3514.000	2.249
3515.000	2.248
3516.000	2.247
3517.000	2.246
3518.000	2.245
3519.000	2.244
3520.000	2.244
3521.000	2.243
3522.000	2.242
3523.000	2.241
3524.000	2.240
3525.000	2.239
3526.000	2.238
3527.000	2.237
3528.000	2.236
3529.000	2.235
3530.000	2.234
3531.000	2.233
3532.000	2.232
3533.000	2.231
3534.000	2.230
3535.000	2.229
3536.000	2.228
3537.000	2.227
3538.000	2.226
3539.000	2.225
3540.000	2.224
3541.000	2.223
3542.000	2.222
3543.000	2.221
3544.000	2.220
3545.000	2.219
3546.000	2.218
3547.000	2.217
3548.000	2.216
3549.000	2.215
3550.000	2.214
3551.000	2.213
3552.000	2.212
3553.000	2.211
3554.000	2.211
3555.000	2.210
3556.000	2.209
3557.000	2.208
3558.000	2.207
3559.000	2.206
3560.000	2.205
3561.000	2.204
3562.000	2.203
3563.000	2.202
3564.000	2.201
3565.000	2.200
3566.000	2.199
3567.000	2.198
3568.000	2.197
3569.000	2.196
3570.000	2.195
3571.000	2.194
3572.000	2.193
3573.000	2.192
3574.000	2.191
3575.000	2.190
3576.000	2.189
3577.000	2.188
3578.000	2.187
3579.000	2.186
3580.000	2.185
3581.000	2.184
3582.000	2.183
3583.000	2.182
3584.000	2.181
3585.000	2.180
3586.000	2.179
3587.000	2.179
3588.000	2.178
3589.000	2.177
3590.000	2.176
3591.000	2.175
3592.000	2.174
3593.000	2.173
3594.000	2.172
3595.000	2.171
3596.000	2.170
3597.000	2.169
3598.000	2.168
3599.000	2.167
3600.000	2.166
3601.000	2.165
3602.000	2.164
3603.000	2.163
3604.000	2.162
3605.000	2.161
3606.000	2.160
3607.000	2.159
3608.000	2.158
3609.000	2.157
3610.000	2.156
3611.000	2.155
3612.000	2.154
3613.000	2.153
3614.000	2.152
3615.000	2.151
3616.000	2.150
3617.000	2.149
3618.000	2.148
3619.000	2.147
3620.000	2.146
3621.000	2.146
3622.000	2.145
3623.000	2.144
3624.000	2.143
3625.000	2.142
3626.000	2.141
3627.000	2.140
3628.000	2.139
3629.000	2.138
3630.000	2.137
3631.000	2.136
3632.000	2.135
3633.000	2.134
3634.000	2.133
3635.000	2.132
3636.000	2.131
3637.000	2.130
3638.000	2.129
3639.000	2.128
3640.000	2.127
3641.000	2.126
3642.000	2.125
3643.000	2.124
3644.000	2.123
3645.000	2.122
3646.000	2.121
3647.000	2.120
3648.000	2.119
3649.000	2.118
3650.000	2.117
3651.000	2.116
3652.000	2.115
3653.000	2.114
3654.000	2.113
3655.000	2.112
3656.000	2.111
3657.000	2.111
3658.000	2.110
3659.000	2.109
3660.000	2.108
3661.000	2.107
3662.000	2.106
3663.000	2.105
3664.000	2.104
3665.000	2.103
3666.000	2.102
3667.000	2.101
3668.000	2.100
3669.000	2.099
3670.000	2.098
3671.000	2.097
3672.000	2.096
3673.000	2.095
3674.000	2.094
3675.000	2.093
3676.000	2.092
3677.000	2.091
3678.000	2.090
3679.000	2.089
3680.000	2.088
3681.000	2.087
3682.000	2.086
3683.000	2.085
3684.000	2.084
3685.000	2.083
3686.000	2.082
3687.000	2.081
3688.000	2.080
3689.000	2.079
3690.000	2.078
3691.000	2.077
3692.000	2.076
3693.000	2.075
3694.000	2.074
3695.000	2.073
3696.000	2.072
3697.000	2.072
3698.000	2.071
3699.000	2.070
3700.000	2.069
3701.000	2.068
3702.000	2.067
3703.000	2.066
3704.000	2.065
3705.000	2.064
3706.000	2.063
3707.000	2.062
3708.000	2.061
3709.000	2.060
3710.000	2.059
3711.000	2.058
3712.000	2.057
3713.000	2.056
3714.000	2.055
3715.000	2.054
3716.000	2.053
3717.000	2.052
3718.000	2.051
3719.000	2.050
3720.000	2.049
3721.000	2.048
3722.000	2.047
3723.000	2.046
3724.000	2.045
3725.000	2.044
3726.000	2.043
3727.000	2.042
3728.000	2.041
3729.000	2.040
3730.000	2.039
3731.000	2.038
3732.000	2.037
3733.000	2.036
3734.000	2.035
3735.000	2.034
3736.000	2.033
3737.000	2.032
3738.000	2.031
3739.000	2.030
3740.000	2.029
3741.000	2.028
3742.000	2.027
3743.000	2.026
3744.000	2.025
3745.000	2.024
3746.000	2.023
3747.000	2.022
3748.000	2.021
3749.000	2.020
3750.000	2.019
3751.000	2.018
3752.000	2.017
3753.000	2.016
3754.000	2.015
3755.000	2.014
3756.000	2.013
3757.000	2.012
3758.000	2.011
3759.000	2.010
3760.000	2.009
3761.000	2.008
3762.000	2.007
3763.000	2.006
3764.000	2.005
3765.000	2.004
3766.000	2.003
3767.000	2.002
3768.000	2.001
3769.000	2.000
3770.000	1.999
3771.000	1.999
3772.000	1.998
3773.000	1.997
3774.000	1.996
3775.000	1.995
3776.000	1.994
3777.000	1.993
3778.000	1.992
3779.000	1.991
3780.000	1.990
3781.000	1.989
3782.000	1.988
3783.000	1.987
3784.000	1.986
3785.000	1.985
3786.000	1.984
3787.000	1.983
3788.000	1.982
3789.000	1.981
3790.000	1.980
3791.000	1.979
3792.000	1.978
3793.000	1.977
3794.000	1.976
3795.000	1.975
3796.000	1.974
3797.000	1.973
3798.000	1.972
3799.000	1.971
3800.000	1.970
3801.000	1.969
3802.000	1.968
3803.000	1.967
3804.000	1.967
3805.000	1.966
3806.000	1.965
3807.000	1.964
3808.000	1.963
3809.000	1.962
3810.000	1.961
3811.000	1.960
3812.000	1.959
3813.000	1.958
3814.000	1.957
3815.000	1.956
3816.000	1.955
3817.000	1.954
3818.000	1.953
3819.000	1.952
3820.000	1.951
3821.000	1.950
3822.000	1.949
3823.000	1.948
3824.000	1.947
3825.000	1.946
3826.000	1.945
3827.000	1.944
3828.000	1.943
3829.000	1.942
3830.000	1.941
3831.000	1.940
3832.000	1.939
3833.000	1.938
3834.000	1.937
3835.000	1.936
3836.000	1.935
3837.000	1.934
3838.000	1.934
3839.000	1.933
3840.000	1.932
3841.000	1.931
3842.000	1.930
3843.000	1.929
3844.000	1.928
3845.000	1.927
3846.000	1.926
3847.000	1.925
3848.000	1.924
3849.000	1.923
3850.000	1.922
3851.000	1.921
3852.000	1.920
3853.000	1.919
3854.000	1.918
3855.000	1.917
3856.000	1.916
3857.000	1.915
3858.000	1.914
3859.000	1.913
3860.000	1.912
3861.000	1.911
3862.000	1.910
3863.000	1.909
3864.000	1.908
3865.000	1.907
3866.000	1.906
3867.000	1.905
3868.000	1.904
3869.000	1.903
3870.000	1.902
3871.000	1.901
3872.000	1.901
3873.000	1.900
3874.000	1.899
3875.000	1.898
3876.000	1.897
3877.000	1.896
3878.000	1.895
3879.000	1.894
3880.000	1.893
3881.000	1.892
3882.000	1.891
3883.000	1.890
3884.000	1.889
3885.000	1.888
3886.000	1.887
3887.000	1.886
3888.000	1.885
3889.000	1.884
3890.000	1.883
3891.000	1.882
3892.000	1.881
3893.000	1.880
3894.000	1.879
3895.000	1.878
3896.000	1.877
3897.000	1.876
3898.000	1.875
3899.000	1.874
3900.000	1.873
3901.000	1.872
3902.000	1.871
3903.000	1.870
3904.000	1.869
3905.000	1.869
3906.000	1.868
3907.000	1.867
3908.000	1.866
3909.000	1.865
3910.000	1.864
3911.000	1.863
3912.000	1.862
3913.000	1.861
3914.000	1.860
3915.000	1.859
3916.000	1.858
3917.000	1.857
3918.000	1.856
3919.000	1.855
3920.000	1.854
3921.000	1.853
3922.000	1.852
3923.000	1.851
3924.000	1.850
3925.000	1.849
3926.000	1.848
3927.000	1.847
3928.000	1.846
3929.000	1.845
3930.000	1.844
3931.000	1.843
3932.000	1.842
3933.000	1.841
3934.000	1.840
3935.000	1.839
3936.000	1.838
3937.000	1.837
3938.000	1.836
3939.000	1.836
3940.000	1.835
3941.000	1.834
3942.000	1.833
3943.000	1.832
3944.000	1.831
3945.000	1.830
3946.000	1.829
3947.000	1.828
3948.000	1.827
3949.000	1.826
3950.000	1.825
3951.000	1.824
3952.000	1.823
3953.000	1.822
3954.000	1.821
3955.000	1.820
3956.000	1.819
3957.000	1.818
3958.000	1.817
3959.000	1.816
3960.000	1.815
3961.000	1.814
3962.000	1.813
3963.000	1.812
3964.000	1.811
3965.000	1.810
3966.000	1.809
3967.000	1.808
3968.000	1.807
3969.000	1.806
3970.000	1.805
3971.000	1.804
3972.000	1.803
3973.000	1.803
3974.000	1.802
3975.000	1.801
3976.000	1.800
3977.000	1.799
3978.000	1.798
3979.000	1.797
3980.000	1.796
3981.000	1.795
3982.000	1.794
3983.000	1.793
3984.000	1.792
3985.000	1.791
3986.000	1.786
3987.000	1.785
3988.000	1.784
3989.000	1.783
3990.000	1.782
3991.000	1.781
3992.000	1.780
3993.000	1.779
3994.000	1.778
3995.000	1.777
3996.000	1.776
3997.000	1.776
3998.000	1.775
3999.000	1.774
4000.000	1.773
4001.000	1.772
4002.000	1.771
4003.000	1.770
4004.000	1.769
4005.000	1.768
4006.000	1.767
4007.000	1.766
4008.000	1.765
4009.000	1.764
4010.000	1.763
4011.000	1.762
4012.000	1.761
4013.000	1.760
4014.000	1.759
4015.000	1.758
4016.000	1.757
4017.000	1.756
4018.000	1.755
4019.000	1.754
4020.000	1.753
4021.000	1.752
4022.000	1.751
4023.000	1.750
4024.000	1.749
4025.000	1.748
4026.000	1.747
4027.000	1.746
4028.000	1.745
4029.000	1.744
4030.000	1.743
4031.000	1.743
4032.000	1.742
4033.000	1.741
4034.000	1.740
4035.000	1.739
4036.000	1.738
4037.000	1.737
4038.000	1.736
4039.000	1.735
4040.000	1.734
4041.000	1.733
4042.000	1.732
4043.000	1.731
4044.000	1.730
4045.000	1.729
4046.000	1.728
4047.000	1.727
4048.000	1.726
4049.000	1.715
4050.000	1.714
4051.000	1.713
4052.000	1.712
4053.000	1.711
4054.000	1.710
4055.000	1.709
4056.000	1.708
4057.000	1.707
4058.000	1.706
4059.000	1.705
4060.000	1.704
4061.000	1.703
4062.000	1.702
4063.000	1.702
4064.000	1.701
4065.000	1.700
4066.000	1.699
4067.000	1.698
4068.000	1.697
4069.000	1.696
4070.000	1.695
4071.000	1.694
4072.000	1.693
4073.000	1.692
4074.000	1.691
4075.000	1.690
4076.000	1.689
4077.000	1.688
4078.000	1.687
4079.000	1.686
4080.000	1.685
4081.000	1.661
4082.000	1.660
4083.000	1.659
4084.000	1.659
4085.000	1.658
4086.000	1.657
4087.000	1.656
4088.000	1.655
4089.000	1.654
4090.000	1.653
4091.000	1.652
4092.000	1.651
4093.000	1.650
4094.000	1.649
4095.000	1.648
