0.000	21.991
1.000	21.991
2.000	21.991
3.000	21.991
4.000	21.991
5.000	21.991
6.000	21.991
7.000	21.991
8.000	21.991
9.000	21.991
10.000	21.991
11.000	21.991
12.000	21.991
13.000	21.991
14.000	21.991
15.000	21.991
16.000	21.991
17.000	21.991
18.000	21.991
19.000	21.991
20.000	21.991
21.000	21.991
22.000	21.991
23.000	21.991
24.000	21.991
25.000	21.991
26.000	21.991
27.000	21.991
28.000	21.991
29.000	21.991
30.000	21.991
31.000	21.991
32.000	21.991
33.000	21.991
34.000	21.991
35.000	21.991
36.000	21.991
37.000	21.991
38.000	21.991
39.000	21.991
40.000	21.991
41.000	21.991
42.000	21.991
43.000	21.991
44.000	21.991
45.000	21.991
46.000	21.991
47.000	21.991
48.000	21.991
49.000	21.991
50.000	21.991
51.000	21.991
52.000	21.991
53.000	21.991
54.000	21.991
55.000	21.991
56.000	21.991
57.000	21.991
58.000	21.991
59.000	21.991
60.000	21.991
61.000	21.991
62.000	21.991
63.000	21.991
64.000	21.991
65.000	21.991
66.000	21.991
67.000	21.991
68.000	21.991
69.000	21.991
70.000	21.991
71.000	21.991
72.000	21.991
73.000	21.991
74.000	21.991
75.000	21.991
76.000	21.991
77.000	21.991
78.000	21.991
79.000	21.991
80.000	21.991
81.000	21.991
82.000	21.991
83.000	21.972
84.000	21.972
85.000	21.940
86.000	21.896
87.000	21.839
88.000	21.770
89.000	21.702
90.000	21.634
91.000	21.565
92.000	21.497
93.000	21.430
94.000	21.363
95.000	21.296
96.000	21.296
97.000	21.229
98.000	21.162
99.000	21.096
100.000	21.030
101.000	20.964
102.000	20.898
103.000	20.833
104.000	20.768
105.000	20.703
106.000	20.639
107.000	20.068
108.000	20.004
109.000	19.939
110.000	19.876
111.000	19.812
112.000	19.749
113.000	19.685
114.000	19.622
115.000	19.559
116.000	19.497
117.000	19.435
118.000	19.433
119.000	19.371
120.000	19.308
121.000	19.247
122.000	19.186
123.000	19.124
124.000	19.063
125.000	19.002
126.000	18.940
127.000	18.880
128.000	18.820
129.000	18.818
130.000	18.758
131.000	18.698
132.000	18.637
133.000	18.594
134.000	18.561
135.000	18.539
136.000	18.527
137.000	18.526
138.000	18.524
139.000	18.523
140.000	18.522
141.000	18.521
142.000	18.519
143.000	18.518
144.000	18.517
145.000	18.516
146.000	18.514
147.000	18.513
148.000	18.512
149.000	18.511
150.000	18.509
151.000	18.508
152.000	18.507
153.000	18.506
154.000	18.504
155.000	18.503
156.000	18.502
157.000	18.500
158.000	18.499
159.000	18.498
160.000	18.497
161.000	18.495
162.000	18.494
163.000	18.493
164.000	18.492
165.000	18.490
166.000	18.489
167.000	18.488
168.000	18.487
169.000	18.485
170.000	18.484
171.000	18.483
172.000	18.482
173.000	18.480
174.000	18.479
175.000	18.478
176.000	18.476
177.000	18.475
178.000	18.474
179.000	18.473
180.000	18.471
181.000	18.470
182.000	18.469
183.000	18.468
184.000	18.465
185.000	18.463
186.000	18.460
187.000	18.457
188.000	18.410
189.000	18.364
190.000	18.317
191.000	18.271
192.000	18.224
193.000	18.179
194.000	18.133
195.000	18.087
196.000	18.086
197.000	18.040
198.000	17.994
199.000	17.948
200.000	17.903
201.000	17.858
202.000	17.813
203.000	17.768
204.000	17.723
205.000	17.678
206.000	17.634
207.000	17.632
208.000	17.588
209.000	17.543
210.000	17.499
211.000	17.455
212.000	17.411
213.000	17.367
214.000	17.324
215.000	17.280
216.000	17.237
217.000	17.193
218.000	17.137
219.000	17.094
220.000	17.051
221.000	17.008
222.000	16.965
223.000	16.922
224.000	16.880
225.000	16.837
226.000	16.794
227.000	16.752
228.000	16.710
229.000	16.668
230.000	16.667
231.000	16.625
232.000	16.583
233.000	16.542
234.000	16.500
235.000	16.459
236.000	16.417
237.000	16.376
238.000	16.335
239.000	16.294
240.000	16.253
241.000	16.252
242.000	16.211
243.000	16.170
244.000	16.129
245.000	16.089
246.000	16.049
247.000	16.008
248.000	15.968
249.000	15.928
250.000	15.888
251.000	15.848
252.000	15.847
253.000	15.807
254.000	15.769
255.000	15.731
256.000	15.693
257.000	15.656
258.000	15.655
259.000	15.654
260.000	15.653
261.000	15.651
262.000	15.650
263.000	15.649
264.000	15.648
265.000	15.646
266.000	15.645
267.000	15.644
268.000	15.643
269.000	15.621
270.000	15.579
271.000	15.538
272.000	15.497
273.000	15.456
274.000	15.454
275.000	15.413
276.000	15.373
277.000	15.332
278.000	15.291
279.000	15.251
280.000	15.210
281.000	15.170
282.000	15.129
283.000	15.089
284.000	15.049
285.000	15.048
286.000	15.008
287.000	14.968
288.000	14.928
289.000	14.888
290.000	14.849
291.000	14.809
292.000	14.770
293.000	14.730
294.000	14.691
295.000	14.652
296.000	14.651
297.000	14.611
298.000	14.572
299.000	14.533
300.000	14.495
301.000	14.456
302.000	14.417
303.000	14.379
304.000	14.340
305.000	14.302
306.000	14.263
307.000	14.225
308.000	12.697
309.000	12.659
310.000	12.620
311.000	12.583
312.000	12.545
313.000	12.507
314.000	12.469
315.000	12.431
316.000	12.394
317.000	12.357
318.000	12.319
319.000	12.318
320.000	12.280
321.000	12.243
322.000	12.206
323.000	12.169
324.000	12.132
325.000	12.095
326.000	12.058
327.000	12.021
328.000	11.985
329.000	11.948
330.000	11.947
331.000	11.910
332.000	11.873
333.000	11.837
334.000	11.801
335.000	11.765
336.000	11.729
337.000	11.692
338.000	11.656
339.000	11.620
340.000	11.584
341.000	11.583
342.000	11.547
343.000	11.511
344.000	11.475
345.000	11.440
346.000	11.404
347.000	11.369
348.000	11.333
349.000	11.298
350.000	11.263
351.000	11.228
352.000	11.226
353.000	11.191
354.000	11.156
355.000	11.138
356.000	11.137
357.000	11.135
358.000	11.134
359.000	11.133
360.000	11.131
361.000	11.130
362.000	11.128
363.000	11.127
364.000	11.126
365.000	11.124
366.000	11.123
367.000	11.121
368.000	11.120
369.000	11.119
370.000	11.117
371.000	11.116
372.000	11.114
373.000	11.113
374.000	11.111
375.000	11.110
376.000	11.109
377.000	11.107
378.000	11.078
379.000	11.050
380.000	11.021
381.000	10.992
382.000	10.963
383.000	10.935
384.000	10.906
385.000	10.878
386.000	10.876
387.000	10.848
388.000	10.819
389.000	10.791
390.000	10.763
391.000	10.734
392.000	10.706
393.000	10.678
394.000	10.650
395.000	10.622
396.000	10.594
397.000	10.592
398.000	10.564
399.000	10.536
400.000	10.509
401.000	10.481
402.000	10.453
403.000	10.426
404.000	10.398
405.000	10.370
406.000	10.343
407.000	10.315
408.000	10.314
409.000	10.286
410.000	10.259
411.000	10.231
412.000	10.204
413.000	10.177
414.000	10.150
415.000	10.122
416.000	10.095
417.000	10.068
418.000	10.041
419.000	10.040
420.000	10.013
421.000	9.986
422.000	9.959
423.000	9.932
424.000	9.905
425.000	9.879
426.000	9.852
427.000	9.825
428.000	9.799
429.000	9.772
430.000	9.771
431.000	9.744
432.000	9.718
433.000	9.691
434.000	9.665
435.000	9.639
436.000	9.612
437.000	9.586
438.000	9.560
439.000	9.534
440.000	9.508
441.000	9.482
442.000	9.480
443.000	9.454
444.000	9.428
445.000	9.402
446.000	9.377
447.000	9.351
448.000	9.325
449.000	9.299
450.000	9.274
451.000	9.248
452.000	9.222
453.000	9.221
454.000	9.195
455.000	9.170
456.000	9.144
457.000	9.119
458.000	9.094
459.000	9.068
460.000	9.043
461.000	9.018
462.000	8.993
463.000	8.967
464.000	8.966
465.000	8.941
466.000	8.916
467.000	8.891
468.000	8.866
469.000	8.841
470.000	8.816
471.000	8.791
472.000	8.766
473.000	8.741
474.000	8.717
475.000	8.715
476.000	8.690
477.000	8.666
478.000	8.641
479.000	8.616
480.000	8.592
481.000	8.567
482.000	8.543
483.000	8.518
484.000	8.494
485.000	8.493
486.000	8.492
487.000	8.490
488.000	8.489
489.000	8.487
490.000	8.486
491.000	8.485
492.000	8.483
493.000	8.482
494.000	8.480
495.000	8.479
496.000	8.477
497.000	8.476
498.000	8.475
499.000	8.473
500.000	8.472
501.000	8.470
502.000	8.469
503.000	8.468
504.000	8.466
505.000	8.465
506.000	8.463
507.000	8.462
508.000	8.461
509.000	8.459
510.000	8.458
511.000	8.456
512.000	8.455
513.000	8.454
514.000	8.452
515.000	8.451
516.000	8.449
517.000	8.448
518.000	8.446
519.000	8.445
520.000	8.444
521.000	8.442
522.000	8.441
523.000	8.439
524.000	8.438
525.000	8.437
526.000	8.435
527.000	8.434
528.000	8.432
529.000	8.431
530.000	8.430
531.000	8.428
532.000	8.427
533.000	8.425
534.000	8.424
535.000	8.423
536.000	8.421
537.000	8.420
538.000	8.418
539.000	8.417
540.000	8.415
541.000	8.414
542.000	8.413
543.000	8.411
544.000	8.410
545.000	8.408
546.000	8.407
547.000	8.406
548.000	8.404
549.000	8.403
550.000	8.401
551.000	8.400
552.000	8.399
553.000	8.397
554.000	8.396
555.000	8.394
556.000	8.393
557.000	8.392
558.000	8.390
559.000	8.389
560.000	8.387
561.000	8.386
562.000	8.384
563.000	8.383
564.000	8.382
565.000	8.380
566.000	8.379
567.000	8.377
568.000	8.376
569.000	8.375
570.000	8.349
571.000	8.324
572.000	8.299
573.000	8.274
574.000	8.249
575.000	8.248
576.000	8.223
577.000	8.198
578.000	8.173
579.000	8.148
580.000	8.123
581.000	8.099
582.000	8.074
583.000	8.049
584.000	8.025
585.000	8.000
586.000	7.976
587.000	7.975
588.000	7.950
589.000	7.926
590.000	7.901
591.000	7.877
592.000	7.853
593.000	7.829
594.000	7.804
595.000	7.780
596.000	7.756
597.000	7.732
598.000	7.731
599.000	7.707
600.000	7.683
601.000	7.659
602.000	7.635
603.000	7.612
604.000	7.588
605.000	7.564
606.000	7.540
607.000	7.517
608.000	7.493
609.000	7.492
610.000	7.468
611.000	7.445
612.000	7.421
613.000	7.398
614.000	7.375
615.000	7.351
616.000	7.328
617.000	7.305
618.000	7.282
619.000	7.258
620.000	7.257
621.000	7.234
622.000	7.211
623.000	7.188
624.000	7.165
625.000	7.142
626.000	7.119
627.000	7.096
628.000	7.073
629.000	7.050
630.000	7.028
631.000	7.026
632.000	7.004
633.000	6.981
634.000	6.958
635.000	6.936
636.000	6.913
637.000	6.891
638.000	6.868
639.000	6.846
640.000	6.824
641.000	6.801
642.000	6.801
643.000	6.779
644.000	6.757
645.000	6.734
646.000	6.712
647.000	6.690
648.000	6.668
649.000	6.646
650.000	6.624
651.000	6.602
652.000	6.580
653.000	6.558
654.000	6.558
655.000	6.536
656.000	6.515
657.000	6.493
658.000	6.471
659.000	6.449
660.000	6.428
661.000	6.406
662.000	6.385
663.000	6.363
664.000	6.342
665.000	6.342
666.000	6.320
667.000	6.299
668.000	6.277
669.000	6.256
670.000	6.235
671.000	6.213
672.000	6.192
673.000	6.171
674.000	6.150
675.000	6.129
676.000	6.129
677.000	6.107
678.000	6.086
679.000	6.065
680.000	6.044
681.000	6.024
682.000	6.003
683.000	5.982
684.000	5.961
685.000	5.940
686.000	5.919
687.000	5.919
688.000	5.899
689.000	5.878
690.000	5.857
691.000	5.837
692.000	5.816
693.000	5.795
694.000	5.775
695.000	5.754
696.000	5.734
697.000	5.714
698.000	5.714
699.000	5.693
700.000	5.673
701.000	5.652
702.000	5.632
703.000	5.612
704.000	5.592
705.000	5.572
706.000	5.551
707.000	5.531
708.000	5.511
709.000	5.511
710.000	5.491
711.000	5.471
712.000	5.451
713.000	5.431
714.000	5.411
715.000	5.411
716.000	5.411
717.000	5.411
718.000	5.411
719.000	5.411
720.000	5.411
721.000	5.411
722.000	5.411
723.000	5.411
724.000	5.411
725.000	5.411
726.000	5.411
727.000	5.411
728.000	5.411
729.000	5.411
730.000	5.411
731.000	5.411
732.000	5.411
733.000	5.411
734.000	5.411
735.000	5.411
736.000	5.411
737.000	5.411
738.000	5.411
739.000	5.411
740.000	5.411
741.000	5.411
742.000	5.411
743.000	5.411
744.000	5.411
745.000	5.411
746.000	5.411
747.000	5.411
748.000	5.411
749.000	5.411
750.000	5.411
751.000	5.411
752.000	5.411
753.000	5.411
754.000	5.411
755.000	5.411
756.000	5.411
757.000	5.411
758.000	5.411
759.000	5.411
760.000	5.411
761.000	5.411
762.000	5.411
763.000	5.411
764.000	5.411
765.000	5.411
766.000	5.411
767.000	5.411
768.000	5.411
769.000	5.411
770.000	5.411
771.000	5.411
772.000	5.411
773.000	5.411
774.000	5.411
775.000	5.411
776.000	5.411
777.000	5.411
778.000	5.411
779.000	5.411
780.000	5.411
781.000	5.411
782.000	5.411
783.000	5.411
784.000	5.411
785.000	5.411
786.000	5.411
787.000	5.411
788.000	5.411
789.000	5.411
790.000	5.411
791.000	5.411
792.000	5.411
793.000	5.411
794.000	5.411
795.000	5.411
796.000	5.411
797.000	5.411
798.000	5.411
799.000	5.411
800.000	5.411
801.000	5.411
802.000	5.411
803.000	5.411
804.000	5.411
805.000	5.411
806.000	5.411
807.000	5.411
808.000	5.411
809.000	5.411
810.000	5.411
811.000	5.411
812.000	5.411
813.000	5.411
814.000	5.411
815.000	5.411
816.000	5.411
817.000	5.411
818.000	5.411
819.000	5.411
820.000	5.411
821.000	5.411
822.000	5.411
823.000	5.411
824.000	5.411
825.000	5.411
826.000	5.411
827.000	5.411
828.000	5.411
829.000	5.411
830.000	5.411
831.000	5.411
832.000	5.411
833.000	5.411
834.000	5.411
835.000	5.411
836.000	5.411
837.000	5.411
838.000	5.411
839.000	5.411
840.000	5.411
841.000	5.411
842.000	5.411
843.000	5.411
844.000	5.411
845.000	5.411
846.000	5.411
847.000	5.411
848.000	5.411
849.000	5.411
850.000	5.411
851.000	5.411
852.000	5.411
853.000	5.411
854.000	5.411
855.000	5.411
856.000	5.411
857.000	5.411
858.000	5.411
859.000	5.411
860.000	5.411
861.000	5.411
862.000	5.411
863.000	5.411
864.000	5.411
865.000	5.411
866.000	5.411
867.000	5.411
868.000	5.411
869.000	5.411
870.000	5.411
871.000	5.411
872.000	5.411
873.000	5.411
874.000	5.411
875.000	5.411
876.000	5.411
877.000	5.411
878.000	5.411
879.000	5.411
880.000	5.411
881.000	5.411
882.000	5.411
883.000	5.411
884.000	5.411
885.000	5.411
886.000	5.411
887.000	5.411
888.000	5.411
889.000	5.411
890.000	5.411
891.000	5.411
892.000	5.411
893.000	5.411
894.000	5.411
895.000	5.411
896.000	5.411
897.000	5.411
898.000	5.411
899.000	5.411
900.000	5.411
901.000	5.411
902.000	5.411
903.000	5.411
904.000	5.411
905.000	5.411
906.000	5.411
907.000	5.411
908.000	5.411
909.000	5.411
910.000	5.411
911.000	5.411
912.000	5.411
913.000	5.411
914.000	5.411
915.000	5.411
916.000	5.411
917.000	5.411
918.000	5.411
919.000	5.411
920.000	5.411
921.000	5.411
922.000	5.411
923.000	5.411
924.000	5.411
925.000	5.411
926.000	5.411
927.000	5.411
928.000	5.411
929.000	5.411
930.000	5.411
931.000	5.411
932.000	5.411
933.000	5.411
934.000	5.411
935.000	5.411
936.000	5.411
937.000	5.411
938.000	5.411
939.000	5.411
940.000	5.411
941.000	5.411
942.000	5.411
943.000	5.411
944.000	5.411
945.000	5.411
946.000	5.411
947.000	5.411
948.000	5.411
949.000	5.411
950.000	5.411
951.000	5.411
952.000	5.411
953.000	5.411
954.000	5.411
955.000	5.411
956.000	5.411
957.000	5.411
958.000	5.411
959.000	5.411
960.000	5.411
961.000	5.411
962.000	5.411
963.000	5.411
964.000	5.411
965.000	5.411
966.000	5.411
967.000	5.411
968.000	5.411
969.000	5.411
970.000	5.411
971.000	5.411
972.000	5.411
973.000	5.411
974.000	5.411
975.000	5.411
976.000	5.411
977.000	5.411
978.000	5.411
979.000	5.411
980.000	5.411
981.000	5.411
982.000	5.411
983.000	5.411
984.000	5.411
985.000	5.411
986.000	5.411
987.000	5.411
988.000	5.411
989.000	5.411
990.000	5.411
991.000	5.411
992.000	5.411
993.000	5.411
994.000	5.411
995.000	5.411
996.000	5.411
997.000	5.411
998.000	5.411
999.000	5.411
1000.000	5.411
1001.000	5.411
1002.000	5.411
1003.000	5.411
1004.000	5.411
1005.000	5.411
1006.000	5.411
1007.000	5.411
1008.000	5.411
1009.000	5.411
1010.000	5.411
1011.000	5.411
1012.000	5.411
1013.000	5.411
1014.000	5.411
1015.000	5.411
1016.000	5.411
1017.000	5.411
1018.000	5.411
1019.000	5.411
1020.000	5.411
1021.000	5.411
1022.000	5.411
1023.000	5.411
1024.000	5.411
1025.000	5.411
1026.000	5.411
1027.000	5.411
1028.000	5.411
1029.000	5.411
1030.000	5.411
1031.000	5.411
1032.000	5.411
1033.000	5.411
1034.000	5.411
1035.000	5.411
1036.000	5.411
1037.000	5.411
1038.000	5.411
1039.000	5.411
1040.000	5.411
1041.000	5.411
1042.000	5.411
1043.000	5.411
1044.000	5.411
1045.000	5.411
1046.000	5.411
1047.000	5.411
1048.000	5.411
1049.000	5.411
1050.000	5.411
1051.000	5.411
1052.000	5.411
1053.000	5.411
1054.000	5.411
1055.000	5.411
1056.000	5.411
1057.000	5.411
1058.000	5.411
1059.000	5.411
1060.000	5.411
1061.000	5.411
1062.000	5.411
1063.000	5.411
1064.000	5.411
1065.000	5.411
1066.000	5.411
1067.000	5.411
1068.000	5.411
1069.000	5.411
1070.000	5.411
1071.000	5.411
1072.000	5.411
1073.000	5.411
1074.000	5.411
1075.000	5.411
1076.000	5.411
1077.000	5.411
1078.000	5.411
1079.000	5.411
1080.000	5.411
1081.000	5.411
1082.000	5.411
1083.000	5.411
1084.000	5.411
1085.000	5.411
1086.000	5.411
1087.000	5.411
1088.000	5.411
1089.000	5.411
1090.000	5.411
1091.000	5.411
1092.000	5.411
1093.000	5.411
1094.000	5.411
1095.000	5.411
1096.000	5.411
1097.000	5.411
1098.000	5.411
1099.000	5.411
1100.000	5.411
1101.000	5.411
1102.000	5.411
1103.000	5.411
1104.000	5.411
1105.000	5.411
1106.000	5.411
1107.000	5.411
1108.000	5.411
1109.000	5.411
1110.000	5.411
1111.000	5.411
1112.000	5.411
1113.000	5.411
1114.000	5.411
1115.000	5.411
1116.000	5.411
1117.000	5.411
1118.000	5.411
1119.000	5.411
1120.000	5.411
1121.000	5.411
1122.000	5.411
1123.000	5.411
1124.000	5.411
1125.000	5.411
1126.000	5.411
1127.000	5.411
1128.000	5.411
1129.000	5.411
1130.000	5.411
1131.000	5.411
1132.000	5.411
1133.000	5.411
1134.000	5.411
1135.000	5.411
1136.000	5.411
1137.000	5.411
1138.000	5.411
1139.000	5.411
1140.000	5.411
1141.000	5.411
1142.000	5.411
1143.000	5.411
1144.000	5.411
1145.000	5.411
1146.000	5.411
1147.000	5.411
1148.000	5.411
1149.000	5.411
1150.000	5.411
1151.000	5.411
1152.000	5.411
1153.000	5.411
1154.000	5.411
1155.000	5.411
1156.000	5.411
1157.000	5.411
1158.000	5.411
1159.000	5.411
1160.000	5.411
1161.000	5.411
1162.000	5.411
1163.000	5.411
1164.000	5.411
1165.000	5.411
1166.000	5.411
1167.000	5.411
1168.000	5.411
1169.000	5.411
1170.000	5.411
1171.000	5.411
1172.000	5.411
1173.000	5.411
1174.000	5.411
1175.000	5.411
1176.000	5.411
1177.000	5.411
1178.000	5.411
1179.000	5.411
1180.000	5.411
1181.000	5.411
1182.000	5.411
1183.000	5.411
1184.000	5.411
1185.000	5.411
1186.000	5.411
1187.000	5.411
1188.000	5.411
1189.000	5.411
1190.000	5.411
1191.000	5.411
1192.000	5.411
1193.000	5.411
1194.000	5.411
1195.000	5.411
1196.000	5.411
1197.000	5.411
1198.000	5.411
1199.000	5.411
1200.000	5.411
1201.000	5.411
1202.000	5.411
1203.000	5.411
1204.000	5.411
1205.000	5.411
1206.000	5.411
1207.000	5.411
1208.000	5.411
1209.000	5.411
1210.000	5.411
1211.000	5.411
1212.000	5.411
1213.000	5.411
1214.000	5.411
1215.000	5.411
1216.000	5.411
1217.000	5.411
1218.000	5.411
1219.000	5.411
1220.000	5.411
1221.000	5.411
1222.000	5.411
1223.000	5.411
1224.000	5.411
1225.000	5.411
1226.000	5.411
1227.000	5.411
1228.000	5.411
1229.000	5.411
1230.000	5.411
1231.000	5.411
1232.000	5.411
1233.000	5.411
1234.000	5.411
1235.000	5.411
1236.000	5.411
1237.000	5.411
1238.000	5.411
1239.000	5.411
1240.000	5.411
1241.000	5.411
1242.000	5.411
1243.000	5.411
1244.000	5.411
1245.000	5.411
1246.000	5.411
1247.000	5.411
1248.000	5.411
1249.000	5.411
1250.000	5.411
1251.000	5.411
1252.000	5.411
1253.000	5.411
1254.000	5.411
1255.000	5.411
1256.000	5.411
1257.000	5.411
1258.000	5.411
1259.000	5.411
1260.000	5.411
1261.000	5.411
1262.000	5.411
1263.000	5.411
1264.000	5.411
1265.000	5.411
1266.000	5.411
1267.000	5.411
1268.000	5.411
1269.000	5.411
1270.000	5.411
1271.000	5.411
1272.000	5.411
1273.000	5.411
1274.000	5.411
1275.000	5.411
1276.000	5.411
1277.000	5.411
1278.000	5.411
1279.000	5.411
1280.000	5.411
1281.000	5.411
1282.000	5.411
1283.000	5.411
1284.000	5.411
1285.000	5.411
1286.000	5.411
1287.000	5.411
1288.000	5.411
1289.000	5.411
1290.000	5.411
1291.000	5.411
1292.000	5.411
1293.000	5.411
1294.000	5.411
1295.000	5.411
1296.000	5.411
1297.000	5.411
1298.000	5.411
1299.000	5.411
1300.000	5.411
1301.000	5.411
1302.000	5.411
1303.000	5.411
1304.000	5.411
1305.000	5.411
1306.000	5.411
1307.000	5.411
1308.000	5.411
1309.000	5.411
1310.000	5.411
1311.000	5.411
1312.000	5.411
1313.000	5.411
1314.000	5.411
1315.000	5.411
1316.000	5.411
1317.000	5.411
1318.000	5.411
1319.000	5.411
1320.000	5.411
1321.000	5.411
1322.000	5.411
1323.000	5.411
1324.000	5.411
1325.000	5.411
1326.000	5.411
1327.000	5.411
1328.000	5.411
1329.000	5.411
1330.000	5.411
1331.000	5.411
1332.000	5.411
1333.000	5.411
1334.000	5.411
1335.000	5.411
1336.000	5.411
1337.000	5.411
1338.000	5.411
1339.000	5.411
1340.000	5.411
1341.000	5.411
1342.000	5.411
1343.000	5.400
1344.000	5.388
1345.000	5.388
1346.000	5.377
1347.000	5.365
1348.000	5.353
1349.000	5.342
1350.000	5.330
1351.000	5.319
1352.000	5.307
1353.000	5.296
1354.000	5.284
1355.000	5.273
1356.000	5.261
1357.000	5.261
1358.000	5.250
1359.000	5.238
1360.000	5.226
1361.000	5.215
1362.000	5.203
1363.000	5.192
1364.000	5.180
1365.000	5.169
1366.000	5.158
1367.000	5.146
1368.000	5.146
1369.000	5.135
1370.000	5.123
1371.000	5.112
1372.000	5.100
1373.000	5.089
1374.000	5.077
1375.000	5.066
1376.000	5.054
1377.000	5.043
1378.000	5.032
1379.000	5.032
1380.000	5.020
1381.000	5.009
1382.000	4.997
1383.000	4.986
1384.000	4.975
1385.000	4.963
1386.000	4.952
1387.000	4.940
1388.000	4.929
1389.000	4.918
1390.000	4.918
1391.000	4.906
1392.000	4.895
1393.000	4.884
1394.000	4.872
1395.000	4.861
1396.000	4.850
1397.000	4.838
1398.000	4.827
1399.000	4.816
1400.000	4.804
1401.000	4.804
1402.000	4.793
1403.000	4.782
1404.000	4.770
1405.000	4.759
1406.000	4.748
1407.000	4.737
1408.000	4.725
1409.000	4.714
1410.000	4.703
1411.000	4.692
1412.000	4.692
1413.000	4.680
1414.000	4.669
1415.000	4.658
1416.000	4.647
1417.000	4.635
1418.000	4.624
1419.000	4.613
1420.000	4.602
1421.000	4.591
1422.000	4.579
1423.000	4.579
1424.000	4.568
1425.000	4.557
1426.000	4.546
1427.000	4.535
1428.000	4.523
1429.000	4.512
1430.000	4.501
1431.000	4.490
1432.000	4.479
1433.000	4.468
1434.000	4.456
1435.000	4.456
1436.000	4.445
1437.000	4.434
1438.000	4.423
1439.000	4.412
1440.000	4.401
1441.000	4.390
1442.000	4.379
1443.000	4.368
1444.000	4.356
1445.000	4.345
1446.000	4.345
1447.000	4.334
1448.000	4.323
1449.000	4.312
1450.000	4.301
1451.000	4.290
1452.000	4.279
1453.000	4.268
1454.000	4.257
1455.000	4.246
1456.000	4.235
1457.000	4.235
1458.000	4.224
1459.000	4.213
1460.000	4.202
1461.000	4.191
1462.000	4.180
1463.000	4.169
1464.000	4.158
1465.000	4.147
1466.000	4.136
1467.000	4.125
1468.000	4.125
1469.000	4.114
1470.000	4.103
1471.000	4.092
1472.000	4.081
1473.000	4.070
1474.000	4.059
1475.000	4.048
1476.000	4.037
1477.000	4.026
1478.000	4.015
1479.000	4.015
1480.000	4.004
1481.000	3.993
1482.000	3.982
1483.000	3.971
1484.000	3.960
1485.000	3.950
1486.000	3.939
1487.000	3.928
1488.000	3.917
1489.000	3.906
1490.000	3.905
1491.000	3.895
1492.000	3.884
1493.000	3.873
1494.000	3.862
1495.000	3.851
1496.000	3.840
1497.000	3.829
1498.000	3.818
1499.000	3.808
1500.000	3.797
1501.000	3.786
1502.000	3.785
1503.000	3.775
1504.000	3.764
1505.000	3.753
1506.000	3.742
1507.000	3.731
1508.000	3.721
1509.000	3.710
1510.000	3.699
1511.000	3.688
1512.000	3.677
1513.000	3.677
1514.000	3.666
1515.000	3.655
1516.000	3.645
1517.000	3.634
1518.000	3.623
1519.000	3.612
1520.000	3.601
1521.000	3.591
1522.000	3.580
1523.000	3.569
1524.000	3.569
1525.000	3.558
1526.000	3.547
1527.000	3.537
1528.000	3.526
1529.000	3.515
1530.000	3.504
1531.000	3.494
1532.000	3.483
1533.000	3.472
1534.000	3.462
1535.000	3.461
1536.000	3.450
1537.000	3.440
1538.000	3.429
1539.000	3.418
1540.000	3.408
1541.000	3.397
1542.000	3.386
1543.000	3.376
1544.000	3.365
1545.000	3.354
1546.000	3.354
1547.000	3.343
1548.000	3.333
1549.000	3.322
1550.000	3.311
1551.000	3.301
1552.000	3.290
1553.000	3.279
1554.000	3.269
1555.000	3.258
1556.000	3.248
1557.000	3.247
1558.000	3.236
1559.000	3.226
1560.000	3.215
1561.000	3.205
1562.000	3.194
1563.000	3.184
1564.000	3.173
1565.000	3.162
1566.000	3.152
1567.000	3.141
1568.000	3.131
1569.000	3.130
1570.000	3.120
1571.000	3.109
1572.000	3.099
1573.000	3.088
1574.000	3.078
1575.000	3.067
1576.000	3.057
1577.000	3.046
1578.000	3.036
1579.000	3.025
1580.000	3.024
1581.000	3.014
1582.000	3.003
1583.000	2.993
1584.000	2.982
1585.000	2.972
1586.000	2.962
1587.000	2.951
1588.000	2.941
1589.000	2.930
1590.000	2.920
1591.000	2.919
1592.000	2.909
1593.000	2.898
1594.000	2.888
1595.000	2.877
1596.000	2.867
1597.000	2.856
1598.000	2.846
1599.000	2.836
1600.000	2.825
1601.000	2.815
1602.000	2.814
1603.000	2.804
1604.000	2.793
1605.000	2.783
1606.000	2.773
1607.000	2.762
1608.000	2.752
1609.000	2.741
1610.000	2.731
1611.000	2.721
1612.000	2.710
1613.000	2.710
1614.000	2.699
1615.000	2.689
1616.000	2.679
1617.000	2.668
1618.000	2.658
1619.000	2.648
1620.000	2.637
1621.000	2.627
1622.000	2.617
1623.000	2.606
1624.000	2.606
1625.000	2.595
1626.000	2.585
1627.000	2.575
1628.000	2.564
1629.000	2.554
1630.000	2.544
1631.000	2.533
1632.000	2.523
1633.000	2.513
1634.000	2.503
1635.000	2.492
1636.000	2.492
1637.000	2.481
1638.000	2.471
1639.000	2.461
1640.000	2.451
1641.000	2.450
1642.000	2.450
1643.000	2.449
1644.000	2.448
1645.000	2.448
1646.000	2.447
1647.000	2.447
1648.000	2.446
1649.000	2.446
1650.000	2.445
1651.000	2.444
1652.000	2.444
1653.000	2.443
1654.000	2.443
1655.000	2.442
1656.000	2.442
1657.000	2.441
1658.000	2.440
1659.000	2.440
1660.000	2.439
1661.000	2.439
1662.000	2.438
1663.000	2.438
1664.000	2.437
1665.000	2.436
1666.000	2.436
1667.000	2.435
1668.000	2.435
1669.000	2.434
1670.000	2.434
1671.000	2.433
1672.000	2.433
1673.000	2.432
1674.000	2.431
1675.000	2.431
1676.000	2.430
1677.000	2.430
1678.000	2.429
1679.000	2.429
1680.000	2.428
1681.000	2.427
1682.000	2.427
1683.000	2.426
1684.000	2.426
1685.000	2.425
1686.000	2.425
1687.000	2.424
1688.000	2.423
1689.000	2.423
1690.000	2.422
1691.000	2.422
1692.000	2.421
1693.000	2.421
1694.000	2.420
1695.000	2.419
1696.000	2.419
1697.000	2.418
1698.000	2.418
1699.000	2.417
1700.000	2.417
1701.000	2.416
1702.000	2.415
1703.000	2.415
1704.000	2.414
1705.000	2.414
1706.000	2.413
1707.000	2.413
1708.000	2.412
1709.000	2.412
1710.000	2.411
1711.000	2.410
1712.000	2.410
1713.000	2.409
1714.000	2.409
1715.000	2.408
1716.000	2.408
1717.000	2.407
1718.000	2.406
1719.000	2.406
1720.000	2.405
1721.000	2.405
1722.000	2.404
1723.000	2.404
1724.000	2.403
1725.000	2.402
1726.000	2.402
1727.000	2.401
1728.000	2.401
1729.000	2.400
1730.000	2.400
1731.000	2.399
1732.000	2.398
1733.000	2.398
1734.000	2.397
1735.000	2.397
1736.000	2.396
1737.000	2.396
1738.000	2.395
1739.000	2.394
1740.000	2.394
1741.000	2.393
1742.000	2.393
1743.000	2.392
1744.000	2.392
1745.000	2.391
1746.000	2.391
1747.000	2.390
1748.000	2.389
1749.000	2.389
1750.000	2.388
1751.000	2.388
1752.000	2.387
1753.000	2.387
1754.000	2.386
1755.000	2.385
1756.000	2.385
1757.000	2.384
1758.000	2.384
1759.000	2.383
1760.000	2.383
1761.000	2.382
1762.000	2.381
1763.000	2.381
1764.000	2.380
1765.000	2.380
1766.000	2.379
1767.000	2.379
1768.000	2.378
1769.000	2.377
1770.000	2.377
1771.000	2.376
1772.000	2.376
1773.000	2.375
1774.000	2.375
1775.000	2.374
1776.000	2.374
1777.000	2.373
1778.000	2.372
1779.000	2.372
1780.000	2.371
1781.000	2.371
1782.000	2.370
1783.000	2.370
1784.000	2.369
1785.000	2.368
1786.000	2.368
1787.000	2.367
1788.000	2.367
1789.000	2.366
1790.000	2.366
1791.000	2.365
1792.000	2.364
1793.000	2.364
1794.000	2.363
1795.000	2.363
1796.000	2.362
1797.000	2.362
1798.000	2.361
1799.000	2.360
1800.000	2.360
1801.000	2.359
1802.000	2.359
1803.000	2.358
1804.000	2.358
1805.000	2.357
1806.000	2.356
1807.000	2.356
1808.000	2.355
1809.000	2.355
1810.000	2.354
1811.000	2.354
1812.000	2.353
1813.000	2.353
1814.000	2.352
1815.000	2.351
1816.000	2.351
1817.000	2.350
1818.000	2.350
1819.000	2.349
1820.000	2.349
1821.000	2.348
1822.000	2.347
1823.000	2.347
1824.000	2.346
1825.000	2.346
1826.000	2.345
1827.000	2.345
1828.000	2.344
1829.000	2.343
1830.000	2.343
1831.000	2.342
1832.000	2.342
1833.000	2.341
1834.000	2.341
1835.000	2.340
1836.000	2.339
1837.000	2.339
1838.000	2.338
1839.000	2.338
1840.000	2.337
1841.000	2.337
1842.000	2.336
1843.000	2.335
1844.000	2.335
1845.000	2.334
1846.000	2.334
1847.000	2.333
1848.000	2.333
1849.000	2.332
1850.000	2.332
1851.000	2.331
1852.000	2.330
1853.000	2.330
1854.000	2.329
1855.000	2.329
1856.000	2.328
1857.000	2.328
1858.000	2.327
1859.000	2.326
1860.000	2.326
1861.000	2.325
1862.000	2.325
1863.000	2.324
1864.000	2.324
1865.000	2.323
1866.000	2.322
1867.000	2.322
1868.000	2.321
1869.000	2.321
1870.000	2.320
1871.000	2.320
1872.000	2.319
1873.000	2.318
1874.000	2.318
1875.000	2.317
1876.000	2.317
1877.000	2.316
1878.000	2.316
1879.000	2.315
1880.000	2.314
1881.000	2.314
1882.000	2.313
1883.000	2.313
1884.000	2.312
1885.000	2.312
1886.000	2.311
1887.000	2.311
1888.000	2.310
1889.000	2.309
1890.000	2.309
1891.000	2.308
1892.000	2.308
1893.000	2.307
1894.000	2.307
1895.000	2.306
1896.000	2.305
1897.000	2.305
1898.000	2.304
1899.000	2.304
1900.000	2.303
1901.000	2.303
1902.000	2.302
1903.000	2.301
1904.000	2.301
1905.000	2.300
1906.000	2.300
1907.000	2.299
1908.000	2.299
1909.000	2.298
1910.000	2.297
1911.000	2.297
1912.000	2.296
1913.000	2.296
1914.000	2.295
1915.000	2.295
1916.000	2.294
1917.000	2.294
1918.000	2.293
1919.000	2.292
1920.000	2.292
1921.000	2.291
1922.000	2.291
1923.000	2.290
1924.000	2.290
1925.000	2.289
1926.000	2.288
1927.000	2.288
1928.000	2.287
1929.000	2.287
1930.000	2.286
1931.000	2.286
1932.000	2.285
1933.000	2.284
1934.000	2.284
1935.000	2.283
1936.000	2.283
1937.000	2.282
1938.000	2.282
1939.000	2.281
1940.000	2.280
1941.000	2.280
1942.000	2.279
1943.000	2.279
1944.000	2.278
1945.000	2.278
1946.000	2.277
1947.000	2.276
1948.000	2.276
1949.000	2.275
1950.000	2.275
1951.000	2.274
1952.000	2.274
1953.000	2.273
1954.000	2.273
1955.000	2.272
1956.000	2.271
1957.000	2.271
1958.000	2.270
1959.000	2.270
1960.000	2.269
1961.000	2.269
1962.000	2.268
1963.000	2.267
1964.000	2.267
1965.000	2.266
1966.000	2.266
1967.000	2.265
1968.000	2.265
1969.000	2.264
1970.000	2.263
1971.000	2.263
1972.000	2.262
1973.000	2.262
1974.000	2.261
1975.000	2.261
1976.000	2.260
1977.000	2.259
1978.000	2.259
1979.000	2.258
1980.000	2.258
1981.000	2.257
1982.000	2.257
1983.000	2.256
1984.000	2.255
1985.000	2.255
1986.000	2.254
1987.000	2.254
1988.000	2.253
1989.000	2.253
1990.000	2.252
1991.000	2.252
1992.000	2.251
1993.000	2.250
1994.000	2.250
1995.000	2.249
1996.000	2.249
1997.000	2.248
1998.000	2.248
1999.000	2.247
2000.000	2.246
2001.000	2.246
2002.000	2.245
2003.000	2.245
2004.000	2.244
2005.000	2.244
2006.000	2.243
2007.000	2.242
2008.000	2.242
2009.000	2.241
2010.000	2.241
2011.000	2.240
2012.000	2.240
2013.000	2.239
2014.000	2.238
2015.000	2.238
2016.000	2.237
2017.000	2.237
2018.000	2.236
2019.000	2.236
2020.000	2.235
2021.000	2.235
2022.000	2.234
2023.000	2.233
2024.000	2.233
2025.000	2.232
2026.000	2.232
2027.000	2.231
2028.000	2.231
2029.000	2.230
2030.000	2.229
2031.000	2.229
2032.000	2.228
2033.000	2.228
2034.000	2.227
2035.000	2.227
2036.000	2.226
2037.000	2.225
2038.000	2.225
2039.000	2.224
2040.000	2.224
2041.000	2.223
2042.000	2.223
2043.000	2.222
2044.000	2.221
2045.000	2.221
2046.000	2.220
2047.000	2.220
2048.000	2.219
2049.000	2.219
2050.000	2.218
2051.000	2.217
2052.000	2.217
2053.000	2.216
2054.000	2.216
2055.000	2.215
2056.000	2.215
2057.000	2.214
2058.000	2.214
2059.000	2.213
2060.000	2.212
2061.000	2.212
2062.000	2.211
2063.000	2.211
2064.000	2.210
2065.000	2.210
2066.000	2.209
2067.000	2.208
2068.000	2.208
2069.000	2.207
2070.000	2.207
2071.000	2.206
2072.000	2.206
2073.000	2.205
2074.000	2.204
2075.000	2.204
2076.000	2.203
2077.000	2.203
2078.000	2.202
2079.000	2.202
2080.000	2.201
2081.000	2.200
2082.000	2.200
2083.000	2.199
2084.000	2.199
2085.000	2.198
2086.000	2.198
2087.000	2.197
2088.000	2.196
2089.000	2.196
2090.000	2.195
2091.000	2.195
2092.000	2.194
2093.000	2.194
2094.000	2.193
2095.000	2.193
2096.000	2.192
2097.000	2.191
2098.000	2.191
2099.000	2.190
2100.000	2.190
2101.000	2.189
2102.000	2.189
2103.000	2.188
2104.000	2.187
2105.000	2.187
2106.000	2.186
2107.000	2.186
2108.000	2.185
2109.000	2.185
2110.000	2.184
2111.000	2.183
2112.000	2.183
2113.000	2.182
2114.000	2.182
2115.000	2.181
2116.000	2.181
2117.000	2.180
2118.000	2.179
2119.000	2.179
2120.000	2.178
2121.000	2.178
2122.000	2.177
2123.000	2.177
2124.000	2.176
2125.000	2.176
2126.000	2.175
2127.000	2.174
2128.000	2.174
2129.000	2.173
2130.000	2.173
2131.000	2.172
2132.000	2.172
2133.000	2.171
2134.000	2.170
2135.000	2.170
2136.000	2.169
2137.000	2.169
2138.000	2.168
2139.000	2.168
2140.000	2.167
2141.000	2.166
2142.000	2.166
2143.000	2.165
2144.000	2.165
2145.000	2.164
2146.000	2.164
2147.000	2.163
2148.000	2.162
2149.000	2.162
2150.000	2.161
2151.000	2.161
2152.000	2.160
2153.000	2.160
2154.000	2.159
2155.000	2.158
2156.000	2.158
2157.000	2.157
2158.000	2.157
2159.000	2.156
2160.000	2.156
2161.000	2.155
2162.000	2.155
2163.000	2.154
2164.000	2.153
2165.000	2.153
2166.000	2.152
2167.000	2.152
2168.000	2.151
2169.000	2.151
2170.000	2.150
2171.000	2.149
2172.000	2.149
2173.000	2.148
2174.000	2.148
2175.000	2.147
2176.000	2.147
2177.000	2.146
2178.000	2.145
2179.000	2.145
2180.000	2.144
2181.000	2.144
2182.000	2.143
2183.000	2.143
2184.000	2.142
2185.000	2.141
2186.000	2.141
2187.000	2.140
2188.000	2.140
2189.000	2.139
2190.000	2.139
2191.000	2.138
2192.000	2.137
2193.000	2.137
2194.000	2.136
2195.000	2.136
2196.000	2.135
2197.000	2.135
2198.000	2.134
2199.000	2.134
2200.000	2.133
2201.000	2.132
2202.000	2.132
2203.000	2.131
2204.000	2.131
2205.000	2.130
2206.000	2.130
2207.000	2.129
2208.000	2.128
2209.000	2.128
2210.000	2.127
2211.000	2.127
2212.000	2.126
2213.000	2.126
2214.000	2.125
2215.000	2.124
2216.000	2.124
2217.000	2.123
2218.000	2.123
2219.000	2.122
2220.000	2.122
2221.000	2.121
2222.000	2.120
2223.000	2.120
2224.000	2.119
2225.000	2.119
2226.000	2.118
2227.000	2.118
2228.000	2.117
2229.000	2.117
2230.000	2.116
2231.000	2.115
2232.000	2.115
2233.000	2.114
2234.000	2.114
2235.000	2.113
2236.000	2.113
2237.000	2.112
2238.000	2.111
2239.000	2.111
2240.000	2.110
2241.000	2.110
2242.000	2.109
2243.000	2.109
2244.000	2.108
2245.000	2.107
2246.000	2.107
2247.000	2.106
2248.000	2.106
2249.000	2.105
2250.000	2.105
2251.000	2.104
2252.000	2.103
2253.000	2.103
2254.000	2.102
2255.000	2.102
2256.000	2.101
2257.000	2.101
2258.000	2.100
2259.000	2.099
2260.000	2.099
2261.000	2.098
2262.000	2.098
2263.000	2.097
2264.000	2.097
2265.000	2.096
2266.000	2.096
2267.000	2.095
2268.000	2.094
2269.000	2.094
2270.000	2.093
2271.000	2.093
2272.000	2.092
2273.000	2.092
2274.000	2.091
2275.000	2.090
2276.000	2.090
2277.000	2.089
2278.000	2.089
2279.000	2.088
2280.000	2.088
2281.000	2.087
2282.000	2.086
2283.000	2.086
2284.000	2.085
2285.000	2.085
2286.000	2.084
2287.000	2.084
2288.000	2.083
2289.000	2.082
2290.000	2.082
2291.000	2.081
2292.000	2.081
2293.000	2.080
2294.000	2.080
2295.000	2.079
2296.000	2.078
2297.000	2.078
2298.000	2.077
2299.000	2.077
2300.000	2.076
2301.000	2.076
2302.000	2.075
2303.000	2.075
2304.000	2.074
2305.000	2.073
2306.000	2.073
2307.000	2.072
2308.000	2.072
2309.000	2.071
2310.000	2.071
2311.000	2.070
2312.000	2.069
2313.000	2.069
2314.000	2.068
2315.000	2.068
2316.000	2.067
2317.000	2.067
2318.000	2.066
2319.000	2.065
2320.000	2.065
2321.000	2.064
2322.000	2.064
2323.000	2.063
2324.000	2.063
2325.000	2.062
2326.000	2.061
2327.000	2.061
2328.000	2.060
2329.000	2.060
2330.000	2.059
2331.000	2.059
2332.000	2.058
2333.000	2.058
2334.000	2.057
2335.000	2.056
2336.000	2.056
2337.000	2.055
2338.000	2.055
2339.000	2.054
2340.000	2.054
2341.000	2.053
2342.000	2.052
2343.000	2.052
2344.000	2.051
2345.000	2.051
2346.000	2.050
2347.000	2.050
2348.000	2.049
2349.000	2.048
2350.000	2.048
2351.000	2.047
2352.000	2.047
2353.000	2.046
2354.000	2.046
2355.000	2.045
2356.000	2.044
2357.000	2.044
2358.000	2.043
2359.000	2.043
2360.000	2.042
2361.000	2.042
2362.000	2.041
2363.000	2.040
2364.000	2.040
2365.000	2.039
2366.000	2.039
2367.000	2.038
2368.000	2.038
2369.000	2.037
2370.000	2.037
2371.000	2.036
2372.000	2.035
2373.000	2.035
2374.000	2.034
2375.000	2.034
2376.000	2.033
2377.000	2.033
2378.000	2.032
2379.000	2.031
2380.000	2.031
2381.000	2.030
2382.000	2.030
2383.000	2.029
2384.000	2.029
2385.000	2.028
2386.000	2.027
2387.000	2.027
2388.000	2.026
2389.000	2.026
2390.000	2.025
2391.000	2.025
2392.000	2.024
2393.000	2.023
2394.000	2.023
2395.000	2.022
2396.000	2.022
2397.000	2.021
2398.000	2.021
2399.000	2.020
2400.000	2.019
2401.000	2.019
2402.000	2.018
2403.000	2.018
2404.000	2.017
2405.000	2.017
2406.000	2.016
2407.000	2.016
2408.000	2.015
2409.000	2.014
2410.000	2.014
2411.000	2.013
2412.000	2.013
2413.000	2.012
2414.000	2.012
2415.000	2.011
2416.000	2.010
2417.000	2.010
2418.000	2.009
2419.000	2.009
2420.000	2.008
2421.000	2.008
2422.000	2.007
2423.000	2.006
2424.000	2.006
2425.000	2.005
2426.000	2.005
2427.000	2.004
2428.000	2.004
2429.000	2.003
2430.000	2.002
2431.000	2.002
2432.000	2.001
2433.000	2.001
2434.000	2.000
2435.000	2.000
2436.000	1.999
2437.000	1.999
2438.000	1.998
2439.000	1.997
2440.000	1.997
2441.000	1.996
2442.000	1.996
2443.000	1.995
2444.000	1.995
2445.000	1.994
2446.000	1.993
2447.000	1.993
2448.000	1.992
2449.000	1.992
2450.000	1.991
2451.000	1.991
2452.000	1.990
2453.000	1.989
2454.000	1.989
2455.000	1.988
2456.000	1.988
2457.000	1.987
2458.000	1.987
2459.000	1.986
2460.000	1.985
2461.000	1.985
2462.000	1.984
2463.000	1.984
2464.000	1.983
2465.000	1.983
2466.000	1.982
2467.000	1.981
2468.000	1.981
2469.000	1.980
2470.000	1.980
2471.000	1.979
2472.000	1.979
2473.000	1.978
2474.000	1.978
2475.000	1.977
2476.000	1.976
2477.000	1.976
2478.000	1.975
2479.000	1.975
2480.000	1.974
2481.000	1.974
2482.000	1.973
2483.000	1.972
2484.000	1.972
2485.000	1.971
2486.000	1.971
2487.000	1.970
2488.000	1.970
2489.000	1.969
2490.000	1.968
2491.000	1.968
2492.000	1.967
2493.000	1.967
2494.000	1.966
2495.000	1.966
2496.000	1.965
2497.000	1.964
2498.000	1.964
2499.000	1.963
2500.000	1.963
2501.000	1.962
2502.000	1.962
2503.000	1.961
2504.000	1.960
2505.000	1.960
2506.000	1.959
2507.000	1.959
2508.000	1.958
2509.000	1.958
2510.000	1.957
2511.000	1.957
2512.000	1.956
2513.000	1.955
2514.000	1.955
2515.000	1.954
2516.000	1.954
2517.000	1.953
2518.000	1.953
2519.000	1.952
2520.000	1.951
2521.000	1.951
2522.000	1.950
2523.000	1.950
2524.000	1.949
2525.000	1.949
2526.000	1.948
2527.000	1.947
2528.000	1.947
2529.000	1.946
2530.000	1.946
2531.000	1.945
2532.000	1.945
2533.000	1.944
2534.000	1.943
2535.000	1.943
2536.000	1.942
2537.000	1.942
2538.000	1.941
2539.000	1.941
2540.000	1.940
2541.000	1.939
2542.000	1.939
2543.000	1.938
2544.000	1.938
2545.000	1.937
2546.000	1.937
2547.000	1.936
2548.000	1.936
2549.000	1.935
2550.000	1.934
2551.000	1.934
2552.000	1.933
2553.000	1.933
2554.000	1.932
2555.000	1.932
2556.000	1.931
2557.000	1.930
2558.000	1.930
2559.000	1.929
2560.000	1.929
2561.000	1.928
2562.000	1.928
2563.000	1.927
2564.000	1.926
2565.000	1.926
2566.000	1.925
2567.000	1.925
2568.000	1.924
2569.000	1.924
2570.000	1.923
2571.000	1.922
2572.000	1.922
2573.000	1.921
2574.000	1.921
2575.000	1.920
2576.000	1.920
2577.000	1.919
2578.000	1.919
2579.000	1.918
2580.000	1.917
2581.000	1.917
2582.000	1.916
2583.000	1.916
2584.000	1.915
2585.000	1.915
2586.000	1.914
2587.000	1.913
2588.000	1.913
2589.000	1.912
2590.000	1.912
2591.000	1.911
2592.000	1.911
2593.000	1.910
2594.000	1.909
2595.000	1.909
2596.000	1.908
2597.000	1.908
2598.000	1.907
2599.000	1.907
2600.000	1.906
2601.000	1.905
2602.000	1.905
2603.000	1.904
2604.000	1.904
2605.000	1.903
2606.000	1.903
2607.000	1.902
2608.000	1.901
2609.000	1.901
2610.000	1.900
2611.000	1.900
2612.000	1.899
2613.000	1.899
2614.000	1.898
2615.000	1.898
2616.000	1.897
2617.000	1.896
2618.000	1.896
2619.000	1.895
2620.000	1.895
2621.000	1.894
2622.000	1.894
2623.000	1.893
2624.000	1.892
2625.000	1.892
2626.000	1.891
2627.000	1.891
2628.000	1.890
2629.000	1.890
2630.000	1.889
2631.000	1.888
2632.000	1.888
2633.000	1.887
2634.000	1.887
2635.000	1.886
2636.000	1.886
2637.000	1.885
2638.000	1.884
2639.000	1.884
2640.000	1.883
2641.000	1.883
2642.000	1.882
2643.000	1.882
2644.000	1.881
2645.000	1.880
2646.000	1.880
2647.000	1.879
2648.000	1.879
2649.000	1.878
2650.000	1.878
2651.000	1.877
2652.000	1.877
2653.000	1.876
2654.000	1.875
2655.000	1.875
2656.000	1.874
2657.000	1.874
2658.000	1.873
2659.000	1.873
2660.000	1.872
2661.000	1.871
2662.000	1.871
2663.000	1.870
2664.000	1.870
2665.000	1.869
2666.000	1.869
2667.000	1.868
2668.000	1.867
2669.000	1.867
2670.000	1.866
2671.000	1.866
2672.000	1.865
2673.000	1.865
2674.000	1.864
2675.000	1.863
2676.000	1.863
2677.000	1.862
2678.000	1.862
2679.000	1.861
2680.000	1.861
2681.000	1.860
2682.000	1.860
2683.000	1.859
2684.000	1.858
2685.000	1.858
2686.000	1.857
2687.000	1.857
2688.000	1.856
2689.000	1.856
2690.000	1.855
2691.000	1.854
2692.000	1.854
2693.000	1.853
2694.000	1.853
2695.000	1.852
2696.000	1.852
2697.000	1.851
2698.000	1.850
2699.000	1.850
2700.000	1.849
2701.000	1.849
2702.000	1.848
2703.000	1.848
2704.000	1.847
2705.000	1.846
2706.000	1.846
2707.000	1.845
2708.000	1.845
2709.000	1.844
2710.000	1.844
2711.000	1.843
2712.000	1.842
2713.000	1.842
2714.000	1.841
2715.000	1.841
2716.000	1.840
2717.000	1.840
2718.000	1.839
2719.000	1.839
2720.000	1.838
2721.000	1.837
2722.000	1.837
2723.000	1.836
2724.000	1.836
2725.000	1.835
2726.000	1.835
2727.000	1.834
2728.000	1.833
2729.000	1.833
2730.000	1.832
2731.000	1.832
2732.000	1.831
2733.000	1.831
2734.000	1.830
2735.000	1.829
2736.000	1.829
2737.000	1.828
2738.000	1.828
2739.000	1.827
2740.000	1.827
2741.000	1.826
2742.000	1.825
2743.000	1.825
2744.000	1.824
2745.000	1.824
2746.000	1.823
2747.000	1.823
2748.000	1.822
2749.000	1.821
2750.000	1.821
2751.000	1.820
2752.000	1.820
2753.000	1.819
2754.000	1.819
2755.000	1.818
2756.000	1.818
2757.000	1.817
2758.000	1.816
2759.000	1.816
2760.000	1.815
2761.000	1.815
2762.000	1.814
2763.000	1.814
2764.000	1.813
2765.000	1.812
2766.000	1.812
2767.000	1.811
2768.000	1.811
2769.000	1.810
2770.000	1.810
2771.000	1.809
2772.000	1.808
2773.000	1.808
2774.000	1.807
2775.000	1.807
2776.000	1.806
2777.000	1.806
2778.000	1.805
2779.000	1.804
2780.000	1.804
2781.000	1.803
2782.000	1.803
2783.000	1.802
2784.000	1.802
2785.000	1.801
2786.000	1.801
2787.000	1.800
2788.000	1.799
2789.000	1.799
2790.000	1.798
2791.000	1.798
2792.000	1.797
2793.000	1.797
2794.000	1.796
2795.000	1.795
2796.000	1.795
2797.000	1.794
2798.000	1.794
2799.000	1.793
2800.000	1.793
2801.000	1.792
2802.000	1.791
2803.000	1.791
2804.000	1.790
2805.000	1.790
2806.000	1.789
2807.000	1.789
2808.000	1.788
2809.000	1.787
2810.000	1.787
2811.000	1.786
2812.000	1.786
2813.000	1.785
2814.000	1.785
2815.000	1.784
2816.000	1.783
2817.000	1.783
2818.000	1.782
2819.000	1.782
2820.000	1.781
2821.000	1.781
2822.000	1.780
2823.000	1.780
2824.000	1.779
2825.000	1.778
2826.000	1.778
2827.000	1.777
2828.000	1.777
2829.000	1.776
2830.000	1.776
2831.000	1.775
2832.000	1.774
2833.000	1.774
2834.000	1.773
2835.000	1.773
2836.000	1.772
2837.000	1.772
2838.000	1.771
2839.000	1.770
2840.000	1.770
2841.000	1.769
2842.000	1.769
2843.000	1.768
2844.000	1.768
2845.000	1.767
2846.000	1.766
2847.000	1.766
2848.000	1.765
2849.000	1.765
2850.000	1.764
2851.000	1.764
2852.000	1.763
2853.000	1.762
2854.000	1.762
2855.000	1.761
2856.000	1.761
2857.000	1.760
2858.000	1.760
2859.000	1.759
2860.000	1.759
2861.000	1.758
2862.000	1.757
2863.000	1.757
2864.000	1.756
2865.000	1.756
2866.000	1.755
2867.000	1.755
2868.000	1.754
2869.000	1.753
2870.000	1.753
2871.000	1.752
2872.000	1.752
2873.000	1.751
2874.000	1.751
2875.000	1.750
2876.000	1.749
2877.000	1.749
2878.000	1.748
2879.000	1.748
2880.000	1.747
2881.000	1.747
2882.000	1.746
2883.000	1.745
2884.000	1.745
2885.000	1.744
2886.000	1.744
2887.000	1.743
2888.000	1.743
2889.000	1.742
2890.000	1.742
2891.000	1.741
2892.000	1.740
2893.000	1.740
2894.000	1.739
2895.000	1.739
2896.000	1.738
2897.000	1.738
2898.000	1.737
2899.000	1.736
2900.000	1.736
2901.000	1.735
2902.000	1.735
2903.000	1.734
2904.000	1.734
2905.000	1.733
2906.000	1.732
2907.000	1.732
2908.000	1.731
2909.000	1.731
2910.000	1.730
2911.000	1.730
2912.000	1.729
2913.000	1.728
2914.000	1.728
2915.000	1.727
2916.000	1.727
2917.000	1.726
2918.000	1.726
2919.000	1.725
2920.000	1.724
2921.000	1.724
2922.000	1.723
2923.000	1.723
2924.000	1.722
2925.000	1.722
2926.000	1.721
2927.000	1.721
2928.000	1.720
2929.000	1.719
2930.000	1.719
2931.000	1.718
2932.000	1.718
2933.000	1.717
2934.000	1.717
2935.000	1.716
2936.000	1.715
2937.000	1.715
2938.000	1.714
2939.000	1.714
2940.000	1.713
2941.000	1.713
2942.000	1.712
2943.000	1.711
2944.000	1.711
2945.000	1.710
2946.000	1.710
2947.000	1.709
2948.000	1.709
2949.000	1.708
2950.000	1.707
2951.000	1.707
2952.000	1.706
2953.000	1.706
2954.000	1.705
2955.000	1.705
2956.000	1.704
2957.000	1.703
2958.000	1.703
2959.000	1.702
2960.000	1.702
2961.000	1.701
2962.000	1.701
2963.000	1.700
2964.000	1.700
2965.000	1.699
2966.000	1.698
2967.000	1.698
2968.000	1.697
2969.000	1.697
2970.000	1.696
2971.000	1.696
2972.000	1.695
2973.000	1.694
2974.000	1.694
2975.000	1.693
2976.000	1.693
2977.000	1.692
2978.000	1.692
2979.000	1.691
2980.000	1.690
2981.000	1.690
2982.000	1.689
2983.000	1.689
2984.000	1.688
2985.000	1.688
2986.000	1.687
2987.000	1.686
2988.000	1.686
2989.000	1.685
2990.000	1.685
2991.000	1.684
2992.000	1.684
2993.000	1.683
2994.000	1.683
2995.000	1.682
2996.000	1.681
2997.000	1.681
2998.000	1.680
2999.000	1.680
3000.000	1.679
3001.000	1.679
3002.000	1.678
3003.000	1.677
3004.000	1.677
3005.000	1.676
3006.000	1.676
3007.000	1.675
3008.000	1.675
3009.000	1.674
3010.000	1.673
3011.000	1.673
3012.000	1.672
3013.000	1.672
3014.000	1.671
3015.000	1.671
3016.000	1.670
3017.000	1.669
3018.000	1.669
3019.000	1.668
3020.000	1.668
3021.000	1.667
3022.000	1.667
3023.000	1.666
3024.000	1.665
3025.000	1.665
3026.000	1.664
3027.000	1.664
3028.000	1.663
3029.000	1.663
3030.000	1.662
3031.000	1.662
3032.000	1.661
3033.000	1.660
3034.000	1.660
3035.000	1.659
3036.000	1.659
3037.000	1.658
3038.000	1.658
3039.000	1.657
3040.000	1.656
3041.000	1.656
3042.000	1.655
3043.000	1.655
3044.000	1.654
3045.000	1.654
3046.000	1.653
3047.000	1.652
3048.000	1.652
3049.000	1.651
3050.000	1.651
3051.000	1.650
3052.000	1.650
3053.000	1.649
3054.000	1.648
3055.000	1.648
3056.000	1.647
3057.000	1.647
3058.000	1.646
3059.000	1.646
3060.000	1.645
3061.000	1.644
3062.000	1.644
3063.000	1.643
3064.000	1.643
3065.000	1.642
3066.000	1.642
3067.000	1.641
3068.000	1.641
3069.000	1.640
3070.000	1.639
3071.000	1.639
3072.000	1.638
3073.000	1.638
3074.000	1.637
3075.000	1.637
3076.000	1.636
3077.000	1.635
3078.000	1.635
3079.000	1.634
3080.000	1.634
3081.000	1.633
3082.000	1.633
3083.000	1.632
3084.000	1.631
3085.000	1.631
3086.000	1.630
3087.000	1.630
3088.000	1.629
3089.000	1.629
3090.000	1.628
3091.000	1.627
3092.000	1.627
3093.000	1.626
3094.000	1.626
3095.000	1.625
3096.000	1.625
3097.000	1.624
3098.000	1.624
3099.000	1.623
3100.000	1.622
3101.000	1.622
3102.000	1.621
3103.000	1.621
3104.000	1.620
3105.000	1.620
3106.000	1.619
3107.000	1.618
3108.000	1.618
3109.000	1.617
3110.000	1.617
3111.000	1.616
3112.000	1.616
3113.000	1.615
3114.000	1.614
3115.000	1.614
3116.000	1.613
3117.000	1.613
3118.000	1.612
3119.000	1.612
3120.000	1.611
3121.000	1.610
3122.000	1.610
3123.000	1.609
3124.000	1.609
3125.000	1.608
3126.000	1.608
3127.000	1.607
3128.000	1.606
3129.000	1.606
3130.000	1.605
3131.000	1.605
3132.000	1.604
3133.000	1.604
3134.000	1.603
3135.000	1.603
3136.000	1.602
3137.000	1.601
3138.000	1.601
3139.000	1.600
3140.000	1.600
3141.000	1.599
3142.000	1.599
3143.000	1.598
3144.000	1.597
3145.000	1.597
3146.000	1.596
3147.000	1.596
3148.000	1.595
3149.000	1.595
3150.000	1.594
3151.000	1.593
3152.000	1.593
3153.000	1.592
3154.000	1.592
3155.000	1.591
3156.000	1.591
3157.000	1.590
3158.000	1.589
3159.000	1.589
3160.000	1.588
3161.000	1.588
3162.000	1.587
3163.000	1.587
3164.000	1.586
3165.000	1.585
3166.000	1.585
3167.000	1.584
3168.000	1.584
3169.000	1.583
3170.000	1.583
3171.000	1.582
3172.000	1.582
3173.000	1.581
3174.000	1.580
3175.000	1.580
3176.000	1.579
3177.000	1.579
3178.000	1.578
3179.000	1.578
3180.000	1.577
3181.000	1.576
3182.000	1.576
3183.000	1.575
3184.000	1.575
3185.000	1.574
3186.000	1.574
3187.000	1.573
3188.000	1.572
3189.000	1.572
3190.000	1.571
3191.000	1.571
3192.000	1.570
3193.000	1.570
3194.000	1.569
3195.000	1.568
3196.000	1.568
3197.000	1.567
3198.000	1.567
3199.000	1.566
3200.000	1.566
3201.000	1.565
3202.000	1.564
3203.000	1.564
3204.000	1.563
3205.000	1.563
3206.000	1.562
3207.000	1.562
3208.000	1.561
3209.000	1.561
3210.000	1.560
3211.000	1.559
3212.000	1.559
3213.000	1.558
3214.000	1.558
3215.000	1.557
3216.000	1.557
3217.000	1.556
3218.000	1.555
3219.000	1.555
3220.000	1.554
3221.000	1.554
3222.000	1.553
3223.000	1.553
3224.000	1.552
3225.000	1.551
3226.000	1.551
3227.000	1.550
3228.000	1.550
3229.000	1.549
3230.000	1.549
3231.000	1.548
3232.000	1.547
3233.000	1.547
3234.000	1.546
3235.000	1.546
3236.000	1.545
3237.000	1.545
3238.000	1.544
3239.000	1.544
3240.000	1.543
3241.000	1.542
3242.000	1.542
3243.000	1.541
3244.000	1.541
3245.000	1.540
3246.000	1.540
3247.000	1.539
3248.000	1.538
3249.000	1.538
3250.000	1.537
3251.000	1.537
3252.000	1.536
3253.000	1.536
3254.000	1.535
3255.000	1.534
3256.000	1.534
3257.000	1.533
3258.000	1.533
3259.000	1.532
3260.000	1.532
3261.000	1.531
3262.000	1.530
3263.000	1.530
3264.000	1.529
3265.000	1.529
3266.000	1.528
3267.000	1.528
3268.000	1.527
3269.000	1.526
3270.000	1.526
3271.000	1.525
3272.000	1.525
3273.000	1.524
3274.000	1.524
3275.000	1.523
3276.000	1.523
3277.000	1.522
3278.000	1.521
3279.000	1.521
3280.000	1.520
3281.000	1.520
3282.000	1.519
3283.000	1.519
3284.000	1.518
3285.000	1.517
3286.000	1.517
3287.000	1.516
3288.000	1.516
3289.000	1.515
3290.000	1.515
3291.000	1.514
3292.000	1.513
3293.000	1.513
3294.000	1.512
3295.000	1.512
3296.000	1.511
3297.000	1.511
3298.000	1.510
3299.000	1.509
3300.000	1.509
3301.000	1.508
3302.000	1.508
3303.000	1.507
3304.000	1.507
3305.000	1.506
3306.000	1.505
3307.000	1.505
3308.000	1.504
3309.000	1.504
3310.000	1.503
3311.000	1.503
3312.000	1.502
3313.000	1.502
3314.000	1.501
3315.000	1.500
3316.000	1.500
3317.000	1.499
3318.000	1.499
3319.000	1.498
3320.000	1.498
3321.000	1.497
3322.000	1.496
3323.000	1.496
3324.000	1.495
3325.000	1.495
3326.000	1.494
3327.000	1.494
3328.000	1.493
3329.000	1.492
3330.000	1.492
3331.000	1.491
3332.000	1.491
3333.000	1.490
3334.000	1.490
3335.000	1.489
3336.000	1.488
3337.000	1.488
3338.000	1.487
3339.000	1.487
3340.000	1.486
3341.000	1.486
3342.000	1.485
3343.000	1.485
3344.000	1.484
3345.000	1.483
3346.000	1.483
3347.000	1.482
3348.000	1.482
3349.000	1.481
3350.000	1.481
3351.000	1.480
3352.000	1.479
3353.000	1.479
3354.000	1.478
3355.000	1.478
3356.000	1.477
3357.000	1.477
3358.000	1.476
3359.000	1.475
3360.000	1.475
3361.000	1.474
3362.000	1.474
3363.000	1.473
3364.000	1.473
3365.000	1.472
3366.000	1.471
3367.000	1.471
3368.000	1.470
3369.000	1.470
3370.000	1.469
3371.000	1.469
3372.000	1.468
3373.000	1.467
3374.000	1.467
3375.000	1.466
3376.000	1.466
3377.000	1.465
3378.000	1.465
3379.000	1.464
3380.000	1.464
3381.000	1.463
3382.000	1.462
3383.000	1.462
3384.000	1.461
3385.000	1.461
3386.000	1.460
3387.000	1.460
3388.000	1.459
3389.000	1.458
3390.000	1.458
3391.000	1.457
3392.000	1.457
3393.000	1.456
3394.000	1.456
3395.000	1.455
3396.000	1.454
3397.000	1.454
3398.000	1.453
3399.000	1.453
3400.000	1.452
3401.000	1.452
3402.000	1.451
3403.000	1.450
3404.000	1.450
3405.000	1.449
3406.000	1.449
3407.000	1.448
3408.000	1.448
3409.000	1.447
3410.000	1.446
3411.000	1.446
3412.000	1.445
3413.000	1.445
3414.000	1.444
3415.000	1.444
3416.000	1.443
3417.000	1.443
3418.000	1.442
3419.000	1.441
3420.000	1.441
3421.000	1.440
3422.000	1.440
3423.000	1.439
3424.000	1.439
3425.000	1.438
3426.000	1.437
3427.000	1.437
3428.000	1.436
3429.000	1.436
3430.000	1.435
3431.000	1.435
3432.000	1.434
3433.000	1.433
3434.000	1.433
3435.000	1.432
3436.000	1.432
3437.000	1.431
3438.000	1.431
3439.000	1.430
3440.000	1.429
3441.000	1.429
3442.000	1.428
3443.000	1.428
3444.000	1.427
3445.000	1.427
3446.000	1.426
3447.000	1.426
3448.000	1.425
3449.000	1.424
3450.000	1.424
3451.000	1.423
3452.000	1.422
3453.000	1.422
3454.000	1.421
3455.000	1.421
3456.000	1.420
3457.000	1.419
3458.000	1.419
3459.000	1.418
3460.000	1.417
3461.000	1.417
3462.000	1.416
3463.000	1.416
3464.000	1.415
3465.000	1.414
3466.000	1.414
3467.000	1.413
3468.000	1.412
3469.000	1.412
3470.000	1.411
3471.000	1.411
3472.000	1.410
3473.000	1.409
3474.000	1.409
3475.000	1.408
3476.000	1.407
3477.000	1.407
3478.000	1.406
3479.000	1.406
3480.000	1.405
3481.000	1.404
3482.000	1.404
3483.000	1.403
3484.000	1.403
3485.000	1.402
3486.000	1.401
3487.000	1.401
3488.000	1.400
3489.000	1.399
3490.000	1.399
3491.000	1.398
3492.000	1.398
3493.000	1.397
3494.000	1.396
3495.000	1.396
3496.000	1.395
3497.000	1.394
3498.000	1.394
3499.000	1.393
3500.000	1.393
3501.000	1.392
3502.000	1.391
3503.000	1.391
3504.000	1.390
3505.000	1.389
3506.000	1.389
3507.000	1.388
3508.000	1.387
3509.000	1.387
3510.000	1.386
3511.000	1.385
3512.000	1.385
3513.000	1.384
3514.000	1.383
3515.000	1.383
3516.000	1.382
3517.000	1.381
3518.000	1.381
3519.000	1.380
3520.000	1.379
3521.000	1.379
3522.000	1.378
3523.000	1.377
3524.000	1.377
3525.000	1.376
3526.000	1.375
3527.000	1.375
3528.000	1.374
3529.000	1.373
3530.000	1.373
3531.000	1.372
3532.000	1.371
3533.000	1.371
3534.000	1.370
3535.000	1.369
3536.000	1.369
3537.000	1.368
3538.000	1.367
3539.000	1.367
3540.000	1.366
3541.000	1.365
3542.000	1.364
3543.000	1.364
3544.000	1.363
3545.000	1.363
3546.000	1.362
3547.000	1.361
3548.000	1.361
3549.000	1.360
3550.000	1.359
3551.000	1.358
3552.000	1.358
3553.000	1.357
3554.000	1.356
3555.000	1.356
3556.000	1.355
3557.000	1.354
3558.000	1.354
3559.000	1.353
3560.000	1.352
3561.000	1.352
3562.000	1.351
3563.000	1.350
3564.000	1.350
3565.000	1.349
3566.000	1.348
3567.000	1.348
3568.000	1.347
3569.000	1.346
3570.000	1.346
3571.000	1.345
3572.000	1.344
3573.000	1.344
3574.000	1.343
3575.000	1.342
3576.000	1.342
3577.000	1.341
3578.000	1.340
3579.000	1.340
3580.000	1.339
3581.000	1.338
3582.000	1.338
3583.000	1.337
3584.000	1.336
3585.000	1.335
3586.000	1.335
3587.000	1.334
3588.000	1.333
3589.000	1.333
3590.000	1.332
3591.000	1.331
3592.000	1.330
3593.000	1.330
3594.000	1.329
3595.000	1.328
3596.000	1.327
3597.000	1.327
3598.000	1.326
3599.000	1.325
3600.000	1.325
3601.000	1.324
3602.000	1.323
3603.000	1.322
3604.000	1.322
3605.000	1.321
3606.000	1.320
3607.000	1.320
3608.000	1.319
3609.000	1.318
3610.000	1.317
3611.000	1.317
3612.000	1.316
3613.000	1.315
3614.000	1.315
3615.000	1.314
3616.000	1.313
3617.000	1.312
3618.000	1.312
3619.000	1.311
3620.000	1.310
3621.000	1.309
3622.000	1.309
3623.000	1.308
3624.000	1.307
3625.000	1.307
3626.000	1.306
3627.000	1.305
3628.000	1.304
3629.000	1.304
3630.000	1.303
3631.000	1.302
3632.000	1.301
3633.000	1.301
3634.000	1.300
3635.000	1.299
3636.000	1.299
3637.000	1.298
3638.000	1.297
3639.000	1.296
3640.000	1.296
3641.000	1.295
3642.000	1.294
3643.000	1.294
3644.000	1.293
3645.000	1.292
3646.000	1.292
3647.000	1.291
3648.000	1.290
3649.000	1.289
3650.000	1.289
3651.000	1.288
3652.000	1.287
3653.000	1.286
3654.000	1.286
3655.000	1.285
3656.000	1.284
3657.000	1.284
3658.000	1.283
3659.000	1.282
3660.000	1.281
3661.000	1.281
3662.000	1.280
3663.000	1.279
3664.000	1.278
3665.000	1.278
3666.000	1.277
3667.000	1.276
3668.000	1.276
3669.000	1.275
3670.000	1.274
3671.000	1.273
3672.000	1.273
3673.000	1.272
3674.000	1.271
3675.000	1.271
3676.000	1.270
3677.000	1.269
3678.000	1.269
3679.000	1.268
3680.000	1.267
3681.000	1.266
3682.000	1.266
3683.000	1.265
3684.000	1.264
3685.000	1.263
3686.000	1.263
3687.000	1.262
3688.000	1.261
3689.000	1.261
3690.000	1.260
3691.000	1.259
3692.000	1.258
3693.000	1.258
3694.000	1.257
3695.000	1.256
3696.000	1.255
3697.000	1.255
3698.000	1.254
3699.000	1.253
3700.000	1.253
3701.000	1.252
3702.000	1.251
3703.000	1.251
3704.000	1.250
3705.000	1.249
3706.000	1.248
3707.000	1.248
3708.000	1.247
3709.000	1.246
3710.000	1.245
3711.000	1.245
3712.000	1.244
3713.000	1.243
3714.000	1.243
3715.000	1.242
3716.000	1.241
3717.000	1.240
3718.000	1.240
3719.000	1.239
3720.000	1.238
3721.000	1.238
3722.000	1.237
3723.000	1.236
3724.000	1.235
3725.000	1.235
3726.000	1.234
3727.000	1.233
3728.000	1.232
3729.000	1.232
3730.000	1.231
3731.000	1.230
3732.000	1.230
3733.000	1.229
3734.000	1.228
3735.000	1.227
3736.000	1.227
3737.000	1.226
3738.000	1.225
3739.000	1.224
3740.000	1.224
3741.000	1.223
3742.000	1.222
3743.000	1.221
3744.000	1.221
3745.000	1.220
3746.000	1.219
3747.000	1.219
3748.000	1.218
3749.000	1.217
3750.000	1.217
3751.000	1.216
3752.000	1.216
3753.000	1.215
3754.000	1.215
3755.000	1.214
3756.000	1.213
3757.000	1.213
3758.000	1.212
3759.000	1.212
3760.000	1.211
3761.000	1.211
3762.000	1.210
3763.000	1.210
3764.000	1.209
3765.000	1.208
3766.000	1.208
3767.000	1.207
3768.000	1.207
3769.000	1.206
3770.000	1.206
3771.000	1.167
3772.000	1.166
3773.000	1.166
3774.000	1.165
3775.000	1.164
3776.000	1.164
3777.000	1.163
3778.000	1.163
3779.000	1.162
3780.000	1.162
3781.000	1.161
3782.000	1.160
3783.000	1.160
3784.000	1.159
3785.000	1.159
3786.000	1.158
3787.000	1.158
3788.000	1.157
3789.000	1.157
3790.000	1.156
3791.000	1.155
3792.000	1.155
3793.000	1.154
3794.000	1.154
3795.000	1.153
3796.000	1.153
3797.000	1.152
3798.000	1.151
3799.000	1.151
3800.000	1.150
3801.000	1.150
3802.000	1.149
3803.000	1.149
3804.000	1.148
3805.000	1.147
3806.000	1.147
3807.000	1.146
3808.000	1.146
3809.000	1.145
3810.000	1.145
3811.000	1.144
3812.000	1.143
3813.000	1.143
3814.000	1.142
3815.000	1.142
3816.000	1.141
3817.000	1.141
3818.000	1.140
3819.000	1.140
3820.000	1.139
3821.000	1.138
3822.000	1.138
3823.000	1.137
3824.000	1.137
3825.000	1.136
3826.000	1.136
3827.000	1.135
3828.000	1.134
3829.000	1.134
3830.000	1.133
3831.000	1.133
3832.000	1.098
3833.000	1.097
3834.000	1.097
3835.000	1.096
3836.000	1.094
3837.000	1.093
3838.000	1.093
3839.000	1.092
3840.000	1.089
3841.000	1.089
3842.000	1.088
3843.000	1.088
3844.000	1.087
3845.000	1.087
3846.000	1.086
3847.000	1.085
3848.000	1.085
3849.000	1.084
3850.000	1.084
3851.000	1.083
3852.000	1.083
3853.000	1.082
3854.000	1.081
3855.000	1.081
3856.000	1.080
3857.000	1.080
3858.000	1.079
3859.000	1.079
3860.000	1.078
3861.000	1.077
3862.000	1.077
3863.000	1.076
3864.000	1.076
3865.000	1.075
3866.000	1.075
3867.000	1.074
3868.000	1.074
3869.000	1.073
3870.000	1.072
3871.000	1.072
3872.000	1.071
3873.000	1.071
3874.000	1.070
3875.000	1.070
3876.000	1.069
3877.000	1.068
3878.000	1.068
3879.000	1.067
3880.000	1.067
3881.000	1.066
3882.000	1.066
3883.000	1.065
3884.000	1.064
3885.000	1.064
3886.000	1.063
3887.000	1.063
3888.000	1.062
3889.000	1.062
3890.000	1.061
3891.000	1.060
3892.000	1.060
3893.000	1.059
3894.000	1.059
3895.000	1.058
3896.000	1.058
3897.000	1.057
3898.000	1.057
3899.000	1.056
3900.000	1.055
3901.000	1.055
3902.000	1.054
3903.000	1.054
3904.000	1.053
3905.000	1.053
3906.000	1.052
3907.000	1.051
3908.000	1.051
3909.000	1.050
3910.000	1.050
3911.000	1.049
3912.000	1.049
3913.000	1.048
3914.000	1.047
3915.000	1.047
3916.000	1.046
3917.000	1.008
3918.000	1.007
3919.000	1.006
3920.000	1.006
3921.000	1.005
3922.000	1.005
3923.000	1.004
3924.000	1.004
3925.000	1.003
3926.000	1.002
3927.000	1.002
3928.000	1.001
3929.000	1.001
3930.000	1.000
3931.000	1.000
3932.000	0.999
3933.000	0.998
3934.000	0.998
3935.000	0.997
3936.000	0.997
3937.000	0.996
3938.000	0.996
3939.000	0.995
3940.000	0.995
3941.000	0.994
3942.000	0.993
3943.000	0.993
3944.000	0.992
3945.000	0.992
3946.000	0.991
3947.000	0.991
3948.000	0.990
3949.000	0.989
3950.000	0.989
3951.000	0.988
3952.000	0.988
3953.000	0.987
3954.000	0.987
3955.000	0.986
3956.000	0.985
3957.000	0.985
3958.000	0.984
3959.000	0.984
3960.000	0.983
3961.000	0.983
3962.000	0.982
3963.000	0.981
3964.000	0.981
3965.000	0.980
3966.000	0.980
3967.000	0.979
3968.000	0.979
3969.000	0.978
3970.000	0.977
3971.000	0.977
3972.000	0.976
3973.000	0.976
3974.000	0.975
3975.000	0.975
3976.000	0.974
3977.000	0.974
3978.000	0.973
3979.000	0.972
3980.000	0.972
3981.000	0.971
3982.000	0.971
3983.000	0.970
3984.000	0.970
3985.000	0.969
3986.000	0.968
3987.000	0.968
3988.000	0.967
3989.000	0.967
3990.000	0.966
3991.000	0.966
3992.000	0.965
3993.000	0.964
3994.000	0.964
3995.000	0.963
3996.000	0.963
3997.000	0.962
3998.000	0.962
3999.000	0.961
4000.000	0.960
4001.000	0.960
4002.000	0.959
4003.000	0.959
4004.000	0.958
4005.000	0.958
4006.000	0.957
4007.000	0.957
4008.000	0.956
4009.000	0.955
4010.000	0.955
4011.000	0.954
4012.000	0.954
4013.000	0.953
4014.000	0.953
4015.000	0.952
4016.000	0.951
4017.000	0.951
4018.000	0.950
4019.000	0.950
4020.000	0.949
4021.000	0.949
4022.000	0.948
4023.000	0.947
4024.000	0.947
4025.000	0.946
4026.000	0.946
4027.000	0.945
4028.000	0.945
4029.000	0.944
4030.000	0.943
4031.000	0.943
4032.000	0.942
4033.000	0.942
4034.000	0.941
4035.000	0.941
4036.000	0.940
4037.000	0.939
4038.000	0.939
4039.000	0.938
4040.000	0.938
4041.000	0.937
4042.000	0.937
4043.000	0.936
4044.000	0.936
4045.000	0.935
4046.000	0.934
4047.000	0.934
4048.000	0.933
4049.000	0.933
4050.000	0.932
4051.000	0.932
4052.000	0.931
4053.000	0.930
4054.000	0.930
4055.000	0.929
4056.000	0.929
4057.000	0.928
4058.000	0.928
4059.000	0.927
4060.000	0.926
4061.000	0.926
4062.000	0.925
4063.000	0.925
4064.000	0.924
4065.000	0.924
4066.000	0.923
4067.000	0.922
4068.000	0.922
4069.000	0.921
4070.000	0.913
4071.000	0.912
4072.000	0.912
4073.000	0.911
4074.000	0.910
4075.000	0.910
4076.000	0.909
4077.000	0.909
4078.000	0.908
4079.000	0.908
4080.000	0.907
4081.000	0.906
4082.000	0.906
4083.000	0.905
4084.000	0.905
4085.000	0.904
4086.000	0.904
4087.000	0.903
4088.000	0.903
4089.000	0.902
4090.000	0.901
4091.000	0.794
4092.000	0.793
4093.000	0.793
4094.000	0.784
4095.000	0.773
