0.000	21.723
1.000	21.695
2.000	21.667
3.000	21.639
4.000	21.611
5.000	21.584
6.000	21.556
7.000	21.528
8.000	21.500
9.000	21.472
10.000	21.444
11.000	21.416
12.000	21.388
13.000	21.360
14.000	21.332
15.000	21.304
16.000	21.276
17.000	21.248
18.000	21.220
19.000	21.192
20.000	21.164
21.000	21.136
22.000	21.108
23.000	21.080
24.000	21.052
25.000	21.024
26.000	20.996
27.000	20.968
28.000	20.940
29.000	20.912
30.000	20.884
31.000	20.856
32.000	20.828
33.000	20.800
34.000	20.772
35.000	20.744
36.000	20.716
37.000	20.688
38.000	20.660
39.000	20.632
40.000	20.604
41.000	20.576
42.000	20.548
43.000	20.520
44.000	20.492
45.000	20.464
46.000	20.436
47.000	20.408
48.000	20.380
49.000	20.352
50.000	20.324
51.000	20.297
52.000	20.269
53.000	20.241
54.000	20.213
55.000	20.185
56.000	20.157
57.000	20.129
58.000	20.101
59.000	20.073
60.000	20.045
61.000	20.017
62.000	19.989
63.000	19.961
64.000	19.933
65.000	19.905
66.000	19.877
67.000	19.849
68.000	19.821
69.000	19.790
70.000	19.759
71.000	19.728
72.000	19.698
73.000	19.670
74.000	19.639
75.000	19.608
76.000	19.577
77.000	19.546
78.000	19.516
79.000	19.486
80.000	19.456
81.000	19.425
82.000	19.395
83.000	19.366
84.000	19.338
85.000	19.308
86.000	19.278
87.000	19.248
88.000	19.219
89.000	19.189
90.000	19.160
91.000	19.130
92.000	19.101
93.000	19.072
94.000	19.043
95.000	19.014
96.000	18.986
97.000	18.957
98.000	18.928
99.000	18.899
100.000	18.870
101.000	18.842
102.000	18.813
103.000	18.785
104.000	18.756
105.000	18.728
106.000	18.700
107.000	18.675
108.000	18.646
109.000	18.618
110.000	18.590
111.000	18.562
112.000	18.534
113.000	18.506
114.000	18.478
115.000	18.453
116.000	18.428
117.000	18.403
118.000	18.377
119.000	18.352
120.000	18.327
121.000	18.302
122.000	18.277
123.000	18.252
124.000	18.227
125.000	18.203
126.000	18.178
127.000	18.153
128.000	18.127
129.000	18.102
130.000	18.077
131.000	18.052
132.000	18.027
133.000	18.002
134.000	17.977
135.000	17.952
136.000	17.927
137.000	17.902
138.000	17.876
139.000	17.851
140.000	17.826
141.000	17.801
142.000	17.776
143.000	17.751
144.000	17.726
145.000	17.701
146.000	17.676
147.000	17.650
148.000	17.625
149.000	17.600
150.000	17.575
151.000	17.550
152.000	17.525
153.000	17.500
154.000	17.475
155.000	17.450
156.000	17.424
157.000	17.399
158.000	17.374
159.000	17.349
160.000	17.324
161.000	17.299
162.000	17.274
163.000	17.249
164.000	17.224
165.000	17.198
166.000	17.173
167.000	17.148
168.000	17.123
169.000	17.098
170.000	17.073
171.000	17.048
172.000	17.023
173.000	16.998
174.000	16.973
175.000	16.947
176.000	16.922
177.000	16.897
178.000	16.872
179.000	16.847
180.000	16.822
181.000	16.797
182.000	16.772
183.000	16.747
184.000	16.721
185.000	16.696
186.000	16.671
187.000	16.646
188.000	16.620
189.000	16.594
190.000	16.568
191.000	16.542
192.000	16.517
193.000	16.491
194.000	16.465
195.000	16.439
196.000	16.414
197.000	16.387
198.000	16.361
199.000	16.335
200.000	16.308
201.000	16.281
202.000	16.254
203.000	16.226
204.000	16.199
205.000	16.171
206.000	16.144
207.000	16.118
208.000	16.091
209.000	16.062
210.000	16.034
211.000	16.006
212.000	15.977
213.000	15.949
214.000	15.920
215.000	15.891
216.000	15.861
217.000	15.832
218.000	15.807
219.000	15.778
220.000	15.748
221.000	15.718
222.000	15.688
223.000	15.658
224.000	15.628
225.000	15.597
226.000	15.567
227.000	15.536
228.000	15.505
229.000	15.471
230.000	15.440
231.000	15.409
232.000	15.378
233.000	15.346
234.000	15.315
235.000	15.283
236.000	15.251
237.000	15.219
238.000	15.187
239.000	15.155
240.000	15.123
241.000	15.088
242.000	15.056
243.000	15.023
244.000	14.990
245.000	14.957
246.000	14.924
247.000	14.891
248.000	14.858
249.000	14.824
250.000	14.791
251.000	14.757
252.000	14.723
253.000	14.689
254.000	14.655
255.000	14.621
256.000	14.587
257.000	14.552
258.000	14.519
259.000	14.485
260.000	14.451
261.000	14.417
262.000	14.382
263.000	14.348
264.000	14.313
265.000	14.279
266.000	14.244
267.000	14.210
268.000	14.175
269.000	14.140
270.000	14.106
271.000	14.071
272.000	14.037
273.000	14.002
274.000	13.968
275.000	13.933
276.000	13.898
277.000	13.864
278.000	13.831
279.000	13.798
280.000	13.766
281.000	13.734
282.000	13.702
283.000	13.671
284.000	13.641
285.000	13.606
286.000	13.576
287.000	13.547
288.000	13.517
289.000	13.489
290.000	13.461
291.000	13.434
292.000	13.406
293.000	13.380
294.000	13.354
295.000	13.328
296.000	13.293
297.000	13.268
298.000	13.243
299.000	13.219
300.000	13.195
301.000	13.172
302.000	13.149
303.000	13.126
304.000	13.104
305.000	13.082
306.000	13.061
307.000	13.041
308.000	13.006
309.000	12.986
310.000	12.966
311.000	12.946
312.000	12.927
313.000	12.909
314.000	12.891
315.000	12.873
316.000	12.856
317.000	12.839
318.000	12.822
319.000	12.821
320.000	12.805
321.000	12.789
322.000	12.774
323.000	12.760
324.000	12.745
325.000	12.731
326.000	12.718
327.000	12.704
328.000	12.692
329.000	12.679
330.000	12.678
331.000	12.666
332.000	12.655
333.000	12.644
334.000	12.633
335.000	12.623
336.000	12.613
337.000	12.603
338.000	12.594
339.000	12.585
340.000	12.577
341.000	12.575
342.000	12.567
343.000	12.560
344.000	12.552
345.000	12.546
346.000	12.539
347.000	12.533
348.000	12.527
349.000	12.522
350.000	12.517
351.000	12.512
352.000	12.511
353.000	12.507
354.000	12.503
355.000	12.499
356.000	12.496
357.000	12.493
358.000	12.490
359.000	12.488
360.000	12.487
361.000	12.485
362.000	12.484
363.000	12.483
364.000	12.482
365.000	12.481
366.000	12.480
367.000	12.479
368.000	12.478
369.000	12.477
370.000	12.476
371.000	12.474
372.000	12.473
373.000	12.472
374.000	12.471
375.000	12.470
376.000	12.469
377.000	12.468
378.000	12.467
379.000	12.466
380.000	12.465
381.000	12.463
382.000	12.462
383.000	12.460
384.000	12.459
385.000	12.430
386.000	12.429
387.000	12.400
388.000	12.371
389.000	12.342
390.000	12.313
391.000	12.285
392.000	12.256
393.000	12.227
394.000	12.199
395.000	12.171
396.000	12.142
397.000	12.141
398.000	12.113
399.000	12.084
400.000	12.056
401.000	12.028
402.000	12.000
403.000	11.972
404.000	11.944
405.000	11.916
406.000	11.888
407.000	11.860
408.000	11.859
409.000	11.831
410.000	11.803
411.000	11.776
412.000	11.748
413.000	11.720
414.000	11.693
415.000	11.665
416.000	11.637
417.000	11.610
418.000	11.583
419.000	11.582
420.000	11.554
421.000	11.527
422.000	11.500
423.000	11.472
424.000	11.445
425.000	11.418
426.000	11.391
427.000	11.364
428.000	11.337
429.000	11.310
430.000	11.309
431.000	11.282
432.000	11.255
433.000	11.229
434.000	11.202
435.000	11.175
436.000	11.149
437.000	11.122
438.000	11.095
439.000	11.069
440.000	11.043
441.000	11.042
442.000	11.015
443.000	10.989
444.000	10.962
445.000	10.936
446.000	10.910
447.000	10.884
448.000	10.858
449.000	10.832
450.000	10.806
451.000	10.780
452.000	10.754
453.000	10.753
454.000	10.727
455.000	10.701
456.000	10.675
457.000	10.649
458.000	10.624
459.000	10.598
460.000	10.572
461.000	10.547
462.000	10.521
463.000	10.496
464.000	10.495
465.000	10.469
466.000	10.444
467.000	10.418
468.000	10.393
469.000	10.368
470.000	10.342
471.000	10.317
472.000	10.292
473.000	10.267
474.000	10.242
475.000	10.241
476.000	10.216
477.000	10.191
478.000	10.166
479.000	10.141
480.000	10.116
481.000	10.091
482.000	10.066
483.000	10.041
484.000	10.017
485.000	9.992
486.000	9.991
487.000	9.966
488.000	9.942
489.000	9.917
490.000	9.893
491.000	9.869
492.000	9.845
493.000	9.821
494.000	9.820
495.000	9.819
496.000	9.817
497.000	9.816
498.000	9.815
499.000	9.814
500.000	9.813
501.000	9.812
502.000	9.811
503.000	9.810
504.000	9.809
505.000	9.808
506.000	9.806
507.000	9.805
508.000	9.804
509.000	9.803
510.000	9.802
511.000	9.801
512.000	9.800
513.000	9.799
514.000	9.798
515.000	9.797
516.000	9.796
517.000	9.794
518.000	9.793
519.000	9.792
520.000	9.791
521.000	9.790
522.000	9.789
523.000	9.788
524.000	9.787
525.000	9.786
526.000	9.785
527.000	9.783
528.000	9.782
529.000	9.781
530.000	9.780
531.000	9.779
532.000	9.778
533.000	9.777
534.000	9.776
535.000	9.775
536.000	9.774
537.000	9.772
538.000	9.771
539.000	9.770
540.000	9.769
541.000	9.768
542.000	9.767
543.000	9.766
544.000	9.765
545.000	9.764
546.000	9.763
547.000	9.761
548.000	9.760
549.000	9.759
550.000	9.758
551.000	9.757
552.000	9.756
553.000	9.755
554.000	9.754
555.000	9.753
556.000	9.752
557.000	9.751
558.000	9.749
559.000	9.748
560.000	9.747
561.000	9.746
562.000	9.745
563.000	9.744
564.000	9.743
565.000	9.742
566.000	9.741
567.000	9.740
568.000	9.738
569.000	9.737
570.000	9.736
571.000	9.735
572.000	9.734
573.000	9.733
574.000	9.732
575.000	9.731
576.000	9.730
577.000	9.729
578.000	9.727
579.000	9.726
580.000	9.725
581.000	9.724
582.000	9.723
583.000	9.722
584.000	9.721
585.000	9.720
586.000	9.719
587.000	9.718
588.000	9.716
589.000	9.715
590.000	9.714
591.000	9.713
592.000	9.712
593.000	9.711
594.000	9.710
595.000	9.709
596.000	9.708
597.000	9.707
598.000	9.706
599.000	9.682
600.000	9.658
601.000	9.634
602.000	9.610
603.000	9.586
604.000	9.562
605.000	9.538
606.000	9.515
607.000	9.491
608.000	9.468
609.000	9.467
610.000	9.443
611.000	9.419
612.000	9.396
613.000	9.373
614.000	9.349
615.000	9.326
616.000	9.302
617.000	9.279
618.000	9.256
619.000	9.233
620.000	9.232
621.000	9.209
622.000	9.185
623.000	9.162
624.000	9.139
625.000	9.116
626.000	9.094
627.000	9.071
628.000	9.048
629.000	9.025
630.000	9.002
631.000	9.001
632.000	8.978
633.000	8.955
634.000	8.933
635.000	8.910
636.000	8.887
637.000	8.865
638.000	8.842
639.000	8.820
640.000	8.797
641.000	8.775
642.000	8.774
643.000	8.751
644.000	8.729
645.000	8.707
646.000	8.684
647.000	8.662
648.000	8.640
649.000	8.618
650.000	8.596
651.000	8.574
652.000	8.552
653.000	8.551
654.000	8.529
655.000	8.507
656.000	8.485
657.000	8.463
658.000	8.441
659.000	8.419
660.000	8.397
661.000	8.375
662.000	8.354
663.000	8.332
664.000	8.311
665.000	8.311
666.000	8.289
667.000	8.267
668.000	8.246
669.000	8.224
670.000	8.203
671.000	8.181
672.000	8.160
673.000	8.139
674.000	8.117
675.000	8.096
676.000	8.096
677.000	8.075
678.000	8.054
679.000	8.033
680.000	8.011
681.000	7.990
682.000	7.969
683.000	7.948
684.000	7.927
685.000	7.906
686.000	7.885
687.000	7.885
688.000	7.864
689.000	7.843
690.000	7.823
691.000	7.802
692.000	7.781
693.000	7.760
694.000	7.740
695.000	7.719
696.000	7.699
697.000	7.678
698.000	7.678
699.000	7.657
700.000	7.637
701.000	7.616
702.000	7.596
703.000	7.575
704.000	7.555
705.000	7.535
706.000	7.514
707.000	7.494
708.000	7.474
709.000	7.474
710.000	7.453
711.000	7.433
712.000	7.413
713.000	7.393
714.000	7.373
715.000	7.353
716.000	7.333
717.000	7.312
718.000	7.293
719.000	7.273
720.000	7.273
721.000	7.253
722.000	7.233
723.000	7.213
724.000	7.193
725.000	7.173
726.000	7.154
727.000	7.134
728.000	7.114
729.000	7.094
730.000	7.075
731.000	7.075
732.000	7.055
733.000	7.036
734.000	7.016
735.000	6.997
736.000	6.977
737.000	6.958
738.000	6.938
739.000	6.919
740.000	6.899
741.000	6.880
742.000	6.861
743.000	6.861
744.000	6.842
745.000	6.822
746.000	6.803
747.000	6.784
748.000	6.771
749.000	6.771
750.000	6.771
751.000	6.771
752.000	6.771
753.000	6.771
754.000	6.771
755.000	6.771
756.000	6.771
757.000	6.771
758.000	6.771
759.000	6.771
760.000	6.771
761.000	6.771
762.000	6.771
763.000	6.771
764.000	6.771
765.000	6.771
766.000	6.771
767.000	6.771
768.000	6.771
769.000	6.771
770.000	6.771
771.000	6.771
772.000	6.771
773.000	6.771
774.000	6.771
775.000	6.771
776.000	6.771
777.000	6.771
778.000	6.771
779.000	6.771
780.000	6.771
781.000	6.771
782.000	6.771
783.000	6.771
784.000	6.771
785.000	6.771
786.000	6.771
787.000	6.771
788.000	6.771
789.000	6.771
790.000	6.771
791.000	6.771
792.000	6.771
793.000	6.771
794.000	6.771
795.000	6.771
796.000	6.771
797.000	6.771
798.000	6.771
799.000	6.771
800.000	6.771
801.000	6.771
802.000	6.771
803.000	6.771
804.000	6.771
805.000	6.771
806.000	6.771
807.000	6.771
808.000	6.771
809.000	6.771
810.000	6.771
811.000	6.771
812.000	6.771
813.000	6.771
814.000	6.771
815.000	6.771
816.000	6.771
817.000	6.771
818.000	6.771
819.000	6.771
820.000	6.771
821.000	6.771
822.000	6.771
823.000	6.771
824.000	6.771
825.000	6.771
826.000	6.771
827.000	6.771
828.000	6.771
829.000	6.771
830.000	6.771
831.000	6.771
832.000	6.771
833.000	6.771
834.000	6.771
835.000	6.771
836.000	6.771
837.000	6.771
838.000	6.771
839.000	6.771
840.000	6.771
841.000	6.771
842.000	6.771
843.000	6.771
844.000	6.771
845.000	6.771
846.000	6.771
847.000	6.771
848.000	6.771
849.000	6.771
850.000	6.771
851.000	6.771
852.000	6.771
853.000	6.771
854.000	6.771
855.000	6.771
856.000	6.771
857.000	6.771
858.000	6.771
859.000	6.771
860.000	6.771
861.000	6.771
862.000	6.771
863.000	6.771
864.000	6.771
865.000	6.771
866.000	6.771
867.000	6.771
868.000	6.771
869.000	6.771
870.000	6.771
871.000	6.771
872.000	6.771
873.000	6.771
874.000	6.771
875.000	6.771
876.000	6.771
877.000	6.771
878.000	6.771
879.000	6.771
880.000	6.771
881.000	6.771
882.000	6.771
883.000	6.771
884.000	6.771
885.000	6.771
886.000	6.771
887.000	6.771
888.000	6.771
889.000	6.771
890.000	6.771
891.000	6.771
892.000	6.771
893.000	6.771
894.000	6.771
895.000	6.771
896.000	6.771
897.000	6.771
898.000	6.771
899.000	6.771
900.000	6.771
901.000	6.771
902.000	6.771
903.000	6.771
904.000	6.771
905.000	6.771
906.000	6.771
907.000	6.771
908.000	6.771
909.000	6.771
910.000	6.771
911.000	6.771
912.000	6.771
913.000	6.771
914.000	6.771
915.000	6.771
916.000	6.771
917.000	6.771
918.000	6.771
919.000	6.771
920.000	6.771
921.000	6.771
922.000	6.771
923.000	6.771
924.000	6.771
925.000	6.771
926.000	6.771
927.000	6.771
928.000	6.771
929.000	6.771
930.000	6.771
931.000	6.771
932.000	6.771
933.000	6.771
934.000	6.771
935.000	6.771
936.000	6.771
937.000	6.771
938.000	6.771
939.000	6.771
940.000	6.771
941.000	6.771
942.000	6.771
943.000	6.771
944.000	6.771
945.000	6.771
946.000	6.771
947.000	6.771
948.000	6.771
949.000	6.771
950.000	6.771
951.000	6.771
952.000	6.771
953.000	6.771
954.000	6.771
955.000	6.771
956.000	6.771
957.000	6.771
958.000	6.771
959.000	6.771
960.000	6.771
961.000	6.771
962.000	6.771
963.000	6.771
964.000	6.771
965.000	6.771
966.000	6.771
967.000	6.771
968.000	6.771
969.000	6.771
970.000	6.771
971.000	6.771
972.000	6.771
973.000	6.771
974.000	6.771
975.000	6.771
976.000	6.771
977.000	6.771
978.000	6.771
979.000	6.771
980.000	6.771
981.000	6.771
982.000	6.771
983.000	6.771
984.000	6.771
985.000	6.771
986.000	6.771
987.000	6.771
988.000	6.771
989.000	6.771
990.000	6.771
991.000	6.771
992.000	6.771
993.000	6.771
994.000	6.771
995.000	6.771
996.000	6.771
997.000	6.771
998.000	6.771
999.000	6.771
1000.000	6.771
1001.000	6.771
1002.000	6.771
1003.000	6.771
1004.000	6.771
1005.000	6.771
1006.000	6.771
1007.000	6.771
1008.000	6.771
1009.000	6.771
1010.000	6.771
1011.000	6.771
1012.000	6.771
1013.000	6.771
1014.000	6.771
1015.000	6.771
1016.000	6.771
1017.000	6.771
1018.000	6.771
1019.000	6.771
1020.000	6.771
1021.000	6.771
1022.000	6.771
1023.000	6.771
1024.000	6.771
1025.000	6.771
1026.000	6.771
1027.000	6.771
1028.000	6.771
1029.000	6.771
1030.000	6.771
1031.000	6.771
1032.000	6.771
1033.000	6.771
1034.000	6.771
1035.000	6.771
1036.000	6.771
1037.000	6.771
1038.000	6.771
1039.000	6.771
1040.000	6.771
1041.000	6.771
1042.000	6.771
1043.000	6.771
1044.000	6.771
1045.000	6.771
1046.000	6.771
1047.000	6.771
1048.000	6.771
1049.000	6.771
1050.000	6.771
1051.000	6.771
1052.000	6.771
1053.000	6.771
1054.000	6.771
1055.000	6.771
1056.000	6.771
1057.000	6.771
1058.000	6.771
1059.000	6.771
1060.000	6.771
1061.000	6.771
1062.000	6.771
1063.000	6.771
1064.000	6.771
1065.000	6.771
1066.000	6.771
1067.000	6.771
1068.000	6.771
1069.000	6.771
1070.000	6.771
1071.000	6.771
1072.000	6.771
1073.000	6.771
1074.000	6.771
1075.000	6.771
1076.000	6.771
1077.000	6.771
1078.000	6.771
1079.000	6.771
1080.000	6.771
1081.000	6.771
1082.000	6.771
1083.000	6.771
1084.000	6.771
1085.000	6.771
1086.000	6.771
1087.000	6.771
1088.000	6.771
1089.000	6.771
1090.000	6.771
1091.000	6.771
1092.000	6.771
1093.000	6.771
1094.000	6.771
1095.000	6.771
1096.000	6.771
1097.000	6.771
1098.000	6.771
1099.000	6.771
1100.000	6.771
1101.000	6.771
1102.000	6.771
1103.000	6.771
1104.000	6.771
1105.000	6.771
1106.000	6.771
1107.000	6.771
1108.000	6.771
1109.000	6.771
1110.000	6.771
1111.000	6.771
1112.000	6.771
1113.000	6.771
1114.000	6.771
1115.000	6.771
1116.000	6.771
1117.000	6.771
1118.000	6.771
1119.000	6.771
1120.000	6.771
1121.000	6.771
1122.000	6.771
1123.000	6.771
1124.000	6.771
1125.000	6.771
1126.000	6.771
1127.000	6.771
1128.000	6.771
1129.000	6.771
1130.000	6.771
1131.000	6.771
1132.000	6.771
1133.000	6.771
1134.000	6.771
1135.000	6.771
1136.000	6.771
1137.000	6.771
1138.000	6.771
1139.000	6.771
1140.000	6.771
1141.000	6.771
1142.000	6.771
1143.000	6.771
1144.000	6.771
1145.000	6.771
1146.000	6.771
1147.000	6.771
1148.000	6.771
1149.000	6.771
1150.000	6.771
1151.000	6.771
1152.000	6.771
1153.000	6.771
1154.000	6.771
1155.000	6.771
1156.000	6.771
1157.000	6.771
1158.000	6.771
1159.000	6.771
1160.000	6.771
1161.000	6.771
1162.000	6.771
1163.000	6.771
1164.000	6.771
1165.000	6.771
1166.000	6.771
1167.000	6.771
1168.000	6.771
1169.000	6.771
1170.000	6.771
1171.000	6.771
1172.000	6.771
1173.000	6.771
1174.000	6.771
1175.000	6.771
1176.000	6.771
1177.000	6.771
1178.000	6.771
1179.000	6.771
1180.000	6.771
1181.000	6.771
1182.000	6.771
1183.000	6.771
1184.000	6.771
1185.000	6.771
1186.000	6.771
1187.000	6.771
1188.000	6.771
1189.000	6.771
1190.000	6.771
1191.000	6.771
1192.000	6.771
1193.000	6.771
1194.000	6.771
1195.000	6.771
1196.000	6.771
1197.000	6.771
1198.000	6.771
1199.000	6.771
1200.000	6.771
1201.000	6.771
1202.000	6.771
1203.000	6.771
1204.000	6.771
1205.000	6.771
1206.000	6.771
1207.000	6.771
1208.000	6.771
1209.000	6.771
1210.000	6.771
1211.000	6.771
1212.000	6.771
1213.000	6.771
1214.000	6.771
1215.000	6.771
1216.000	6.771
1217.000	6.771
1218.000	6.771
1219.000	6.771
1220.000	6.771
1221.000	6.771
1222.000	6.771
1223.000	6.771
1224.000	6.771
1225.000	6.771
1226.000	6.771
1227.000	6.771
1228.000	6.771
1229.000	6.771
1230.000	6.771
1231.000	6.771
1232.000	6.771
1233.000	6.771
1234.000	6.771
1235.000	6.771
1236.000	6.771
1237.000	6.771
1238.000	6.771
1239.000	6.771
1240.000	6.771
1241.000	6.771
1242.000	6.771
1243.000	6.771
1244.000	6.771
1245.000	6.771
1246.000	6.771
1247.000	6.771
1248.000	6.771
1249.000	6.771
1250.000	6.771
1251.000	6.771
1252.000	6.771
1253.000	6.771
1254.000	6.771
1255.000	6.771
1256.000	6.771
1257.000	6.771
1258.000	6.771
1259.000	6.771
1260.000	6.771
1261.000	6.771
1262.000	6.771
1263.000	6.771
1264.000	6.771
1265.000	6.771
1266.000	6.771
1267.000	6.771
1268.000	6.771
1269.000	6.771
1270.000	6.771
1271.000	6.771
1272.000	6.771
1273.000	6.771
1274.000	6.771
1275.000	6.771
1276.000	6.771
1277.000	6.771
1278.000	6.771
1279.000	6.771
1280.000	6.771
1281.000	6.771
1282.000	6.771
1283.000	6.771
1284.000	6.771
1285.000	6.771
1286.000	6.771
1287.000	6.771
1288.000	6.771
1289.000	6.771
1290.000	6.771
1291.000	6.771
1292.000	6.771
1293.000	6.771
1294.000	6.771
1295.000	6.771
1296.000	6.771
1297.000	6.771
1298.000	6.771
1299.000	6.771
1300.000	6.771
1301.000	6.771
1302.000	6.771
1303.000	6.771
1304.000	6.771
1305.000	6.771
1306.000	6.771
1307.000	6.771
1308.000	6.771
1309.000	6.771
1310.000	6.771
1311.000	6.771
1312.000	6.771
1313.000	6.771
1314.000	6.771
1315.000	6.771
1316.000	6.771
1317.000	6.771
1318.000	6.771
1319.000	6.771
1320.000	6.771
1321.000	6.771
1322.000	6.771
1323.000	6.771
1324.000	6.771
1325.000	6.771
1326.000	6.771
1327.000	6.771
1328.000	6.771
1329.000	6.771
1330.000	6.771
1331.000	6.771
1332.000	6.771
1333.000	6.771
1334.000	6.771
1335.000	6.771
1336.000	6.771
1337.000	6.771
1338.000	6.771
1339.000	6.771
1340.000	6.771
1341.000	6.771
1342.000	6.771
1343.000	6.771
1344.000	6.771
1345.000	6.771
1346.000	6.771
1347.000	6.771
1348.000	6.771
1349.000	6.771
1350.000	6.771
1351.000	6.771
1352.000	6.771
1353.000	6.771
1354.000	6.771
1355.000	6.771
1356.000	6.771
1357.000	6.771
1358.000	6.771
1359.000	6.771
1360.000	6.771
1361.000	6.771
1362.000	6.771
1363.000	6.771
1364.000	6.771
1365.000	6.771
1366.000	6.771
1367.000	6.771
1368.000	6.771
1369.000	6.771
1370.000	6.771
1371.000	6.771
1372.000	6.771
1373.000	6.771
1374.000	6.771
1375.000	6.771
1376.000	6.771
1377.000	6.771
1378.000	6.771
1379.000	6.771
1380.000	6.771
1381.000	6.771
1382.000	6.771
1383.000	6.771
1384.000	6.771
1385.000	6.771
1386.000	6.771
1387.000	6.771
1388.000	6.771
1389.000	6.771
1390.000	6.771
1391.000	6.771
1392.000	6.771
1393.000	6.771
1394.000	6.771
1395.000	6.771
1396.000	6.771
1397.000	6.771
1398.000	6.771
1399.000	6.771
1400.000	6.771
1401.000	6.771
1402.000	6.771
1403.000	6.771
1404.000	6.771
1405.000	6.771
1406.000	6.771
1407.000	6.771
1408.000	6.771
1409.000	6.771
1410.000	6.771
1411.000	6.771
1412.000	6.771
1413.000	6.771
1414.000	6.771
1415.000	6.771
1416.000	6.771
1417.000	6.771
1418.000	6.771
1419.000	6.771
1420.000	6.771
1421.000	6.771
1422.000	6.771
1423.000	6.771
1424.000	6.771
1425.000	6.771
1426.000	6.760
1427.000	6.749
1428.000	6.738
1429.000	6.727
1430.000	6.716
1431.000	6.705
1432.000	6.694
1433.000	6.683
1434.000	6.683
1435.000	6.672
1436.000	6.661
1437.000	6.650
1438.000	6.639
1439.000	6.628
1440.000	6.617
1441.000	6.606
1442.000	6.595
1443.000	6.584
1444.000	6.573
1445.000	6.573
1446.000	6.563
1447.000	6.552
1448.000	6.541
1449.000	6.530
1450.000	6.519
1451.000	6.508
1452.000	6.497
1453.000	6.486
1454.000	6.475
1455.000	6.464
1456.000	6.454
1457.000	6.454
1458.000	6.443
1459.000	6.432
1460.000	6.421
1461.000	6.410
1462.000	6.399
1463.000	6.388
1464.000	6.377
1465.000	6.367
1466.000	6.356
1467.000	6.345
1468.000	6.345
1469.000	6.334
1470.000	6.323
1471.000	6.313
1472.000	6.302
1473.000	6.291
1474.000	6.280
1475.000	6.269
1476.000	6.258
1477.000	6.248
1478.000	6.237
1479.000	6.237
1480.000	6.226
1481.000	6.215
1482.000	6.205
1483.000	6.194
1484.000	6.183
1485.000	6.172
1486.000	6.161
1487.000	6.151
1488.000	6.140
1489.000	6.129
1490.000	6.129
1491.000	6.118
1492.000	6.108
1493.000	6.097
1494.000	6.086
1495.000	6.076
1496.000	6.065
1497.000	6.054
1498.000	6.043
1499.000	6.033
1500.000	6.022
1501.000	6.022
1502.000	6.011
1503.000	6.001
1504.000	5.990
1505.000	5.979
1506.000	5.968
1507.000	5.958
1508.000	5.947
1509.000	5.936
1510.000	5.926
1511.000	5.915
1512.000	5.915
1513.000	5.904
1514.000	5.894
1515.000	5.883
1516.000	5.872
1517.000	5.862
1518.000	5.851
1519.000	5.841
1520.000	5.830
1521.000	5.819
1522.000	5.809
1523.000	5.798
1524.000	5.798
1525.000	5.787
1526.000	5.777
1527.000	5.766
1528.000	5.756
1529.000	5.745
1530.000	5.734
1531.000	5.724
1532.000	5.713
1533.000	5.703
1534.000	5.692
1535.000	5.692
1536.000	5.682
1537.000	5.671
1538.000	5.660
1539.000	5.650
1540.000	5.639
1541.000	5.629
1542.000	5.618
1543.000	5.608
1544.000	5.597
1545.000	5.587
1546.000	5.587
1547.000	5.576
1548.000	5.566
1549.000	5.555
1550.000	5.545
1551.000	5.534
1552.000	5.524
1553.000	5.513
1554.000	5.503
1555.000	5.492
1556.000	5.482
1557.000	5.482
1558.000	5.471
1559.000	5.461
1560.000	5.450
1561.000	5.440
1562.000	5.429
1563.000	5.419
1564.000	5.408
1565.000	5.398
1566.000	5.387
1567.000	5.377
1568.000	5.376
1569.000	5.366
1570.000	5.355
1571.000	5.345
1572.000	5.334
1573.000	5.324
1574.000	5.313
1575.000	5.303
1576.000	5.293
1577.000	5.282
1578.000	5.272
1579.000	5.271
1580.000	5.261
1581.000	5.250
1582.000	5.240
1583.000	5.229
1584.000	5.219
1585.000	5.209
1586.000	5.198
1587.000	5.188
1588.000	5.177
1589.000	5.167
1590.000	5.166
1591.000	5.156
1592.000	5.146
1593.000	5.135
1594.000	5.125
1595.000	5.115
1596.000	5.104
1597.000	5.094
1598.000	5.083
1599.000	5.073
1600.000	5.063
1601.000	5.052
1602.000	5.052
1603.000	5.041
1604.000	5.031
1605.000	5.021
1606.000	5.010
1607.000	5.000
1608.000	4.990
1609.000	4.979
1610.000	4.969
1611.000	4.959
1612.000	4.949
1613.000	4.948
1614.000	4.938
1615.000	4.927
1616.000	4.917
1617.000	4.907
1618.000	4.896
1619.000	4.886
1620.000	4.876
1621.000	4.866
1622.000	4.855
1623.000	4.845
1624.000	4.844
1625.000	4.834
1626.000	4.824
1627.000	4.814
1628.000	4.803
1629.000	4.793
1630.000	4.783
1631.000	4.773
1632.000	4.762
1633.000	4.752
1634.000	4.742
1635.000	4.741
1636.000	4.731
1637.000	4.721
1638.000	4.711
1639.000	4.700
1640.000	4.690
1641.000	4.680
1642.000	4.670
1643.000	4.660
1644.000	4.649
1645.000	4.639
1646.000	4.639
1647.000	4.628
1648.000	4.618
1649.000	4.608
1650.000	4.598
1651.000	4.588
1652.000	4.578
1653.000	4.567
1654.000	4.557
1655.000	4.547
1656.000	4.537
1657.000	4.536
1658.000	4.526
1659.000	4.516
1660.000	4.506
1661.000	4.496
1662.000	4.485
1663.000	4.475
1664.000	4.465
1665.000	4.455
1666.000	4.445
1667.000	4.435
1668.000	4.425
1669.000	4.424
1670.000	4.414
1671.000	4.404
1672.000	4.394
1673.000	4.384
1674.000	4.374
1675.000	4.363
1676.000	4.353
1677.000	4.343
1678.000	4.333
1679.000	4.323
1680.000	4.322
1681.000	4.312
1682.000	4.302
1683.000	4.292
1684.000	4.282
1685.000	4.272
1686.000	4.262
1687.000	4.252
1688.000	4.242
1689.000	4.232
1690.000	4.222
1691.000	4.221
1692.000	4.211
1693.000	4.201
1694.000	4.191
1695.000	4.181
1696.000	4.171
1697.000	4.161
1698.000	4.151
1699.000	4.141
1700.000	4.131
1701.000	4.121
1702.000	4.120
1703.000	4.110
1704.000	4.100
1705.000	4.090
1706.000	4.080
1707.000	4.070
1708.000	4.060
1709.000	4.050
1710.000	4.040
1711.000	4.030
1712.000	4.020
1713.000	4.020
1714.000	4.010
1715.000	4.000
1716.000	3.990
1717.000	3.980
1718.000	3.970
1719.000	3.960
1720.000	3.950
1721.000	3.940
1722.000	3.930
1723.000	3.920
1724.000	3.919
1725.000	3.909
1726.000	3.899
1727.000	3.889
1728.000	3.880
1729.000	3.870
1730.000	3.860
1731.000	3.850
1732.000	3.840
1733.000	3.830
1734.000	3.820
1735.000	3.819
1736.000	3.809
1737.000	3.799
1738.000	3.784
1739.000	3.784
1740.000	3.783
1741.000	3.782
1742.000	3.782
1743.000	3.781
1744.000	3.780
1745.000	3.780
1746.000	3.779
1747.000	3.778
1748.000	3.777
1749.000	3.777
1750.000	3.776
1751.000	3.775
1752.000	3.775
1753.000	3.774
1754.000	3.773
1755.000	3.773
1756.000	3.772
1757.000	3.771
1758.000	3.770
1759.000	3.770
1760.000	3.769
1761.000	3.768
1762.000	3.768
1763.000	3.767
1764.000	3.766
1765.000	3.766
1766.000	3.765
1767.000	3.764
1768.000	3.763
1769.000	3.763
1770.000	3.762
1771.000	3.761
1772.000	3.761
1773.000	3.760
1774.000	3.759
1775.000	3.759
1776.000	3.758
1777.000	3.757
1778.000	3.756
1779.000	3.756
1780.000	3.755
1781.000	3.754
1782.000	3.754
1783.000	3.753
1784.000	3.752
1785.000	3.752
1786.000	3.751
1787.000	3.750
1788.000	3.750
1789.000	3.749
1790.000	3.748
1791.000	3.747
1792.000	3.747
1793.000	3.746
1794.000	3.745
1795.000	3.745
1796.000	3.744
1797.000	3.743
1798.000	3.743
1799.000	3.742
1800.000	3.741
1801.000	3.740
1802.000	3.740
1803.000	3.739
1804.000	3.738
1805.000	3.738
1806.000	3.737
1807.000	3.736
1808.000	3.736
1809.000	3.735
1810.000	3.734
1811.000	3.733
1812.000	3.733
1813.000	3.732
1814.000	3.731
1815.000	3.731
1816.000	3.730
1817.000	3.729
1818.000	3.729
1819.000	3.728
1820.000	3.727
1821.000	3.726
1822.000	3.726
1823.000	3.725
1824.000	3.724
1825.000	3.724
1826.000	3.723
1827.000	3.722
1828.000	3.722
1829.000	3.721
1830.000	3.720
1831.000	3.719
1832.000	3.719
1833.000	3.718
1834.000	3.717
1835.000	3.717
1836.000	3.716
1837.000	3.715
1838.000	3.715
1839.000	3.714
1840.000	3.713
1841.000	3.713
1842.000	3.712
1843.000	3.711
1844.000	3.710
1845.000	3.710
1846.000	3.709
1847.000	3.708
1848.000	3.708
1849.000	3.707
1850.000	3.706
1851.000	3.706
1852.000	3.705
1853.000	3.704
1854.000	3.703
1855.000	3.703
1856.000	3.702
1857.000	3.701
1858.000	3.701
1859.000	3.700
1860.000	3.699
1861.000	3.699
1862.000	3.698
1863.000	3.697
1864.000	3.696
1865.000	3.696
1866.000	3.695
1867.000	3.694
1868.000	3.694
1869.000	3.693
1870.000	3.692
1871.000	3.692
1872.000	3.691
1873.000	3.690
1874.000	3.689
1875.000	3.689
1876.000	3.688
1877.000	3.687
1878.000	3.687
1879.000	3.686
1880.000	3.685
1881.000	3.685
1882.000	3.684
1883.000	3.683
1884.000	3.682
1885.000	3.682
1886.000	3.681
1887.000	3.680
1888.000	3.680
1889.000	3.679
1890.000	3.678
1891.000	3.678
1892.000	3.677
1893.000	3.676
1894.000	3.676
1895.000	3.675
1896.000	3.674
1897.000	3.673
1898.000	3.673
1899.000	3.672
1900.000	3.671
1901.000	3.671
1902.000	3.670
1903.000	3.669
1904.000	3.669
1905.000	3.668
1906.000	3.667
1907.000	3.666
1908.000	3.666
1909.000	3.665
1910.000	3.664
1911.000	3.664
1912.000	3.663
1913.000	3.662
1914.000	3.662
1915.000	3.661
1916.000	3.660
1917.000	3.659
1918.000	3.659
1919.000	3.658
1920.000	3.657
1921.000	3.657
1922.000	3.656
1923.000	3.655
1924.000	3.655
1925.000	3.654
1926.000	3.653
1927.000	3.652
1928.000	3.652
1929.000	3.651
1930.000	3.650
1931.000	3.650
1932.000	3.649
1933.000	3.648
1934.000	3.648
1935.000	3.647
1936.000	3.646
1937.000	3.645
1938.000	3.645
1939.000	3.644
1940.000	3.643
1941.000	3.643
1942.000	3.642
1943.000	3.641
1944.000	3.641
1945.000	3.640
1946.000	3.639
1947.000	3.639
1948.000	3.638
1949.000	3.637
1950.000	3.636
1951.000	3.636
1952.000	3.635
1953.000	3.634
1954.000	3.634
1955.000	3.633
1956.000	3.632
1957.000	3.632
1958.000	3.631
1959.000	3.630
1960.000	3.629
1961.000	3.629
1962.000	3.628
1963.000	3.627
1964.000	3.627
1965.000	3.626
1966.000	3.625
1967.000	3.625
1968.000	3.624
1969.000	3.623
1970.000	3.622
1971.000	3.622
1972.000	3.621
1973.000	3.620
1974.000	3.620
1975.000	3.619
1976.000	3.618
1977.000	3.618
1978.000	3.617
1979.000	3.616
1980.000	3.615
1981.000	3.615
1982.000	3.614
1983.000	3.613
1984.000	3.613
1985.000	3.612
1986.000	3.611
1987.000	3.611
1988.000	3.610
1989.000	3.609
1990.000	3.608
1991.000	3.608
1992.000	3.607
1993.000	3.606
1994.000	3.606
1995.000	3.605
1996.000	3.604
1997.000	3.604
1998.000	3.603
1999.000	3.602
2000.000	3.602
2001.000	3.601
2002.000	3.600
2003.000	3.599
2004.000	3.599
2005.000	3.598
2006.000	3.597
2007.000	3.597
2008.000	3.596
2009.000	3.595
2010.000	3.595
2011.000	3.594
2012.000	3.593
2013.000	3.592
2014.000	3.592
2015.000	3.591
2016.000	3.590
2017.000	3.590
2018.000	3.589
2019.000	3.588
2020.000	3.588
2021.000	3.587
2022.000	3.586
2023.000	3.585
2024.000	3.585
2025.000	3.584
2026.000	3.583
2027.000	3.583
2028.000	3.582
2029.000	3.581
2030.000	3.581
2031.000	3.580
2032.000	3.579
2033.000	3.578
2034.000	3.578
2035.000	3.577
2036.000	3.576
2037.000	3.576
2038.000	3.575
2039.000	3.574
2040.000	3.574
2041.000	3.573
2042.000	3.572
2043.000	3.571
2044.000	3.571
2045.000	3.570
2046.000	3.569
2047.000	3.569
2048.000	3.568
2049.000	3.567
2050.000	3.567
2051.000	3.566
2052.000	3.565
2053.000	3.565
2054.000	3.564
2055.000	3.563
2056.000	3.562
2057.000	3.562
2058.000	3.561
2059.000	3.560
2060.000	3.560
2061.000	3.559
2062.000	3.558
2063.000	3.558
2064.000	3.557
2065.000	3.556
2066.000	3.555
2067.000	3.555
2068.000	3.554
2069.000	3.553
2070.000	3.553
2071.000	3.552
2072.000	3.551
2073.000	3.551
2074.000	3.550
2075.000	3.549
2076.000	3.548
2077.000	3.548
2078.000	3.547
2079.000	3.546
2080.000	3.546
2081.000	3.545
2082.000	3.544
2083.000	3.544
2084.000	3.543
2085.000	3.542
2086.000	3.541
2087.000	3.541
2088.000	3.540
2089.000	3.539
2090.000	3.539
2091.000	3.538
2092.000	3.537
2093.000	3.537
2094.000	3.536
2095.000	3.535
2096.000	3.534
2097.000	3.534
2098.000	3.533
2099.000	3.532
2100.000	3.532
2101.000	3.531
2102.000	3.530
2103.000	3.530
2104.000	3.529
2105.000	3.528
2106.000	3.528
2107.000	3.527
2108.000	3.526
2109.000	3.525
2110.000	3.525
2111.000	3.524
2112.000	3.523
2113.000	3.523
2114.000	3.522
2115.000	3.521
2116.000	3.521
2117.000	3.520
2118.000	3.519
2119.000	3.518
2120.000	3.518
2121.000	3.517
2122.000	3.516
2123.000	3.516
2124.000	3.515
2125.000	3.514
2126.000	3.514
2127.000	3.513
2128.000	3.512
2129.000	3.511
2130.000	3.511
2131.000	3.510
2132.000	3.509
2133.000	3.509
2134.000	3.508
2135.000	3.507
2136.000	3.507
2137.000	3.506
2138.000	3.505
2139.000	3.504
2140.000	3.504
2141.000	3.503
2142.000	3.502
2143.000	3.502
2144.000	3.501
2145.000	3.500
2146.000	3.500
2147.000	3.499
2148.000	3.498
2149.000	3.497
2150.000	3.497
2151.000	3.496
2152.000	3.495
2153.000	3.495
2154.000	3.494
2155.000	3.493
2156.000	3.493
2157.000	3.492
2158.000	3.491
2159.000	3.491
2160.000	3.490
2161.000	3.489
2162.000	3.488
2163.000	3.488
2164.000	3.487
2165.000	3.486
2166.000	3.486
2167.000	3.485
2168.000	3.484
2169.000	3.484
2170.000	3.483
2171.000	3.482
2172.000	3.481
2173.000	3.481
2174.000	3.480
2175.000	3.479
2176.000	3.479
2177.000	3.478
2178.000	3.477
2179.000	3.477
2180.000	3.476
2181.000	3.475
2182.000	3.474
2183.000	3.474
2184.000	3.473
2185.000	3.472
2186.000	3.472
2187.000	3.471
2188.000	3.470
2189.000	3.470
2190.000	3.469
2191.000	3.468
2192.000	3.467
2193.000	3.467
2194.000	3.466
2195.000	3.465
2196.000	3.465
2197.000	3.464
2198.000	3.463
2199.000	3.463
2200.000	3.462
2201.000	3.461
2202.000	3.460
2203.000	3.460
2204.000	3.459
2205.000	3.458
2206.000	3.458
2207.000	3.457
2208.000	3.456
2209.000	3.456
2210.000	3.455
2211.000	3.454
2212.000	3.454
2213.000	3.453
2214.000	3.452
2215.000	3.451
2216.000	3.451
2217.000	3.450
2218.000	3.449
2219.000	3.449
2220.000	3.448
2221.000	3.447
2222.000	3.447
2223.000	3.446
2224.000	3.445
2225.000	3.444
2226.000	3.444
2227.000	3.443
2228.000	3.442
2229.000	3.442
2230.000	3.441
2231.000	3.440
2232.000	3.440
2233.000	3.439
2234.000	3.438
2235.000	3.437
2236.000	3.437
2237.000	3.436
2238.000	3.435
2239.000	3.435
2240.000	3.434
2241.000	3.433
2242.000	3.433
2243.000	3.432
2244.000	3.431
2245.000	3.430
2246.000	3.430
2247.000	3.429
2248.000	3.428
2249.000	3.428
2250.000	3.427
2251.000	3.426
2252.000	3.426
2253.000	3.425
2254.000	3.424
2255.000	3.423
2256.000	3.423
2257.000	3.422
2258.000	3.421
2259.000	3.421
2260.000	3.420
2261.000	3.419
2262.000	3.419
2263.000	3.418
2264.000	3.417
2265.000	3.417
2266.000	3.416
2267.000	3.415
2268.000	3.414
2269.000	3.414
2270.000	3.413
2271.000	3.412
2272.000	3.412
2273.000	3.411
2274.000	3.410
2275.000	3.410
2276.000	3.409
2277.000	3.408
2278.000	3.407
2279.000	3.407
2280.000	3.406
2281.000	3.405
2282.000	3.405
2283.000	3.404
2284.000	3.403
2285.000	3.403
2286.000	3.402
2287.000	3.401
2288.000	3.400
2289.000	3.400
2290.000	3.399
2291.000	3.398
2292.000	3.398
2293.000	3.397
2294.000	3.396
2295.000	3.396
2296.000	3.395
2297.000	3.394
2298.000	3.393
2299.000	3.393
2300.000	3.392
2301.000	3.391
2302.000	3.391
2303.000	3.390
2304.000	3.389
2305.000	3.389
2306.000	3.388
2307.000	3.387
2308.000	3.386
2309.000	3.386
2310.000	3.385
2311.000	3.384
2312.000	3.384
2313.000	3.383
2314.000	3.382
2315.000	3.382
2316.000	3.381
2317.000	3.380
2318.000	3.380
2319.000	3.379
2320.000	3.378
2321.000	3.377
2322.000	3.377
2323.000	3.376
2324.000	3.375
2325.000	3.375
2326.000	3.374
2327.000	3.373
2328.000	3.373
2329.000	3.372
2330.000	3.371
2331.000	3.370
2332.000	3.370
2333.000	3.369
2334.000	3.368
2335.000	3.368
2336.000	3.367
2337.000	3.366
2338.000	3.366
2339.000	3.365
2340.000	3.364
2341.000	3.363
2342.000	3.363
2343.000	3.362
2344.000	3.361
2345.000	3.361
2346.000	3.360
2347.000	3.359
2348.000	3.359
2349.000	3.358
2350.000	3.357
2351.000	3.356
2352.000	3.356
2353.000	3.355
2354.000	3.354
2355.000	3.354
2356.000	3.353
2357.000	3.352
2358.000	3.352
2359.000	3.351
2360.000	3.350
2361.000	3.349
2362.000	3.349
2363.000	3.348
2364.000	3.347
2365.000	3.347
2366.000	3.346
2367.000	3.345
2368.000	3.345
2369.000	3.344
2370.000	3.343
2371.000	3.343
2372.000	3.342
2373.000	3.341
2374.000	3.340
2375.000	3.340
2376.000	3.339
2377.000	3.338
2378.000	3.338
2379.000	3.337
2380.000	3.336
2381.000	3.336
2382.000	3.335
2383.000	3.334
2384.000	3.333
2385.000	3.333
2386.000	3.332
2387.000	3.331
2388.000	3.331
2389.000	3.330
2390.000	3.329
2391.000	3.329
2392.000	3.328
2393.000	3.327
2394.000	3.326
2395.000	3.326
2396.000	3.325
2397.000	3.324
2398.000	3.324
2399.000	3.323
2400.000	3.322
2401.000	3.322
2402.000	3.321
2403.000	3.320
2404.000	3.319
2405.000	3.319
2406.000	3.318
2407.000	3.317
2408.000	3.317
2409.000	3.316
2410.000	3.315
2411.000	3.315
2412.000	3.314
2413.000	3.313
2414.000	3.312
2415.000	3.312
2416.000	3.311
2417.000	3.310
2418.000	3.310
2419.000	3.309
2420.000	3.308
2421.000	3.308
2422.000	3.307
2423.000	3.306
2424.000	3.306
2425.000	3.305
2426.000	3.304
2427.000	3.303
2428.000	3.303
2429.000	3.302
2430.000	3.301
2431.000	3.301
2432.000	3.300
2433.000	3.299
2434.000	3.299
2435.000	3.298
2436.000	3.297
2437.000	3.296
2438.000	3.296
2439.000	3.295
2440.000	3.294
2441.000	3.294
2442.000	3.293
2443.000	3.292
2444.000	3.292
2445.000	3.291
2446.000	3.290
2447.000	3.289
2448.000	3.289
2449.000	3.288
2450.000	3.287
2451.000	3.287
2452.000	3.286
2453.000	3.285
2454.000	3.285
2455.000	3.284
2456.000	3.283
2457.000	3.282
2458.000	3.282
2459.000	3.281
2460.000	3.280
2461.000	3.280
2462.000	3.279
2463.000	3.278
2464.000	3.278
2465.000	3.277
2466.000	3.276
2467.000	3.275
2468.000	3.275
2469.000	3.274
2470.000	3.273
2471.000	3.273
2472.000	3.272
2473.000	3.271
2474.000	3.271
2475.000	3.270
2476.000	3.269
2477.000	3.269
2478.000	3.268
2479.000	3.267
2480.000	3.266
2481.000	3.266
2482.000	3.265
2483.000	3.264
2484.000	3.264
2485.000	3.263
2486.000	3.262
2487.000	3.262
2488.000	3.261
2489.000	3.260
2490.000	3.259
2491.000	3.259
2492.000	3.258
2493.000	3.257
2494.000	3.257
2495.000	3.256
2496.000	3.255
2497.000	3.255
2498.000	3.254
2499.000	3.253
2500.000	3.252
2501.000	3.252
2502.000	3.251
2503.000	3.250
2504.000	3.250
2505.000	3.249
2506.000	3.248
2507.000	3.248
2508.000	3.247
2509.000	3.246
2510.000	3.245
2511.000	3.245
2512.000	3.244
2513.000	3.243
2514.000	3.243
2515.000	3.242
2516.000	3.241
2517.000	3.241
2518.000	3.240
2519.000	3.239
2520.000	3.238
2521.000	3.238
2522.000	3.237
2523.000	3.236
2524.000	3.236
2525.000	3.235
2526.000	3.234
2527.000	3.234
2528.000	3.233
2529.000	3.232
2530.000	3.232
2531.000	3.231
2532.000	3.230
2533.000	3.229
2534.000	3.229
2535.000	3.228
2536.000	3.227
2537.000	3.227
2538.000	3.226
2539.000	3.225
2540.000	3.225
2541.000	3.224
2542.000	3.223
2543.000	3.222
2544.000	3.222
2545.000	3.221
2546.000	3.220
2547.000	3.220
2548.000	3.219
2549.000	3.218
2550.000	3.218
2551.000	3.217
2552.000	3.216
2553.000	3.215
2554.000	3.215
2555.000	3.214
2556.000	3.213
2557.000	3.213
2558.000	3.212
2559.000	3.211
2560.000	3.211
2561.000	3.210
2562.000	3.209
2563.000	3.208
2564.000	3.208
2565.000	3.207
2566.000	3.206
2567.000	3.206
2568.000	3.205
2569.000	3.204
2570.000	3.204
2571.000	3.203
2572.000	3.202
2573.000	3.201
2574.000	3.201
2575.000	3.200
2576.000	3.199
2577.000	3.199
2578.000	3.198
2579.000	3.197
2580.000	3.197
2581.000	3.196
2582.000	3.195
2583.000	3.195
2584.000	3.194
2585.000	3.193
2586.000	3.192
2587.000	3.192
2588.000	3.191
2589.000	3.190
2590.000	3.190
2591.000	3.189
2592.000	3.188
2593.000	3.188
2594.000	3.187
2595.000	3.186
2596.000	3.185
2597.000	3.185
2598.000	3.184
2599.000	3.183
2600.000	3.183
2601.000	3.182
2602.000	3.181
2603.000	3.181
2604.000	3.180
2605.000	3.179
2606.000	3.178
2607.000	3.178
2608.000	3.177
2609.000	3.176
2610.000	3.176
2611.000	3.175
2612.000	3.174
2613.000	3.174
2614.000	3.173
2615.000	3.172
2616.000	3.171
2617.000	3.171
2618.000	3.170
2619.000	3.169
2620.000	3.169
2621.000	3.168
2622.000	3.167
2623.000	3.167
2624.000	3.166
2625.000	3.165
2626.000	3.164
2627.000	3.164
2628.000	3.163
2629.000	3.162
2630.000	3.162
2631.000	3.161
2632.000	3.160
2633.000	3.160
2634.000	3.159
2635.000	3.158
2636.000	3.158
2637.000	3.157
2638.000	3.156
2639.000	3.155
2640.000	3.155
2641.000	3.154
2642.000	3.153
2643.000	3.153
2644.000	3.152
2645.000	3.151
2646.000	3.151
2647.000	3.150
2648.000	3.149
2649.000	3.148
2650.000	3.148
2651.000	3.147
2652.000	3.146
2653.000	3.146
2654.000	3.145
2655.000	3.144
2656.000	3.144
2657.000	3.143
2658.000	3.142
2659.000	3.141
2660.000	3.141
2661.000	3.140
2662.000	3.139
2663.000	3.139
2664.000	3.138
2665.000	3.137
2666.000	3.137
2667.000	3.136
2668.000	3.135
2669.000	3.134
2670.000	3.134
2671.000	3.133
2672.000	3.132
2673.000	3.132
2674.000	3.131
2675.000	3.130
2676.000	3.130
2677.000	3.129
2678.000	3.128
2679.000	3.127
2680.000	3.127
2681.000	3.126
2682.000	3.125
2683.000	3.125
2684.000	3.124
2685.000	3.123
2686.000	3.123
2687.000	3.122
2688.000	3.121
2689.000	3.121
2690.000	3.120
2691.000	3.119
2692.000	3.118
2693.000	3.118
2694.000	3.117
2695.000	3.116
2696.000	3.116
2697.000	3.115
2698.000	3.114
2699.000	3.114
2700.000	3.113
2701.000	3.112
2702.000	3.111
2703.000	3.111
2704.000	3.110
2705.000	3.109
2706.000	3.109
2707.000	3.108
2708.000	3.107
2709.000	3.107
2710.000	3.106
2711.000	3.105
2712.000	3.104
2713.000	3.104
2714.000	3.103
2715.000	3.102
2716.000	3.102
2717.000	3.101
2718.000	3.100
2719.000	3.100
2720.000	3.099
2721.000	3.098
2722.000	3.097
2723.000	3.097
2724.000	3.096
2725.000	3.095
2726.000	3.095
2727.000	3.094
2728.000	3.093
2729.000	3.093
2730.000	3.092
2731.000	3.091
2732.000	3.090
2733.000	3.090
2734.000	3.089
2735.000	3.088
2736.000	3.088
2737.000	3.087
2738.000	3.086
2739.000	3.086
2740.000	3.085
2741.000	3.084
2742.000	3.084
2743.000	3.083
2744.000	3.082
2745.000	3.081
2746.000	3.081
2747.000	3.080
2748.000	3.079
2749.000	3.079
2750.000	3.078
2751.000	3.077
2752.000	3.077
2753.000	3.076
2754.000	3.075
2755.000	3.074
2756.000	3.074
2757.000	3.073
2758.000	3.072
2759.000	3.072
2760.000	3.071
2761.000	3.070
2762.000	3.070
2763.000	3.069
2764.000	3.068
2765.000	3.067
2766.000	3.067
2767.000	3.066
2768.000	3.065
2769.000	3.065
2770.000	3.064
2771.000	3.063
2772.000	3.063
2773.000	3.062
2774.000	3.061
2775.000	3.060
2776.000	3.060
2777.000	3.059
2778.000	3.058
2779.000	3.058
2780.000	3.057
2781.000	3.056
2782.000	3.056
2783.000	3.055
2784.000	3.054
2785.000	3.053
2786.000	3.053
2787.000	3.052
2788.000	3.051
2789.000	3.051
2790.000	3.050
2791.000	3.049
2792.000	3.049
2793.000	3.048
2794.000	3.047
2795.000	3.047
2796.000	3.046
2797.000	3.045
2798.000	3.044
2799.000	3.044
2800.000	3.043
2801.000	3.042
2802.000	3.042
2803.000	3.041
2804.000	3.040
2805.000	3.040
2806.000	3.039
2807.000	3.038
2808.000	3.037
2809.000	3.037
2810.000	3.036
2811.000	3.035
2812.000	3.035
2813.000	3.034
2814.000	3.033
2815.000	3.033
2816.000	3.032
2817.000	3.031
2818.000	3.030
2819.000	3.030
2820.000	3.029
2821.000	3.028
2822.000	3.028
2823.000	3.027
2824.000	3.026
2825.000	3.026
2826.000	3.025
2827.000	3.024
2828.000	3.023
2829.000	3.023
2830.000	3.022
2831.000	3.021
2832.000	3.021
2833.000	3.020
2834.000	3.019
2835.000	3.019
2836.000	3.018
2837.000	3.017
2838.000	3.016
2839.000	3.016
2840.000	3.015
2841.000	3.014
2842.000	3.014
2843.000	3.013
2844.000	3.012
2845.000	3.012
2846.000	3.011
2847.000	3.010
2848.000	3.010
2849.000	3.009
2850.000	3.008
2851.000	3.007
2852.000	3.007
2853.000	3.006
2854.000	3.005
2855.000	3.005
2856.000	3.004
2857.000	3.003
2858.000	3.003
2859.000	3.002
2860.000	3.001
2861.000	3.000
2862.000	3.000
2863.000	2.999
2864.000	2.998
2865.000	2.998
2866.000	2.997
2867.000	2.996
2868.000	2.996
2869.000	2.995
2870.000	2.994
2871.000	2.993
2872.000	2.993
2873.000	2.992
2874.000	2.991
2875.000	2.991
2876.000	2.990
2877.000	2.989
2878.000	2.989
2879.000	2.988
2880.000	2.987
2881.000	2.986
2882.000	2.986
2883.000	2.985
2884.000	2.984
2885.000	2.984
2886.000	2.983
2887.000	2.982
2888.000	2.982
2889.000	2.981
2890.000	2.980
2891.000	2.979
2892.000	2.979
2893.000	2.978
2894.000	2.977
2895.000	2.977
2896.000	2.976
2897.000	2.975
2898.000	2.975
2899.000	2.974
2900.000	2.973
2901.000	2.973
2902.000	2.972
2903.000	2.971
2904.000	2.970
2905.000	2.970
2906.000	2.969
2907.000	2.968
2908.000	2.968
2909.000	2.967
2910.000	2.966
2911.000	2.966
2912.000	2.965
2913.000	2.964
2914.000	2.963
2915.000	2.963
2916.000	2.962
2917.000	2.961
2918.000	2.961
2919.000	2.960
2920.000	2.959
2921.000	2.959
2922.000	2.958
2923.000	2.957
2924.000	2.956
2925.000	2.956
2926.000	2.955
2927.000	2.954
2928.000	2.954
2929.000	2.953
2930.000	2.952
2931.000	2.952
2932.000	2.951
2933.000	2.950
2934.000	2.949
2935.000	2.949
2936.000	2.948
2937.000	2.947
2938.000	2.947
2939.000	2.946
2940.000	2.945
2941.000	2.945
2942.000	2.944
2943.000	2.943
2944.000	2.942
2945.000	2.942
2946.000	2.941
2947.000	2.940
2948.000	2.940
2949.000	2.939
2950.000	2.938
2951.000	2.938
2952.000	2.937
2953.000	2.936
2954.000	2.936
2955.000	2.935
2956.000	2.934
2957.000	2.933
2958.000	2.933
2959.000	2.932
2960.000	2.931
2961.000	2.931
2962.000	2.930
2963.000	2.929
2964.000	2.929
2965.000	2.928
2966.000	2.927
2967.000	2.926
2968.000	2.926
2969.000	2.925
2970.000	2.924
2971.000	2.924
2972.000	2.923
2973.000	2.922
2974.000	2.922
2975.000	2.921
2976.000	2.920
2977.000	2.919
2978.000	2.919
2979.000	2.918
2980.000	2.917
2981.000	2.917
2982.000	2.916
2983.000	2.915
2984.000	2.915
2985.000	2.914
2986.000	2.913
2987.000	2.912
2988.000	2.912
2989.000	2.911
2990.000	2.910
2991.000	2.910
2992.000	2.909
2993.000	2.908
2994.000	2.908
2995.000	2.907
2996.000	2.906
2997.000	2.905
2998.000	2.905
2999.000	2.904
3000.000	2.903
3001.000	2.903
3002.000	2.902
3003.000	2.901
3004.000	2.901
3005.000	2.900
3006.000	2.899
3007.000	2.899
3008.000	2.898
3009.000	2.897
3010.000	2.896
3011.000	2.896
3012.000	2.895
3013.000	2.894
3014.000	2.894
3015.000	2.893
3016.000	2.892
3017.000	2.892
3018.000	2.891
3019.000	2.890
3020.000	2.889
3021.000	2.889
3022.000	2.888
3023.000	2.887
3024.000	2.887
3025.000	2.886
3026.000	2.885
3027.000	2.885
3028.000	2.884
3029.000	2.883
3030.000	2.882
3031.000	2.882
3032.000	2.881
3033.000	2.880
3034.000	2.880
3035.000	2.879
3036.000	2.878
3037.000	2.878
3038.000	2.877
3039.000	2.876
3040.000	2.875
3041.000	2.875
3042.000	2.874
3043.000	2.873
3044.000	2.873
3045.000	2.872
3046.000	2.871
3047.000	2.871
3048.000	2.870
3049.000	2.869
3050.000	2.868
3051.000	2.868
3052.000	2.867
3053.000	2.866
3054.000	2.866
3055.000	2.865
3056.000	2.864
3057.000	2.864
3058.000	2.863
3059.000	2.862
3060.000	2.862
3061.000	2.861
3062.000	2.860
3063.000	2.859
3064.000	2.859
3065.000	2.858
3066.000	2.857
3067.000	2.857
3068.000	2.856
3069.000	2.855
3070.000	2.855
3071.000	2.854
3072.000	2.853
3073.000	2.852
3074.000	2.852
3075.000	2.851
3076.000	2.850
3077.000	2.850
3078.000	2.849
3079.000	2.848
3080.000	2.848
3081.000	2.847
3082.000	2.846
3083.000	2.845
3084.000	2.845
3085.000	2.844
3086.000	2.843
3087.000	2.843
3088.000	2.842
3089.000	2.841
3090.000	2.841
3091.000	2.840
3092.000	2.839
3093.000	2.838
3094.000	2.838
3095.000	2.837
3096.000	2.836
3097.000	2.836
3098.000	2.835
3099.000	2.834
3100.000	2.834
3101.000	2.833
3102.000	2.832
3103.000	2.831
3104.000	2.831
3105.000	2.830
3106.000	2.829
3107.000	2.829
3108.000	2.828
3109.000	2.827
3110.000	2.827
3111.000	2.826
3112.000	2.825
3113.000	2.825
3114.000	2.824
3115.000	2.823
3116.000	2.822
3117.000	2.822
3118.000	2.821
3119.000	2.820
3120.000	2.820
3121.000	2.819
3122.000	2.818
3123.000	2.818
3124.000	2.817
3125.000	2.816
3126.000	2.815
3127.000	2.815
3128.000	2.814
3129.000	2.813
3130.000	2.813
3131.000	2.812
3132.000	2.811
3133.000	2.811
3134.000	2.810
3135.000	2.809
3136.000	2.808
3137.000	2.808
3138.000	2.807
3139.000	2.806
3140.000	2.806
3141.000	2.805
3142.000	2.804
3143.000	2.804
3144.000	2.803
3145.000	2.802
3146.000	2.801
3147.000	2.801
3148.000	2.800
3149.000	2.799
3150.000	2.799
3151.000	2.798
3152.000	2.797
3153.000	2.797
3154.000	2.796
3155.000	2.795
3156.000	2.794
3157.000	2.794
3158.000	2.793
3159.000	2.792
3160.000	2.792
3161.000	2.791
3162.000	2.790
3163.000	2.790
3164.000	2.789
3165.000	2.788
3166.000	2.788
3167.000	2.787
3168.000	2.786
3169.000	2.785
3170.000	2.785
3171.000	2.784
3172.000	2.783
3173.000	2.783
3174.000	2.782
3175.000	2.781
3176.000	2.781
3177.000	2.780
3178.000	2.779
3179.000	2.778
3180.000	2.778
3181.000	2.777
3182.000	2.776
3183.000	2.776
3184.000	2.775
3185.000	2.774
3186.000	2.774
3187.000	2.773
3188.000	2.772
3189.000	2.771
3190.000	2.771
3191.000	2.770
3192.000	2.769
3193.000	2.769
3194.000	2.768
3195.000	2.767
3196.000	2.767
3197.000	2.766
3198.000	2.765
3199.000	2.764
3200.000	2.764
3201.000	2.763
3202.000	2.762
3203.000	2.762
3204.000	2.761
3205.000	2.760
3206.000	2.760
3207.000	2.759
3208.000	2.758
3209.000	2.757
3210.000	2.757
3211.000	2.756
3212.000	2.755
3213.000	2.755
3214.000	2.754
3215.000	2.753
3216.000	2.753
3217.000	2.752
3218.000	2.751
3219.000	2.751
3220.000	2.750
3221.000	2.749
3222.000	2.748
3223.000	2.748
3224.000	2.747
3225.000	2.746
3226.000	2.746
3227.000	2.745
3228.000	2.744
3229.000	2.744
3230.000	2.743
3231.000	2.742
3232.000	2.741
3233.000	2.741
3234.000	2.740
3235.000	2.739
3236.000	2.739
3237.000	2.738
3238.000	2.737
3239.000	2.737
3240.000	2.736
3241.000	2.735
3242.000	2.734
3243.000	2.734
3244.000	2.733
3245.000	2.732
3246.000	2.732
3247.000	2.731
3248.000	2.730
3249.000	2.730
3250.000	2.729
3251.000	2.728
3252.000	2.727
3253.000	2.727
3254.000	2.726
3255.000	2.725
3256.000	2.725
3257.000	2.724
3258.000	2.723
3259.000	2.723
3260.000	2.722
3261.000	2.721
3262.000	2.720
3263.000	2.720
3264.000	2.719
3265.000	2.718
3266.000	2.718
3267.000	2.717
3268.000	2.716
3269.000	2.716
3270.000	2.715
3271.000	2.714
3272.000	2.714
3273.000	2.713
3274.000	2.712
3275.000	2.711
3276.000	2.711
3277.000	2.710
3278.000	2.709
3279.000	2.709
3280.000	2.708
3281.000	2.707
3282.000	2.707
3283.000	2.706
3284.000	2.705
3285.000	2.704
3286.000	2.704
3287.000	2.703
3288.000	2.702
3289.000	2.702
3290.000	2.701
3291.000	2.700
3292.000	2.700
3293.000	2.699
3294.000	2.698
3295.000	2.697
3296.000	2.697
3297.000	2.696
3298.000	2.695
3299.000	2.695
3300.000	2.694
3301.000	2.693
3302.000	2.693
3303.000	2.692
3304.000	2.691
3305.000	2.690
3306.000	2.690
3307.000	2.689
3308.000	2.688
3309.000	2.688
3310.000	2.687
3311.000	2.686
3312.000	2.686
3313.000	2.685
3314.000	2.684
3315.000	2.683
3316.000	2.683
3317.000	2.682
3318.000	2.681
3319.000	2.681
3320.000	2.680
3321.000	2.679
3322.000	2.679
3323.000	2.678
3324.000	2.677
3325.000	2.677
3326.000	2.676
3327.000	2.675
3328.000	2.674
3329.000	2.674
3330.000	2.673
3331.000	2.672
3332.000	2.672
3333.000	2.671
3334.000	2.670
3335.000	2.670
3336.000	2.669
3337.000	2.668
3338.000	2.667
3339.000	2.667
3340.000	2.666
3341.000	2.665
3342.000	2.665
3343.000	2.664
3344.000	2.663
3345.000	2.663
3346.000	2.662
3347.000	2.661
3348.000	2.660
3349.000	2.660
3350.000	2.659
3351.000	2.658
3352.000	2.658
3353.000	2.657
3354.000	2.656
3355.000	2.656
3356.000	2.655
3357.000	2.654
3358.000	2.653
3359.000	2.653
3360.000	2.652
3361.000	2.651
3362.000	2.651
3363.000	2.650
3364.000	2.649
3365.000	2.649
3366.000	2.648
3367.000	2.647
3368.000	2.646
3369.000	2.646
3370.000	2.645
3371.000	2.644
3372.000	2.644
3373.000	2.643
3374.000	2.642
3375.000	2.642
3376.000	2.641
3377.000	2.640
3378.000	2.640
3379.000	2.639
3380.000	2.638
3381.000	2.637
3382.000	2.637
3383.000	2.636
3384.000	2.635
3385.000	2.635
3386.000	2.634
3387.000	2.633
3388.000	2.633
3389.000	2.632
3390.000	2.631
3391.000	2.630
3392.000	2.630
3393.000	2.629
3394.000	2.628
3395.000	2.628
3396.000	2.627
3397.000	2.626
3398.000	2.626
3399.000	2.625
3400.000	2.624
3401.000	2.623
3402.000	2.623
3403.000	2.622
3404.000	2.621
3405.000	2.621
3406.000	2.620
3407.000	2.619
3408.000	2.619
3409.000	2.618
3410.000	2.617
3411.000	2.616
3412.000	2.616
3413.000	2.615
3414.000	2.614
3415.000	2.614
3416.000	2.613
3417.000	2.612
3418.000	2.612
3419.000	2.611
3420.000	2.610
3421.000	2.609
3422.000	2.609
3423.000	2.608
3424.000	2.607
3425.000	2.607
3426.000	2.606
3427.000	2.605
3428.000	2.605
3429.000	2.604
3430.000	2.603
3431.000	2.603
3432.000	2.602
3433.000	2.601
3434.000	2.600
3435.000	2.600
3436.000	2.599
3437.000	2.598
3438.000	2.598
3439.000	2.597
3440.000	2.596
3441.000	2.596
3442.000	2.595
3443.000	2.594
3444.000	2.593
3445.000	2.593
3446.000	2.592
3447.000	2.591
3448.000	2.591
3449.000	2.590
3450.000	2.589
3451.000	2.589
3452.000	2.588
3453.000	2.587
3454.000	2.586
3455.000	2.586
3456.000	2.585
3457.000	2.584
3458.000	2.584
3459.000	2.583
3460.000	2.582
3461.000	2.581
3462.000	2.581
3463.000	2.580
3464.000	2.579
3465.000	2.579
3466.000	2.578
3467.000	2.577
3468.000	2.577
3469.000	2.576
3470.000	2.575
3471.000	2.574
3472.000	2.574
3473.000	2.573
3474.000	2.572
3475.000	2.572
3476.000	2.571
3477.000	2.570
3478.000	2.569
3479.000	2.569
3480.000	2.568
3481.000	2.567
3482.000	2.567
3483.000	2.566
3484.000	2.565
3485.000	2.565
3486.000	2.564
3487.000	2.563
3488.000	2.562
3489.000	2.562
3490.000	2.561
3491.000	2.560
3492.000	2.559
3493.000	2.559
3494.000	2.558
3495.000	2.557
3496.000	2.556
3497.000	2.556
3498.000	2.555
3499.000	2.554
3500.000	2.553
3501.000	2.553
3502.000	2.552
3503.000	2.551
3504.000	2.550
3505.000	2.549
3506.000	2.549
3507.000	2.548
3508.000	2.547
3509.000	2.546
3510.000	2.546
3511.000	2.545
3512.000	2.544
3513.000	2.543
3514.000	2.543
3515.000	2.542
3516.000	2.541
3517.000	2.540
3518.000	2.539
3519.000	2.539
3520.000	2.538
3521.000	2.537
3522.000	2.536
3523.000	2.536
3524.000	2.535
3525.000	2.534
3526.000	2.533
3527.000	2.532
3528.000	2.532
3529.000	2.531
3530.000	2.530
3531.000	2.529
3532.000	2.529
3533.000	2.528
3534.000	2.527
3535.000	2.526
3536.000	2.526
3537.000	2.525
3538.000	2.524
3539.000	2.523
3540.000	2.522
3541.000	2.522
3542.000	2.521
3543.000	2.520
3544.000	2.519
3545.000	2.519
3546.000	2.518
3547.000	2.517
3548.000	2.516
3549.000	2.515
3550.000	2.515
3551.000	2.514
3552.000	2.513
3553.000	2.512
3554.000	2.512
3555.000	2.511
3556.000	2.510
3557.000	2.509
3558.000	2.509
3559.000	2.508
3560.000	2.507
3561.000	2.506
3562.000	2.505
3563.000	2.505
3564.000	2.504
3565.000	2.503
3566.000	2.502
3567.000	2.502
3568.000	2.501
3569.000	2.500
3570.000	2.499
3571.000	2.499
3572.000	2.498
3573.000	2.497
3574.000	2.496
3575.000	2.495
3576.000	2.495
3577.000	2.494
3578.000	2.493
3579.000	2.492
3580.000	2.492
3581.000	2.491
3582.000	2.490
3583.000	2.489
3584.000	2.488
3585.000	2.488
3586.000	2.487
3587.000	2.486
3588.000	2.485
3589.000	2.485
3590.000	2.484
3591.000	2.483
3592.000	2.482
3593.000	2.482
3594.000	2.481
3595.000	2.480
3596.000	2.479
3597.000	2.478
3598.000	2.478
3599.000	2.477
3600.000	2.476
3601.000	2.475
3602.000	2.475
3603.000	2.474
3604.000	2.473
3605.000	2.472
3606.000	2.472
3607.000	2.471
3608.000	2.470
3609.000	2.469
3610.000	2.469
3611.000	2.468
3612.000	2.467
3613.000	2.466
3614.000	2.465
3615.000	2.465
3616.000	2.464
3617.000	2.463
3618.000	2.462
3619.000	2.462
3620.000	2.461
3621.000	2.460
3622.000	2.459
3623.000	2.458
3624.000	2.458
3625.000	2.457
3626.000	2.456
3627.000	2.455
3628.000	2.455
3629.000	2.454
3630.000	2.453
3631.000	2.452
3632.000	2.452
3633.000	2.451
3634.000	2.450
3635.000	2.449
3636.000	2.448
3637.000	2.448
3638.000	2.447
3639.000	2.446
3640.000	2.445
3641.000	2.445
3642.000	2.444
3643.000	2.443
3644.000	2.442
3645.000	2.442
3646.000	2.441
3647.000	2.440
3648.000	2.439
3649.000	2.438
3650.000	2.438
3651.000	2.437
3652.000	2.436
3653.000	2.435
3654.000	2.435
3655.000	2.434
3656.000	2.433
3657.000	2.432
3658.000	2.432
3659.000	2.431
3660.000	2.430
3661.000	2.429
3662.000	2.428
3663.000	2.428
3664.000	2.427
3665.000	2.426
3666.000	2.425
3667.000	2.425
3668.000	2.424
3669.000	2.423
3670.000	2.422
3671.000	2.422
3672.000	2.421
3673.000	2.420
3674.000	2.419
3675.000	2.418
3676.000	2.418
3677.000	2.417
3678.000	2.416
3679.000	2.415
3680.000	2.415
3681.000	2.414
3682.000	2.413
3683.000	2.412
3684.000	2.412
3685.000	2.411
3686.000	2.410
3687.000	2.409
3688.000	2.408
3689.000	2.408
3690.000	2.407
3691.000	2.406
3692.000	2.405
3693.000	2.405
3694.000	2.404
3695.000	2.403
3696.000	2.402
3697.000	2.402
3698.000	2.401
3699.000	2.400
3700.000	2.399
3701.000	2.398
3702.000	2.398
3703.000	2.397
3704.000	2.396
3705.000	2.395
3706.000	2.395
3707.000	2.394
3708.000	2.393
3709.000	2.392
3710.000	2.392
3711.000	2.391
3712.000	2.390
3713.000	2.389
3714.000	2.388
3715.000	2.388
3716.000	2.387
3717.000	2.386
3718.000	2.385
3719.000	2.385
3720.000	2.384
3721.000	2.383
3722.000	2.382
3723.000	2.381
3724.000	2.381
3725.000	2.380
3726.000	2.379
3727.000	2.378
3728.000	2.377
3729.000	2.377
3730.000	2.376
3731.000	2.375
3732.000	2.374
3733.000	2.374
3734.000	2.373
3735.000	2.372
3736.000	2.371
3737.000	2.370
3738.000	2.369
3739.000	2.369
3740.000	2.368
3741.000	2.367
3742.000	2.366
3743.000	2.365
3744.000	2.364
3745.000	2.364
3746.000	2.363
3747.000	2.362
3748.000	2.362
3749.000	2.361
3750.000	2.360
3751.000	2.360
3752.000	2.359
3753.000	2.358
3754.000	2.357
3755.000	2.357
3756.000	2.356
3757.000	2.355
3758.000	2.355
3759.000	2.354
3760.000	2.353
3761.000	2.353
3762.000	2.352
3763.000	2.351
3764.000	2.350
3765.000	2.350
3766.000	2.349
3767.000	2.348
3768.000	2.348
3769.000	2.347
3770.000	2.342
3771.000	2.341
3772.000	2.340
3773.000	2.340
3774.000	2.339
3775.000	2.338
3776.000	2.337
3777.000	2.337
3778.000	2.336
3779.000	2.335
3780.000	2.335
3781.000	2.334
3782.000	2.333
3783.000	2.333
3784.000	2.332
3785.000	2.331
3786.000	2.330
3787.000	2.330
3788.000	2.329
3789.000	2.328
3790.000	2.328
3791.000	2.327
3792.000	2.326
3793.000	2.326
3794.000	2.325
3795.000	2.324
3796.000	2.324
3797.000	2.323
3798.000	2.322
3799.000	2.321
3800.000	2.321
3801.000	2.320
3802.000	2.319
3803.000	2.319
3804.000	2.318
3805.000	2.317
3806.000	2.317
3807.000	2.316
3808.000	2.315
3809.000	2.314
3810.000	2.314
3811.000	2.313
3812.000	2.291
3813.000	2.291
3814.000	2.290
3815.000	2.289
3816.000	2.289
3817.000	2.288
3818.000	2.287
3819.000	2.268
3820.000	2.267
3821.000	2.266
3822.000	2.262
3823.000	2.262
3824.000	2.261
3825.000	2.260
3826.000	2.259
3827.000	2.259
3828.000	2.258
3829.000	2.257
3830.000	2.257
3831.000	2.256
3832.000	2.255
3833.000	2.255
3834.000	2.250
3835.000	2.250
3836.000	2.249
3837.000	2.248
3838.000	2.245
3839.000	2.245
3840.000	2.244
3841.000	2.243
3842.000	2.242
3843.000	2.242
3844.000	2.241
3845.000	2.240
3846.000	2.240
3847.000	2.239
3848.000	2.238
3849.000	2.238
3850.000	2.237
3851.000	2.236
3852.000	2.235
3853.000	2.235
3854.000	2.234
3855.000	2.233
3856.000	2.233
3857.000	2.232
3858.000	2.231
3859.000	2.231
3860.000	2.230
3861.000	2.229
3862.000	2.228
3863.000	2.228
3864.000	2.227
3865.000	2.226
3866.000	2.226
3867.000	2.225
3868.000	2.224
3869.000	2.224
3870.000	2.223
3871.000	2.222
3872.000	2.221
3873.000	2.221
3874.000	2.220
3875.000	2.219
3876.000	2.219
3877.000	2.218
3878.000	2.217
3879.000	2.217
3880.000	2.216
3881.000	2.215
3882.000	2.215
3883.000	2.214
3884.000	2.213
3885.000	2.212
3886.000	2.212
3887.000	2.211
3888.000	2.210
3889.000	2.210
3890.000	2.209
3891.000	2.208
3892.000	2.208
3893.000	2.207
3894.000	2.206
3895.000	2.205
3896.000	2.205
3897.000	2.204
3898.000	2.203
3899.000	2.203
3900.000	2.202
3901.000	2.201
3902.000	2.201
3903.000	2.200
3904.000	2.199
3905.000	2.198
3906.000	2.198
3907.000	2.197
3908.000	2.196
3909.000	2.196
3910.000	2.195
3911.000	2.194
3912.000	2.194
3913.000	2.193
3914.000	2.192
3915.000	2.191
3916.000	2.191
3917.000	2.190
3918.000	2.189
3919.000	2.189
3920.000	2.188
3921.000	2.187
3922.000	2.187
3923.000	2.186
3924.000	2.185
3925.000	2.184
3926.000	2.184
3927.000	2.183
3928.000	2.182
3929.000	2.182
3930.000	2.181
3931.000	2.180
3932.000	2.180
3933.000	2.179
3934.000	2.178
3935.000	2.178
3936.000	2.177
3937.000	2.176
3938.000	2.175
3939.000	2.175
3940.000	2.174
3941.000	2.173
3942.000	2.173
3943.000	2.172
3944.000	2.171
3945.000	2.171
3946.000	2.170
3947.000	2.169
3948.000	2.168
3949.000	2.168
3950.000	2.167
3951.000	2.166
3952.000	2.166
3953.000	2.165
3954.000	2.164
3955.000	2.164
3956.000	2.163
3957.000	2.162
3958.000	2.161
3959.000	2.161
3960.000	2.160
3961.000	2.159
3962.000	2.159
3963.000	2.158
3964.000	2.157
3965.000	2.157
3966.000	2.156
3967.000	2.155
3968.000	2.154
3969.000	2.154
3970.000	2.153
3971.000	2.152
3972.000	2.152
3973.000	2.151
3974.000	2.150
3975.000	2.150
3976.000	2.149
3977.000	2.148
3978.000	2.147
3979.000	2.147
3980.000	2.146
3981.000	2.145
3982.000	2.145
3983.000	2.144
3984.000	2.143
3985.000	2.143
3986.000	2.142
3987.000	2.141
3988.000	2.141
3989.000	2.140
3990.000	2.139
3991.000	2.138
3992.000	2.138
3993.000	2.137
3994.000	2.136
3995.000	2.136
3996.000	2.135
3997.000	2.134
3998.000	2.134
3999.000	2.133
4000.000	2.132
4001.000	2.131
4002.000	2.131
4003.000	2.130
4004.000	2.129
4005.000	2.129
4006.000	2.128
4007.000	2.127
4008.000	2.127
4009.000	2.126
4010.000	2.125
4011.000	2.124
4012.000	2.124
4013.000	2.123
4014.000	2.122
4015.000	2.122
4016.000	2.121
4017.000	2.120
4018.000	2.120
4019.000	2.119
4020.000	2.118
4021.000	2.117
4022.000	2.117
4023.000	2.116
4024.000	2.115
4025.000	2.115
4026.000	2.114
4027.000	2.113
4028.000	2.113
4029.000	2.112
4030.000	2.111
4031.000	2.110
4032.000	2.110
4033.000	2.109
4034.000	2.108
4035.000	2.108
4036.000	2.107
4037.000	2.106
4038.000	2.106
4039.000	2.105
4040.000	2.104
4041.000	2.104
4042.000	2.103
4043.000	2.102
4044.000	2.101
4045.000	2.101
4046.000	2.100
4047.000	2.099
4048.000	2.099
4049.000	2.098
4050.000	2.097
4051.000	2.097
4052.000	2.096
4053.000	2.095
4054.000	2.094
4055.000	2.094
4056.000	2.093
4057.000	2.092
4058.000	2.092
4059.000	2.091
4060.000	2.090
4061.000	2.090
4062.000	2.089
4063.000	2.088
4064.000	2.087
4065.000	2.087
4066.000	2.086
4067.000	2.085
4068.000	2.062
4069.000	2.062
4070.000	2.061
4071.000	2.060
4072.000	2.060
4073.000	2.059
4074.000	2.058
4075.000	2.057
4076.000	2.057
4077.000	2.056
4078.000	2.055
4079.000	2.050
4080.000	2.049
4081.000	2.049
4082.000	2.048
4083.000	2.047
4084.000	2.046
4085.000	2.046
4086.000	2.045
4087.000	2.044
4088.000	2.044
4089.000	2.003
4090.000	2.002
4091.000	2.001
4092.000	2.000
4093.000	2.000
4094.000	1.999
4095.000	0.000
