0.000	21.556
1.000	21.485
2.000	21.414
3.000	21.342
4.000	21.271
5.000	21.199
6.000	21.128
7.000	21.057
8.000	20.985
9.000	20.914
10.000	20.842
11.000	20.771
12.000	20.699
13.000	20.628
14.000	20.557
15.000	20.485
16.000	20.414
17.000	20.342
18.000	20.270
19.000	20.198
20.000	20.125
21.000	20.052
22.000	19.981
23.000	19.911
24.000	19.843
25.000	19.777
26.000	19.713
27.000	19.651
28.000	19.591
29.000	19.520
30.000	19.461
31.000	19.404
32.000	19.349
33.000	19.296
34.000	19.245
35.000	19.195
36.000	19.147
37.000	19.100
38.000	19.056
39.000	19.013
40.000	18.996
41.000	18.954
42.000	18.915
43.000	18.877
44.000	18.841
45.000	18.807
46.000	18.774
47.000	18.742
48.000	18.712
49.000	18.684
50.000	18.656
51.000	18.640
52.000	18.614
53.000	18.590
54.000	18.567
55.000	18.546
56.000	18.526
57.000	18.508
58.000	18.492
59.000	18.475
60.000	18.458
61.000	18.442
62.000	18.425
63.000	18.408
64.000	18.392
65.000	18.375
66.000	18.358
67.000	18.341
68.000	18.325
69.000	18.308
70.000	18.291
71.000	18.275
72.000	18.258
73.000	18.241
74.000	18.225
75.000	18.208
76.000	18.191
77.000	18.174
78.000	18.158
79.000	18.141
80.000	18.124
81.000	18.108
82.000	18.091
83.000	18.074
84.000	18.058
85.000	18.041
86.000	18.024
87.000	18.007
88.000	17.991
89.000	17.974
90.000	17.957
91.000	17.941
92.000	17.924
93.000	17.907
94.000	17.891
95.000	17.874
96.000	17.857
97.000	17.840
98.000	17.824
99.000	17.807
100.000	17.790
101.000	17.774
102.000	17.757
103.000	17.740
104.000	17.724
105.000	17.707
106.000	17.690
107.000	17.673
108.000	17.657
109.000	17.640
110.000	17.623
111.000	17.607
112.000	17.590
113.000	17.573
114.000	17.557
115.000	17.540
116.000	17.523
117.000	17.506
118.000	17.490
119.000	17.473
120.000	17.456
121.000	17.440
122.000	17.423
123.000	17.406
124.000	17.390
125.000	17.373
126.000	17.356
127.000	17.339
128.000	17.323
129.000	17.306
130.000	17.289
131.000	17.273
132.000	17.256
133.000	17.239
134.000	17.223
135.000	17.206
136.000	17.189
137.000	17.173
138.000	17.156
139.000	17.139
140.000	17.122
141.000	17.106
142.000	17.089
143.000	17.072
144.000	17.056
145.000	17.039
146.000	17.022
147.000	17.006
148.000	16.989
149.000	16.972
150.000	16.955
151.000	16.939
152.000	16.922
153.000	16.905
154.000	16.889
155.000	16.872
156.000	16.855
157.000	16.839
158.000	16.822
159.000	16.805
160.000	16.788
161.000	16.772
162.000	16.755
163.000	16.738
164.000	16.722
165.000	16.705
166.000	16.688
167.000	16.672
168.000	16.655
169.000	16.638
170.000	16.621
171.000	16.605
172.000	16.588
173.000	16.571
174.000	16.555
175.000	16.538
176.000	16.521
177.000	16.505
178.000	16.488
179.000	16.471
180.000	16.454
181.000	16.438
182.000	16.421
183.000	16.403
184.000	16.385
185.000	16.369
186.000	16.351
187.000	16.333
188.000	16.315
189.000	16.296
190.000	16.277
191.000	16.258
192.000	16.238
193.000	16.219
194.000	16.199
195.000	16.178
196.000	16.162
197.000	16.141
198.000	16.121
199.000	16.100
200.000	16.079
201.000	16.058
202.000	16.036
203.000	16.014
204.000	15.992
205.000	15.970
206.000	15.948
207.000	15.931
208.000	15.908
209.000	15.885
210.000	15.862
211.000	15.839
212.000	15.815
213.000	15.792
214.000	15.768
215.000	15.744
216.000	15.719
217.000	15.694
218.000	15.610
219.000	15.586
220.000	15.561
221.000	15.535
222.000	15.510
223.000	15.484
224.000	15.458
225.000	15.432
226.000	15.406
227.000	15.380
228.000	15.353
229.000	15.323
230.000	15.296
231.000	15.269
232.000	15.242
233.000	15.215
234.000	15.187
235.000	15.159
236.000	15.131
237.000	15.103
238.000	15.074
239.000	15.046
240.000	15.017
241.000	14.987
242.000	14.958
243.000	14.929
244.000	14.900
245.000	14.870
246.000	14.841
247.000	14.811
248.000	14.781
249.000	14.750
250.000	14.720
251.000	14.689
252.000	14.659
253.000	14.630
254.000	14.600
255.000	14.569
256.000	14.539
257.000	14.509
258.000	14.479
259.000	14.449
260.000	14.419
261.000	14.389
262.000	14.359
263.000	14.329
264.000	14.299
265.000	14.269
266.000	14.239
267.000	14.209
268.000	14.179
269.000	14.149
270.000	14.119
271.000	14.089
272.000	14.059
273.000	14.029
274.000	13.998
275.000	13.968
276.000	13.938
277.000	13.908
278.000	13.877
279.000	13.845
280.000	13.813
281.000	13.782
282.000	13.751
283.000	13.721
284.000	13.691
285.000	13.661
286.000	13.631
287.000	13.602
288.000	13.573
289.000	13.545
290.000	13.517
291.000	13.490
292.000	13.463
293.000	13.436
294.000	13.410
295.000	13.384
296.000	13.354
297.000	13.329
298.000	13.304
299.000	13.279
300.000	13.255
301.000	13.232
302.000	13.208
303.000	13.186
304.000	13.163
305.000	13.141
306.000	13.119
307.000	13.098
308.000	13.068
309.000	13.047
310.000	13.026
311.000	13.006
312.000	12.987
313.000	12.967
314.000	12.948
315.000	12.930
316.000	12.912
317.000	12.894
318.000	12.876
319.000	12.876
320.000	12.859
321.000	12.843
322.000	12.826
323.000	12.810
324.000	12.795
325.000	12.780
326.000	12.765
327.000	12.750
328.000	12.736
329.000	12.722
330.000	12.722
331.000	12.708
332.000	12.695
333.000	12.682
334.000	12.670
335.000	12.658
336.000	12.647
337.000	12.635
338.000	12.624
339.000	12.614
340.000	12.603
341.000	12.603
342.000	12.593
343.000	12.583
344.000	12.574
345.000	12.565
346.000	12.557
347.000	12.548
348.000	12.540
349.000	12.533
350.000	12.526
351.000	12.519
352.000	12.518
353.000	12.512
354.000	12.505
355.000	12.499
356.000	12.494
357.000	12.489
358.000	12.484
359.000	12.479
360.000	12.475
361.000	12.471
362.000	12.467
363.000	12.466
364.000	12.463
365.000	12.461
366.000	12.458
367.000	12.458
368.000	12.457
369.000	12.456
370.000	12.456
371.000	12.455
372.000	12.454
373.000	12.454
374.000	12.453
375.000	12.452
376.000	12.452
377.000	12.451
378.000	12.450
379.000	12.450
380.000	12.449
381.000	12.448
382.000	12.447
383.000	12.447
384.000	12.446
385.000	12.445
386.000	12.445
387.000	12.444
388.000	12.443
389.000	12.443
390.000	12.442
391.000	12.441
392.000	12.441
393.000	12.440
394.000	12.439
395.000	12.439
396.000	12.438
397.000	12.437
398.000	12.437
399.000	12.436
400.000	12.435
401.000	12.435
402.000	12.434
403.000	12.433
404.000	12.432
405.000	12.431
406.000	12.430
407.000	12.402
408.000	12.401
409.000	12.373
410.000	12.344
411.000	12.316
412.000	12.288
413.000	12.260
414.000	12.232
415.000	12.204
416.000	12.176
417.000	12.148
418.000	12.120
419.000	12.119
420.000	12.092
421.000	12.064
422.000	12.036
423.000	12.008
424.000	11.981
425.000	11.953
426.000	11.926
427.000	11.898
428.000	11.871
429.000	11.844
430.000	11.843
431.000	11.816
432.000	11.788
433.000	11.761
434.000	11.734
435.000	11.707
436.000	11.680
437.000	11.653
438.000	11.626
439.000	11.599
440.000	11.572
441.000	11.571
442.000	11.545
443.000	11.518
444.000	11.491
445.000	11.464
446.000	11.438
447.000	11.411
448.000	11.385
449.000	11.358
450.000	11.332
451.000	11.305
452.000	11.279
453.000	11.277
454.000	11.250
455.000	11.224
456.000	11.198
457.000	11.172
458.000	11.146
459.000	11.119
460.000	11.093
461.000	11.067
462.000	11.042
463.000	11.016
464.000	11.015
465.000	10.989
466.000	10.963
467.000	10.938
468.000	10.912
469.000	10.886
470.000	10.861
471.000	10.835
472.000	10.809
473.000	10.784
474.000	10.759
475.000	10.758
476.000	10.732
477.000	10.707
478.000	10.682
479.000	10.656
480.000	10.631
481.000	10.606
482.000	10.581
483.000	10.555
484.000	10.530
485.000	10.505
486.000	10.505
487.000	10.480
488.000	10.455
489.000	10.430
490.000	10.405
491.000	10.380
492.000	10.355
493.000	10.330
494.000	10.306
495.000	10.281
496.000	10.256
497.000	10.256
498.000	10.231
499.000	10.206
500.000	10.182
501.000	10.157
502.000	10.133
503.000	10.109
504.000	10.084
505.000	10.060
506.000	10.035
507.000	10.011
508.000	10.011
509.000	9.986
510.000	9.962
511.000	9.938
512.000	9.914
513.000	9.890
514.000	9.866
515.000	9.842
516.000	9.818
517.000	9.794
518.000	9.771
519.000	9.747
520.000	9.747
521.000	9.746
522.000	9.745
523.000	9.744
524.000	9.744
525.000	9.743
526.000	9.742
527.000	9.742
528.000	9.741
529.000	9.740
530.000	9.740
531.000	9.739
532.000	9.738
533.000	9.738
534.000	9.737
535.000	9.736
536.000	9.736
537.000	9.735
538.000	9.734
539.000	9.734
540.000	9.733
541.000	9.732
542.000	9.732
543.000	9.731
544.000	9.730
545.000	9.729
546.000	9.729
547.000	9.728
548.000	9.727
549.000	9.727
550.000	9.726
551.000	9.725
552.000	9.725
553.000	9.724
554.000	9.723
555.000	9.723
556.000	9.722
557.000	9.721
558.000	9.721
559.000	9.720
560.000	9.719
561.000	9.719
562.000	9.718
563.000	9.717
564.000	9.717
565.000	9.716
566.000	9.715
567.000	9.715
568.000	9.714
569.000	9.713
570.000	9.712
571.000	9.712
572.000	9.711
573.000	9.710
574.000	9.710
575.000	9.709
576.000	9.708
577.000	9.708
578.000	9.707
579.000	9.706
580.000	9.706
581.000	9.705
582.000	9.704
583.000	9.704
584.000	9.703
585.000	9.702
586.000	9.702
587.000	9.701
588.000	9.700
589.000	9.700
590.000	9.699
591.000	9.698
592.000	9.697
593.000	9.697
594.000	9.696
595.000	9.695
596.000	9.695
597.000	9.694
598.000	9.693
599.000	9.693
600.000	9.692
601.000	9.691
602.000	9.691
603.000	9.690
604.000	9.689
605.000	9.689
606.000	9.688
607.000	9.687
608.000	9.687
609.000	9.686
610.000	9.685
611.000	9.685
612.000	9.684
613.000	9.683
614.000	9.682
615.000	9.682
616.000	9.681
617.000	9.680
618.000	9.680
619.000	9.679
620.000	9.678
621.000	9.678
622.000	9.677
623.000	9.676
624.000	9.676
625.000	9.675
626.000	9.674
627.000	9.674
628.000	9.673
629.000	9.672
630.000	9.672
631.000	9.671
632.000	9.670
633.000	9.670
634.000	9.669
635.000	9.668
636.000	9.668
637.000	9.667
638.000	9.666
639.000	9.665
640.000	9.665
641.000	9.664
642.000	9.663
643.000	9.663
644.000	9.662
645.000	9.661
646.000	9.661
647.000	9.660
648.000	9.659
649.000	9.659
650.000	9.658
651.000	9.657
652.000	9.657
653.000	9.656
654.000	9.655
655.000	9.655
656.000	9.654
657.000	9.653
658.000	9.653
659.000	9.652
660.000	9.651
661.000	9.650
662.000	9.650
663.000	9.649
664.000	9.648
665.000	9.648
666.000	9.647
667.000	9.646
668.000	9.646
669.000	9.645
670.000	9.644
671.000	9.644
672.000	9.643
673.000	9.642
674.000	9.642
675.000	9.641
676.000	9.640
677.000	9.639
678.000	9.636
679.000	9.614
680.000	9.593
681.000	9.572
682.000	9.550
683.000	9.529
684.000	9.508
685.000	9.487
686.000	9.466
687.000	9.465
688.000	9.444
689.000	9.423
690.000	9.402
691.000	9.381
692.000	9.360
693.000	9.339
694.000	9.318
695.000	9.297
696.000	9.276
697.000	9.255
698.000	9.254
699.000	9.234
700.000	9.213
701.000	9.192
702.000	9.171
703.000	9.151
704.000	9.130
705.000	9.109
706.000	9.089
707.000	9.068
708.000	9.048
709.000	9.047
710.000	9.026
711.000	9.006
712.000	8.985
713.000	8.965
714.000	8.945
715.000	8.924
716.000	8.904
717.000	8.883
718.000	8.863
719.000	8.843
720.000	8.842
721.000	8.822
722.000	8.802
723.000	8.782
724.000	8.762
725.000	8.741
726.000	8.721
727.000	8.701
728.000	8.681
729.000	8.661
730.000	8.641
731.000	8.641
732.000	8.621
733.000	8.601
734.000	8.581
735.000	8.561
736.000	8.541
737.000	8.521
738.000	8.502
739.000	8.482
740.000	8.462
741.000	8.443
742.000	8.423
743.000	8.422
744.000	8.403
745.000	8.383
746.000	8.364
747.000	8.344
748.000	8.324
749.000	8.305
750.000	8.285
751.000	8.266
752.000	8.247
753.000	8.227
754.000	8.227
755.000	8.208
756.000	8.189
757.000	8.169
758.000	8.150
759.000	8.131
760.000	8.112
761.000	8.093
762.000	8.073
763.000	8.054
764.000	8.035
765.000	8.035
766.000	8.016
767.000	7.997
768.000	7.978
769.000	7.959
770.000	7.940
771.000	7.921
772.000	7.902
773.000	7.883
774.000	7.864
775.000	7.846
776.000	7.846
777.000	7.827
778.000	7.808
779.000	7.789
780.000	7.770
781.000	7.752
782.000	7.733
783.000	7.714
784.000	7.696
785.000	7.677
786.000	7.659
787.000	7.659
788.000	7.640
789.000	7.621
790.000	7.603
791.000	7.584
792.000	7.566
793.000	7.548
794.000	7.529
795.000	7.511
796.000	7.492
797.000	7.474
798.000	7.474
799.000	7.456
800.000	7.437
801.000	7.419
802.000	7.401
803.000	7.383
804.000	7.365
805.000	7.346
806.000	7.328
807.000	7.310
808.000	7.292
809.000	7.274
810.000	7.274
811.000	7.256
812.000	7.238
813.000	7.220
814.000	7.202
815.000	7.184
816.000	7.166
817.000	7.148
818.000	7.130
819.000	7.113
820.000	7.095
821.000	7.095
822.000	7.077
823.000	7.059
824.000	7.041
825.000	7.024
826.000	7.006
827.000	6.988
828.000	6.971
829.000	6.953
830.000	6.936
831.000	6.918
832.000	6.918
833.000	6.900
834.000	6.883
835.000	6.865
836.000	6.848
837.000	6.830
838.000	6.813
839.000	6.795
840.000	6.778
841.000	6.761
842.000	6.744
843.000	6.744
844.000	6.734
845.000	6.734
846.000	6.734
847.000	6.734
848.000	6.734
849.000	6.734
850.000	6.734
851.000	6.734
852.000	6.734
853.000	6.734
854.000	6.734
855.000	6.734
856.000	6.734
857.000	6.734
858.000	6.734
859.000	6.734
860.000	6.734
861.000	6.734
862.000	6.734
863.000	6.734
864.000	6.734
865.000	6.734
866.000	6.734
867.000	6.734
868.000	6.734
869.000	6.734
870.000	6.734
871.000	6.734
872.000	6.734
873.000	6.734
874.000	6.734
875.000	6.734
876.000	6.734
877.000	6.734
878.000	6.734
879.000	6.734
880.000	6.734
881.000	6.734
882.000	6.734
883.000	6.734
884.000	6.734
885.000	6.734
886.000	6.734
887.000	6.734
888.000	6.734
889.000	6.734
890.000	6.734
891.000	6.734
892.000	6.734
893.000	6.734
894.000	6.734
895.000	6.734
896.000	6.734
897.000	6.734
898.000	6.734
899.000	6.734
900.000	6.734
901.000	6.734
902.000	6.734
903.000	6.734
904.000	6.734
905.000	6.734
906.000	6.734
907.000	6.734
908.000	6.734
909.000	6.734
910.000	6.734
911.000	6.734
912.000	6.734
913.000	6.734
914.000	6.734
915.000	6.734
916.000	6.734
917.000	6.734
918.000	6.734
919.000	6.734
920.000	6.734
921.000	6.734
922.000	6.734
923.000	6.734
924.000	6.734
925.000	6.734
926.000	6.734
927.000	6.734
928.000	6.734
929.000	6.734
930.000	6.734
931.000	6.734
932.000	6.734
933.000	6.734
934.000	6.734
935.000	6.734
936.000	6.734
937.000	6.734
938.000	6.734
939.000	6.734
940.000	6.734
941.000	6.734
942.000	6.734
943.000	6.734
944.000	6.734
945.000	6.734
946.000	6.734
947.000	6.734
948.000	6.734
949.000	6.734
950.000	6.734
951.000	6.734
952.000	6.734
953.000	6.734
954.000	6.734
955.000	6.734
956.000	6.734
957.000	6.734
958.000	6.734
959.000	6.734
960.000	6.734
961.000	6.734
962.000	6.734
963.000	6.734
964.000	6.734
965.000	6.734
966.000	6.734
967.000	6.734
968.000	6.734
969.000	6.734
970.000	6.734
971.000	6.734
972.000	6.734
973.000	6.734
974.000	6.734
975.000	6.734
976.000	6.734
977.000	6.734
978.000	6.734
979.000	6.734
980.000	6.734
981.000	6.734
982.000	6.734
983.000	6.734
984.000	6.734
985.000	6.734
986.000	6.734
987.000	6.734
988.000	6.734
989.000	6.734
990.000	6.734
991.000	6.734
992.000	6.734
993.000	6.734
994.000	6.734
995.000	6.734
996.000	6.734
997.000	6.734
998.000	6.734
999.000	6.734
1000.000	6.734
1001.000	6.734
1002.000	6.734
1003.000	6.734
1004.000	6.734
1005.000	6.734
1006.000	6.734
1007.000	6.734
1008.000	6.734
1009.000	6.734
1010.000	6.734
1011.000	6.734
1012.000	6.734
1013.000	6.734
1014.000	6.734
1015.000	6.734
1016.000	6.734
1017.000	6.734
1018.000	6.734
1019.000	6.734
1020.000	6.734
1021.000	6.734
1022.000	6.734
1023.000	6.734
1024.000	6.734
1025.000	6.734
1026.000	6.734
1027.000	6.734
1028.000	6.734
1029.000	6.734
1030.000	6.734
1031.000	6.734
1032.000	6.734
1033.000	6.734
1034.000	6.734
1035.000	6.734
1036.000	6.734
1037.000	6.734
1038.000	6.734
1039.000	6.734
1040.000	6.734
1041.000	6.734
1042.000	6.734
1043.000	6.734
1044.000	6.734
1045.000	6.734
1046.000	6.734
1047.000	6.734
1048.000	6.734
1049.000	6.734
1050.000	6.734
1051.000	6.734
1052.000	6.734
1053.000	6.734
1054.000	6.734
1055.000	6.734
1056.000	6.734
1057.000	6.734
1058.000	6.734
1059.000	6.734
1060.000	6.734
1061.000	6.734
1062.000	6.734
1063.000	6.734
1064.000	6.734
1065.000	6.734
1066.000	6.734
1067.000	6.734
1068.000	6.734
1069.000	6.734
1070.000	6.734
1071.000	6.734
1072.000	6.734
1073.000	6.734
1074.000	6.734
1075.000	6.734
1076.000	6.734
1077.000	6.734
1078.000	6.734
1079.000	6.734
1080.000	6.734
1081.000	6.734
1082.000	6.734
1083.000	6.734
1084.000	6.734
1085.000	6.734
1086.000	6.734
1087.000	6.734
1088.000	6.734
1089.000	6.734
1090.000	6.734
1091.000	6.734
1092.000	6.734
1093.000	6.734
1094.000	6.734
1095.000	6.734
1096.000	6.734
1097.000	6.734
1098.000	6.734
1099.000	6.734
1100.000	6.734
1101.000	6.734
1102.000	6.734
1103.000	6.734
1104.000	6.734
1105.000	6.734
1106.000	6.734
1107.000	6.734
1108.000	6.734
1109.000	6.734
1110.000	6.734
1111.000	6.734
1112.000	6.734
1113.000	6.734
1114.000	6.734
1115.000	6.734
1116.000	6.734
1117.000	6.734
1118.000	6.734
1119.000	6.734
1120.000	6.734
1121.000	6.734
1122.000	6.734
1123.000	6.734
1124.000	6.734
1125.000	6.734
1126.000	6.734
1127.000	6.734
1128.000	6.734
1129.000	6.734
1130.000	6.734
1131.000	6.734
1132.000	6.734
1133.000	6.734
1134.000	6.734
1135.000	6.734
1136.000	6.734
1137.000	6.734
1138.000	6.734
1139.000	6.734
1140.000	6.734
1141.000	6.734
1142.000	6.734
1143.000	6.734
1144.000	6.734
1145.000	6.734
1146.000	6.734
1147.000	6.734
1148.000	6.734
1149.000	6.734
1150.000	6.734
1151.000	6.734
1152.000	6.734
1153.000	6.734
1154.000	6.734
1155.000	6.734
1156.000	6.734
1157.000	6.734
1158.000	6.734
1159.000	6.734
1160.000	6.734
1161.000	6.734
1162.000	6.734
1163.000	6.734
1164.000	6.734
1165.000	6.734
1166.000	6.734
1167.000	6.734
1168.000	6.734
1169.000	6.734
1170.000	6.734
1171.000	6.734
1172.000	6.734
1173.000	6.734
1174.000	6.734
1175.000	6.734
1176.000	6.734
1177.000	6.734
1178.000	6.734
1179.000	6.734
1180.000	6.734
1181.000	6.734
1182.000	6.734
1183.000	6.734
1184.000	6.734
1185.000	6.734
1186.000	6.734
1187.000	6.734
1188.000	6.734
1189.000	6.734
1190.000	6.734
1191.000	6.734
1192.000	6.734
1193.000	6.734
1194.000	6.734
1195.000	6.734
1196.000	6.734
1197.000	6.734
1198.000	6.734
1199.000	6.734
1200.000	6.734
1201.000	6.734
1202.000	6.734
1203.000	6.734
1204.000	6.734
1205.000	6.734
1206.000	6.734
1207.000	6.734
1208.000	6.734
1209.000	6.734
1210.000	6.734
1211.000	6.734
1212.000	6.734
1213.000	6.734
1214.000	6.734
1215.000	6.734
1216.000	6.734
1217.000	6.734
1218.000	6.734
1219.000	6.734
1220.000	6.734
1221.000	6.734
1222.000	6.734
1223.000	6.734
1224.000	6.734
1225.000	6.734
1226.000	6.734
1227.000	6.734
1228.000	6.734
1229.000	6.734
1230.000	6.734
1231.000	6.734
1232.000	6.734
1233.000	6.734
1234.000	6.734
1235.000	6.734
1236.000	6.734
1237.000	6.734
1238.000	6.734
1239.000	6.734
1240.000	6.734
1241.000	6.734
1242.000	6.734
1243.000	6.734
1244.000	6.734
1245.000	6.734
1246.000	6.734
1247.000	6.734
1248.000	6.734
1249.000	6.734
1250.000	6.734
1251.000	6.734
1252.000	6.734
1253.000	6.734
1254.000	6.734
1255.000	6.734
1256.000	6.734
1257.000	6.734
1258.000	6.734
1259.000	6.734
1260.000	6.734
1261.000	6.734
1262.000	6.734
1263.000	6.734
1264.000	6.734
1265.000	6.734
1266.000	6.734
1267.000	6.734
1268.000	6.734
1269.000	6.734
1270.000	6.734
1271.000	6.734
1272.000	6.734
1273.000	6.734
1274.000	6.734
1275.000	6.734
1276.000	6.734
1277.000	6.734
1278.000	6.734
1279.000	6.734
1280.000	6.734
1281.000	6.734
1282.000	6.734
1283.000	6.734
1284.000	6.734
1285.000	6.734
1286.000	6.734
1287.000	6.734
1288.000	6.734
1289.000	6.734
1290.000	6.734
1291.000	6.734
1292.000	6.734
1293.000	6.734
1294.000	6.734
1295.000	6.734
1296.000	6.734
1297.000	6.734
1298.000	6.734
1299.000	6.734
1300.000	6.734
1301.000	6.734
1302.000	6.734
1303.000	6.734
1304.000	6.734
1305.000	6.734
1306.000	6.734
1307.000	6.734
1308.000	6.734
1309.000	6.734
1310.000	6.734
1311.000	6.734
1312.000	6.734
1313.000	6.734
1314.000	6.734
1315.000	6.734
1316.000	6.734
1317.000	6.734
1318.000	6.734
1319.000	6.734
1320.000	6.734
1321.000	6.734
1322.000	6.734
1323.000	6.734
1324.000	6.734
1325.000	6.734
1326.000	6.734
1327.000	6.734
1328.000	6.734
1329.000	6.734
1330.000	6.734
1331.000	6.734
1332.000	6.734
1333.000	6.734
1334.000	6.734
1335.000	6.734
1336.000	6.734
1337.000	6.734
1338.000	6.734
1339.000	6.734
1340.000	6.734
1341.000	6.734
1342.000	6.734
1343.000	6.734
1344.000	6.734
1345.000	6.734
1346.000	6.734
1347.000	6.734
1348.000	6.734
1349.000	6.734
1350.000	6.734
1351.000	6.734
1352.000	6.734
1353.000	6.734
1354.000	6.734
1355.000	6.734
1356.000	6.734
1357.000	6.734
1358.000	6.734
1359.000	6.734
1360.000	6.734
1361.000	6.734
1362.000	6.734
1363.000	6.734
1364.000	6.734
1365.000	6.734
1366.000	6.734
1367.000	6.734
1368.000	6.734
1369.000	6.734
1370.000	6.734
1371.000	6.734
1372.000	6.734
1373.000	6.734
1374.000	6.734
1375.000	6.734
1376.000	6.734
1377.000	6.734
1378.000	6.734
1379.000	6.734
1380.000	6.734
1381.000	6.734
1382.000	6.734
1383.000	6.734
1384.000	6.734
1385.000	6.734
1386.000	6.734
1387.000	6.734
1388.000	6.734
1389.000	6.734
1390.000	6.734
1391.000	6.734
1392.000	6.734
1393.000	6.734
1394.000	6.734
1395.000	6.734
1396.000	6.734
1397.000	6.734
1398.000	6.734
1399.000	6.734
1400.000	6.734
1401.000	6.734
1402.000	6.734
1403.000	6.734
1404.000	6.734
1405.000	6.734
1406.000	6.734
1407.000	6.734
1408.000	6.734
1409.000	6.734
1410.000	6.734
1411.000	6.734
1412.000	6.734
1413.000	6.734
1414.000	6.734
1415.000	6.734
1416.000	6.734
1417.000	6.734
1418.000	6.734
1419.000	6.734
1420.000	6.734
1421.000	6.734
1422.000	6.734
1423.000	6.734
1424.000	6.734
1425.000	6.734
1426.000	6.734
1427.000	6.734
1428.000	6.734
1429.000	6.734
1430.000	6.734
1431.000	6.734
1432.000	6.734
1433.000	6.734
1434.000	6.734
1435.000	6.734
1436.000	6.734
1437.000	6.734
1438.000	6.734
1439.000	6.734
1440.000	6.734
1441.000	6.734
1442.000	6.734
1443.000	6.734
1444.000	6.734
1445.000	6.734
1446.000	6.734
1447.000	6.734
1448.000	6.734
1449.000	6.734
1450.000	6.734
1451.000	6.734
1452.000	6.734
1453.000	6.734
1454.000	6.734
1455.000	6.734
1456.000	6.734
1457.000	6.734
1458.000	6.734
1459.000	6.734
1460.000	6.734
1461.000	6.734
1462.000	6.734
1463.000	6.734
1464.000	6.734
1465.000	6.734
1466.000	6.734
1467.000	6.734
1468.000	6.734
1469.000	6.734
1470.000	6.734
1471.000	6.734
1472.000	6.734
1473.000	6.734
1474.000	6.734
1475.000	6.734
1476.000	6.734
1477.000	6.734
1478.000	6.734
1479.000	6.734
1480.000	6.734
1481.000	6.734
1482.000	6.734
1483.000	6.734
1484.000	6.734
1485.000	6.734
1486.000	6.734
1487.000	6.734
1488.000	6.734
1489.000	6.734
1490.000	6.734
1491.000	6.734
1492.000	6.734
1493.000	6.734
1494.000	6.734
1495.000	6.734
1496.000	6.734
1497.000	6.734
1498.000	6.734
1499.000	6.734
1500.000	6.734
1501.000	6.734
1502.000	6.734
1503.000	6.734
1504.000	6.734
1505.000	6.734
1506.000	6.734
1507.000	6.734
1508.000	6.734
1509.000	6.734
1510.000	6.734
1511.000	6.734
1512.000	6.734
1513.000	6.734
1514.000	6.734
1515.000	6.734
1516.000	6.734
1517.000	6.734
1518.000	6.734
1519.000	6.734
1520.000	6.734
1521.000	6.734
1522.000	6.734
1523.000	6.734
1524.000	6.734
1525.000	6.734
1526.000	6.734
1527.000	6.734
1528.000	6.734
1529.000	6.734
1530.000	6.734
1531.000	6.734
1532.000	6.734
1533.000	6.734
1534.000	6.734
1535.000	6.734
1536.000	6.734
1537.000	6.734
1538.000	6.734
1539.000	6.734
1540.000	6.734
1541.000	6.734
1542.000	6.734
1543.000	6.734
1544.000	6.734
1545.000	6.734
1546.000	6.734
1547.000	6.734
1548.000	6.734
1549.000	6.734
1550.000	6.734
1551.000	6.734
1552.000	6.734
1553.000	6.734
1554.000	6.734
1555.000	6.734
1556.000	6.734
1557.000	6.734
1558.000	6.734
1559.000	6.734
1560.000	6.734
1561.000	6.734
1562.000	6.734
1563.000	6.734
1564.000	6.734
1565.000	6.734
1566.000	6.734
1567.000	6.734
1568.000	6.734
1569.000	6.734
1570.000	6.734
1571.000	6.734
1572.000	6.734
1573.000	6.734
1574.000	6.734
1575.000	6.734
1576.000	6.734
1577.000	6.734
1578.000	6.734
1579.000	6.734
1580.000	6.734
1581.000	6.734
1582.000	6.734
1583.000	6.734
1584.000	6.734
1585.000	6.734
1586.000	6.734
1587.000	6.734
1588.000	6.734
1589.000	6.734
1590.000	6.734
1591.000	6.734
1592.000	6.734
1593.000	6.734
1594.000	6.734
1595.000	6.734
1596.000	6.734
1597.000	6.734
1598.000	6.734
1599.000	6.734
1600.000	6.734
1601.000	6.734
1602.000	6.734
1603.000	6.734
1604.000	6.734
1605.000	6.734
1606.000	6.734
1607.000	6.734
1608.000	6.734
1609.000	6.734
1610.000	6.734
1611.000	6.734
1612.000	6.734
1613.000	6.734
1614.000	6.734
1615.000	6.734
1616.000	6.734
1617.000	6.734
1618.000	6.734
1619.000	6.734
1620.000	6.734
1621.000	6.734
1622.000	6.734
1623.000	6.734
1624.000	6.734
1625.000	6.734
1626.000	6.734
1627.000	6.734
1628.000	6.734
1629.000	6.734
1630.000	6.734
1631.000	6.734
1632.000	6.734
1633.000	6.734
1634.000	6.734
1635.000	6.734
1636.000	6.734
1637.000	6.734
1638.000	6.734
1639.000	6.734
1640.000	6.734
1641.000	6.734
1642.000	6.734
1643.000	6.734
1644.000	6.734
1645.000	6.734
1646.000	6.734
1647.000	6.734
1648.000	6.734
1649.000	6.734
1650.000	6.734
1651.000	6.734
1652.000	6.734
1653.000	6.734
1654.000	6.734
1655.000	6.734
1656.000	6.734
1657.000	6.734
1658.000	6.734
1659.000	6.734
1660.000	6.734
1661.000	6.734
1662.000	6.734
1663.000	6.734
1664.000	6.734
1665.000	6.734
1666.000	6.734
1667.000	6.734
1668.000	6.734
1669.000	6.734
1670.000	6.734
1671.000	6.734
1672.000	6.734
1673.000	6.734
1674.000	6.734
1675.000	6.734
1676.000	6.734
1677.000	6.734
1678.000	6.734
1679.000	6.734
1680.000	6.734
1681.000	6.734
1682.000	6.734
1683.000	6.734
1684.000	6.734
1685.000	6.734
1686.000	6.734
1687.000	6.734
1688.000	6.734
1689.000	6.734
1690.000	6.734
1691.000	6.734
1692.000	6.734
1693.000	6.734
1694.000	6.734
1695.000	6.734
1696.000	6.734
1697.000	6.734
1698.000	6.734
1699.000	6.734
1700.000	6.734
1701.000	6.734
1702.000	6.734
1703.000	6.734
1704.000	6.734
1705.000	6.734
1706.000	6.734
1707.000	6.734
1708.000	6.734
1709.000	6.734
1710.000	6.734
1711.000	6.734
1712.000	6.734
1713.000	6.734
1714.000	6.734
1715.000	6.734
1716.000	6.734
1717.000	6.734
1718.000	6.734
1719.000	6.734
1720.000	6.734
1721.000	6.734
1722.000	6.734
1723.000	6.734
1724.000	6.734
1725.000	6.734
1726.000	6.734
1727.000	6.734
1728.000	6.734
1729.000	6.734
1730.000	6.734
1731.000	6.734
1732.000	6.734
1733.000	6.734
1734.000	6.734
1735.000	6.734
1736.000	6.734
1737.000	6.734
1738.000	6.734
1739.000	6.734
1740.000	6.734
1741.000	6.734
1742.000	6.734
1743.000	6.734
1744.000	6.734
1745.000	6.734
1746.000	6.734
1747.000	6.734
1748.000	6.734
1749.000	6.734
1750.000	6.734
1751.000	6.734
1752.000	6.734
1753.000	6.734
1754.000	6.734
1755.000	6.734
1756.000	6.734
1757.000	6.734
1758.000	6.734
1759.000	6.734
1760.000	6.734
1761.000	6.734
1762.000	6.734
1763.000	6.734
1764.000	6.734
1765.000	6.734
1766.000	6.734
1767.000	6.734
1768.000	6.734
1769.000	6.734
1770.000	6.734
1771.000	6.734
1772.000	6.734
1773.000	6.734
1774.000	6.734
1775.000	6.734
1776.000	6.734
1777.000	6.734
1778.000	6.734
1779.000	6.734
1780.000	6.734
1781.000	6.734
1782.000	6.734
1783.000	6.734
1784.000	6.734
1785.000	6.734
1786.000	6.734
1787.000	6.734
1788.000	6.734
1789.000	6.734
1790.000	6.734
1791.000	6.734
1792.000	6.734
1793.000	6.734
1794.000	6.734
1795.000	6.734
1796.000	6.734
1797.000	6.734
1798.000	6.734
1799.000	6.734
1800.000	6.734
1801.000	6.734
1802.000	6.734
1803.000	6.734
1804.000	6.734
1805.000	6.734
1806.000	6.734
1807.000	6.734
1808.000	6.734
1809.000	6.734
1810.000	6.734
1811.000	6.734
1812.000	6.734
1813.000	6.734
1814.000	6.734
1815.000	6.734
1816.000	6.734
1817.000	6.734
1818.000	6.734
1819.000	6.734
1820.000	6.734
1821.000	6.734
1822.000	6.734
1823.000	6.734
1824.000	6.734
1825.000	6.734
1826.000	6.734
1827.000	6.734
1828.000	6.734
1829.000	6.734
1830.000	6.734
1831.000	6.734
1832.000	6.734
1833.000	6.734
1834.000	6.734
1835.000	6.734
1836.000	6.734
1837.000	6.734
1838.000	6.734
1839.000	6.734
1840.000	6.734
1841.000	6.734
1842.000	6.734
1843.000	6.734
1844.000	6.734
1845.000	6.734
1846.000	6.734
1847.000	6.734
1848.000	6.734
1849.000	6.734
1850.000	6.734
1851.000	6.734
1852.000	6.734
1853.000	6.734
1854.000	6.734
1855.000	6.734
1856.000	6.734
1857.000	6.734
1858.000	6.734
1859.000	6.734
1860.000	6.734
1861.000	6.734
1862.000	6.734
1863.000	6.734
1864.000	6.734
1865.000	6.734
1866.000	6.734
1867.000	6.734
1868.000	6.734
1869.000	6.734
1870.000	6.734
1871.000	6.734
1872.000	6.734
1873.000	6.734
1874.000	6.734
1875.000	6.734
1876.000	6.734
1877.000	6.734
1878.000	6.734
1879.000	6.734
1880.000	6.734
1881.000	6.734
1882.000	6.734
1883.000	6.734
1884.000	6.734
1885.000	6.734
1886.000	6.734
1887.000	6.734
1888.000	6.734
1889.000	6.734
1890.000	6.734
1891.000	6.734
1892.000	6.734
1893.000	6.734
1894.000	6.734
1895.000	6.734
1896.000	6.734
1897.000	6.734
1898.000	6.734
1899.000	6.734
1900.000	6.734
1901.000	6.734
1902.000	6.734
1903.000	6.734
1904.000	6.734
1905.000	6.734
1906.000	6.734
1907.000	6.734
1908.000	6.734
1909.000	6.734
1910.000	6.734
1911.000	6.734
1912.000	6.734
1913.000	6.734
1914.000	6.734
1915.000	6.734
1916.000	6.734
1917.000	6.734
1918.000	6.734
1919.000	6.734
1920.000	6.734
1921.000	6.734
1922.000	6.734
1923.000	6.734
1924.000	6.734
1925.000	6.734
1926.000	6.734
1927.000	6.734
1928.000	6.734
1929.000	6.734
1930.000	6.734
1931.000	6.734
1932.000	6.734
1933.000	6.734
1934.000	6.734
1935.000	6.734
1936.000	6.734
1937.000	6.734
1938.000	6.734
1939.000	6.734
1940.000	6.734
1941.000	6.734
1942.000	6.734
1943.000	6.734
1944.000	6.734
1945.000	6.734
1946.000	6.734
1947.000	6.734
1948.000	6.734
1949.000	6.734
1950.000	6.734
1951.000	6.734
1952.000	6.734
1953.000	6.734
1954.000	6.734
1955.000	6.734
1956.000	6.734
1957.000	6.734
1958.000	6.734
1959.000	6.734
1960.000	6.734
1961.000	6.734
1962.000	6.734
1963.000	6.734
1964.000	6.734
1965.000	6.734
1966.000	6.734
1967.000	6.734
1968.000	6.734
1969.000	6.734
1970.000	6.734
1971.000	6.734
1972.000	6.734
1973.000	6.734
1974.000	6.734
1975.000	6.734
1976.000	6.734
1977.000	6.734
1978.000	6.734
1979.000	6.734
1980.000	6.734
1981.000	6.734
1982.000	6.734
1983.000	6.734
1984.000	6.734
1985.000	6.734
1986.000	6.734
1987.000	6.734
1988.000	6.734
1989.000	6.734
1990.000	6.734
1991.000	6.734
1992.000	6.734
1993.000	6.734
1994.000	6.734
1995.000	6.734
1996.000	6.734
1997.000	6.734
1998.000	6.734
1999.000	6.734
2000.000	6.734
2001.000	6.734
2002.000	6.734
2003.000	6.734
2004.000	6.734
2005.000	6.734
2006.000	6.734
2007.000	6.734
2008.000	6.734
2009.000	6.734
2010.000	6.734
2011.000	6.734
2012.000	6.734
2013.000	6.734
2014.000	6.734
2015.000	6.734
2016.000	6.734
2017.000	6.734
2018.000	6.734
2019.000	6.734
2020.000	6.734
2021.000	6.734
2022.000	6.734
2023.000	6.734
2024.000	6.734
2025.000	6.734
2026.000	6.734
2027.000	6.734
2028.000	6.734
2029.000	6.734
2030.000	6.734
2031.000	6.734
2032.000	6.734
2033.000	6.734
2034.000	6.734
2035.000	6.734
2036.000	6.734
2037.000	6.734
2038.000	6.734
2039.000	6.734
2040.000	6.734
2041.000	6.734
2042.000	6.734
2043.000	6.734
2044.000	6.734
2045.000	6.734
2046.000	6.734
2047.000	6.734
2048.000	6.734
2049.000	6.734
2050.000	6.734
2051.000	6.734
2052.000	6.734
2053.000	6.734
2054.000	6.734
2055.000	6.734
2056.000	6.734
2057.000	6.734
2058.000	6.734
2059.000	6.734
2060.000	6.734
2061.000	6.734
2062.000	6.734
2063.000	6.734
2064.000	6.734
2065.000	6.734
2066.000	6.734
2067.000	6.734
2068.000	6.734
2069.000	6.734
2070.000	6.734
2071.000	6.734
2072.000	6.734
2073.000	6.734
2074.000	6.734
2075.000	6.734
2076.000	6.734
2077.000	6.734
2078.000	6.734
2079.000	6.734
2080.000	6.734
2081.000	6.734
2082.000	6.734
2083.000	6.734
2084.000	6.734
2085.000	6.734
2086.000	6.734
2087.000	6.734
2088.000	6.734
2089.000	6.734
2090.000	6.734
2091.000	6.734
2092.000	6.734
2093.000	6.734
2094.000	6.734
2095.000	6.734
2096.000	6.734
2097.000	6.734
2098.000	6.734
2099.000	6.734
2100.000	6.734
2101.000	6.734
2102.000	6.734
2103.000	6.734
2104.000	6.734
2105.000	6.734
2106.000	6.734
2107.000	6.734
2108.000	6.734
2109.000	6.734
2110.000	6.734
2111.000	6.734
2112.000	6.734
2113.000	6.734
2114.000	6.734
2115.000	6.734
2116.000	6.734
2117.000	6.734
2118.000	6.734
2119.000	6.734
2120.000	6.734
2121.000	6.734
2122.000	6.734
2123.000	6.734
2124.000	6.734
2125.000	6.734
2126.000	6.734
2127.000	6.734
2128.000	6.734
2129.000	6.734
2130.000	6.734
2131.000	6.734
2132.000	6.734
2133.000	6.734
2134.000	6.734
2135.000	6.734
2136.000	6.734
2137.000	6.734
2138.000	6.734
2139.000	6.734
2140.000	6.734
2141.000	6.734
2142.000	6.734
2143.000	6.734
2144.000	6.734
2145.000	6.734
2146.000	6.734
2147.000	6.734
2148.000	6.734
2149.000	6.734
2150.000	6.734
2151.000	6.734
2152.000	6.734
2153.000	6.734
2154.000	6.734
2155.000	6.734
2156.000	6.734
2157.000	6.734
2158.000	6.734
2159.000	6.734
2160.000	6.734
2161.000	6.734
2162.000	6.734
2163.000	6.734
2164.000	6.734
2165.000	6.734
2166.000	6.734
2167.000	6.734
2168.000	6.734
2169.000	6.734
2170.000	6.734
2171.000	6.734
2172.000	6.734
2173.000	6.734
2174.000	6.734
2175.000	6.734
2176.000	6.734
2177.000	6.734
2178.000	6.734
2179.000	6.734
2180.000	6.734
2181.000	6.734
2182.000	6.734
2183.000	6.734
2184.000	6.734
2185.000	6.734
2186.000	6.734
2187.000	6.734
2188.000	6.734
2189.000	6.734
2190.000	6.734
2191.000	6.734
2192.000	6.734
2193.000	6.734
2194.000	6.734
2195.000	6.734
2196.000	6.734
2197.000	6.734
2198.000	6.734
2199.000	6.734
2200.000	6.734
2201.000	6.734
2202.000	6.734
2203.000	6.734
2204.000	6.734
2205.000	6.734
2206.000	6.734
2207.000	6.734
2208.000	6.734
2209.000	6.734
2210.000	6.734
2211.000	6.734
2212.000	6.734
2213.000	6.734
2214.000	6.734
2215.000	6.734
2216.000	6.734
2217.000	6.734
2218.000	6.734
2219.000	6.734
2220.000	6.734
2221.000	6.734
2222.000	6.734
2223.000	6.734
2224.000	6.734
2225.000	6.734
2226.000	6.734
2227.000	6.734
2228.000	6.734
2229.000	6.734
2230.000	6.734
2231.000	6.734
2232.000	6.734
2233.000	6.734
2234.000	6.734
2235.000	6.734
2236.000	6.734
2237.000	6.734
2238.000	6.734
2239.000	6.734
2240.000	6.734
2241.000	6.734
2242.000	6.734
2243.000	6.734
2244.000	6.734
2245.000	6.734
2246.000	6.734
2247.000	6.734
2248.000	6.734
2249.000	6.734
2250.000	6.734
2251.000	6.734
2252.000	6.734
2253.000	6.734
2254.000	6.734
2255.000	6.734
2256.000	6.734
2257.000	6.734
2258.000	6.734
2259.000	6.734
2260.000	6.734
2261.000	6.734
2262.000	6.734
2263.000	6.734
2264.000	6.734
2265.000	6.734
2266.000	6.734
2267.000	6.734
2268.000	6.734
2269.000	6.734
2270.000	6.734
2271.000	6.734
2272.000	6.734
2273.000	6.734
2274.000	6.734
2275.000	6.734
2276.000	6.734
2277.000	6.734
2278.000	6.734
2279.000	6.734
2280.000	6.734
2281.000	6.734
2282.000	6.734
2283.000	6.734
2284.000	6.734
2285.000	6.734
2286.000	6.734
2287.000	6.734
2288.000	6.734
2289.000	6.734
2290.000	6.734
2291.000	6.734
2292.000	6.734
2293.000	6.734
2294.000	6.734
2295.000	6.734
2296.000	6.734
2297.000	6.734
2298.000	6.734
2299.000	6.734
2300.000	6.734
2301.000	6.734
2302.000	6.734
2303.000	6.734
2304.000	6.734
2305.000	6.734
2306.000	6.734
2307.000	6.734
2308.000	6.734
2309.000	6.734
2310.000	6.734
2311.000	6.734
2312.000	6.734
2313.000	6.734
2314.000	6.734
2315.000	6.734
2316.000	6.734
2317.000	6.734
2318.000	6.734
2319.000	6.734
2320.000	6.734
2321.000	6.734
2322.000	6.734
2323.000	6.734
2324.000	6.734
2325.000	6.734
2326.000	6.734
2327.000	6.734
2328.000	6.734
2329.000	6.734
2330.000	6.734
2331.000	6.734
2332.000	6.734
2333.000	6.734
2334.000	6.734
2335.000	6.734
2336.000	6.734
2337.000	6.734
2338.000	6.734
2339.000	6.734
2340.000	6.734
2341.000	6.734
2342.000	6.734
2343.000	6.734
2344.000	6.734
2345.000	6.734
2346.000	6.734
2347.000	6.734
2348.000	6.734
2349.000	6.734
2350.000	6.734
2351.000	6.734
2352.000	6.734
2353.000	6.734
2354.000	6.734
2355.000	6.734
2356.000	6.734
2357.000	6.734
2358.000	6.734
2359.000	6.734
2360.000	6.734
2361.000	6.734
2362.000	6.734
2363.000	6.734
2364.000	6.734
2365.000	6.734
2366.000	6.734
2367.000	6.734
2368.000	6.734
2369.000	6.734
2370.000	6.734
2371.000	6.734
2372.000	6.734
2373.000	6.734
2374.000	6.734
2375.000	6.734
2376.000	6.734
2377.000	6.734
2378.000	6.734
2379.000	6.734
2380.000	6.734
2381.000	6.734
2382.000	6.734
2383.000	6.734
2384.000	6.734
2385.000	6.734
2386.000	6.734
2387.000	6.734
2388.000	6.734
2389.000	6.734
2390.000	6.734
2391.000	6.734
2392.000	6.734
2393.000	6.734
2394.000	6.734
2395.000	6.734
2396.000	6.734
2397.000	6.734
2398.000	6.734
2399.000	6.734
2400.000	6.734
2401.000	6.734
2402.000	6.734
2403.000	6.734
2404.000	6.734
2405.000	6.734
2406.000	6.734
2407.000	6.734
2408.000	6.734
2409.000	6.734
2410.000	6.734
2411.000	6.734
2412.000	6.734
2413.000	6.734
2414.000	6.734
2415.000	6.734
2416.000	6.734
2417.000	6.734
2418.000	6.734
2419.000	6.734
2420.000	6.734
2421.000	6.734
2422.000	6.734
2423.000	6.734
2424.000	6.734
2425.000	6.734
2426.000	6.734
2427.000	6.734
2428.000	6.734
2429.000	6.734
2430.000	6.734
2431.000	6.734
2432.000	6.734
2433.000	6.734
2434.000	6.734
2435.000	6.734
2436.000	6.734
2437.000	6.734
2438.000	6.734
2439.000	6.734
2440.000	6.734
2441.000	6.734
2442.000	6.734
2443.000	6.734
2444.000	6.734
2445.000	6.734
2446.000	6.734
2447.000	6.734
2448.000	6.734
2449.000	6.734
2450.000	6.734
2451.000	6.734
2452.000	6.734
2453.000	6.734
2454.000	6.734
2455.000	6.734
2456.000	6.734
2457.000	6.734
2458.000	6.734
2459.000	6.734
2460.000	6.734
2461.000	6.734
2462.000	6.734
2463.000	6.734
2464.000	6.734
2465.000	6.734
2466.000	6.734
2467.000	6.734
2468.000	6.734
2469.000	6.734
2470.000	6.734
2471.000	6.734
2472.000	6.734
2473.000	6.734
2474.000	6.734
2475.000	6.734
2476.000	6.734
2477.000	6.734
2478.000	6.734
2479.000	6.734
2480.000	6.734
2481.000	6.734
2482.000	6.734
2483.000	6.734
2484.000	6.734
2485.000	6.734
2486.000	6.734
2487.000	6.734
2488.000	6.734
2489.000	6.734
2490.000	6.734
2491.000	6.734
2492.000	6.734
2493.000	6.734
2494.000	6.734
2495.000	6.734
2496.000	6.734
2497.000	6.734
2498.000	6.734
2499.000	6.734
2500.000	6.734
2501.000	6.734
2502.000	6.734
2503.000	6.734
2504.000	6.734
2505.000	6.734
2506.000	6.734
2507.000	6.734
2508.000	6.734
2509.000	6.734
2510.000	6.734
2511.000	6.734
2512.000	6.734
2513.000	6.734
2514.000	6.734
2515.000	6.734
2516.000	6.734
2517.000	6.734
2518.000	6.734
2519.000	6.734
2520.000	6.734
2521.000	6.734
2522.000	6.734
2523.000	6.734
2524.000	6.734
2525.000	6.734
2526.000	6.734
2527.000	6.734
2528.000	6.734
2529.000	6.734
2530.000	6.734
2531.000	6.734
2532.000	6.734
2533.000	6.734
2534.000	6.734
2535.000	6.734
2536.000	6.734
2537.000	6.734
2538.000	6.734
2539.000	6.734
2540.000	6.734
2541.000	6.734
2542.000	6.734
2543.000	6.734
2544.000	6.734
2545.000	6.734
2546.000	6.734
2547.000	6.734
2548.000	6.734
2549.000	6.734
2550.000	6.734
2551.000	6.734
2552.000	6.734
2553.000	6.734
2554.000	6.734
2555.000	6.734
2556.000	6.734
2557.000	6.728
2558.000	6.721
2559.000	6.715
2560.000	6.709
2561.000	6.709
2562.000	6.702
2563.000	6.696
2564.000	6.689
2565.000	6.683
2566.000	6.676
2567.000	6.670
2568.000	6.663
2569.000	6.657
2570.000	6.650
2571.000	6.644
2572.000	6.644
2573.000	6.637
2574.000	6.631
2575.000	6.624
2576.000	6.618
2577.000	6.611
2578.000	6.605
2579.000	6.599
2580.000	6.592
2581.000	6.586
2582.000	6.579
2583.000	6.579
2584.000	6.573
2585.000	6.566
2586.000	6.560
2587.000	6.553
2588.000	6.547
2589.000	6.540
2590.000	6.533
2591.000	6.527
2592.000	6.520
2593.000	6.514
2594.000	6.514
2595.000	6.507
2596.000	6.501
2597.000	6.494
2598.000	6.488
2599.000	6.481
2600.000	6.475
2601.000	6.468
2602.000	6.462
2603.000	6.455
2604.000	6.449
2605.000	6.442
2606.000	6.442
2607.000	6.435
2608.000	6.429
2609.000	6.422
2610.000	6.416
2611.000	6.409
2612.000	6.403
2613.000	6.396
2614.000	6.390
2615.000	6.383
2616.000	6.376
2617.000	6.376
2618.000	6.370
2619.000	6.363
2620.000	6.357
2621.000	6.350
2622.000	6.343
2623.000	6.337
2624.000	6.330
2625.000	6.324
2626.000	6.317
2627.000	6.310
2628.000	6.310
2629.000	6.304
2630.000	6.297
2631.000	6.291
2632.000	6.284
2633.000	6.277
2634.000	6.271
2635.000	6.264
2636.000	6.258
2637.000	6.251
2638.000	6.244
2639.000	6.244
2640.000	6.238
2641.000	6.231
2642.000	6.224
2643.000	6.218
2644.000	6.211
2645.000	6.205
2646.000	6.198
2647.000	6.191
2648.000	6.185
2649.000	6.178
2650.000	6.178
2651.000	6.171
2652.000	6.165
2653.000	6.158
2654.000	6.151
2655.000	6.145
2656.000	6.138
2657.000	6.131
2658.000	6.125
2659.000	6.118
2660.000	6.111
2661.000	6.111
2662.000	6.105
2663.000	6.098
2664.000	6.091
2665.000	6.085
2666.000	6.078
2667.000	6.071
2668.000	6.065
2669.000	6.058
2670.000	6.051
2671.000	6.045
2672.000	6.038
2673.000	6.038
2674.000	6.031
2675.000	6.024
2676.000	6.018
2677.000	6.011
2678.000	6.004
2679.000	5.998
2680.000	5.991
2681.000	5.984
2682.000	5.977
2683.000	5.971
2684.000	5.971
2685.000	5.964
2686.000	5.957
2687.000	5.951
2688.000	5.944
2689.000	5.937
2690.000	5.930
2691.000	5.924
2692.000	5.917
2693.000	5.910
2694.000	5.903
2695.000	5.903
2696.000	5.897
2697.000	5.890
2698.000	5.883
2699.000	5.876
2700.000	5.870
2701.000	5.863
2702.000	5.856
2703.000	5.849
2704.000	5.843
2705.000	5.836
2706.000	5.836
2707.000	5.829
2708.000	5.822
2709.000	5.816
2710.000	5.809
2711.000	5.802
2712.000	5.795
2713.000	5.788
2714.000	5.782
2715.000	5.775
2716.000	5.768
2717.000	5.768
2718.000	5.761
2719.000	5.754
2720.000	5.748
2721.000	5.741
2722.000	5.734
2723.000	5.727
2724.000	5.720
2725.000	5.714
2726.000	5.707
2727.000	5.700
2728.000	5.700
2729.000	5.693
2730.000	5.686
2731.000	5.680
2732.000	5.673
2733.000	5.666
2734.000	5.659
2735.000	5.652
2736.000	5.645
2737.000	5.639
2738.000	5.632
2739.000	5.632
2740.000	5.625
2741.000	5.618
2742.000	5.611
2743.000	5.604
2744.000	5.598
2745.000	5.591
2746.000	5.584
2747.000	5.577
2748.000	5.570
2749.000	5.563
2750.000	5.556
2751.000	5.556
2752.000	5.550
2753.000	5.543
2754.000	5.536
2755.000	5.529
2756.000	5.522
2757.000	5.515
2758.000	5.508
2759.000	5.501
2760.000	5.495
2761.000	5.488
2762.000	5.488
2763.000	5.481
2764.000	5.474
2765.000	5.467
2766.000	5.460
2767.000	5.453
2768.000	5.446
2769.000	5.439
2770.000	5.433
2771.000	5.426
2772.000	5.419
2773.000	5.419
2774.000	5.412
2775.000	5.405
2776.000	5.398
2777.000	5.391
2778.000	5.384
2779.000	5.377
2780.000	5.370
2781.000	5.363
2782.000	5.357
2783.000	5.350
2784.000	5.350
2785.000	5.343
2786.000	5.336
2787.000	5.329
2788.000	5.322
2789.000	5.315
2790.000	5.308
2791.000	5.301
2792.000	5.294
2793.000	5.287
2794.000	5.280
2795.000	5.280
2796.000	5.273
2797.000	5.266
2798.000	5.259
2799.000	5.252
2800.000	5.245
2801.000	5.238
2802.000	5.232
2803.000	5.225
2804.000	5.218
2805.000	5.211
2806.000	5.209
2807.000	5.202
2808.000	5.195
2809.000	5.188
2810.000	5.181
2811.000	5.174
2812.000	5.167
2813.000	5.160
2814.000	5.153
2815.000	5.146
2816.000	5.139
2817.000	5.132
2818.000	5.130
2819.000	5.123
2820.000	5.116
2821.000	5.109
2822.000	5.102
2823.000	5.095
2824.000	5.088
2825.000	5.081
2826.000	5.074
2827.000	5.067
2828.000	5.060
2829.000	5.057
2830.000	5.050
2831.000	5.043
2832.000	5.036
2833.000	5.029
2834.000	5.022
2835.000	5.015
2836.000	5.008
2837.000	5.001
2838.000	4.994
2839.000	4.987
2840.000	4.985
2841.000	4.978
2842.000	4.971
2843.000	4.964
2844.000	4.957
2845.000	4.950
2846.000	4.943
2847.000	4.936
2848.000	4.929
2849.000	4.922
2850.000	4.915
2851.000	4.913
2852.000	4.905
2853.000	4.898
2854.000	4.891
2855.000	4.884
2856.000	4.877
2857.000	4.870
2858.000	4.863
2859.000	4.856
2860.000	4.849
2861.000	4.842
2862.000	4.840
2863.000	4.833
2864.000	4.826
2865.000	4.818
2866.000	4.811
2867.000	4.804
2868.000	4.797
2869.000	4.790
2870.000	4.783
2871.000	4.776
2872.000	4.769
2873.000	4.767
2874.000	4.760
2875.000	4.753
2876.000	4.745
2877.000	4.738
2878.000	4.731
2879.000	4.724
2880.000	4.717
2881.000	4.710
2882.000	4.703
2883.000	4.696
2884.000	4.689
2885.000	4.686
2886.000	4.679
2887.000	4.672
2888.000	4.665
2889.000	4.658
2890.000	4.651
2891.000	4.644
2892.000	4.637
2893.000	4.629
2894.000	4.622
2895.000	4.615
2896.000	4.613
2897.000	4.606
2898.000	4.599
2899.000	4.592
2900.000	4.584
2901.000	4.577
2902.000	4.570
2903.000	4.563
2904.000	4.556
2905.000	4.549
2906.000	4.541
2907.000	4.539
2908.000	4.532
2909.000	4.525
2910.000	4.518
2911.000	4.511
2912.000	4.504
2913.000	4.496
2914.000	4.489
2915.000	4.482
2916.000	4.475
2917.000	4.468
2918.000	4.466
2919.000	4.458
2920.000	4.451
2921.000	4.444
2922.000	4.437
2923.000	4.430
2924.000	4.422
2925.000	4.415
2926.000	4.408
2927.000	4.401
2928.000	4.394
2929.000	4.392
2930.000	4.384
2931.000	4.377
2932.000	4.370
2933.000	4.363
2934.000	4.355
2935.000	4.348
2936.000	4.341
2937.000	4.334
2938.000	4.327
2939.000	4.319
2940.000	4.317
2941.000	4.310
2942.000	4.303
2943.000	4.296
2944.000	4.288
2945.000	4.281
2946.000	4.274
2947.000	4.267
2948.000	4.259
2949.000	4.252
2950.000	4.245
2951.000	4.243
2952.000	4.236
2953.000	4.228
2954.000	4.221
2955.000	4.214
2956.000	4.207
2957.000	4.199
2958.000	4.192
2959.000	4.185
2960.000	4.178
2961.000	4.170
2962.000	4.163
2963.000	4.161
2964.000	4.154
2965.000	4.146
2966.000	4.139
2967.000	4.132
2968.000	4.125
2969.000	4.117
2970.000	4.110
2971.000	4.103
2972.000	4.096
2973.000	4.088
2974.000	4.086
2975.000	4.079
2976.000	4.072
2977.000	4.064
2978.000	4.057
2979.000	4.050
2980.000	4.042
2981.000	4.035
2982.000	4.028
2983.000	4.021
2984.000	4.013
2985.000	4.011
2986.000	4.004
2987.000	3.997
2988.000	3.989
2989.000	3.982
2990.000	3.975
2991.000	3.967
2992.000	3.960
2993.000	3.953
2994.000	3.945
2995.000	3.938
2996.000	3.936
2997.000	3.929
2998.000	3.921
2999.000	3.914
3000.000	3.907
3001.000	3.899
3002.000	3.892
3003.000	3.885
3004.000	3.877
3005.000	3.870
3006.000	3.863
3007.000	3.861
3008.000	3.853
3009.000	3.846
3010.000	3.838
3011.000	3.831
3012.000	3.824
3013.000	3.816
3014.000	3.809
3015.000	3.802
3016.000	3.794
3017.000	3.787
3018.000	3.785
3019.000	3.778
3020.000	3.770
3021.000	3.763
3022.000	3.755
3023.000	3.748
3024.000	3.741
3025.000	3.733
3026.000	3.726
3027.000	3.719
3028.000	3.711
3029.000	3.704
3030.000	3.702
3031.000	3.694
3032.000	3.687
3033.000	3.680
3034.000	3.672
3035.000	3.665
3036.000	3.657
3037.000	3.650
3038.000	3.643
3039.000	3.635
3040.000	3.628
3041.000	3.626
3042.000	3.618
3043.000	3.611
3044.000	3.604
3045.000	3.596
3046.000	3.589
3047.000	3.581
3048.000	3.574
3049.000	3.567
3050.000	3.559
3051.000	3.552
3052.000	3.550
3053.000	3.542
3054.000	3.535
3055.000	3.527
3056.000	3.520
3057.000	3.513
3058.000	3.505
3059.000	3.498
3060.000	3.490
3061.000	3.483
3062.000	3.475
3063.000	3.473
3064.000	3.466
3065.000	3.458
3066.000	3.451
3067.000	3.444
3068.000	3.436
3069.000	3.429
3070.000	3.421
3071.000	3.414
3072.000	3.406
3073.000	3.399
3074.000	3.397
3075.000	3.389
3076.000	3.382
3077.000	3.374
3078.000	3.367
3079.000	3.359
3080.000	3.352
3081.000	3.345
3082.000	3.337
3083.000	3.330
3084.000	3.322
3085.000	3.320
3086.000	3.313
3087.000	3.305
3088.000	3.298
3089.000	3.290
3090.000	3.283
3091.000	3.275
3092.000	3.263
3093.000	3.261
3094.000	3.259
3095.000	3.257
3096.000	3.255
3097.000	3.253
3098.000	3.250
3099.000	3.248
3100.000	3.246
3101.000	3.244
3102.000	3.242
3103.000	3.240
3104.000	3.238
3105.000	3.236
3106.000	3.234
3107.000	3.231
3108.000	3.229
3109.000	3.227
3110.000	3.225
3111.000	3.223
3112.000	3.221
3113.000	3.219
3114.000	3.217
3115.000	3.215
3116.000	3.213
3117.000	3.210
3118.000	3.208
3119.000	3.206
3120.000	3.204
3121.000	3.202
3122.000	3.200
3123.000	3.198
3124.000	3.196
3125.000	3.194
3126.000	3.191
3127.000	3.189
3128.000	3.187
3129.000	3.185
3130.000	3.183
3131.000	3.181
3132.000	3.179
3133.000	3.177
3134.000	3.175
3135.000	3.173
3136.000	3.170
3137.000	3.168
3138.000	3.166
3139.000	3.164
3140.000	3.162
3141.000	3.160
3142.000	3.158
3143.000	3.156
3144.000	3.154
3145.000	3.151
3146.000	3.149
3147.000	3.147
3148.000	3.145
3149.000	3.143
3150.000	3.141
3151.000	3.139
3152.000	3.137
3153.000	3.135
3154.000	3.133
3155.000	3.130
3156.000	3.128
3157.000	3.126
3158.000	3.124
3159.000	3.122
3160.000	3.120
3161.000	3.118
3162.000	3.116
3163.000	3.114
3164.000	3.112
3165.000	3.109
3166.000	3.107
3167.000	3.105
3168.000	3.103
3169.000	3.101
3170.000	3.099
3171.000	3.097
3172.000	3.095
3173.000	3.093
3174.000	3.090
3175.000	3.088
3176.000	3.086
3177.000	3.084
3178.000	3.082
3179.000	3.080
3180.000	3.078
3181.000	3.076
3182.000	3.074
3183.000	3.072
3184.000	3.069
3185.000	3.067
3186.000	3.065
3187.000	3.063
3188.000	3.061
3189.000	3.059
3190.000	3.057
3191.000	3.055
3192.000	3.053
3193.000	3.050
3194.000	3.048
3195.000	3.046
3196.000	3.044
3197.000	3.042
3198.000	3.040
3199.000	3.038
3200.000	3.036
3201.000	3.034
3202.000	3.032
3203.000	3.029
3204.000	3.027
3205.000	3.025
3206.000	3.023
3207.000	3.021
3208.000	3.019
3209.000	3.017
3210.000	3.015
3211.000	3.013
3212.000	3.011
3213.000	3.008
3214.000	3.006
3215.000	3.004
3216.000	3.002
3217.000	3.000
3218.000	2.998
3219.000	2.996
3220.000	2.994
3221.000	2.992
3222.000	2.989
3223.000	2.987
3224.000	2.985
3225.000	2.983
3226.000	2.981
3227.000	2.979
3228.000	2.977
3229.000	2.975
3230.000	2.973
3231.000	2.971
3232.000	2.968
3233.000	2.966
3234.000	2.964
3235.000	2.962
3236.000	2.960
3237.000	2.958
3238.000	2.956
3239.000	2.954
3240.000	2.952
3241.000	2.949
3242.000	2.947
3243.000	2.945
3244.000	2.943
3245.000	2.941
3246.000	2.939
3247.000	2.937
3248.000	2.935
3249.000	2.933
3250.000	2.931
3251.000	2.928
3252.000	2.926
3253.000	2.924
3254.000	2.922
3255.000	2.920
3256.000	2.918
3257.000	2.916
3258.000	2.914
3259.000	2.912
3260.000	2.910
3261.000	2.907
3262.000	2.905
3263.000	2.903
3264.000	2.901
3265.000	2.899
3266.000	2.897
3267.000	2.895
3268.000	2.893
3269.000	2.891
3270.000	2.888
3271.000	2.886
3272.000	2.884
3273.000	2.882
3274.000	2.880
3275.000	2.878
3276.000	2.876
3277.000	2.874
3278.000	2.872
3279.000	2.870
3280.000	2.867
3281.000	2.865
3282.000	2.863
3283.000	2.861
3284.000	2.859
3285.000	2.857
3286.000	2.855
3287.000	2.853
3288.000	2.851
3289.000	2.848
3290.000	2.846
3291.000	2.844
3292.000	2.842
3293.000	2.840
3294.000	2.838
3295.000	2.836
3296.000	2.834
3297.000	2.832
3298.000	2.830
3299.000	2.827
3300.000	2.825
3301.000	2.823
3302.000	2.821
3303.000	2.819
3304.000	2.817
3305.000	2.815
3306.000	2.813
3307.000	2.811
3308.000	2.808
3309.000	2.806
3310.000	2.804
3311.000	2.802
3312.000	2.800
3313.000	2.798
3314.000	2.796
3315.000	2.794
3316.000	2.792
3317.000	2.790
3318.000	2.787
3319.000	2.785
3320.000	2.783
3321.000	2.781
3322.000	2.779
3323.000	2.777
3324.000	2.775
3325.000	2.773
3326.000	2.771
3327.000	2.769
3328.000	2.766
3329.000	2.764
3330.000	2.762
3331.000	2.760
3332.000	2.758
3333.000	2.756
3334.000	2.754
3335.000	2.752
3336.000	2.750
3337.000	2.747
3338.000	2.745
3339.000	2.743
3340.000	2.741
3341.000	2.739
3342.000	2.737
3343.000	2.735
3344.000	2.733
3345.000	2.731
3346.000	2.729
3347.000	2.726
3348.000	2.724
3349.000	2.722
3350.000	2.720
3351.000	2.718
3352.000	2.716
3353.000	2.714
3354.000	2.712
3355.000	2.710
3356.000	2.707
3357.000	2.705
3358.000	2.703
3359.000	2.701
3360.000	2.699
3361.000	2.697
3362.000	2.695
3363.000	2.693
3364.000	2.691
3365.000	2.689
3366.000	2.686
3367.000	2.684
3368.000	2.682
3369.000	2.680
3370.000	2.678
3371.000	2.676
3372.000	2.674
3373.000	2.672
3374.000	2.670
3375.000	2.668
3376.000	2.665
3377.000	2.663
3378.000	2.661
3379.000	2.659
3380.000	2.657
3381.000	2.655
3382.000	2.653
3383.000	2.651
3384.000	2.649
3385.000	2.646
3386.000	2.644
3387.000	2.642
3388.000	2.640
3389.000	2.638
3390.000	2.636
3391.000	2.634
3392.000	2.632
3393.000	2.630
3394.000	2.628
3395.000	2.625
3396.000	2.623
3397.000	2.621
3398.000	2.619
3399.000	2.617
3400.000	2.615
3401.000	2.613
3402.000	2.611
3403.000	2.609
3404.000	2.606
3405.000	2.604
3406.000	2.602
3407.000	2.600
3408.000	2.598
3409.000	2.596
3410.000	2.594
3411.000	2.592
3412.000	2.590
3413.000	2.588
3414.000	2.585
3415.000	2.583
3416.000	2.581
3417.000	2.579
3418.000	2.577
3419.000	2.575
3420.000	2.573
3421.000	2.571
3422.000	2.569
3423.000	2.567
3424.000	2.564
3425.000	2.562
3426.000	2.560
3427.000	2.558
3428.000	2.556
3429.000	2.554
3430.000	2.552
3431.000	2.550
3432.000	2.548
3433.000	2.545
3434.000	2.543
3435.000	2.541
3436.000	2.539
3437.000	2.537
3438.000	2.535
3439.000	2.533
3440.000	2.531
3441.000	2.529
3442.000	2.527
3443.000	2.524
3444.000	2.522
3445.000	2.520
3446.000	2.518
3447.000	2.516
3448.000	2.514
3449.000	2.512
3450.000	2.510
3451.000	2.508
3452.000	2.505
3453.000	2.503
3454.000	2.501
3455.000	2.499
3456.000	2.497
3457.000	2.495
3458.000	2.493
3459.000	2.491
3460.000	2.489
3461.000	2.487
3462.000	2.484
3463.000	2.482
3464.000	2.480
3465.000	2.478
3466.000	2.476
3467.000	2.474
3468.000	2.472
3469.000	2.470
3470.000	2.468
3471.000	2.466
3472.000	2.463
3473.000	2.461
3474.000	2.459
3475.000	2.457
3476.000	2.455
3477.000	2.453
3478.000	2.451
3479.000	2.449
3480.000	2.447
3481.000	2.444
3482.000	2.442
3483.000	2.440
3484.000	2.438
3485.000	2.436
3486.000	2.434
3487.000	2.432
3488.000	2.430
3489.000	2.428
3490.000	2.426
3491.000	2.423
3492.000	2.421
3493.000	2.419
3494.000	2.417
3495.000	2.415
3496.000	2.413
3497.000	2.411
3498.000	2.409
3499.000	2.407
3500.000	2.404
3501.000	2.402
3502.000	2.400
3503.000	2.398
3504.000	2.396
3505.000	2.394
3506.000	2.392
3507.000	2.390
3508.000	2.388
3509.000	2.386
3510.000	2.383
3511.000	2.381
3512.000	2.379
3513.000	2.377
3514.000	2.375
3515.000	2.373
3516.000	2.371
3517.000	2.369
3518.000	2.367
3519.000	2.364
3520.000	2.362
3521.000	2.360
3522.000	2.358
3523.000	2.356
3524.000	2.354
3525.000	2.352
3526.000	2.350
3527.000	2.348
3528.000	2.346
3529.000	2.343
3530.000	2.341
3531.000	2.339
3532.000	2.337
3533.000	2.335
3534.000	2.333
3535.000	2.331
3536.000	2.329
3537.000	2.327
3538.000	2.325
3539.000	2.322
3540.000	2.320
3541.000	2.318
3542.000	2.316
3543.000	2.314
3544.000	2.312
3545.000	2.310
3546.000	2.308
3547.000	2.306
3548.000	2.303
3549.000	2.301
3550.000	2.299
3551.000	2.297
3552.000	2.295
3553.000	2.293
3554.000	2.291
3555.000	2.289
3556.000	2.287
3557.000	2.285
3558.000	2.282
3559.000	2.280
3560.000	2.278
3561.000	2.276
3562.000	2.274
3563.000	2.272
3564.000	2.270
3565.000	2.268
3566.000	2.266
3567.000	2.263
3568.000	2.261
3569.000	2.259
3570.000	2.257
3571.000	2.255
3572.000	2.253
3573.000	2.251
3574.000	2.249
3575.000	2.247
3576.000	2.245
3577.000	2.242
3578.000	2.240
3579.000	2.238
3580.000	2.236
3581.000	2.234
3582.000	2.232
3583.000	2.230
3584.000	2.228
3585.000	2.226
3586.000	2.224
3587.000	2.221
3588.000	2.219
3589.000	2.217
3590.000	2.215
3591.000	2.213
3592.000	2.211
3593.000	2.209
3594.000	2.207
3595.000	2.205
3596.000	2.202
3597.000	2.200
3598.000	2.198
3599.000	2.196
3600.000	2.194
3601.000	2.192
3602.000	2.190
3603.000	2.188
3604.000	2.186
3605.000	2.184
3606.000	2.181
3607.000	2.179
3608.000	2.177
3609.000	2.175
3610.000	2.173
3611.000	2.171
3612.000	2.169
3613.000	2.167
3614.000	2.165
3615.000	2.162
3616.000	2.160
3617.000	2.158
3618.000	2.156
3619.000	2.154
3620.000	2.152
3621.000	2.150
3622.000	2.148
3623.000	2.146
3624.000	2.144
3625.000	2.141
3626.000	2.139
3627.000	2.137
3628.000	2.135
3629.000	2.133
3630.000	2.131
3631.000	2.129
3632.000	2.127
3633.000	2.125
3634.000	2.123
3635.000	2.120
3636.000	2.118
3637.000	2.116
3638.000	2.114
3639.000	2.112
3640.000	2.110
3641.000	2.108
3642.000	2.106
3643.000	2.104
3644.000	2.101
3645.000	2.099
3646.000	2.097
3647.000	2.095
3648.000	2.093
3649.000	2.091
3650.000	2.089
3651.000	2.087
3652.000	2.085
3653.000	2.083
3654.000	2.080
3655.000	2.078
3656.000	2.076
3657.000	2.074
3658.000	2.072
3659.000	2.070
3660.000	2.068
3661.000	2.066
3662.000	2.064
3663.000	2.061
3664.000	2.059
3665.000	2.057
3666.000	2.055
3667.000	2.053
3668.000	2.051
3669.000	2.049
3670.000	2.047
3671.000	2.045
3672.000	2.043
3673.000	2.040
3674.000	2.038
3675.000	2.036
3676.000	2.034
3677.000	2.032
3678.000	2.030
3679.000	2.028
3680.000	2.026
3681.000	2.024
3682.000	2.021
3683.000	2.019
3684.000	2.017
3685.000	2.015
3686.000	2.013
3687.000	2.011
3688.000	2.009
3689.000	2.007
3690.000	2.005
3691.000	2.003
3692.000	2.000
3693.000	1.998
3694.000	1.996
3695.000	1.994
3696.000	1.992
3697.000	1.990
3698.000	1.988
3699.000	1.986
3700.000	1.984
3701.000	1.982
3702.000	1.979
3703.000	1.977
3704.000	1.975
3705.000	1.973
3706.000	1.971
3707.000	1.969
3708.000	1.967
3709.000	1.965
3710.000	1.963
3711.000	1.960
3712.000	1.958
3713.000	1.956
3714.000	1.954
3715.000	1.952
3716.000	1.950
3717.000	1.948
3718.000	1.946
3719.000	1.944
3720.000	1.942
3721.000	1.939
3722.000	1.937
3723.000	1.935
3724.000	1.933
3725.000	1.931
3726.000	1.929
3727.000	1.927
3728.000	1.925
3729.000	1.923
3730.000	1.920
3731.000	1.918
3732.000	1.916
3733.000	1.914
3734.000	1.912
3735.000	1.910
3736.000	1.908
3737.000	1.906
3738.000	1.904
3739.000	1.902
3740.000	1.899
3741.000	1.897
3742.000	1.895
3743.000	1.893
3744.000	1.891
3745.000	1.889
3746.000	1.887
3747.000	1.885
3748.000	1.882
3749.000	1.880
3750.000	1.878
3751.000	1.876
3752.000	1.874
3753.000	1.872
3754.000	1.870
3755.000	1.868
3756.000	1.866
3757.000	1.863
3758.000	1.861
3759.000	1.859
3760.000	1.857
3761.000	1.855
3762.000	1.853
3763.000	1.851
3764.000	1.849
3765.000	1.847
3766.000	1.845
3767.000	1.842
3768.000	1.840
3769.000	1.838
3770.000	1.836
3771.000	1.834
3772.000	1.832
3773.000	1.830
3774.000	1.828
3775.000	1.826
3776.000	1.824
3777.000	1.821
3778.000	1.819
3779.000	1.817
3780.000	1.815
3781.000	1.813
3782.000	1.811
3783.000	1.809
3784.000	1.807
3785.000	1.805
3786.000	1.802
3787.000	1.800
3788.000	1.798
3789.000	1.796
3790.000	1.794
3791.000	1.792
3792.000	1.790
3793.000	1.788
3794.000	1.786
3795.000	1.784
3796.000	1.781
3797.000	1.779
3798.000	1.777
3799.000	1.775
3800.000	1.773
3801.000	1.771
3802.000	1.769
3803.000	1.767
3804.000	1.765
3805.000	1.762
3806.000	1.760
3807.000	1.758
3808.000	1.756
3809.000	1.754
3810.000	1.752
3811.000	1.750
3812.000	1.748
3813.000	1.746
3814.000	1.744
3815.000	1.741
3816.000	1.739
3817.000	1.737
3818.000	1.735
3819.000	1.733
3820.000	1.731
3821.000	1.729
3822.000	1.727
3823.000	1.725
3824.000	1.723
3825.000	1.720
3826.000	1.718
3827.000	1.716
3828.000	1.714
3829.000	1.712
3830.000	1.710
3831.000	1.708
3832.000	1.706
3833.000	1.704
3834.000	1.701
3835.000	1.699
3836.000	1.697
3837.000	1.695
3838.000	1.693
3839.000	1.691
3840.000	1.689
3841.000	1.687
3842.000	1.685
3843.000	1.683
3844.000	1.680
3845.000	1.678
3846.000	1.676
3847.000	1.674
3848.000	1.672
3849.000	1.670
3850.000	1.668
3851.000	1.666
3852.000	1.664
3853.000	1.661
3854.000	1.659
3855.000	1.657
3856.000	1.655
3857.000	1.653
3858.000	1.651
3859.000	1.649
3860.000	1.647
3861.000	1.645
3862.000	1.643
3863.000	1.640
3864.000	1.638
3865.000	1.636
3866.000	1.634
3867.000	1.632
3868.000	1.630
3869.000	1.628
3870.000	1.626
3871.000	1.624
3872.000	1.622
3873.000	1.619
3874.000	1.617
3875.000	1.615
3876.000	1.613
3877.000	1.611
3878.000	1.609
3879.000	1.607
3880.000	1.605
3881.000	1.603
3882.000	1.600
3883.000	1.598
3884.000	1.596
3885.000	1.594
3886.000	1.592
3887.000	1.590
3888.000	1.588
3889.000	1.586
3890.000	1.584
3891.000	1.582
3892.000	1.579
3893.000	1.577
3894.000	1.575
3895.000	1.573
3896.000	1.571
3897.000	1.569
3898.000	1.567
3899.000	1.565
3900.000	1.563
3901.000	1.560
3902.000	1.558
3903.000	1.556
3904.000	1.554
3905.000	1.552
3906.000	1.550
3907.000	1.548
3908.000	1.546
3909.000	1.544
3910.000	1.542
3911.000	1.539
3912.000	1.537
3913.000	1.535
3914.000	1.533
3915.000	1.531
3916.000	1.529
3917.000	1.527
3918.000	1.525
3919.000	1.523
3920.000	1.520
3921.000	1.518
3922.000	1.516
3923.000	1.514
3924.000	1.512
3925.000	1.510
3926.000	1.508
3927.000	1.506
3928.000	1.504
3929.000	1.502
3930.000	1.499
3931.000	1.497
3932.000	1.495
3933.000	1.493
3934.000	1.491
3935.000	1.489
3936.000	1.487
3937.000	1.485
3938.000	1.483
3939.000	1.481
3940.000	1.478
3941.000	1.476
3942.000	1.474
3943.000	1.472
3944.000	1.470
3945.000	1.468
3946.000	1.466
3947.000	1.464
3948.000	1.462
3949.000	1.459
3950.000	1.457
3951.000	1.455
3952.000	1.453
3953.000	1.451
3954.000	1.449
3955.000	1.447
3956.000	1.445
3957.000	1.443
3958.000	1.441
3959.000	1.438
3960.000	1.436
3961.000	1.434
3962.000	1.432
3963.000	1.430
3964.000	1.428
3965.000	1.426
3966.000	1.424
3967.000	1.422
3968.000	1.419
3969.000	1.417
3970.000	1.415
3971.000	1.413
3972.000	1.411
3973.000	1.409
3974.000	1.407
3975.000	1.405
3976.000	1.403
3977.000	1.401
3978.000	1.398
3979.000	1.396
3980.000	1.394
3981.000	1.392
3982.000	1.390
3983.000	1.388
3984.000	1.386
3985.000	1.384
3986.000	1.382
3987.000	1.380
3988.000	1.377
3989.000	1.375
3990.000	1.373
3991.000	1.371
3992.000	1.369
3993.000	1.367
3994.000	1.365
3995.000	1.363
3996.000	1.361
3997.000	1.358
3998.000	1.356
3999.000	1.354
4000.000	1.352
4001.000	1.350
4002.000	1.348
4003.000	1.346
4004.000	1.344
4005.000	1.342
4006.000	1.340
4007.000	1.337
4008.000	1.335
4009.000	1.333
4010.000	1.331
4011.000	1.329
4012.000	1.327
4013.000	1.325
4014.000	1.323
4015.000	1.321
4016.000	1.318
4017.000	1.316
4018.000	1.314
4019.000	1.312
4020.000	1.310
4021.000	1.308
4022.000	1.306
4023.000	1.304
4024.000	1.302
4025.000	1.300
4026.000	1.297
4027.000	1.295
4028.000	1.293
4029.000	1.291
4030.000	1.289
4031.000	1.287
4032.000	1.285
4033.000	1.283
4034.000	1.281
4035.000	1.279
4036.000	1.276
4037.000	1.274
4038.000	1.272
4039.000	1.270
4040.000	1.268
4041.000	1.266
4042.000	1.264
4043.000	1.262
4044.000	1.260
4045.000	1.257
4046.000	1.255
4047.000	1.253
4048.000	1.251
4049.000	1.249
4050.000	1.247
4051.000	1.245
4052.000	1.243
4053.000	1.241
4054.000	1.239
4055.000	1.236
4056.000	1.234
4057.000	1.232
4058.000	1.230
4059.000	1.228
4060.000	1.226
4061.000	1.224
4062.000	1.222
4063.000	1.220
4064.000	1.217
4065.000	1.215
4066.000	1.213
4067.000	1.211
4068.000	1.209
4069.000	1.207
4070.000	1.205
4071.000	1.203
4072.000	1.201
4073.000	1.199
4074.000	1.196
4075.000	1.194
4076.000	1.192
4077.000	1.190
4078.000	1.188
4079.000	1.186
4080.000	1.184
4081.000	1.182
4082.000	1.180
4083.000	1.177
4084.000	1.175
4085.000	1.173
4086.000	1.171
4087.000	1.169
4088.000	1.167
4089.000	1.165
4090.000	1.163
4091.000	1.161
4092.000	1.094
4093.000	1.092
4094.000	1.089
4095.000	0.000
