0.000	21.846
1.000	21.846
2.000	21.846
3.000	21.846
4.000	21.846
5.000	21.846
6.000	21.846
7.000	21.846
8.000	21.846
9.000	21.846
10.000	21.846
11.000	21.846
12.000	21.846
13.000	21.846
14.000	21.846
15.000	21.846
16.000	21.846
17.000	21.846
18.000	21.846
19.000	21.846
20.000	21.846
21.000	21.846
22.000	21.846
23.000	21.846
24.000	21.846
25.000	21.846
26.000	21.846
27.000	21.846
28.000	21.846
29.000	21.846
30.000	21.846
31.000	21.846
32.000	21.846
33.000	21.846
34.000	21.846
35.000	21.846
36.000	21.846
37.000	21.846
38.000	21.846
39.000	21.846
40.000	21.846
41.000	21.846
42.000	21.846
43.000	21.841
44.000	21.834
45.000	21.828
46.000	21.821
47.000	21.815
48.000	21.738
49.000	21.661
50.000	21.584
51.000	21.584
52.000	21.507
53.000	21.431
54.000	21.354
55.000	21.279
56.000	21.204
57.000	21.129
58.000	21.054
59.000	20.979
60.000	20.906
61.000	20.833
62.000	20.790
63.000	20.717
64.000	20.644
65.000	20.571
66.000	20.500
67.000	20.428
68.000	20.357
69.000	20.286
70.000	20.214
71.000	20.145
72.000	20.075
73.000	20.075
74.000	20.005
75.000	19.936
76.000	19.866
77.000	19.798
78.000	19.730
79.000	19.662
80.000	19.593
81.000	19.525
82.000	19.459
83.000	19.392
84.000	19.392
85.000	19.330
86.000	19.269
87.000	19.208
88.000	19.148
89.000	19.088
90.000	19.088
91.000	19.088
92.000	19.088
93.000	19.088
94.000	19.088
95.000	19.088
96.000	19.088
97.000	19.088
98.000	19.088
99.000	19.088
100.000	19.088
101.000	19.088
102.000	19.088
103.000	19.088
104.000	19.088
105.000	19.088
106.000	19.088
107.000	19.088
108.000	19.088
109.000	19.088
110.000	19.088
111.000	19.088
112.000	19.088
113.000	19.088
114.000	19.088
115.000	19.088
116.000	19.088
117.000	19.088
118.000	19.088
119.000	19.088
120.000	19.088
121.000	19.088
122.000	19.088
123.000	19.088
124.000	19.088
125.000	19.088
126.000	19.088
127.000	19.088
128.000	19.088
129.000	19.088
130.000	19.088
131.000	19.088
132.000	19.088
133.000	19.088
134.000	19.088
135.000	19.088
136.000	19.088
137.000	19.088
138.000	19.088
139.000	19.088
140.000	19.088
141.000	19.088
142.000	19.088
143.000	19.088
144.000	19.088
145.000	19.088
146.000	19.088
147.000	19.088
148.000	19.088
149.000	19.088
150.000	19.088
151.000	19.088
152.000	19.088
153.000	19.088
154.000	19.088
155.000	19.088
156.000	19.088
157.000	19.088
158.000	19.088
159.000	19.088
160.000	19.088
161.000	19.088
162.000	19.088
163.000	19.088
164.000	19.088
165.000	19.088
166.000	19.088
167.000	19.088
168.000	19.088
169.000	19.088
170.000	19.088
171.000	19.088
172.000	19.088
173.000	19.088
174.000	19.088
175.000	19.088
176.000	19.088
177.000	19.088
178.000	19.088
179.000	19.088
180.000	19.088
181.000	19.088
182.000	19.088
183.000	19.088
184.000	19.088
185.000	19.088
186.000	19.075
187.000	19.048
188.000	18.999
189.000	18.950
190.000	18.901
191.000	18.852
192.000	18.803
193.000	18.754
194.000	18.706
195.000	18.657
196.000	18.657
197.000	18.609
198.000	18.560
199.000	18.512
200.000	18.464
201.000	18.416
202.000	18.368
203.000	18.320
204.000	18.272
205.000	18.224
206.000	18.177
207.000	18.177
208.000	18.130
209.000	18.082
210.000	18.035
211.000	17.988
212.000	17.941
213.000	17.894
214.000	17.848
215.000	17.801
216.000	17.754
217.000	17.708
218.000	16.975
219.000	16.929
220.000	16.882
221.000	16.836
222.000	16.790
223.000	16.744
224.000	16.699
225.000	16.653
226.000	16.607
227.000	16.562
228.000	16.516
229.000	16.471
230.000	16.470
231.000	16.424
232.000	16.379
233.000	16.334
234.000	16.289
235.000	16.245
236.000	16.200
237.000	16.155
238.000	16.111
239.000	16.066
240.000	16.022
241.000	16.020
242.000	15.976
243.000	15.932
244.000	15.888
245.000	15.844
246.000	15.800
247.000	15.756
248.000	15.712
249.000	15.669
250.000	15.626
251.000	15.582
252.000	15.581
253.000	15.537
254.000	15.494
255.000	15.462
256.000	15.441
257.000	15.430
258.000	15.428
259.000	15.427
260.000	15.425
261.000	15.423
262.000	15.422
263.000	15.420
264.000	15.418
265.000	15.417
266.000	15.415
267.000	15.413
268.000	15.412
269.000	15.410
270.000	15.408
271.000	15.407
272.000	15.405
273.000	15.368
274.000	15.366
275.000	15.329
276.000	15.292
277.000	15.255
278.000	15.219
279.000	15.182
280.000	15.145
281.000	15.109
282.000	15.072
283.000	15.036
284.000	15.000
285.000	14.998
286.000	14.962
287.000	14.926
288.000	14.890
289.000	14.854
290.000	14.818
291.000	14.783
292.000	14.747
293.000	14.711
294.000	14.676
295.000	14.640
296.000	14.639
297.000	14.603
298.000	14.568
299.000	14.533
300.000	14.498
301.000	14.463
302.000	14.428
303.000	14.393
304.000	14.358
305.000	14.324
306.000	14.289
307.000	14.255
308.000	14.253
309.000	14.218
310.000	14.184
311.000	14.150
312.000	14.116
313.000	14.081
314.000	14.047
315.000	14.013
316.000	13.979
317.000	13.946
318.000	13.912
319.000	13.910
320.000	13.876
321.000	13.843
322.000	13.809
323.000	13.776
324.000	13.742
325.000	13.709
326.000	13.676
327.000	13.643
328.000	13.609
329.000	13.576
330.000	13.575
331.000	13.542
332.000	13.509
333.000	13.476
334.000	13.443
335.000	13.411
336.000	13.378
337.000	13.345
338.000	13.312
339.000	13.280
340.000	13.248
341.000	13.246
342.000	13.214
343.000	13.181
344.000	13.149
345.000	13.117
346.000	13.085
347.000	13.053
348.000	13.021
349.000	12.989
350.000	12.957
351.000	12.925
352.000	12.924
353.000	12.892
354.000	12.860
355.000	12.829
356.000	12.797
357.000	12.766
358.000	12.734
359.000	12.703
360.000	12.701
361.000	12.700
362.000	12.698
363.000	12.696
364.000	12.695
365.000	12.693
366.000	12.691
367.000	12.690
368.000	12.688
369.000	12.686
370.000	12.685
371.000	12.683
372.000	12.681
373.000	12.680
374.000	12.678
375.000	12.676
376.000	12.675
377.000	12.673
378.000	12.671
379.000	12.670
380.000	12.668
381.000	12.666
382.000	12.665
383.000	12.631
384.000	12.598
385.000	12.565
386.000	12.563
387.000	12.530
388.000	12.497
389.000	12.464
390.000	12.431
391.000	12.398
392.000	12.365
393.000	12.332
394.000	12.300
395.000	12.267
396.000	12.235
397.000	12.233
398.000	12.200
399.000	12.168
400.000	12.136
401.000	12.104
402.000	12.072
403.000	12.040
404.000	12.008
405.000	11.975
406.000	11.944
407.000	11.912
408.000	11.910
409.000	11.879
410.000	11.847
411.000	11.815
412.000	11.784
413.000	11.753
414.000	11.721
415.000	11.690
416.000	11.659
417.000	11.628
418.000	11.597
419.000	11.595
420.000	11.564
421.000	11.534
422.000	11.503
423.000	11.472
424.000	11.441
425.000	11.411
426.000	11.380
427.000	11.350
428.000	11.320
429.000	11.289
430.000	11.289
431.000	11.259
432.000	11.229
433.000	11.199
434.000	11.169
435.000	11.139
436.000	11.109
437.000	11.080
438.000	11.050
439.000	11.020
440.000	10.991
441.000	10.961
442.000	10.961
443.000	10.932
444.000	10.902
445.000	10.873
446.000	10.844
447.000	10.815
448.000	10.786
449.000	10.757
450.000	10.728
451.000	10.699
452.000	10.670
453.000	10.670
454.000	10.642
455.000	10.613
456.000	10.584
457.000	10.556
458.000	10.527
459.000	10.499
460.000	10.470
461.000	10.442
462.000	10.414
463.000	10.386
464.000	10.386
465.000	10.358
466.000	10.330
467.000	10.302
468.000	10.274
469.000	10.246
470.000	10.218
471.000	10.191
472.000	10.163
473.000	10.136
474.000	10.108
475.000	10.108
476.000	10.081
477.000	10.053
478.000	10.026
479.000	9.998
480.000	9.971
481.000	9.944
482.000	9.917
483.000	9.890
484.000	9.863
485.000	9.836
486.000	9.836
487.000	9.809
488.000	9.782
489.000	9.755
490.000	9.729
491.000	9.704
492.000	9.704
493.000	9.704
494.000	9.704
495.000	9.704
496.000	9.704
497.000	9.704
498.000	9.704
499.000	9.704
500.000	9.704
501.000	9.704
502.000	9.704
503.000	9.704
504.000	9.704
505.000	9.704
506.000	9.704
507.000	9.704
508.000	9.704
509.000	9.704
510.000	9.704
511.000	9.704
512.000	9.704
513.000	9.704
514.000	9.704
515.000	9.704
516.000	9.704
517.000	9.704
518.000	9.704
519.000	9.704
520.000	9.704
521.000	9.704
522.000	9.704
523.000	9.704
524.000	9.704
525.000	9.704
526.000	9.704
527.000	9.704
528.000	9.704
529.000	9.704
530.000	9.704
531.000	9.704
532.000	9.704
533.000	9.704
534.000	9.704
535.000	9.704
536.000	9.704
537.000	9.704
538.000	9.704
539.000	9.704
540.000	9.704
541.000	9.704
542.000	9.704
543.000	9.704
544.000	9.704
545.000	9.704
546.000	9.704
547.000	9.704
548.000	9.704
549.000	9.704
550.000	9.704
551.000	9.704
552.000	9.704
553.000	9.704
554.000	9.704
555.000	9.704
556.000	9.704
557.000	9.704
558.000	9.704
559.000	9.704
560.000	9.704
561.000	9.704
562.000	9.704
563.000	9.704
564.000	9.704
565.000	9.704
566.000	9.704
567.000	9.704
568.000	9.704
569.000	9.704
570.000	9.704
571.000	9.704
572.000	9.704
573.000	9.704
574.000	9.704
575.000	9.704
576.000	9.704
577.000	9.704
578.000	9.704
579.000	9.704
580.000	9.704
581.000	9.704
582.000	9.704
583.000	9.704
584.000	9.704
585.000	9.704
586.000	9.704
587.000	9.704
588.000	9.704
589.000	9.680
590.000	9.657
591.000	9.634
592.000	9.611
593.000	9.588
594.000	9.565
595.000	9.542
596.000	9.519
597.000	9.496
598.000	9.496
599.000	9.473
600.000	9.450
601.000	9.428
602.000	9.405
603.000	9.382
604.000	9.359
605.000	9.336
606.000	9.314
607.000	9.291
608.000	9.269
609.000	9.269
610.000	9.246
611.000	9.223
612.000	9.201
613.000	9.179
614.000	9.156
615.000	9.134
616.000	9.111
617.000	9.089
618.000	9.067
619.000	9.044
620.000	9.044
621.000	9.022
622.000	9.000
623.000	8.977
624.000	8.955
625.000	8.933
626.000	8.911
627.000	8.889
628.000	8.867
629.000	8.845
630.000	8.823
631.000	8.823
632.000	8.801
633.000	8.779
634.000	8.757
635.000	8.735
636.000	8.713
637.000	8.692
638.000	8.670
639.000	8.648
640.000	8.626
641.000	8.605
642.000	8.605
643.000	8.583
644.000	8.561
645.000	8.540
646.000	8.518
647.000	8.497
648.000	8.475
649.000	8.453
650.000	8.432
651.000	8.411
652.000	8.389
653.000	8.368
654.000	8.368
655.000	8.346
656.000	8.325
657.000	8.304
658.000	8.283
659.000	8.261
660.000	8.240
661.000	8.219
662.000	8.198
663.000	8.177
664.000	8.156
665.000	8.156
666.000	8.135
667.000	8.114
668.000	8.093
669.000	8.072
670.000	8.051
671.000	8.030
672.000	8.009
673.000	7.988
674.000	7.967
675.000	7.946
676.000	7.946
677.000	7.926
678.000	7.905
679.000	7.884
680.000	7.863
681.000	7.843
682.000	7.822
683.000	7.801
684.000	7.781
685.000	7.760
686.000	7.740
687.000	7.740
688.000	7.719
689.000	7.699
690.000	7.678
691.000	7.658
692.000	7.637
693.000	7.617
694.000	7.597
695.000	7.576
696.000	7.556
697.000	7.536
698.000	7.536
699.000	7.515
700.000	7.495
701.000	7.475
702.000	7.455
703.000	7.435
704.000	7.415
705.000	7.394
706.000	7.374
707.000	7.354
708.000	7.334
709.000	7.334
710.000	7.314
711.000	7.294
712.000	7.274
713.000	7.254
714.000	7.234
715.000	7.215
716.000	7.195
717.000	7.175
718.000	7.155
719.000	7.135
720.000	7.135
721.000	7.116
722.000	7.096
723.000	7.076
724.000	7.056
725.000	7.037
726.000	7.017
727.000	6.997
728.000	6.978
729.000	6.958
730.000	6.939
731.000	6.919
732.000	6.919
733.000	6.900
734.000	6.880
735.000	6.861
736.000	6.841
737.000	6.841
738.000	6.841
739.000	6.841
740.000	6.841
741.000	6.841
742.000	6.841
743.000	6.841
744.000	6.841
745.000	6.841
746.000	6.841
747.000	6.841
748.000	6.841
749.000	6.841
750.000	6.841
751.000	6.841
752.000	6.841
753.000	6.841
754.000	6.841
755.000	6.841
756.000	6.841
757.000	6.841
758.000	6.841
759.000	6.841
760.000	6.841
761.000	6.841
762.000	6.841
763.000	6.841
764.000	6.841
765.000	6.841
766.000	6.841
767.000	6.841
768.000	6.841
769.000	6.841
770.000	6.841
771.000	6.841
772.000	6.841
773.000	6.841
774.000	6.841
775.000	6.841
776.000	6.841
777.000	6.841
778.000	6.841
779.000	6.841
780.000	6.841
781.000	6.841
782.000	6.841
783.000	6.841
784.000	6.841
785.000	6.841
786.000	6.841
787.000	6.841
788.000	6.841
789.000	6.841
790.000	6.841
791.000	6.841
792.000	6.841
793.000	6.841
794.000	6.841
795.000	6.841
796.000	6.841
797.000	6.841
798.000	6.841
799.000	6.841
800.000	6.841
801.000	6.841
802.000	6.841
803.000	6.841
804.000	6.841
805.000	6.841
806.000	6.841
807.000	6.841
808.000	6.841
809.000	6.841
810.000	6.841
811.000	6.841
812.000	6.841
813.000	6.841
814.000	6.841
815.000	6.841
816.000	6.841
817.000	6.841
818.000	6.841
819.000	6.841
820.000	6.841
821.000	6.841
822.000	6.841
823.000	6.841
824.000	6.841
825.000	6.841
826.000	6.841
827.000	6.841
828.000	6.841
829.000	6.841
830.000	6.841
831.000	6.841
832.000	6.841
833.000	6.841
834.000	6.841
835.000	6.841
836.000	6.841
837.000	6.841
838.000	6.841
839.000	6.841
840.000	6.841
841.000	6.841
842.000	6.841
843.000	6.841
844.000	6.841
845.000	6.841
846.000	6.841
847.000	6.841
848.000	6.841
849.000	6.841
850.000	6.841
851.000	6.841
852.000	6.841
853.000	6.841
854.000	6.841
855.000	6.841
856.000	6.841
857.000	6.841
858.000	6.841
859.000	6.841
860.000	6.841
861.000	6.841
862.000	6.841
863.000	6.841
864.000	6.841
865.000	6.841
866.000	6.841
867.000	6.841
868.000	6.841
869.000	6.841
870.000	6.841
871.000	6.841
872.000	6.841
873.000	6.841
874.000	6.841
875.000	6.841
876.000	6.841
877.000	6.841
878.000	6.841
879.000	6.841
880.000	6.841
881.000	6.841
882.000	6.841
883.000	6.841
884.000	6.841
885.000	6.841
886.000	6.841
887.000	6.841
888.000	6.841
889.000	6.841
890.000	6.841
891.000	6.841
892.000	6.841
893.000	6.841
894.000	6.841
895.000	6.841
896.000	6.841
897.000	6.841
898.000	6.841
899.000	6.841
900.000	6.841
901.000	6.841
902.000	6.841
903.000	6.841
904.000	6.841
905.000	6.841
906.000	6.841
907.000	6.841
908.000	6.841
909.000	6.841
910.000	6.841
911.000	6.841
912.000	6.841
913.000	6.841
914.000	6.841
915.000	6.841
916.000	6.841
917.000	6.841
918.000	6.841
919.000	6.841
920.000	6.841
921.000	6.841
922.000	6.841
923.000	6.841
924.000	6.841
925.000	6.841
926.000	6.841
927.000	6.841
928.000	6.841
929.000	6.841
930.000	6.841
931.000	6.841
932.000	6.841
933.000	6.841
934.000	6.841
935.000	6.841
936.000	6.841
937.000	6.841
938.000	6.841
939.000	6.841
940.000	6.841
941.000	6.841
942.000	6.841
943.000	6.841
944.000	6.841
945.000	6.841
946.000	6.841
947.000	6.841
948.000	6.841
949.000	6.841
950.000	6.841
951.000	6.841
952.000	6.841
953.000	6.841
954.000	6.841
955.000	6.841
956.000	6.841
957.000	6.841
958.000	6.841
959.000	6.841
960.000	6.841
961.000	6.841
962.000	6.841
963.000	6.841
964.000	6.841
965.000	6.841
966.000	6.841
967.000	6.841
968.000	6.841
969.000	6.841
970.000	6.841
971.000	6.841
972.000	6.841
973.000	6.841
974.000	6.841
975.000	6.841
976.000	6.841
977.000	6.841
978.000	6.841
979.000	6.841
980.000	6.841
981.000	6.841
982.000	6.841
983.000	6.841
984.000	6.841
985.000	6.841
986.000	6.841
987.000	6.841
988.000	6.841
989.000	6.841
990.000	6.841
991.000	6.841
992.000	6.841
993.000	6.841
994.000	6.841
995.000	6.841
996.000	6.841
997.000	6.841
998.000	6.841
999.000	6.841
1000.000	6.841
1001.000	6.841
1002.000	6.841
1003.000	6.841
1004.000	6.841
1005.000	6.841
1006.000	6.841
1007.000	6.841
1008.000	6.841
1009.000	6.841
1010.000	6.841
1011.000	6.841
1012.000	6.841
1013.000	6.841
1014.000	6.841
1015.000	6.841
1016.000	6.841
1017.000	6.841
1018.000	6.841
1019.000	6.841
1020.000	6.841
1021.000	6.841
1022.000	6.841
1023.000	6.841
1024.000	6.841
1025.000	6.841
1026.000	6.841
1027.000	6.841
1028.000	6.841
1029.000	6.841
1030.000	6.841
1031.000	6.841
1032.000	6.841
1033.000	6.841
1034.000	6.841
1035.000	6.841
1036.000	6.841
1037.000	6.841
1038.000	6.841
1039.000	6.841
1040.000	6.841
1041.000	6.841
1042.000	6.841
1043.000	6.841
1044.000	6.841
1045.000	6.841
1046.000	6.841
1047.000	6.841
1048.000	6.841
1049.000	6.841
1050.000	6.841
1051.000	6.841
1052.000	6.841
1053.000	6.841
1054.000	6.841
1055.000	6.841
1056.000	6.841
1057.000	6.841
1058.000	6.841
1059.000	6.841
1060.000	6.841
1061.000	6.841
1062.000	6.841
1063.000	6.841
1064.000	6.841
1065.000	6.841
1066.000	6.841
1067.000	6.841
1068.000	6.841
1069.000	6.841
1070.000	6.841
1071.000	6.841
1072.000	6.841
1073.000	6.841
1074.000	6.841
1075.000	6.841
1076.000	6.841
1077.000	6.841
1078.000	6.841
1079.000	6.841
1080.000	6.841
1081.000	6.841
1082.000	6.841
1083.000	6.841
1084.000	6.841
1085.000	6.841
1086.000	6.841
1087.000	6.841
1088.000	6.841
1089.000	6.841
1090.000	6.841
1091.000	6.841
1092.000	6.841
1093.000	6.841
1094.000	6.841
1095.000	6.841
1096.000	6.841
1097.000	6.841
1098.000	6.841
1099.000	6.841
1100.000	6.841
1101.000	6.841
1102.000	6.841
1103.000	6.841
1104.000	6.841
1105.000	6.841
1106.000	6.841
1107.000	6.841
1108.000	6.841
1109.000	6.841
1110.000	6.841
1111.000	6.841
1112.000	6.841
1113.000	6.841
1114.000	6.841
1115.000	6.841
1116.000	6.841
1117.000	6.841
1118.000	6.841
1119.000	6.841
1120.000	6.841
1121.000	6.841
1122.000	6.841
1123.000	6.841
1124.000	6.841
1125.000	6.841
1126.000	6.841
1127.000	6.841
1128.000	6.841
1129.000	6.841
1130.000	6.841
1131.000	6.841
1132.000	6.841
1133.000	6.841
1134.000	6.841
1135.000	6.841
1136.000	6.841
1137.000	6.841
1138.000	6.841
1139.000	6.841
1140.000	6.841
1141.000	6.841
1142.000	6.841
1143.000	6.841
1144.000	6.841
1145.000	6.841
1146.000	6.841
1147.000	6.841
1148.000	6.841
1149.000	6.841
1150.000	6.841
1151.000	6.841
1152.000	6.841
1153.000	6.841
1154.000	6.841
1155.000	6.841
1156.000	6.841
1157.000	6.841
1158.000	6.841
1159.000	6.841
1160.000	6.841
1161.000	6.841
1162.000	6.841
1163.000	6.841
1164.000	6.841
1165.000	6.841
1166.000	6.841
1167.000	6.841
1168.000	6.841
1169.000	6.841
1170.000	6.841
1171.000	6.841
1172.000	6.841
1173.000	6.841
1174.000	6.841
1175.000	6.841
1176.000	6.841
1177.000	6.841
1178.000	6.841
1179.000	6.841
1180.000	6.841
1181.000	6.841
1182.000	6.841
1183.000	6.841
1184.000	6.841
1185.000	6.841
1186.000	6.841
1187.000	6.841
1188.000	6.841
1189.000	6.841
1190.000	6.841
1191.000	6.841
1192.000	6.841
1193.000	6.841
1194.000	6.841
1195.000	6.841
1196.000	6.841
1197.000	6.841
1198.000	6.841
1199.000	6.841
1200.000	6.841
1201.000	6.841
1202.000	6.841
1203.000	6.841
1204.000	6.841
1205.000	6.841
1206.000	6.841
1207.000	6.841
1208.000	6.841
1209.000	6.841
1210.000	6.841
1211.000	6.841
1212.000	6.841
1213.000	6.841
1214.000	6.841
1215.000	6.841
1216.000	6.841
1217.000	6.841
1218.000	6.841
1219.000	6.841
1220.000	6.841
1221.000	6.841
1222.000	6.841
1223.000	6.841
1224.000	6.841
1225.000	6.841
1226.000	6.841
1227.000	6.841
1228.000	6.841
1229.000	6.841
1230.000	6.841
1231.000	6.841
1232.000	6.841
1233.000	6.841
1234.000	6.841
1235.000	6.841
1236.000	6.841
1237.000	6.841
1238.000	6.841
1239.000	6.841
1240.000	6.841
1241.000	6.841
1242.000	6.841
1243.000	6.841
1244.000	6.841
1245.000	6.841
1246.000	6.841
1247.000	6.841
1248.000	6.841
1249.000	6.841
1250.000	6.841
1251.000	6.841
1252.000	6.841
1253.000	6.841
1254.000	6.841
1255.000	6.841
1256.000	6.841
1257.000	6.841
1258.000	6.841
1259.000	6.841
1260.000	6.841
1261.000	6.841
1262.000	6.841
1263.000	6.841
1264.000	6.841
1265.000	6.841
1266.000	6.841
1267.000	6.841
1268.000	6.841
1269.000	6.841
1270.000	6.841
1271.000	6.841
1272.000	6.841
1273.000	6.841
1274.000	6.841
1275.000	6.841
1276.000	6.841
1277.000	6.841
1278.000	6.841
1279.000	6.841
1280.000	6.841
1281.000	6.841
1282.000	6.841
1283.000	6.841
1284.000	6.841
1285.000	6.841
1286.000	6.841
1287.000	6.841
1288.000	6.841
1289.000	6.841
1290.000	6.841
1291.000	6.841
1292.000	6.841
1293.000	6.841
1294.000	6.841
1295.000	6.841
1296.000	6.841
1297.000	6.841
1298.000	6.841
1299.000	6.841
1300.000	6.841
1301.000	6.841
1302.000	6.841
1303.000	6.841
1304.000	6.841
1305.000	6.841
1306.000	6.841
1307.000	6.841
1308.000	6.841
1309.000	6.841
1310.000	6.841
1311.000	6.841
1312.000	6.841
1313.000	6.841
1314.000	6.841
1315.000	6.841
1316.000	6.841
1317.000	6.841
1318.000	6.841
1319.000	6.841
1320.000	6.841
1321.000	6.841
1322.000	6.841
1323.000	6.841
1324.000	6.841
1325.000	6.841
1326.000	6.841
1327.000	6.841
1328.000	6.841
1329.000	6.841
1330.000	6.841
1331.000	6.841
1332.000	6.841
1333.000	6.841
1334.000	6.841
1335.000	6.841
1336.000	6.841
1337.000	6.841
1338.000	6.841
1339.000	6.841
1340.000	6.841
1341.000	6.841
1342.000	6.841
1343.000	6.841
1344.000	6.841
1345.000	6.841
1346.000	6.841
1347.000	6.841
1348.000	6.841
1349.000	6.841
1350.000	6.841
1351.000	6.841
1352.000	6.841
1353.000	6.841
1354.000	6.841
1355.000	6.841
1356.000	6.841
1357.000	6.841
1358.000	6.841
1359.000	6.841
1360.000	6.841
1361.000	6.841
1362.000	6.841
1363.000	6.841
1364.000	6.841
1365.000	6.841
1366.000	6.841
1367.000	6.841
1368.000	6.841
1369.000	6.841
1370.000	6.841
1371.000	6.841
1372.000	6.841
1373.000	6.841
1374.000	6.841
1375.000	6.841
1376.000	6.841
1377.000	6.841
1378.000	6.841
1379.000	6.841
1380.000	6.841
1381.000	6.841
1382.000	6.841
1383.000	6.841
1384.000	6.841
1385.000	6.841
1386.000	6.841
1387.000	6.841
1388.000	6.841
1389.000	6.841
1390.000	6.841
1391.000	6.841
1392.000	6.841
1393.000	6.841
1394.000	6.841
1395.000	6.841
1396.000	6.841
1397.000	6.841
1398.000	6.841
1399.000	6.841
1400.000	6.841
1401.000	6.841
1402.000	6.841
1403.000	6.841
1404.000	6.841
1405.000	6.841
1406.000	6.841
1407.000	6.841
1408.000	6.841
1409.000	6.841
1410.000	6.841
1411.000	6.841
1412.000	6.841
1413.000	6.841
1414.000	6.841
1415.000	6.841
1416.000	6.834
1417.000	6.823
1418.000	6.812
1419.000	6.801
1420.000	6.790
1421.000	6.779
1422.000	6.768
1423.000	6.768
1424.000	6.757
1425.000	6.746
1426.000	6.734
1427.000	6.723
1428.000	6.712
1429.000	6.701
1430.000	6.690
1431.000	6.679
1432.000	6.668
1433.000	6.657
1434.000	6.646
1435.000	6.646
1436.000	6.635
1437.000	6.624
1438.000	6.614
1439.000	6.603
1440.000	6.592
1441.000	6.581
1442.000	6.570
1443.000	6.559
1444.000	6.548
1445.000	6.537
1446.000	6.537
1447.000	6.526
1448.000	6.515
1449.000	6.504
1450.000	6.493
1451.000	6.482
1452.000	6.471
1453.000	6.460
1454.000	6.449
1455.000	6.439
1456.000	6.428
1457.000	6.428
1458.000	6.417
1459.000	6.406
1460.000	6.395
1461.000	6.384
1462.000	6.373
1463.000	6.362
1464.000	6.351
1465.000	6.341
1466.000	6.330
1467.000	6.319
1468.000	6.319
1469.000	6.308
1470.000	6.297
1471.000	6.286
1472.000	6.275
1473.000	6.265
1474.000	6.254
1475.000	6.243
1476.000	6.232
1477.000	6.221
1478.000	6.211
1479.000	6.211
1480.000	6.200
1481.000	6.189
1482.000	6.178
1483.000	6.167
1484.000	6.157
1485.000	6.146
1486.000	6.135
1487.000	6.124
1488.000	6.113
1489.000	6.103
1490.000	6.103
1491.000	6.092
1492.000	6.081
1493.000	6.070
1494.000	6.060
1495.000	6.049
1496.000	6.038
1497.000	6.027
1498.000	6.017
1499.000	6.006
1500.000	5.995
1501.000	5.985
1502.000	5.985
1503.000	5.974
1504.000	5.963
1505.000	5.952
1506.000	5.942
1507.000	5.931
1508.000	5.920
1509.000	5.910
1510.000	5.899
1511.000	5.888
1512.000	5.878
1513.000	5.878
1514.000	5.867
1515.000	5.856
1516.000	5.846
1517.000	5.835
1518.000	5.824
1519.000	5.814
1520.000	5.803
1521.000	5.792
1522.000	5.782
1523.000	5.771
1524.000	5.771
1525.000	5.760
1526.000	5.750
1527.000	5.739
1528.000	5.729
1529.000	5.718
1530.000	5.707
1531.000	5.697
1532.000	5.686
1533.000	5.676
1534.000	5.665
1535.000	5.665
1536.000	5.654
1537.000	5.644
1538.000	5.633
1539.000	5.623
1540.000	5.612
1541.000	5.601
1542.000	5.591
1543.000	5.580
1544.000	5.570
1545.000	5.559
1546.000	5.559
1547.000	5.549
1548.000	5.538
1549.000	5.528
1550.000	5.517
1551.000	5.506
1552.000	5.496
1553.000	5.485
1554.000	5.475
1555.000	5.464
1556.000	5.454
1557.000	4.325
1558.000	4.314
1559.000	4.304
1560.000	4.293
1561.000	4.283
1562.000	4.272
1563.000	4.262
1564.000	4.251
1565.000	4.241
1566.000	4.230
1567.000	4.220
1568.000	4.209
1569.000	4.209
1570.000	4.198
1571.000	4.188
1572.000	4.177
1573.000	4.167
1574.000	4.156
1575.000	4.146
1576.000	4.135
1577.000	4.125
1578.000	4.115
1579.000	4.104
1580.000	4.104
1581.000	4.093
1582.000	4.083
1583.000	4.072
1584.000	4.062
1585.000	4.051
1586.000	4.041
1587.000	4.031
1588.000	4.020
1589.000	4.010
1590.000	3.999
1591.000	3.999
1592.000	3.988
1593.000	3.978
1594.000	3.968
1595.000	3.957
1596.000	3.947
1597.000	3.937
1598.000	3.926
1599.000	3.916
1600.000	3.905
1601.000	3.895
1602.000	3.894
1603.000	3.884
1604.000	3.874
1605.000	3.863
1606.000	3.853
1607.000	3.843
1608.000	3.832
1609.000	3.822
1610.000	3.812
1611.000	3.801
1612.000	3.791
1613.000	3.790
1614.000	3.780
1615.000	3.770
1616.000	3.759
1617.000	3.749
1618.000	3.739
1619.000	3.729
1620.000	3.718
1621.000	3.708
1622.000	3.698
1623.000	3.687
1624.000	3.687
1625.000	3.676
1626.000	3.666
1627.000	3.656
1628.000	3.646
1629.000	3.635
1630.000	3.625
1631.000	3.615
1632.000	3.605
1633.000	3.594
1634.000	3.584
1635.000	3.574
1636.000	3.573
1637.000	3.563
1638.000	3.553
1639.000	3.543
1640.000	3.532
1641.000	3.522
1642.000	3.512
1643.000	3.502
1644.000	3.491
1645.000	3.481
1646.000	3.471
1647.000	3.470
1648.000	3.460
1649.000	3.450
1650.000	3.440
1651.000	3.430
1652.000	3.419
1653.000	3.409
1654.000	3.399
1655.000	3.389
1656.000	3.379
1657.000	3.369
1658.000	3.368
1659.000	3.358
1660.000	3.348
1661.000	3.337
1662.000	3.327
1663.000	3.317
1664.000	3.307
1665.000	3.297
1666.000	3.287
1667.000	3.277
1668.000	3.266
1669.000	3.266
1670.000	3.256
1671.000	3.246
1672.000	3.235
1673.000	3.225
1674.000	3.215
1675.000	3.205
1676.000	3.195
1677.000	3.185
1678.000	3.175
1679.000	3.165
1680.000	3.164
1681.000	3.154
1682.000	3.144
1683.000	3.134
1684.000	3.124
1685.000	3.114
1686.000	3.103
1687.000	3.093
1688.000	3.083
1689.000	3.073
1690.000	3.063
1691.000	3.063
1692.000	3.052
1693.000	3.042
1694.000	3.032
1695.000	3.022
1696.000	3.012
1697.000	3.002
1698.000	2.992
1699.000	2.982
1700.000	2.972
1701.000	2.962
1702.000	2.961
1703.000	2.951
1704.000	2.941
1705.000	2.931
1706.000	2.921
1707.000	2.911
1708.000	2.901
1709.000	2.891
1710.000	2.881
1711.000	2.871
1712.000	2.861
1713.000	2.851
1714.000	2.851
1715.000	2.841
1716.000	2.831
1717.000	2.821
1718.000	2.811
1719.000	2.801
1720.000	2.791
1721.000	2.781
1722.000	2.771
1723.000	2.761
1724.000	2.751
1725.000	2.750
1726.000	2.740
1727.000	2.733
1728.000	2.730
1729.000	2.729
1730.000	2.728
1731.000	2.728
1732.000	2.727
1733.000	2.726
1734.000	2.726
1735.000	2.725
1736.000	2.724
1737.000	2.723
1738.000	2.723
1739.000	2.722
1740.000	2.721
1741.000	2.721
1742.000	2.720
1743.000	2.719
1744.000	2.719
1745.000	2.718
1746.000	2.717
1747.000	2.717
1748.000	2.716
1749.000	2.715
1750.000	2.714
1751.000	2.714
1752.000	2.713
1753.000	2.712
1754.000	2.712
1755.000	2.711
1756.000	2.710
1757.000	2.710
1758.000	2.709
1759.000	2.708
1760.000	2.707
1761.000	2.707
1762.000	2.706
1763.000	2.705
1764.000	2.705
1765.000	2.704
1766.000	2.703
1767.000	2.703
1768.000	2.702
1769.000	2.701
1770.000	2.701
1771.000	2.700
1772.000	2.699
1773.000	2.698
1774.000	2.698
1775.000	2.697
1776.000	2.696
1777.000	2.696
1778.000	2.695
1779.000	2.694
1780.000	2.694
1781.000	2.693
1782.000	2.692
1783.000	2.692
1784.000	2.691
1785.000	2.690
1786.000	2.689
1787.000	2.689
1788.000	2.688
1789.000	2.687
1790.000	2.687
1791.000	2.686
1792.000	2.685
1793.000	2.685
1794.000	2.684
1795.000	2.683
1796.000	2.682
1797.000	2.682
1798.000	2.681
1799.000	2.680
1800.000	2.680
1801.000	2.679
1802.000	2.678
1803.000	2.678
1804.000	2.677
1805.000	2.676
1806.000	2.676
1807.000	2.675
1808.000	2.674
1809.000	2.673
1810.000	2.673
1811.000	2.672
1812.000	2.671
1813.000	2.671
1814.000	2.670
1815.000	2.669
1816.000	2.669
1817.000	2.668
1818.000	2.667
1819.000	2.666
1820.000	2.666
1821.000	2.665
1822.000	2.664
1823.000	2.664
1824.000	2.663
1825.000	2.662
1826.000	2.662
1827.000	2.661
1828.000	2.660
1829.000	2.660
1830.000	2.659
1831.000	2.658
1832.000	2.657
1833.000	2.657
1834.000	2.656
1835.000	2.655
1836.000	2.655
1837.000	2.654
1838.000	2.653
1839.000	2.653
1840.000	2.652
1841.000	2.651
1842.000	2.650
1843.000	2.650
1844.000	2.649
1845.000	2.648
1846.000	2.648
1847.000	2.647
1848.000	2.646
1849.000	2.646
1850.000	2.645
1851.000	2.644
1852.000	2.644
1853.000	2.643
1854.000	2.642
1855.000	2.641
1856.000	2.641
1857.000	2.640
1858.000	2.639
1859.000	2.639
1860.000	2.638
1861.000	2.637
1862.000	2.637
1863.000	2.636
1864.000	2.635
1865.000	2.635
1866.000	2.634
1867.000	2.633
1868.000	2.632
1869.000	2.632
1870.000	2.631
1871.000	2.630
1872.000	2.630
1873.000	2.629
1874.000	2.628
1875.000	2.628
1876.000	2.627
1877.000	2.626
1878.000	2.625
1879.000	2.625
1880.000	2.624
1881.000	2.623
1882.000	2.623
1883.000	2.622
1884.000	2.621
1885.000	2.621
1886.000	2.620
1887.000	2.619
1888.000	2.619
1889.000	2.618
1890.000	2.617
1891.000	2.616
1892.000	2.616
1893.000	2.615
1894.000	2.614
1895.000	2.614
1896.000	2.613
1897.000	2.612
1898.000	2.612
1899.000	2.611
1900.000	2.610
1901.000	2.609
1902.000	2.609
1903.000	2.608
1904.000	2.607
1905.000	2.607
1906.000	2.606
1907.000	2.605
1908.000	2.605
1909.000	2.604
1910.000	2.603
1911.000	2.603
1912.000	2.602
1913.000	2.601
1914.000	2.600
1915.000	2.600
1916.000	2.599
1917.000	2.598
1918.000	2.598
1919.000	2.597
1920.000	2.596
1921.000	2.596
1922.000	2.595
1923.000	2.594
1924.000	2.593
1925.000	2.593
1926.000	2.592
1927.000	2.591
1928.000	2.591
1929.000	2.590
1930.000	2.589
1931.000	2.589
1932.000	2.588
1933.000	2.587
1934.000	2.587
1935.000	2.586
1936.000	2.585
1937.000	2.584
1938.000	2.584
1939.000	2.583
1940.000	2.582
1941.000	2.582
1942.000	2.581
1943.000	2.580
1944.000	2.580
1945.000	2.579
1946.000	2.578
1947.000	2.578
1948.000	2.577
1949.000	2.576
1950.000	2.575
1951.000	2.575
1952.000	2.574
1953.000	2.573
1954.000	2.573
1955.000	2.572
1956.000	2.571
1957.000	2.571
1958.000	2.570
1959.000	2.569
1960.000	2.568
1961.000	2.568
1962.000	2.567
1963.000	2.566
1964.000	2.566
1965.000	2.565
1966.000	2.564
1967.000	2.564
1968.000	2.563
1969.000	2.562
1970.000	2.562
1971.000	2.561
1972.000	2.560
1973.000	2.559
1974.000	2.559
1975.000	2.558
1976.000	2.557
1977.000	2.557
1978.000	2.556
1979.000	2.555
1980.000	2.555
1981.000	2.554
1982.000	2.553
1983.000	2.552
1984.000	2.552
1985.000	2.551
1986.000	2.550
1987.000	2.550
1988.000	2.549
1989.000	2.548
1990.000	2.548
1991.000	2.547
1992.000	2.546
1993.000	2.546
1994.000	2.545
1995.000	2.544
1996.000	2.543
1997.000	2.543
1998.000	2.542
1999.000	2.541
2000.000	2.541
2001.000	2.540
2002.000	2.539
2003.000	2.539
2004.000	2.538
2005.000	2.537
2006.000	2.536
2007.000	2.536
2008.000	2.535
2009.000	2.534
2010.000	2.534
2011.000	2.533
2012.000	2.532
2013.000	2.532
2014.000	2.531
2015.000	2.530
2016.000	2.530
2017.000	2.529
2018.000	2.528
2019.000	2.527
2020.000	2.527
2021.000	2.526
2022.000	2.525
2023.000	2.525
2024.000	2.524
2025.000	2.523
2026.000	2.523
2027.000	2.522
2028.000	2.521
2029.000	2.521
2030.000	2.520
2031.000	2.519
2032.000	2.518
2033.000	2.518
2034.000	2.517
2035.000	2.516
2036.000	2.516
2037.000	2.515
2038.000	2.514
2039.000	2.514
2040.000	2.513
2041.000	2.512
2042.000	2.511
2043.000	2.511
2044.000	2.510
2045.000	2.509
2046.000	2.509
2047.000	2.508
2048.000	2.507
2049.000	2.507
2050.000	2.506
2051.000	2.505
2052.000	2.505
2053.000	2.504
2054.000	2.503
2055.000	2.502
2056.000	2.502
2057.000	2.501
2058.000	2.500
2059.000	2.500
2060.000	2.499
2061.000	2.498
2062.000	2.498
2063.000	2.497
2064.000	2.496
2065.000	2.495
2066.000	2.495
2067.000	2.494
2068.000	2.493
2069.000	2.493
2070.000	2.492
2071.000	2.491
2072.000	2.491
2073.000	2.490
2074.000	2.489
2075.000	2.489
2076.000	2.488
2077.000	2.487
2078.000	2.486
2079.000	2.486
2080.000	2.485
2081.000	2.484
2082.000	2.484
2083.000	2.483
2084.000	2.482
2085.000	2.482
2086.000	2.481
2087.000	2.480
2088.000	2.479
2089.000	2.479
2090.000	2.478
2091.000	2.477
2092.000	2.477
2093.000	2.476
2094.000	2.475
2095.000	2.475
2096.000	2.474
2097.000	2.473
2098.000	2.473
2099.000	2.472
2100.000	2.471
2101.000	2.470
2102.000	2.470
2103.000	2.469
2104.000	2.468
2105.000	2.468
2106.000	2.467
2107.000	2.466
2108.000	2.466
2109.000	2.465
2110.000	2.464
2111.000	2.464
2112.000	2.463
2113.000	2.462
2114.000	2.461
2115.000	2.461
2116.000	2.460
2117.000	2.459
2118.000	2.459
2119.000	2.458
2120.000	2.457
2121.000	2.457
2122.000	2.456
2123.000	2.455
2124.000	2.454
2125.000	2.454
2126.000	2.453
2127.000	2.452
2128.000	2.452
2129.000	2.451
2130.000	2.450
2131.000	2.450
2132.000	2.449
2133.000	2.448
2134.000	2.448
2135.000	2.447
2136.000	2.446
2137.000	2.445
2138.000	2.445
2139.000	2.444
2140.000	2.443
2141.000	2.443
2142.000	2.442
2143.000	2.441
2144.000	2.441
2145.000	2.440
2146.000	2.439
2147.000	2.438
2148.000	2.438
2149.000	2.437
2150.000	2.436
2151.000	2.436
2152.000	2.435
2153.000	2.434
2154.000	2.434
2155.000	2.433
2156.000	2.432
2157.000	2.432
2158.000	2.431
2159.000	2.430
2160.000	2.429
2161.000	2.429
2162.000	2.428
2163.000	2.427
2164.000	2.427
2165.000	2.426
2166.000	2.425
2167.000	2.425
2168.000	2.424
2169.000	2.423
2170.000	2.422
2171.000	2.422
2172.000	2.421
2173.000	2.420
2174.000	2.420
2175.000	2.419
2176.000	2.418
2177.000	2.418
2178.000	2.417
2179.000	2.416
2180.000	2.416
2181.000	2.415
2182.000	2.414
2183.000	2.413
2184.000	2.413
2185.000	2.412
2186.000	2.411
2187.000	2.411
2188.000	2.410
2189.000	2.409
2190.000	2.409
2191.000	2.408
2192.000	2.407
2193.000	2.407
2194.000	2.406
2195.000	2.405
2196.000	2.404
2197.000	2.404
2198.000	2.403
2199.000	2.402
2200.000	2.402
2201.000	2.401
2202.000	2.400
2203.000	2.400
2204.000	2.399
2205.000	2.398
2206.000	2.397
2207.000	2.397
2208.000	2.396
2209.000	2.395
2210.000	2.395
2211.000	2.394
2212.000	2.393
2213.000	2.393
2214.000	2.392
2215.000	2.391
2216.000	2.391
2217.000	2.390
2218.000	2.389
2219.000	2.388
2220.000	2.388
2221.000	2.387
2222.000	2.386
2223.000	2.386
2224.000	2.385
2225.000	2.384
2226.000	2.384
2227.000	2.383
2228.000	2.382
2229.000	2.381
2230.000	2.381
2231.000	2.380
2232.000	2.379
2233.000	2.379
2234.000	2.378
2235.000	2.377
2236.000	2.377
2237.000	2.376
2238.000	2.375
2239.000	2.375
2240.000	2.374
2241.000	2.373
2242.000	2.372
2243.000	2.372
2244.000	2.371
2245.000	2.370
2246.000	2.370
2247.000	2.369
2248.000	2.368
2249.000	2.368
2250.000	2.367
2251.000	2.366
2252.000	2.365
2253.000	2.365
2254.000	2.364
2255.000	2.363
2256.000	2.363
2257.000	2.362
2258.000	2.361
2259.000	2.361
2260.000	2.360
2261.000	2.359
2262.000	2.359
2263.000	2.358
2264.000	2.357
2265.000	2.356
2266.000	2.356
2267.000	2.355
2268.000	2.354
2269.000	2.354
2270.000	2.353
2271.000	2.352
2272.000	2.352
2273.000	2.351
2274.000	2.350
2275.000	2.350
2276.000	2.349
2277.000	2.348
2278.000	2.347
2279.000	2.347
2280.000	2.346
2281.000	2.345
2282.000	2.345
2283.000	2.344
2284.000	2.343
2285.000	2.343
2286.000	2.342
2287.000	2.341
2288.000	2.340
2289.000	2.340
2290.000	2.339
2291.000	2.338
2292.000	2.338
2293.000	2.337
2294.000	2.336
2295.000	2.336
2296.000	2.335
2297.000	2.334
2298.000	2.334
2299.000	2.333
2300.000	2.332
2301.000	2.331
2302.000	2.331
2303.000	2.330
2304.000	2.329
2305.000	2.329
2306.000	2.328
2307.000	2.327
2308.000	2.327
2309.000	2.326
2310.000	2.325
2311.000	2.324
2312.000	2.324
2313.000	2.323
2314.000	2.322
2315.000	2.322
2316.000	2.321
2317.000	2.320
2318.000	2.320
2319.000	2.319
2320.000	2.318
2321.000	2.318
2322.000	2.317
2323.000	2.316
2324.000	2.315
2325.000	2.315
2326.000	2.314
2327.000	2.313
2328.000	2.313
2329.000	2.312
2330.000	2.311
2331.000	2.311
2332.000	2.310
2333.000	2.309
2334.000	2.308
2335.000	2.308
2336.000	2.307
2337.000	2.306
2338.000	2.306
2339.000	2.305
2340.000	2.304
2341.000	2.304
2342.000	2.303
2343.000	2.302
2344.000	2.302
2345.000	2.301
2346.000	2.300
2347.000	2.299
2348.000	2.299
2349.000	2.298
2350.000	2.297
2351.000	2.297
2352.000	2.296
2353.000	2.295
2354.000	2.295
2355.000	2.294
2356.000	2.293
2357.000	2.293
2358.000	2.292
2359.000	2.291
2360.000	2.290
2361.000	2.290
2362.000	2.289
2363.000	2.288
2364.000	2.288
2365.000	2.287
2366.000	2.286
2367.000	2.286
2368.000	2.285
2369.000	2.284
2370.000	2.283
2371.000	2.283
2372.000	2.282
2373.000	2.281
2374.000	2.281
2375.000	2.280
2376.000	2.279
2377.000	2.279
2378.000	2.278
2379.000	2.277
2380.000	2.277
2381.000	2.276
2382.000	2.275
2383.000	2.274
2384.000	2.274
2385.000	2.273
2386.000	2.272
2387.000	2.272
2388.000	2.271
2389.000	2.270
2390.000	2.270
2391.000	2.269
2392.000	2.268
2393.000	2.267
2394.000	2.267
2395.000	2.266
2396.000	2.265
2397.000	2.265
2398.000	2.264
2399.000	2.263
2400.000	2.263
2401.000	2.262
2402.000	2.261
2403.000	2.261
2404.000	2.260
2405.000	2.259
2406.000	2.258
2407.000	2.258
2408.000	2.257
2409.000	2.256
2410.000	2.256
2411.000	2.255
2412.000	2.254
2413.000	2.254
2414.000	2.253
2415.000	2.252
2416.000	2.251
2417.000	2.251
2418.000	2.250
2419.000	2.249
2420.000	2.249
2421.000	2.248
2422.000	2.247
2423.000	2.247
2424.000	2.246
2425.000	2.245
2426.000	2.245
2427.000	2.244
2428.000	2.243
2429.000	2.242
2430.000	2.242
2431.000	2.241
2432.000	2.240
2433.000	2.240
2434.000	2.239
2435.000	2.238
2436.000	2.238
2437.000	2.237
2438.000	2.236
2439.000	2.236
2440.000	2.235
2441.000	2.234
2442.000	2.233
2443.000	2.233
2444.000	2.232
2445.000	2.231
2446.000	2.231
2447.000	2.230
2448.000	2.229
2449.000	2.229
2450.000	2.228
2451.000	2.227
2452.000	2.226
2453.000	2.226
2454.000	2.225
2455.000	2.224
2456.000	2.224
2457.000	2.223
2458.000	2.222
2459.000	2.222
2460.000	2.221
2461.000	2.220
2462.000	2.220
2463.000	2.219
2464.000	2.218
2465.000	2.217
2466.000	2.217
2467.000	2.216
2468.000	2.215
2469.000	2.215
2470.000	2.214
2471.000	2.213
2472.000	2.213
2473.000	2.212
2474.000	2.211
2475.000	2.210
2476.000	2.210
2477.000	2.209
2478.000	2.208
2479.000	2.208
2480.000	2.207
2481.000	2.206
2482.000	2.206
2483.000	2.205
2484.000	2.204
2485.000	2.204
2486.000	2.203
2487.000	2.202
2488.000	2.201
2489.000	2.201
2490.000	2.200
2491.000	2.199
2492.000	2.199
2493.000	2.198
2494.000	2.197
2495.000	2.197
2496.000	2.196
2497.000	2.195
2498.000	2.194
2499.000	2.194
2500.000	2.193
2501.000	2.192
2502.000	2.192
2503.000	2.191
2504.000	2.190
2505.000	2.190
2506.000	2.189
2507.000	2.188
2508.000	2.188
2509.000	2.187
2510.000	2.186
2511.000	2.185
2512.000	2.185
2513.000	2.184
2514.000	2.183
2515.000	2.183
2516.000	2.182
2517.000	2.181
2518.000	2.181
2519.000	2.180
2520.000	2.179
2521.000	2.178
2522.000	2.178
2523.000	2.177
2524.000	2.176
2525.000	2.176
2526.000	2.175
2527.000	2.174
2528.000	2.174
2529.000	2.173
2530.000	2.172
2531.000	2.172
2532.000	2.171
2533.000	2.170
2534.000	2.169
2535.000	2.169
2536.000	2.168
2537.000	2.167
2538.000	2.167
2539.000	2.166
2540.000	2.165
2541.000	2.165
2542.000	2.164
2543.000	2.163
2544.000	2.163
2545.000	2.162
2546.000	2.161
2547.000	2.160
2548.000	2.160
2549.000	2.159
2550.000	2.158
2551.000	2.158
2552.000	2.157
2553.000	2.156
2554.000	2.156
2555.000	2.155
2556.000	2.154
2557.000	2.153
2558.000	2.153
2559.000	2.152
2560.000	2.151
2561.000	2.151
2562.000	2.150
2563.000	2.149
2564.000	2.149
2565.000	2.148
2566.000	2.147
2567.000	2.147
2568.000	2.146
2569.000	2.145
2570.000	2.144
2571.000	2.144
2572.000	2.143
2573.000	2.142
2574.000	2.142
2575.000	2.141
2576.000	2.140
2577.000	2.140
2578.000	2.139
2579.000	2.138
2580.000	2.137
2581.000	2.137
2582.000	2.136
2583.000	2.135
2584.000	2.135
2585.000	2.134
2586.000	2.133
2587.000	2.133
2588.000	2.132
2589.000	2.131
2590.000	2.131
2591.000	2.130
2592.000	2.129
2593.000	2.128
2594.000	2.128
2595.000	2.127
2596.000	2.126
2597.000	2.126
2598.000	2.125
2599.000	2.124
2600.000	2.124
2601.000	2.123
2602.000	2.122
2603.000	2.121
2604.000	2.121
2605.000	2.120
2606.000	2.119
2607.000	2.119
2608.000	2.118
2609.000	2.117
2610.000	2.117
2611.000	2.116
2612.000	2.115
2613.000	2.115
2614.000	2.114
2615.000	2.113
2616.000	2.112
2617.000	2.112
2618.000	2.111
2619.000	2.110
2620.000	2.110
2621.000	2.109
2622.000	2.108
2623.000	2.108
2624.000	2.107
2625.000	2.106
2626.000	2.106
2627.000	2.105
2628.000	2.104
2629.000	2.103
2630.000	2.103
2631.000	2.102
2632.000	2.101
2633.000	2.101
2634.000	2.100
2635.000	2.099
2636.000	2.099
2637.000	2.098
2638.000	2.097
2639.000	2.096
2640.000	2.096
2641.000	2.095
2642.000	2.094
2643.000	2.094
2644.000	2.093
2645.000	2.092
2646.000	2.092
2647.000	2.091
2648.000	2.090
2649.000	2.090
2650.000	2.089
2651.000	2.088
2652.000	2.087
2653.000	2.087
2654.000	2.086
2655.000	2.085
2656.000	2.085
2657.000	2.084
2658.000	2.083
2659.000	2.083
2660.000	2.082
2661.000	2.081
2662.000	2.080
2663.000	2.080
2664.000	2.079
2665.000	2.078
2666.000	2.078
2667.000	2.077
2668.000	2.076
2669.000	2.076
2670.000	2.075
2671.000	2.074
2672.000	2.074
2673.000	2.073
2674.000	2.072
2675.000	2.071
2676.000	2.071
2677.000	2.070
2678.000	2.069
2679.000	2.069
2680.000	2.068
2681.000	2.067
2682.000	2.067
2683.000	2.066
2684.000	2.065
2685.000	2.064
2686.000	2.064
2687.000	2.063
2688.000	2.062
2689.000	2.062
2690.000	2.061
2691.000	2.060
2692.000	2.060
2693.000	2.059
2694.000	2.058
2695.000	2.058
2696.000	2.057
2697.000	2.056
2698.000	2.055
2699.000	2.055
2700.000	2.054
2701.000	2.053
2702.000	2.053
2703.000	2.052
2704.000	2.051
2705.000	2.051
2706.000	2.050
2707.000	2.049
2708.000	2.049
2709.000	2.048
2710.000	2.047
2711.000	2.046
2712.000	2.046
2713.000	2.045
2714.000	2.044
2715.000	2.044
2716.000	2.043
2717.000	2.042
2718.000	2.042
2719.000	2.041
2720.000	2.040
2721.000	2.039
2722.000	2.039
2723.000	2.038
2724.000	2.037
2725.000	2.037
2726.000	2.036
2727.000	2.035
2728.000	2.035
2729.000	2.034
2730.000	2.033
2731.000	2.033
2732.000	2.032
2733.000	2.031
2734.000	2.030
2735.000	2.030
2736.000	2.029
2737.000	2.028
2738.000	2.028
2739.000	2.027
2740.000	2.026
2741.000	2.026
2742.000	2.025
2743.000	2.024
2744.000	2.023
2745.000	2.023
2746.000	2.022
2747.000	2.021
2748.000	2.021
2749.000	2.020
2750.000	2.019
2751.000	2.019
2752.000	2.018
2753.000	2.017
2754.000	2.017
2755.000	2.016
2756.000	2.015
2757.000	2.014
2758.000	2.014
2759.000	2.013
2760.000	2.012
2761.000	2.012
2762.000	2.011
2763.000	2.010
2764.000	2.010
2765.000	2.009
2766.000	2.008
2767.000	2.007
2768.000	2.007
2769.000	2.006
2770.000	2.005
2771.000	2.005
2772.000	2.004
2773.000	2.003
2774.000	2.003
2775.000	2.002
2776.000	2.001
2777.000	2.001
2778.000	2.000
2779.000	1.999
2780.000	1.998
2781.000	1.998
2782.000	1.997
2783.000	1.996
2784.000	1.996
2785.000	1.995
2786.000	1.994
2787.000	1.994
2788.000	1.993
2789.000	1.992
2790.000	1.992
2791.000	1.991
2792.000	1.990
2793.000	1.989
2794.000	1.989
2795.000	1.988
2796.000	1.987
2797.000	1.987
2798.000	1.986
2799.000	1.985
2800.000	1.985
2801.000	1.984
2802.000	1.983
2803.000	1.982
2804.000	1.982
2805.000	1.981
2806.000	1.980
2807.000	1.980
2808.000	1.979
2809.000	1.978
2810.000	1.978
2811.000	1.977
2812.000	1.976
2813.000	1.976
2814.000	1.975
2815.000	1.974
2816.000	1.973
2817.000	1.973
2818.000	1.972
2819.000	1.971
2820.000	1.971
2821.000	1.970
2822.000	1.969
2823.000	1.969
2824.000	1.968
2825.000	1.967
2826.000	1.966
2827.000	1.966
2828.000	1.965
2829.000	1.964
2830.000	1.964
2831.000	1.963
2832.000	1.962
2833.000	1.962
2834.000	1.961
2835.000	1.960
2836.000	1.960
2837.000	1.959
2838.000	1.958
2839.000	1.957
2840.000	1.957
2841.000	1.956
2842.000	1.955
2843.000	1.955
2844.000	1.954
2845.000	1.953
2846.000	1.953
2847.000	1.952
2848.000	1.951
2849.000	1.950
2850.000	1.950
2851.000	1.949
2852.000	1.948
2853.000	1.948
2854.000	1.947
2855.000	1.946
2856.000	1.946
2857.000	1.945
2858.000	1.944
2859.000	1.944
2860.000	1.943
2861.000	1.942
2862.000	1.941
2863.000	1.941
2864.000	1.940
2865.000	1.939
2866.000	1.939
2867.000	1.938
2868.000	1.937
2869.000	1.937
2870.000	1.936
2871.000	1.935
2872.000	1.935
2873.000	1.934
2874.000	1.933
2875.000	1.932
2876.000	1.932
2877.000	1.931
2878.000	1.930
2879.000	1.930
2880.000	1.929
2881.000	1.928
2882.000	1.928
2883.000	1.927
2884.000	1.926
2885.000	1.925
2886.000	1.925
2887.000	1.924
2888.000	1.923
2889.000	1.923
2890.000	1.922
2891.000	1.921
2892.000	1.921
2893.000	1.920
2894.000	1.919
2895.000	1.919
2896.000	1.918
2897.000	1.917
2898.000	1.916
2899.000	1.916
2900.000	1.915
2901.000	1.914
2902.000	1.914
2903.000	1.913
2904.000	1.912
2905.000	1.912
2906.000	1.911
2907.000	1.910
2908.000	1.909
2909.000	1.909
2910.000	1.908
2911.000	1.907
2912.000	1.907
2913.000	1.906
2914.000	1.905
2915.000	1.905
2916.000	1.904
2917.000	1.903
2918.000	1.903
2919.000	1.902
2920.000	1.901
2921.000	1.900
2922.000	1.900
2923.000	1.899
2924.000	1.898
2925.000	1.898
2926.000	1.897
2927.000	1.896
2928.000	1.896
2929.000	1.895
2930.000	1.894
2931.000	1.893
2932.000	1.893
2933.000	1.892
2934.000	1.891
2935.000	1.891
2936.000	1.890
2937.000	1.889
2938.000	1.889
2939.000	1.888
2940.000	1.887
2941.000	1.887
2942.000	1.886
2943.000	1.885
2944.000	1.884
2945.000	1.884
2946.000	1.883
2947.000	1.882
2948.000	1.882
2949.000	1.881
2950.000	1.880
2951.000	1.880
2952.000	1.879
2953.000	1.878
2954.000	1.878
2955.000	1.877
2956.000	1.876
2957.000	1.875
2958.000	1.875
2959.000	1.874
2960.000	1.873
2961.000	1.873
2962.000	1.872
2963.000	1.871
2964.000	1.871
2965.000	1.870
2966.000	1.869
2967.000	1.868
2968.000	1.868
2969.000	1.867
2970.000	1.866
2971.000	1.866
2972.000	1.865
2973.000	1.864
2974.000	1.864
2975.000	1.863
2976.000	1.862
2977.000	1.862
2978.000	1.861
2979.000	1.860
2980.000	1.859
2981.000	1.859
2982.000	1.858
2983.000	1.857
2984.000	1.857
2985.000	1.856
2986.000	1.855
2987.000	1.855
2988.000	1.854
2989.000	1.853
2990.000	1.852
2991.000	1.852
2992.000	1.851
2993.000	1.850
2994.000	1.850
2995.000	1.849
2996.000	1.848
2997.000	1.848
2998.000	1.847
2999.000	1.846
3000.000	1.846
3001.000	1.845
3002.000	1.844
3003.000	1.843
3004.000	1.843
3005.000	1.842
3006.000	1.841
3007.000	1.841
3008.000	1.840
3009.000	1.839
3010.000	1.839
3011.000	1.838
3012.000	1.837
3013.000	1.836
3014.000	1.836
3015.000	1.835
3016.000	1.834
3017.000	1.834
3018.000	1.833
3019.000	1.832
3020.000	1.832
3021.000	1.831
3022.000	1.830
3023.000	1.830
3024.000	1.829
3025.000	1.828
3026.000	1.827
3027.000	1.827
3028.000	1.826
3029.000	1.825
3030.000	1.825
3031.000	1.824
3032.000	1.823
3033.000	1.823
3034.000	1.822
3035.000	1.821
3036.000	1.821
3037.000	1.820
3038.000	1.819
3039.000	1.818
3040.000	1.818
3041.000	1.817
3042.000	1.816
3043.000	1.816
3044.000	1.815
3045.000	1.814
3046.000	1.814
3047.000	1.813
3048.000	1.812
3049.000	1.811
3050.000	1.811
3051.000	1.810
3052.000	1.809
3053.000	1.809
3054.000	1.808
3055.000	1.807
3056.000	1.807
3057.000	1.806
3058.000	1.805
3059.000	1.805
3060.000	1.804
3061.000	1.803
3062.000	1.802
3063.000	1.802
3064.000	1.801
3065.000	1.800
3066.000	1.800
3067.000	1.799
3068.000	1.798
3069.000	1.798
3070.000	1.797
3071.000	1.796
3072.000	1.795
3073.000	1.795
3074.000	1.794
3075.000	1.793
3076.000	1.793
3077.000	1.792
3078.000	1.791
3079.000	1.791
3080.000	1.790
3081.000	1.789
3082.000	1.789
3083.000	1.788
3084.000	1.787
3085.000	1.786
3086.000	1.786
3087.000	1.785
3088.000	1.784
3089.000	1.784
3090.000	1.783
3091.000	1.782
3092.000	1.782
3093.000	1.781
3094.000	1.780
3095.000	1.779
3096.000	1.779
3097.000	1.778
3098.000	1.777
3099.000	1.777
3100.000	1.776
3101.000	1.775
3102.000	1.775
3103.000	1.774
3104.000	1.773
3105.000	1.773
3106.000	1.772
3107.000	1.771
3108.000	1.770
3109.000	1.770
3110.000	1.769
3111.000	1.768
3112.000	1.768
3113.000	1.767
3114.000	1.766
3115.000	1.766
3116.000	1.765
3117.000	1.764
3118.000	1.764
3119.000	1.763
3120.000	1.762
3121.000	1.761
3122.000	1.761
3123.000	1.760
3124.000	1.759
3125.000	1.759
3126.000	1.758
3127.000	1.757
3128.000	1.757
3129.000	1.756
3130.000	1.755
3131.000	1.754
3132.000	1.754
3133.000	1.753
3134.000	1.752
3135.000	1.752
3136.000	1.751
3137.000	1.750
3138.000	1.750
3139.000	1.749
3140.000	1.748
3141.000	1.748
3142.000	1.747
3143.000	1.746
3144.000	1.745
3145.000	1.745
3146.000	1.744
3147.000	1.743
3148.000	1.743
3149.000	1.742
3150.000	1.741
3151.000	1.741
3152.000	1.740
3153.000	1.739
3154.000	1.738
3155.000	1.738
3156.000	1.737
3157.000	1.736
3158.000	1.736
3159.000	1.735
3160.000	1.734
3161.000	1.734
3162.000	1.733
3163.000	1.732
3164.000	1.732
3165.000	1.731
3166.000	1.730
3167.000	1.729
3168.000	1.729
3169.000	1.728
3170.000	1.727
3171.000	1.727
3172.000	1.726
3173.000	1.725
3174.000	1.725
3175.000	1.724
3176.000	1.723
3177.000	1.722
3178.000	1.722
3179.000	1.721
3180.000	1.720
3181.000	1.720
3182.000	1.719
3183.000	1.718
3184.000	1.718
3185.000	1.717
3186.000	1.716
3187.000	1.716
3188.000	1.715
3189.000	1.714
3190.000	1.713
3191.000	1.713
3192.000	1.712
3193.000	1.711
3194.000	1.711
3195.000	1.710
3196.000	1.709
3197.000	1.709
3198.000	1.708
3199.000	1.707
3200.000	1.707
3201.000	1.706
3202.000	1.705
3203.000	1.704
3204.000	1.704
3205.000	1.703
3206.000	1.702
3207.000	1.702
3208.000	1.701
3209.000	1.700
3210.000	1.700
3211.000	1.699
3212.000	1.698
3213.000	1.697
3214.000	1.697
3215.000	1.696
3216.000	1.695
3217.000	1.695
3218.000	1.694
3219.000	1.693
3220.000	1.693
3221.000	1.692
3222.000	1.691
3223.000	1.691
3224.000	1.690
3225.000	1.689
3226.000	1.688
3227.000	1.688
3228.000	1.687
3229.000	1.686
3230.000	1.686
3231.000	1.685
3232.000	1.684
3233.000	1.684
3234.000	1.683
3235.000	1.682
3236.000	1.681
3237.000	1.681
3238.000	1.680
3239.000	1.679
3240.000	1.679
3241.000	1.678
3242.000	1.677
3243.000	1.677
3244.000	1.676
3245.000	1.675
3246.000	1.675
3247.000	1.674
3248.000	1.673
3249.000	1.672
3250.000	1.672
3251.000	1.671
3252.000	1.670
3253.000	1.670
3254.000	1.669
3255.000	1.668
3256.000	1.668
3257.000	1.667
3258.000	1.666
3259.000	1.665
3260.000	1.665
3261.000	1.664
3262.000	1.663
3263.000	1.663
3264.000	1.662
3265.000	1.661
3266.000	1.661
3267.000	1.660
3268.000	1.659
3269.000	1.659
3270.000	1.658
3271.000	1.657
3272.000	1.656
3273.000	1.656
3274.000	1.655
3275.000	1.654
3276.000	1.654
3277.000	1.653
3278.000	1.652
3279.000	1.652
3280.000	1.651
3281.000	1.650
3282.000	1.650
3283.000	1.649
3284.000	1.648
3285.000	1.647
3286.000	1.647
3287.000	1.646
3288.000	1.645
3289.000	1.645
3290.000	1.644
3291.000	1.643
3292.000	1.643
3293.000	1.642
3294.000	1.641
3295.000	1.640
3296.000	1.640
3297.000	1.639
3298.000	1.638
3299.000	1.638
3300.000	1.637
3301.000	1.636
3302.000	1.636
3303.000	1.635
3304.000	1.634
3305.000	1.634
3306.000	1.633
3307.000	1.632
3308.000	1.631
3309.000	1.631
3310.000	1.630
3311.000	1.629
3312.000	1.629
3313.000	1.628
3314.000	1.627
3315.000	1.627
3316.000	1.626
3317.000	1.625
3318.000	1.624
3319.000	1.624
3320.000	1.623
3321.000	1.622
3322.000	1.622
3323.000	1.621
3324.000	1.620
3325.000	1.620
3326.000	1.619
3327.000	1.618
3328.000	1.618
3329.000	1.617
3330.000	1.616
3331.000	1.615
3332.000	1.615
3333.000	1.614
3334.000	1.613
3335.000	1.613
3336.000	1.612
3337.000	1.611
3338.000	1.611
3339.000	1.610
3340.000	1.609
3341.000	1.608
3342.000	1.608
3343.000	1.607
3344.000	1.606
3345.000	1.606
3346.000	1.605
3347.000	1.604
3348.000	1.604
3349.000	1.603
3350.000	1.602
3351.000	1.602
3352.000	1.601
3353.000	1.600
3354.000	1.599
3355.000	1.599
3356.000	1.598
3357.000	1.597
3358.000	1.597
3359.000	1.596
3360.000	1.595
3361.000	1.595
3362.000	1.594
3363.000	1.593
3364.000	1.593
3365.000	1.592
3366.000	1.591
3367.000	1.590
3368.000	1.590
3369.000	1.589
3370.000	1.588
3371.000	1.588
3372.000	1.587
3373.000	1.586
3374.000	1.586
3375.000	1.585
3376.000	1.584
3377.000	1.583
3378.000	1.583
3379.000	1.582
3380.000	1.581
3381.000	1.581
3382.000	1.580
3383.000	1.579
3384.000	1.579
3385.000	1.578
3386.000	1.577
3387.000	1.577
3388.000	1.576
3389.000	1.575
3390.000	1.574
3391.000	1.574
3392.000	1.573
3393.000	1.572
3394.000	1.572
3395.000	1.571
3396.000	1.570
3397.000	1.570
3398.000	1.569
3399.000	1.568
3400.000	1.567
3401.000	1.567
3402.000	1.566
3403.000	1.565
3404.000	1.565
3405.000	1.564
3406.000	1.563
3407.000	1.563
3408.000	1.562
3409.000	1.561
3410.000	1.561
3411.000	1.560
3412.000	1.559
3413.000	1.558
3414.000	1.558
3415.000	1.557
3416.000	1.556
3417.000	1.556
3418.000	1.555
3419.000	1.554
3420.000	1.554
3421.000	1.553
3422.000	1.552
3423.000	1.551
3424.000	1.551
3425.000	1.550
3426.000	1.549
3427.000	1.549
3428.000	1.548
3429.000	1.547
3430.000	1.547
3431.000	1.546
3432.000	1.545
3433.000	1.545
3434.000	1.544
3435.000	1.543
3436.000	1.542
3437.000	1.542
3438.000	1.541
3439.000	1.540
3440.000	1.540
3441.000	1.539
3442.000	1.538
3443.000	1.538
3444.000	1.537
3445.000	1.536
3446.000	1.536
3447.000	1.535
3448.000	1.534
3449.000	1.533
3450.000	1.533
3451.000	1.532
3452.000	1.531
3453.000	1.531
3454.000	1.530
3455.000	1.529
3456.000	1.529
3457.000	1.528
3458.000	1.527
3459.000	1.526
3460.000	1.526
3461.000	1.525
3462.000	1.524
3463.000	1.524
3464.000	1.523
3465.000	1.522
3466.000	1.522
3467.000	1.521
3468.000	1.520
3469.000	1.520
3470.000	1.519
3471.000	1.518
3472.000	1.517
3473.000	1.517
3474.000	1.516
3475.000	1.515
3476.000	1.515
3477.000	1.514
3478.000	1.513
3479.000	1.513
3480.000	1.512
3481.000	1.511
3482.000	1.510
3483.000	1.510
3484.000	1.509
3485.000	1.508
3486.000	1.508
3487.000	1.507
3488.000	1.506
3489.000	1.506
3490.000	1.505
3491.000	1.504
3492.000	1.504
3493.000	1.503
3494.000	1.502
3495.000	1.501
3496.000	1.501
3497.000	1.500
3498.000	1.499
3499.000	1.499
3500.000	1.498
3501.000	1.497
3502.000	1.497
3503.000	1.496
3504.000	1.495
3505.000	1.494
3506.000	1.494
3507.000	1.493
3508.000	1.492
3509.000	1.492
3510.000	1.491
3511.000	1.490
3512.000	1.490
3513.000	1.489
3514.000	1.488
3515.000	1.488
3516.000	1.487
3517.000	1.486
3518.000	1.485
3519.000	1.485
3520.000	1.484
3521.000	1.483
3522.000	1.483
3523.000	1.482
3524.000	1.481
3525.000	1.481
3526.000	1.480
3527.000	1.479
3528.000	1.479
3529.000	1.478
3530.000	1.477
3531.000	1.476
3532.000	1.476
3533.000	1.475
3534.000	1.474
3535.000	1.474
3536.000	1.473
3537.000	1.472
3538.000	1.472
3539.000	1.471
3540.000	1.470
3541.000	1.469
3542.000	1.469
3543.000	1.468
3544.000	1.467
3545.000	1.467
3546.000	1.466
3547.000	1.465
3548.000	1.465
3549.000	1.464
3550.000	1.463
3551.000	1.463
3552.000	1.462
3553.000	1.461
3554.000	1.460
3555.000	1.460
3556.000	1.459
3557.000	1.458
3558.000	1.458
3559.000	1.457
3560.000	1.456
3561.000	1.456
3562.000	1.455
3563.000	1.454
3564.000	1.453
3565.000	1.453
3566.000	1.452
3567.000	1.451
3568.000	1.451
3569.000	1.450
3570.000	1.449
3571.000	1.449
3572.000	1.448
3573.000	1.447
3574.000	1.447
3575.000	1.446
3576.000	1.445
3577.000	1.444
3578.000	1.444
3579.000	1.443
3580.000	1.442
3581.000	1.442
3582.000	1.441
3583.000	1.440
3584.000	1.440
3585.000	1.439
3586.000	1.438
3587.000	1.437
3588.000	1.437
3589.000	1.436
3590.000	1.435
3591.000	1.435
3592.000	1.434
3593.000	1.433
3594.000	1.433
3595.000	1.432
3596.000	1.431
3597.000	1.431
3598.000	1.430
3599.000	1.429
3600.000	1.428
3601.000	1.428
3602.000	1.427
3603.000	1.426
3604.000	1.426
3605.000	1.425
3606.000	1.424
3607.000	1.424
3608.000	1.423
3609.000	1.422
3610.000	1.422
3611.000	1.421
3612.000	1.420
3613.000	1.419
3614.000	1.419
3615.000	1.418
3616.000	1.417
3617.000	1.417
3618.000	1.416
3619.000	1.415
3620.000	1.415
3621.000	1.414
3622.000	1.413
3623.000	1.412
3624.000	1.412
3625.000	1.411
3626.000	1.410
3627.000	1.410
3628.000	1.409
3629.000	1.408
3630.000	1.408
3631.000	1.407
3632.000	1.406
3633.000	1.406
3634.000	1.405
3635.000	1.404
3636.000	1.403
3637.000	1.403
3638.000	1.402
3639.000	1.401
3640.000	1.401
3641.000	1.400
3642.000	1.399
3643.000	1.399
3644.000	1.398
3645.000	1.397
3646.000	1.396
3647.000	1.396
3648.000	1.395
3649.000	1.394
3650.000	1.394
3651.000	1.393
3652.000	1.392
3653.000	1.392
3654.000	1.391
3655.000	1.390
3656.000	1.390
3657.000	1.389
3658.000	1.388
3659.000	1.387
3660.000	1.387
3661.000	1.386
3662.000	1.385
3663.000	1.385
3664.000	1.384
3665.000	1.383
3666.000	1.383
3667.000	1.382
3668.000	1.381
3669.000	1.380
3670.000	1.380
3671.000	1.379
3672.000	1.378
3673.000	1.378
3674.000	1.377
3675.000	1.376
3676.000	1.375
3677.000	1.375
3678.000	1.374
3679.000	1.373
3680.000	1.373
3681.000	1.372
3682.000	1.371
3683.000	1.371
3684.000	1.370
3685.000	1.369
3686.000	1.368
3687.000	1.368
3688.000	1.367
3689.000	1.366
3690.000	1.366
3691.000	1.365
3692.000	1.364
3693.000	1.364
3694.000	1.363
3695.000	1.362
3696.000	1.361
3697.000	1.361
3698.000	1.360
3699.000	1.359
3700.000	1.359
3701.000	1.358
3702.000	1.357
3703.000	1.357
3704.000	1.356
3705.000	1.355
3706.000	1.354
3707.000	1.354
3708.000	1.353
3709.000	1.352
3710.000	1.352
3711.000	1.351
3712.000	1.350
3713.000	1.350
3714.000	1.349
3715.000	1.348
3716.000	1.347
3717.000	1.347
3718.000	1.346
3719.000	1.345
3720.000	1.345
3721.000	1.344
3722.000	1.343
3723.000	1.342
3724.000	1.342
3725.000	1.341
3726.000	1.340
3727.000	1.340
3728.000	1.339
3729.000	1.338
3730.000	1.337
3731.000	1.337
3732.000	1.336
3733.000	1.335
3734.000	1.334
3735.000	1.334
3736.000	1.333
3737.000	1.332
3738.000	1.331
3739.000	1.331
3740.000	1.330
3741.000	1.329
3742.000	1.328
3743.000	1.328
3744.000	1.327
3745.000	1.326
3746.000	1.326
3747.000	1.325
3748.000	1.324
3749.000	1.323
3750.000	1.323
3751.000	1.322
3752.000	1.321
3753.000	1.321
3754.000	1.320
3755.000	1.319
3756.000	1.319
3757.000	1.318
3758.000	1.317
3759.000	1.316
3760.000	1.316
3761.000	1.315
3762.000	1.314
3763.000	1.314
3764.000	1.313
3765.000	1.312
3766.000	1.312
3767.000	1.311
3768.000	1.310
3769.000	1.310
3770.000	1.309
3771.000	1.308
3772.000	1.307
3773.000	1.307
3774.000	1.306
3775.000	1.305
3776.000	1.305
3777.000	1.304
3778.000	1.303
3779.000	1.303
3780.000	1.302
3781.000	1.301
3782.000	1.300
3783.000	1.300
3784.000	1.299
3785.000	1.298
3786.000	1.298
3787.000	1.297
3788.000	1.296
3789.000	1.296
3790.000	1.295
3791.000	1.294
3792.000	1.294
3793.000	1.293
3794.000	1.292
3795.000	1.291
3796.000	1.291
3797.000	1.290
3798.000	1.289
3799.000	1.289
3800.000	1.288
3801.000	1.287
3802.000	1.287
3803.000	1.286
3804.000	1.285
3805.000	1.285
3806.000	1.284
3807.000	1.283
3808.000	1.282
3809.000	1.282
3810.000	1.281
3811.000	1.280
3812.000	1.280
3813.000	1.279
3814.000	1.278
3815.000	1.278
3816.000	1.277
3817.000	1.276
3818.000	1.275
3819.000	1.275
3820.000	1.274
3821.000	1.273
3822.000	1.273
3823.000	1.272
3824.000	1.271
3825.000	1.271
3826.000	1.270
3827.000	1.269
3828.000	1.269
3829.000	1.268
3830.000	1.267
3831.000	1.266
3832.000	1.266
3833.000	1.265
3834.000	1.264
3835.000	1.264
3836.000	1.263
3837.000	1.262
3838.000	1.262
3839.000	1.261
3840.000	1.260
3841.000	1.259
3842.000	1.259
3843.000	1.258
3844.000	1.257
3845.000	1.257
3846.000	1.256
3847.000	1.255
3848.000	1.255
3849.000	1.254
3850.000	1.253
3851.000	1.253
3852.000	1.252
3853.000	1.251
3854.000	1.250
3855.000	1.250
3856.000	1.249
3857.000	1.248
3858.000	1.248
3859.000	1.247
3860.000	1.246
3861.000	1.246
3862.000	1.245
3863.000	1.244
3864.000	1.243
3865.000	1.243
3866.000	1.242
3867.000	1.241
3868.000	1.241
3869.000	1.240
3870.000	1.239
3871.000	1.239
3872.000	1.238
3873.000	1.237
3874.000	1.237
3875.000	1.236
3876.000	1.235
3877.000	1.234
3878.000	1.234
3879.000	1.233
3880.000	1.232
3881.000	1.232
3882.000	1.231
3883.000	1.230
3884.000	1.230
3885.000	1.229
3886.000	1.228
3887.000	1.228
3888.000	1.227
3889.000	1.226
3890.000	1.225
3891.000	1.225
3892.000	1.224
3893.000	1.223
3894.000	1.223
3895.000	1.222
3896.000	1.221
3897.000	1.221
3898.000	1.220
3899.000	1.219
3900.000	1.218
3901.000	1.218
3902.000	1.217
3903.000	1.216
3904.000	1.216
3905.000	1.215
3906.000	1.214
3907.000	1.214
3908.000	1.213
3909.000	1.212
3910.000	1.212
3911.000	1.211
3912.000	1.210
3913.000	1.209
3914.000	1.209
3915.000	1.208
3916.000	1.207
3917.000	1.207
3918.000	1.206
3919.000	1.205
3920.000	1.205
3921.000	1.204
3922.000	1.203
3923.000	1.202
3924.000	1.202
3925.000	1.201
3926.000	1.200
3927.000	1.200
3928.000	1.199
3929.000	1.198
3930.000	1.198
3931.000	1.197
3932.000	1.196
3933.000	1.196
3934.000	1.195
3935.000	1.194
3936.000	1.193
3937.000	1.193
3938.000	1.192
3939.000	1.191
3940.000	1.191
3941.000	1.190
3942.000	1.189
3943.000	1.189
3944.000	1.188
3945.000	1.187
3946.000	1.186
3947.000	1.186
3948.000	1.185
3949.000	1.184
3950.000	1.184
3951.000	1.183
3952.000	1.182
3953.000	1.182
3954.000	1.181
3955.000	1.180
3956.000	1.180
3957.000	1.179
3958.000	1.178
3959.000	1.177
3960.000	1.177
3961.000	1.176
3962.000	1.175
3963.000	1.175
3964.000	1.174
3965.000	1.173
3966.000	1.173
3967.000	1.172
3968.000	1.171
3969.000	1.171
3970.000	1.170
3971.000	1.169
3972.000	1.168
3973.000	1.168
3974.000	1.167
3975.000	1.166
3976.000	1.166
3977.000	1.165
3978.000	1.164
3979.000	1.164
3980.000	1.163
3981.000	1.162
3982.000	1.161
3983.000	1.161
3984.000	1.160
3985.000	1.159
3986.000	1.159
3987.000	1.158
3988.000	1.157
3989.000	1.157
3990.000	1.156
3991.000	1.155
3992.000	1.155
3993.000	1.154
3994.000	1.153
3995.000	1.152
3996.000	1.152
3997.000	1.151
3998.000	1.146
3999.000	1.145
4000.000	1.144
4001.000	1.144
4002.000	1.143
4003.000	1.142
4004.000	1.141
4005.000	1.141
4006.000	1.140
4007.000	1.139
4008.000	1.139
4009.000	1.138
4010.000	1.137
4011.000	1.137
4012.000	1.136
4013.000	1.135
4014.000	1.134
4015.000	1.134
4016.000	1.133
4017.000	1.132
4018.000	1.132
4019.000	1.131
4020.000	1.130
4021.000	1.130
4022.000	1.129
4023.000	1.128
4024.000	1.128
4025.000	1.127
4026.000	1.126
4027.000	1.125
4028.000	1.125
4029.000	1.124
4030.000	1.123
4031.000	1.123
4032.000	1.122
4033.000	1.121
4034.000	1.121
4035.000	1.120
4036.000	1.119
4037.000	1.119
4038.000	1.118
4039.000	1.117
4040.000	1.116
4041.000	1.116
4042.000	1.115
4043.000	1.114
4044.000	1.114
4045.000	1.113
4046.000	1.112
4047.000	1.112
4048.000	1.111
4049.000	1.110
4050.000	1.109
4051.000	1.109
4052.000	1.108
4053.000	1.107
4054.000	1.107
4055.000	1.106
4056.000	1.105
4057.000	1.105
4058.000	1.104
4059.000	1.103
4060.000	1.103
4061.000	1.102
4062.000	1.101
4063.000	1.091
4064.000	1.090
4065.000	1.090
4066.000	1.089
4067.000	1.088
4068.000	1.087
4069.000	1.087
4070.000	1.086
4071.000	1.085
4072.000	1.085
4073.000	1.084
4074.000	1.083
4075.000	1.083
4076.000	1.082
4077.000	1.062
4078.000	1.060
4079.000	1.059
4080.000	1.059
4081.000	1.056
4082.000	1.056
4083.000	1.055
4084.000	1.054
4085.000	1.053
4086.000	1.053
4087.000	1.052
4088.000	1.051
4089.000	1.051
4090.000	1.050
4091.000	1.049
4092.000	1.049
4093.000	1.048
4094.000	1.004
4095.000	1.003
