0.000	21.677
1.000	21.638
2.000	21.598
3.000	21.559
4.000	21.520
5.000	21.480
6.000	21.441
7.000	21.402
8.000	21.363
9.000	21.323
10.000	21.284
11.000	21.245
12.000	21.205
13.000	21.166
14.000	21.127
15.000	21.088
16.000	21.048
17.000	21.009
18.000	20.970
19.000	20.930
20.000	20.891
21.000	20.852
22.000	20.813
23.000	20.773
24.000	20.734
25.000	20.695
26.000	20.655
27.000	20.616
28.000	20.577
29.000	20.538
30.000	20.498
31.000	20.459
32.000	20.420
33.000	20.381
34.000	20.341
35.000	20.302
36.000	20.263
37.000	20.223
38.000	20.184
39.000	20.145
40.000	20.106
41.000	20.066
42.000	20.027
43.000	19.988
44.000	19.948
45.000	19.909
46.000	19.870
47.000	19.831
48.000	19.788
49.000	19.746
50.000	19.704
51.000	19.664
52.000	19.623
53.000	19.582
54.000	19.542
55.000	19.503
56.000	19.464
57.000	19.426
58.000	19.388
59.000	19.351
60.000	19.314
61.000	19.278
62.000	19.239
63.000	19.203
64.000	19.168
65.000	19.134
66.000	19.100
67.000	19.067
68.000	19.034
69.000	19.001
70.000	18.970
71.000	18.938
72.000	18.908
73.000	18.888
74.000	18.857
75.000	18.828
76.000	18.798
77.000	18.770
78.000	18.741
79.000	18.713
80.000	18.686
81.000	18.659
82.000	18.633
83.000	18.607
84.000	18.587
85.000	18.561
86.000	18.536
87.000	18.512
88.000	18.488
89.000	18.464
90.000	18.443
91.000	18.422
92.000	18.402
93.000	18.383
94.000	18.363
95.000	18.343
96.000	18.323
97.000	18.303
98.000	18.283
99.000	18.263
100.000	18.243
101.000	18.224
102.000	18.204
103.000	18.184
104.000	18.164
105.000	18.144
106.000	18.124
107.000	18.104
108.000	18.084
109.000	18.064
110.000	18.044
111.000	18.024
112.000	18.005
113.000	17.985
114.000	17.965
115.000	17.945
116.000	17.925
117.000	17.905
118.000	17.885
119.000	17.865
120.000	17.845
121.000	17.825
122.000	17.805
123.000	17.785
124.000	17.766
125.000	17.746
126.000	17.726
127.000	17.706
128.000	17.686
129.000	17.666
130.000	17.646
131.000	17.626
132.000	17.606
133.000	17.586
134.000	17.566
135.000	17.546
136.000	17.527
137.000	17.507
138.000	17.487
139.000	17.467
140.000	17.447
141.000	17.427
142.000	17.407
143.000	17.387
144.000	17.367
145.000	17.347
146.000	17.327
147.000	17.307
148.000	17.288
149.000	17.268
150.000	17.248
151.000	17.228
152.000	17.208
153.000	17.188
154.000	17.168
155.000	17.148
156.000	17.128
157.000	17.108
158.000	17.088
159.000	17.068
160.000	17.049
161.000	17.029
162.000	17.009
163.000	16.989
164.000	16.969
165.000	16.949
166.000	16.929
167.000	16.909
168.000	16.889
169.000	16.869
170.000	16.849
171.000	16.829
172.000	16.810
173.000	16.790
174.000	16.770
175.000	16.750
176.000	16.730
177.000	16.710
178.000	16.690
179.000	16.670
180.000	16.650
181.000	16.630
182.000	16.610
183.000	16.590
184.000	16.571
185.000	16.551
186.000	16.531
187.000	16.511
188.000	16.488
189.000	16.466
190.000	16.443
191.000	16.421
192.000	16.398
193.000	16.374
194.000	16.351
195.000	16.327
196.000	16.307
197.000	16.283
198.000	16.259
199.000	16.235
200.000	16.210
201.000	16.185
202.000	16.160
203.000	16.135
204.000	16.109
205.000	16.083
206.000	16.057
207.000	16.037
208.000	16.011
209.000	15.985
210.000	15.958
211.000	15.931
212.000	15.904
213.000	15.877
214.000	15.849
215.000	15.821
216.000	15.793
217.000	15.765
218.000	15.745
219.000	15.717
220.000	15.688
221.000	15.659
222.000	15.630
223.000	15.601
224.000	15.572
225.000	15.542
226.000	15.512
227.000	15.482
228.000	15.452
229.000	15.421
230.000	15.388
231.000	15.357
232.000	15.327
233.000	15.296
234.000	15.264
235.000	15.233
236.000	15.201
237.000	15.170
238.000	15.138
239.000	15.105
240.000	15.073
241.000	15.040
242.000	15.007
243.000	14.974
244.000	14.941
245.000	14.908
246.000	14.875
247.000	14.842
248.000	14.808
249.000	14.774
250.000	14.740
251.000	14.706
252.000	14.672
253.000	14.638
254.000	14.604
255.000	14.569
256.000	14.534
257.000	14.499
258.000	14.466
259.000	14.433
260.000	14.399
261.000	14.366
262.000	14.332
263.000	14.299
264.000	14.266
265.000	14.232
266.000	14.199
267.000	14.165
268.000	14.132
269.000	14.099
270.000	14.065
271.000	14.032
272.000	13.998
273.000	13.964
274.000	13.931
275.000	13.897
276.000	13.864
277.000	13.830
278.000	13.798
279.000	13.766
280.000	13.735
281.000	13.704
282.000	13.674
283.000	13.644
284.000	13.614
285.000	13.581
286.000	13.552
287.000	13.523
288.000	13.495
289.000	13.468
290.000	13.441
291.000	13.414
292.000	13.388
293.000	13.362
294.000	13.337
295.000	13.312
296.000	13.279
297.000	13.254
298.000	13.230
299.000	13.207
300.000	13.184
301.000	13.161
302.000	13.139
303.000	13.117
304.000	13.096
305.000	13.075
306.000	13.055
307.000	13.035
308.000	13.001
309.000	12.982
310.000	12.962
311.000	12.944
312.000	12.926
313.000	12.908
314.000	12.890
315.000	12.873
316.000	12.856
317.000	12.840
318.000	12.825
319.000	12.824
320.000	12.808
321.000	12.793
322.000	12.779
323.000	12.765
324.000	12.751
325.000	12.737
326.000	12.724
327.000	12.712
328.000	12.700
329.000	12.688
330.000	12.687
331.000	12.676
332.000	12.665
333.000	12.654
334.000	12.644
335.000	12.634
336.000	12.624
337.000	12.615
338.000	12.607
339.000	12.598
340.000	12.590
341.000	12.590
342.000	12.582
343.000	12.575
344.000	12.568
345.000	12.561
346.000	12.555
347.000	12.549
348.000	12.544
349.000	12.539
350.000	12.534
351.000	12.530
352.000	12.529
353.000	12.525
354.000	12.522
355.000	12.518
356.000	12.516
357.000	12.513
358.000	12.511
359.000	12.510
360.000	12.509
361.000	12.508
362.000	12.507
363.000	12.506
364.000	12.506
365.000	12.505
366.000	12.504
367.000	12.503
368.000	12.503
369.000	12.502
370.000	12.501
371.000	12.500
372.000	12.499
373.000	12.499
374.000	12.498
375.000	12.497
376.000	12.496
377.000	12.496
378.000	12.495
379.000	12.494
380.000	12.493
381.000	12.493
382.000	12.492
383.000	12.491
384.000	12.490
385.000	12.489
386.000	12.489
387.000	12.488
388.000	12.487
389.000	12.485
390.000	12.484
391.000	12.454
392.000	12.425
393.000	12.396
394.000	12.366
395.000	12.337
396.000	12.308
397.000	12.308
398.000	12.278
399.000	12.249
400.000	12.221
401.000	12.192
402.000	12.163
403.000	12.134
404.000	12.105
405.000	12.076
406.000	12.048
407.000	12.019
408.000	12.019
409.000	11.990
410.000	11.961
411.000	11.933
412.000	11.905
413.000	11.876
414.000	11.848
415.000	11.820
416.000	11.792
417.000	11.764
418.000	11.736
419.000	11.735
420.000	11.707
421.000	11.679
422.000	11.651
423.000	11.623
424.000	11.595
425.000	11.567
426.000	11.540
427.000	11.512
428.000	11.484
429.000	11.457
430.000	11.456
431.000	11.429
432.000	11.401
433.000	11.374
434.000	11.346
435.000	11.319
436.000	11.292
437.000	11.265
438.000	11.237
439.000	11.210
440.000	11.183
441.000	11.156
442.000	11.156
443.000	11.129
444.000	11.102
445.000	11.075
446.000	11.048
447.000	11.021
448.000	10.994
449.000	10.968
450.000	10.941
451.000	10.915
452.000	10.888
453.000	10.887
454.000	10.861
455.000	10.834
456.000	10.808
457.000	10.782
458.000	10.755
459.000	10.729
460.000	10.703
461.000	10.677
462.000	10.650
463.000	10.624
464.000	10.624
465.000	10.598
466.000	10.571
467.000	10.546
468.000	10.520
469.000	10.494
470.000	10.468
471.000	10.442
472.000	10.416
473.000	10.391
474.000	10.365
475.000	10.364
476.000	10.339
477.000	10.313
478.000	10.288
479.000	10.262
480.000	10.237
481.000	10.211
482.000	10.186
483.000	10.160
484.000	10.135
485.000	10.110
486.000	10.109
487.000	10.084
488.000	10.059
489.000	10.033
490.000	10.008
491.000	9.983
492.000	9.958
493.000	9.933
494.000	9.908
495.000	9.884
496.000	9.859
497.000	9.858
498.000	9.833
499.000	9.809
500.000	9.785
501.000	9.784
502.000	9.784
503.000	9.783
504.000	9.782
505.000	9.781
506.000	9.781
507.000	9.780
508.000	9.779
509.000	9.778
510.000	9.778
511.000	9.777
512.000	9.776
513.000	9.775
514.000	9.775
515.000	9.774
516.000	9.773
517.000	9.772
518.000	9.771
519.000	9.771
520.000	9.770
521.000	9.769
522.000	9.768
523.000	9.768
524.000	9.767
525.000	9.766
526.000	9.765
527.000	9.765
528.000	9.764
529.000	9.763
530.000	9.762
531.000	9.761
532.000	9.761
533.000	9.760
534.000	9.759
535.000	9.758
536.000	9.758
537.000	9.757
538.000	9.756
539.000	9.755
540.000	9.755
541.000	9.754
542.000	9.753
543.000	9.752
544.000	9.752
545.000	9.751
546.000	9.750
547.000	9.749
548.000	9.748
549.000	9.748
550.000	9.747
551.000	9.746
552.000	9.745
553.000	9.745
554.000	9.744
555.000	9.743
556.000	9.742
557.000	9.742
558.000	9.741
559.000	9.740
560.000	9.739
561.000	9.738
562.000	9.738
563.000	9.737
564.000	9.736
565.000	9.735
566.000	9.735
567.000	9.734
568.000	9.733
569.000	9.732
570.000	9.732
571.000	9.731
572.000	9.730
573.000	9.729
574.000	9.729
575.000	9.728
576.000	9.727
577.000	9.726
578.000	9.725
579.000	9.725
580.000	9.724
581.000	9.723
582.000	9.722
583.000	9.722
584.000	9.721
585.000	9.720
586.000	9.719
587.000	9.719
588.000	9.718
589.000	9.717
590.000	9.716
591.000	9.715
592.000	9.715
593.000	9.714
594.000	9.713
595.000	9.712
596.000	9.712
597.000	9.711
598.000	9.710
599.000	9.709
600.000	9.709
601.000	9.708
602.000	9.707
603.000	9.706
604.000	9.706
605.000	9.705
606.000	9.704
607.000	9.703
608.000	9.702
609.000	9.702
610.000	9.701
611.000	9.700
612.000	9.699
613.000	9.697
614.000	9.674
615.000	9.651
616.000	9.628
617.000	9.605
618.000	9.582
619.000	9.559
620.000	9.558
621.000	9.535
622.000	9.512
623.000	9.489
624.000	9.466
625.000	9.443
626.000	9.420
627.000	9.398
628.000	9.375
629.000	9.352
630.000	9.330
631.000	9.329
632.000	9.306
633.000	9.284
634.000	9.261
635.000	9.239
636.000	9.216
637.000	9.194
638.000	9.171
639.000	9.149
640.000	9.127
641.000	9.104
642.000	9.104
643.000	9.081
644.000	9.059
645.000	9.037
646.000	9.015
647.000	8.993
648.000	8.971
649.000	8.949
650.000	8.926
651.000	8.905
652.000	8.883
653.000	8.861
654.000	8.860
655.000	8.838
656.000	8.816
657.000	8.794
658.000	8.773
659.000	8.751
660.000	8.729
661.000	8.708
662.000	8.686
663.000	8.664
664.000	8.643
665.000	8.642
666.000	8.621
667.000	8.599
668.000	8.578
669.000	8.556
670.000	8.535
671.000	8.514
672.000	8.492
673.000	8.471
674.000	8.450
675.000	8.428
676.000	8.428
677.000	8.406
678.000	8.385
679.000	8.364
680.000	8.343
681.000	8.322
682.000	8.301
683.000	8.280
684.000	8.259
685.000	8.238
686.000	8.217
687.000	8.217
688.000	8.196
689.000	8.176
690.000	8.155
691.000	8.134
692.000	8.113
693.000	8.093
694.000	8.072
695.000	8.051
696.000	8.031
697.000	8.010
698.000	8.010
699.000	7.989
700.000	7.969
701.000	7.948
702.000	7.928
703.000	7.907
704.000	7.887
705.000	7.867
706.000	7.846
707.000	7.826
708.000	7.806
709.000	7.806
710.000	7.785
711.000	7.765
712.000	7.745
713.000	7.725
714.000	7.705
715.000	7.685
716.000	7.665
717.000	7.644
718.000	7.624
719.000	7.605
720.000	7.605
721.000	7.585
722.000	7.565
723.000	7.545
724.000	7.525
725.000	7.505
726.000	7.485
727.000	7.465
728.000	7.446
729.000	7.426
730.000	7.406
731.000	7.387
732.000	7.387
733.000	7.367
734.000	7.347
735.000	7.328
736.000	7.308
737.000	7.289
738.000	7.269
739.000	7.250
740.000	7.230
741.000	7.211
742.000	7.192
743.000	7.192
744.000	7.172
745.000	7.153
746.000	7.134
747.000	7.115
748.000	7.095
749.000	7.076
750.000	7.057
751.000	7.038
752.000	7.019
753.000	7.000
754.000	7.000
755.000	6.980
756.000	6.961
757.000	6.942
758.000	6.923
759.000	6.904
760.000	6.886
761.000	6.867
762.000	6.848
763.000	6.829
764.000	6.810
765.000	6.810
766.000	6.791
767.000	6.773
768.000	6.773
769.000	6.773
770.000	6.773
771.000	6.773
772.000	6.773
773.000	6.773
774.000	6.773
775.000	6.773
776.000	6.773
777.000	6.773
778.000	6.773
779.000	6.773
780.000	6.773
781.000	6.773
782.000	6.773
783.000	6.773
784.000	6.773
785.000	6.773
786.000	6.773
787.000	6.773
788.000	6.773
789.000	6.773
790.000	6.773
791.000	6.773
792.000	6.773
793.000	6.773
794.000	6.773
795.000	6.773
796.000	6.773
797.000	6.773
798.000	6.773
799.000	6.773
800.000	6.773
801.000	6.773
802.000	6.773
803.000	6.773
804.000	6.773
805.000	6.773
806.000	6.773
807.000	6.773
808.000	6.773
809.000	6.773
810.000	6.773
811.000	6.773
812.000	6.773
813.000	6.773
814.000	6.773
815.000	6.773
816.000	6.773
817.000	6.773
818.000	6.773
819.000	6.773
820.000	6.773
821.000	6.773
822.000	6.773
823.000	6.773
824.000	6.773
825.000	6.773
826.000	6.773
827.000	6.773
828.000	6.773
829.000	6.773
830.000	6.773
831.000	6.773
832.000	6.773
833.000	6.773
834.000	6.773
835.000	6.773
836.000	6.773
837.000	6.773
838.000	6.773
839.000	6.773
840.000	6.773
841.000	6.773
842.000	6.773
843.000	6.773
844.000	6.773
845.000	6.773
846.000	6.773
847.000	6.773
848.000	6.773
849.000	6.773
850.000	6.773
851.000	6.773
852.000	6.773
853.000	6.773
854.000	6.773
855.000	6.773
856.000	6.773
857.000	6.773
858.000	6.773
859.000	6.773
860.000	6.773
861.000	6.773
862.000	6.773
863.000	6.773
864.000	6.773
865.000	6.773
866.000	6.773
867.000	6.773
868.000	6.773
869.000	6.773
870.000	6.773
871.000	6.773
872.000	6.773
873.000	6.773
874.000	6.773
875.000	6.773
876.000	6.773
877.000	6.773
878.000	6.773
879.000	6.773
880.000	6.773
881.000	6.773
882.000	6.773
883.000	6.773
884.000	6.773
885.000	6.773
886.000	6.773
887.000	6.773
888.000	6.773
889.000	6.773
890.000	6.773
891.000	6.773
892.000	6.773
893.000	6.773
894.000	6.773
895.000	6.773
896.000	6.773
897.000	6.773
898.000	6.773
899.000	6.773
900.000	6.773
901.000	6.773
902.000	6.773
903.000	6.773
904.000	6.773
905.000	6.773
906.000	6.773
907.000	6.773
908.000	6.773
909.000	6.773
910.000	6.773
911.000	6.773
912.000	6.773
913.000	6.773
914.000	6.773
915.000	6.773
916.000	6.773
917.000	6.773
918.000	6.773
919.000	6.773
920.000	6.773
921.000	6.773
922.000	6.773
923.000	6.773
924.000	6.773
925.000	6.773
926.000	6.773
927.000	6.773
928.000	6.773
929.000	6.773
930.000	6.773
931.000	6.773
932.000	6.773
933.000	6.773
934.000	6.773
935.000	6.773
936.000	6.773
937.000	6.773
938.000	6.773
939.000	6.773
940.000	6.773
941.000	6.773
942.000	6.773
943.000	6.773
944.000	6.773
945.000	6.773
946.000	6.773
947.000	6.773
948.000	6.773
949.000	6.773
950.000	6.773
951.000	6.773
952.000	6.773
953.000	6.773
954.000	6.773
955.000	6.773
956.000	6.773
957.000	6.773
958.000	6.773
959.000	6.773
960.000	6.773
961.000	6.773
962.000	6.773
963.000	6.773
964.000	6.773
965.000	6.773
966.000	6.773
967.000	6.773
968.000	6.773
969.000	6.773
970.000	6.773
971.000	6.773
972.000	6.773
973.000	6.773
974.000	6.773
975.000	6.773
976.000	6.773
977.000	6.773
978.000	6.773
979.000	6.773
980.000	6.773
981.000	6.773
982.000	6.773
983.000	6.773
984.000	6.773
985.000	6.773
986.000	6.773
987.000	6.773
988.000	6.773
989.000	6.773
990.000	6.773
991.000	6.773
992.000	6.773
993.000	6.773
994.000	6.773
995.000	6.773
996.000	6.773
997.000	6.773
998.000	6.773
999.000	6.773
1000.000	6.773
1001.000	6.773
1002.000	6.773
1003.000	6.773
1004.000	6.773
1005.000	6.773
1006.000	6.773
1007.000	6.773
1008.000	6.773
1009.000	6.773
1010.000	6.773
1011.000	6.773
1012.000	6.773
1013.000	6.773
1014.000	6.773
1015.000	6.773
1016.000	6.773
1017.000	6.773
1018.000	6.773
1019.000	6.773
1020.000	6.773
1021.000	6.773
1022.000	6.773
1023.000	6.773
1024.000	6.773
1025.000	6.773
1026.000	6.773
1027.000	6.773
1028.000	6.773
1029.000	6.773
1030.000	6.773
1031.000	6.773
1032.000	6.773
1033.000	6.773
1034.000	6.773
1035.000	6.773
1036.000	6.773
1037.000	6.773
1038.000	6.773
1039.000	6.773
1040.000	6.773
1041.000	6.773
1042.000	6.773
1043.000	6.773
1044.000	6.773
1045.000	6.773
1046.000	6.773
1047.000	6.773
1048.000	6.773
1049.000	6.773
1050.000	6.773
1051.000	6.773
1052.000	6.773
1053.000	6.773
1054.000	6.773
1055.000	6.773
1056.000	6.773
1057.000	6.773
1058.000	6.773
1059.000	6.773
1060.000	6.773
1061.000	6.773
1062.000	6.773
1063.000	6.773
1064.000	6.773
1065.000	6.773
1066.000	6.773
1067.000	6.773
1068.000	6.773
1069.000	6.773
1070.000	6.773
1071.000	6.773
1072.000	6.773
1073.000	6.773
1074.000	6.773
1075.000	6.773
1076.000	6.773
1077.000	6.773
1078.000	6.773
1079.000	6.773
1080.000	6.773
1081.000	6.773
1082.000	6.773
1083.000	6.773
1084.000	6.773
1085.000	6.773
1086.000	6.773
1087.000	6.773
1088.000	6.773
1089.000	6.773
1090.000	6.773
1091.000	6.773
1092.000	6.773
1093.000	6.773
1094.000	6.773
1095.000	6.773
1096.000	6.773
1097.000	6.773
1098.000	6.773
1099.000	6.773
1100.000	6.773
1101.000	6.773
1102.000	6.773
1103.000	6.773
1104.000	6.773
1105.000	6.773
1106.000	6.773
1107.000	6.773
1108.000	6.773
1109.000	6.773
1110.000	6.773
1111.000	6.773
1112.000	6.773
1113.000	6.773
1114.000	6.773
1115.000	6.773
1116.000	6.773
1117.000	6.773
1118.000	6.773
1119.000	6.773
1120.000	6.773
1121.000	6.773
1122.000	6.773
1123.000	6.773
1124.000	6.773
1125.000	6.773
1126.000	6.773
1127.000	6.773
1128.000	6.773
1129.000	6.773
1130.000	6.773
1131.000	6.773
1132.000	6.773
1133.000	6.773
1134.000	6.773
1135.000	6.773
1136.000	6.773
1137.000	6.773
1138.000	6.773
1139.000	6.773
1140.000	6.773
1141.000	6.773
1142.000	6.773
1143.000	6.773
1144.000	6.773
1145.000	6.773
1146.000	6.773
1147.000	6.773
1148.000	6.773
1149.000	6.773
1150.000	6.773
1151.000	6.773
1152.000	6.773
1153.000	6.773
1154.000	6.773
1155.000	6.773
1156.000	6.773
1157.000	6.773
1158.000	6.773
1159.000	6.773
1160.000	6.773
1161.000	6.773
1162.000	6.773
1163.000	6.773
1164.000	6.773
1165.000	6.773
1166.000	6.773
1167.000	6.773
1168.000	6.773
1169.000	6.773
1170.000	6.773
1171.000	6.773
1172.000	6.773
1173.000	6.773
1174.000	6.773
1175.000	6.773
1176.000	6.773
1177.000	6.773
1178.000	6.773
1179.000	6.773
1180.000	6.773
1181.000	6.773
1182.000	6.773
1183.000	6.773
1184.000	6.773
1185.000	6.773
1186.000	6.773
1187.000	6.773
1188.000	6.773
1189.000	6.773
1190.000	6.773
1191.000	6.773
1192.000	6.773
1193.000	6.773
1194.000	6.773
1195.000	6.773
1196.000	6.773
1197.000	6.773
1198.000	6.773
1199.000	6.773
1200.000	6.773
1201.000	6.773
1202.000	6.773
1203.000	6.773
1204.000	6.773
1205.000	6.773
1206.000	6.773
1207.000	6.773
1208.000	6.773
1209.000	6.773
1210.000	6.773
1211.000	6.773
1212.000	6.773
1213.000	6.773
1214.000	6.773
1215.000	6.773
1216.000	6.773
1217.000	6.773
1218.000	6.773
1219.000	6.773
1220.000	6.773
1221.000	6.773
1222.000	6.773
1223.000	6.773
1224.000	6.773
1225.000	6.773
1226.000	6.773
1227.000	6.773
1228.000	6.773
1229.000	6.773
1230.000	6.773
1231.000	6.773
1232.000	6.773
1233.000	6.773
1234.000	6.773
1235.000	6.773
1236.000	6.773
1237.000	6.773
1238.000	6.773
1239.000	6.773
1240.000	6.773
1241.000	6.773
1242.000	6.773
1243.000	6.773
1244.000	6.773
1245.000	6.773
1246.000	6.773
1247.000	6.773
1248.000	6.773
1249.000	6.773
1250.000	6.773
1251.000	6.773
1252.000	6.773
1253.000	6.773
1254.000	6.773
1255.000	6.773
1256.000	6.773
1257.000	6.773
1258.000	6.773
1259.000	6.773
1260.000	6.773
1261.000	6.773
1262.000	6.773
1263.000	6.773
1264.000	6.773
1265.000	6.773
1266.000	6.773
1267.000	6.773
1268.000	6.773
1269.000	6.773
1270.000	6.773
1271.000	6.773
1272.000	6.773
1273.000	6.773
1274.000	6.773
1275.000	6.773
1276.000	6.773
1277.000	6.773
1278.000	6.773
1279.000	6.773
1280.000	6.773
1281.000	6.773
1282.000	6.773
1283.000	6.773
1284.000	6.773
1285.000	6.773
1286.000	6.773
1287.000	6.773
1288.000	6.773
1289.000	6.773
1290.000	6.773
1291.000	6.773
1292.000	6.773
1293.000	6.773
1294.000	6.773
1295.000	6.773
1296.000	6.773
1297.000	6.773
1298.000	6.773
1299.000	6.773
1300.000	6.773
1301.000	6.773
1302.000	6.773
1303.000	6.773
1304.000	6.773
1305.000	6.773
1306.000	6.773
1307.000	6.773
1308.000	6.773
1309.000	6.773
1310.000	6.773
1311.000	6.773
1312.000	6.773
1313.000	6.773
1314.000	6.773
1315.000	6.773
1316.000	6.773
1317.000	6.773
1318.000	6.773
1319.000	6.773
1320.000	6.773
1321.000	6.773
1322.000	6.773
1323.000	6.773
1324.000	6.773
1325.000	6.773
1326.000	6.773
1327.000	6.773
1328.000	6.773
1329.000	6.773
1330.000	6.773
1331.000	6.773
1332.000	6.773
1333.000	6.773
1334.000	6.773
1335.000	6.773
1336.000	6.773
1337.000	6.773
1338.000	6.773
1339.000	6.773
1340.000	6.773
1341.000	6.773
1342.000	6.773
1343.000	6.773
1344.000	6.773
1345.000	6.773
1346.000	6.773
1347.000	6.773
1348.000	6.773
1349.000	6.773
1350.000	6.773
1351.000	6.773
1352.000	6.773
1353.000	6.773
1354.000	6.773
1355.000	6.773
1356.000	6.773
1357.000	6.773
1358.000	6.773
1359.000	6.773
1360.000	6.773
1361.000	6.773
1362.000	6.773
1363.000	6.773
1364.000	6.773
1365.000	6.773
1366.000	6.773
1367.000	6.773
1368.000	6.773
1369.000	6.773
1370.000	6.773
1371.000	6.773
1372.000	6.773
1373.000	6.773
1374.000	6.773
1375.000	6.773
1376.000	6.773
1377.000	6.773
1378.000	6.773
1379.000	6.773
1380.000	6.773
1381.000	6.773
1382.000	6.773
1383.000	6.773
1384.000	6.773
1385.000	6.773
1386.000	6.773
1387.000	6.773
1388.000	6.773
1389.000	6.773
1390.000	6.773
1391.000	6.773
1392.000	6.773
1393.000	6.773
1394.000	6.773
1395.000	6.773
1396.000	6.773
1397.000	6.773
1398.000	6.773
1399.000	6.773
1400.000	6.773
1401.000	6.773
1402.000	6.773
1403.000	6.773
1404.000	6.773
1405.000	6.773
1406.000	6.773
1407.000	6.773
1408.000	6.773
1409.000	6.773
1410.000	6.773
1411.000	6.773
1412.000	6.773
1413.000	6.773
1414.000	6.773
1415.000	6.773
1416.000	6.773
1417.000	6.773
1418.000	6.773
1419.000	6.773
1420.000	6.773
1421.000	6.773
1422.000	6.773
1423.000	6.773
1424.000	6.773
1425.000	6.773
1426.000	6.773
1427.000	6.773
1428.000	6.773
1429.000	6.773
1430.000	6.773
1431.000	6.773
1432.000	6.773
1433.000	6.773
1434.000	6.773
1435.000	6.773
1436.000	6.773
1437.000	6.773
1438.000	6.773
1439.000	6.773
1440.000	6.773
1441.000	6.773
1442.000	6.773
1443.000	6.773
1444.000	6.773
1445.000	6.773
1446.000	6.773
1447.000	6.773
1448.000	6.773
1449.000	6.773
1450.000	6.773
1451.000	6.773
1452.000	6.773
1453.000	6.773
1454.000	6.773
1455.000	6.773
1456.000	6.773
1457.000	6.773
1458.000	6.773
1459.000	6.773
1460.000	6.773
1461.000	6.773
1462.000	6.773
1463.000	6.773
1464.000	6.773
1465.000	6.773
1466.000	6.773
1467.000	6.773
1468.000	6.773
1469.000	6.773
1470.000	6.773
1471.000	6.773
1472.000	6.773
1473.000	6.773
1474.000	6.773
1475.000	6.773
1476.000	6.773
1477.000	6.773
1478.000	6.773
1479.000	6.773
1480.000	6.773
1481.000	6.773
1482.000	6.773
1483.000	6.773
1484.000	6.773
1485.000	6.773
1486.000	6.773
1487.000	6.773
1488.000	6.773
1489.000	6.773
1490.000	6.773
1491.000	6.773
1492.000	6.773
1493.000	6.773
1494.000	6.773
1495.000	6.773
1496.000	6.773
1497.000	6.773
1498.000	6.773
1499.000	6.773
1500.000	6.773
1501.000	6.773
1502.000	6.773
1503.000	6.773
1504.000	6.773
1505.000	6.773
1506.000	6.773
1507.000	6.773
1508.000	6.773
1509.000	6.773
1510.000	6.773
1511.000	6.773
1512.000	6.773
1513.000	6.773
1514.000	6.773
1515.000	6.773
1516.000	6.773
1517.000	6.773
1518.000	6.773
1519.000	6.773
1520.000	6.773
1521.000	6.773
1522.000	6.773
1523.000	6.773
1524.000	6.773
1525.000	6.773
1526.000	6.773
1527.000	6.773
1528.000	6.773
1529.000	6.773
1530.000	6.773
1531.000	6.773
1532.000	6.773
1533.000	6.773
1534.000	6.773
1535.000	6.773
1536.000	6.773
1537.000	6.773
1538.000	6.773
1539.000	6.773
1540.000	6.773
1541.000	6.773
1542.000	6.773
1543.000	6.773
1544.000	6.773
1545.000	6.773
1546.000	6.773
1547.000	6.773
1548.000	6.773
1549.000	6.773
1550.000	6.773
1551.000	6.773
1552.000	6.773
1553.000	6.773
1554.000	6.773
1555.000	6.773
1556.000	6.773
1557.000	6.773
1558.000	6.773
1559.000	6.773
1560.000	6.773
1561.000	6.773
1562.000	6.773
1563.000	6.771
1564.000	6.765
1565.000	6.758
1566.000	6.747
1567.000	6.737
1568.000	6.727
1569.000	6.727
1570.000	6.717
1571.000	6.707
1572.000	6.697
1573.000	6.687
1574.000	6.677
1575.000	6.667
1576.000	6.657
1577.000	6.647
1578.000	6.636
1579.000	6.626
1580.000	6.626
1581.000	6.616
1582.000	6.606
1583.000	6.596
1584.000	6.586
1585.000	6.576
1586.000	6.566
1587.000	6.556
1588.000	6.546
1589.000	6.536
1590.000	6.526
1591.000	6.526
1592.000	6.516
1593.000	6.506
1594.000	6.496
1595.000	6.486
1596.000	6.476
1597.000	6.466
1598.000	6.455
1599.000	6.445
1600.000	6.435
1601.000	6.425
1602.000	6.425
1603.000	6.415
1604.000	6.405
1605.000	6.395
1606.000	6.385
1607.000	6.375
1608.000	6.365
1609.000	6.355
1610.000	6.345
1611.000	6.335
1612.000	6.325
1613.000	6.325
1614.000	6.315
1615.000	6.305
1616.000	6.295
1617.000	6.285
1618.000	6.275
1619.000	6.265
1620.000	6.255
1621.000	6.245
1622.000	6.235
1623.000	6.226
1624.000	6.226
1625.000	6.216
1626.000	6.206
1627.000	6.196
1628.000	6.186
1629.000	6.176
1630.000	6.166
1631.000	6.156
1632.000	6.146
1633.000	6.136
1634.000	6.126
1635.000	6.116
1636.000	6.116
1637.000	6.106
1638.000	6.096
1639.000	6.086
1640.000	6.076
1641.000	6.066
1642.000	6.056
1643.000	6.047
1644.000	6.037
1645.000	6.027
1646.000	6.017
1647.000	6.017
1648.000	6.007
1649.000	5.997
1650.000	5.987
1651.000	5.977
1652.000	5.967
1653.000	5.957
1654.000	5.948
1655.000	5.938
1656.000	5.928
1657.000	5.918
1658.000	5.918
1659.000	5.908
1660.000	5.898
1661.000	5.888
1662.000	5.878
1663.000	5.869
1664.000	5.859
1665.000	5.849
1666.000	5.839
1667.000	5.829
1668.000	5.819
1669.000	5.819
1670.000	5.809
1671.000	5.799
1672.000	5.790
1673.000	5.780
1674.000	5.770
1675.000	5.760
1676.000	5.750
1677.000	5.740
1678.000	5.731
1679.000	5.721
1680.000	5.721
1681.000	5.711
1682.000	5.701
1683.000	5.691
1684.000	5.681
1685.000	5.672
1686.000	5.662
1687.000	5.652
1688.000	5.642
1689.000	5.632
1690.000	5.623
1691.000	5.623
1692.000	5.613
1693.000	5.603
1694.000	5.593
1695.000	5.583
1696.000	5.574
1697.000	5.564
1698.000	5.554
1699.000	5.544
1700.000	5.534
1701.000	5.525
1702.000	5.525
1703.000	5.515
1704.000	5.505
1705.000	5.495
1706.000	5.485
1707.000	5.476
1708.000	5.466
1709.000	5.456
1710.000	5.446
1711.000	5.437
1712.000	5.427
1713.000	5.417
1714.000	5.417
1715.000	5.407
1716.000	5.398
1717.000	5.388
1718.000	5.378
1719.000	5.368
1720.000	5.359
1721.000	5.349
1722.000	5.339
1723.000	5.329
1724.000	5.320
1725.000	5.319
1726.000	5.309
1727.000	5.299
1728.000	5.290
1729.000	5.280
1730.000	5.270
1731.000	5.261
1732.000	5.251
1733.000	5.241
1734.000	5.231
1735.000	5.222
1736.000	5.221
1737.000	5.211
1738.000	5.201
1739.000	5.192
1740.000	5.182
1741.000	5.172
1742.000	5.163
1743.000	5.153
1744.000	5.143
1745.000	5.134
1746.000	5.124
1747.000	5.123
1748.000	5.113
1749.000	5.104
1750.000	5.094
1751.000	5.084
1752.000	5.075
1753.000	5.065
1754.000	5.055
1755.000	5.046
1756.000	5.036
1757.000	5.026
1758.000	5.025
1759.000	5.016
1760.000	5.006
1761.000	4.996
1762.000	4.987
1763.000	4.977
1764.000	4.967
1765.000	4.958
1766.000	4.948
1767.000	4.938
1768.000	4.929
1769.000	4.928
1770.000	4.918
1771.000	4.909
1772.000	4.899
1773.000	4.889
1774.000	4.880
1775.000	4.870
1776.000	4.861
1777.000	4.851
1778.000	4.841
1779.000	4.832
1780.000	4.822
1781.000	4.821
1782.000	4.812
1783.000	4.802
1784.000	4.792
1785.000	4.783
1786.000	4.773
1787.000	4.764
1788.000	4.754
1789.000	4.744
1790.000	4.735
1791.000	4.725
1792.000	4.724
1793.000	4.715
1794.000	4.705
1795.000	4.696
1796.000	4.686
1797.000	4.676
1798.000	4.667
1799.000	4.657
1800.000	4.648
1801.000	4.638
1802.000	4.629
1803.000	4.628
1804.000	4.618
1805.000	4.609
1806.000	4.599
1807.000	4.589
1808.000	4.580
1809.000	4.570
1810.000	4.561
1811.000	4.551
1812.000	4.542
1813.000	4.532
1814.000	4.531
1815.000	4.522
1816.000	4.512
1817.000	4.503
1818.000	4.493
1819.000	4.484
1820.000	4.474
1821.000	4.465
1822.000	4.455
1823.000	4.445
1824.000	4.436
1825.000	4.435
1826.000	4.426
1827.000	4.416
1828.000	4.406
1829.000	4.397
1830.000	4.387
1831.000	4.378
1832.000	4.368
1833.000	4.359
1834.000	4.349
1835.000	4.340
1836.000	4.339
1837.000	4.330
1838.000	4.320
1839.000	4.311
1840.000	4.301
1841.000	4.292
1842.000	4.282
1843.000	4.273
1844.000	4.263
1845.000	4.254
1846.000	4.244
1847.000	4.235
1848.000	4.234
1849.000	4.224
1850.000	4.215
1851.000	4.205
1852.000	4.196
1853.000	4.186
1854.000	4.177
1855.000	4.168
1856.000	4.158
1857.000	4.149
1858.000	4.139
1859.000	4.138
1860.000	4.129
1861.000	4.119
1862.000	4.110
1863.000	4.101
1864.000	4.091
1865.000	4.082
1866.000	4.072
1867.000	4.063
1868.000	4.053
1869.000	4.044
1870.000	4.043
1871.000	4.034
1872.000	4.024
1873.000	4.015
1874.000	4.005
1875.000	3.996
1876.000	3.986
1877.000	3.977
1878.000	3.968
1879.000	3.958
1880.000	3.949
1881.000	3.948
1882.000	3.938
1883.000	3.929
1884.000	3.920
1885.000	3.910
1886.000	3.901
1887.000	3.891
1888.000	3.882
1889.000	3.873
1890.000	3.863
1891.000	3.854
1892.000	3.853
1893.000	3.844
1894.000	3.834
1895.000	3.825
1896.000	3.815
1897.000	3.806
1898.000	3.797
1899.000	3.787
1900.000	3.778
1901.000	3.769
1902.000	3.759
1903.000	3.758
1904.000	3.751
1905.000	3.746
1906.000	3.743
1907.000	3.742
1908.000	3.742
1909.000	3.741
1910.000	3.740
1911.000	3.739
1912.000	3.738
1913.000	3.737
1914.000	3.736
1915.000	3.735
1916.000	3.734
1917.000	3.733
1918.000	3.732
1919.000	3.732
1920.000	3.731
1921.000	3.730
1922.000	3.729
1923.000	3.728
1924.000	3.727
1925.000	3.726
1926.000	3.725
1927.000	3.724
1928.000	3.723
1929.000	3.722
1930.000	3.722
1931.000	3.721
1932.000	3.720
1933.000	3.719
1934.000	3.718
1935.000	3.717
1936.000	3.716
1937.000	3.715
1938.000	3.714
1939.000	3.713
1940.000	3.712
1941.000	3.712
1942.000	3.711
1943.000	3.710
1944.000	3.709
1945.000	3.708
1946.000	3.707
1947.000	3.706
1948.000	3.705
1949.000	3.704
1950.000	3.703
1951.000	3.702
1952.000	3.702
1953.000	3.701
1954.000	3.700
1955.000	3.699
1956.000	3.698
1957.000	3.697
1958.000	3.696
1959.000	3.695
1960.000	3.694
1961.000	3.693
1962.000	3.692
1963.000	3.692
1964.000	3.691
1965.000	3.690
1966.000	3.689
1967.000	3.688
1968.000	3.687
1969.000	3.686
1970.000	3.685
1971.000	3.684
1972.000	3.683
1973.000	3.682
1974.000	3.682
1975.000	3.681
1976.000	3.680
1977.000	3.679
1978.000	3.678
1979.000	3.677
1980.000	3.676
1981.000	3.675
1982.000	3.674
1983.000	3.673
1984.000	3.672
1985.000	3.672
1986.000	3.671
1987.000	3.670
1988.000	3.669
1989.000	3.668
1990.000	3.667
1991.000	3.666
1992.000	3.665
1993.000	3.664
1994.000	3.663
1995.000	3.662
1996.000	3.661
1997.000	3.661
1998.000	3.660
1999.000	3.659
2000.000	3.658
2001.000	3.657
2002.000	3.656
2003.000	3.655
2004.000	3.654
2005.000	3.653
2006.000	3.652
2007.000	3.651
2008.000	3.651
2009.000	3.650
2010.000	3.649
2011.000	3.648
2012.000	3.647
2013.000	3.646
2014.000	3.645
2015.000	3.644
2016.000	3.643
2017.000	3.642
2018.000	3.641
2019.000	3.641
2020.000	3.640
2021.000	3.639
2022.000	3.638
2023.000	3.637
2024.000	3.636
2025.000	3.635
2026.000	3.634
2027.000	3.633
2028.000	3.632
2029.000	3.631
2030.000	3.631
2031.000	3.630
2032.000	3.629
2033.000	3.628
2034.000	3.627
2035.000	3.626
2036.000	3.625
2037.000	3.624
2038.000	3.623
2039.000	3.622
2040.000	3.621
2041.000	3.621
2042.000	3.620
2043.000	3.619
2044.000	3.618
2045.000	3.617
2046.000	3.616
2047.000	3.615
2048.000	3.614
2049.000	3.613
2050.000	3.612
2051.000	3.611
2052.000	3.611
2053.000	3.610
2054.000	3.609
2055.000	3.608
2056.000	3.607
2057.000	3.606
2058.000	3.605
2059.000	3.604
2060.000	3.603
2061.000	3.602
2062.000	3.601
2063.000	3.601
2064.000	3.600
2065.000	3.599
2066.000	3.598
2067.000	3.597
2068.000	3.596
2069.000	3.595
2070.000	3.594
2071.000	3.593
2072.000	3.592
2073.000	3.591
2074.000	3.591
2075.000	3.590
2076.000	3.589
2077.000	3.588
2078.000	3.587
2079.000	3.586
2080.000	3.585
2081.000	3.584
2082.000	3.583
2083.000	3.582
2084.000	3.581
2085.000	3.581
2086.000	3.580
2087.000	3.579
2088.000	3.578
2089.000	3.577
2090.000	3.576
2091.000	3.575
2092.000	3.574
2093.000	3.573
2094.000	3.572
2095.000	3.571
2096.000	3.571
2097.000	3.570
2098.000	3.569
2099.000	3.568
2100.000	3.567
2101.000	3.566
2102.000	3.565
2103.000	3.564
2104.000	3.563
2105.000	3.562
2106.000	3.561
2107.000	3.561
2108.000	3.560
2109.000	3.559
2110.000	3.558
2111.000	3.557
2112.000	3.556
2113.000	3.555
2114.000	3.554
2115.000	3.553
2116.000	3.552
2117.000	3.551
2118.000	3.550
2119.000	3.550
2120.000	3.549
2121.000	3.548
2122.000	3.547
2123.000	3.546
2124.000	3.545
2125.000	3.544
2126.000	3.543
2127.000	3.542
2128.000	3.541
2129.000	3.540
2130.000	3.540
2131.000	3.539
2132.000	3.538
2133.000	3.537
2134.000	3.536
2135.000	3.535
2136.000	3.534
2137.000	3.533
2138.000	3.532
2139.000	3.531
2140.000	3.530
2141.000	3.530
2142.000	3.529
2143.000	3.528
2144.000	3.527
2145.000	3.526
2146.000	3.525
2147.000	3.524
2148.000	3.523
2149.000	3.522
2150.000	3.521
2151.000	3.520
2152.000	3.520
2153.000	3.519
2154.000	3.518
2155.000	3.517
2156.000	3.516
2157.000	3.515
2158.000	3.514
2159.000	3.513
2160.000	3.512
2161.000	3.511
2162.000	3.510
2163.000	3.510
2164.000	3.509
2165.000	3.508
2166.000	3.507
2167.000	3.506
2168.000	3.505
2169.000	3.504
2170.000	3.503
2171.000	3.502
2172.000	3.501
2173.000	3.500
2174.000	3.500
2175.000	3.499
2176.000	3.498
2177.000	3.497
2178.000	3.496
2179.000	3.495
2180.000	3.494
2181.000	3.493
2182.000	3.492
2183.000	3.491
2184.000	3.490
2185.000	3.490
2186.000	3.489
2187.000	3.488
2188.000	3.487
2189.000	3.486
2190.000	3.485
2191.000	3.484
2192.000	3.483
2193.000	3.482
2194.000	3.481
2195.000	3.480
2196.000	3.480
2197.000	3.479
2198.000	3.478
2199.000	3.477
2200.000	3.476
2201.000	3.475
2202.000	3.474
2203.000	3.473
2204.000	3.472
2205.000	3.471
2206.000	3.470
2207.000	3.470
2208.000	3.469
2209.000	3.468
2210.000	3.467
2211.000	3.466
2212.000	3.465
2213.000	3.464
2214.000	3.463
2215.000	3.462
2216.000	3.461
2217.000	3.460
2218.000	3.460
2219.000	3.459
2220.000	3.458
2221.000	3.457
2222.000	3.456
2223.000	3.455
2224.000	3.454
2225.000	3.453
2226.000	3.452
2227.000	3.451
2228.000	3.450
2229.000	3.449
2230.000	3.449
2231.000	3.448
2232.000	3.447
2233.000	3.446
2234.000	3.445
2235.000	3.444
2236.000	3.443
2237.000	3.442
2238.000	3.441
2239.000	3.440
2240.000	3.439
2241.000	3.439
2242.000	3.438
2243.000	3.437
2244.000	3.436
2245.000	3.435
2246.000	3.434
2247.000	3.433
2248.000	3.432
2249.000	3.431
2250.000	3.430
2251.000	3.429
2252.000	3.429
2253.000	3.428
2254.000	3.427
2255.000	3.426
2256.000	3.425
2257.000	3.424
2258.000	3.423
2259.000	3.422
2260.000	3.421
2261.000	3.420
2262.000	3.419
2263.000	3.419
2264.000	3.418
2265.000	3.417
2266.000	3.416
2267.000	3.415
2268.000	3.414
2269.000	3.413
2270.000	3.412
2271.000	3.411
2272.000	3.410
2273.000	3.409
2274.000	3.409
2275.000	3.408
2276.000	3.407
2277.000	3.406
2278.000	3.405
2279.000	3.404
2280.000	3.403
2281.000	3.402
2282.000	3.401
2283.000	3.400
2284.000	3.399
2285.000	3.399
2286.000	3.398
2287.000	3.397
2288.000	3.396
2289.000	3.395
2290.000	3.394
2291.000	3.393
2292.000	3.392
2293.000	3.391
2294.000	3.390
2295.000	3.389
2296.000	3.389
2297.000	3.388
2298.000	3.387
2299.000	3.386
2300.000	3.385
2301.000	3.384
2302.000	3.383
2303.000	3.382
2304.000	3.381
2305.000	3.380
2306.000	3.379
2307.000	3.379
2308.000	3.378
2309.000	3.377
2310.000	3.376
2311.000	3.375
2312.000	3.374
2313.000	3.373
2314.000	3.372
2315.000	3.371
2316.000	3.370
2317.000	3.369
2318.000	3.369
2319.000	3.368
2320.000	3.367
2321.000	3.366
2322.000	3.365
2323.000	3.364
2324.000	3.363
2325.000	3.362
2326.000	3.361
2327.000	3.360
2328.000	3.359
2329.000	3.359
2330.000	3.358
2331.000	3.357
2332.000	3.356
2333.000	3.355
2334.000	3.354
2335.000	3.353
2336.000	3.352
2337.000	3.351
2338.000	3.350
2339.000	3.349
2340.000	3.348
2341.000	3.348
2342.000	3.347
2343.000	3.346
2344.000	3.345
2345.000	3.344
2346.000	3.343
2347.000	3.342
2348.000	3.341
2349.000	3.340
2350.000	3.339
2351.000	3.338
2352.000	3.338
2353.000	3.337
2354.000	3.336
2355.000	3.335
2356.000	3.334
2357.000	3.333
2358.000	3.332
2359.000	3.331
2360.000	3.330
2361.000	3.329
2362.000	3.328
2363.000	3.328
2364.000	3.327
2365.000	3.326
2366.000	3.325
2367.000	3.324
2368.000	3.323
2369.000	3.322
2370.000	3.321
2371.000	3.320
2372.000	3.319
2373.000	3.318
2374.000	3.318
2375.000	3.317
2376.000	3.316
2377.000	3.315
2378.000	3.314
2379.000	3.313
2380.000	3.312
2381.000	3.311
2382.000	3.310
2383.000	3.309
2384.000	3.308
2385.000	3.308
2386.000	3.307
2387.000	3.306
2388.000	3.305
2389.000	3.304
2390.000	3.303
2391.000	3.302
2392.000	3.301
2393.000	3.300
2394.000	3.299
2395.000	3.298
2396.000	3.298
2397.000	3.297
2398.000	3.296
2399.000	3.295
2400.000	3.294
2401.000	3.293
2402.000	3.292
2403.000	3.291
2404.000	3.290
2405.000	3.289
2406.000	3.288
2407.000	3.288
2408.000	3.287
2409.000	3.286
2410.000	3.285
2411.000	3.284
2412.000	3.283
2413.000	3.282
2414.000	3.281
2415.000	3.280
2416.000	3.279
2417.000	3.278
2418.000	3.278
2419.000	3.277
2420.000	3.276
2421.000	3.275
2422.000	3.274
2423.000	3.273
2424.000	3.272
2425.000	3.271
2426.000	3.270
2427.000	3.269
2428.000	3.268
2429.000	3.268
2430.000	3.267
2431.000	3.266
2432.000	3.265
2433.000	3.264
2434.000	3.263
2435.000	3.262
2436.000	3.261
2437.000	3.260
2438.000	3.259
2439.000	3.258
2440.000	3.258
2441.000	3.257
2442.000	3.256
2443.000	3.255
2444.000	3.254
2445.000	3.253
2446.000	3.252
2447.000	3.251
2448.000	3.250
2449.000	3.249
2450.000	3.248
2451.000	3.247
2452.000	3.247
2453.000	3.246
2454.000	3.245
2455.000	3.244
2456.000	3.243
2457.000	3.242
2458.000	3.241
2459.000	3.240
2460.000	3.239
2461.000	3.238
2462.000	3.237
2463.000	3.237
2464.000	3.236
2465.000	3.235
2466.000	3.234
2467.000	3.233
2468.000	3.232
2469.000	3.231
2470.000	3.230
2471.000	3.229
2472.000	3.228
2473.000	3.227
2474.000	3.227
2475.000	3.226
2476.000	3.225
2477.000	3.224
2478.000	3.223
2479.000	3.222
2480.000	3.221
2481.000	3.220
2482.000	3.219
2483.000	3.218
2484.000	3.217
2485.000	3.217
2486.000	3.216
2487.000	3.215
2488.000	3.214
2489.000	3.213
2490.000	3.212
2491.000	3.211
2492.000	3.210
2493.000	3.209
2494.000	3.208
2495.000	3.207
2496.000	3.207
2497.000	3.206
2498.000	3.205
2499.000	3.204
2500.000	3.203
2501.000	3.202
2502.000	3.201
2503.000	3.200
2504.000	3.199
2505.000	3.198
2506.000	3.197
2507.000	3.197
2508.000	3.196
2509.000	3.195
2510.000	3.194
2511.000	3.193
2512.000	3.192
2513.000	3.191
2514.000	3.190
2515.000	3.189
2516.000	3.188
2517.000	3.187
2518.000	3.187
2519.000	3.186
2520.000	3.185
2521.000	3.184
2522.000	3.183
2523.000	3.182
2524.000	3.181
2525.000	3.180
2526.000	3.179
2527.000	3.178
2528.000	3.177
2529.000	3.177
2530.000	3.176
2531.000	3.175
2532.000	3.174
2533.000	3.173
2534.000	3.172
2535.000	3.171
2536.000	3.170
2537.000	3.169
2538.000	3.168
2539.000	3.167
2540.000	3.167
2541.000	3.166
2542.000	3.165
2543.000	3.164
2544.000	3.163
2545.000	3.162
2546.000	3.161
2547.000	3.160
2548.000	3.159
2549.000	3.158
2550.000	3.157
2551.000	3.157
2552.000	3.156
2553.000	3.155
2554.000	3.154
2555.000	3.153
2556.000	3.152
2557.000	3.151
2558.000	3.150
2559.000	3.149
2560.000	3.148
2561.000	3.147
2562.000	3.146
2563.000	3.146
2564.000	3.145
2565.000	3.144
2566.000	3.143
2567.000	3.142
2568.000	3.141
2569.000	3.140
2570.000	3.139
2571.000	3.138
2572.000	3.137
2573.000	3.136
2574.000	3.136
2575.000	3.135
2576.000	3.134
2577.000	3.133
2578.000	3.132
2579.000	3.131
2580.000	3.130
2581.000	3.129
2582.000	3.128
2583.000	3.127
2584.000	3.126
2585.000	3.126
2586.000	3.125
2587.000	3.124
2588.000	3.123
2589.000	3.122
2590.000	3.121
2591.000	3.120
2592.000	3.119
2593.000	3.118
2594.000	3.117
2595.000	3.116
2596.000	3.116
2597.000	3.115
2598.000	3.114
2599.000	3.113
2600.000	3.112
2601.000	3.111
2602.000	3.110
2603.000	3.109
2604.000	3.108
2605.000	3.107
2606.000	3.106
2607.000	3.106
2608.000	3.105
2609.000	3.104
2610.000	3.103
2611.000	3.102
2612.000	3.101
2613.000	3.100
2614.000	3.099
2615.000	3.098
2616.000	3.097
2617.000	3.096
2618.000	3.096
2619.000	3.095
2620.000	3.094
2621.000	3.093
2622.000	3.092
2623.000	3.091
2624.000	3.090
2625.000	3.089
2626.000	3.088
2627.000	3.087
2628.000	3.086
2629.000	3.086
2630.000	3.085
2631.000	3.084
2632.000	3.083
2633.000	3.082
2634.000	3.081
2635.000	3.080
2636.000	3.079
2637.000	3.078
2638.000	3.077
2639.000	3.076
2640.000	3.076
2641.000	3.075
2642.000	3.074
2643.000	3.073
2644.000	3.072
2645.000	3.071
2646.000	3.070
2647.000	3.069
2648.000	3.068
2649.000	3.067
2650.000	3.066
2651.000	3.066
2652.000	3.065
2653.000	3.064
2654.000	3.063
2655.000	3.062
2656.000	3.061
2657.000	3.060
2658.000	3.059
2659.000	3.058
2660.000	3.057
2661.000	3.056
2662.000	3.056
2663.000	3.055
2664.000	3.054
2665.000	3.053
2666.000	3.052
2667.000	3.051
2668.000	3.050
2669.000	3.049
2670.000	3.048
2671.000	3.047
2672.000	3.046
2673.000	3.045
2674.000	3.045
2675.000	3.044
2676.000	3.043
2677.000	3.042
2678.000	3.041
2679.000	3.040
2680.000	3.039
2681.000	3.038
2682.000	3.037
2683.000	3.036
2684.000	3.035
2685.000	3.035
2686.000	3.034
2687.000	3.033
2688.000	3.032
2689.000	3.031
2690.000	3.030
2691.000	3.029
2692.000	3.028
2693.000	3.027
2694.000	3.026
2695.000	3.025
2696.000	3.025
2697.000	3.024
2698.000	3.023
2699.000	3.022
2700.000	3.021
2701.000	3.020
2702.000	3.019
2703.000	3.018
2704.000	3.017
2705.000	3.016
2706.000	3.015
2707.000	3.015
2708.000	3.014
2709.000	3.013
2710.000	3.012
2711.000	3.011
2712.000	3.010
2713.000	3.009
2714.000	3.008
2715.000	3.007
2716.000	3.006
2717.000	3.005
2718.000	3.005
2719.000	3.004
2720.000	3.003
2721.000	3.002
2722.000	3.001
2723.000	3.000
2724.000	2.999
2725.000	2.998
2726.000	2.997
2727.000	2.996
2728.000	2.995
2729.000	2.995
2730.000	2.994
2731.000	2.993
2732.000	2.992
2733.000	2.991
2734.000	2.990
2735.000	2.989
2736.000	2.988
2737.000	2.987
2738.000	2.986
2739.000	2.985
2740.000	2.985
2741.000	2.984
2742.000	2.983
2743.000	2.982
2744.000	2.981
2745.000	2.980
2746.000	2.979
2747.000	2.978
2748.000	2.977
2749.000	2.976
2750.000	2.975
2751.000	2.975
2752.000	2.974
2753.000	2.973
2754.000	2.972
2755.000	2.971
2756.000	2.970
2757.000	2.969
2758.000	2.968
2759.000	2.967
2760.000	2.966
2761.000	2.965
2762.000	2.965
2763.000	2.964
2764.000	2.963
2765.000	2.962
2766.000	2.961
2767.000	2.960
2768.000	2.959
2769.000	2.958
2770.000	2.957
2771.000	2.956
2772.000	2.955
2773.000	2.955
2774.000	2.954
2775.000	2.953
2776.000	2.952
2777.000	2.951
2778.000	2.950
2779.000	2.949
2780.000	2.948
2781.000	2.947
2782.000	2.946
2783.000	2.945
2784.000	2.944
2785.000	2.944
2786.000	2.943
2787.000	2.942
2788.000	2.941
2789.000	2.940
2790.000	2.939
2791.000	2.938
2792.000	2.937
2793.000	2.936
2794.000	2.935
2795.000	2.934
2796.000	2.934
2797.000	2.933
2798.000	2.932
2799.000	2.931
2800.000	2.930
2801.000	2.929
2802.000	2.928
2803.000	2.927
2804.000	2.926
2805.000	2.925
2806.000	2.924
2807.000	2.924
2808.000	2.923
2809.000	2.922
2810.000	2.921
2811.000	2.920
2812.000	2.919
2813.000	2.918
2814.000	2.917
2815.000	2.916
2816.000	2.915
2817.000	2.914
2818.000	2.914
2819.000	2.913
2820.000	2.912
2821.000	2.911
2822.000	2.910
2823.000	2.909
2824.000	2.908
2825.000	2.907
2826.000	2.906
2827.000	2.905
2828.000	2.904
2829.000	2.904
2830.000	2.903
2831.000	2.902
2832.000	2.901
2833.000	2.900
2834.000	2.899
2835.000	2.898
2836.000	2.897
2837.000	2.896
2838.000	2.895
2839.000	2.894
2840.000	2.894
2841.000	2.893
2842.000	2.892
2843.000	2.891
2844.000	2.890
2845.000	2.889
2846.000	2.888
2847.000	2.887
2848.000	2.886
2849.000	2.885
2850.000	2.884
2851.000	2.884
2852.000	2.883
2853.000	2.882
2854.000	2.881
2855.000	2.880
2856.000	2.879
2857.000	2.878
2858.000	2.877
2859.000	2.876
2860.000	2.875
2861.000	2.874
2862.000	2.874
2863.000	2.873
2864.000	2.872
2865.000	2.871
2866.000	2.870
2867.000	2.869
2868.000	2.868
2869.000	2.867
2870.000	2.866
2871.000	2.865
2872.000	2.864
2873.000	2.864
2874.000	2.863
2875.000	2.862
2876.000	2.861
2877.000	2.860
2878.000	2.859
2879.000	2.858
2880.000	2.857
2881.000	2.856
2882.000	2.855
2883.000	2.854
2884.000	2.854
2885.000	2.853
2886.000	2.852
2887.000	2.851
2888.000	2.850
2889.000	2.849
2890.000	2.848
2891.000	2.847
2892.000	2.846
2893.000	2.845
2894.000	2.844
2895.000	2.843
2896.000	2.843
2897.000	2.842
2898.000	2.841
2899.000	2.840
2900.000	2.839
2901.000	2.838
2902.000	2.837
2903.000	2.836
2904.000	2.835
2905.000	2.834
2906.000	2.833
2907.000	2.833
2908.000	2.832
2909.000	2.831
2910.000	2.830
2911.000	2.829
2912.000	2.828
2913.000	2.827
2914.000	2.826
2915.000	2.825
2916.000	2.824
2917.000	2.823
2918.000	2.823
2919.000	2.822
2920.000	2.821
2921.000	2.820
2922.000	2.819
2923.000	2.818
2924.000	2.817
2925.000	2.816
2926.000	2.815
2927.000	2.814
2928.000	2.813
2929.000	2.813
2930.000	2.812
2931.000	2.811
2932.000	2.810
2933.000	2.809
2934.000	2.808
2935.000	2.807
2936.000	2.806
2937.000	2.805
2938.000	2.804
2939.000	2.803
2940.000	2.803
2941.000	2.802
2942.000	2.801
2943.000	2.800
2944.000	2.799
2945.000	2.798
2946.000	2.797
2947.000	2.796
2948.000	2.795
2949.000	2.794
2950.000	2.793
2951.000	2.793
2952.000	2.792
2953.000	2.791
2954.000	2.790
2955.000	2.789
2956.000	2.788
2957.000	2.787
2958.000	2.786
2959.000	2.785
2960.000	2.784
2961.000	2.783
2962.000	2.783
2963.000	2.782
2964.000	2.781
2965.000	2.780
2966.000	2.779
2967.000	2.778
2968.000	2.777
2969.000	2.776
2970.000	2.775
2971.000	2.774
2972.000	2.773
2973.000	2.773
2974.000	2.772
2975.000	2.771
2976.000	2.770
2977.000	2.769
2978.000	2.768
2979.000	2.767
2980.000	2.766
2981.000	2.765
2982.000	2.764
2983.000	2.763
2984.000	2.763
2985.000	2.762
2986.000	2.761
2987.000	2.760
2988.000	2.759
2989.000	2.758
2990.000	2.757
2991.000	2.756
2992.000	2.755
2993.000	2.754
2994.000	2.753
2995.000	2.753
2996.000	2.752
2997.000	2.751
2998.000	2.750
2999.000	2.749
3000.000	2.748
3001.000	2.747
3002.000	2.746
3003.000	2.745
3004.000	2.744
3005.000	2.743
3006.000	2.742
3007.000	2.742
3008.000	2.741
3009.000	2.740
3010.000	2.739
3011.000	2.738
3012.000	2.737
3013.000	2.736
3014.000	2.735
3015.000	2.734
3016.000	2.733
3017.000	2.732
3018.000	2.732
3019.000	2.731
3020.000	2.730
3021.000	2.729
3022.000	2.728
3023.000	2.727
3024.000	2.726
3025.000	2.725
3026.000	2.724
3027.000	2.723
3028.000	2.722
3029.000	2.722
3030.000	2.721
3031.000	2.720
3032.000	2.719
3033.000	2.718
3034.000	2.717
3035.000	2.716
3036.000	2.715
3037.000	2.714
3038.000	2.713
3039.000	2.712
3040.000	2.712
3041.000	2.711
3042.000	2.710
3043.000	2.709
3044.000	2.708
3045.000	2.707
3046.000	2.706
3047.000	2.705
3048.000	2.704
3049.000	2.703
3050.000	2.702
3051.000	2.702
3052.000	2.701
3053.000	2.700
3054.000	2.699
3055.000	2.698
3056.000	2.697
3057.000	2.696
3058.000	2.695
3059.000	2.694
3060.000	2.693
3061.000	2.692
3062.000	2.692
3063.000	2.691
3064.000	2.690
3065.000	2.689
3066.000	2.688
3067.000	2.687
3068.000	2.686
3069.000	2.685
3070.000	2.684
3071.000	2.683
3072.000	2.682
3073.000	2.682
3074.000	2.681
3075.000	2.680
3076.000	2.679
3077.000	2.678
3078.000	2.677
3079.000	2.676
3080.000	2.675
3081.000	2.674
3082.000	2.673
3083.000	2.672
3084.000	2.672
3085.000	2.671
3086.000	2.670
3087.000	2.669
3088.000	2.668
3089.000	2.667
3090.000	2.666
3091.000	2.665
3092.000	2.664
3093.000	2.663
3094.000	2.662
3095.000	2.662
3096.000	2.661
3097.000	2.660
3098.000	2.659
3099.000	2.658
3100.000	2.657
3101.000	2.656
3102.000	2.655
3103.000	2.654
3104.000	2.653
3105.000	2.652
3106.000	2.652
3107.000	2.651
3108.000	2.650
3109.000	2.649
3110.000	2.648
3111.000	2.647
3112.000	2.646
3113.000	2.645
3114.000	2.644
3115.000	2.643
3116.000	2.642
3117.000	2.642
3118.000	2.641
3119.000	2.640
3120.000	2.639
3121.000	2.638
3122.000	2.637
3123.000	2.636
3124.000	2.635
3125.000	2.634
3126.000	2.633
3127.000	2.632
3128.000	2.631
3129.000	2.631
3130.000	2.630
3131.000	2.629
3132.000	2.628
3133.000	2.627
3134.000	2.626
3135.000	2.625
3136.000	2.624
3137.000	2.623
3138.000	2.622
3139.000	2.621
3140.000	2.621
3141.000	2.620
3142.000	2.619
3143.000	2.618
3144.000	2.617
3145.000	2.616
3146.000	2.615
3147.000	2.614
3148.000	2.613
3149.000	2.612
3150.000	2.611
3151.000	2.611
3152.000	2.610
3153.000	2.609
3154.000	2.608
3155.000	2.607
3156.000	2.606
3157.000	2.605
3158.000	2.604
3159.000	2.603
3160.000	2.602
3161.000	2.601
3162.000	2.601
3163.000	2.600
3164.000	2.599
3165.000	2.598
3166.000	2.597
3167.000	2.596
3168.000	2.595
3169.000	2.594
3170.000	2.593
3171.000	2.592
3172.000	2.591
3173.000	2.591
3174.000	2.590
3175.000	2.589
3176.000	2.588
3177.000	2.587
3178.000	2.586
3179.000	2.585
3180.000	2.584
3181.000	2.583
3182.000	2.582
3183.000	2.581
3184.000	2.581
3185.000	2.580
3186.000	2.579
3187.000	2.578
3188.000	2.577
3189.000	2.576
3190.000	2.575
3191.000	2.574
3192.000	2.573
3193.000	2.572
3194.000	2.571
3195.000	2.571
3196.000	2.570
3197.000	2.569
3198.000	2.568
3199.000	2.567
3200.000	2.566
3201.000	2.565
3202.000	2.564
3203.000	2.563
3204.000	2.562
3205.000	2.561
3206.000	2.561
3207.000	2.560
3208.000	2.559
3209.000	2.558
3210.000	2.557
3211.000	2.556
3212.000	2.555
3213.000	2.554
3214.000	2.553
3215.000	2.552
3216.000	2.551
3217.000	2.551
3218.000	2.550
3219.000	2.549
3220.000	2.548
3221.000	2.547
3222.000	2.546
3223.000	2.545
3224.000	2.544
3225.000	2.543
3226.000	2.542
3227.000	2.541
3228.000	2.541
3229.000	2.540
3230.000	2.539
3231.000	2.538
3232.000	2.537
3233.000	2.536
3234.000	2.535
3235.000	2.534
3236.000	2.533
3237.000	2.532
3238.000	2.531
3239.000	2.530
3240.000	2.530
3241.000	2.529
3242.000	2.528
3243.000	2.527
3244.000	2.526
3245.000	2.525
3246.000	2.524
3247.000	2.523
3248.000	2.522
3249.000	2.521
3250.000	2.520
3251.000	2.520
3252.000	2.519
3253.000	2.518
3254.000	2.517
3255.000	2.516
3256.000	2.515
3257.000	2.514
3258.000	2.513
3259.000	2.512
3260.000	2.511
3261.000	2.510
3262.000	2.510
3263.000	2.509
3264.000	2.508
3265.000	2.507
3266.000	2.506
3267.000	2.505
3268.000	2.504
3269.000	2.503
3270.000	2.502
3271.000	2.501
3272.000	2.500
3273.000	2.500
3274.000	2.499
3275.000	2.498
3276.000	2.497
3277.000	2.496
3278.000	2.495
3279.000	2.494
3280.000	2.493
3281.000	2.492
3282.000	2.491
3283.000	2.490
3284.000	2.490
3285.000	2.489
3286.000	2.488
3287.000	2.487
3288.000	2.486
3289.000	2.485
3290.000	2.484
3291.000	2.483
3292.000	2.482
3293.000	2.481
3294.000	2.480
3295.000	2.480
3296.000	2.479
3297.000	2.478
3298.000	2.477
3299.000	2.476
3300.000	2.475
3301.000	2.474
3302.000	2.473
3303.000	2.472
3304.000	2.471
3305.000	2.470
3306.000	2.470
3307.000	2.469
3308.000	2.468
3309.000	2.467
3310.000	2.466
3311.000	2.465
3312.000	2.464
3313.000	2.463
3314.000	2.462
3315.000	2.461
3316.000	2.460
3317.000	2.460
3318.000	2.459
3319.000	2.458
3320.000	2.457
3321.000	2.456
3322.000	2.455
3323.000	2.454
3324.000	2.453
3325.000	2.452
3326.000	2.451
3327.000	2.450
3328.000	2.450
3329.000	2.449
3330.000	2.448
3331.000	2.447
3332.000	2.446
3333.000	2.445
3334.000	2.444
3335.000	2.443
3336.000	2.442
3337.000	2.441
3338.000	2.440
3339.000	2.440
3340.000	2.439
3341.000	2.438
3342.000	2.437
3343.000	2.436
3344.000	2.435
3345.000	2.434
3346.000	2.433
3347.000	2.432
3348.000	2.431
3349.000	2.430
3350.000	2.429
3351.000	2.429
3352.000	2.428
3353.000	2.427
3354.000	2.426
3355.000	2.425
3356.000	2.424
3357.000	2.423
3358.000	2.422
3359.000	2.421
3360.000	2.420
3361.000	2.419
3362.000	2.419
3363.000	2.418
3364.000	2.417
3365.000	2.416
3366.000	2.415
3367.000	2.414
3368.000	2.413
3369.000	2.412
3370.000	2.411
3371.000	2.410
3372.000	2.409
3373.000	2.409
3374.000	2.408
3375.000	2.407
3376.000	2.406
3377.000	2.405
3378.000	2.404
3379.000	2.403
3380.000	2.402
3381.000	2.401
3382.000	2.400
3383.000	2.399
3384.000	2.399
3385.000	2.398
3386.000	2.397
3387.000	2.396
3388.000	2.395
3389.000	2.394
3390.000	2.393
3391.000	2.392
3392.000	2.391
3393.000	2.390
3394.000	2.389
3395.000	2.389
3396.000	2.388
3397.000	2.387
3398.000	2.386
3399.000	2.385
3400.000	2.384
3401.000	2.383
3402.000	2.382
3403.000	2.381
3404.000	2.380
3405.000	2.379
3406.000	2.379
3407.000	2.378
3408.000	2.377
3409.000	2.376
3410.000	2.375
3411.000	2.374
3412.000	2.373
3413.000	2.372
3414.000	2.371
3415.000	2.370
3416.000	2.369
3417.000	2.369
3418.000	2.368
3419.000	2.367
3420.000	2.366
3421.000	2.365
3422.000	2.364
3423.000	2.363
3424.000	2.362
3425.000	2.361
3426.000	2.360
3427.000	2.359
3428.000	2.359
3429.000	2.358
3430.000	2.357
3431.000	2.356
3432.000	2.355
3433.000	2.354
3434.000	2.353
3435.000	2.352
3436.000	2.351
3437.000	2.350
3438.000	2.349
3439.000	2.349
3440.000	2.348
3441.000	2.347
3442.000	2.346
3443.000	2.345
3444.000	2.344
3445.000	2.343
3446.000	2.342
3447.000	2.341
3448.000	2.340
3449.000	2.339
3450.000	2.339
3451.000	2.338
3452.000	2.337
3453.000	2.336
3454.000	2.335
3455.000	2.334
3456.000	2.333
3457.000	2.332
3458.000	2.331
3459.000	2.330
3460.000	2.329
3461.000	2.328
3462.000	2.328
3463.000	2.327
3464.000	2.326
3465.000	2.325
3466.000	2.324
3467.000	2.323
3468.000	2.322
3469.000	2.321
3470.000	2.320
3471.000	2.319
3472.000	2.318
3473.000	2.318
3474.000	2.317
3475.000	2.316
3476.000	2.315
3477.000	2.314
3478.000	2.313
3479.000	2.312
3480.000	2.311
3481.000	2.310
3482.000	2.309
3483.000	2.308
3484.000	2.308
3485.000	2.307
3486.000	2.306
3487.000	2.305
3488.000	2.304
3489.000	2.303
3490.000	2.302
3491.000	2.301
3492.000	2.300
3493.000	2.299
3494.000	2.298
3495.000	2.298
3496.000	2.297
3497.000	2.296
3498.000	2.295
3499.000	2.294
3500.000	2.293
3501.000	2.292
3502.000	2.291
3503.000	2.290
3504.000	2.289
3505.000	2.288
3506.000	2.288
3507.000	2.287
3508.000	2.286
3509.000	2.285
3510.000	2.284
3511.000	2.283
3512.000	2.282
3513.000	2.281
3514.000	2.280
3515.000	2.279
3516.000	2.278
3517.000	2.278
3518.000	2.277
3519.000	2.276
3520.000	2.275
3521.000	2.274
3522.000	2.273
3523.000	2.272
3524.000	2.271
3525.000	2.270
3526.000	2.269
3527.000	2.268
3528.000	2.268
3529.000	2.267
3530.000	2.266
3531.000	2.265
3532.000	2.264
3533.000	2.263
3534.000	2.262
3535.000	2.261
3536.000	2.260
3537.000	2.259
3538.000	2.258
3539.000	2.258
3540.000	2.257
3541.000	2.256
3542.000	2.255
3543.000	2.254
3544.000	2.253
3545.000	2.252
3546.000	2.251
3547.000	2.250
3548.000	2.249
3549.000	2.248
3550.000	2.248
3551.000	2.247
3552.000	2.246
3553.000	2.245
3554.000	2.244
3555.000	2.243
3556.000	2.242
3557.000	2.241
3558.000	2.240
3559.000	2.239
3560.000	2.238
3561.000	2.238
3562.000	2.237
3563.000	2.236
3564.000	2.235
3565.000	2.234
3566.000	2.233
3567.000	2.232
3568.000	2.231
3569.000	2.230
3570.000	2.229
3571.000	2.228
3572.000	2.227
3573.000	2.227
3574.000	2.226
3575.000	2.225
3576.000	2.224
3577.000	2.223
3578.000	2.222
3579.000	2.221
3580.000	2.220
3581.000	2.219
3582.000	2.218
3583.000	2.217
3584.000	2.217
3585.000	2.216
3586.000	2.215
3587.000	2.214
3588.000	2.213
3589.000	2.212
3590.000	2.211
3591.000	2.210
3592.000	2.209
3593.000	2.208
3594.000	2.207
3595.000	2.206
3596.000	2.206
3597.000	2.205
3598.000	2.204
3599.000	2.203
3600.000	2.202
3601.000	2.201
3602.000	2.200
3603.000	2.199
3604.000	2.198
3605.000	2.197
3606.000	2.196
3607.000	2.196
3608.000	2.195
3609.000	2.194
3610.000	2.193
3611.000	2.192
3612.000	2.191
3613.000	2.190
3614.000	2.189
3615.000	2.188
3616.000	2.187
3617.000	2.186
3618.000	2.186
3619.000	2.185
3620.000	2.184
3621.000	2.183
3622.000	2.182
3623.000	2.181
3624.000	2.180
3625.000	2.179
3626.000	2.178
3627.000	2.177
3628.000	2.176
3629.000	2.175
3630.000	2.175
3631.000	2.174
3632.000	2.173
3633.000	2.172
3634.000	2.171
3635.000	2.170
3636.000	2.169
3637.000	2.168
3638.000	2.167
3639.000	2.166
3640.000	2.165
3641.000	2.165
3642.000	2.164
3643.000	2.163
3644.000	2.162
3645.000	2.161
3646.000	2.160
3647.000	2.159
3648.000	2.158
3649.000	2.157
3650.000	2.156
3651.000	2.155
3652.000	2.154
3653.000	2.154
3654.000	2.153
3655.000	2.152
3656.000	2.151
3657.000	2.150
3658.000	2.149
3659.000	2.148
3660.000	2.147
3661.000	2.146
3662.000	2.145
3663.000	2.144
3664.000	2.144
3665.000	2.143
3666.000	2.142
3667.000	2.141
3668.000	2.140
3669.000	2.139
3670.000	2.138
3671.000	2.137
3672.000	2.136
3673.000	2.135
3674.000	2.134
3675.000	2.134
3676.000	2.133
3677.000	2.132
3678.000	2.131
3679.000	2.130
3680.000	2.129
3681.000	2.128
3682.000	2.127
3683.000	2.126
3684.000	2.125
3685.000	2.124
3686.000	2.123
3687.000	2.123
3688.000	2.122
3689.000	2.121
3690.000	2.120
3691.000	2.119
3692.000	2.118
3693.000	2.117
3694.000	2.116
3695.000	2.115
3696.000	2.114
3697.000	2.113
3698.000	2.113
3699.000	2.112
3700.000	2.111
3701.000	2.110
3702.000	2.109
3703.000	2.108
3704.000	2.107
3705.000	2.106
3706.000	2.105
3707.000	2.104
3708.000	2.103
3709.000	2.102
3710.000	2.102
3711.000	2.101
3712.000	2.100
3713.000	2.099
3714.000	2.098
3715.000	2.097
3716.000	2.096
3717.000	2.095
3718.000	2.094
3719.000	2.093
3720.000	2.092
3721.000	2.091
3722.000	2.090
3723.000	2.089
3724.000	2.089
3725.000	2.088
3726.000	2.087
3727.000	2.086
3728.000	2.085
3729.000	2.084
3730.000	2.083
3731.000	2.082
3732.000	2.081
3733.000	2.080
3734.000	2.079
3735.000	2.078
3736.000	2.077
3737.000	2.076
3738.000	2.075
3739.000	2.074
3740.000	2.073
3741.000	2.072
3742.000	2.071
3743.000	2.070
3744.000	2.069
3745.000	2.068
3746.000	2.068
3747.000	2.067
3748.000	2.066
3749.000	2.065
3750.000	2.064
3751.000	2.063
3752.000	2.062
3753.000	2.061
3754.000	2.060
3755.000	2.059
3756.000	2.058
3757.000	2.057
3758.000	2.057
3759.000	2.056
3760.000	2.055
3761.000	2.054
3762.000	2.053
3763.000	2.052
3764.000	2.051
3765.000	2.050
3766.000	2.049
3767.000	2.048
3768.000	2.047
3769.000	2.047
3770.000	2.046
3771.000	2.045
3772.000	2.044
3773.000	2.043
3774.000	2.042
3775.000	2.041
3776.000	2.040
3777.000	2.039
3778.000	2.038
3779.000	2.037
3780.000	2.037
3781.000	2.036
3782.000	2.035
3783.000	2.034
3784.000	2.033
3785.000	2.032
3786.000	2.031
3787.000	2.030
3788.000	2.029
3789.000	2.028
3790.000	2.027
3791.000	2.027
3792.000	2.026
3793.000	2.025
3794.000	2.024
3795.000	2.023
3796.000	2.022
3797.000	2.021
3798.000	2.020
3799.000	2.019
3800.000	2.018
3801.000	2.017
3802.000	2.017
3803.000	2.016
3804.000	2.015
3805.000	2.014
3806.000	2.013
3807.000	2.012
3808.000	2.011
3809.000	2.010
3810.000	2.009
3811.000	2.008
3812.000	2.007
3813.000	2.007
3814.000	2.006
3815.000	2.005
3816.000	2.004
3817.000	2.003
3818.000	2.002
3819.000	2.001
3820.000	2.000
3821.000	1.999
3822.000	1.998
3823.000	1.997
3824.000	1.997
3825.000	1.996
3826.000	1.995
3827.000	1.994
3828.000	1.993
3829.000	1.992
3830.000	1.991
3831.000	1.990
3832.000	1.989
3833.000	1.988
3834.000	1.987
3835.000	1.987
3836.000	1.986
3837.000	1.985
3838.000	1.984
3839.000	1.983
3840.000	1.982
3841.000	1.981
3842.000	1.980
3843.000	1.979
3844.000	1.978
3845.000	1.977
3846.000	1.977
3847.000	1.976
3848.000	1.975
3849.000	1.974
3850.000	1.973
3851.000	1.972
3852.000	1.971
3853.000	1.970
3854.000	1.969
3855.000	1.968
3856.000	1.967
3857.000	1.967
3858.000	1.966
3859.000	1.965
3860.000	1.964
3861.000	1.963
3862.000	1.962
3863.000	1.961
3864.000	1.960
3865.000	1.959
3866.000	1.958
3867.000	1.957
3868.000	1.957
3869.000	1.956
3870.000	1.955
3871.000	1.954
3872.000	1.953
3873.000	1.952
3874.000	1.951
3875.000	1.950
3876.000	1.949
3877.000	1.948
3878.000	1.947
3879.000	1.946
3880.000	1.946
3881.000	1.945
3882.000	1.944
3883.000	1.943
3884.000	1.942
3885.000	1.941
3886.000	1.940
3887.000	1.939
3888.000	1.938
3889.000	1.937
3890.000	1.936
3891.000	1.936
3892.000	1.935
3893.000	1.934
3894.000	1.933
3895.000	1.932
3896.000	1.931
3897.000	1.930
3898.000	1.929
3899.000	1.927
3900.000	1.926
3901.000	1.925
3902.000	1.924
3903.000	1.923
3904.000	1.922
3905.000	1.921
3906.000	1.920
3907.000	1.919
3908.000	1.918
3909.000	1.917
3910.000	1.917
3911.000	1.916
3912.000	1.915
3913.000	1.914
3914.000	1.913
3915.000	1.912
3916.000	1.911
3917.000	1.910
3918.000	1.909
3919.000	1.908
3920.000	1.907
3921.000	1.907
3922.000	1.906
3923.000	1.905
3924.000	1.904
3925.000	1.903
3926.000	1.902
3927.000	1.901
3928.000	1.900
3929.000	1.899
3930.000	1.898
3931.000	1.897
3932.000	1.897
3933.000	1.896
3934.000	1.895
3935.000	1.894
3936.000	1.893
3937.000	1.892
3938.000	1.891
3939.000	1.890
3940.000	1.889
3941.000	1.888
3942.000	1.887
3943.000	1.886
3944.000	1.886
3945.000	1.885
3946.000	1.884
3947.000	1.883
3948.000	1.882
3949.000	1.881
3950.000	1.880
3951.000	1.879
3952.000	1.878
3953.000	1.877
3954.000	1.876
3955.000	1.876
3956.000	1.875
3957.000	1.874
3958.000	1.873
3959.000	1.872
3960.000	1.871
3961.000	1.870
3962.000	1.869
3963.000	1.868
3964.000	1.867
3965.000	1.866
3966.000	1.866
3967.000	1.865
3968.000	1.864
3969.000	1.863
3970.000	1.862
3971.000	1.861
3972.000	1.860
3973.000	1.859
3974.000	1.858
3975.000	1.857
3976.000	1.856
3977.000	1.856
3978.000	1.855
3979.000	1.854
3980.000	1.853
3981.000	1.852
3982.000	1.851
3983.000	1.850
3984.000	1.849
3985.000	1.848
3986.000	1.847
3987.000	1.846
3988.000	1.846
3989.000	1.845
3990.000	1.844
3991.000	1.843
3992.000	1.842
3993.000	1.841
3994.000	1.840
3995.000	1.839
3996.000	1.838
3997.000	1.837
3998.000	1.836
3999.000	1.836
4000.000	1.835
4001.000	1.834
4002.000	1.833
4003.000	1.832
4004.000	1.831
4005.000	1.830
4006.000	1.829
4007.000	1.828
4008.000	1.827
4009.000	1.826
4010.000	1.826
4011.000	1.825
4012.000	1.824
4013.000	1.823
4014.000	1.822
4015.000	1.821
4016.000	1.820
4017.000	1.819
4018.000	1.818
4019.000	1.817
4020.000	1.816
4021.000	1.816
4022.000	1.815
4023.000	1.814
4024.000	1.813
4025.000	1.812
4026.000	1.811
4027.000	1.810
4028.000	1.809
4029.000	1.808
4030.000	1.807
4031.000	1.806
4032.000	1.806
4033.000	1.805
4034.000	1.804
4035.000	1.803
4036.000	1.802
4037.000	1.801
4038.000	1.800
4039.000	1.799
4040.000	1.798
4041.000	1.797
4042.000	1.796
4043.000	1.796
4044.000	1.795
4045.000	1.794
4046.000	1.793
4047.000	1.792
4048.000	1.791
4049.000	1.790
4050.000	1.789
4051.000	1.788
4052.000	1.787
4053.000	1.786
4054.000	1.785
4055.000	1.785
4056.000	1.784
4057.000	1.767
4058.000	1.766
4059.000	1.765
4060.000	1.764
4061.000	1.763
4062.000	1.762
4063.000	1.761
4064.000	1.760
4065.000	1.760
4066.000	1.759
4067.000	1.758
4068.000	1.757
4069.000	1.756
4070.000	1.755
4071.000	1.754
4072.000	1.753
4073.000	1.752
4074.000	1.751
4075.000	1.750
4076.000	1.750
4077.000	1.749
4078.000	1.748
4079.000	1.747
4080.000	1.723
4081.000	1.722
4082.000	1.722
4083.000	1.721
4084.000	1.720
4085.000	1.719
4086.000	1.718
4087.000	1.717
4088.000	1.716
4089.000	1.715
4090.000	1.714
4091.000	1.713
4092.000	1.691
4093.000	1.690
4094.000	1.689
4095.000	1.666
