0.000	43.982
1.000	43.982
2.000	43.982
3.000	43.982
4.000	43.982
5.000	43.982
6.000	43.982
7.000	43.982
8.000	43.982
9.000	43.982
10.000	43.982
11.000	43.982
12.000	43.982
13.000	43.982
14.000	43.982
15.000	43.982
16.000	43.982
17.000	43.982
18.000	43.982
19.000	43.982
20.000	43.982
21.000	43.982
22.000	43.982
23.000	43.982
24.000	43.982
25.000	43.982
26.000	43.982
27.000	43.982
28.000	43.982
29.000	43.982
30.000	43.982
31.000	43.982
32.000	43.982
33.000	43.982
34.000	43.982
35.000	43.982
36.000	43.982
37.000	43.982
38.000	43.982
39.000	43.982
40.000	43.982
41.000	43.982
42.000	43.982
43.000	43.982
44.000	43.982
45.000	43.982
46.000	43.982
47.000	43.982
48.000	43.982
49.000	43.982
50.000	43.982
51.000	43.982
52.000	43.982
53.000	43.982
54.000	43.982
55.000	43.982
56.000	43.982
57.000	43.982
58.000	43.982
59.000	43.982
60.000	43.982
61.000	43.982
62.000	43.982
63.000	43.982
64.000	43.982
65.000	43.982
66.000	43.982
67.000	43.982
68.000	43.982
69.000	43.982
70.000	43.982
71.000	43.982
72.000	43.982
73.000	43.982
74.000	43.982
75.000	43.982
76.000	43.982
77.000	43.982
78.000	43.982
79.000	43.982
80.000	43.982
81.000	43.982
82.000	43.982
83.000	43.982
84.000	43.982
85.000	43.982
86.000	43.982
87.000	43.982
88.000	43.982
89.000	43.982
90.000	43.982
91.000	43.982
92.000	43.982
93.000	43.982
94.000	43.982
95.000	43.982
96.000	43.982
97.000	43.982
98.000	43.982
99.000	43.982
100.000	43.982
101.000	43.982
102.000	43.982
103.000	43.982
104.000	43.982
105.000	43.982
106.000	43.982
107.000	43.982
108.000	43.982
109.000	43.982
110.000	43.982
111.000	43.982
112.000	43.982
113.000	43.982
114.000	43.982
115.000	43.982
116.000	43.982
117.000	43.982
118.000	43.982
119.000	43.982
120.000	43.982
121.000	43.982
122.000	43.982
123.000	43.982
124.000	43.982
125.000	43.982
126.000	43.982
127.000	43.982
128.000	43.982
129.000	43.982
130.000	43.982
131.000	43.982
132.000	43.982
133.000	43.982
134.000	43.982
135.000	43.982
136.000	43.982
137.000	43.982
138.000	43.982
139.000	43.982
140.000	43.982
141.000	43.982
142.000	43.982
143.000	43.982
144.000	43.982
145.000	43.982
146.000	43.982
147.000	43.982
148.000	43.982
149.000	43.982
150.000	43.982
151.000	43.982
152.000	43.982
153.000	43.982
154.000	43.982
155.000	43.982
156.000	43.982
157.000	43.982
158.000	43.982
159.000	43.982
160.000	43.982
161.000	43.982
162.000	43.982
163.000	43.982
164.000	43.982
165.000	43.982
166.000	43.982
167.000	43.982
168.000	43.982
169.000	43.982
170.000	43.982
171.000	43.982
172.000	43.982
173.000	43.982
174.000	43.982
175.000	43.982
176.000	43.982
177.000	43.982
178.000	43.982
179.000	43.982
180.000	43.982
181.000	43.982
182.000	43.982
183.000	43.982
184.000	43.982
185.000	43.982
186.000	43.982
187.000	43.982
188.000	43.982
189.000	43.982
190.000	43.982
191.000	43.982
192.000	43.982
193.000	43.982
194.000	43.982
195.000	43.982
196.000	43.982
197.000	43.982
198.000	43.982
199.000	43.982
200.000	43.982
201.000	43.982
202.000	43.982
203.000	43.982
204.000	43.982
205.000	43.982
206.000	43.982
207.000	43.982
208.000	43.982
209.000	43.982
210.000	43.982
211.000	43.982
212.000	43.982
213.000	43.982
214.000	43.982
215.000	43.982
216.000	43.982
217.000	43.982
218.000	43.982
219.000	43.982
220.000	43.982
221.000	43.982
222.000	43.982
223.000	43.982
224.000	43.982
225.000	43.982
226.000	43.982
227.000	43.982
228.000	43.982
229.000	43.982
230.000	43.982
231.000	43.982
232.000	43.982
233.000	43.982
234.000	43.982
235.000	43.982
236.000	43.982
237.000	43.982
238.000	43.982
239.000	43.982
240.000	43.982
241.000	43.982
242.000	43.982
243.000	43.982
244.000	43.982
245.000	43.982
246.000	43.982
247.000	43.982
248.000	43.982
249.000	43.982
250.000	43.982
251.000	43.982
252.000	43.982
253.000	43.982
254.000	43.982
255.000	43.982
256.000	43.982
257.000	43.982
258.000	43.982
259.000	43.982
260.000	43.982
261.000	43.982
262.000	43.982
263.000	43.982
264.000	43.982
265.000	43.982
266.000	43.982
267.000	43.982
268.000	43.982
269.000	43.982
270.000	43.982
271.000	43.982
272.000	43.982
273.000	43.982
274.000	43.982
275.000	43.982
276.000	43.982
277.000	43.982
278.000	43.982
279.000	43.982
280.000	43.982
281.000	43.982
282.000	43.982
283.000	43.982
284.000	43.982
285.000	43.982
286.000	43.982
287.000	43.982
288.000	43.982
289.000	43.982
290.000	43.982
291.000	43.982
292.000	43.982
293.000	43.982
294.000	43.982
295.000	43.982
296.000	43.982
297.000	43.982
298.000	43.982
299.000	43.982
300.000	43.982
301.000	43.982
302.000	43.982
303.000	43.982
304.000	43.982
305.000	43.982
306.000	43.982
307.000	43.982
308.000	43.982
309.000	43.982
310.000	43.982
311.000	43.982
312.000	43.982
313.000	43.982
314.000	43.982
315.000	43.982
316.000	43.982
317.000	43.982
318.000	43.982
319.000	43.982
320.000	43.982
321.000	43.982
322.000	43.982
323.000	43.982
324.000	43.982
325.000	43.982
326.000	43.982
327.000	43.982
328.000	43.982
329.000	43.982
330.000	43.982
331.000	43.982
332.000	43.982
333.000	43.982
334.000	43.982
335.000	43.982
336.000	43.982
337.000	43.982
338.000	43.982
339.000	43.982
340.000	43.982
341.000	43.982
342.000	43.982
343.000	43.982
344.000	43.982
345.000	43.982
346.000	43.982
347.000	43.982
348.000	43.982
349.000	43.982
350.000	43.982
351.000	43.982
352.000	43.982
353.000	43.982
354.000	43.982
355.000	43.982
356.000	43.982
357.000	43.982
358.000	43.982
359.000	43.982
360.000	43.982
361.000	43.982
362.000	43.982
363.000	43.982
364.000	43.982
365.000	43.982
366.000	43.982
367.000	43.982
368.000	43.982
369.000	43.982
370.000	43.982
371.000	43.982
372.000	43.982
373.000	43.982
374.000	43.982
375.000	43.982
376.000	43.982
377.000	43.982
378.000	43.982
379.000	43.982
380.000	43.982
381.000	43.982
382.000	43.982
383.000	43.982
384.000	43.982
385.000	43.982
386.000	43.982
387.000	43.982
388.000	43.982
389.000	43.982
390.000	43.982
391.000	43.982
392.000	43.982
393.000	43.982
394.000	43.982
395.000	43.982
396.000	43.982
397.000	43.982
398.000	43.982
399.000	43.982
400.000	43.982
401.000	43.982
402.000	43.982
403.000	43.982
404.000	43.982
405.000	43.982
406.000	43.982
407.000	43.982
408.000	43.982
409.000	43.982
410.000	43.982
411.000	43.982
412.000	43.982
413.000	43.982
414.000	43.982
415.000	43.982
416.000	43.982
417.000	43.982
418.000	43.982
419.000	43.982
420.000	43.982
421.000	43.982
422.000	43.982
423.000	43.982
424.000	43.982
425.000	43.982
426.000	43.982
427.000	43.982
428.000	43.982
429.000	43.982
430.000	43.982
431.000	43.982
432.000	43.982
433.000	43.982
434.000	43.982
435.000	43.982
436.000	43.982
437.000	43.982
438.000	43.982
439.000	43.982
440.000	43.982
441.000	43.982
442.000	43.982
443.000	43.982
444.000	43.982
445.000	43.982
446.000	43.982
447.000	43.982
448.000	43.982
449.000	43.982
450.000	43.982
451.000	43.982
452.000	43.982
453.000	43.982
454.000	43.982
455.000	43.982
456.000	43.982
457.000	43.982
458.000	43.982
459.000	43.982
460.000	43.982
461.000	43.982
462.000	43.982
463.000	43.982
464.000	43.982
465.000	43.982
466.000	43.982
467.000	43.982
468.000	43.982
469.000	43.982
470.000	43.982
471.000	43.982
472.000	43.982
473.000	43.982
474.000	43.982
475.000	43.982
476.000	43.982
477.000	43.982
478.000	43.982
479.000	43.982
480.000	43.982
481.000	43.982
482.000	43.982
483.000	43.982
484.000	43.982
485.000	43.982
486.000	43.982
487.000	43.982
488.000	43.982
489.000	43.982
490.000	43.982
491.000	43.982
492.000	43.982
493.000	43.982
494.000	43.982
495.000	43.982
496.000	43.982
497.000	43.982
498.000	43.982
499.000	43.982
500.000	43.982
501.000	43.982
502.000	43.982
503.000	43.982
504.000	43.982
505.000	43.982
506.000	43.982
507.000	43.982
508.000	43.982
509.000	43.982
510.000	43.982
511.000	43.982
512.000	43.982
513.000	43.982
514.000	43.982
515.000	43.982
516.000	43.982
517.000	43.982
518.000	43.982
519.000	43.982
520.000	43.982
521.000	43.982
522.000	43.982
523.000	43.982
524.000	43.982
525.000	43.982
526.000	43.982
527.000	43.982
528.000	43.982
529.000	43.982
530.000	43.982
531.000	43.982
532.000	43.982
533.000	43.982
534.000	43.982
535.000	43.982
536.000	43.982
537.000	43.982
538.000	43.982
539.000	43.982
540.000	43.982
541.000	43.982
542.000	43.982
543.000	43.982
544.000	43.982
545.000	43.982
546.000	43.982
547.000	43.982
548.000	43.982
549.000	43.982
550.000	43.982
551.000	43.982
552.000	43.982
553.000	43.982
554.000	43.982
555.000	43.982
556.000	43.982
557.000	43.982
558.000	43.982
559.000	43.982
560.000	43.982
561.000	43.982
562.000	43.982
563.000	43.982
564.000	43.982
565.000	43.982
566.000	43.982
567.000	43.982
568.000	43.982
569.000	43.982
570.000	43.982
571.000	43.982
572.000	43.982
573.000	43.982
574.000	43.982
575.000	43.982
576.000	43.982
577.000	43.982
578.000	43.982
579.000	43.982
580.000	43.982
581.000	43.982
582.000	43.982
583.000	43.982
584.000	43.982
585.000	43.982
586.000	43.982
587.000	43.982
588.000	43.982
589.000	43.982
590.000	43.982
591.000	43.982
592.000	43.982
593.000	43.982
594.000	43.982
595.000	43.982
596.000	43.982
597.000	43.982
598.000	43.982
599.000	43.982
600.000	43.982
601.000	43.982
602.000	43.982
603.000	43.982
604.000	43.982
605.000	43.982
606.000	43.982
607.000	43.982
608.000	43.982
609.000	43.982
610.000	43.982
611.000	43.982
612.000	43.982
613.000	43.982
614.000	43.982
615.000	43.982
616.000	43.982
617.000	43.982
618.000	43.982
619.000	43.982
620.000	43.982
621.000	43.982
622.000	43.982
623.000	43.982
624.000	43.982
625.000	43.982
626.000	43.982
627.000	43.982
628.000	43.982
629.000	43.982
630.000	43.982
631.000	43.982
632.000	43.982
633.000	43.982
634.000	43.982
635.000	43.982
636.000	43.982
637.000	43.982
638.000	43.982
639.000	43.982
640.000	43.982
641.000	43.982
642.000	43.982
643.000	43.982
644.000	43.982
645.000	43.982
646.000	43.982
647.000	43.982
648.000	43.982
649.000	43.982
650.000	43.982
651.000	43.982
652.000	43.982
653.000	43.982
654.000	43.982
655.000	43.982
656.000	43.982
657.000	43.982
658.000	43.982
659.000	43.982
660.000	43.982
661.000	43.982
662.000	43.982
663.000	43.982
664.000	43.982
665.000	43.982
666.000	43.982
667.000	43.982
668.000	43.982
669.000	43.982
670.000	43.982
671.000	43.982
672.000	43.982
673.000	43.982
674.000	43.982
675.000	43.982
676.000	43.982
677.000	43.982
678.000	43.982
679.000	43.982
680.000	43.982
681.000	43.982
682.000	43.982
683.000	43.982
684.000	43.982
685.000	43.982
686.000	43.982
687.000	43.982
688.000	43.982
689.000	43.982
690.000	43.982
691.000	43.982
692.000	43.982
693.000	43.982
694.000	43.982
695.000	43.982
696.000	43.982
697.000	43.982
698.000	43.982
699.000	43.982
700.000	43.982
701.000	43.982
702.000	43.982
703.000	43.982
704.000	43.982
705.000	43.982
706.000	43.982
707.000	43.982
708.000	43.982
709.000	43.982
710.000	43.982
711.000	43.982
712.000	43.982
713.000	43.982
714.000	43.982
715.000	43.982
716.000	43.982
717.000	43.982
718.000	43.982
719.000	43.982
720.000	43.982
721.000	43.982
722.000	43.982
723.000	43.982
724.000	43.982
725.000	43.982
726.000	43.982
727.000	43.982
728.000	43.982
729.000	43.982
730.000	43.982
731.000	43.982
732.000	43.982
733.000	43.982
734.000	43.982
735.000	43.982
736.000	43.982
737.000	43.982
738.000	43.982
739.000	43.982
740.000	43.982
741.000	43.982
742.000	43.982
743.000	43.982
744.000	43.982
745.000	43.982
746.000	43.982
747.000	43.982
748.000	43.982
749.000	43.982
750.000	43.982
751.000	43.982
752.000	43.982
753.000	43.982
754.000	43.982
755.000	43.982
756.000	43.982
757.000	43.982
758.000	43.982
759.000	43.982
760.000	43.982
761.000	43.982
762.000	43.982
763.000	43.982
764.000	43.982
765.000	43.982
766.000	43.982
767.000	43.982
768.000	43.982
769.000	43.982
770.000	43.982
771.000	43.982
772.000	43.982
773.000	43.982
774.000	43.982
775.000	43.982
776.000	43.982
777.000	43.982
778.000	43.982
779.000	43.982
780.000	43.982
781.000	43.982
782.000	43.982
783.000	43.982
784.000	43.982
785.000	43.982
786.000	43.982
787.000	43.982
788.000	43.982
789.000	43.982
790.000	43.982
791.000	43.982
792.000	43.982
793.000	43.982
794.000	43.982
795.000	43.982
796.000	43.982
797.000	43.982
798.000	43.982
799.000	43.982
800.000	43.982
801.000	43.982
802.000	43.982
803.000	43.982
804.000	43.982
805.000	43.982
806.000	43.982
807.000	43.982
808.000	43.982
809.000	43.982
810.000	43.982
811.000	43.982
812.000	43.982
813.000	43.982
814.000	43.982
815.000	43.982
816.000	43.982
817.000	43.982
818.000	43.982
819.000	43.982
820.000	43.982
821.000	43.982
822.000	43.982
823.000	43.982
824.000	43.982
825.000	43.982
826.000	43.982
827.000	43.982
828.000	43.982
829.000	43.982
830.000	43.982
831.000	43.982
832.000	43.982
833.000	43.982
834.000	43.982
835.000	43.982
836.000	43.982
837.000	43.982
838.000	43.982
839.000	43.982
840.000	43.982
841.000	43.982
842.000	43.982
843.000	43.982
844.000	43.982
845.000	43.982
846.000	43.982
847.000	43.982
848.000	43.982
849.000	43.982
850.000	43.982
851.000	43.982
852.000	43.982
853.000	43.982
854.000	43.982
855.000	43.982
856.000	43.982
857.000	43.982
858.000	43.982
859.000	43.982
860.000	43.982
861.000	43.982
862.000	43.982
863.000	43.982
864.000	43.982
865.000	43.982
866.000	43.982
867.000	43.982
868.000	43.982
869.000	43.982
870.000	43.982
871.000	43.982
872.000	43.982
873.000	43.982
874.000	43.982
875.000	43.982
876.000	43.982
877.000	43.982
878.000	43.982
879.000	43.982
880.000	43.982
881.000	43.982
882.000	43.982
883.000	43.982
884.000	43.982
885.000	43.982
886.000	43.982
887.000	43.982
888.000	43.982
889.000	43.982
890.000	43.982
891.000	43.982
892.000	43.982
893.000	43.982
894.000	43.982
895.000	43.982
896.000	43.982
897.000	43.982
898.000	43.982
899.000	43.982
900.000	43.982
901.000	43.982
902.000	43.982
903.000	43.982
904.000	43.982
905.000	43.982
906.000	43.982
907.000	43.982
908.000	43.982
909.000	43.982
910.000	43.982
911.000	43.982
912.000	43.982
913.000	43.982
914.000	43.982
915.000	43.982
916.000	43.982
917.000	43.982
918.000	43.982
919.000	43.982
920.000	43.982
921.000	43.982
922.000	43.982
923.000	43.982
924.000	43.982
925.000	43.982
926.000	43.982
927.000	43.982
928.000	43.982
929.000	43.982
930.000	43.982
931.000	43.982
932.000	43.982
933.000	43.982
934.000	43.982
935.000	43.982
936.000	43.982
937.000	43.982
938.000	43.982
939.000	43.982
940.000	43.982
941.000	43.982
942.000	43.982
943.000	43.982
944.000	43.982
945.000	43.982
946.000	43.982
947.000	43.982
948.000	43.982
949.000	43.982
950.000	43.982
951.000	43.982
952.000	43.982
953.000	43.982
954.000	43.982
955.000	43.982
956.000	43.982
957.000	43.982
958.000	43.982
959.000	43.982
960.000	43.982
961.000	43.982
962.000	43.982
963.000	43.982
964.000	43.982
965.000	43.982
966.000	43.982
967.000	43.982
968.000	43.982
969.000	43.982
970.000	43.982
971.000	43.982
972.000	43.982
973.000	43.982
974.000	43.982
975.000	43.982
976.000	43.982
977.000	43.982
978.000	43.982
979.000	43.982
980.000	43.982
981.000	43.982
982.000	43.982
983.000	43.982
984.000	43.982
985.000	43.982
986.000	43.982
987.000	43.982
988.000	43.982
989.000	43.982
990.000	43.982
991.000	43.982
992.000	43.982
993.000	43.982
994.000	43.982
995.000	43.982
996.000	43.982
997.000	43.982
998.000	43.982
999.000	43.982
1000.000	43.982
1001.000	43.982
1002.000	43.982
1003.000	43.982
1004.000	43.982
1005.000	43.982
1006.000	43.982
1007.000	43.982
1008.000	43.982
1009.000	43.982
1010.000	43.982
1011.000	43.982
1012.000	43.982
1013.000	43.982
1014.000	43.982
1015.000	43.982
1016.000	43.982
1017.000	43.982
1018.000	43.982
1019.000	43.982
1020.000	43.982
1021.000	43.982
1022.000	43.982
1023.000	43.982
1024.000	43.982
1025.000	43.982
1026.000	43.982
1027.000	43.982
1028.000	43.982
1029.000	43.982
1030.000	43.982
1031.000	43.982
1032.000	43.982
1033.000	43.982
1034.000	43.982
1035.000	43.982
1036.000	43.982
1037.000	43.982
1038.000	43.982
1039.000	43.982
1040.000	43.982
1041.000	43.982
1042.000	43.982
1043.000	43.982
1044.000	43.982
1045.000	43.982
1046.000	43.982
1047.000	43.982
1048.000	43.982
1049.000	43.982
1050.000	43.982
1051.000	43.982
1052.000	43.982
1053.000	43.982
1054.000	43.982
1055.000	43.982
1056.000	43.982
1057.000	43.982
1058.000	43.982
1059.000	43.982
1060.000	43.982
1061.000	43.982
1062.000	43.982
1063.000	43.982
1064.000	43.982
1065.000	43.982
1066.000	43.982
1067.000	43.982
1068.000	43.982
1069.000	43.982
1070.000	43.982
1071.000	43.982
1072.000	43.982
1073.000	43.982
1074.000	43.982
1075.000	43.982
1076.000	43.982
1077.000	43.982
1078.000	43.982
1079.000	43.982
1080.000	43.982
1081.000	43.982
1082.000	43.982
1083.000	43.982
1084.000	43.982
1085.000	43.982
1086.000	43.982
1087.000	43.982
1088.000	43.982
1089.000	43.982
1090.000	43.982
1091.000	43.982
1092.000	43.982
1093.000	43.982
1094.000	43.982
1095.000	43.982
1096.000	43.982
1097.000	43.982
1098.000	43.982
1099.000	43.982
1100.000	43.982
1101.000	43.982
1102.000	43.982
1103.000	43.982
1104.000	43.982
1105.000	43.982
1106.000	43.982
1107.000	43.982
1108.000	43.982
1109.000	43.982
1110.000	43.982
1111.000	43.982
1112.000	43.982
1113.000	43.982
1114.000	43.982
1115.000	43.982
1116.000	43.982
1117.000	43.982
1118.000	43.982
1119.000	43.982
1120.000	43.982
1121.000	43.982
1122.000	43.982
1123.000	43.982
1124.000	43.982
1125.000	43.982
1126.000	43.982
1127.000	43.982
1128.000	43.982
1129.000	43.982
1130.000	43.982
1131.000	43.982
1132.000	43.982
1133.000	43.982
1134.000	43.982
1135.000	43.982
1136.000	43.982
1137.000	43.982
1138.000	43.982
1139.000	43.982
1140.000	43.982
1141.000	43.982
1142.000	43.982
1143.000	43.982
1144.000	43.982
1145.000	43.982
1146.000	43.982
1147.000	43.982
1148.000	43.982
1149.000	43.982
1150.000	43.982
1151.000	43.982
1152.000	43.982
1153.000	43.982
1154.000	43.982
1155.000	43.982
1156.000	43.982
1157.000	43.982
1158.000	43.982
1159.000	43.982
1160.000	43.982
1161.000	43.982
1162.000	43.982
1163.000	43.982
1164.000	43.982
1165.000	43.982
1166.000	43.982
1167.000	43.982
1168.000	43.982
1169.000	43.982
1170.000	43.982
1171.000	43.982
1172.000	43.982
1173.000	43.982
1174.000	43.982
1175.000	43.982
1176.000	43.982
1177.000	43.982
1178.000	43.982
1179.000	43.982
1180.000	43.982
1181.000	43.982
1182.000	43.982
1183.000	43.982
1184.000	43.982
1185.000	43.982
1186.000	43.982
1187.000	43.982
1188.000	43.982
1189.000	43.982
1190.000	43.982
1191.000	43.982
1192.000	43.982
1193.000	43.982
1194.000	43.982
1195.000	43.982
1196.000	43.982
1197.000	43.982
1198.000	43.982
1199.000	43.982
1200.000	43.982
1201.000	43.982
1202.000	43.982
1203.000	43.982
1204.000	43.982
1205.000	43.982
1206.000	43.982
1207.000	43.982
1208.000	43.982
1209.000	43.982
1210.000	43.982
1211.000	43.982
1212.000	43.982
1213.000	43.982
1214.000	43.982
1215.000	43.982
1216.000	43.982
1217.000	43.982
1218.000	43.982
1219.000	43.982
1220.000	43.982
1221.000	43.982
1222.000	43.982
1223.000	43.982
1224.000	43.982
1225.000	43.982
1226.000	43.982
1227.000	43.982
1228.000	43.982
1229.000	43.982
1230.000	43.982
1231.000	43.982
1232.000	43.982
1233.000	43.982
1234.000	43.982
1235.000	43.982
1236.000	43.982
1237.000	43.982
1238.000	43.982
1239.000	43.982
1240.000	43.982
1241.000	43.982
1242.000	43.982
1243.000	43.982
1244.000	43.982
1245.000	43.982
1246.000	43.982
1247.000	43.982
1248.000	43.982
1249.000	43.982
1250.000	43.982
1251.000	43.982
1252.000	43.982
1253.000	43.982
1254.000	43.982
1255.000	43.982
1256.000	43.982
1257.000	43.982
1258.000	43.982
1259.000	43.982
1260.000	43.982
1261.000	43.982
1262.000	43.982
1263.000	43.982
1264.000	43.982
1265.000	43.982
1266.000	43.982
1267.000	43.982
1268.000	43.982
1269.000	43.982
1270.000	43.982
1271.000	43.982
1272.000	43.982
1273.000	43.982
1274.000	43.982
1275.000	43.982
1276.000	43.982
1277.000	43.982
1278.000	43.982
1279.000	43.982
1280.000	43.982
1281.000	43.982
1282.000	43.982
1283.000	43.982
1284.000	43.982
1285.000	43.982
1286.000	43.982
1287.000	43.982
1288.000	43.982
1289.000	43.982
1290.000	43.982
1291.000	43.982
1292.000	43.982
1293.000	43.982
1294.000	43.982
1295.000	43.982
1296.000	43.982
1297.000	43.982
1298.000	43.982
1299.000	43.982
1300.000	43.982
1301.000	43.982
1302.000	43.982
1303.000	43.982
1304.000	43.982
1305.000	43.982
1306.000	43.982
1307.000	43.982
1308.000	43.982
1309.000	43.982
1310.000	43.982
1311.000	43.982
1312.000	43.982
1313.000	43.982
1314.000	43.982
1315.000	43.982
1316.000	43.982
1317.000	43.982
1318.000	43.982
1319.000	43.982
1320.000	43.982
1321.000	43.982
1322.000	43.982
1323.000	43.982
1324.000	43.982
1325.000	43.982
1326.000	43.982
1327.000	43.982
1328.000	43.982
1329.000	43.982
1330.000	43.982
1331.000	43.982
1332.000	43.982
1333.000	43.982
1334.000	43.982
1335.000	43.982
1336.000	43.982
1337.000	43.982
1338.000	43.982
1339.000	43.982
1340.000	43.982
1341.000	43.982
1342.000	43.982
1343.000	43.982
1344.000	43.982
1345.000	43.982
1346.000	43.982
1347.000	43.982
1348.000	43.982
1349.000	43.982
1350.000	43.982
1351.000	43.982
1352.000	43.982
1353.000	43.982
1354.000	43.982
1355.000	43.982
1356.000	43.982
1357.000	43.982
1358.000	43.982
1359.000	43.982
1360.000	43.982
1361.000	43.982
1362.000	43.982
1363.000	43.982
1364.000	43.982
1365.000	43.982
1366.000	43.982
1367.000	43.982
1368.000	43.982
1369.000	43.982
1370.000	43.982
1371.000	43.982
1372.000	43.982
1373.000	43.982
1374.000	43.982
1375.000	43.982
1376.000	43.982
1377.000	43.982
1378.000	43.982
1379.000	43.982
1380.000	43.982
1381.000	43.982
1382.000	43.982
1383.000	43.982
1384.000	43.982
1385.000	43.982
1386.000	43.982
1387.000	43.982
1388.000	43.982
1389.000	43.982
1390.000	43.982
1391.000	43.982
1392.000	43.982
1393.000	43.982
1394.000	43.982
1395.000	43.982
1396.000	43.982
1397.000	43.982
1398.000	43.982
1399.000	43.982
1400.000	43.982
1401.000	43.982
1402.000	43.982
1403.000	43.982
1404.000	43.982
1405.000	43.982
1406.000	43.982
1407.000	43.982
1408.000	43.982
1409.000	43.982
1410.000	43.982
1411.000	43.982
1412.000	43.982
1413.000	43.982
1414.000	43.982
1415.000	43.982
1416.000	43.982
1417.000	43.982
1418.000	43.982
1419.000	43.982
1420.000	43.982
1421.000	43.982
1422.000	43.982
1423.000	43.982
1424.000	43.982
1425.000	43.982
1426.000	43.982
1427.000	43.982
1428.000	43.982
1429.000	43.982
1430.000	43.982
1431.000	43.982
1432.000	43.982
1433.000	43.982
1434.000	43.982
1435.000	43.982
1436.000	43.982
1437.000	43.982
1438.000	43.982
1439.000	43.982
1440.000	43.982
1441.000	43.982
1442.000	43.982
1443.000	43.982
1444.000	43.982
1445.000	43.982
1446.000	43.982
1447.000	43.982
1448.000	43.982
1449.000	43.982
1450.000	43.982
1451.000	43.982
1452.000	43.982
1453.000	43.982
1454.000	43.982
1455.000	43.982
1456.000	43.982
1457.000	43.982
1458.000	43.982
1459.000	43.982
1460.000	43.982
1461.000	43.982
1462.000	43.982
1463.000	43.982
1464.000	43.982
1465.000	43.982
1466.000	43.982
1467.000	43.982
1468.000	43.982
1469.000	43.982
1470.000	43.982
1471.000	43.982
1472.000	43.982
1473.000	43.982
1474.000	43.982
1475.000	43.982
1476.000	43.982
1477.000	43.982
1478.000	43.982
1479.000	43.982
1480.000	43.982
1481.000	43.982
1482.000	43.982
1483.000	43.982
1484.000	43.982
1485.000	43.982
1486.000	43.982
1487.000	43.982
1488.000	43.982
1489.000	43.982
1490.000	43.982
1491.000	43.982
1492.000	43.982
1493.000	43.982
1494.000	43.982
1495.000	43.982
1496.000	43.982
1497.000	43.982
1498.000	43.982
1499.000	43.982
1500.000	43.982
1501.000	43.982
1502.000	43.982
1503.000	43.982
1504.000	43.982
1505.000	43.982
1506.000	43.982
1507.000	43.982
1508.000	43.982
1509.000	43.982
1510.000	43.982
1511.000	43.982
1512.000	43.982
1513.000	43.982
1514.000	43.982
1515.000	43.982
1516.000	43.982
1517.000	43.982
1518.000	43.982
1519.000	43.982
1520.000	43.982
1521.000	43.982
1522.000	43.982
1523.000	43.982
1524.000	43.982
1525.000	43.982
1526.000	43.982
1527.000	43.982
1528.000	43.982
1529.000	43.982
1530.000	43.982
1531.000	43.982
1532.000	43.982
1533.000	43.982
1534.000	43.982
1535.000	43.982
1536.000	43.982
1537.000	43.982
1538.000	43.982
1539.000	43.982
1540.000	43.982
1541.000	43.982
1542.000	43.982
1543.000	43.982
1544.000	43.982
1545.000	43.982
1546.000	43.982
1547.000	43.982
1548.000	43.982
1549.000	43.982
1550.000	43.982
1551.000	43.982
1552.000	43.982
1553.000	43.982
1554.000	43.982
1555.000	43.982
1556.000	43.982
1557.000	43.982
1558.000	43.982
1559.000	43.982
1560.000	43.982
1561.000	43.982
1562.000	43.982
1563.000	43.982
1564.000	43.982
1565.000	43.982
1566.000	43.982
1567.000	43.982
1568.000	43.982
1569.000	43.982
1570.000	43.982
1571.000	43.982
1572.000	43.982
1573.000	43.982
1574.000	43.982
1575.000	43.982
1576.000	43.982
1577.000	43.982
1578.000	43.982
1579.000	43.982
1580.000	43.982
1581.000	43.982
1582.000	43.982
1583.000	43.982
1584.000	43.982
1585.000	43.982
1586.000	43.982
1587.000	43.982
1588.000	43.982
1589.000	43.982
1590.000	43.982
1591.000	43.982
1592.000	43.982
1593.000	43.982
1594.000	43.982
1595.000	43.982
1596.000	43.982
1597.000	43.982
1598.000	43.982
1599.000	43.982
1600.000	43.982
1601.000	43.982
1602.000	43.982
1603.000	43.982
1604.000	43.982
1605.000	43.982
1606.000	43.982
1607.000	43.982
1608.000	43.982
1609.000	43.982
1610.000	43.982
1611.000	43.982
1612.000	43.982
1613.000	43.982
1614.000	43.982
1615.000	43.982
1616.000	43.982
1617.000	43.982
1618.000	43.982
1619.000	43.982
1620.000	43.982
1621.000	43.982
1622.000	43.982
1623.000	43.982
1624.000	43.982
1625.000	43.982
1626.000	43.982
1627.000	43.982
1628.000	43.982
1629.000	43.982
1630.000	43.982
1631.000	43.982
1632.000	43.982
1633.000	43.982
1634.000	43.982
1635.000	43.982
1636.000	43.982
1637.000	43.982
1638.000	43.982
1639.000	43.982
1640.000	43.982
1641.000	43.982
1642.000	43.982
1643.000	43.982
1644.000	43.982
1645.000	43.982
1646.000	43.982
1647.000	43.982
1648.000	43.982
1649.000	43.982
1650.000	43.982
1651.000	43.982
1652.000	43.982
1653.000	43.982
1654.000	43.982
1655.000	43.982
1656.000	43.982
1657.000	43.982
1658.000	43.982
1659.000	43.982
1660.000	43.982
1661.000	43.982
1662.000	43.982
1663.000	43.982
1664.000	43.982
1665.000	43.982
1666.000	43.982
1667.000	43.982
1668.000	43.982
1669.000	43.982
1670.000	43.982
1671.000	43.982
1672.000	43.982
1673.000	43.982
1674.000	43.982
1675.000	43.982
1676.000	43.982
1677.000	43.982
1678.000	43.982
1679.000	43.982
1680.000	43.982
1681.000	43.982
1682.000	43.982
1683.000	43.982
1684.000	43.982
1685.000	43.982
1686.000	43.982
1687.000	43.982
1688.000	43.982
1689.000	43.982
1690.000	43.982
1691.000	43.982
1692.000	43.982
1693.000	43.982
1694.000	43.982
1695.000	43.982
1696.000	43.982
1697.000	43.982
1698.000	43.982
1699.000	43.982
1700.000	43.982
1701.000	43.982
1702.000	43.982
1703.000	43.982
1704.000	43.982
1705.000	43.982
1706.000	43.982
1707.000	43.982
1708.000	43.982
1709.000	43.982
1710.000	43.982
1711.000	43.982
1712.000	43.982
1713.000	43.982
1714.000	43.982
1715.000	43.982
1716.000	43.982
1717.000	43.982
1718.000	43.982
1719.000	43.982
1720.000	43.982
1721.000	43.982
1722.000	43.982
1723.000	43.982
1724.000	43.982
1725.000	43.982
1726.000	43.982
1727.000	43.982
1728.000	43.982
1729.000	43.982
1730.000	43.982
1731.000	43.982
1732.000	43.982
1733.000	43.982
1734.000	43.982
1735.000	43.982
1736.000	43.982
1737.000	43.982
1738.000	43.982
1739.000	43.982
1740.000	43.982
1741.000	43.982
1742.000	43.982
1743.000	43.982
1744.000	43.982
1745.000	43.982
1746.000	43.982
1747.000	43.982
1748.000	43.982
1749.000	43.982
1750.000	43.982
1751.000	43.982
1752.000	43.982
1753.000	43.982
1754.000	43.982
1755.000	43.982
1756.000	43.982
1757.000	43.982
1758.000	43.982
1759.000	43.982
1760.000	43.982
1761.000	43.982
1762.000	43.982
1763.000	43.982
1764.000	43.982
1765.000	43.982
1766.000	43.982
1767.000	43.982
1768.000	43.982
1769.000	43.982
1770.000	43.982
1771.000	43.982
1772.000	43.982
1773.000	43.982
1774.000	43.982
1775.000	43.982
1776.000	43.982
1777.000	43.982
1778.000	43.982
1779.000	43.982
1780.000	43.982
1781.000	43.982
1782.000	43.982
1783.000	43.982
1784.000	43.982
1785.000	43.982
1786.000	43.982
1787.000	43.982
1788.000	43.982
1789.000	43.982
1790.000	43.982
1791.000	43.982
1792.000	43.982
1793.000	43.982
1794.000	43.982
1795.000	43.982
1796.000	43.982
1797.000	43.982
1798.000	43.982
1799.000	43.982
1800.000	43.982
1801.000	43.982
1802.000	43.982
1803.000	43.982
1804.000	43.982
1805.000	43.982
1806.000	43.982
1807.000	43.982
1808.000	43.982
1809.000	43.982
1810.000	43.982
1811.000	43.982
1812.000	43.982
1813.000	43.982
1814.000	43.982
1815.000	43.982
1816.000	43.982
1817.000	43.982
1818.000	43.982
1819.000	43.982
1820.000	43.982
1821.000	43.982
1822.000	43.982
1823.000	43.982
1824.000	43.982
1825.000	43.982
1826.000	43.982
1827.000	43.982
1828.000	43.982
1829.000	43.982
1830.000	43.982
1831.000	43.982
1832.000	43.982
1833.000	43.982
1834.000	43.982
1835.000	43.982
1836.000	43.982
1837.000	43.982
1838.000	43.982
1839.000	43.982
1840.000	43.982
1841.000	43.982
1842.000	43.982
1843.000	43.982
1844.000	43.982
1845.000	43.982
1846.000	43.982
1847.000	43.982
1848.000	43.982
1849.000	43.982
1850.000	43.982
1851.000	43.982
1852.000	43.982
1853.000	43.982
1854.000	43.982
1855.000	43.982
1856.000	43.982
1857.000	43.982
1858.000	43.982
1859.000	43.982
1860.000	43.982
1861.000	43.982
1862.000	43.982
1863.000	43.982
1864.000	43.982
1865.000	43.982
1866.000	43.982
1867.000	43.982
1868.000	43.982
1869.000	43.982
1870.000	43.982
1871.000	43.982
1872.000	43.982
1873.000	43.982
1874.000	43.982
1875.000	43.982
1876.000	43.982
1877.000	43.982
1878.000	43.982
1879.000	43.982
1880.000	43.982
1881.000	43.982
1882.000	43.982
1883.000	43.982
1884.000	43.982
1885.000	43.982
1886.000	43.982
1887.000	43.982
1888.000	43.982
1889.000	43.982
1890.000	43.982
1891.000	43.982
1892.000	43.982
1893.000	43.982
1894.000	43.982
1895.000	43.982
1896.000	43.982
1897.000	43.982
1898.000	43.982
1899.000	43.982
1900.000	43.982
1901.000	43.982
1902.000	43.982
1903.000	43.982
1904.000	43.982
1905.000	43.982
1906.000	43.982
1907.000	43.982
1908.000	43.982
1909.000	43.982
1910.000	43.982
1911.000	43.982
1912.000	43.982
1913.000	43.982
1914.000	43.982
1915.000	43.982
1916.000	43.982
1917.000	43.982
1918.000	43.982
1919.000	43.982
1920.000	43.982
1921.000	43.982
1922.000	43.982
1923.000	43.982
1924.000	43.982
1925.000	43.982
1926.000	43.982
1927.000	43.982
1928.000	43.982
1929.000	43.982
1930.000	43.982
1931.000	43.982
1932.000	43.982
1933.000	43.982
1934.000	43.982
1935.000	43.982
1936.000	43.982
1937.000	43.982
1938.000	43.982
1939.000	43.982
1940.000	43.982
1941.000	43.982
1942.000	43.982
1943.000	43.982
1944.000	43.982
1945.000	43.982
1946.000	43.982
1947.000	43.982
1948.000	43.982
1949.000	43.982
1950.000	43.982
1951.000	43.982
1952.000	43.982
1953.000	43.982
1954.000	43.982
1955.000	43.982
1956.000	43.982
1957.000	43.982
1958.000	43.982
1959.000	43.982
1960.000	43.982
1961.000	43.982
1962.000	43.982
1963.000	43.982
1964.000	43.982
1965.000	43.982
1966.000	43.982
1967.000	43.982
1968.000	43.982
1969.000	43.982
1970.000	43.982
1971.000	43.982
1972.000	43.982
1973.000	43.982
1974.000	43.982
1975.000	43.982
1976.000	43.982
1977.000	43.982
1978.000	43.982
1979.000	43.982
1980.000	43.982
1981.000	43.982
1982.000	43.982
1983.000	43.982
1984.000	43.982
1985.000	43.982
1986.000	43.982
1987.000	43.982
1988.000	43.982
1989.000	43.982
1990.000	43.982
1991.000	43.982
1992.000	43.982
1993.000	43.982
1994.000	43.982
1995.000	43.982
1996.000	43.982
1997.000	43.982
1998.000	43.982
1999.000	43.982
2000.000	43.982
2001.000	43.982
2002.000	43.982
2003.000	43.982
2004.000	43.982
2005.000	43.982
2006.000	43.982
2007.000	43.982
2008.000	43.982
2009.000	43.982
2010.000	43.982
2011.000	43.982
2012.000	43.982
2013.000	43.982
2014.000	43.982
2015.000	43.982
2016.000	43.982
2017.000	43.982
2018.000	43.982
2019.000	43.982
2020.000	43.982
2021.000	43.982
2022.000	43.982
2023.000	43.982
2024.000	43.982
2025.000	43.982
2026.000	43.982
2027.000	43.982
2028.000	43.982
2029.000	43.982
2030.000	43.982
2031.000	43.982
2032.000	43.982
2033.000	43.982
2034.000	43.982
2035.000	43.982
2036.000	43.982
2037.000	43.982
2038.000	43.982
2039.000	43.982
2040.000	43.982
2041.000	43.982
2042.000	43.982
2043.000	43.982
2044.000	43.982
2045.000	43.982
2046.000	43.982
2047.000	43.982
2048.000	43.982
2049.000	43.982
2050.000	43.982
2051.000	43.982
2052.000	43.982
2053.000	43.982
2054.000	43.982
2055.000	43.982
2056.000	43.982
2057.000	43.982
2058.000	43.982
2059.000	43.982
2060.000	43.982
2061.000	43.982
2062.000	43.982
2063.000	43.982
2064.000	43.982
2065.000	43.982
2066.000	43.982
2067.000	43.982
2068.000	43.982
2069.000	43.982
2070.000	43.982
2071.000	43.982
2072.000	43.982
2073.000	43.982
2074.000	43.982
2075.000	43.982
2076.000	43.982
2077.000	43.982
2078.000	43.982
2079.000	43.982
2080.000	43.982
2081.000	43.982
2082.000	43.982
2083.000	43.982
2084.000	43.982
2085.000	43.982
2086.000	43.982
2087.000	43.982
2088.000	43.982
2089.000	43.982
2090.000	43.982
2091.000	43.982
2092.000	43.982
2093.000	43.982
2094.000	43.982
2095.000	43.982
2096.000	43.982
2097.000	43.982
2098.000	43.982
2099.000	43.982
2100.000	43.982
2101.000	43.982
2102.000	43.982
2103.000	43.982
2104.000	43.982
2105.000	43.982
2106.000	43.982
2107.000	43.982
2108.000	43.982
2109.000	43.982
2110.000	43.982
2111.000	43.982
2112.000	43.982
2113.000	43.982
2114.000	43.982
2115.000	43.982
2116.000	43.982
2117.000	43.982
2118.000	43.982
2119.000	43.982
2120.000	43.982
2121.000	43.982
2122.000	43.982
2123.000	43.982
2124.000	43.982
2125.000	43.982
2126.000	43.982
2127.000	43.982
2128.000	43.982
2129.000	43.982
2130.000	43.982
2131.000	43.982
2132.000	43.982
2133.000	43.982
2134.000	43.982
2135.000	43.982
2136.000	43.982
2137.000	43.982
2138.000	43.982
2139.000	43.982
2140.000	43.982
2141.000	43.982
2142.000	43.982
2143.000	43.982
2144.000	43.982
2145.000	43.982
2146.000	43.982
2147.000	43.982
2148.000	43.982
2149.000	43.982
2150.000	43.982
2151.000	43.982
2152.000	43.982
2153.000	43.982
2154.000	43.982
2155.000	43.982
2156.000	43.982
2157.000	43.982
2158.000	43.982
2159.000	43.982
2160.000	43.982
2161.000	43.982
2162.000	43.982
2163.000	43.982
2164.000	43.982
2165.000	43.982
2166.000	43.982
2167.000	43.982
2168.000	43.982
2169.000	43.982
2170.000	43.982
2171.000	43.982
2172.000	43.982
2173.000	43.982
2174.000	43.982
2175.000	43.982
2176.000	43.982
2177.000	43.982
2178.000	43.982
2179.000	43.982
2180.000	43.982
2181.000	43.982
2182.000	43.982
2183.000	43.982
2184.000	43.982
2185.000	43.982
2186.000	43.982
2187.000	43.982
2188.000	43.982
2189.000	43.982
2190.000	43.982
2191.000	43.982
2192.000	43.982
2193.000	43.982
2194.000	43.982
2195.000	43.982
2196.000	43.982
2197.000	43.982
2198.000	43.982
2199.000	43.982
2200.000	43.982
2201.000	43.982
2202.000	43.982
2203.000	43.982
2204.000	43.982
2205.000	43.982
2206.000	43.982
2207.000	43.982
2208.000	43.982
2209.000	43.982
2210.000	43.982
2211.000	43.982
2212.000	43.982
2213.000	43.982
2214.000	43.982
2215.000	43.982
2216.000	43.982
2217.000	43.982
2218.000	43.982
2219.000	43.982
2220.000	43.982
2221.000	43.982
2222.000	43.982
2223.000	43.982
2224.000	43.982
2225.000	43.982
2226.000	43.982
2227.000	43.982
2228.000	43.982
2229.000	43.982
2230.000	43.982
2231.000	43.982
2232.000	43.982
2233.000	43.982
2234.000	43.982
2235.000	43.982
2236.000	43.982
2237.000	43.982
2238.000	43.982
2239.000	43.982
2240.000	43.982
2241.000	43.982
2242.000	43.982
2243.000	43.982
2244.000	43.982
2245.000	43.982
2246.000	43.982
2247.000	43.982
2248.000	43.982
2249.000	43.982
2250.000	43.982
2251.000	43.982
2252.000	43.982
2253.000	43.982
2254.000	43.982
2255.000	43.982
2256.000	43.982
2257.000	43.982
2258.000	43.982
2259.000	43.982
2260.000	43.982
2261.000	43.982
2262.000	43.982
2263.000	43.982
2264.000	43.982
2265.000	43.982
2266.000	43.982
2267.000	43.982
2268.000	43.982
2269.000	43.982
2270.000	43.982
2271.000	43.982
2272.000	43.982
2273.000	43.982
2274.000	43.982
2275.000	43.982
2276.000	43.982
2277.000	43.982
2278.000	43.982
2279.000	43.982
2280.000	43.982
2281.000	43.982
2282.000	43.982
2283.000	43.982
2284.000	43.982
2285.000	43.982
2286.000	43.982
2287.000	43.982
2288.000	43.982
2289.000	43.982
2290.000	43.982
2291.000	43.982
2292.000	43.982
2293.000	43.982
2294.000	43.982
2295.000	43.982
2296.000	43.982
2297.000	43.982
2298.000	43.982
2299.000	43.982
2300.000	43.982
2301.000	43.982
2302.000	43.982
2303.000	43.982
2304.000	43.982
2305.000	43.982
2306.000	43.982
2307.000	43.982
2308.000	43.982
2309.000	43.982
2310.000	43.982
2311.000	43.982
2312.000	43.982
2313.000	43.982
2314.000	43.982
2315.000	43.982
2316.000	43.982
2317.000	43.982
2318.000	43.982
2319.000	43.982
2320.000	43.982
2321.000	43.982
2322.000	43.982
2323.000	43.982
2324.000	43.982
2325.000	43.982
2326.000	43.982
2327.000	43.982
2328.000	43.982
2329.000	43.982
2330.000	43.982
2331.000	43.982
2332.000	43.982
2333.000	43.982
2334.000	43.982
2335.000	43.982
2336.000	43.982
2337.000	43.982
2338.000	43.982
2339.000	43.982
2340.000	43.982
2341.000	43.982
2342.000	43.982
2343.000	43.982
2344.000	43.982
2345.000	43.982
2346.000	43.982
2347.000	43.982
2348.000	43.982
2349.000	43.982
2350.000	43.982
2351.000	43.982
2352.000	43.982
2353.000	43.982
2354.000	43.982
2355.000	43.982
2356.000	43.982
2357.000	43.982
2358.000	43.982
2359.000	43.982
2360.000	43.982
2361.000	43.982
2362.000	43.982
2363.000	43.982
2364.000	43.982
2365.000	43.982
2366.000	43.982
2367.000	43.982
2368.000	43.982
2369.000	43.982
2370.000	43.982
2371.000	43.982
2372.000	43.982
2373.000	43.982
2374.000	43.982
2375.000	43.982
2376.000	43.982
2377.000	43.982
2378.000	43.982
2379.000	43.982
2380.000	43.982
2381.000	43.982
2382.000	43.982
2383.000	43.982
2384.000	43.982
2385.000	43.982
2386.000	43.982
2387.000	43.982
2388.000	43.982
2389.000	43.982
2390.000	43.982
2391.000	43.982
2392.000	43.982
2393.000	43.982
2394.000	43.982
2395.000	43.982
2396.000	43.982
2397.000	43.982
2398.000	43.982
2399.000	43.982
2400.000	43.982
2401.000	43.982
2402.000	43.982
2403.000	43.982
2404.000	43.982
2405.000	43.982
2406.000	43.982
2407.000	43.982
2408.000	43.982
2409.000	43.982
2410.000	43.982
2411.000	43.982
2412.000	43.982
2413.000	43.982
2414.000	43.982
2415.000	43.982
2416.000	43.982
2417.000	43.982
2418.000	43.982
2419.000	43.982
2420.000	43.982
2421.000	43.982
2422.000	43.982
2423.000	43.982
2424.000	43.982
2425.000	43.982
2426.000	43.982
2427.000	43.982
2428.000	43.982
2429.000	43.982
2430.000	43.982
2431.000	43.982
2432.000	43.982
2433.000	43.982
2434.000	43.982
2435.000	43.982
2436.000	43.982
2437.000	43.982
2438.000	43.982
2439.000	43.982
2440.000	43.982
2441.000	43.982
2442.000	43.982
2443.000	43.982
2444.000	43.982
2445.000	43.982
2446.000	43.982
2447.000	43.982
2448.000	43.982
2449.000	43.982
2450.000	43.982
2451.000	43.982
2452.000	43.982
2453.000	43.982
2454.000	43.982
2455.000	43.982
2456.000	43.982
2457.000	43.982
2458.000	43.982
2459.000	43.982
2460.000	43.982
2461.000	43.982
2462.000	43.982
2463.000	43.982
2464.000	43.982
2465.000	43.982
2466.000	43.982
2467.000	43.982
2468.000	43.982
2469.000	43.982
2470.000	43.982
2471.000	43.982
2472.000	43.982
2473.000	43.982
2474.000	43.982
2475.000	43.982
2476.000	43.982
2477.000	43.982
2478.000	43.982
2479.000	43.982
2480.000	43.982
2481.000	43.982
2482.000	43.982
2483.000	43.982
2484.000	43.982
2485.000	43.982
2486.000	43.982
2487.000	43.982
2488.000	43.982
2489.000	43.982
2490.000	43.982
2491.000	43.982
2492.000	43.982
2493.000	43.982
2494.000	43.982
2495.000	43.982
2496.000	43.982
2497.000	43.982
2498.000	43.982
2499.000	43.982
2500.000	43.982
2501.000	43.982
2502.000	43.982
2503.000	43.982
2504.000	43.982
2505.000	43.982
2506.000	43.982
2507.000	43.982
2508.000	43.982
2509.000	43.982
2510.000	43.982
2511.000	43.982
2512.000	43.982
2513.000	43.982
2514.000	43.982
2515.000	43.982
2516.000	43.982
2517.000	43.982
2518.000	43.982
2519.000	43.982
2520.000	43.982
2521.000	43.982
2522.000	43.982
2523.000	43.982
2524.000	43.982
2525.000	43.982
2526.000	43.982
2527.000	43.982
2528.000	43.982
2529.000	43.982
2530.000	43.982
2531.000	43.982
2532.000	43.982
2533.000	43.982
2534.000	43.982
2535.000	43.982
2536.000	43.982
2537.000	43.982
2538.000	43.982
2539.000	43.982
2540.000	43.982
2541.000	43.982
2542.000	43.982
2543.000	43.982
2544.000	43.982
2545.000	43.982
2546.000	43.982
2547.000	43.982
2548.000	43.982
2549.000	43.982
2550.000	43.982
2551.000	43.982
2552.000	43.982
2553.000	43.982
2554.000	43.982
2555.000	43.982
2556.000	43.982
2557.000	43.982
2558.000	43.982
2559.000	43.982
2560.000	43.982
2561.000	43.982
2562.000	43.982
2563.000	43.982
2564.000	43.982
2565.000	43.982
2566.000	43.982
2567.000	43.982
2568.000	43.982
2569.000	43.982
2570.000	43.982
2571.000	43.982
2572.000	43.982
2573.000	43.982
2574.000	43.982
2575.000	43.982
2576.000	43.982
2577.000	43.982
2578.000	43.982
2579.000	43.982
2580.000	43.982
2581.000	43.982
2582.000	43.982
2583.000	43.982
2584.000	43.982
2585.000	43.982
2586.000	43.982
2587.000	43.982
2588.000	43.982
2589.000	43.982
2590.000	43.982
2591.000	43.982
2592.000	43.982
2593.000	43.982
2594.000	43.982
2595.000	43.982
2596.000	43.982
2597.000	43.982
2598.000	43.982
2599.000	43.982
2600.000	43.982
2601.000	43.982
2602.000	43.982
2603.000	43.982
2604.000	43.982
2605.000	43.982
2606.000	43.982
2607.000	43.982
2608.000	43.982
2609.000	43.982
2610.000	43.982
2611.000	43.982
2612.000	43.982
2613.000	43.981
2614.000	43.981
2615.000	43.981
2616.000	43.980
2617.000	43.980
2618.000	43.980
2619.000	43.980
2620.000	43.980
2621.000	43.979
2622.000	43.979
2623.000	43.979
2624.000	43.978
2625.000	43.978
2626.000	43.978
2627.000	43.977
2628.000	43.977
2629.000	43.977
2630.000	43.977
2631.000	43.976
2632.000	43.976
2633.000	43.975
2634.000	43.975
2635.000	43.975
2636.000	43.974
2637.000	43.974
2638.000	43.974
2639.000	43.974
2640.000	43.973
2641.000	43.973
2642.000	43.972
2643.000	43.972
2644.000	43.972
2645.000	43.971
2646.000	43.971
2647.000	43.970
2648.000	43.970
2649.000	43.969
2650.000	43.969
2651.000	43.969
2652.000	43.969
2653.000	43.968
2654.000	43.968
2655.000	43.967
2656.000	43.967
2657.000	43.966
2658.000	43.966
2659.000	43.965
2660.000	43.965
2661.000	43.965
2662.000	43.964
2663.000	43.964
2664.000	43.963
2665.000	43.963
2666.000	43.962
2667.000	43.961
2668.000	43.961
2669.000	43.960
2670.000	43.959
2671.000	43.959
2672.000	43.958
2673.000	43.958
2674.000	43.957
2675.000	43.957
2676.000	43.956
2677.000	43.955
2678.000	43.955
2679.000	43.954
2680.000	43.953
2681.000	43.953
2682.000	43.952
2683.000	43.951
2684.000	43.951
2685.000	43.951
2686.000	43.950
2687.000	43.949
2688.000	43.949
2689.000	43.948
2690.000	43.947
2691.000	43.946
2692.000	43.946
2693.000	43.945
2694.000	43.944
2695.000	43.944
2696.000	43.944
2697.000	43.943
2698.000	43.942
2699.000	43.941
2700.000	43.940
2701.000	43.940
2702.000	43.939
2703.000	43.938
2704.000	43.937
2705.000	43.937
2706.000	43.937
2707.000	43.936
2708.000	43.935
2709.000	43.934
2710.000	43.933
2711.000	43.933
2712.000	43.932
2713.000	43.931
2714.000	43.930
2715.000	43.929
2716.000	43.929
2717.000	43.929
2718.000	43.928
2719.000	43.927
2720.000	43.926
2721.000	43.925
2722.000	43.924
2723.000	43.924
2724.000	43.923
2725.000	43.922
2726.000	43.921
2727.000	43.920
2728.000	43.920
2729.000	43.919
2730.000	43.918
2731.000	43.917
2732.000	43.917
2733.000	43.916
2734.000	43.915
2735.000	43.914
2736.000	43.913
2737.000	43.912
2738.000	43.911
2739.000	43.911
2740.000	43.910
2741.000	43.909
2742.000	43.908
2743.000	43.907
2744.000	43.906
2745.000	43.905
2746.000	43.904
2747.000	43.903
2748.000	43.902
2749.000	43.901
2750.000	43.900
2751.000	43.900
2752.000	43.899
2753.000	43.898
2754.000	43.897
2755.000	43.896
2756.000	43.895
2757.000	43.893
2758.000	43.892
2759.000	43.891
2760.000	43.890
2761.000	43.889
2762.000	43.889
2763.000	43.888
2764.000	43.887
2765.000	43.886
2766.000	43.885
2767.000	43.884
2768.000	43.883
2769.000	43.881
2770.000	43.880
2771.000	43.879
2772.000	43.878
2773.000	43.878
2774.000	43.877
2775.000	43.876
2776.000	43.875
2777.000	43.874
2778.000	43.872
2779.000	43.871
2780.000	43.870
2781.000	43.869
2782.000	43.868
2783.000	43.867
2784.000	43.867
2785.000	43.865
2786.000	43.864
2787.000	43.863
2788.000	43.862
2789.000	43.861
2790.000	43.860
2791.000	43.858
2792.000	43.857
2793.000	43.856
2794.000	43.855
2795.000	43.855
2796.000	43.853
2797.000	43.852
2798.000	43.851
2799.000	43.850
2800.000	43.849
2801.000	43.847
2802.000	43.846
2803.000	43.845
2804.000	43.844
2805.000	43.842
2806.000	43.842
2807.000	43.841
2808.000	43.840
2809.000	43.839
2810.000	43.837
2811.000	43.836
2812.000	43.835
2813.000	43.833
2814.000	43.832
2815.000	43.831
2816.000	43.830
2817.000	43.828
2818.000	43.828
2819.000	43.827
2820.000	43.826
2821.000	43.824
2822.000	43.823
2823.000	43.822
2824.000	43.820
2825.000	43.819
2826.000	43.818
2827.000	43.816
2828.000	43.815
2829.000	43.815
2830.000	43.814
2831.000	43.812
2832.000	43.811
2833.000	43.810
2834.000	43.808
2835.000	43.807
2836.000	43.806
2837.000	43.804
2838.000	43.803
2839.000	43.802
2840.000	43.802
2841.000	43.800
2842.000	43.799
2843.000	43.797
2844.000	43.796
2845.000	43.795
2846.000	43.793
2847.000	43.792
2848.000	43.790
2849.000	43.789
2850.000	43.787
2851.000	43.787
2852.000	43.786
2853.000	43.785
2854.000	43.783
2855.000	43.782
2856.000	43.780
2857.000	43.779
2858.000	43.777
2859.000	43.776
2860.000	43.774
2861.000	43.773
2862.000	43.770
2863.000	43.769
2864.000	43.767
2865.000	43.766
2866.000	43.764
2867.000	43.763
2868.000	43.761
2869.000	43.760
2870.000	43.758
2871.000	43.757
2872.000	43.755
2873.000	43.753
2874.000	43.751
2875.000	43.750
2876.000	43.748
2877.000	43.747
2878.000	43.745
2879.000	43.744
2880.000	43.742
2881.000	43.740
2882.000	43.739
2883.000	43.737
2884.000	43.736
2885.000	43.734
2886.000	43.732
2887.000	43.730
2888.000	43.729
2889.000	43.727
2890.000	43.725
2891.000	43.724
2892.000	43.722
2893.000	43.721
2894.000	43.719
2895.000	43.717
2896.000	43.715
2897.000	43.714
2898.000	43.712
2899.000	43.710
2900.000	43.709
2901.000	43.707
2902.000	43.705
2903.000	43.704
2904.000	43.702
2905.000	43.700
2906.000	43.699
2907.000	43.697
2908.000	43.695
2909.000	43.693
2910.000	43.691
2911.000	43.690
2912.000	43.688
2913.000	43.686
2914.000	43.685
2915.000	43.683
2916.000	43.681
2917.000	43.680
2918.000	43.677
2919.000	43.676
2920.000	43.674
2921.000	43.672
2922.000	43.671
2923.000	43.669
2924.000	43.667
2925.000	43.665
2926.000	43.664
2927.000	43.662
2928.000	43.660
2929.000	43.658
2930.000	43.656
2931.000	43.654
2932.000	43.653
2933.000	43.651
2934.000	43.649
2935.000	43.647
2936.000	43.646
2937.000	43.644
2938.000	43.642
2939.000	43.640
2940.000	43.638
2941.000	43.636
2942.000	43.634
2943.000	43.633
2944.000	43.631
2945.000	43.629
2946.000	43.627
2947.000	43.625
2948.000	43.624
2949.000	43.622
2950.000	43.620
2951.000	43.618
2952.000	43.616
2953.000	43.614
2954.000	43.612
2955.000	43.610
2956.000	43.608
2957.000	43.606
2958.000	43.604
2959.000	43.602
2960.000	43.600
2961.000	43.599
2962.000	43.597
2963.000	43.595
2964.000	43.593
2965.000	43.591
2966.000	43.589
2967.000	43.587
2968.000	43.585
2969.000	43.583
2970.000	43.581
2971.000	43.579
2972.000	43.577
2973.000	43.575
2974.000	43.573
2975.000	43.571
2976.000	43.569
2977.000	43.567
2978.000	43.565
2979.000	43.563
2980.000	43.561
2981.000	43.559
2982.000	43.557
2983.000	43.555
2984.000	43.553
2985.000	43.551
2986.000	43.549
2987.000	43.547
2988.000	43.545
2989.000	43.543
2990.000	43.541
2991.000	43.539
2992.000	43.537
2993.000	43.535
2994.000	43.533
2995.000	43.531
2996.000	43.488
2997.000	43.486
2998.000	43.484
2999.000	43.482
3000.000	43.480
3001.000	43.478
3002.000	43.476
3003.000	43.474
3004.000	43.472
3005.000	43.470
3006.000	43.467
3007.000	43.465
3008.000	43.463
3009.000	43.461
3010.000	43.459
3011.000	43.457
3012.000	43.455
3013.000	43.453
3014.000	43.451
3015.000	43.449
3016.000	43.446
3017.000	43.444
3018.000	43.442
3019.000	43.440
3020.000	43.438
3021.000	43.436
3022.000	43.434
3023.000	43.432
3024.000	43.430
3025.000	43.427
3026.000	43.425
3027.000	43.423
3028.000	43.421
3029.000	43.419
3030.000	43.417
3031.000	43.415
3032.000	43.412
3033.000	43.410
3034.000	43.408
3035.000	43.406
3036.000	43.404
3037.000	43.401
3038.000	43.399
3039.000	43.397
3040.000	43.395
3041.000	43.393
3042.000	43.391
3043.000	43.388
3044.000	43.386
3045.000	43.384
3046.000	43.382
3047.000	43.380
3048.000	43.377
3049.000	43.375
3050.000	43.373
3051.000	43.371
3052.000	43.369
3053.000	43.366
3054.000	43.364
3055.000	43.362
3056.000	43.360
3057.000	43.357
3058.000	43.355
3059.000	43.353
3060.000	43.351
3061.000	43.348
3062.000	43.346
3063.000	43.344
3064.000	43.342
3065.000	43.340
3066.000	43.337
3067.000	43.335
3068.000	43.333
3069.000	43.330
3070.000	43.328
3071.000	43.326
3072.000	43.323
3073.000	43.321
3074.000	43.319
3075.000	43.317
3076.000	43.315
3077.000	43.312
3078.000	43.310
3079.000	43.308
3080.000	43.305
3081.000	43.303
3082.000	43.301
3083.000	43.298
3084.000	43.296
3085.000	43.294
3086.000	43.292
3087.000	43.289
3088.000	43.287
3089.000	43.284
3090.000	43.282
3091.000	43.280
3092.000	43.277
3093.000	43.275
3094.000	43.273
3095.000	43.270
3096.000	43.268
3097.000	43.266
3098.000	43.264
3099.000	43.261
3100.000	43.259
3101.000	43.256
3102.000	43.254
3103.000	43.252
3104.000	43.249
3105.000	43.247
3106.000	43.244
3107.000	43.242
3108.000	43.240
3109.000	43.237
3110.000	43.235
3111.000	43.233
3112.000	43.230
3113.000	43.228
3114.000	43.225
3115.000	43.223
3116.000	43.221
3117.000	43.218
3118.000	43.216
3119.000	43.214
3120.000	43.211
3121.000	43.209
3122.000	43.206
3123.000	43.204
3124.000	43.201
3125.000	43.199
3126.000	43.196
3127.000	43.194
3128.000	43.191
3129.000	43.189
3130.000	43.187
3131.000	43.184
3132.000	43.182
3133.000	43.179
3134.000	43.177
3135.000	43.174
3136.000	43.172
3137.000	43.169
3138.000	43.166
3139.000	43.164
3140.000	43.161
3141.000	43.159
3142.000	43.157
3143.000	43.154
3144.000	43.151
3145.000	43.149
3146.000	43.146
3147.000	43.144
3148.000	43.141
3149.000	43.138
3150.000	43.136
3151.000	43.133
3152.000	43.131
3153.000	43.128
3154.000	43.126
3155.000	43.123
3156.000	43.120
3157.000	43.118
3158.000	43.115
3159.000	43.113
3160.000	43.111
3161.000	43.108
3162.000	43.106
3163.000	43.104
3164.000	43.101
3165.000	43.099
3166.000	43.096
3167.000	43.094
3168.000	43.091
3169.000	43.089
3170.000	43.087
3171.000	43.084
3172.000	43.082
3173.000	43.079
3174.000	43.077
3175.000	43.075
3176.000	43.072
3177.000	43.070
3178.000	43.068
3179.000	43.065
3180.000	43.063
3181.000	43.060
3182.000	43.058
3183.000	43.055
3184.000	43.053
3185.000	43.050
3186.000	43.048
3187.000	43.046
3188.000	43.043
3189.000	43.041
3190.000	43.038
3191.000	43.036
3192.000	43.033
3193.000	43.031
3194.000	43.028
3195.000	43.026
3196.000	43.023
3197.000	43.021
3198.000	43.019
3199.000	43.016
3200.000	43.014
3201.000	43.011
3202.000	43.009
3203.000	43.006
3204.000	43.004
3205.000	43.001
3206.000	42.999
3207.000	42.996
3208.000	42.994
3209.000	42.991
3210.000	42.989
3211.000	42.986
3212.000	42.984
3213.000	42.981
3214.000	42.979
3215.000	42.976
3216.000	42.974
3217.000	42.971
3218.000	42.969
3219.000	42.967
3220.000	42.964
3221.000	42.962
3222.000	42.959
3223.000	42.957
3224.000	42.955
3225.000	42.952
3226.000	42.950
3227.000	42.947
3228.000	42.945
3229.000	42.942
3230.000	42.940
3231.000	42.938
3232.000	42.936
3233.000	42.933
3234.000	42.931
3235.000	42.928
3236.000	42.926
3237.000	42.923
3238.000	42.921
3239.000	42.919
3240.000	42.916
3241.000	42.914
3242.000	42.912
3243.000	42.909
3244.000	42.907
3245.000	42.904
3246.000	42.902
3247.000	42.900
3248.000	42.897
3249.000	42.895
3250.000	42.892
3251.000	42.890
3252.000	42.887
3253.000	42.885
3254.000	42.883
3255.000	42.881
3256.000	42.878
3257.000	42.876
3258.000	42.873
3259.000	42.871
3260.000	42.868
3261.000	42.866
3262.000	42.864
3263.000	42.861
3264.000	42.859
3265.000	42.857
3266.000	42.854
3267.000	42.852
3268.000	42.849
3269.000	42.847
3270.000	42.845
3271.000	42.842
3272.000	42.840
3273.000	42.837
3274.000	42.835
3275.000	42.833
3276.000	42.830
3277.000	42.828
3278.000	42.826
3279.000	42.823
3280.000	42.821
3281.000	42.818
3282.000	42.816
3283.000	42.813
3284.000	42.811
3285.000	42.809
3286.000	42.807
3287.000	42.804
3288.000	42.802
3289.000	42.799
3290.000	42.797
3291.000	42.794
3292.000	42.792
3293.000	42.790
3294.000	42.787
3295.000	42.785
3296.000	42.782
3297.000	42.780
3298.000	42.778
3299.000	42.775
3300.000	42.773
3301.000	42.771
3302.000	42.768
3303.000	42.766
3304.000	42.763
3305.000	42.761
3306.000	42.758
3307.000	42.756
3308.000	42.754
3309.000	42.752
3310.000	42.749
3311.000	42.747
3312.000	42.744
3313.000	42.742
3314.000	42.740
3315.000	42.737
3316.000	42.735
3317.000	42.732
3318.000	42.730
3319.000	42.728
3320.000	42.726
3321.000	42.723
3322.000	42.721
3323.000	42.718
3324.000	42.716
3325.000	42.714
3326.000	42.711
3327.000	42.709
3328.000	42.707
3329.000	42.704
3330.000	42.702
3331.000	42.700
3332.000	42.697
3333.000	42.695
3334.000	42.693
3335.000	42.690
3336.000	42.688
3337.000	42.685
3338.000	42.683
3339.000	42.681
3340.000	42.678
3341.000	42.676
3342.000	42.674
3343.000	42.671
3344.000	42.669
3345.000	42.667
3346.000	42.664
3347.000	42.662
3348.000	42.659
3349.000	42.657
3350.000	42.655
3351.000	42.652
3352.000	42.650
3353.000	42.648
3354.000	42.645
3355.000	42.643
3356.000	42.640
3357.000	42.638
3358.000	42.636
3359.000	42.633
3360.000	42.631
3361.000	42.628
3362.000	42.626
3363.000	42.624
3364.000	42.622
3365.000	42.619
3366.000	42.617
3367.000	42.614
3368.000	42.612
3369.000	42.610
3370.000	42.607
3371.000	42.605
3372.000	42.602
3373.000	42.600
3374.000	42.598
3375.000	42.596
3376.000	42.593
3377.000	42.591
3378.000	42.588
3379.000	42.586
3380.000	42.584
3381.000	42.581
3382.000	42.579
3383.000	42.576
3384.000	42.574
3385.000	42.572
3386.000	42.569
3387.000	42.567
3388.000	42.565
3389.000	42.562
3390.000	42.560
3391.000	42.558
3392.000	42.555
3393.000	42.553
3394.000	42.550
3395.000	42.548
3396.000	42.546
3397.000	42.543
3398.000	42.541
3399.000	42.539
3400.000	42.536
3401.000	42.534
3402.000	42.532
3403.000	42.529
3404.000	42.527
3405.000	42.524
3406.000	42.522
3407.000	42.520
3408.000	42.517
3409.000	42.515
3410.000	42.513
3411.000	42.510
3412.000	42.508
3413.000	42.506
3414.000	42.503
3415.000	42.501
3416.000	42.498
3417.000	42.496
3418.000	42.494
3419.000	42.491
3420.000	42.489
3421.000	42.487
3422.000	42.484
3423.000	42.482
3424.000	42.480
3425.000	42.477
3426.000	42.475
3427.000	42.472
3428.000	42.470
3429.000	42.468
3430.000	42.465
3431.000	42.463
3432.000	42.461
3433.000	42.458
3434.000	42.456
3435.000	42.454
3436.000	42.451
3437.000	42.449
3438.000	42.446
3439.000	42.444
3440.000	42.442
3441.000	42.439
3442.000	42.437
3443.000	42.435
3444.000	42.432
3445.000	42.430
3446.000	42.428
3447.000	42.425
3448.000	42.423
3449.000	42.421
3450.000	42.418
3451.000	42.416
3452.000	42.414
3453.000	42.411
3454.000	42.409
3455.000	42.407
3456.000	42.404
3457.000	42.402
3458.000	42.400
3459.000	42.397
3460.000	42.395
3461.000	42.393
3462.000	42.390
3463.000	42.388
3464.000	42.386
3465.000	42.384
3466.000	42.381
3467.000	42.379
3468.000	42.377
3469.000	42.374
3470.000	42.372
3471.000	42.370
3472.000	42.367
3473.000	42.365
3474.000	42.363
3475.000	42.360
3476.000	42.358
3477.000	42.356
3478.000	42.353
3479.000	42.351
3480.000	42.349
3481.000	42.346
3482.000	42.344
3483.000	42.342
3484.000	42.339
3485.000	42.337
3486.000	42.335
3487.000	42.284
3488.000	42.282
3489.000	42.279
3490.000	42.277
3491.000	42.275
3492.000	42.272
3493.000	42.270
3494.000	42.268
3495.000	42.265
3496.000	42.263
3497.000	42.261
3498.000	42.259
3499.000	42.256
3500.000	42.254
3501.000	42.252
3502.000	42.249
3503.000	42.247
3504.000	42.244
3505.000	42.242
3506.000	42.240
3507.000	42.237
3508.000	42.235
3509.000	42.233
3510.000	42.231
3511.000	42.228
3512.000	42.226
3513.000	42.224
3514.000	42.221
3515.000	42.219
3516.000	42.217
3517.000	42.214
3518.000	42.212
3519.000	42.210
3520.000	42.208
3521.000	42.205
3522.000	42.203
3523.000	42.201
3524.000	42.198
3525.000	42.196
3526.000	42.194
3527.000	42.191
3528.000	42.189
3529.000	42.187
3530.000	42.184
3531.000	42.182
3532.000	42.180
3533.000	42.178
3534.000	42.175
3535.000	42.173
3536.000	42.170
3537.000	42.168
3538.000	42.166
3539.000	42.163
3540.000	42.161
3541.000	42.159
3542.000	42.156
3543.000	42.154
3544.000	42.152
3545.000	42.149
3546.000	42.147
3547.000	42.145
3548.000	42.142
3549.000	42.140
3550.000	42.137
3551.000	42.135
3552.000	42.133
3553.000	42.130
3554.000	42.128
3555.000	42.126
3556.000	42.124
3557.000	42.121
3558.000	42.119
3559.000	42.116
3560.000	42.114
3561.000	42.112
3562.000	42.109
3563.000	42.107
3564.000	42.105
3565.000	42.103
3566.000	42.100
3567.000	42.098
3568.000	42.096
3569.000	42.093
3570.000	42.091
3571.000	42.089
3572.000	42.086
3573.000	42.084
3574.000	42.082
3575.000	42.079
3576.000	42.077
3577.000	42.075
3578.000	42.073
3579.000	42.070
3580.000	42.068
3581.000	42.066
3582.000	42.063
3583.000	42.061
3584.000	42.059
3585.000	42.057
3586.000	42.054
3587.000	42.052
3588.000	42.050
3589.000	42.047
3590.000	42.045
3591.000	42.043
3592.000	42.041
3593.000	42.038
3594.000	42.036
3595.000	42.034
3596.000	42.031
3597.000	42.029
3598.000	42.027
3599.000	42.025
3600.000	42.022
3601.000	42.020
3602.000	42.018
3603.000	42.015
3604.000	42.013
3605.000	42.011
3606.000	42.008
3607.000	42.006
3608.000	42.004
3609.000	42.001
3610.000	41.999
3611.000	41.997
3612.000	41.995
3613.000	41.992
3614.000	41.990
3615.000	41.988
3616.000	41.985
3617.000	41.983
3618.000	41.981
3619.000	41.978
3620.000	41.976
3621.000	41.974
3622.000	41.972
3623.000	41.969
3624.000	41.967
3625.000	41.965
3626.000	41.962
3627.000	41.960
3628.000	41.958
3629.000	41.955
3630.000	41.953
3631.000	41.951
3632.000	41.949
3633.000	41.946
3634.000	41.944
3635.000	41.942
3636.000	41.940
3637.000	41.937
3638.000	41.935
3639.000	41.933
3640.000	41.930
3641.000	41.928
3642.000	41.926
3643.000	41.919
3644.000	41.917
3645.000	41.915
3646.000	41.912
3647.000	41.910
3648.000	41.908
3649.000	41.905
3650.000	41.903
3651.000	41.901
3652.000	41.898
3653.000	41.896
3654.000	41.894
3655.000	41.892
3656.000	41.889
3657.000	41.887
3658.000	41.884
3659.000	41.882
3660.000	41.880
3661.000	41.877
3662.000	41.875
3663.000	41.873
3664.000	41.870
3665.000	41.868
3666.000	41.866
3667.000	41.863
3668.000	41.861
3669.000	41.859
3670.000	41.856
3671.000	41.854
3672.000	41.852
3673.000	41.849
3674.000	41.847
3675.000	41.844
3676.000	41.842
3677.000	41.840
3678.000	41.838
3679.000	41.835
3680.000	41.833
3681.000	41.830
3682.000	41.828
3683.000	41.826
3684.000	41.823
3685.000	41.821
3686.000	41.819
3687.000	41.816
3688.000	41.814
3689.000	41.812
3690.000	41.809
3691.000	41.807
3692.000	41.805
3693.000	41.802
3694.000	41.800
3695.000	41.798
3696.000	41.795
3697.000	41.793
3698.000	41.790
3699.000	41.788
3700.000	41.786
3701.000	41.784
3702.000	41.781
3703.000	41.779
3704.000	41.776
3705.000	41.774
3706.000	41.772
3707.000	41.769
3708.000	41.767
3709.000	41.765
3710.000	41.763
3711.000	41.760
3712.000	41.758
3713.000	41.755
3714.000	41.753
3715.000	41.751
3716.000	41.748
3717.000	41.746
3718.000	41.744
3719.000	41.741
3720.000	41.739
3721.000	41.737
3722.000	41.734
3723.000	41.732
3724.000	41.730
3725.000	41.727
3726.000	41.725
3727.000	41.723
3728.000	41.720
3729.000	41.718
3730.000	41.715
3731.000	41.713
3732.000	41.711
3733.000	41.709
3734.000	41.706
3735.000	41.704
3736.000	41.701
3737.000	41.699
3738.000	41.697
3739.000	41.694
3740.000	41.692
3741.000	41.689
3742.000	41.687
3743.000	41.685
3744.000	41.683
3745.000	41.681
3746.000	41.679
3747.000	41.676
3748.000	41.674
3749.000	41.672
3750.000	41.670
3751.000	41.668
3752.000	41.666
3753.000	41.664
3754.000	41.662
3755.000	41.660
3756.000	41.658
3757.000	41.656
3758.000	41.654
3759.000	41.652
3760.000	41.650
3761.000	41.648
3762.000	41.645
3763.000	41.643
3764.000	41.641
3765.000	41.639
3766.000	41.637
3767.000	41.635
3768.000	41.633
3769.000	41.631
3770.000	41.629
3771.000	41.627
3772.000	41.625
3773.000	41.623
3774.000	41.621
3775.000	41.619
3776.000	41.617
3777.000	41.615
3778.000	41.612
3779.000	41.610
3780.000	41.608
3781.000	41.606
3782.000	41.604
3783.000	41.602
3784.000	41.600
3785.000	41.598
3786.000	41.596
3787.000	41.594
3788.000	41.592
3789.000	41.590
3790.000	41.588
3791.000	41.586
3792.000	41.584
3793.000	41.582
3794.000	41.579
3795.000	41.577
3796.000	41.575
3797.000	41.573
3798.000	41.571
3799.000	41.569
3800.000	41.567
3801.000	41.565
3802.000	41.563
3803.000	41.561
3804.000	41.559
3805.000	41.557
3806.000	41.555
3807.000	41.553
3808.000	41.551
3809.000	41.548
3810.000	41.546
3811.000	41.544
3812.000	41.542
3813.000	41.540
3814.000	41.538
3815.000	41.536
3816.000	41.534
3817.000	41.532
3818.000	41.530
3819.000	41.528
3820.000	41.526
3821.000	41.524
3822.000	41.522
3823.000	41.520
3824.000	41.518
3825.000	41.515
3826.000	41.513
3827.000	41.511
3828.000	41.509
3829.000	41.507
3830.000	41.505
3831.000	41.503
3832.000	41.501
3833.000	41.499
3834.000	41.497
3835.000	41.495
3836.000	41.493
3837.000	41.491
3838.000	41.489
3839.000	41.487
3840.000	41.484
3841.000	41.482
3842.000	41.480
3843.000	41.478
3844.000	41.476
3845.000	41.474
3846.000	41.472
3847.000	41.470
3848.000	41.468
3849.000	41.466
3850.000	41.464
3851.000	41.462
3852.000	41.460
3853.000	41.458
3854.000	41.456
3855.000	41.454
3856.000	41.451
3857.000	41.449
3858.000	41.447
3859.000	41.445
3860.000	41.443
3861.000	41.441
3862.000	41.439
3863.000	41.409
3864.000	41.407
3865.000	41.405
3866.000	41.403
3867.000	41.401
3868.000	41.399
3869.000	41.397
3870.000	41.395
3871.000	41.393
3872.000	41.391
3873.000	41.389
3874.000	41.387
3875.000	41.385
3876.000	41.382
3877.000	41.380
3878.000	41.378
3879.000	41.376
3880.000	41.374
3881.000	41.372
3882.000	41.370
3883.000	41.368
3884.000	41.366
3885.000	41.364
3886.000	41.362
3887.000	41.360
3888.000	41.358
3889.000	41.356
3890.000	41.354
3891.000	41.352
3892.000	41.349
3893.000	41.347
3894.000	41.345
3895.000	41.343
3896.000	41.341
3897.000	41.339
3898.000	41.337
3899.000	41.335
3900.000	41.333
3901.000	41.331
3902.000	41.329
3903.000	41.327
3904.000	41.325
3905.000	41.323
3906.000	41.321
3907.000	41.318
3908.000	41.316
3909.000	41.314
3910.000	41.312
3911.000	41.310
3912.000	41.308
3913.000	41.306
3914.000	41.304
3915.000	41.302
3916.000	41.300
3917.000	41.298
3918.000	41.296
3919.000	41.294
3920.000	41.292
3921.000	41.290
3922.000	41.288
3923.000	41.285
3924.000	41.283
3925.000	41.281
3926.000	41.279
3927.000	41.277
3928.000	41.275
3929.000	41.273
3930.000	41.271
3931.000	41.269
3932.000	41.267
3933.000	41.265
3934.000	41.263
3935.000	41.261
3936.000	41.259
3937.000	41.257
3938.000	41.254
3939.000	41.252
3940.000	41.250
3941.000	41.248
3942.000	41.246
3943.000	41.244
3944.000	41.242
3945.000	41.240
3946.000	41.238
3947.000	41.236
3948.000	41.234
3949.000	41.232
3950.000	41.230
3951.000	41.228
3952.000	41.226
3953.000	41.224
3954.000	41.221
3955.000	41.219
3956.000	41.217
3957.000	41.215
3958.000	41.213
3959.000	41.211
3960.000	41.209
3961.000	41.207
3962.000	41.205
3963.000	41.203
3964.000	41.201
3965.000	41.199
3966.000	41.197
3967.000	41.195
3968.000	41.193
3969.000	41.190
3970.000	41.188
3971.000	41.186
3972.000	41.184
3973.000	41.182
3974.000	41.180
3975.000	41.178
3976.000	41.176
3977.000	41.174
3978.000	41.172
3979.000	41.149
3980.000	41.147
3981.000	41.145
3982.000	41.143
3983.000	41.141
3984.000	41.139
3985.000	41.137
3986.000	41.135
3987.000	41.133
3988.000	41.131
3989.000	41.129
3990.000	41.127
3991.000	41.125
3992.000	41.123
3993.000	41.121
3994.000	41.118
3995.000	41.116
3996.000	41.094
3997.000	41.092
3998.000	41.089
3999.000	41.087
4000.000	41.085
4001.000	41.083
4002.000	41.081
4003.000	41.079
4004.000	41.077
4005.000	41.075
4006.000	41.073
4007.000	41.071
4008.000	41.069
4009.000	41.067
4010.000	41.065
4011.000	41.063
4012.000	41.061
4013.000	41.058
4014.000	41.056
4015.000	41.054
4016.000	41.052
4017.000	41.050
4018.000	41.048
4019.000	41.046
4020.000	41.044
4021.000	41.042
4022.000	41.040
4023.000	41.038
4024.000	41.036
4025.000	41.034
4026.000	41.032
4027.000	41.030
4028.000	41.028
4029.000	41.025
4030.000	41.023
4031.000	41.021
4032.000	41.019
4033.000	41.017
4034.000	41.015
4035.000	41.013
4036.000	41.011
4037.000	41.009
4038.000	41.007
4039.000	41.005
4040.000	41.003
4041.000	41.001
4042.000	40.999
4043.000	40.997
4044.000	40.994
4045.000	40.992
4046.000	40.990
4047.000	40.988
4048.000	40.986
4049.000	40.984
4050.000	40.982
4051.000	40.980
4052.000	40.978
4053.000	40.976
4054.000	40.974
4055.000	40.972
4056.000	40.970
4057.000	40.968
4058.000	40.966
4059.000	40.964
4060.000	40.961
4061.000	40.959
4062.000	40.957
4063.000	40.955
4064.000	40.953
4065.000	40.951
4066.000	40.949
4067.000	40.947
4068.000	40.945
4069.000	40.943
4070.000	40.941
4071.000	40.939
4072.000	40.937
4073.000	40.935
4074.000	40.933
4075.000	40.931
4076.000	40.928
4077.000	40.926
4078.000	40.924
4079.000	40.922
4080.000	40.907
4081.000	40.905
4082.000	40.903
4083.000	40.901
4084.000	40.898
4085.000	40.896
4086.000	40.894
4087.000	40.892
4088.000	40.890
4089.000	40.888
4090.000	40.886
4091.000	40.884
4092.000	40.882
4093.000	40.880
4094.000	40.809
4095.000	0.000
