0.000	21.991
1.000	21.991
2.000	21.991
3.000	21.991
4.000	21.991
5.000	21.991
6.000	21.991
7.000	21.991
8.000	21.991
9.000	21.991
10.000	21.991
11.000	21.991
12.000	21.991
13.000	21.991
14.000	21.991
15.000	21.991
16.000	21.991
17.000	21.991
18.000	21.991
19.000	21.991
20.000	21.896
21.000	21.804
22.000	21.711
23.000	21.619
24.000	21.526
25.000	21.434
26.000	21.344
27.000	21.254
28.000	21.165
29.000	21.165
30.000	21.075
31.000	20.985
32.000	20.898
33.000	20.811
34.000	20.723
35.000	20.636
36.000	20.549
37.000	20.464
38.000	20.379
39.000	20.294
40.000	20.294
41.000	20.209
42.000	20.124
43.000	20.042
44.000	19.959
45.000	19.876
46.000	19.794
47.000	19.711
48.000	19.630
49.000	19.550
50.000	19.469
51.000	19.469
52.000	19.389
53.000	19.308
54.000	19.228
55.000	19.149
56.000	19.149
57.000	19.149
58.000	19.149
59.000	19.149
60.000	19.149
61.000	19.149
62.000	19.149
63.000	19.149
64.000	19.149
65.000	19.149
66.000	19.149
67.000	19.149
68.000	19.149
69.000	19.149
70.000	19.149
71.000	19.149
72.000	19.149
73.000	19.149
74.000	19.149
75.000	19.149
76.000	19.149
77.000	19.149
78.000	19.149
79.000	19.149
80.000	19.149
81.000	19.149
82.000	19.149
83.000	19.149
84.000	19.149
85.000	19.149
86.000	19.149
87.000	19.149
88.000	19.149
89.000	19.149
90.000	19.149
91.000	19.149
92.000	19.149
93.000	19.149
94.000	19.149
95.000	19.149
96.000	19.149
97.000	19.149
98.000	19.149
99.000	19.149
100.000	19.149
101.000	19.149
102.000	19.149
103.000	19.149
104.000	19.149
105.000	19.149
106.000	19.149
107.000	19.149
108.000	19.149
109.000	19.149
110.000	19.149
111.000	19.149
112.000	19.149
113.000	19.149
114.000	19.149
115.000	19.149
116.000	19.149
117.000	19.149
118.000	19.149
119.000	19.149
120.000	19.149
121.000	19.149
122.000	19.149
123.000	19.149
124.000	19.149
125.000	19.149
126.000	19.149
127.000	19.149
128.000	19.149
129.000	19.149
130.000	19.149
131.000	19.149
132.000	19.149
133.000	19.149
134.000	19.149
135.000	19.149
136.000	19.149
137.000	19.149
138.000	19.149
139.000	19.149
140.000	19.149
141.000	19.149
142.000	19.149
143.000	19.149
144.000	19.149
145.000	19.149
146.000	19.149
147.000	19.149
148.000	19.149
149.000	19.149
150.000	19.149
151.000	19.149
152.000	19.149
153.000	19.149
154.000	19.149
155.000	19.149
156.000	19.149
157.000	19.149
158.000	19.149
159.000	19.149
160.000	19.149
161.000	19.149
162.000	19.149
163.000	19.149
164.000	19.149
165.000	19.149
166.000	19.149
167.000	19.149
168.000	19.149
169.000	19.149
170.000	19.149
171.000	19.149
172.000	19.149
173.000	19.149
174.000	19.149
175.000	19.149
176.000	19.149
177.000	19.149
178.000	19.149
179.000	19.149
180.000	19.149
181.000	19.149
182.000	19.149
183.000	19.149
184.000	19.149
185.000	19.149
186.000	19.149
187.000	19.149
188.000	19.149
189.000	19.132
190.000	19.101
191.000	19.051
192.000	19.002
193.000	18.954
194.000	18.906
195.000	18.857
196.000	18.857
197.000	18.809
198.000	18.761
199.000	18.712
200.000	18.664
201.000	18.617
202.000	18.569
203.000	18.521
204.000	18.474
205.000	18.427
206.000	18.380
207.000	18.380
208.000	18.333
209.000	18.286
210.000	18.239
211.000	18.192
212.000	18.146
213.000	18.099
214.000	18.053
215.000	18.007
216.000	17.961
217.000	17.915
218.000	17.915
219.000	17.869
220.000	17.824
221.000	17.778
222.000	17.733
223.000	17.687
224.000	17.642
225.000	17.597
226.000	17.552
227.000	17.507
228.000	17.463
229.000	17.462
230.000	17.418
231.000	17.373
232.000	17.329
233.000	17.285
234.000	17.241
235.000	17.197
236.000	17.153
237.000	17.109
238.000	17.065
239.000	17.022
240.000	16.978
241.000	16.978
242.000	16.934
243.000	16.891
244.000	16.848
245.000	16.805
246.000	16.762
247.000	16.719
248.000	16.676
249.000	16.634
250.000	16.592
251.000	16.549
252.000	16.549
253.000	16.506
254.000	16.464
255.000	16.422
256.000	16.380
257.000	16.338
258.000	16.296
259.000	16.269
260.000	16.254
261.000	16.253
262.000	16.253
263.000	16.252
264.000	16.252
265.000	16.251
266.000	16.250
267.000	16.250
268.000	16.249
269.000	16.249
270.000	16.248
271.000	16.248
272.000	16.247
273.000	16.246
274.000	16.246
275.000	16.244
276.000	16.241
277.000	16.202
278.000	16.164
279.000	16.126
280.000	16.087
281.000	16.049
282.000	16.011
283.000	15.973
284.000	15.935
285.000	15.934
286.000	15.897
287.000	15.859
288.000	15.821
289.000	15.783
290.000	15.746
291.000	15.709
292.000	15.671
293.000	15.634
294.000	15.597
295.000	15.560
296.000	15.559
297.000	15.522
298.000	15.485
299.000	15.448
300.000	15.412
301.000	15.375
302.000	15.339
303.000	15.302
304.000	15.266
305.000	15.229
306.000	15.193
307.000	15.157
308.000	15.157
309.000	15.120
310.000	15.084
311.000	15.049
312.000	15.013
313.000	14.977
314.000	14.942
315.000	14.906
316.000	14.871
317.000	14.835
318.000	14.800
319.000	14.799
320.000	14.764
321.000	14.729
322.000	14.694
323.000	14.659
324.000	14.624
325.000	14.589
326.000	14.554
327.000	14.520
328.000	14.485
329.000	14.451
330.000	14.450
331.000	14.416
332.000	14.381
333.000	14.347
334.000	14.313
335.000	14.279
336.000	14.245
337.000	14.210
338.000	14.177
339.000	14.143
340.000	14.109
341.000	14.109
342.000	14.075
343.000	14.041
344.000	14.007
345.000	13.974
346.000	13.940
347.000	13.907
348.000	13.874
349.000	13.840
350.000	13.807
351.000	13.774
352.000	13.773
353.000	13.740
354.000	13.707
355.000	13.674
356.000	13.642
357.000	13.609
358.000	13.576
359.000	13.543
360.000	13.511
361.000	13.479
362.000	13.449
363.000	13.448
364.000	13.448
365.000	13.447
366.000	13.447
367.000	13.446
368.000	13.446
369.000	13.445
370.000	13.444
371.000	13.444
372.000	13.443
373.000	13.443
374.000	13.442
375.000	13.442
376.000	13.441
377.000	13.441
378.000	13.440
379.000	13.439
380.000	13.439
381.000	13.438
382.000	13.438
383.000	13.437
384.000	13.437
385.000	13.436
386.000	13.436
387.000	13.435
388.000	13.434
389.000	13.433
390.000	13.432
391.000	13.431
392.000	13.430
393.000	13.429
394.000	13.398
395.000	13.366
396.000	13.334
397.000	13.334
398.000	13.302
399.000	13.271
400.000	13.239
401.000	13.208
402.000	13.177
403.000	13.146
404.000	13.114
405.000	13.083
406.000	13.052
407.000	13.022
408.000	13.021
409.000	12.990
410.000	12.959
411.000	12.928
412.000	12.898
413.000	12.867
414.000	12.837
415.000	12.806
416.000	12.775
417.000	12.745
418.000	12.715
419.000	12.714
420.000	12.684
421.000	12.654
422.000	12.623
423.000	12.593
424.000	12.563
425.000	12.533
426.000	12.503
427.000	12.473
428.000	12.444
429.000	12.414
430.000	12.414
431.000	12.384
432.000	12.354
433.000	12.325
434.000	12.295
435.000	12.266
436.000	12.236
437.000	12.207
438.000	12.178
439.000	12.149
440.000	12.120
441.000	12.120
442.000	12.090
443.000	12.061
444.000	12.032
445.000	12.004
446.000	11.975
447.000	11.946
448.000	11.917
449.000	11.888
450.000	11.860
451.000	11.831
452.000	11.803
453.000	11.803
454.000	11.774
455.000	11.746
456.000	11.718
457.000	11.689
458.000	11.661
459.000	11.633
460.000	11.605
461.000	11.577
462.000	11.549
463.000	11.521
464.000	11.521
465.000	11.493
466.000	11.465
467.000	11.437
468.000	11.410
469.000	11.382
470.000	11.354
471.000	11.327
472.000	11.299
473.000	11.272
474.000	11.244
475.000	11.244
476.000	11.217
477.000	11.189
478.000	11.162
479.000	11.135
480.000	11.108
481.000	11.081
482.000	11.054
483.000	11.027
484.000	11.000
485.000	10.973
486.000	10.973
487.000	10.946
488.000	10.919
489.000	10.892
490.000	10.865
491.000	10.839
492.000	10.812
493.000	10.786
494.000	10.759
495.000	10.732
496.000	10.706
497.000	10.706
498.000	10.680
499.000	10.654
500.000	10.628
501.000	10.602
502.000	10.576
503.000	10.550
504.000	10.527
505.000	10.527
506.000	10.527
507.000	10.527
508.000	10.527
509.000	10.527
510.000	10.527
511.000	10.527
512.000	10.527
513.000	10.527
514.000	10.527
515.000	10.527
516.000	10.527
517.000	10.527
518.000	10.527
519.000	10.527
520.000	10.527
521.000	10.527
522.000	10.527
523.000	10.527
524.000	10.527
525.000	10.527
526.000	10.527
527.000	10.527
528.000	10.527
529.000	10.527
530.000	10.527
531.000	10.527
532.000	10.527
533.000	10.527
534.000	10.527
535.000	10.527
536.000	10.527
537.000	10.527
538.000	10.527
539.000	10.527
540.000	10.527
541.000	10.527
542.000	10.527
543.000	10.527
544.000	10.527
545.000	10.527
546.000	10.527
547.000	10.527
548.000	10.527
549.000	10.527
550.000	10.527
551.000	10.527
552.000	10.527
553.000	10.527
554.000	10.527
555.000	10.527
556.000	10.527
557.000	10.527
558.000	10.527
559.000	10.527
560.000	10.527
561.000	10.527
562.000	10.527
563.000	10.527
564.000	10.527
565.000	10.527
566.000	10.527
567.000	10.527
568.000	10.527
569.000	10.527
570.000	10.527
571.000	10.527
572.000	10.527
573.000	10.527
574.000	10.527
575.000	10.527
576.000	10.527
577.000	10.527
578.000	10.527
579.000	10.527
580.000	10.527
581.000	10.527
582.000	10.527
583.000	10.527
584.000	10.527
585.000	10.527
586.000	10.527
587.000	10.527
588.000	10.527
589.000	10.527
590.000	10.527
591.000	10.527
592.000	10.527
593.000	10.527
594.000	10.527
595.000	10.527
596.000	10.527
597.000	10.527
598.000	10.527
599.000	10.527
600.000	10.527
601.000	10.527
602.000	10.527
603.000	10.527
604.000	10.527
605.000	10.527
606.000	10.527
607.000	10.527
608.000	10.527
609.000	10.527
610.000	10.525
611.000	10.522
612.000	10.499
613.000	10.477
614.000	10.454
615.000	10.432
616.000	10.410
617.000	10.387
618.000	10.365
619.000	10.343
620.000	10.343
621.000	10.320
622.000	10.298
623.000	10.276
624.000	10.254
625.000	10.232
626.000	10.210
627.000	10.188
628.000	10.165
629.000	10.143
630.000	10.121
631.000	10.121
632.000	10.099
633.000	10.078
634.000	10.056
635.000	10.034
636.000	10.012
637.000	9.990
638.000	9.968
639.000	9.946
640.000	9.925
641.000	9.903
642.000	9.903
643.000	9.881
644.000	9.860
645.000	9.838
646.000	9.817
647.000	9.795
648.000	9.774
649.000	9.752
650.000	9.731
651.000	9.709
652.000	9.688
653.000	9.688
654.000	9.666
655.000	9.645
656.000	9.624
657.000	9.602
658.000	9.581
659.000	9.560
660.000	9.539
661.000	9.518
662.000	9.496
663.000	9.475
664.000	9.454
665.000	9.454
666.000	9.433
667.000	9.412
668.000	9.391
669.000	9.370
670.000	9.349
671.000	9.328
672.000	9.307
673.000	9.287
674.000	9.266
675.000	9.245
676.000	9.245
677.000	9.224
678.000	9.203
679.000	9.183
680.000	9.162
681.000	9.141
682.000	9.121
683.000	9.100
684.000	9.080
685.000	9.059
686.000	9.038
687.000	9.038
688.000	9.018
689.000	8.997
690.000	8.977
691.000	8.957
692.000	8.936
693.000	8.916
694.000	8.895
695.000	8.875
696.000	8.855
697.000	8.835
698.000	8.835
699.000	8.814
700.000	8.794
701.000	8.774
702.000	8.754
703.000	8.733
704.000	8.713
705.000	8.693
706.000	8.673
707.000	8.653
708.000	8.633
709.000	8.633
710.000	8.613
711.000	8.593
712.000	8.573
713.000	8.553
714.000	8.533
715.000	8.513
716.000	8.493
717.000	8.474
718.000	8.454
719.000	8.434
720.000	8.434
721.000	8.414
722.000	8.395
723.000	8.375
724.000	8.355
725.000	8.336
726.000	8.316
727.000	8.296
728.000	8.277
729.000	8.257
730.000	8.238
731.000	8.238
732.000	8.218
733.000	8.199
734.000	8.179
735.000	8.160
736.000	8.140
737.000	8.121
738.000	8.102
739.000	8.082
740.000	8.063
741.000	8.044
742.000	8.024
743.000	8.024
744.000	8.005
745.000	7.986
746.000	7.967
747.000	7.947
748.000	7.928
749.000	7.909
750.000	7.890
751.000	7.871
752.000	7.852
753.000	7.833
754.000	7.833
755.000	7.814
756.000	7.795
757.000	7.776
758.000	7.757
759.000	7.738
760.000	7.719
761.000	7.700
762.000	7.683
763.000	7.672
764.000	7.672
765.000	7.672
766.000	7.672
767.000	7.672
768.000	7.672
769.000	7.672
770.000	7.672
771.000	7.672
772.000	7.672
773.000	7.672
774.000	7.672
775.000	7.672
776.000	7.672
777.000	7.672
778.000	7.672
779.000	7.672
780.000	7.672
781.000	7.672
782.000	7.672
783.000	7.672
784.000	7.672
785.000	7.672
786.000	7.672
787.000	7.672
788.000	7.672
789.000	7.672
790.000	7.672
791.000	7.672
792.000	7.672
793.000	7.672
794.000	7.672
795.000	7.672
796.000	7.672
797.000	7.672
798.000	7.672
799.000	7.672
800.000	7.672
801.000	7.672
802.000	7.672
803.000	7.672
804.000	7.672
805.000	7.672
806.000	7.672
807.000	7.672
808.000	7.672
809.000	7.672
810.000	7.672
811.000	7.672
812.000	7.672
813.000	7.672
814.000	7.672
815.000	7.672
816.000	7.672
817.000	7.672
818.000	7.672
819.000	7.672
820.000	7.672
821.000	7.672
822.000	7.672
823.000	7.672
824.000	7.672
825.000	7.672
826.000	7.672
827.000	7.672
828.000	7.672
829.000	7.672
830.000	7.672
831.000	7.672
832.000	7.672
833.000	7.672
834.000	7.672
835.000	7.672
836.000	7.672
837.000	7.672
838.000	7.672
839.000	7.672
840.000	7.672
841.000	7.672
842.000	7.672
843.000	7.672
844.000	7.672
845.000	7.672
846.000	7.672
847.000	7.672
848.000	7.672
849.000	7.672
850.000	7.672
851.000	7.672
852.000	7.672
853.000	7.672
854.000	7.672
855.000	7.672
856.000	7.672
857.000	7.672
858.000	7.672
859.000	7.672
860.000	7.672
861.000	7.672
862.000	7.672
863.000	7.672
864.000	7.672
865.000	7.672
866.000	7.672
867.000	7.672
868.000	7.672
869.000	7.672
870.000	7.672
871.000	7.672
872.000	7.672
873.000	7.672
874.000	7.672
875.000	7.672
876.000	7.672
877.000	7.672
878.000	7.672
879.000	7.672
880.000	7.672
881.000	7.672
882.000	7.672
883.000	7.672
884.000	7.672
885.000	7.672
886.000	7.672
887.000	7.672
888.000	7.672
889.000	7.672
890.000	7.672
891.000	7.672
892.000	7.672
893.000	7.672
894.000	7.672
895.000	7.672
896.000	7.672
897.000	7.672
898.000	7.672
899.000	7.672
900.000	7.672
901.000	7.672
902.000	7.672
903.000	7.672
904.000	7.672
905.000	7.672
906.000	7.672
907.000	7.672
908.000	7.672
909.000	7.672
910.000	7.672
911.000	7.672
912.000	7.672
913.000	7.672
914.000	7.672
915.000	7.672
916.000	7.672
917.000	7.672
918.000	7.672
919.000	7.672
920.000	7.672
921.000	7.672
922.000	7.672
923.000	7.672
924.000	7.672
925.000	7.672
926.000	7.672
927.000	7.672
928.000	7.672
929.000	7.672
930.000	7.672
931.000	7.672
932.000	7.672
933.000	7.672
934.000	7.672
935.000	7.672
936.000	7.672
937.000	7.672
938.000	7.672
939.000	7.672
940.000	7.672
941.000	7.672
942.000	7.672
943.000	7.672
944.000	7.672
945.000	7.672
946.000	7.672
947.000	7.672
948.000	7.672
949.000	7.672
950.000	7.672
951.000	7.672
952.000	7.672
953.000	7.672
954.000	7.672
955.000	7.672
956.000	7.672
957.000	7.672
958.000	7.672
959.000	7.672
960.000	7.672
961.000	7.672
962.000	7.672
963.000	7.672
964.000	7.672
965.000	7.672
966.000	7.672
967.000	7.672
968.000	7.672
969.000	7.672
970.000	7.672
971.000	7.672
972.000	7.672
973.000	7.672
974.000	7.672
975.000	7.672
976.000	7.672
977.000	7.672
978.000	7.672
979.000	7.672
980.000	7.672
981.000	7.672
982.000	7.672
983.000	7.672
984.000	7.672
985.000	7.672
986.000	7.672
987.000	7.672
988.000	7.672
989.000	7.672
990.000	7.672
991.000	7.672
992.000	7.672
993.000	7.672
994.000	7.672
995.000	7.672
996.000	7.672
997.000	7.672
998.000	7.672
999.000	7.672
1000.000	7.672
1001.000	7.672
1002.000	7.672
1003.000	7.672
1004.000	7.672
1005.000	7.672
1006.000	7.672
1007.000	7.672
1008.000	7.672
1009.000	7.672
1010.000	7.672
1011.000	7.672
1012.000	7.672
1013.000	7.672
1014.000	7.672
1015.000	7.672
1016.000	7.672
1017.000	7.672
1018.000	7.672
1019.000	7.672
1020.000	7.672
1021.000	7.672
1022.000	7.672
1023.000	7.672
1024.000	7.672
1025.000	7.672
1026.000	7.672
1027.000	7.672
1028.000	7.672
1029.000	7.672
1030.000	7.672
1031.000	7.672
1032.000	7.672
1033.000	7.672
1034.000	7.672
1035.000	7.672
1036.000	7.672
1037.000	7.672
1038.000	7.672
1039.000	7.672
1040.000	7.672
1041.000	7.672
1042.000	7.672
1043.000	7.672
1044.000	7.672
1045.000	7.672
1046.000	7.672
1047.000	7.672
1048.000	7.672
1049.000	7.672
1050.000	7.672
1051.000	7.672
1052.000	7.672
1053.000	7.672
1054.000	7.672
1055.000	7.672
1056.000	7.672
1057.000	7.672
1058.000	7.672
1059.000	7.672
1060.000	7.672
1061.000	7.672
1062.000	7.672
1063.000	7.672
1064.000	7.672
1065.000	7.672
1066.000	7.672
1067.000	7.672
1068.000	7.672
1069.000	7.672
1070.000	7.672
1071.000	7.672
1072.000	7.672
1073.000	7.672
1074.000	7.672
1075.000	7.672
1076.000	7.672
1077.000	7.672
1078.000	7.672
1079.000	7.672
1080.000	7.672
1081.000	7.672
1082.000	7.672
1083.000	7.672
1084.000	7.672
1085.000	7.672
1086.000	7.672
1087.000	7.672
1088.000	7.672
1089.000	7.672
1090.000	7.672
1091.000	7.672
1092.000	7.672
1093.000	7.672
1094.000	7.672
1095.000	7.672
1096.000	7.672
1097.000	7.672
1098.000	7.672
1099.000	7.672
1100.000	7.672
1101.000	7.672
1102.000	7.672
1103.000	7.672
1104.000	7.672
1105.000	7.672
1106.000	7.672
1107.000	7.672
1108.000	7.672
1109.000	7.672
1110.000	7.672
1111.000	7.672
1112.000	7.672
1113.000	7.672
1114.000	7.672
1115.000	7.672
1116.000	7.672
1117.000	7.672
1118.000	7.672
1119.000	7.672
1120.000	7.672
1121.000	7.672
1122.000	7.672
1123.000	7.672
1124.000	7.672
1125.000	7.672
1126.000	7.672
1127.000	7.672
1128.000	7.672
1129.000	7.672
1130.000	7.672
1131.000	7.672
1132.000	7.672
1133.000	7.672
1134.000	7.672
1135.000	7.672
1136.000	7.672
1137.000	7.672
1138.000	7.672
1139.000	7.672
1140.000	7.672
1141.000	7.672
1142.000	7.672
1143.000	7.672
1144.000	7.672
1145.000	7.672
1146.000	7.672
1147.000	7.672
1148.000	7.672
1149.000	7.672
1150.000	7.672
1151.000	7.672
1152.000	7.672
1153.000	7.672
1154.000	7.672
1155.000	7.672
1156.000	7.672
1157.000	7.672
1158.000	7.672
1159.000	7.672
1160.000	7.672
1161.000	7.672
1162.000	7.672
1163.000	7.672
1164.000	7.672
1165.000	7.672
1166.000	7.672
1167.000	7.672
1168.000	7.672
1169.000	7.672
1170.000	7.672
1171.000	7.672
1172.000	7.672
1173.000	7.672
1174.000	7.672
1175.000	7.672
1176.000	7.672
1177.000	7.672
1178.000	7.672
1179.000	7.672
1180.000	7.672
1181.000	7.672
1182.000	7.672
1183.000	7.672
1184.000	7.672
1185.000	7.672
1186.000	7.672
1187.000	7.672
1188.000	7.672
1189.000	7.672
1190.000	7.672
1191.000	7.672
1192.000	7.672
1193.000	7.672
1194.000	7.672
1195.000	7.672
1196.000	7.672
1197.000	7.672
1198.000	7.672
1199.000	7.672
1200.000	7.672
1201.000	7.672
1202.000	7.672
1203.000	7.672
1204.000	7.672
1205.000	7.672
1206.000	7.672
1207.000	7.672
1208.000	7.672
1209.000	7.672
1210.000	7.672
1211.000	7.672
1212.000	7.672
1213.000	7.672
1214.000	7.672
1215.000	7.672
1216.000	7.672
1217.000	7.672
1218.000	7.672
1219.000	7.672
1220.000	7.672
1221.000	7.672
1222.000	7.672
1223.000	7.672
1224.000	7.672
1225.000	7.672
1226.000	7.672
1227.000	7.672
1228.000	7.672
1229.000	7.672
1230.000	7.672
1231.000	7.672
1232.000	7.672
1233.000	7.672
1234.000	7.672
1235.000	7.672
1236.000	7.672
1237.000	7.672
1238.000	7.672
1239.000	7.672
1240.000	7.672
1241.000	7.672
1242.000	7.672
1243.000	7.672
1244.000	7.672
1245.000	7.672
1246.000	7.672
1247.000	7.672
1248.000	7.672
1249.000	7.672
1250.000	7.672
1251.000	7.672
1252.000	7.672
1253.000	7.672
1254.000	7.672
1255.000	7.672
1256.000	7.672
1257.000	7.672
1258.000	7.672
1259.000	7.672
1260.000	7.672
1261.000	7.672
1262.000	7.672
1263.000	7.672
1264.000	7.672
1265.000	7.672
1266.000	7.672
1267.000	7.672
1268.000	7.672
1269.000	7.672
1270.000	7.672
1271.000	7.672
1272.000	7.672
1273.000	7.672
1274.000	7.672
1275.000	7.672
1276.000	7.672
1277.000	7.672
1278.000	7.672
1279.000	7.672
1280.000	7.672
1281.000	7.672
1282.000	7.672
1283.000	7.672
1284.000	7.672
1285.000	7.672
1286.000	7.672
1287.000	7.672
1288.000	7.672
1289.000	7.672
1290.000	7.672
1291.000	7.672
1292.000	7.672
1293.000	7.672
1294.000	7.672
1295.000	7.672
1296.000	7.672
1297.000	7.672
1298.000	7.672
1299.000	7.672
1300.000	7.672
1301.000	7.672
1302.000	7.672
1303.000	7.672
1304.000	7.672
1305.000	7.672
1306.000	7.672
1307.000	7.672
1308.000	7.672
1309.000	7.672
1310.000	7.672
1311.000	7.672
1312.000	7.672
1313.000	7.672
1314.000	7.672
1315.000	7.672
1316.000	7.672
1317.000	7.672
1318.000	7.672
1319.000	7.672
1320.000	7.672
1321.000	7.672
1322.000	7.672
1323.000	7.672
1324.000	7.672
1325.000	7.672
1326.000	7.672
1327.000	7.672
1328.000	7.672
1329.000	7.672
1330.000	7.672
1331.000	7.672
1332.000	7.672
1333.000	7.672
1334.000	7.672
1335.000	7.672
1336.000	7.672
1337.000	7.672
1338.000	7.672
1339.000	7.672
1340.000	7.672
1341.000	7.672
1342.000	7.672
1343.000	7.672
1344.000	7.672
1345.000	7.672
1346.000	7.672
1347.000	7.672
1348.000	7.672
1349.000	7.672
1350.000	7.672
1351.000	7.672
1352.000	7.672
1353.000	7.672
1354.000	7.672
1355.000	7.672
1356.000	7.672
1357.000	7.672
1358.000	7.672
1359.000	7.672
1360.000	7.672
1361.000	7.672
1362.000	7.672
1363.000	7.672
1364.000	7.672
1365.000	7.672
1366.000	7.672
1367.000	7.672
1368.000	7.672
1369.000	7.672
1370.000	7.672
1371.000	7.672
1372.000	7.672
1373.000	7.672
1374.000	7.672
1375.000	7.672
1376.000	7.672
1377.000	7.672
1378.000	7.672
1379.000	7.672
1380.000	7.672
1381.000	7.672
1382.000	7.672
1383.000	7.672
1384.000	7.672
1385.000	7.672
1386.000	7.672
1387.000	7.672
1388.000	7.672
1389.000	7.672
1390.000	7.672
1391.000	7.672
1392.000	7.672
1393.000	7.672
1394.000	7.672
1395.000	7.672
1396.000	7.672
1397.000	7.672
1398.000	7.672
1399.000	7.672
1400.000	7.672
1401.000	7.672
1402.000	7.672
1403.000	7.672
1404.000	7.672
1405.000	7.672
1406.000	7.672
1407.000	7.672
1408.000	7.672
1409.000	7.672
1410.000	7.672
1411.000	7.672
1412.000	7.672
1413.000	7.672
1414.000	7.672
1415.000	7.672
1416.000	7.672
1417.000	7.672
1418.000	7.672
1419.000	7.672
1420.000	7.672
1421.000	7.672
1422.000	7.672
1423.000	7.672
1424.000	7.672
1425.000	7.672
1426.000	7.672
1427.000	7.672
1428.000	7.672
1429.000	7.672
1430.000	7.672
1431.000	7.672
1432.000	7.672
1433.000	7.672
1434.000	7.672
1435.000	7.672
1436.000	7.672
1437.000	7.672
1438.000	7.672
1439.000	7.672
1440.000	7.672
1441.000	7.672
1442.000	7.672
1443.000	7.672
1444.000	7.672
1445.000	7.672
1446.000	7.672
1447.000	7.672
1448.000	7.672
1449.000	7.672
1450.000	7.672
1451.000	7.672
1452.000	7.672
1453.000	7.672
1454.000	7.672
1455.000	7.672
1456.000	7.672
1457.000	7.672
1458.000	7.672
1459.000	7.672
1460.000	7.672
1461.000	7.672
1462.000	7.672
1463.000	7.672
1464.000	7.672
1465.000	7.672
1466.000	7.672
1467.000	7.672
1468.000	7.672
1469.000	7.672
1470.000	7.672
1471.000	7.672
1472.000	7.672
1473.000	7.672
1474.000	7.672
1475.000	7.672
1476.000	7.672
1477.000	7.672
1478.000	7.672
1479.000	7.672
1480.000	7.672
1481.000	7.672
1482.000	7.672
1483.000	7.672
1484.000	7.672
1485.000	7.672
1486.000	7.672
1487.000	7.672
1488.000	7.672
1489.000	7.672
1490.000	7.672
1491.000	7.672
1492.000	7.672
1493.000	7.672
1494.000	7.672
1495.000	7.672
1496.000	7.672
1497.000	7.672
1498.000	7.672
1499.000	7.672
1500.000	7.672
1501.000	7.672
1502.000	7.672
1503.000	7.672
1504.000	7.672
1505.000	7.672
1506.000	7.672
1507.000	7.672
1508.000	7.672
1509.000	7.672
1510.000	7.672
1511.000	7.672
1512.000	7.672
1513.000	7.672
1514.000	7.672
1515.000	7.672
1516.000	7.672
1517.000	7.672
1518.000	7.672
1519.000	7.672
1520.000	7.672
1521.000	7.672
1522.000	7.672
1523.000	7.672
1524.000	7.672
1525.000	7.672
1526.000	7.672
1527.000	7.672
1528.000	7.672
1529.000	7.672
1530.000	7.672
1531.000	7.672
1532.000	7.672
1533.000	7.672
1534.000	7.672
1535.000	7.672
1536.000	7.672
1537.000	7.672
1538.000	7.672
1539.000	7.672
1540.000	7.672
1541.000	7.672
1542.000	7.672
1543.000	7.672
1544.000	7.672
1545.000	7.672
1546.000	7.672
1547.000	7.672
1548.000	7.672
1549.000	7.672
1550.000	7.672
1551.000	7.672
1552.000	7.672
1553.000	7.672
1554.000	7.672
1555.000	7.672
1556.000	7.672
1557.000	7.672
1558.000	7.672
1559.000	7.672
1560.000	7.672
1561.000	7.672
1562.000	7.672
1563.000	7.672
1564.000	7.672
1565.000	7.672
1566.000	7.672
1567.000	7.672
1568.000	7.672
1569.000	7.672
1570.000	7.672
1571.000	7.672
1572.000	7.672
1573.000	7.672
1574.000	7.672
1575.000	7.672
1576.000	7.672
1577.000	7.672
1578.000	7.672
1579.000	7.672
1580.000	7.672
1581.000	7.672
1582.000	7.672
1583.000	7.672
1584.000	7.672
1585.000	7.672
1586.000	7.672
1587.000	7.672
1588.000	7.672
1589.000	7.672
1590.000	7.672
1591.000	7.672
1592.000	7.672
1593.000	7.672
1594.000	7.672
1595.000	7.672
1596.000	7.672
1597.000	7.672
1598.000	7.672
1599.000	7.672
1600.000	7.672
1601.000	7.672
1602.000	7.672
1603.000	7.672
1604.000	7.672
1605.000	7.672
1606.000	7.672
1607.000	7.672
1608.000	7.672
1609.000	7.672
1610.000	7.672
1611.000	7.672
1612.000	7.672
1613.000	7.672
1614.000	7.672
1615.000	7.672
1616.000	7.672
1617.000	7.672
1618.000	7.672
1619.000	7.672
1620.000	7.672
1621.000	7.672
1622.000	7.672
1623.000	7.672
1624.000	7.672
1625.000	7.672
1626.000	7.672
1627.000	7.672
1628.000	7.672
1629.000	7.672
1630.000	7.672
1631.000	7.672
1632.000	7.672
1633.000	7.672
1634.000	7.672
1635.000	7.672
1636.000	7.672
1637.000	7.672
1638.000	7.672
1639.000	7.672
1640.000	7.672
1641.000	7.672
1642.000	7.672
1643.000	7.672
1644.000	7.672
1645.000	7.672
1646.000	7.672
1647.000	7.672
1648.000	7.672
1649.000	7.672
1650.000	7.672
1651.000	7.672
1652.000	7.672
1653.000	7.672
1654.000	7.672
1655.000	7.672
1656.000	7.672
1657.000	7.672
1658.000	7.672
1659.000	7.672
1660.000	7.672
1661.000	7.672
1662.000	7.663
1663.000	7.653
1664.000	7.644
1665.000	7.634
1666.000	7.624
1667.000	7.615
1668.000	7.605
1669.000	7.605
1670.000	7.596
1671.000	7.586
1672.000	7.577
1673.000	7.567
1674.000	7.557
1675.000	7.548
1676.000	7.538
1677.000	7.529
1678.000	7.519
1679.000	7.510
1680.000	7.510
1681.000	7.500
1682.000	7.491
1683.000	7.481
1684.000	7.472
1685.000	7.462
1686.000	7.453
1687.000	7.443
1688.000	7.434
1689.000	7.424
1690.000	7.414
1691.000	7.414
1692.000	7.405
1693.000	7.395
1694.000	7.386
1695.000	7.376
1696.000	7.367
1697.000	7.357
1698.000	7.348
1699.000	7.339
1700.000	7.329
1701.000	7.320
1702.000	7.320
1703.000	7.310
1704.000	7.301
1705.000	7.291
1706.000	7.282
1707.000	7.272
1708.000	7.263
1709.000	7.253
1710.000	7.244
1711.000	7.234
1712.000	7.225
1713.000	7.225
1714.000	7.215
1715.000	7.206
1716.000	7.196
1717.000	7.187
1718.000	7.178
1719.000	7.168
1720.000	7.159
1721.000	7.149
1722.000	7.140
1723.000	7.130
1724.000	7.130
1725.000	7.121
1726.000	7.112
1727.000	7.102
1728.000	7.093
1729.000	7.083
1730.000	7.074
1731.000	7.065
1732.000	7.055
1733.000	7.046
1734.000	7.036
1735.000	7.036
1736.000	7.027
1737.000	7.018
1738.000	7.008
1739.000	6.999
1740.000	6.989
1741.000	6.980
1742.000	6.971
1743.000	6.961
1744.000	6.952
1745.000	6.942
1746.000	6.933
1747.000	6.933
1748.000	6.924
1749.000	6.914
1750.000	6.905
1751.000	6.896
1752.000	6.886
1753.000	6.877
1754.000	6.868
1755.000	6.858
1756.000	6.849
1757.000	6.840
1758.000	6.840
1759.000	6.830
1760.000	6.821
1761.000	6.812
1762.000	6.802
1763.000	6.793
1764.000	6.784
1765.000	6.774
1766.000	6.765
1767.000	6.756
1768.000	6.746
1769.000	6.746
1770.000	6.737
1771.000	6.728
1772.000	6.718
1773.000	6.709
1774.000	6.700
1775.000	6.690
1776.000	6.681
1777.000	6.672
1778.000	6.663
1779.000	6.653
1780.000	6.653
1781.000	6.644
1782.000	6.635
1783.000	6.625
1784.000	6.616
1785.000	6.607
1786.000	6.598
1787.000	6.588
1788.000	6.579
1789.000	6.570
1790.000	6.560
1791.000	6.560
1792.000	6.551
1793.000	6.542
1794.000	6.533
1795.000	6.523
1796.000	6.514
1797.000	6.505
1798.000	6.496
1799.000	6.486
1800.000	6.477
1801.000	6.468
1802.000	6.468
1803.000	6.459
1804.000	6.449
1805.000	6.440
1806.000	6.431
1807.000	6.422
1808.000	6.413
1809.000	6.403
1810.000	6.394
1811.000	6.385
1812.000	6.376
1813.000	6.366
1814.000	6.366
1815.000	6.357
1816.000	6.348
1817.000	6.339
1818.000	6.330
1819.000	6.320
1820.000	6.311
1821.000	6.302
1822.000	6.293
1823.000	6.284
1824.000	6.274
1825.000	1.367
1826.000	1.358
1827.000	1.349
1828.000	1.340
1829.000	1.331
1830.000	1.321
1831.000	1.312
1832.000	1.303
1833.000	1.294
1834.000	1.285
1835.000	1.276
1836.000	1.275
1837.000	1.266
1838.000	1.256
1839.000	1.247
1840.000	1.238
1841.000	1.229
1842.000	1.220
1843.000	1.211
1844.000	1.202
1845.000	1.192
1846.000	1.183
1847.000	1.183
1848.000	1.173
1849.000	1.164
1850.000	1.155
1851.000	1.146
1852.000	1.137
1853.000	1.128
1854.000	1.119
1855.000	1.110
1856.000	1.100
1857.000	1.091
1858.000	1.091
1859.000	1.081
1860.000	1.072
1861.000	1.063
1862.000	1.054
1863.000	1.045
1864.000	1.036
1865.000	1.027
1866.000	1.018
1867.000	1.009
1868.000	0.999
1869.000	0.999
1870.000	0.990
1871.000	0.981
1872.000	0.971
1873.000	0.962
1874.000	0.953
1875.000	0.944
1876.000	0.935
1877.000	0.926
1878.000	0.917
1879.000	0.908
1880.000	0.907
1881.000	0.898
1882.000	0.889
1883.000	0.880
1884.000	0.871
1885.000	0.862
1886.000	0.853
1887.000	0.844
1888.000	0.835
1889.000	0.826
1890.000	0.817
1891.000	0.808
1892.000	0.807
1893.000	0.798
1894.000	0.789
1895.000	0.780
1896.000	0.771
1897.000	0.762
1898.000	0.753
1899.000	0.743
1900.000	0.734
1901.000	0.725
1902.000	0.716
1903.000	0.716
1904.000	0.707
1905.000	0.698
1906.000	0.689
1907.000	0.680
1908.000	0.671
1909.000	0.662
1910.000	0.653
1911.000	0.644
1912.000	0.635
1913.000	0.626
1914.000	0.625
1915.000	0.616
1916.000	0.607
1917.000	0.598
1918.000	0.589
1919.000	0.580
1920.000	0.571
1921.000	0.562
1922.000	0.553
1923.000	0.544
1924.000	0.535
1925.000	0.534
1926.000	0.525
1927.000	0.516
1928.000	0.507
1929.000	0.498
1930.000	0.489
1931.000	0.480
1932.000	0.471
1933.000	0.462
1934.000	0.453
1935.000	0.445
1936.000	0.444
1937.000	0.435
1938.000	0.426
1939.000	0.417
1940.000	0.408
1941.000	0.399
1942.000	0.390
1943.000	0.381
1944.000	0.372
1945.000	0.363
1946.000	0.354
1947.000	0.354
1948.000	0.345
1949.000	0.336
1950.000	0.327
1951.000	0.318
1952.000	0.309
1953.000	0.300
1954.000	0.291
1955.000	0.282
1956.000	0.273
1957.000	0.264
1958.000	0.255
1959.000	0.255
1960.000	0.246
1961.000	0.237
1962.000	0.228
1963.000	0.219
1964.000	0.210
1965.000	0.201
1966.000	0.192
1967.000	0.184
1968.000	0.175
1969.000	0.166
1970.000	0.165
1971.000	0.156
1972.000	0.147
1973.000	0.138
1974.000	0.129
1975.000	0.121
1976.000	0.112
1977.000	0.103
1978.000	0.094
1979.000	0.085
1980.000	0.076
1981.000	0.075
1982.000	0.067
1983.000	0.058
1984.000	0.049
1985.000	0.040
1986.000	0.031
1987.000	0.022
1988.000	0.013
1989.000	0.005
1990.000	-0.004
1991.000	-0.013
1992.000	-0.014
1993.000	-0.023
1994.000	-0.032
1995.000	-0.040
1996.000	-0.049
1997.000	-0.058
1998.000	-0.067
1999.000	-0.076
2000.000	-0.085
2001.000	-0.093
2002.000	-0.102
2003.000	-0.103
2004.000	-0.112
2005.000	-0.121
2006.000	-0.129
2007.000	-0.138
2008.000	-0.147
2009.000	-0.156
2010.000	-0.165
2011.000	-0.173
2012.000	-0.182
2013.000	-0.191
2014.000	-0.192
2015.000	-0.201
2016.000	-0.209
2017.000	-0.218
2018.000	-0.227
2019.000	-0.236
2020.000	-0.245
2021.000	-0.258
2022.000	-0.259
2023.000	-0.259
2024.000	-0.260
2025.000	-0.261
2026.000	-0.262
2027.000	-0.263
2028.000	-0.263
2029.000	-0.264
2030.000	-0.265
2031.000	-0.266
2032.000	-0.266
2033.000	-0.267
2034.000	-0.268
2035.000	-0.269
2036.000	-0.270
2037.000	-0.270
2038.000	-0.271
2039.000	-0.272
2040.000	-0.273
2041.000	-0.273
2042.000	-0.274
2043.000	-0.275
2044.000	-0.276
2045.000	-0.277
2046.000	-0.277
2047.000	-0.278
2048.000	-0.279
2049.000	-0.280
2050.000	-0.280
2051.000	-0.281
2052.000	-0.282
2053.000	-0.283
2054.000	-0.284
2055.000	-0.284
2056.000	-0.285
2057.000	-0.286
2058.000	-0.287
2059.000	-0.287
2060.000	-0.288
2061.000	-0.289
2062.000	-0.290
2063.000	-0.291
2064.000	-0.291
2065.000	-0.292
2066.000	-0.293
2067.000	-0.294
2068.000	-0.294
2069.000	-0.295
2070.000	-0.296
2071.000	-0.297
2072.000	-0.298
2073.000	-0.298
2074.000	-0.299
2075.000	-0.300
2076.000	-0.301
2077.000	-0.301
2078.000	-0.302
2079.000	-0.303
2080.000	-0.304
2081.000	-0.305
2082.000	-0.305
2083.000	-0.306
2084.000	-0.307
2085.000	-0.308
2086.000	-0.308
2087.000	-0.309
2088.000	-0.310
2089.000	-0.311
2090.000	-0.312
2091.000	-0.312
2092.000	-0.313
2093.000	-0.314
2094.000	-0.315
2095.000	-0.315
2096.000	-0.316
2097.000	-0.317
2098.000	-0.318
2099.000	-0.319
2100.000	-0.319
2101.000	-0.320
2102.000	-0.321
2103.000	-0.322
2104.000	-0.322
2105.000	-0.323
2106.000	-0.324
2107.000	-0.325
2108.000	-0.326
2109.000	-0.326
2110.000	-0.327
2111.000	-0.328
2112.000	-0.329
2113.000	-0.329
2114.000	-0.330
2115.000	-0.331
2116.000	-0.332
2117.000	-0.333
2118.000	-0.333
2119.000	-0.334
2120.000	-0.335
2121.000	-0.336
2122.000	-0.336
2123.000	-0.337
2124.000	-0.338
2125.000	-0.339
2126.000	-0.340
2127.000	-0.340
2128.000	-0.341
2129.000	-0.342
2130.000	-0.343
2131.000	-0.343
2132.000	-0.344
2133.000	-0.345
2134.000	-0.346
2135.000	-0.347
2136.000	-0.347
2137.000	-0.348
2138.000	-0.349
2139.000	-0.350
2140.000	-0.350
2141.000	-0.351
2142.000	-0.352
2143.000	-0.353
2144.000	-0.354
2145.000	-0.354
2146.000	-0.355
2147.000	-0.356
2148.000	-0.357
2149.000	-0.357
2150.000	-0.358
2151.000	-0.359
2152.000	-0.360
2153.000	-0.361
2154.000	-0.361
2155.000	-0.362
2156.000	-0.363
2157.000	-0.364
2158.000	-0.364
2159.000	-0.365
2160.000	-0.366
2161.000	-0.367
2162.000	-0.368
2163.000	-0.368
2164.000	-0.369
2165.000	-0.370
2166.000	-0.371
2167.000	-0.371
2168.000	-0.372
2169.000	-0.373
2170.000	-0.374
2171.000	-0.375
2172.000	-0.375
2173.000	-0.376
2174.000	-0.377
2175.000	-0.378
2176.000	-0.378
2177.000	-0.379
2178.000	-0.380
2179.000	-0.381
2180.000	-0.382
2181.000	-0.382
2182.000	-0.383
2183.000	-0.384
2184.000	-0.385
2185.000	-0.385
2186.000	-0.386
2187.000	-0.387
2188.000	-0.388
2189.000	-0.389
2190.000	-0.389
2191.000	-0.390
2192.000	-0.391
2193.000	-0.392
2194.000	-0.392
2195.000	-0.393
2196.000	-0.394
2197.000	-0.395
2198.000	-0.396
2199.000	-0.396
2200.000	-0.397
2201.000	-0.398
2202.000	-0.399
2203.000	-0.399
2204.000	-0.400
2205.000	-0.401
2206.000	-0.402
2207.000	-0.403
2208.000	-0.403
2209.000	-0.404
2210.000	-0.405
2211.000	-0.406
2212.000	-0.406
2213.000	-0.407
2214.000	-0.408
2215.000	-0.409
2216.000	-0.410
2217.000	-0.410
2218.000	-0.411
2219.000	-0.412
2220.000	-0.413
2221.000	-0.413
2222.000	-0.414
2223.000	-0.415
2224.000	-0.416
2225.000	-0.417
2226.000	-0.417
2227.000	-0.418
2228.000	-0.419
2229.000	-0.420
2230.000	-0.420
2231.000	-0.421
2232.000	-0.422
2233.000	-0.423
2234.000	-0.424
2235.000	-0.424
2236.000	-0.425
2237.000	-0.426
2238.000	-0.427
2239.000	-0.427
2240.000	-0.428
2241.000	-0.429
2242.000	-0.430
2243.000	-0.431
2244.000	-0.431
2245.000	-0.432
2246.000	-0.433
2247.000	-0.434
2248.000	-0.434
2249.000	-0.435
2250.000	-0.436
2251.000	-0.437
2252.000	-0.438
2253.000	-0.438
2254.000	-0.439
2255.000	-0.440
2256.000	-0.441
2257.000	-0.441
2258.000	-0.442
2259.000	-0.443
2260.000	-0.444
2261.000	-0.444
2262.000	-0.445
2263.000	-0.446
2264.000	-0.447
2265.000	-0.448
2266.000	-0.448
2267.000	-0.449
2268.000	-0.450
2269.000	-0.451
2270.000	-0.451
2271.000	-0.452
2272.000	-0.453
2273.000	-0.454
2274.000	-0.455
2275.000	-0.455
2276.000	-0.456
2277.000	-0.457
2278.000	-0.458
2279.000	-0.458
2280.000	-0.459
2281.000	-0.460
2282.000	-0.461
2283.000	-0.462
2284.000	-0.462
2285.000	-0.463
2286.000	-0.464
2287.000	-0.465
2288.000	-0.465
2289.000	-0.466
2290.000	-0.467
2291.000	-0.468
2292.000	-0.469
2293.000	-0.469
2294.000	-0.470
2295.000	-0.471
2296.000	-0.472
2297.000	-0.472
2298.000	-0.473
2299.000	-0.474
2300.000	-0.475
2301.000	-0.476
2302.000	-0.476
2303.000	-0.477
2304.000	-0.478
2305.000	-0.479
2306.000	-0.479
2307.000	-0.480
2308.000	-0.481
2309.000	-0.482
2310.000	-0.483
2311.000	-0.483
2312.000	-0.484
2313.000	-0.485
2314.000	-0.486
2315.000	-0.486
2316.000	-0.487
2317.000	-0.488
2318.000	-0.489
2319.000	-0.490
2320.000	-0.490
2321.000	-0.491
2322.000	-0.492
2323.000	-0.493
2324.000	-0.493
2325.000	-0.494
2326.000	-0.495
2327.000	-0.496
2328.000	-0.497
2329.000	-0.497
2330.000	-0.498
2331.000	-0.499
2332.000	-0.500
2333.000	-0.500
2334.000	-0.501
2335.000	-0.502
2336.000	-0.503
2337.000	-0.504
2338.000	-0.504
2339.000	-0.505
2340.000	-0.506
2341.000	-0.507
2342.000	-0.507
2343.000	-0.508
2344.000	-0.509
2345.000	-0.510
2346.000	-0.511
2347.000	-0.511
2348.000	-0.512
2349.000	-0.513
2350.000	-0.514
2351.000	-0.514
2352.000	-0.515
2353.000	-0.516
2354.000	-0.517
2355.000	-0.518
2356.000	-0.518
2357.000	-0.519
2358.000	-0.520
2359.000	-0.521
2360.000	-0.521
2361.000	-0.522
2362.000	-0.523
2363.000	-0.524
2364.000	-0.525
2365.000	-0.525
2366.000	-0.526
2367.000	-0.527
2368.000	-0.528
2369.000	-0.528
2370.000	-0.529
2371.000	-0.530
2372.000	-0.531
2373.000	-0.532
2374.000	-0.532
2375.000	-0.533
2376.000	-0.534
2377.000	-0.535
2378.000	-0.535
2379.000	-0.536
2380.000	-0.537
2381.000	-0.538
2382.000	-0.539
2383.000	-0.539
2384.000	-0.540
2385.000	-0.541
2386.000	-0.542
2387.000	-0.542
2388.000	-0.543
2389.000	-0.544
2390.000	-0.545
2391.000	-0.546
2392.000	-0.546
2393.000	-0.547
2394.000	-0.548
2395.000	-0.549
2396.000	-0.549
2397.000	-0.550
2398.000	-0.551
2399.000	-0.552
2400.000	-0.553
2401.000	-0.553
2402.000	-0.554
2403.000	-0.555
2404.000	-0.556
2405.000	-0.556
2406.000	-0.557
2407.000	-0.558
2408.000	-0.559
2409.000	-0.560
2410.000	-0.560
2411.000	-0.561
2412.000	-0.562
2413.000	-0.563
2414.000	-0.563
2415.000	-0.564
2416.000	-0.565
2417.000	-0.566
2418.000	-0.567
2419.000	-0.567
2420.000	-0.568
2421.000	-0.569
2422.000	-0.570
2423.000	-0.570
2424.000	-0.571
2425.000	-0.572
2426.000	-0.573
2427.000	-0.574
2428.000	-0.574
2429.000	-0.575
2430.000	-0.576
2431.000	-0.577
2432.000	-0.577
2433.000	-0.578
2434.000	-0.579
2435.000	-0.580
2436.000	-0.581
2437.000	-0.581
2438.000	-0.582
2439.000	-0.583
2440.000	-0.584
2441.000	-0.584
2442.000	-0.585
2443.000	-0.586
2444.000	-0.587
2445.000	-0.588
2446.000	-0.588
2447.000	-0.589
2448.000	-0.590
2449.000	-0.591
2450.000	-0.591
2451.000	-0.592
2452.000	-0.593
2453.000	-0.594
2454.000	-0.595
2455.000	-0.595
2456.000	-0.596
2457.000	-0.597
2458.000	-0.598
2459.000	-0.598
2460.000	-0.599
2461.000	-0.600
2462.000	-0.601
2463.000	-0.602
2464.000	-0.602
2465.000	-0.603
2466.000	-0.604
2467.000	-0.605
2468.000	-0.605
2469.000	-0.606
2470.000	-0.607
2471.000	-0.608
2472.000	-0.609
2473.000	-0.609
2474.000	-0.610
2475.000	-0.611
2476.000	-0.612
2477.000	-0.612
2478.000	-0.613
2479.000	-0.614
2480.000	-0.615
2481.000	-0.616
2482.000	-0.616
2483.000	-0.617
2484.000	-0.618
2485.000	-0.619
2486.000	-0.619
2487.000	-0.620
2488.000	-0.621
2489.000	-0.622
2490.000	-0.623
2491.000	-0.623
2492.000	-0.624
2493.000	-0.625
2494.000	-0.626
2495.000	-0.626
2496.000	-0.627
2497.000	-0.628
2498.000	-0.629
2499.000	-0.630
2500.000	-0.630
2501.000	-0.631
2502.000	-0.632
2503.000	-0.633
2504.000	-0.633
2505.000	-0.634
2506.000	-0.635
2507.000	-0.636
2508.000	-0.637
2509.000	-0.637
2510.000	-0.638
2511.000	-0.639
2512.000	-0.640
2513.000	-0.640
2514.000	-0.641
2515.000	-0.642
2516.000	-0.643
2517.000	-0.644
2518.000	-0.644
2519.000	-0.645
2520.000	-0.646
2521.000	-0.647
2522.000	-0.647
2523.000	-0.648
2524.000	-0.649
2525.000	-0.650
2526.000	-0.651
2527.000	-0.651
2528.000	-0.652
2529.000	-0.653
2530.000	-0.654
2531.000	-0.654
2532.000	-0.655
2533.000	-0.656
2534.000	-0.657
2535.000	-0.658
2536.000	-0.658
2537.000	-0.659
2538.000	-0.660
2539.000	-0.661
2540.000	-0.661
2541.000	-0.662
2542.000	-0.663
2543.000	-0.664
2544.000	-0.665
2545.000	-0.665
2546.000	-0.666
2547.000	-0.667
2548.000	-0.668
2549.000	-0.668
2550.000	-0.669
2551.000	-0.670
2552.000	-0.671
2553.000	-0.672
2554.000	-0.672
2555.000	-0.673
2556.000	-0.674
2557.000	-0.675
2558.000	-0.675
2559.000	-0.676
2560.000	-0.677
2561.000	-0.678
2562.000	-0.679
2563.000	-0.679
2564.000	-0.680
2565.000	-0.681
2566.000	-0.682
2567.000	-0.682
2568.000	-0.683
2569.000	-0.684
2570.000	-0.685
2571.000	-0.685
2572.000	-0.686
2573.000	-0.687
2574.000	-0.688
2575.000	-0.689
2576.000	-0.689
2577.000	-0.690
2578.000	-0.691
2579.000	-0.692
2580.000	-0.692
2581.000	-0.693
2582.000	-0.694
2583.000	-0.695
2584.000	-0.696
2585.000	-0.696
2586.000	-0.697
2587.000	-0.698
2588.000	-0.699
2589.000	-0.699
2590.000	-0.700
2591.000	-0.701
2592.000	-0.702
2593.000	-0.703
2594.000	-0.703
2595.000	-0.704
2596.000	-0.705
2597.000	-0.706
2598.000	-0.706
2599.000	-0.707
2600.000	-0.708
2601.000	-0.709
2602.000	-0.710
2603.000	-0.710
2604.000	-0.711
2605.000	-0.712
2606.000	-0.713
2607.000	-0.713
2608.000	-0.714
2609.000	-0.715
2610.000	-0.716
2611.000	-0.717
2612.000	-0.717
2613.000	-0.718
2614.000	-0.719
2615.000	-0.720
2616.000	-0.720
2617.000	-0.721
2618.000	-0.722
2619.000	-0.723
2620.000	-0.724
2621.000	-0.724
2622.000	-0.725
2623.000	-0.726
2624.000	-0.727
2625.000	-0.727
2626.000	-0.728
2627.000	-0.729
2628.000	-0.730
2629.000	-0.731
2630.000	-0.731
2631.000	-0.732
2632.000	-0.733
2633.000	-0.734
2634.000	-0.734
2635.000	-0.735
2636.000	-0.736
2637.000	-0.737
2638.000	-0.738
2639.000	-0.738
2640.000	-0.739
2641.000	-0.740
2642.000	-0.741
2643.000	-0.741
2644.000	-0.742
2645.000	-0.743
2646.000	-0.744
2647.000	-0.745
2648.000	-0.745
2649.000	-0.746
2650.000	-0.747
2651.000	-0.748
2652.000	-0.748
2653.000	-0.749
2654.000	-0.750
2655.000	-0.751
2656.000	-0.752
2657.000	-0.752
2658.000	-0.753
2659.000	-0.754
2660.000	-0.755
2661.000	-0.755
2662.000	-0.756
2663.000	-0.757
2664.000	-0.758
2665.000	-0.759
2666.000	-0.759
2667.000	-0.760
2668.000	-0.761
2669.000	-0.762
2670.000	-0.762
2671.000	-0.763
2672.000	-0.764
2673.000	-0.765
2674.000	-0.766
2675.000	-0.766
2676.000	-0.767
2677.000	-0.768
2678.000	-0.769
2679.000	-0.769
2680.000	-0.770
2681.000	-0.771
2682.000	-0.772
2683.000	-0.773
2684.000	-0.773
2685.000	-0.774
2686.000	-0.775
2687.000	-0.776
2688.000	-0.776
2689.000	-0.777
2690.000	-0.778
2691.000	-0.779
2692.000	-0.780
2693.000	-0.780
2694.000	-0.781
2695.000	-0.782
2696.000	-0.783
2697.000	-0.783
2698.000	-0.784
2699.000	-0.785
2700.000	-0.786
2701.000	-0.787
2702.000	-0.787
2703.000	-0.788
2704.000	-0.789
2705.000	-0.790
2706.000	-0.790
2707.000	-0.791
2708.000	-0.792
2709.000	-0.793
2710.000	-0.794
2711.000	-0.794
2712.000	-0.795
2713.000	-0.796
2714.000	-0.797
2715.000	-0.797
2716.000	-0.798
2717.000	-0.799
2718.000	-0.800
2719.000	-0.801
2720.000	-0.801
2721.000	-0.802
2722.000	-0.803
2723.000	-0.804
2724.000	-0.804
2725.000	-0.805
2726.000	-0.806
2727.000	-0.807
2728.000	-0.808
2729.000	-0.808
2730.000	-0.809
2731.000	-0.810
2732.000	-0.811
2733.000	-0.811
2734.000	-0.812
2735.000	-0.813
2736.000	-0.814
2737.000	-0.815
2738.000	-0.815
2739.000	-0.816
2740.000	-0.817
2741.000	-0.818
2742.000	-0.818
2743.000	-0.819
2744.000	-0.820
2745.000	-0.821
2746.000	-0.822
2747.000	-0.822
2748.000	-0.823
2749.000	-0.824
2750.000	-0.825
2751.000	-0.825
2752.000	-0.826
2753.000	-0.827
2754.000	-0.828
2755.000	-0.829
2756.000	-0.829
2757.000	-0.830
2758.000	-0.831
2759.000	-0.832
2760.000	-0.832
2761.000	-0.833
2762.000	-0.834
2763.000	-0.835
2764.000	-0.836
2765.000	-0.836
2766.000	-0.837
2767.000	-0.838
2768.000	-0.839
2769.000	-0.839
2770.000	-0.840
2771.000	-0.841
2772.000	-0.842
2773.000	-0.843
2774.000	-0.843
2775.000	-0.844
2776.000	-0.845
2777.000	-0.846
2778.000	-0.846
2779.000	-0.847
2780.000	-0.848
2781.000	-0.849
2782.000	-0.850
2783.000	-0.850
2784.000	-0.851
2785.000	-0.852
2786.000	-0.853
2787.000	-0.853
2788.000	-0.854
2789.000	-0.855
2790.000	-0.856
2791.000	-0.857
2792.000	-0.857
2793.000	-0.858
2794.000	-0.859
2795.000	-0.860
2796.000	-0.860
2797.000	-0.861
2798.000	-0.862
2799.000	-0.863
2800.000	-0.864
2801.000	-0.864
2802.000	-0.865
2803.000	-0.866
2804.000	-0.867
2805.000	-0.867
2806.000	-0.868
2807.000	-0.869
2808.000	-0.870
2809.000	-0.871
2810.000	-0.871
2811.000	-0.872
2812.000	-0.873
2813.000	-0.874
2814.000	-0.874
2815.000	-0.875
2816.000	-0.876
2817.000	-0.877
2818.000	-0.878
2819.000	-0.878
2820.000	-0.879
2821.000	-0.880
2822.000	-0.881
2823.000	-0.881
2824.000	-0.882
2825.000	-0.883
2826.000	-0.884
2827.000	-0.885
2828.000	-0.885
2829.000	-0.886
2830.000	-0.887
2831.000	-0.888
2832.000	-0.888
2833.000	-0.889
2834.000	-0.890
2835.000	-0.891
2836.000	-0.892
2837.000	-0.892
2838.000	-0.893
2839.000	-0.894
2840.000	-0.895
2841.000	-0.895
2842.000	-0.896
2843.000	-0.897
2844.000	-0.898
2845.000	-0.899
2846.000	-0.899
2847.000	-0.900
2848.000	-0.901
2849.000	-0.902
2850.000	-0.902
2851.000	-0.903
2852.000	-0.904
2853.000	-0.905
2854.000	-0.906
2855.000	-0.906
2856.000	-0.907
2857.000	-0.908
2858.000	-0.909
2859.000	-0.909
2860.000	-0.910
2861.000	-0.911
2862.000	-0.912
2863.000	-0.913
2864.000	-0.913
2865.000	-0.914
2866.000	-0.915
2867.000	-0.916
2868.000	-0.916
2869.000	-0.917
2870.000	-0.918
2871.000	-0.919
2872.000	-0.919
2873.000	-0.920
2874.000	-0.921
2875.000	-0.922
2876.000	-0.923
2877.000	-0.923
2878.000	-0.924
2879.000	-0.925
2880.000	-0.926
2881.000	-0.926
2882.000	-0.927
2883.000	-0.928
2884.000	-0.929
2885.000	-0.930
2886.000	-0.930
2887.000	-0.931
2888.000	-0.932
2889.000	-0.933
2890.000	-0.933
2891.000	-0.934
2892.000	-0.935
2893.000	-0.936
2894.000	-0.937
2895.000	-0.937
2896.000	-0.938
2897.000	-0.939
2898.000	-0.940
2899.000	-0.940
2900.000	-0.941
2901.000	-0.942
2902.000	-0.943
2903.000	-0.944
2904.000	-0.944
2905.000	-0.945
2906.000	-0.946
2907.000	-0.947
2908.000	-0.947
2909.000	-0.948
2910.000	-0.949
2911.000	-0.950
2912.000	-0.951
2913.000	-0.951
2914.000	-0.952
2915.000	-0.953
2916.000	-0.954
2917.000	-0.954
2918.000	-0.955
2919.000	-0.956
2920.000	-0.957
2921.000	-0.958
2922.000	-0.958
2923.000	-0.959
2924.000	-0.960
2925.000	-0.961
2926.000	-0.961
2927.000	-0.962
2928.000	-0.963
2929.000	-0.964
2930.000	-0.965
2931.000	-0.965
2932.000	-0.966
2933.000	-0.967
2934.000	-0.968
2935.000	-0.968
2936.000	-0.969
2937.000	-0.970
2938.000	-0.971
2939.000	-0.972
2940.000	-0.972
2941.000	-0.973
2942.000	-0.974
2943.000	-0.975
2944.000	-0.975
2945.000	-0.976
2946.000	-0.977
2947.000	-0.978
2948.000	-0.979
2949.000	-0.979
2950.000	-0.980
2951.000	-0.981
2952.000	-0.982
2953.000	-0.982
2954.000	-0.983
2955.000	-0.984
2956.000	-0.985
2957.000	-0.986
2958.000	-0.986
2959.000	-0.987
2960.000	-0.988
2961.000	-0.989
2962.000	-0.989
2963.000	-0.990
2964.000	-0.991
2965.000	-0.992
2966.000	-0.993
2967.000	-0.993
2968.000	-0.994
2969.000	-0.995
2970.000	-0.996
2971.000	-0.996
2972.000	-0.997
2973.000	-0.998
2974.000	-0.999
2975.000	-1.000
2976.000	-1.000
2977.000	-1.001
2978.000	-1.002
2979.000	-1.003
2980.000	-1.003
2981.000	-1.004
2982.000	-1.005
2983.000	-1.006
2984.000	-1.007
2985.000	-1.007
2986.000	-1.008
2987.000	-1.009
2988.000	-1.010
2989.000	-1.010
2990.000	-1.011
2991.000	-1.012
2992.000	-1.013
2993.000	-1.014
2994.000	-1.014
2995.000	-1.015
2996.000	-1.016
2997.000	-1.017
2998.000	-1.017
2999.000	-1.018
3000.000	-1.019
3001.000	-1.020
3002.000	-1.021
3003.000	-1.021
3004.000	-1.022
3005.000	-1.023
3006.000	-1.024
3007.000	-1.024
3008.000	-1.025
3009.000	-1.026
3010.000	-1.027
3011.000	-1.028
3012.000	-1.028
3013.000	-1.029
3014.000	-1.030
3015.000	-1.031
3016.000	-1.031
3017.000	-1.032
3018.000	-1.033
3019.000	-1.034
3020.000	-1.035
3021.000	-1.035
3022.000	-1.036
3023.000	-1.037
3024.000	-1.038
3025.000	-1.038
3026.000	-1.039
3027.000	-1.040
3028.000	-1.041
3029.000	-1.042
3030.000	-1.042
3031.000	-1.043
3032.000	-1.044
3033.000	-1.045
3034.000	-1.045
3035.000	-1.046
3036.000	-1.047
3037.000	-1.048
3038.000	-1.049
3039.000	-1.049
3040.000	-1.050
3041.000	-1.051
3042.000	-1.052
3043.000	-1.052
3044.000	-1.053
3045.000	-1.054
3046.000	-1.055
3047.000	-1.056
3048.000	-1.056
3049.000	-1.057
3050.000	-1.058
3051.000	-1.059
3052.000	-1.059
3053.000	-1.060
3054.000	-1.061
3055.000	-1.062
3056.000	-1.063
3057.000	-1.063
3058.000	-1.064
3059.000	-1.065
3060.000	-1.066
3061.000	-1.066
3062.000	-1.067
3063.000	-1.068
3064.000	-1.069
3065.000	-1.070
3066.000	-1.070
3067.000	-1.071
3068.000	-1.072
3069.000	-1.073
3070.000	-1.073
3071.000	-1.074
3072.000	-1.075
3073.000	-1.076
3074.000	-1.077
3075.000	-1.077
3076.000	-1.078
3077.000	-1.079
3078.000	-1.080
3079.000	-1.080
3080.000	-1.081
3081.000	-1.082
3082.000	-1.083
3083.000	-1.084
3084.000	-1.084
3085.000	-1.085
3086.000	-1.086
3087.000	-1.087
3088.000	-1.087
3089.000	-1.088
3090.000	-1.089
3091.000	-1.090
3092.000	-1.091
3093.000	-1.091
3094.000	-1.092
3095.000	-1.093
3096.000	-1.094
3097.000	-1.094
3098.000	-1.095
3099.000	-1.096
3100.000	-1.097
3101.000	-1.098
3102.000	-1.098
3103.000	-1.099
3104.000	-1.100
3105.000	-1.101
3106.000	-1.101
3107.000	-1.102
3108.000	-1.103
3109.000	-1.104
3110.000	-1.105
3111.000	-1.105
3112.000	-1.106
3113.000	-1.107
3114.000	-1.108
3115.000	-1.108
3116.000	-1.109
3117.000	-1.110
3118.000	-1.111
3119.000	-1.112
3120.000	-1.112
3121.000	-1.113
3122.000	-1.114
3123.000	-1.115
3124.000	-1.115
3125.000	-1.116
3126.000	-1.117
3127.000	-1.118
3128.000	-1.119
3129.000	-1.119
3130.000	-1.120
3131.000	-1.121
3132.000	-1.122
3133.000	-1.122
3134.000	-1.123
3135.000	-1.124
3136.000	-1.125
3137.000	-1.126
3138.000	-1.126
3139.000	-1.127
3140.000	-1.128
3141.000	-1.129
3142.000	-1.129
3143.000	-1.130
3144.000	-1.131
3145.000	-1.132
3146.000	-1.133
3147.000	-1.133
3148.000	-1.134
3149.000	-1.135
3150.000	-1.136
3151.000	-1.136
3152.000	-1.137
3153.000	-1.138
3154.000	-1.139
3155.000	-1.140
3156.000	-1.140
3157.000	-1.141
3158.000	-1.142
3159.000	-1.143
3160.000	-1.143
3161.000	-1.144
3162.000	-1.145
3163.000	-1.146
3164.000	-1.147
3165.000	-1.147
3166.000	-1.148
3167.000	-1.149
3168.000	-1.150
3169.000	-1.150
3170.000	-1.151
3171.000	-1.152
3172.000	-1.153
3173.000	-1.153
3174.000	-1.154
3175.000	-1.155
3176.000	-1.156
3177.000	-1.157
3178.000	-1.157
3179.000	-1.158
3180.000	-1.159
3181.000	-1.160
3182.000	-1.160
3183.000	-1.161
3184.000	-1.162
3185.000	-1.163
3186.000	-1.164
3187.000	-1.164
3188.000	-1.165
3189.000	-1.166
3190.000	-1.167
3191.000	-1.167
3192.000	-1.168
3193.000	-1.169
3194.000	-1.170
3195.000	-1.171
3196.000	-1.171
3197.000	-1.172
3198.000	-1.173
3199.000	-1.174
3200.000	-1.174
3201.000	-1.175
3202.000	-1.176
3203.000	-1.177
3204.000	-1.178
3205.000	-1.178
3206.000	-1.179
3207.000	-1.180
3208.000	-1.181
3209.000	-1.181
3210.000	-1.182
3211.000	-1.183
3212.000	-1.184
3213.000	-1.185
3214.000	-1.185
3215.000	-1.186
3216.000	-1.187
3217.000	-1.188
3218.000	-1.188
3219.000	-1.189
3220.000	-1.190
3221.000	-1.191
3222.000	-1.192
3223.000	-1.192
3224.000	-1.193
3225.000	-1.194
3226.000	-1.195
3227.000	-1.195
3228.000	-1.196
3229.000	-1.197
3230.000	-1.198
3231.000	-1.199
3232.000	-1.199
3233.000	-1.200
3234.000	-1.201
3235.000	-1.202
3236.000	-1.202
3237.000	-1.203
3238.000	-1.204
3239.000	-1.205
3240.000	-1.206
3241.000	-1.206
3242.000	-1.207
3243.000	-1.208
3244.000	-1.209
3245.000	-1.209
3246.000	-1.210
3247.000	-1.211
3248.000	-1.212
3249.000	-1.213
3250.000	-1.213
3251.000	-1.214
3252.000	-1.215
3253.000	-1.216
3254.000	-1.216
3255.000	-1.217
3256.000	-1.218
3257.000	-1.219
3258.000	-1.220
3259.000	-1.220
3260.000	-1.221
3261.000	-1.222
3262.000	-1.223
3263.000	-1.223
3264.000	-1.224
3265.000	-1.225
3266.000	-1.226
3267.000	-1.227
3268.000	-1.227
3269.000	-1.228
3270.000	-1.229
3271.000	-1.230
3272.000	-1.230
3273.000	-1.231
3274.000	-1.232
3275.000	-1.233
3276.000	-1.234
3277.000	-1.234
3278.000	-1.235
3279.000	-1.236
3280.000	-1.237
3281.000	-1.237
3282.000	-1.238
3283.000	-1.239
3284.000	-1.240
3285.000	-1.241
3286.000	-1.241
3287.000	-1.242
3288.000	-1.243
3289.000	-1.244
3290.000	-1.244
3291.000	-1.245
3292.000	-1.246
3293.000	-1.247
3294.000	-1.248
3295.000	-1.248
3296.000	-1.249
3297.000	-1.250
3298.000	-1.251
3299.000	-1.251
3300.000	-1.252
3301.000	-1.253
3302.000	-1.254
3303.000	-1.255
3304.000	-1.255
3305.000	-1.256
3306.000	-1.257
3307.000	-1.258
3308.000	-1.258
3309.000	-1.259
3310.000	-1.260
3311.000	-1.261
3312.000	-1.262
3313.000	-1.262
3314.000	-1.263
3315.000	-1.264
3316.000	-1.265
3317.000	-1.265
3318.000	-1.266
3319.000	-1.267
3320.000	-1.268
3321.000	-1.269
3322.000	-1.269
3323.000	-1.270
3324.000	-1.271
3325.000	-1.272
3326.000	-1.272
3327.000	-1.273
3328.000	-1.274
3329.000	-1.275
3330.000	-1.276
3331.000	-1.276
3332.000	-1.277
3333.000	-1.278
3334.000	-1.279
3335.000	-1.279
3336.000	-1.280
3337.000	-1.281
3338.000	-1.282
3339.000	-1.283
3340.000	-1.283
3341.000	-1.284
3342.000	-1.285
3343.000	-1.286
3344.000	-1.286
3345.000	-1.287
3346.000	-1.288
3347.000	-1.289
3348.000	-1.290
3349.000	-1.290
3350.000	-1.291
3351.000	-1.292
3352.000	-1.293
3353.000	-1.293
3354.000	-1.294
3355.000	-1.295
3356.000	-1.296
3357.000	-1.297
3358.000	-1.297
3359.000	-1.298
3360.000	-1.299
3361.000	-1.300
3362.000	-1.300
3363.000	-1.301
3364.000	-1.302
3365.000	-1.303
3366.000	-1.304
3367.000	-1.304
3368.000	-1.305
3369.000	-1.306
3370.000	-1.307
3371.000	-1.307
3372.000	-1.308
3373.000	-1.309
3374.000	-1.310
3375.000	-1.311
3376.000	-1.311
3377.000	-1.312
3378.000	-1.313
3379.000	-1.314
3380.000	-1.314
3381.000	-1.315
3382.000	-1.316
3383.000	-1.317
3384.000	-1.318
3385.000	-1.318
3386.000	-1.319
3387.000	-1.320
3388.000	-1.321
3389.000	-1.321
3390.000	-1.322
3391.000	-1.323
3392.000	-1.324
3393.000	-1.325
3394.000	-1.325
3395.000	-1.326
3396.000	-1.327
3397.000	-1.328
3398.000	-1.328
3399.000	-1.329
3400.000	-1.330
3401.000	-1.331
3402.000	-1.332
3403.000	-1.332
3404.000	-1.333
3405.000	-1.334
3406.000	-1.335
3407.000	-1.335
3408.000	-1.336
3409.000	-1.337
3410.000	-1.338
3411.000	-1.339
3412.000	-1.339
3413.000	-1.340
3414.000	-1.341
3415.000	-1.342
3416.000	-1.342
3417.000	-1.343
3418.000	-1.344
3419.000	-1.345
3420.000	-1.346
3421.000	-1.346
3422.000	-1.347
3423.000	-1.348
3424.000	-1.349
3425.000	-1.349
3426.000	-1.350
3427.000	-1.351
3428.000	-1.352
3429.000	-1.353
3430.000	-1.353
3431.000	-1.354
3432.000	-1.355
3433.000	-1.356
3434.000	-1.356
3435.000	-1.357
3436.000	-1.358
3437.000	-1.359
3438.000	-1.360
3439.000	-1.360
3440.000	-1.361
3441.000	-1.362
3442.000	-1.363
3443.000	-1.363
3444.000	-1.364
3445.000	-1.365
3446.000	-1.366
3447.000	-1.367
3448.000	-1.367
3449.000	-1.368
3450.000	-1.369
3451.000	-1.370
3452.000	-1.370
3453.000	-1.371
3454.000	-1.372
3455.000	-1.373
3456.000	-1.374
3457.000	-1.374
3458.000	-1.375
3459.000	-1.376
3460.000	-1.377
3461.000	-1.377
3462.000	-1.378
3463.000	-1.379
3464.000	-1.380
3465.000	-1.381
3466.000	-1.381
3467.000	-1.382
3468.000	-1.383
3469.000	-1.384
3470.000	-1.384
3471.000	-1.385
3472.000	-1.386
3473.000	-1.387
3474.000	-1.388
3475.000	-1.388
3476.000	-1.389
3477.000	-1.390
3478.000	-1.391
3479.000	-1.391
3480.000	-1.392
3481.000	-1.393
3482.000	-1.394
3483.000	-1.394
3484.000	-1.395
3485.000	-1.396
3486.000	-1.397
3487.000	-1.398
3488.000	-1.398
3489.000	-1.399
3490.000	-1.400
3491.000	-1.401
3492.000	-1.401
3493.000	-1.402
3494.000	-1.403
3495.000	-1.404
3496.000	-1.405
3497.000	-1.405
3498.000	-1.406
3499.000	-1.407
3500.000	-1.408
3501.000	-1.408
3502.000	-1.409
3503.000	-1.410
3504.000	-1.411
3505.000	-1.412
3506.000	-1.412
3507.000	-1.413
3508.000	-1.414
3509.000	-1.415
3510.000	-1.415
3511.000	-1.416
3512.000	-1.417
3513.000	-1.418
3514.000	-1.419
3515.000	-1.419
3516.000	-1.420
3517.000	-1.421
3518.000	-1.422
3519.000	-1.422
3520.000	-1.423
3521.000	-1.424
3522.000	-1.425
3523.000	-1.426
3524.000	-1.426
3525.000	-1.427
3526.000	-1.428
3527.000	-1.429
3528.000	-1.429
3529.000	-1.430
3530.000	-1.431
3531.000	-1.432
3532.000	-1.433
3533.000	-1.433
3534.000	-1.434
3535.000	-1.435
3536.000	-1.436
3537.000	-1.436
3538.000	-1.437
3539.000	-1.438
3540.000	-1.439
3541.000	-1.440
3542.000	-1.440
3543.000	-1.441
3544.000	-1.442
3545.000	-1.443
3546.000	-1.443
3547.000	-1.444
3548.000	-1.445
3549.000	-1.446
3550.000	-1.447
3551.000	-1.447
3552.000	-1.448
3553.000	-1.449
3554.000	-1.450
3555.000	-1.450
3556.000	-1.451
3557.000	-1.452
3558.000	-1.453
3559.000	-1.454
3560.000	-1.454
3561.000	-1.455
3562.000	-1.456
3563.000	-1.457
3564.000	-1.457
3565.000	-1.458
3566.000	-1.459
3567.000	-1.460
3568.000	-1.461
3569.000	-1.461
3570.000	-1.462
3571.000	-1.463
3572.000	-1.464
3573.000	-1.464
3574.000	-1.465
3575.000	-1.466
3576.000	-1.467
3577.000	-1.468
3578.000	-1.468
3579.000	-1.469
3580.000	-1.470
3581.000	-1.471
3582.000	-1.471
3583.000	-1.472
3584.000	-1.473
3585.000	-1.474
3586.000	-1.475
3587.000	-1.475
3588.000	-1.476
3589.000	-1.477
3590.000	-1.478
3591.000	-1.478
3592.000	-1.479
3593.000	-1.480
3594.000	-1.481
3595.000	-1.482
3596.000	-1.482
3597.000	-1.483
3598.000	-1.484
3599.000	-1.485
3600.000	-1.485
3601.000	-1.486
3602.000	-1.487
3603.000	-1.488
3604.000	-1.489
3605.000	-1.489
3606.000	-1.490
3607.000	-1.491
3608.000	-1.492
3609.000	-1.492
3610.000	-1.493
3611.000	-1.494
3612.000	-1.495
3613.000	-1.496
3614.000	-1.496
3615.000	-1.497
3616.000	-1.498
3617.000	-1.499
3618.000	-1.499
3619.000	-1.500
3620.000	-1.501
3621.000	-1.502
3622.000	-1.503
3623.000	-1.503
3624.000	-1.504
3625.000	-1.505
3626.000	-1.506
3627.000	-1.506
3628.000	-1.507
3629.000	-1.508
3630.000	-1.509
3631.000	-1.510
3632.000	-1.510
3633.000	-1.511
3634.000	-1.512
3635.000	-1.513
3636.000	-1.513
3637.000	-1.514
3638.000	-1.515
3639.000	-1.516
3640.000	-1.517
3641.000	-1.517
3642.000	-1.518
3643.000	-1.519
3644.000	-1.520
3645.000	-1.520
3646.000	-1.521
3647.000	-1.522
3648.000	-1.523
3649.000	-1.524
3650.000	-1.524
3651.000	-1.525
3652.000	-1.526
3653.000	-1.527
3654.000	-1.527
3655.000	-1.528
3656.000	-1.529
3657.000	-1.530
3658.000	-1.531
3659.000	-1.531
3660.000	-1.532
3661.000	-1.533
3662.000	-1.534
3663.000	-1.534
3664.000	-1.535
3665.000	-1.536
3666.000	-1.537
3667.000	-1.538
3668.000	-1.538
3669.000	-1.539
3670.000	-1.540
3671.000	-1.541
3672.000	-1.541
3673.000	-1.542
3674.000	-1.543
3675.000	-1.544
3676.000	-1.545
3677.000	-1.545
3678.000	-1.546
3679.000	-1.547
3680.000	-1.548
3681.000	-1.548
3682.000	-1.549
3683.000	-1.550
3684.000	-1.551
3685.000	-1.552
3686.000	-1.552
3687.000	-1.553
3688.000	-1.554
3689.000	-1.555
3690.000	-1.555
3691.000	-1.556
3692.000	-1.557
3693.000	-1.558
3694.000	-1.559
3695.000	-1.559
3696.000	-1.560
3697.000	-1.561
3698.000	-1.562
3699.000	-1.562
3700.000	-1.563
3701.000	-1.564
3702.000	-1.565
3703.000	-1.566
3704.000	-1.566
3705.000	-1.567
3706.000	-1.568
3707.000	-1.569
3708.000	-1.569
3709.000	-1.570
3710.000	-1.571
3711.000	-1.572
3712.000	-1.573
3713.000	-1.573
3714.000	-1.574
3715.000	-1.575
3716.000	-1.576
3717.000	-1.576
3718.000	-1.577
3719.000	-1.578
3720.000	-1.579
3721.000	-1.580
3722.000	-1.580
3723.000	-1.581
3724.000	-1.582
3725.000	-1.583
3726.000	-1.583
3727.000	-1.584
3728.000	-1.585
3729.000	-1.586
3730.000	-1.587
3731.000	-1.587
3732.000	-1.588
3733.000	-1.589
3734.000	-1.590
3735.000	-1.590
3736.000	-1.591
3737.000	-1.592
3738.000	-1.593
3739.000	-1.594
3740.000	-1.594
3741.000	-1.595
3742.000	-1.596
3743.000	-1.597
3744.000	-1.597
3745.000	-1.598
3746.000	-1.599
3747.000	-1.600
3748.000	-1.601
3749.000	-1.601
3750.000	-1.602
3751.000	-1.603
3752.000	-1.604
3753.000	-1.604
3754.000	-1.605
3755.000	-1.606
3756.000	-1.607
3757.000	-1.608
3758.000	-1.608
3759.000	-1.609
3760.000	-1.610
3761.000	-1.611
3762.000	-1.611
3763.000	-1.612
3764.000	-1.613
3765.000	-1.614
3766.000	-1.615
3767.000	-1.615
3768.000	-1.616
3769.000	-1.617
3770.000	-1.618
3771.000	-1.618
3772.000	-1.619
3773.000	-1.620
3774.000	-1.621
3775.000	-1.622
3776.000	-1.622
3777.000	-1.623
3778.000	-1.624
3779.000	-1.625
3780.000	-1.625
3781.000	-1.626
3782.000	-1.627
3783.000	-1.628
3784.000	-1.628
3785.000	-1.629
3786.000	-1.630
3787.000	-1.631
3788.000	-1.632
3789.000	-1.632
3790.000	-1.633
3791.000	-1.634
3792.000	-1.635
3793.000	-1.635
3794.000	-1.636
3795.000	-1.637
3796.000	-1.638
3797.000	-1.639
3798.000	-1.639
3799.000	-1.640
3800.000	-1.641
3801.000	-1.642
3802.000	-1.642
3803.000	-1.643
3804.000	-1.644
3805.000	-1.645
3806.000	-1.646
3807.000	-1.646
3808.000	-1.647
3809.000	-1.648
3810.000	-1.649
3811.000	-1.649
3812.000	-1.650
3813.000	-1.651
3814.000	-1.652
3815.000	-1.653
3816.000	-1.653
3817.000	-1.654
3818.000	-1.655
3819.000	-1.656
3820.000	-1.656
3821.000	-1.657
3822.000	-1.658
3823.000	-1.659
3824.000	-1.660
3825.000	-1.660
3826.000	-1.661
3827.000	-1.662
3828.000	-1.663
3829.000	-1.663
3830.000	-1.664
3831.000	-1.665
3832.000	-1.666
3833.000	-1.667
3834.000	-1.667
3835.000	-1.668
3836.000	-1.669
3837.000	-1.670
3838.000	-1.670
3839.000	-1.671
3840.000	-1.672
3841.000	-1.673
3842.000	-1.674
3843.000	-1.674
3844.000	-1.675
3845.000	-1.676
3846.000	-1.677
3847.000	-1.677
3848.000	-1.678
3849.000	-1.679
3850.000	-1.680
3851.000	-1.681
3852.000	-1.681
3853.000	-1.682
3854.000	-1.683
3855.000	-1.684
3856.000	-1.684
3857.000	-1.685
3858.000	-1.686
3859.000	-1.687
3860.000	-1.688
3861.000	-1.688
3862.000	-1.689
3863.000	-1.690
3864.000	-1.691
3865.000	-1.691
3866.000	-1.692
3867.000	-1.693
3868.000	-1.694
3869.000	-1.695
3870.000	-1.695
3871.000	-1.696
3872.000	-1.697
3873.000	-1.698
3874.000	-1.698
3875.000	-1.699
3876.000	-1.700
3877.000	-1.701
3878.000	-1.702
3879.000	-1.702
3880.000	-1.703
3881.000	-1.704
3882.000	-1.705
3883.000	-1.705
3884.000	-1.706
3885.000	-1.707
3886.000	-1.708
3887.000	-1.709
3888.000	-1.709
3889.000	-1.710
3890.000	-1.711
3891.000	-1.712
3892.000	-1.712
3893.000	-1.713
3894.000	-1.714
3895.000	-1.715
3896.000	-1.716
3897.000	-1.716
3898.000	-1.717
3899.000	-1.718
3900.000	-1.719
3901.000	-1.719
3902.000	-1.720
3903.000	-1.721
3904.000	-1.722
3905.000	-1.723
3906.000	-1.723
3907.000	-1.724
3908.000	-1.725
3909.000	-1.726
3910.000	-1.726
3911.000	-1.727
3912.000	-1.728
3913.000	-1.729
3914.000	-1.730
3915.000	-1.730
3916.000	-1.731
3917.000	-1.732
3918.000	-1.733
3919.000	-1.733
3920.000	-1.734
3921.000	-1.735
3922.000	-1.736
3923.000	-1.737
3924.000	-1.737
3925.000	-1.738
3926.000	-1.739
3927.000	-1.740
3928.000	-1.740
3929.000	-1.741
3930.000	-1.742
3931.000	-1.743
3932.000	-1.744
3933.000	-1.744
3934.000	-1.745
3935.000	-1.746
3936.000	-1.747
3937.000	-1.747
3938.000	-1.748
3939.000	-1.749
3940.000	-1.750
3941.000	-1.751
3942.000	-1.751
3943.000	-1.752
3944.000	-1.753
3945.000	-1.754
3946.000	-1.754
3947.000	-1.755
3948.000	-1.756
3949.000	-1.757
3950.000	-1.758
3951.000	-1.758
3952.000	-1.759
3953.000	-1.760
3954.000	-1.761
3955.000	-1.761
3956.000	-1.762
3957.000	-1.763
3958.000	-1.764
3959.000	-1.765
3960.000	-1.765
3961.000	-1.766
3962.000	-1.767
3963.000	-1.768
3964.000	-1.768
3965.000	-1.769
3966.000	-1.770
3967.000	-1.771
3968.000	-1.772
3969.000	-1.772
3970.000	-1.773
3971.000	-1.774
3972.000	-1.775
3973.000	-1.775
3974.000	-1.776
3975.000	-1.777
3976.000	-1.778
3977.000	-1.779
3978.000	-1.779
3979.000	-1.780
3980.000	-1.781
3981.000	-1.782
3982.000	-1.782
3983.000	-1.783
3984.000	-1.784
3985.000	-1.785
3986.000	-1.786
3987.000	-1.786
3988.000	-1.787
3989.000	-1.788
3990.000	-1.789
3991.000	-1.789
3992.000	-1.790
3993.000	-1.791
3994.000	-1.792
3995.000	-1.793
3996.000	-1.793
3997.000	-1.794
3998.000	-1.795
3999.000	-1.796
4000.000	-1.796
4001.000	-1.797
4002.000	-1.798
4003.000	-1.799
4004.000	-1.800
4005.000	-1.800
4006.000	-1.801
4007.000	-1.802
4008.000	-1.803
4009.000	-1.803
4010.000	-1.804
4011.000	-1.805
4012.000	-1.806
4013.000	-1.807
4014.000	-1.807
4015.000	-1.808
4016.000	-1.809
4017.000	-1.810
4018.000	-1.810
4019.000	-1.811
4020.000	-1.812
4021.000	-1.813
4022.000	-1.814
4023.000	-1.814
4024.000	-1.815
4025.000	-1.816
4026.000	-1.817
4027.000	-1.817
4028.000	-1.818
4029.000	-1.819
4030.000	-1.820
4031.000	-1.821
4032.000	-1.821
4033.000	-1.822
4034.000	-1.823
4035.000	-1.824
4036.000	-1.824
4037.000	-1.825
4038.000	-1.826
4039.000	-1.827
4040.000	-1.828
4041.000	-1.828
4042.000	-1.829
4043.000	-1.830
4044.000	-1.831
4045.000	-1.831
4046.000	-1.832
4047.000	-1.833
4048.000	-1.834
4049.000	-1.835
4050.000	-1.835
4051.000	-1.836
4052.000	-1.837
4053.000	-1.838
4054.000	-1.838
4055.000	-1.839
4056.000	-1.840
4057.000	-1.841
4058.000	-1.842
4059.000	-1.842
4060.000	-1.843
4061.000	-1.844
4062.000	-1.845
4063.000	-1.845
4064.000	-1.846
4065.000	-1.847
4066.000	-1.848
4067.000	-1.849
4068.000	-1.849
4069.000	-1.850
4070.000	-1.851
4071.000	-1.852
4072.000	-1.852
4073.000	-1.853
4074.000	-1.854
4075.000	-1.855
4076.000	-1.856
4077.000	-1.856
4078.000	-1.857
4079.000	-1.858
4080.000	-1.859
4081.000	-1.859
4082.000	-1.860
4083.000	-1.861
4084.000	-1.862
4085.000	-1.863
4086.000	-1.863
4087.000	-1.864
4088.000	-1.865
4089.000	-1.866
4090.000	-1.866
4091.000	-1.867
4092.000	-1.868
4093.000	-1.869
4094.000	-1.898
4095.000	0.000
