0.000	21.619
1.000	21.553
2.000	21.487
3.000	21.421
4.000	21.355
5.000	21.289
6.000	21.223
7.000	21.156
8.000	21.090
9.000	21.024
10.000	20.958
11.000	20.892
12.000	20.826
13.000	20.760
14.000	20.693
15.000	20.627
16.000	20.561
17.000	20.495
18.000	20.429
19.000	20.363
20.000	20.296
21.000	20.230
22.000	20.164
23.000	20.096
24.000	20.026
25.000	19.958
26.000	19.893
27.000	19.829
28.000	19.767
29.000	19.701
30.000	19.640
31.000	19.581
32.000	19.524
33.000	19.468
34.000	19.414
35.000	19.361
36.000	19.310
37.000	19.260
38.000	19.213
39.000	19.166
40.000	19.054
41.000	19.009
42.000	18.965
43.000	18.923
44.000	18.882
45.000	18.843
46.000	18.805
47.000	18.768
48.000	18.733
49.000	18.699
50.000	18.666
51.000	18.649
52.000	18.618
53.000	18.588
54.000	18.559
55.000	18.531
56.000	18.505
57.000	18.480
58.000	18.457
59.000	18.434
60.000	18.415
61.000	18.398
62.000	18.381
63.000	18.363
64.000	18.346
65.000	18.329
66.000	18.311
67.000	18.294
68.000	18.276
69.000	18.259
70.000	18.242
71.000	18.224
72.000	18.207
73.000	18.190
74.000	18.172
75.000	18.155
76.000	18.137
77.000	18.120
78.000	18.103
79.000	18.085
80.000	18.068
81.000	18.051
82.000	18.033
83.000	18.016
84.000	17.999
85.000	17.981
86.000	17.964
87.000	17.946
88.000	17.929
89.000	17.912
90.000	17.894
91.000	17.877
92.000	17.860
93.000	17.842
94.000	17.825
95.000	17.807
96.000	17.790
97.000	17.773
98.000	17.755
99.000	17.738
100.000	17.721
101.000	17.703
102.000	17.686
103.000	17.669
104.000	17.651
105.000	17.634
106.000	17.616
107.000	17.599
108.000	17.582
109.000	17.564
110.000	17.547
111.000	17.530
112.000	17.512
113.000	17.495
114.000	17.477
115.000	17.460
116.000	17.443
117.000	17.425
118.000	17.408
119.000	17.391
120.000	17.373
121.000	17.356
122.000	17.339
123.000	17.321
124.000	17.304
125.000	17.286
126.000	17.269
127.000	17.252
128.000	17.234
129.000	17.217
130.000	17.200
131.000	17.182
132.000	17.165
133.000	17.147
134.000	17.130
135.000	17.113
136.000	17.095
137.000	17.078
138.000	17.061
139.000	17.043
140.000	17.026
141.000	17.008
142.000	16.991
143.000	16.974
144.000	16.956
145.000	16.939
146.000	16.922
147.000	16.904
148.000	16.887
149.000	16.870
150.000	16.852
151.000	16.835
152.000	16.817
153.000	16.800
154.000	16.783
155.000	16.765
156.000	16.748
157.000	16.731
158.000	16.713
159.000	16.696
160.000	16.678
161.000	16.661
162.000	16.644
163.000	16.626
164.000	16.609
165.000	16.592
166.000	16.574
167.000	16.557
168.000	16.540
169.000	16.522
170.000	16.505
171.000	16.487
172.000	16.470
173.000	16.453
174.000	16.435
175.000	16.418
176.000	16.401
177.000	16.383
178.000	16.366
179.000	16.348
180.000	16.331
181.000	16.314
182.000	16.296
183.000	16.279
184.000	16.262
185.000	16.244
186.000	16.226
187.000	16.208
188.000	16.189
189.000	16.170
190.000	16.151
191.000	16.132
192.000	16.112
193.000	16.092
194.000	16.072
195.000	16.052
196.000	16.034
197.000	16.014
198.000	15.993
199.000	15.972
200.000	15.950
201.000	15.929
202.000	15.907
203.000	15.885
204.000	15.863
205.000	15.840
206.000	15.817
207.000	15.800
208.000	15.777
209.000	15.753
210.000	15.730
211.000	15.706
212.000	15.682
213.000	15.658
214.000	15.633
215.000	15.609
216.000	15.584
217.000	15.559
218.000	15.559
219.000	15.533
220.000	15.508
221.000	15.482
222.000	15.456
223.000	15.429
224.000	15.403
225.000	15.376
226.000	15.349
227.000	15.322
228.000	15.295
229.000	15.263
230.000	15.235
231.000	15.208
232.000	15.180
233.000	15.151
234.000	15.123
235.000	15.094
236.000	15.066
237.000	15.037
238.000	15.007
239.000	14.978
240.000	14.948
241.000	14.916
242.000	14.887
243.000	14.857
244.000	14.826
245.000	14.796
246.000	14.765
247.000	14.734
248.000	14.703
249.000	14.672
250.000	14.641
251.000	14.609
252.000	14.577
253.000	14.546
254.000	14.514
255.000	14.482
256.000	14.451
257.000	14.419
258.000	14.387
259.000	14.356
260.000	14.324
261.000	14.292
262.000	14.261
263.000	14.229
264.000	14.197
265.000	14.166
266.000	14.134
267.000	14.102
268.000	14.071
269.000	14.039
270.000	14.007
271.000	13.976
272.000	13.944
273.000	13.912
274.000	13.880
275.000	13.849
276.000	13.816
277.000	13.783
278.000	13.752
279.000	13.720
280.000	13.689
281.000	13.659
282.000	13.628
283.000	13.599
284.000	13.570
285.000	13.538
286.000	13.510
287.000	13.481
288.000	13.453
289.000	13.426
290.000	13.399
291.000	13.373
292.000	13.347
293.000	13.321
294.000	13.296
295.000	13.272
296.000	13.240
297.000	13.216
298.000	13.192
299.000	13.169
300.000	13.146
301.000	13.123
302.000	13.101
303.000	13.080
304.000	13.058
305.000	13.038
306.000	13.017
307.000	12.997
308.000	12.966
309.000	12.946
310.000	12.927
311.000	12.908
312.000	12.890
313.000	12.872
314.000	12.854
315.000	12.837
316.000	12.820
317.000	12.804
318.000	12.788
319.000	12.788
320.000	12.772
321.000	12.757
322.000	12.742
323.000	12.728
324.000	12.714
325.000	12.700
326.000	12.687
327.000	12.674
328.000	12.662
329.000	12.650
330.000	12.649
331.000	12.638
332.000	12.626
333.000	12.615
334.000	12.605
335.000	12.595
336.000	12.585
337.000	12.575
338.000	12.566
339.000	12.557
340.000	12.549
341.000	12.549
342.000	12.541
343.000	12.533
344.000	12.526
345.000	12.519
346.000	12.512
347.000	12.506
348.000	12.500
349.000	12.494
350.000	12.489
351.000	12.484
352.000	12.484
353.000	12.479
354.000	12.475
355.000	12.471
356.000	12.468
357.000	12.465
358.000	12.462
359.000	12.460
360.000	12.457
361.000	12.456
362.000	12.455
363.000	12.455
364.000	12.454
365.000	12.454
366.000	12.454
367.000	12.453
368.000	12.453
369.000	12.453
370.000	12.452
371.000	12.452
372.000	12.451
373.000	12.451
374.000	12.451
375.000	12.450
376.000	12.450
377.000	12.449
378.000	12.449
379.000	12.449
380.000	12.448
381.000	12.448
382.000	12.447
383.000	12.447
384.000	12.447
385.000	12.446
386.000	12.446
387.000	12.445
388.000	12.445
389.000	12.445
390.000	12.444
391.000	12.444
392.000	12.443
393.000	12.443
394.000	12.443
395.000	12.442
396.000	12.442
397.000	12.441
398.000	12.440
399.000	12.438
400.000	12.408
401.000	12.379
402.000	12.349
403.000	12.319
404.000	12.290
405.000	12.260
406.000	12.231
407.000	12.202
408.000	12.201
409.000	12.172
410.000	12.143
411.000	12.114
412.000	12.085
413.000	12.056
414.000	12.026
415.000	11.997
416.000	11.968
417.000	11.940
418.000	11.911
419.000	11.910
420.000	11.882
421.000	11.853
422.000	11.824
423.000	11.795
424.000	11.767
425.000	11.738
426.000	11.710
427.000	11.681
428.000	11.653
429.000	11.625
430.000	11.624
431.000	11.596
432.000	11.568
433.000	11.540
434.000	11.512
435.000	11.484
436.000	11.456
437.000	11.428
438.000	11.400
439.000	11.372
440.000	11.344
441.000	11.344
442.000	11.316
443.000	11.288
444.000	11.261
445.000	11.233
446.000	11.206
447.000	11.178
448.000	11.151
449.000	11.123
450.000	11.096
451.000	11.069
452.000	11.041
453.000	11.041
454.000	11.014
455.000	10.986
456.000	10.959
457.000	10.932
458.000	10.905
459.000	10.878
460.000	10.851
461.000	10.825
462.000	10.798
463.000	10.771
464.000	10.771
465.000	10.744
466.000	10.717
467.000	10.690
468.000	10.664
469.000	10.637
470.000	10.611
471.000	10.584
472.000	10.558
473.000	10.532
474.000	10.505
475.000	10.505
476.000	10.479
477.000	10.452
478.000	10.426
479.000	10.400
480.000	10.374
481.000	10.348
482.000	10.322
483.000	10.296
484.000	10.270
485.000	10.244
486.000	10.244
487.000	10.218
488.000	10.192
489.000	10.166
490.000	10.140
491.000	10.115
492.000	10.089
493.000	10.063
494.000	10.038
495.000	10.012
496.000	9.987
497.000	9.986
498.000	9.961
499.000	9.935
500.000	9.910
501.000	9.885
502.000	9.859
503.000	9.834
504.000	9.809
505.000	9.784
506.000	9.759
507.000	9.734
508.000	9.733
509.000	9.709
510.000	9.685
511.000	9.685
512.000	9.685
513.000	9.684
514.000	9.684
515.000	9.683
516.000	9.683
517.000	9.683
518.000	9.682
519.000	9.682
520.000	9.682
521.000	9.681
522.000	9.681
523.000	9.680
524.000	9.680
525.000	9.680
526.000	9.679
527.000	9.679
528.000	9.678
529.000	9.678
530.000	9.678
531.000	9.677
532.000	9.677
533.000	9.676
534.000	9.676
535.000	9.676
536.000	9.675
537.000	9.675
538.000	9.674
539.000	9.674
540.000	9.674
541.000	9.673
542.000	9.673
543.000	9.672
544.000	9.672
545.000	9.672
546.000	9.671
547.000	9.671
548.000	9.670
549.000	9.670
550.000	9.670
551.000	9.669
552.000	9.669
553.000	9.668
554.000	9.668
555.000	9.668
556.000	9.667
557.000	9.667
558.000	9.666
559.000	9.666
560.000	9.666
561.000	9.665
562.000	9.665
563.000	9.665
564.000	9.664
565.000	9.664
566.000	9.663
567.000	9.663
568.000	9.663
569.000	9.662
570.000	9.662
571.000	9.661
572.000	9.661
573.000	9.661
574.000	9.660
575.000	9.660
576.000	9.659
577.000	9.659
578.000	9.659
579.000	9.658
580.000	9.658
581.000	9.657
582.000	9.657
583.000	9.657
584.000	9.656
585.000	9.656
586.000	9.655
587.000	9.655
588.000	9.655
589.000	9.654
590.000	9.654
591.000	9.653
592.000	9.653
593.000	9.653
594.000	9.652
595.000	9.652
596.000	9.651
597.000	9.651
598.000	9.651
599.000	9.650
600.000	9.650
601.000	9.649
602.000	9.649
603.000	9.649
604.000	9.648
605.000	9.648
606.000	9.647
607.000	9.647
608.000	9.647
609.000	9.646
610.000	9.646
611.000	9.646
612.000	9.645
613.000	9.645
614.000	9.644
615.000	9.644
616.000	9.644
617.000	9.643
618.000	9.643
619.000	9.642
620.000	9.642
621.000	9.642
622.000	9.641
623.000	9.641
624.000	9.640
625.000	9.640
626.000	9.640
627.000	9.639
628.000	9.639
629.000	9.638
630.000	9.638
631.000	9.638
632.000	9.637
633.000	9.637
634.000	9.636
635.000	9.636
636.000	9.636
637.000	9.635
638.000	9.635
639.000	9.634
640.000	9.634
641.000	9.634
642.000	9.633
643.000	9.633
644.000	9.632
645.000	9.632
646.000	9.632
647.000	9.631
648.000	9.631
649.000	9.630
650.000	9.629
651.000	9.608
652.000	9.586
653.000	9.585
654.000	9.564
655.000	9.542
656.000	9.520
657.000	9.499
658.000	9.477
659.000	9.455
660.000	9.434
661.000	9.412
662.000	9.391
663.000	9.369
664.000	9.348
665.000	9.348
666.000	9.326
667.000	9.305
668.000	9.283
669.000	9.262
670.000	9.241
671.000	9.220
672.000	9.198
673.000	9.177
674.000	9.156
675.000	9.135
676.000	9.135
677.000	9.113
678.000	9.092
679.000	9.071
680.000	9.050
681.000	9.029
682.000	9.008
683.000	8.987
684.000	8.967
685.000	8.946
686.000	8.925
687.000	8.925
688.000	8.904
689.000	8.883
690.000	8.862
691.000	8.842
692.000	8.821
693.000	8.800
694.000	8.780
695.000	8.759
696.000	8.739
697.000	8.718
698.000	8.718
699.000	8.697
700.000	8.677
701.000	8.656
702.000	8.636
703.000	8.615
704.000	8.595
705.000	8.575
706.000	8.554
707.000	8.534
708.000	8.514
709.000	8.513
710.000	8.493
711.000	8.473
712.000	8.453
713.000	8.432
714.000	8.412
715.000	8.392
716.000	8.372
717.000	8.352
718.000	8.332
719.000	8.312
720.000	8.312
721.000	8.292
722.000	8.272
723.000	8.252
724.000	8.232
725.000	8.212
726.000	8.192
727.000	8.173
728.000	8.153
729.000	8.133
730.000	8.113
731.000	8.113
732.000	8.094
733.000	8.074
734.000	8.054
735.000	8.035
736.000	8.015
737.000	7.996
738.000	7.976
739.000	7.957
740.000	7.937
741.000	7.918
742.000	7.898
743.000	7.898
744.000	7.879
745.000	7.860
746.000	7.840
747.000	7.821
748.000	7.802
749.000	7.782
750.000	7.763
751.000	7.744
752.000	7.725
753.000	7.706
754.000	7.706
755.000	7.686
756.000	7.667
757.000	7.648
758.000	7.629
759.000	7.610
760.000	7.591
761.000	7.572
762.000	7.553
763.000	7.534
764.000	7.515
765.000	7.515
766.000	7.496
767.000	7.478
768.000	7.459
769.000	7.440
770.000	7.421
771.000	7.402
772.000	7.384
773.000	7.365
774.000	7.346
775.000	7.328
776.000	7.328
777.000	7.309
778.000	7.290
779.000	7.272
780.000	7.253
781.000	7.235
782.000	7.216
783.000	7.197
784.000	7.179
785.000	7.160
786.000	7.142
787.000	7.142
788.000	7.124
789.000	7.105
790.000	7.087
791.000	7.069
792.000	7.050
793.000	7.032
794.000	7.014
795.000	6.995
796.000	6.977
797.000	6.959
798.000	6.959
799.000	6.941
800.000	6.923
801.000	6.904
802.000	6.886
803.000	6.868
804.000	6.850
805.000	6.832
806.000	6.814
807.000	6.796
808.000	6.778
809.000	6.760
810.000	6.760
811.000	6.749
812.000	6.749
813.000	6.749
814.000	6.749
815.000	6.749
816.000	6.749
817.000	6.749
818.000	6.749
819.000	6.749
820.000	6.749
821.000	6.749
822.000	6.749
823.000	6.749
824.000	6.749
825.000	6.749
826.000	6.749
827.000	6.749
828.000	6.749
829.000	6.749
830.000	6.749
831.000	6.749
832.000	6.749
833.000	6.749
834.000	6.749
835.000	6.749
836.000	6.749
837.000	6.749
838.000	6.749
839.000	6.749
840.000	6.749
841.000	6.749
842.000	6.749
843.000	6.749
844.000	6.749
845.000	6.749
846.000	6.749
847.000	6.749
848.000	6.749
849.000	6.749
850.000	6.749
851.000	6.749
852.000	6.749
853.000	6.749
854.000	6.749
855.000	6.749
856.000	6.749
857.000	6.749
858.000	6.749
859.000	6.749
860.000	6.749
861.000	6.749
862.000	6.749
863.000	6.749
864.000	6.749
865.000	6.749
866.000	6.749
867.000	6.749
868.000	6.749
869.000	6.749
870.000	6.749
871.000	6.749
872.000	6.749
873.000	6.749
874.000	6.749
875.000	6.749
876.000	6.749
877.000	6.749
878.000	6.749
879.000	6.749
880.000	6.749
881.000	6.749
882.000	6.749
883.000	6.749
884.000	6.749
885.000	6.749
886.000	6.749
887.000	6.749
888.000	6.749
889.000	6.749
890.000	6.749
891.000	6.749
892.000	6.749
893.000	6.749
894.000	6.749
895.000	6.749
896.000	6.749
897.000	6.749
898.000	6.749
899.000	6.749
900.000	6.749
901.000	6.749
902.000	6.749
903.000	6.749
904.000	6.749
905.000	6.749
906.000	6.749
907.000	6.749
908.000	6.749
909.000	6.749
910.000	6.749
911.000	6.749
912.000	6.749
913.000	6.749
914.000	6.749
915.000	6.749
916.000	6.749
917.000	6.749
918.000	6.749
919.000	6.749
920.000	6.749
921.000	6.749
922.000	6.749
923.000	6.749
924.000	6.749
925.000	6.749
926.000	6.749
927.000	6.749
928.000	6.749
929.000	6.749
930.000	6.749
931.000	6.749
932.000	6.749
933.000	6.749
934.000	6.749
935.000	6.749
936.000	6.749
937.000	6.749
938.000	6.749
939.000	6.749
940.000	6.749
941.000	6.749
942.000	6.749
943.000	6.749
944.000	6.749
945.000	6.749
946.000	6.749
947.000	6.749
948.000	6.749
949.000	6.749
950.000	6.749
951.000	6.749
952.000	6.749
953.000	6.749
954.000	6.749
955.000	6.749
956.000	6.749
957.000	6.749
958.000	6.749
959.000	6.749
960.000	6.749
961.000	6.749
962.000	6.749
963.000	6.749
964.000	6.749
965.000	6.749
966.000	6.749
967.000	6.749
968.000	6.749
969.000	6.749
970.000	6.749
971.000	6.749
972.000	6.749
973.000	6.749
974.000	6.749
975.000	6.749
976.000	6.749
977.000	6.749
978.000	6.749
979.000	6.749
980.000	6.749
981.000	6.749
982.000	6.749
983.000	6.749
984.000	6.749
985.000	6.749
986.000	6.749
987.000	6.749
988.000	6.749
989.000	6.749
990.000	6.749
991.000	6.749
992.000	6.749
993.000	6.749
994.000	6.749
995.000	6.749
996.000	6.749
997.000	6.749
998.000	6.749
999.000	6.749
1000.000	6.749
1001.000	6.749
1002.000	6.749
1003.000	6.749
1004.000	6.749
1005.000	6.749
1006.000	6.749
1007.000	6.749
1008.000	6.749
1009.000	6.749
1010.000	6.749
1011.000	6.749
1012.000	6.749
1013.000	6.749
1014.000	6.749
1015.000	6.749
1016.000	6.749
1017.000	6.749
1018.000	6.749
1019.000	6.749
1020.000	6.749
1021.000	6.749
1022.000	6.749
1023.000	6.749
1024.000	6.749
1025.000	6.749
1026.000	6.749
1027.000	6.749
1028.000	6.749
1029.000	6.749
1030.000	6.749
1031.000	6.749
1032.000	6.749
1033.000	6.749
1034.000	6.749
1035.000	6.749
1036.000	6.749
1037.000	6.749
1038.000	6.749
1039.000	6.749
1040.000	6.749
1041.000	6.749
1042.000	6.749
1043.000	6.749
1044.000	6.749
1045.000	6.749
1046.000	6.749
1047.000	6.749
1048.000	6.749
1049.000	6.749
1050.000	6.749
1051.000	6.749
1052.000	6.749
1053.000	6.749
1054.000	6.749
1055.000	6.749
1056.000	6.749
1057.000	6.749
1058.000	6.749
1059.000	6.749
1060.000	6.749
1061.000	6.749
1062.000	6.749
1063.000	6.749
1064.000	6.749
1065.000	6.749
1066.000	6.749
1067.000	6.749
1068.000	6.749
1069.000	6.749
1070.000	6.749
1071.000	6.749
1072.000	6.749
1073.000	6.749
1074.000	6.749
1075.000	6.749
1076.000	6.749
1077.000	6.749
1078.000	6.749
1079.000	6.749
1080.000	6.749
1081.000	6.749
1082.000	6.749
1083.000	6.749
1084.000	6.749
1085.000	6.749
1086.000	6.749
1087.000	6.749
1088.000	6.749
1089.000	6.749
1090.000	6.749
1091.000	6.749
1092.000	6.749
1093.000	6.749
1094.000	6.749
1095.000	6.749
1096.000	6.749
1097.000	6.749
1098.000	6.749
1099.000	6.749
1100.000	6.749
1101.000	6.749
1102.000	6.749
1103.000	6.749
1104.000	6.749
1105.000	6.749
1106.000	6.749
1107.000	6.749
1108.000	6.749
1109.000	6.749
1110.000	6.749
1111.000	6.749
1112.000	6.749
1113.000	6.749
1114.000	6.749
1115.000	6.749
1116.000	6.749
1117.000	6.749
1118.000	6.749
1119.000	6.749
1120.000	6.749
1121.000	6.749
1122.000	6.749
1123.000	6.749
1124.000	6.749
1125.000	6.749
1126.000	6.749
1127.000	6.749
1128.000	6.749
1129.000	6.749
1130.000	6.749
1131.000	6.749
1132.000	6.749
1133.000	6.749
1134.000	6.749
1135.000	6.749
1136.000	6.749
1137.000	6.749
1138.000	6.749
1139.000	6.749
1140.000	6.749
1141.000	6.749
1142.000	6.749
1143.000	6.749
1144.000	6.749
1145.000	6.749
1146.000	6.749
1147.000	6.749
1148.000	6.749
1149.000	6.749
1150.000	6.749
1151.000	6.749
1152.000	6.749
1153.000	6.749
1154.000	6.749
1155.000	6.749
1156.000	6.749
1157.000	6.749
1158.000	6.749
1159.000	6.749
1160.000	6.749
1161.000	6.749
1162.000	6.749
1163.000	6.749
1164.000	6.749
1165.000	6.749
1166.000	6.749
1167.000	6.749
1168.000	6.749
1169.000	6.749
1170.000	6.749
1171.000	6.749
1172.000	6.749
1173.000	6.749
1174.000	6.749
1175.000	6.749
1176.000	6.749
1177.000	6.749
1178.000	6.749
1179.000	6.749
1180.000	6.749
1181.000	6.749
1182.000	6.749
1183.000	6.749
1184.000	6.749
1185.000	6.749
1186.000	6.749
1187.000	6.749
1188.000	6.749
1189.000	6.749
1190.000	6.749
1191.000	6.749
1192.000	6.749
1193.000	6.749
1194.000	6.749
1195.000	6.749
1196.000	6.749
1197.000	6.749
1198.000	6.749
1199.000	6.749
1200.000	6.749
1201.000	6.749
1202.000	6.749
1203.000	6.749
1204.000	6.749
1205.000	6.749
1206.000	6.749
1207.000	6.749
1208.000	6.749
1209.000	6.749
1210.000	6.749
1211.000	6.749
1212.000	6.749
1213.000	6.749
1214.000	6.749
1215.000	6.749
1216.000	6.749
1217.000	6.749
1218.000	6.749
1219.000	6.749
1220.000	6.749
1221.000	6.749
1222.000	6.749
1223.000	6.749
1224.000	6.749
1225.000	6.749
1226.000	6.749
1227.000	6.749
1228.000	6.749
1229.000	6.749
1230.000	6.749
1231.000	6.749
1232.000	6.749
1233.000	6.749
1234.000	6.749
1235.000	6.749
1236.000	6.749
1237.000	6.749
1238.000	6.749
1239.000	6.749
1240.000	6.749
1241.000	6.749
1242.000	6.749
1243.000	6.749
1244.000	6.749
1245.000	6.749
1246.000	6.749
1247.000	6.749
1248.000	6.749
1249.000	6.749
1250.000	6.749
1251.000	6.749
1252.000	6.749
1253.000	6.749
1254.000	6.749
1255.000	6.749
1256.000	6.749
1257.000	6.749
1258.000	6.749
1259.000	6.749
1260.000	6.749
1261.000	6.749
1262.000	6.749
1263.000	6.749
1264.000	6.749
1265.000	6.749
1266.000	6.749
1267.000	6.749
1268.000	6.749
1269.000	6.749
1270.000	6.749
1271.000	6.749
1272.000	6.749
1273.000	6.749
1274.000	6.749
1275.000	6.749
1276.000	6.749
1277.000	6.749
1278.000	6.749
1279.000	6.749
1280.000	6.749
1281.000	6.749
1282.000	6.749
1283.000	6.749
1284.000	6.749
1285.000	6.749
1286.000	6.749
1287.000	6.749
1288.000	6.749
1289.000	6.749
1290.000	6.749
1291.000	6.749
1292.000	6.749
1293.000	6.749
1294.000	6.749
1295.000	6.749
1296.000	6.749
1297.000	6.749
1298.000	6.749
1299.000	6.749
1300.000	6.749
1301.000	6.749
1302.000	6.749
1303.000	6.749
1304.000	6.749
1305.000	6.749
1306.000	6.749
1307.000	6.749
1308.000	6.749
1309.000	6.749
1310.000	6.749
1311.000	6.749
1312.000	6.749
1313.000	6.749
1314.000	6.749
1315.000	6.749
1316.000	6.749
1317.000	6.749
1318.000	6.749
1319.000	6.749
1320.000	6.749
1321.000	6.749
1322.000	6.749
1323.000	6.749
1324.000	6.749
1325.000	6.749
1326.000	6.749
1327.000	6.749
1328.000	6.749
1329.000	6.749
1330.000	6.749
1331.000	6.749
1332.000	6.749
1333.000	6.749
1334.000	6.749
1335.000	6.749
1336.000	6.749
1337.000	6.749
1338.000	6.749
1339.000	6.749
1340.000	6.749
1341.000	6.749
1342.000	6.749
1343.000	6.749
1344.000	6.749
1345.000	6.749
1346.000	6.749
1347.000	6.749
1348.000	6.749
1349.000	6.749
1350.000	6.749
1351.000	6.749
1352.000	6.749
1353.000	6.749
1354.000	6.749
1355.000	6.749
1356.000	6.749
1357.000	6.749
1358.000	6.749
1359.000	6.749
1360.000	6.749
1361.000	6.749
1362.000	6.749
1363.000	6.749
1364.000	6.749
1365.000	6.749
1366.000	6.749
1367.000	6.749
1368.000	6.749
1369.000	6.749
1370.000	6.749
1371.000	6.749
1372.000	6.749
1373.000	6.749
1374.000	6.749
1375.000	6.749
1376.000	6.749
1377.000	6.749
1378.000	6.749
1379.000	6.749
1380.000	6.749
1381.000	6.749
1382.000	6.749
1383.000	6.749
1384.000	6.749
1385.000	6.749
1386.000	6.749
1387.000	6.749
1388.000	6.749
1389.000	6.749
1390.000	6.749
1391.000	6.749
1392.000	6.749
1393.000	6.749
1394.000	6.749
1395.000	6.749
1396.000	6.749
1397.000	6.749
1398.000	6.749
1399.000	6.749
1400.000	6.749
1401.000	6.749
1402.000	6.749
1403.000	6.749
1404.000	6.749
1405.000	6.749
1406.000	6.749
1407.000	6.749
1408.000	6.749
1409.000	6.749
1410.000	6.749
1411.000	6.749
1412.000	6.749
1413.000	6.749
1414.000	6.749
1415.000	6.749
1416.000	6.749
1417.000	6.749
1418.000	6.749
1419.000	6.749
1420.000	6.749
1421.000	6.749
1422.000	6.749
1423.000	6.749
1424.000	6.749
1425.000	6.749
1426.000	6.749
1427.000	6.749
1428.000	6.749
1429.000	6.749
1430.000	6.749
1431.000	6.749
1432.000	6.749
1433.000	6.749
1434.000	6.749
1435.000	6.749
1436.000	6.749
1437.000	6.749
1438.000	6.749
1439.000	6.749
1440.000	6.749
1441.000	6.749
1442.000	6.749
1443.000	6.749
1444.000	6.749
1445.000	6.749
1446.000	6.749
1447.000	6.749
1448.000	6.749
1449.000	6.749
1450.000	6.749
1451.000	6.749
1452.000	6.749
1453.000	6.749
1454.000	6.749
1455.000	6.749
1456.000	6.749
1457.000	6.749
1458.000	6.749
1459.000	6.749
1460.000	6.749
1461.000	6.749
1462.000	6.749
1463.000	6.749
1464.000	6.749
1465.000	6.749
1466.000	6.749
1467.000	6.749
1468.000	6.749
1469.000	6.749
1470.000	6.749
1471.000	6.749
1472.000	6.749
1473.000	6.749
1474.000	6.749
1475.000	6.749
1476.000	6.749
1477.000	6.749
1478.000	6.749
1479.000	6.749
1480.000	6.749
1481.000	6.749
1482.000	6.749
1483.000	6.749
1484.000	6.749
1485.000	6.749
1486.000	6.749
1487.000	6.749
1488.000	6.749
1489.000	6.749
1490.000	6.749
1491.000	6.749
1492.000	6.749
1493.000	6.749
1494.000	6.749
1495.000	6.749
1496.000	6.749
1497.000	6.749
1498.000	6.749
1499.000	6.749
1500.000	6.749
1501.000	6.749
1502.000	6.749
1503.000	6.749
1504.000	6.749
1505.000	6.749
1506.000	6.749
1507.000	6.749
1508.000	6.749
1509.000	6.749
1510.000	6.749
1511.000	6.749
1512.000	6.749
1513.000	6.749
1514.000	6.749
1515.000	6.749
1516.000	6.749
1517.000	6.749
1518.000	6.749
1519.000	6.749
1520.000	6.749
1521.000	6.749
1522.000	6.749
1523.000	6.749
1524.000	6.749
1525.000	6.749
1526.000	6.749
1527.000	6.749
1528.000	6.749
1529.000	6.749
1530.000	6.749
1531.000	6.749
1532.000	6.749
1533.000	6.749
1534.000	6.749
1535.000	6.749
1536.000	6.749
1537.000	6.749
1538.000	6.749
1539.000	6.749
1540.000	6.749
1541.000	6.749
1542.000	6.749
1543.000	6.749
1544.000	6.749
1545.000	6.749
1546.000	6.749
1547.000	6.749
1548.000	6.749
1549.000	6.749
1550.000	6.749
1551.000	6.749
1552.000	6.749
1553.000	6.749
1554.000	6.749
1555.000	6.749
1556.000	6.749
1557.000	6.749
1558.000	6.749
1559.000	6.749
1560.000	6.749
1561.000	6.749
1562.000	6.749
1563.000	6.749
1564.000	6.749
1565.000	6.749
1566.000	6.749
1567.000	6.749
1568.000	6.749
1569.000	6.749
1570.000	6.749
1571.000	6.749
1572.000	6.749
1573.000	6.749
1574.000	6.749
1575.000	6.749
1576.000	6.749
1577.000	6.749
1578.000	6.749
1579.000	6.749
1580.000	6.749
1581.000	6.749
1582.000	6.749
1583.000	6.749
1584.000	6.749
1585.000	6.749
1586.000	6.749
1587.000	6.749
1588.000	6.749
1589.000	6.749
1590.000	6.749
1591.000	6.749
1592.000	6.749
1593.000	6.749
1594.000	6.749
1595.000	6.749
1596.000	6.749
1597.000	6.749
1598.000	6.749
1599.000	6.749
1600.000	6.749
1601.000	6.749
1602.000	6.749
1603.000	6.749
1604.000	6.749
1605.000	6.749
1606.000	6.749
1607.000	6.749
1608.000	6.749
1609.000	6.749
1610.000	6.749
1611.000	6.749
1612.000	6.749
1613.000	6.749
1614.000	6.749
1615.000	6.749
1616.000	6.749
1617.000	6.749
1618.000	6.749
1619.000	6.749
1620.000	6.749
1621.000	6.749
1622.000	6.749
1623.000	6.749
1624.000	6.749
1625.000	6.749
1626.000	6.749
1627.000	6.749
1628.000	6.749
1629.000	6.749
1630.000	6.749
1631.000	6.749
1632.000	6.749
1633.000	6.749
1634.000	6.749
1635.000	6.749
1636.000	6.749
1637.000	6.749
1638.000	6.749
1639.000	6.749
1640.000	6.749
1641.000	6.749
1642.000	6.749
1643.000	6.749
1644.000	6.749
1645.000	6.749
1646.000	6.749
1647.000	6.749
1648.000	6.749
1649.000	6.749
1650.000	6.749
1651.000	6.749
1652.000	6.749
1653.000	6.749
1654.000	6.749
1655.000	6.749
1656.000	6.749
1657.000	6.749
1658.000	6.749
1659.000	6.749
1660.000	6.749
1661.000	6.749
1662.000	6.749
1663.000	6.749
1664.000	6.749
1665.000	6.749
1666.000	6.749
1667.000	6.749
1668.000	6.749
1669.000	6.749
1670.000	6.749
1671.000	6.749
1672.000	6.749
1673.000	6.749
1674.000	6.749
1675.000	6.749
1676.000	6.749
1677.000	6.749
1678.000	6.749
1679.000	6.749
1680.000	6.749
1681.000	6.749
1682.000	6.749
1683.000	6.749
1684.000	6.749
1685.000	6.749
1686.000	6.749
1687.000	6.749
1688.000	6.749
1689.000	6.749
1690.000	6.749
1691.000	6.749
1692.000	6.749
1693.000	6.749
1694.000	6.749
1695.000	6.749
1696.000	6.749
1697.000	6.749
1698.000	6.749
1699.000	6.749
1700.000	6.749
1701.000	6.749
1702.000	6.749
1703.000	6.749
1704.000	6.749
1705.000	6.749
1706.000	6.749
1707.000	6.749
1708.000	6.749
1709.000	6.749
1710.000	6.749
1711.000	6.749
1712.000	6.749
1713.000	6.749
1714.000	6.749
1715.000	6.749
1716.000	6.749
1717.000	6.749
1718.000	6.749
1719.000	6.749
1720.000	6.749
1721.000	6.749
1722.000	6.749
1723.000	6.749
1724.000	6.749
1725.000	6.749
1726.000	6.749
1727.000	6.749
1728.000	6.749
1729.000	6.749
1730.000	6.749
1731.000	6.749
1732.000	6.749
1733.000	6.749
1734.000	6.749
1735.000	6.749
1736.000	6.749
1737.000	6.749
1738.000	6.749
1739.000	6.749
1740.000	6.749
1741.000	6.749
1742.000	6.749
1743.000	6.749
1744.000	6.749
1745.000	6.749
1746.000	6.749
1747.000	6.749
1748.000	6.749
1749.000	6.749
1750.000	6.749
1751.000	6.749
1752.000	6.749
1753.000	6.749
1754.000	6.749
1755.000	6.749
1756.000	6.749
1757.000	6.749
1758.000	6.749
1759.000	6.749
1760.000	6.749
1761.000	6.749
1762.000	6.749
1763.000	6.749
1764.000	6.749
1765.000	6.749
1766.000	6.749
1767.000	6.749
1768.000	6.749
1769.000	6.749
1770.000	6.749
1771.000	6.749
1772.000	6.749
1773.000	6.749
1774.000	6.749
1775.000	6.749
1776.000	6.749
1777.000	6.749
1778.000	6.749
1779.000	6.749
1780.000	6.749
1781.000	6.749
1782.000	6.749
1783.000	6.749
1784.000	6.749
1785.000	6.749
1786.000	6.749
1787.000	6.749
1788.000	6.749
1789.000	6.749
1790.000	6.749
1791.000	6.749
1792.000	6.749
1793.000	6.749
1794.000	6.749
1795.000	6.749
1796.000	6.749
1797.000	6.749
1798.000	6.749
1799.000	6.749
1800.000	6.749
1801.000	6.749
1802.000	6.749
1803.000	6.749
1804.000	6.749
1805.000	6.749
1806.000	6.749
1807.000	6.749
1808.000	6.749
1809.000	6.749
1810.000	6.749
1811.000	6.749
1812.000	6.749
1813.000	6.749
1814.000	6.749
1815.000	6.749
1816.000	6.749
1817.000	6.749
1818.000	6.749
1819.000	6.749
1820.000	6.749
1821.000	6.749
1822.000	6.749
1823.000	6.749
1824.000	6.749
1825.000	6.749
1826.000	6.749
1827.000	6.749
1828.000	6.749
1829.000	6.749
1830.000	6.749
1831.000	6.749
1832.000	6.749
1833.000	6.749
1834.000	6.749
1835.000	6.749
1836.000	6.749
1837.000	6.749
1838.000	6.749
1839.000	6.749
1840.000	6.749
1841.000	6.749
1842.000	6.749
1843.000	6.749
1844.000	6.749
1845.000	6.749
1846.000	6.749
1847.000	6.749
1848.000	6.749
1849.000	6.749
1850.000	6.749
1851.000	6.749
1852.000	6.749
1853.000	6.749
1854.000	6.749
1855.000	6.749
1856.000	6.749
1857.000	6.749
1858.000	6.749
1859.000	6.749
1860.000	6.749
1861.000	6.749
1862.000	6.749
1863.000	6.749
1864.000	6.749
1865.000	6.749
1866.000	6.749
1867.000	6.749
1868.000	6.749
1869.000	6.749
1870.000	6.749
1871.000	6.749
1872.000	6.749
1873.000	6.749
1874.000	6.749
1875.000	6.749
1876.000	6.749
1877.000	6.749
1878.000	6.749
1879.000	6.749
1880.000	6.749
1881.000	6.749
1882.000	6.749
1883.000	6.749
1884.000	6.749
1885.000	6.749
1886.000	6.749
1887.000	6.749
1888.000	6.749
1889.000	6.749
1890.000	6.749
1891.000	6.749
1892.000	6.749
1893.000	6.749
1894.000	6.749
1895.000	6.749
1896.000	6.749
1897.000	6.749
1898.000	6.749
1899.000	6.749
1900.000	6.749
1901.000	6.749
1902.000	6.749
1903.000	6.749
1904.000	6.749
1905.000	6.749
1906.000	6.749
1907.000	6.749
1908.000	6.749
1909.000	6.749
1910.000	6.749
1911.000	6.749
1912.000	6.749
1913.000	6.749
1914.000	6.749
1915.000	6.749
1916.000	6.749
1917.000	6.749
1918.000	6.749
1919.000	6.749
1920.000	6.749
1921.000	6.749
1922.000	6.749
1923.000	6.749
1924.000	6.749
1925.000	6.749
1926.000	6.749
1927.000	6.749
1928.000	6.749
1929.000	6.749
1930.000	6.749
1931.000	6.749
1932.000	6.749
1933.000	6.749
1934.000	6.749
1935.000	6.749
1936.000	6.749
1937.000	6.749
1938.000	6.749
1939.000	6.749
1940.000	6.749
1941.000	6.749
1942.000	6.749
1943.000	6.749
1944.000	6.749
1945.000	6.749
1946.000	6.749
1947.000	6.749
1948.000	6.749
1949.000	6.749
1950.000	6.749
1951.000	6.749
1952.000	6.749
1953.000	6.749
1954.000	6.749
1955.000	6.749
1956.000	6.749
1957.000	6.749
1958.000	6.749
1959.000	6.749
1960.000	6.749
1961.000	6.749
1962.000	6.749
1963.000	6.749
1964.000	6.749
1965.000	6.749
1966.000	6.749
1967.000	6.749
1968.000	6.749
1969.000	6.749
1970.000	6.749
1971.000	6.749
1972.000	6.749
1973.000	6.749
1974.000	6.749
1975.000	6.749
1976.000	6.749
1977.000	6.749
1978.000	6.749
1979.000	6.749
1980.000	6.749
1981.000	6.749
1982.000	6.749
1983.000	6.749
1984.000	6.749
1985.000	6.749
1986.000	6.749
1987.000	6.749
1988.000	6.749
1989.000	6.749
1990.000	6.749
1991.000	6.749
1992.000	6.749
1993.000	6.749
1994.000	6.749
1995.000	6.749
1996.000	6.749
1997.000	6.749
1998.000	6.749
1999.000	6.749
2000.000	6.749
2001.000	6.749
2002.000	6.749
2003.000	6.749
2004.000	6.749
2005.000	6.741
2006.000	6.733
2007.000	6.725
2008.000	6.717
2009.000	6.709
2010.000	6.701
2011.000	6.693
2012.000	6.685
2013.000	6.676
2014.000	6.676
2015.000	6.668
2016.000	6.660
2017.000	6.652
2018.000	6.644
2019.000	6.636
2020.000	6.628
2021.000	6.620
2022.000	6.612
2023.000	6.604
2024.000	6.596
2025.000	6.588
2026.000	6.588
2027.000	6.580
2028.000	6.572
2029.000	6.563
2030.000	6.555
2031.000	6.547
2032.000	6.539
2033.000	6.531
2034.000	6.523
2035.000	6.515
2036.000	6.507
2037.000	6.507
2038.000	6.499
2039.000	6.491
2040.000	6.483
2041.000	6.475
2042.000	6.467
2043.000	6.459
2044.000	6.450
2045.000	6.442
2046.000	6.434
2047.000	6.426
2048.000	6.426
2049.000	6.418
2050.000	6.410
2051.000	6.402
2052.000	6.394
2053.000	6.386
2054.000	6.378
2055.000	6.370
2056.000	6.362
2057.000	6.354
2058.000	6.346
2059.000	6.346
2060.000	6.338
2061.000	6.330
2062.000	6.321
2063.000	6.313
2064.000	6.305
2065.000	6.297
2066.000	6.289
2067.000	6.281
2068.000	6.273
2069.000	6.265
2070.000	6.265
2071.000	6.257
2072.000	6.249
2073.000	6.241
2074.000	6.233
2075.000	6.225
2076.000	6.217
2077.000	6.209
2078.000	6.200
2079.000	6.192
2080.000	6.184
2081.000	6.184
2082.000	6.176
2083.000	6.168
2084.000	6.160
2085.000	6.152
2086.000	6.144
2087.000	6.136
2088.000	6.128
2089.000	6.120
2090.000	6.112
2091.000	6.104
2092.000	6.104
2093.000	6.096
2094.000	6.088
2095.000	6.080
2096.000	6.072
2097.000	6.063
2098.000	6.055
2099.000	6.047
2100.000	6.039
2101.000	6.031
2102.000	6.023
2103.000	6.015
2104.000	6.015
2105.000	6.007
2106.000	5.999
2107.000	5.991
2108.000	5.983
2109.000	5.975
2110.000	5.967
2111.000	5.959
2112.000	5.951
2113.000	5.943
2114.000	5.935
2115.000	5.935
2116.000	5.926
2117.000	5.918
2118.000	5.910
2119.000	5.902
2120.000	5.894
2121.000	5.886
2122.000	5.878
2123.000	5.870
2124.000	5.862
2125.000	5.854
2126.000	5.854
2127.000	5.846
2128.000	5.838
2129.000	5.830
2130.000	5.822
2131.000	5.814
2132.000	5.806
2133.000	5.798
2134.000	5.790
2135.000	5.782
2136.000	5.773
2137.000	5.773
2138.000	5.765
2139.000	5.757
2140.000	5.749
2141.000	5.741
2142.000	5.733
2143.000	5.725
2144.000	5.717
2145.000	5.709
2146.000	5.701
2147.000	5.693
2148.000	5.693
2149.000	5.685
2150.000	5.677
2151.000	5.669
2152.000	5.661
2153.000	5.653
2154.000	5.645
2155.000	5.637
2156.000	5.629
2157.000	5.621
2158.000	5.612
2159.000	5.612
2160.000	5.604
2161.000	5.596
2162.000	5.588
2163.000	5.580
2164.000	5.572
2165.000	5.564
2166.000	5.556
2167.000	5.548
2168.000	5.540
2169.000	5.532
2170.000	5.524
2171.000	5.524
2172.000	5.516
2173.000	5.508
2174.000	5.500
2175.000	5.492
2176.000	5.484
2177.000	5.476
2178.000	5.468
2179.000	5.460
2180.000	5.452
2181.000	5.444
2182.000	5.444
2183.000	5.435
2184.000	5.427
2185.000	5.419
2186.000	5.411
2187.000	5.403
2188.000	5.395
2189.000	5.387
2190.000	5.379
2191.000	5.371
2192.000	5.363
2193.000	5.363
2194.000	5.355
2195.000	5.347
2196.000	5.339
2197.000	5.331
2198.000	5.323
2199.000	5.315
2200.000	5.307
2201.000	5.299
2202.000	5.291
2203.000	5.283
2204.000	5.281
2205.000	5.273
2206.000	5.265
2207.000	5.257
2208.000	5.249
2209.000	5.241
2210.000	5.233
2211.000	5.225
2212.000	5.217
2213.000	5.209
2214.000	5.201
2215.000	5.200
2216.000	5.192
2217.000	5.184
2218.000	5.176
2219.000	5.168
2220.000	5.160
2221.000	5.151
2222.000	5.143
2223.000	5.135
2224.000	5.127
2225.000	5.119
2226.000	5.118
2227.000	5.110
2228.000	5.102
2229.000	5.094
2230.000	5.086
2231.000	5.078
2232.000	5.070
2233.000	5.062
2234.000	5.054
2235.000	5.046
2236.000	5.038
2237.000	5.036
2238.000	5.028
2239.000	5.020
2240.000	5.012
2241.000	5.004
2242.000	4.996
2243.000	4.988
2244.000	4.980
2245.000	4.972
2246.000	4.964
2247.000	4.956
2248.000	4.948
2249.000	4.947
2250.000	4.939
2251.000	4.931
2252.000	4.923
2253.000	4.915
2254.000	4.907
2255.000	4.899
2256.000	4.891
2257.000	4.883
2258.000	4.875
2259.000	4.866
2260.000	4.865
2261.000	4.857
2262.000	4.849
2263.000	4.841
2264.000	4.833
2265.000	4.825
2266.000	4.817
2267.000	4.809
2268.000	4.801
2269.000	4.793
2270.000	4.785
2271.000	4.784
2272.000	4.776
2273.000	4.768
2274.000	4.760
2275.000	4.752
2276.000	4.743
2277.000	4.735
2278.000	4.727
2279.000	4.719
2280.000	4.711
2281.000	4.703
2282.000	4.702
2283.000	4.694
2284.000	4.686
2285.000	4.678
2286.000	4.670
2287.000	4.662
2288.000	4.654
2289.000	4.646
2290.000	4.638
2291.000	4.630
2292.000	4.622
2293.000	4.621
2294.000	4.612
2295.000	4.604
2296.000	4.596
2297.000	4.588
2298.000	4.580
2299.000	4.572
2300.000	4.564
2301.000	4.556
2302.000	4.548
2303.000	4.540
2304.000	4.539
2305.000	4.531
2306.000	4.523
2307.000	4.515
2308.000	4.507
2309.000	4.499
2310.000	4.491
2311.000	4.483
2312.000	4.475
2313.000	4.467
2314.000	4.459
2315.000	4.451
2316.000	4.449
2317.000	4.441
2318.000	4.433
2319.000	4.425
2320.000	4.417
2321.000	4.409
2322.000	4.401
2323.000	4.393
2324.000	4.385
2325.000	4.377
2326.000	4.369
2327.000	4.368
2328.000	4.360
2329.000	4.352
2330.000	4.344
2331.000	4.336
2332.000	4.328
2333.000	4.320
2334.000	4.312
2335.000	4.304
2336.000	4.296
2337.000	4.288
2338.000	4.286
2339.000	4.278
2340.000	4.270
2341.000	4.262
2342.000	4.254
2343.000	4.246
2344.000	4.238
2345.000	4.230
2346.000	4.222
2347.000	4.214
2348.000	4.206
2349.000	4.205
2350.000	4.197
2351.000	4.189
2352.000	4.181
2353.000	4.173
2354.000	4.165
2355.000	4.157
2356.000	4.149
2357.000	4.141
2358.000	4.133
2359.000	4.125
2360.000	4.124
2361.000	4.116
2362.000	4.107
2363.000	4.099
2364.000	4.091
2365.000	4.083
2366.000	4.075
2367.000	4.067
2368.000	4.059
2369.000	4.051
2370.000	4.043
2371.000	4.042
2372.000	4.034
2373.000	4.026
2374.000	4.018
2375.000	4.010
2376.000	4.002
2377.000	3.994
2378.000	3.986
2379.000	3.978
2380.000	3.970
2381.000	3.962
2382.000	3.954
2383.000	3.953
2384.000	3.945
2385.000	3.937
2386.000	3.929
2387.000	3.921
2388.000	3.913
2389.000	3.905
2390.000	3.897
2391.000	3.889
2392.000	3.881
2393.000	3.873
2394.000	3.871
2395.000	3.863
2396.000	3.855
2397.000	3.847
2398.000	3.839
2399.000	3.831
2400.000	3.823
2401.000	3.815
2402.000	3.807
2403.000	3.799
2404.000	3.791
2405.000	3.790
2406.000	3.782
2407.000	3.774
2408.000	3.766
2409.000	3.758
2410.000	3.750
2411.000	3.742
2412.000	3.734
2413.000	3.726
2414.000	3.718
2415.000	3.710
2416.000	3.708
2417.000	3.700
2418.000	3.692
2419.000	3.684
2420.000	3.676
2421.000	3.668
2422.000	3.660
2423.000	3.652
2424.000	3.644
2425.000	3.636
2426.000	3.628
2427.000	3.627
2428.000	3.619
2429.000	3.611
2430.000	3.603
2431.000	3.590
2432.000	3.589
2433.000	3.587
2434.000	3.586
2435.000	3.585
2436.000	3.584
2437.000	3.582
2438.000	3.581
2439.000	3.580
2440.000	3.579
2441.000	3.577
2442.000	3.576
2443.000	3.575
2444.000	3.574
2445.000	3.572
2446.000	3.571
2447.000	3.570
2448.000	3.568
2449.000	3.567
2450.000	3.566
2451.000	3.565
2452.000	3.563
2453.000	3.562
2454.000	3.561
2455.000	3.560
2456.000	3.558
2457.000	3.557
2458.000	3.556
2459.000	3.555
2460.000	3.553
2461.000	3.552
2462.000	3.551
2463.000	3.550
2464.000	3.548
2465.000	3.547
2466.000	3.546
2467.000	3.544
2468.000	3.543
2469.000	3.542
2470.000	3.541
2471.000	3.539
2472.000	3.538
2473.000	3.537
2474.000	3.536
2475.000	3.534
2476.000	3.533
2477.000	3.532
2478.000	3.531
2479.000	3.529
2480.000	3.528
2481.000	3.527
2482.000	3.526
2483.000	3.524
2484.000	3.523
2485.000	3.522
2486.000	3.520
2487.000	3.519
2488.000	3.518
2489.000	3.517
2490.000	3.515
2491.000	3.514
2492.000	3.513
2493.000	3.512
2494.000	3.510
2495.000	3.509
2496.000	3.508
2497.000	3.507
2498.000	3.505
2499.000	3.504
2500.000	3.503
2501.000	3.502
2502.000	3.500
2503.000	3.499
2504.000	3.498
2505.000	3.497
2506.000	3.495
2507.000	3.494
2508.000	3.493
2509.000	3.491
2510.000	3.490
2511.000	3.489
2512.000	3.488
2513.000	3.486
2514.000	3.485
2515.000	3.484
2516.000	3.483
2517.000	3.481
2518.000	3.480
2519.000	3.479
2520.000	3.478
2521.000	3.476
2522.000	3.475
2523.000	3.474
2524.000	3.473
2525.000	3.471
2526.000	3.470
2527.000	3.469
2528.000	3.467
2529.000	3.466
2530.000	3.465
2531.000	3.464
2532.000	3.462
2533.000	3.461
2534.000	3.460
2535.000	3.459
2536.000	3.457
2537.000	3.456
2538.000	3.455
2539.000	3.454
2540.000	3.452
2541.000	3.451
2542.000	3.450
2543.000	3.449
2544.000	3.447
2545.000	3.446
2546.000	3.445
2547.000	3.443
2548.000	3.442
2549.000	3.441
2550.000	3.440
2551.000	3.438
2552.000	3.437
2553.000	3.436
2554.000	3.435
2555.000	3.433
2556.000	3.432
2557.000	3.431
2558.000	3.430
2559.000	3.428
2560.000	3.427
2561.000	3.426
2562.000	3.425
2563.000	3.423
2564.000	3.422
2565.000	3.421
2566.000	3.420
2567.000	3.418
2568.000	3.417
2569.000	3.416
2570.000	3.414
2571.000	3.413
2572.000	3.412
2573.000	3.411
2574.000	3.409
2575.000	3.408
2576.000	3.407
2577.000	3.406
2578.000	3.404
2579.000	3.403
2580.000	3.402
2581.000	3.401
2582.000	3.399
2583.000	3.398
2584.000	3.397
2585.000	3.396
2586.000	3.394
2587.000	3.393
2588.000	3.392
2589.000	3.390
2590.000	3.389
2591.000	3.388
2592.000	3.387
2593.000	3.385
2594.000	3.384
2595.000	3.383
2596.000	3.382
2597.000	3.380
2598.000	3.379
2599.000	3.378
2600.000	3.377
2601.000	3.375
2602.000	3.374
2603.000	3.373
2604.000	3.372
2605.000	3.370
2606.000	3.369
2607.000	3.368
2608.000	3.366
2609.000	3.365
2610.000	3.364
2611.000	3.363
2612.000	3.361
2613.000	3.360
2614.000	3.359
2615.000	3.358
2616.000	3.356
2617.000	3.355
2618.000	3.354
2619.000	3.353
2620.000	3.351
2621.000	3.350
2622.000	3.349
2623.000	3.348
2624.000	3.346
2625.000	3.345
2626.000	3.344
2627.000	3.342
2628.000	3.341
2629.000	3.340
2630.000	3.339
2631.000	3.337
2632.000	3.336
2633.000	3.335
2634.000	3.334
2635.000	3.332
2636.000	3.331
2637.000	3.330
2638.000	3.329
2639.000	3.327
2640.000	3.326
2641.000	3.325
2642.000	3.324
2643.000	3.322
2644.000	3.321
2645.000	3.320
2646.000	3.319
2647.000	3.317
2648.000	3.316
2649.000	3.315
2650.000	3.313
2651.000	3.312
2652.000	3.311
2653.000	3.310
2654.000	3.308
2655.000	3.307
2656.000	3.306
2657.000	3.305
2658.000	3.303
2659.000	3.302
2660.000	3.301
2661.000	3.300
2662.000	3.298
2663.000	3.297
2664.000	3.296
2665.000	3.295
2666.000	3.293
2667.000	3.292
2668.000	3.291
2669.000	3.289
2670.000	3.288
2671.000	3.287
2672.000	3.286
2673.000	3.284
2674.000	3.283
2675.000	3.282
2676.000	3.281
2677.000	3.279
2678.000	3.278
2679.000	3.277
2680.000	3.276
2681.000	3.274
2682.000	3.273
2683.000	3.272
2684.000	3.271
2685.000	3.269
2686.000	3.268
2687.000	3.267
2688.000	3.265
2689.000	3.264
2690.000	3.263
2691.000	3.262
2692.000	3.260
2693.000	3.259
2694.000	3.258
2695.000	3.257
2696.000	3.255
2697.000	3.254
2698.000	3.253
2699.000	3.252
2700.000	3.250
2701.000	3.249
2702.000	3.248
2703.000	3.247
2704.000	3.245
2705.000	3.244
2706.000	3.243
2707.000	3.242
2708.000	3.240
2709.000	3.239
2710.000	3.238
2711.000	3.236
2712.000	3.235
2713.000	3.234
2714.000	3.233
2715.000	3.231
2716.000	3.230
2717.000	3.229
2718.000	3.228
2719.000	3.226
2720.000	3.225
2721.000	3.224
2722.000	3.223
2723.000	3.221
2724.000	3.220
2725.000	3.219
2726.000	3.218
2727.000	3.216
2728.000	3.215
2729.000	3.214
2730.000	3.212
2731.000	3.211
2732.000	3.210
2733.000	3.209
2734.000	3.207
2735.000	3.206
2736.000	3.205
2737.000	3.204
2738.000	3.202
2739.000	3.201
2740.000	3.200
2741.000	3.199
2742.000	3.197
2743.000	3.196
2744.000	3.195
2745.000	3.194
2746.000	3.192
2747.000	3.191
2748.000	3.190
2749.000	3.188
2750.000	3.187
2751.000	3.186
2752.000	3.185
2753.000	3.183
2754.000	3.182
2755.000	3.181
2756.000	3.180
2757.000	3.178
2758.000	3.177
2759.000	3.176
2760.000	3.175
2761.000	3.173
2762.000	3.172
2763.000	3.171
2764.000	3.170
2765.000	3.168
2766.000	3.167
2767.000	3.166
2768.000	3.164
2769.000	3.163
2770.000	3.162
2771.000	3.161
2772.000	3.159
2773.000	3.158
2774.000	3.157
2775.000	3.156
2776.000	3.154
2777.000	3.153
2778.000	3.152
2779.000	3.151
2780.000	3.149
2781.000	3.148
2782.000	3.147
2783.000	3.146
2784.000	3.144
2785.000	3.143
2786.000	3.142
2787.000	3.141
2788.000	3.139
2789.000	3.138
2790.000	3.137
2791.000	3.135
2792.000	3.134
2793.000	3.133
2794.000	3.132
2795.000	3.130
2796.000	3.129
2797.000	3.128
2798.000	3.127
2799.000	3.125
2800.000	3.124
2801.000	3.123
2802.000	3.122
2803.000	3.120
2804.000	3.119
2805.000	3.118
2806.000	3.117
2807.000	3.115
2808.000	3.114
2809.000	3.113
2810.000	3.111
2811.000	3.110
2812.000	3.109
2813.000	3.108
2814.000	3.106
2815.000	3.105
2816.000	3.104
2817.000	3.103
2818.000	3.101
2819.000	3.100
2820.000	3.099
2821.000	3.098
2822.000	3.096
2823.000	3.095
2824.000	3.094
2825.000	3.093
2826.000	3.091
2827.000	3.090
2828.000	3.089
2829.000	3.087
2830.000	3.086
2831.000	3.085
2832.000	3.084
2833.000	3.082
2834.000	3.081
2835.000	3.080
2836.000	3.079
2837.000	3.077
2838.000	3.076
2839.000	3.075
2840.000	3.074
2841.000	3.072
2842.000	3.071
2843.000	3.070
2844.000	3.069
2845.000	3.067
2846.000	3.066
2847.000	3.065
2848.000	3.063
2849.000	3.062
2850.000	3.061
2851.000	3.060
2852.000	3.058
2853.000	3.057
2854.000	3.056
2855.000	3.055
2856.000	3.053
2857.000	3.052
2858.000	3.051
2859.000	3.050
2860.000	3.048
2861.000	3.047
2862.000	3.046
2863.000	3.045
2864.000	3.043
2865.000	3.042
2866.000	3.041
2867.000	3.040
2868.000	3.038
2869.000	3.037
2870.000	3.036
2871.000	3.034
2872.000	3.033
2873.000	3.032
2874.000	3.031
2875.000	3.029
2876.000	3.028
2877.000	3.027
2878.000	3.026
2879.000	3.024
2880.000	3.023
2881.000	3.022
2882.000	3.021
2883.000	3.019
2884.000	3.018
2885.000	3.017
2886.000	3.016
2887.000	3.014
2888.000	3.013
2889.000	3.012
2890.000	3.010
2891.000	3.009
2892.000	3.008
2893.000	3.007
2894.000	3.005
2895.000	3.004
2896.000	3.003
2897.000	3.002
2898.000	3.000
2899.000	2.999
2900.000	2.998
2901.000	2.997
2902.000	2.995
2903.000	2.994
2904.000	2.993
2905.000	2.992
2906.000	2.990
2907.000	2.989
2908.000	2.988
2909.000	2.986
2910.000	2.985
2911.000	2.984
2912.000	2.983
2913.000	2.981
2914.000	2.980
2915.000	2.979
2916.000	2.978
2917.000	2.976
2918.000	2.975
2919.000	2.974
2920.000	2.973
2921.000	2.971
2922.000	2.970
2923.000	2.969
2924.000	2.968
2925.000	2.966
2926.000	2.965
2927.000	2.964
2928.000	2.963
2929.000	2.961
2930.000	2.960
2931.000	2.959
2932.000	2.957
2933.000	2.956
2934.000	2.955
2935.000	2.954
2936.000	2.952
2937.000	2.951
2938.000	2.950
2939.000	2.949
2940.000	2.947
2941.000	2.946
2942.000	2.945
2943.000	2.944
2944.000	2.942
2945.000	2.941
2946.000	2.940
2947.000	2.939
2948.000	2.937
2949.000	2.936
2950.000	2.935
2951.000	2.933
2952.000	2.932
2953.000	2.931
2954.000	2.930
2955.000	2.928
2956.000	2.927
2957.000	2.926
2958.000	2.925
2959.000	2.923
2960.000	2.922
2961.000	2.921
2962.000	2.920
2963.000	2.918
2964.000	2.917
2965.000	2.916
2966.000	2.915
2967.000	2.913
2968.000	2.912
2969.000	2.911
2970.000	2.909
2971.000	2.908
2972.000	2.907
2973.000	2.906
2974.000	2.904
2975.000	2.903
2976.000	2.902
2977.000	2.901
2978.000	2.899
2979.000	2.898
2980.000	2.897
2981.000	2.896
2982.000	2.894
2983.000	2.893
2984.000	2.892
2985.000	2.891
2986.000	2.889
2987.000	2.888
2988.000	2.887
2989.000	2.885
2990.000	2.884
2991.000	2.883
2992.000	2.882
2993.000	2.880
2994.000	2.879
2995.000	2.878
2996.000	2.877
2997.000	2.875
2998.000	2.874
2999.000	2.873
3000.000	2.872
3001.000	2.870
3002.000	2.869
3003.000	2.868
3004.000	2.867
3005.000	2.865
3006.000	2.864
3007.000	2.863
3008.000	2.862
3009.000	2.860
3010.000	2.859
3011.000	2.858
3012.000	2.856
3013.000	2.855
3014.000	2.854
3015.000	2.853
3016.000	2.851
3017.000	2.850
3018.000	2.849
3019.000	2.848
3020.000	2.846
3021.000	2.845
3022.000	2.844
3023.000	2.843
3024.000	2.841
3025.000	2.840
3026.000	2.839
3027.000	2.838
3028.000	2.836
3029.000	2.835
3030.000	2.834
3031.000	2.832
3032.000	2.831
3033.000	2.830
3034.000	2.829
3035.000	2.827
3036.000	2.826
3037.000	2.825
3038.000	2.824
3039.000	2.822
3040.000	2.821
3041.000	2.820
3042.000	2.819
3043.000	2.817
3044.000	2.816
3045.000	2.815
3046.000	2.814
3047.000	2.812
3048.000	2.811
3049.000	2.810
3050.000	2.808
3051.000	2.807
3052.000	2.806
3053.000	2.805
3054.000	2.803
3055.000	2.802
3056.000	2.801
3057.000	2.800
3058.000	2.798
3059.000	2.797
3060.000	2.796
3061.000	2.795
3062.000	2.793
3063.000	2.792
3064.000	2.791
3065.000	2.790
3066.000	2.788
3067.000	2.787
3068.000	2.786
3069.000	2.785
3070.000	2.783
3071.000	2.782
3072.000	2.781
3073.000	2.779
3074.000	2.778
3075.000	2.777
3076.000	2.776
3077.000	2.774
3078.000	2.773
3079.000	2.772
3080.000	2.771
3081.000	2.769
3082.000	2.768
3083.000	2.767
3084.000	2.766
3085.000	2.764
3086.000	2.763
3087.000	2.762
3088.000	2.761
3089.000	2.759
3090.000	2.758
3091.000	2.757
3092.000	2.755
3093.000	2.754
3094.000	2.753
3095.000	2.752
3096.000	2.750
3097.000	2.749
3098.000	2.748
3099.000	2.747
3100.000	2.745
3101.000	2.744
3102.000	2.743
3103.000	2.742
3104.000	2.740
3105.000	2.739
3106.000	2.738
3107.000	2.737
3108.000	2.735
3109.000	2.734
3110.000	2.733
3111.000	2.731
3112.000	2.730
3113.000	2.729
3114.000	2.728
3115.000	2.726
3116.000	2.725
3117.000	2.724
3118.000	2.723
3119.000	2.721
3120.000	2.720
3121.000	2.719
3122.000	2.718
3123.000	2.716
3124.000	2.715
3125.000	2.714
3126.000	2.713
3127.000	2.711
3128.000	2.710
3129.000	2.709
3130.000	2.707
3131.000	2.706
3132.000	2.705
3133.000	2.704
3134.000	2.702
3135.000	2.701
3136.000	2.700
3137.000	2.699
3138.000	2.697
3139.000	2.696
3140.000	2.695
3141.000	2.694
3142.000	2.692
3143.000	2.691
3144.000	2.690
3145.000	2.689
3146.000	2.687
3147.000	2.686
3148.000	2.685
3149.000	2.684
3150.000	2.682
3151.000	2.681
3152.000	2.680
3153.000	2.678
3154.000	2.677
3155.000	2.676
3156.000	2.675
3157.000	2.673
3158.000	2.672
3159.000	2.671
3160.000	2.670
3161.000	2.668
3162.000	2.667
3163.000	2.666
3164.000	2.665
3165.000	2.663
3166.000	2.662
3167.000	2.661
3168.000	2.660
3169.000	2.658
3170.000	2.657
3171.000	2.656
3172.000	2.654
3173.000	2.653
3174.000	2.652
3175.000	2.651
3176.000	2.649
3177.000	2.648
3178.000	2.647
3179.000	2.646
3180.000	2.644
3181.000	2.643
3182.000	2.642
3183.000	2.641
3184.000	2.639
3185.000	2.638
3186.000	2.637
3187.000	2.636
3188.000	2.634
3189.000	2.633
3190.000	2.632
3191.000	2.630
3192.000	2.629
3193.000	2.628
3194.000	2.627
3195.000	2.625
3196.000	2.624
3197.000	2.623
3198.000	2.622
3199.000	2.620
3200.000	2.619
3201.000	2.618
3202.000	2.617
3203.000	2.615
3204.000	2.614
3205.000	2.613
3206.000	2.612
3207.000	2.610
3208.000	2.609
3209.000	2.608
3210.000	2.606
3211.000	2.605
3212.000	2.604
3213.000	2.603
3214.000	2.601
3215.000	2.600
3216.000	2.599
3217.000	2.598
3218.000	2.596
3219.000	2.595
3220.000	2.594
3221.000	2.593
3222.000	2.591
3223.000	2.590
3224.000	2.589
3225.000	2.588
3226.000	2.586
3227.000	2.585
3228.000	2.584
3229.000	2.583
3230.000	2.581
3231.000	2.580
3232.000	2.579
3233.000	2.577
3234.000	2.576
3235.000	2.575
3236.000	2.574
3237.000	2.572
3238.000	2.571
3239.000	2.570
3240.000	2.569
3241.000	2.567
3242.000	2.566
3243.000	2.565
3244.000	2.564
3245.000	2.562
3246.000	2.561
3247.000	2.560
3248.000	2.559
3249.000	2.557
3250.000	2.556
3251.000	2.555
3252.000	2.553
3253.000	2.552
3254.000	2.551
3255.000	2.550
3256.000	2.548
3257.000	2.547
3258.000	2.546
3259.000	2.545
3260.000	2.543
3261.000	2.542
3262.000	2.541
3263.000	2.540
3264.000	2.538
3265.000	2.537
3266.000	2.536
3267.000	2.535
3268.000	2.533
3269.000	2.532
3270.000	2.531
3271.000	2.529
3272.000	2.528
3273.000	2.527
3274.000	2.526
3275.000	2.524
3276.000	2.523
3277.000	2.522
3278.000	2.521
3279.000	2.519
3280.000	2.518
3281.000	2.517
3282.000	2.516
3283.000	2.514
3284.000	2.513
3285.000	2.512
3286.000	2.511
3287.000	2.509
3288.000	2.508
3289.000	2.507
3290.000	2.506
3291.000	2.504
3292.000	2.503
3293.000	2.502
3294.000	2.500
3295.000	2.499
3296.000	2.498
3297.000	2.497
3298.000	2.495
3299.000	2.494
3300.000	2.493
3301.000	2.492
3302.000	2.490
3303.000	2.489
3304.000	2.488
3305.000	2.487
3306.000	2.485
3307.000	2.484
3308.000	2.483
3309.000	2.482
3310.000	2.480
3311.000	2.479
3312.000	2.478
3313.000	2.476
3314.000	2.475
3315.000	2.474
3316.000	2.473
3317.000	2.471
3318.000	2.470
3319.000	2.469
3320.000	2.468
3321.000	2.466
3322.000	2.465
3323.000	2.464
3324.000	2.463
3325.000	2.461
3326.000	2.460
3327.000	2.459
3328.000	2.458
3329.000	2.456
3330.000	2.455
3331.000	2.454
3332.000	2.452
3333.000	2.451
3334.000	2.450
3335.000	2.449
3336.000	2.447
3337.000	2.446
3338.000	2.445
3339.000	2.444
3340.000	2.442
3341.000	2.441
3342.000	2.440
3343.000	2.439
3344.000	2.437
3345.000	2.436
3346.000	2.435
3347.000	2.434
3348.000	2.432
3349.000	2.431
3350.000	2.430
3351.000	2.428
3352.000	2.427
3353.000	2.426
3354.000	2.425
3355.000	2.423
3356.000	2.422
3357.000	2.421
3358.000	2.420
3359.000	2.418
3360.000	2.417
3361.000	2.416
3362.000	2.415
3363.000	2.413
3364.000	2.412
3365.000	2.411
3366.000	2.410
3367.000	2.408
3368.000	2.407
3369.000	2.406
3370.000	2.405
3371.000	2.403
3372.000	2.402
3373.000	2.401
3374.000	2.399
3375.000	2.398
3376.000	2.397
3377.000	2.396
3378.000	2.394
3379.000	2.393
3380.000	2.392
3381.000	2.391
3382.000	2.389
3383.000	2.388
3384.000	2.387
3385.000	2.386
3386.000	2.384
3387.000	2.383
3388.000	2.382
3389.000	2.381
3390.000	2.379
3391.000	2.378
3392.000	2.377
3393.000	2.375
3394.000	2.374
3395.000	2.373
3396.000	2.372
3397.000	2.370
3398.000	2.369
3399.000	2.368
3400.000	2.367
3401.000	2.365
3402.000	2.364
3403.000	2.363
3404.000	2.362
3405.000	2.360
3406.000	2.359
3407.000	2.358
3408.000	2.357
3409.000	2.355
3410.000	2.354
3411.000	2.353
3412.000	2.351
3413.000	2.350
3414.000	2.349
3415.000	2.348
3416.000	2.346
3417.000	2.345
3418.000	2.344
3419.000	2.343
3420.000	2.341
3421.000	2.340
3422.000	2.339
3423.000	2.338
3424.000	2.336
3425.000	2.335
3426.000	2.334
3427.000	2.333
3428.000	2.331
3429.000	2.330
3430.000	2.329
3431.000	2.327
3432.000	2.326
3433.000	2.325
3434.000	2.324
3435.000	2.322
3436.000	2.321
3437.000	2.320
3438.000	2.319
3439.000	2.317
3440.000	2.316
3441.000	2.315
3442.000	2.314
3443.000	2.312
3444.000	2.311
3445.000	2.310
3446.000	2.309
3447.000	2.307
3448.000	2.306
3449.000	2.305
3450.000	2.304
3451.000	2.302
3452.000	2.301
3453.000	2.300
3454.000	2.298
3455.000	2.297
3456.000	2.296
3457.000	2.295
3458.000	2.293
3459.000	2.292
3460.000	2.291
3461.000	2.290
3462.000	2.288
3463.000	2.287
3464.000	2.286
3465.000	2.285
3466.000	2.283
3467.000	2.282
3468.000	2.281
3469.000	2.280
3470.000	2.278
3471.000	2.277
3472.000	2.276
3473.000	2.274
3474.000	2.273
3475.000	2.272
3476.000	2.271
3477.000	2.269
3478.000	2.268
3479.000	2.267
3480.000	2.266
3481.000	2.264
3482.000	2.263
3483.000	2.262
3484.000	2.261
3485.000	2.259
3486.000	2.258
3487.000	2.257
3488.000	2.256
3489.000	2.254
3490.000	2.253
3491.000	2.252
3492.000	2.250
3493.000	2.249
3494.000	2.248
3495.000	2.247
3496.000	2.245
3497.000	2.244
3498.000	2.243
3499.000	2.242
3500.000	2.240
3501.000	2.239
3502.000	2.238
3503.000	2.237
3504.000	2.235
3505.000	2.234
3506.000	2.233
3507.000	2.232
3508.000	2.230
3509.000	2.229
3510.000	2.228
3511.000	2.227
3512.000	2.225
3513.000	2.224
3514.000	2.223
3515.000	2.221
3516.000	2.220
3517.000	2.219
3518.000	2.218
3519.000	2.216
3520.000	2.215
3521.000	2.214
3522.000	2.213
3523.000	2.211
3524.000	2.210
3525.000	2.209
3526.000	2.208
3527.000	2.206
3528.000	2.205
3529.000	2.204
3530.000	2.203
3531.000	2.201
3532.000	2.200
3533.000	2.199
3534.000	2.197
3535.000	2.196
3536.000	2.195
3537.000	2.194
3538.000	2.192
3539.000	2.191
3540.000	2.190
3541.000	2.189
3542.000	2.187
3543.000	2.186
3544.000	2.185
3545.000	2.184
3546.000	2.182
3547.000	2.181
3548.000	2.180
3549.000	2.179
3550.000	2.177
3551.000	2.176
3552.000	2.175
3553.000	2.173
3554.000	2.172
3555.000	2.171
3556.000	2.170
3557.000	2.168
3558.000	2.167
3559.000	2.166
3560.000	2.165
3561.000	2.163
3562.000	2.162
3563.000	2.161
3564.000	2.160
3565.000	2.158
3566.000	2.157
3567.000	2.156
3568.000	2.155
3569.000	2.153
3570.000	2.152
3571.000	2.151
3572.000	2.149
3573.000	2.148
3574.000	2.147
3575.000	2.146
3576.000	2.144
3577.000	2.143
3578.000	2.142
3579.000	2.141
3580.000	2.139
3581.000	2.138
3582.000	2.137
3583.000	2.136
3584.000	2.134
3585.000	2.133
3586.000	2.132
3587.000	2.131
3588.000	2.129
3589.000	2.128
3590.000	2.127
3591.000	2.126
3592.000	2.124
3593.000	2.123
3594.000	2.122
3595.000	2.120
3596.000	2.119
3597.000	2.118
3598.000	2.117
3599.000	2.115
3600.000	2.114
3601.000	2.113
3602.000	2.112
3603.000	2.110
3604.000	2.109
3605.000	2.108
3606.000	2.107
3607.000	2.105
3608.000	2.104
3609.000	2.103
3610.000	2.102
3611.000	2.100
3612.000	2.099
3613.000	2.098
3614.000	2.096
3615.000	2.095
3616.000	2.094
3617.000	2.093
3618.000	2.091
3619.000	2.090
3620.000	2.089
3621.000	2.088
3622.000	2.086
3623.000	2.085
3624.000	2.084
3625.000	2.083
3626.000	2.081
3627.000	2.080
3628.000	2.079
3629.000	2.078
3630.000	2.076
3631.000	2.075
3632.000	2.074
3633.000	2.072
3634.000	2.071
3635.000	2.070
3636.000	2.069
3637.000	2.067
3638.000	2.066
3639.000	2.065
3640.000	2.064
3641.000	2.062
3642.000	2.061
3643.000	2.060
3644.000	2.059
3645.000	2.057
3646.000	2.056
3647.000	2.055
3648.000	2.054
3649.000	2.052
3650.000	2.051
3651.000	2.050
3652.000	2.049
3653.000	2.047
3654.000	2.046
3655.000	2.045
3656.000	2.043
3657.000	2.042
3658.000	2.041
3659.000	2.040
3660.000	2.038
3661.000	2.037
3662.000	2.036
3663.000	2.035
3664.000	2.033
3665.000	2.032
3666.000	2.031
3667.000	2.030
3668.000	2.028
3669.000	2.027
3670.000	2.026
3671.000	2.025
3672.000	2.023
3673.000	2.022
3674.000	2.021
3675.000	2.019
3676.000	2.018
3677.000	2.017
3678.000	2.016
3679.000	2.014
3680.000	2.013
3681.000	2.012
3682.000	2.011
3683.000	2.009
3684.000	2.008
3685.000	2.007
3686.000	2.006
3687.000	2.004
3688.000	2.003
3689.000	2.002
3690.000	2.001
3691.000	1.999
3692.000	1.998
3693.000	1.997
3694.000	1.995
3695.000	1.994
3696.000	1.993
3697.000	1.992
3698.000	1.990
3699.000	1.989
3700.000	1.988
3701.000	1.987
3702.000	1.985
3703.000	1.984
3704.000	1.983
3705.000	1.982
3706.000	1.980
3707.000	1.979
3708.000	1.978
3709.000	1.976
3710.000	1.975
3711.000	1.974
3712.000	1.973
3713.000	1.971
3714.000	1.970
3715.000	1.969
3716.000	1.968
3717.000	1.966
3718.000	1.965
3719.000	1.964
3720.000	1.962
3721.000	1.961
3722.000	1.960
3723.000	1.958
3724.000	1.957
3725.000	1.956
3726.000	1.955
3727.000	1.953
3728.000	1.952
3729.000	1.951
3730.000	1.949
3731.000	1.948
3732.000	1.947
3733.000	1.946
3734.000	1.944
3735.000	1.943
3736.000	1.942
3737.000	1.940
3738.000	1.939
3739.000	1.938
3740.000	1.936
3741.000	1.935
3742.000	1.934
3743.000	1.932
3744.000	1.931
3745.000	1.930
3746.000	1.929
3747.000	1.927
3748.000	1.926
3749.000	1.925
3750.000	1.924
3751.000	1.922
3752.000	1.921
3753.000	1.920
3754.000	1.919
3755.000	1.917
3756.000	1.916
3757.000	1.915
3758.000	1.913
3759.000	1.912
3760.000	1.911
3761.000	1.910
3762.000	1.908
3763.000	1.907
3764.000	1.906
3765.000	1.905
3766.000	1.903
3767.000	1.902
3768.000	1.901
3769.000	1.900
3770.000	1.898
3771.000	1.897
3772.000	1.896
3773.000	1.895
3774.000	1.893
3775.000	1.892
3776.000	1.891
3777.000	1.889
3778.000	1.888
3779.000	1.887
3780.000	1.886
3781.000	1.884
3782.000	1.883
3783.000	1.882
3784.000	1.881
3785.000	1.879
3786.000	1.878
3787.000	1.877
3788.000	1.876
3789.000	1.874
3790.000	1.873
3791.000	1.872
3792.000	1.871
3793.000	1.869
3794.000	1.868
3795.000	1.867
3796.000	1.866
3797.000	1.864
3798.000	1.863
3799.000	1.862
3800.000	1.860
3801.000	1.859
3802.000	1.858
3803.000	1.857
3804.000	1.855
3805.000	1.854
3806.000	1.853
3807.000	1.852
3808.000	1.850
3809.000	1.849
3810.000	1.848
3811.000	1.847
3812.000	1.845
3813.000	1.844
3814.000	1.843
3815.000	1.842
3816.000	1.840
3817.000	1.839
3818.000	1.838
3819.000	1.836
3820.000	1.835
3821.000	1.834
3822.000	1.833
3823.000	1.831
3824.000	1.830
3825.000	1.829
3826.000	1.828
3827.000	1.826
3828.000	1.825
3829.000	1.824
3830.000	1.823
3831.000	1.821
3832.000	1.820
3833.000	1.819
3834.000	1.818
3835.000	1.816
3836.000	1.815
3837.000	1.814
3838.000	1.812
3839.000	1.811
3840.000	1.810
3841.000	1.809
3842.000	1.807
3843.000	1.806
3844.000	1.805
3845.000	1.804
3846.000	1.802
3847.000	1.801
3848.000	1.800
3849.000	1.799
3850.000	1.797
3851.000	1.796
3852.000	1.795
3853.000	1.794
3854.000	1.792
3855.000	1.791
3856.000	1.790
3857.000	1.789
3858.000	1.787
3859.000	1.786
3860.000	1.785
3861.000	1.783
3862.000	1.782
3863.000	1.781
3864.000	1.780
3865.000	1.778
3866.000	1.777
3867.000	1.776
3868.000	1.775
3869.000	1.773
3870.000	1.772
3871.000	1.771
3872.000	1.770
3873.000	1.768
3874.000	1.767
3875.000	1.766
3876.000	1.765
3877.000	1.763
3878.000	1.762
3879.000	1.761
3880.000	1.759
3881.000	1.758
3882.000	1.757
3883.000	1.756
3884.000	1.754
3885.000	1.753
3886.000	1.752
3887.000	1.751
3888.000	1.749
3889.000	1.748
3890.000	1.747
3891.000	1.746
3892.000	1.744
3893.000	1.743
3894.000	1.742
3895.000	1.741
3896.000	1.739
3897.000	1.738
3898.000	1.737
3899.000	1.735
3900.000	1.734
3901.000	1.733
3902.000	1.732
3903.000	1.730
3904.000	1.729
3905.000	1.728
3906.000	1.727
3907.000	1.725
3908.000	1.724
3909.000	1.723
3910.000	1.722
3911.000	1.720
3912.000	1.719
3913.000	1.718
3914.000	1.717
3915.000	1.715
3916.000	1.714
3917.000	1.713
3918.000	1.711
3919.000	1.710
3920.000	1.709
3921.000	1.708
3922.000	1.706
3923.000	1.705
3924.000	1.704
3925.000	1.703
3926.000	1.701
3927.000	1.700
3928.000	1.699
3929.000	1.698
3930.000	1.696
3931.000	1.695
3932.000	1.694
3933.000	1.693
3934.000	1.691
3935.000	1.690
3936.000	1.689
3937.000	1.688
3938.000	1.686
3939.000	1.685
3940.000	1.684
3941.000	1.682
3942.000	1.681
3943.000	1.680
3944.000	1.679
3945.000	1.677
3946.000	1.676
3947.000	1.675
3948.000	1.674
3949.000	1.672
3950.000	1.671
3951.000	1.670
3952.000	1.669
3953.000	1.667
3954.000	1.666
3955.000	1.665
3956.000	1.664
3957.000	1.662
3958.000	1.661
3959.000	1.660
3960.000	1.658
3961.000	1.657
3962.000	1.656
3963.000	1.655
3964.000	1.653
3965.000	1.652
3966.000	1.651
3967.000	1.650
3968.000	1.648
3969.000	1.647
3970.000	1.646
3971.000	1.645
3972.000	1.643
3973.000	1.642
3974.000	1.641
3975.000	1.640
3976.000	1.638
3977.000	1.637
3978.000	1.636
3979.000	1.634
3980.000	1.633
3981.000	1.632
3982.000	1.631
3983.000	1.629
3984.000	1.628
3985.000	1.627
3986.000	1.626
3987.000	1.624
3988.000	1.623
3989.000	1.622
3990.000	1.621
3991.000	1.619
3992.000	1.618
3993.000	1.617
3994.000	1.616
3995.000	1.614
3996.000	1.613
3997.000	1.612
3998.000	1.610
3999.000	1.609
4000.000	1.608
4001.000	1.607
4002.000	1.605
4003.000	1.604
4004.000	1.603
4005.000	1.602
4006.000	1.600
4007.000	1.599
4008.000	1.598
4009.000	1.597
4010.000	1.595
4011.000	1.594
4012.000	1.593
4013.000	1.592
4014.000	1.590
4015.000	1.589
4016.000	1.588
4017.000	1.587
4018.000	1.585
4019.000	1.584
4020.000	1.583
4021.000	1.581
4022.000	1.580
4023.000	1.579
4024.000	1.578
4025.000	1.576
4026.000	1.575
4027.000	1.574
4028.000	1.573
4029.000	1.571
4030.000	1.570
4031.000	1.569
4032.000	1.568
4033.000	1.566
4034.000	1.565
4035.000	1.564
4036.000	1.563
4037.000	1.561
4038.000	1.560
4039.000	1.559
4040.000	1.557
4041.000	1.556
4042.000	1.555
4043.000	1.554
4044.000	1.552
4045.000	1.551
4046.000	1.542
4047.000	1.541
4048.000	1.540
4049.000	1.538
4050.000	1.537
4051.000	1.536
4052.000	1.535
4053.000	1.533
4054.000	1.532
4055.000	1.531
4056.000	1.530
4057.000	1.528
4058.000	1.527
4059.000	1.526
4060.000	1.525
4061.000	1.523
4062.000	1.509
4063.000	1.508
4064.000	1.507
4065.000	1.505
4066.000	1.504
4067.000	1.503
4068.000	1.502
4069.000	1.500
4070.000	1.499
4071.000	1.498
4072.000	1.497
4073.000	1.495
4074.000	1.494
4075.000	1.493
4076.000	1.492
4077.000	1.490
4078.000	1.489
4079.000	1.488
4080.000	1.486
4081.000	1.485
4082.000	1.472
4083.000	1.471
4084.000	1.470
4085.000	1.468
4086.000	1.457
4087.000	1.456
4088.000	1.455
4089.000	1.453
4090.000	1.452
4091.000	1.451
4092.000	1.450
4093.000	1.448
4094.000	1.428
4095.000	0.000
