0.000	21.991
1.000	21.991
2.000	21.991
3.000	21.991
4.000	21.991
5.000	21.991
6.000	21.991
7.000	21.991
8.000	21.991
9.000	21.991
10.000	21.991
11.000	21.991
12.000	21.991
13.000	21.991
14.000	21.991
15.000	21.991
16.000	21.991
17.000	21.896
18.000	21.429
19.000	21.334
20.000	21.238
21.000	21.146
22.000	21.054
23.000	20.961
24.000	20.869
25.000	20.776
26.000	20.687
27.000	20.597
28.000	20.507
29.000	20.507
30.000	20.417
31.000	20.328
32.000	20.240
33.000	20.153
34.000	20.066
35.000	19.979
36.000	19.891
37.000	19.819
38.000	19.819
39.000	19.819
40.000	19.819
41.000	19.819
42.000	19.819
43.000	19.819
44.000	19.819
45.000	19.819
46.000	19.819
47.000	19.819
48.000	19.819
49.000	19.819
50.000	19.819
51.000	19.819
52.000	19.819
53.000	19.819
54.000	19.819
55.000	19.819
56.000	19.819
57.000	19.819
58.000	19.819
59.000	19.819
60.000	19.819
61.000	19.819
62.000	19.819
63.000	19.819
64.000	19.819
65.000	19.819
66.000	19.819
67.000	19.819
68.000	19.819
69.000	19.819
70.000	19.819
71.000	19.819
72.000	19.819
73.000	19.819
74.000	19.819
75.000	19.819
76.000	19.819
77.000	19.819
78.000	19.819
79.000	19.819
80.000	19.819
81.000	19.819
82.000	19.819
83.000	19.819
84.000	19.819
85.000	19.819
86.000	19.819
87.000	19.819
88.000	19.819
89.000	19.819
90.000	19.819
91.000	19.819
92.000	19.819
93.000	19.819
94.000	19.819
95.000	19.819
96.000	19.819
97.000	19.819
98.000	19.819
99.000	19.819
100.000	19.819
101.000	19.819
102.000	19.819
103.000	19.819
104.000	19.819
105.000	19.819
106.000	19.819
107.000	19.819
108.000	19.819
109.000	19.819
110.000	19.819
111.000	19.819
112.000	19.819
113.000	19.819
114.000	19.819
115.000	19.819
116.000	19.819
117.000	19.819
118.000	19.819
119.000	19.819
120.000	19.819
121.000	19.819
122.000	19.819
123.000	19.819
124.000	19.819
125.000	19.819
126.000	19.819
127.000	19.819
128.000	19.819
129.000	19.819
130.000	19.819
131.000	19.819
132.000	19.819
133.000	19.819
134.000	19.819
135.000	19.819
136.000	19.819
137.000	19.819
138.000	19.819
139.000	19.819
140.000	19.819
141.000	19.819
142.000	19.819
143.000	19.819
144.000	19.819
145.000	19.819
146.000	19.819
147.000	19.819
148.000	19.819
149.000	19.819
150.000	19.819
151.000	19.819
152.000	19.819
153.000	19.819
154.000	19.819
155.000	19.819
156.000	19.819
157.000	19.819
158.000	19.819
159.000	19.819
160.000	19.819
161.000	19.819
162.000	19.819
163.000	19.819
164.000	19.819
165.000	19.819
166.000	19.819
167.000	19.819
168.000	19.819
169.000	19.819
170.000	19.819
171.000	19.819
172.000	19.819
173.000	19.819
174.000	19.819
175.000	19.819
176.000	19.819
177.000	19.819
178.000	19.819
179.000	19.819
180.000	19.819
181.000	19.819
182.000	19.819
183.000	19.819
184.000	19.819
185.000	19.819
186.000	19.819
187.000	19.819
188.000	19.770
189.000	19.721
190.000	19.672
191.000	19.623
192.000	19.574
193.000	19.525
194.000	19.477
195.000	19.428
196.000	19.428
197.000	19.380
198.000	19.332
199.000	19.283
200.000	19.235
201.000	19.188
202.000	19.140
203.000	19.092
204.000	19.045
205.000	18.998
206.000	18.951
207.000	18.951
208.000	18.903
209.000	18.856
210.000	18.809
211.000	18.763
212.000	18.717
213.000	18.670
214.000	18.624
215.000	18.577
216.000	18.532
217.000	18.486
218.000	18.486
219.000	18.440
220.000	18.394
221.000	18.348
222.000	18.303
223.000	18.258
224.000	18.213
225.000	18.168
226.000	18.122
227.000	18.078
228.000	18.033
229.000	18.033
230.000	17.988
231.000	17.944
232.000	17.899
233.000	17.855
234.000	17.811
235.000	17.767
236.000	17.723
237.000	17.679
238.000	17.635
239.000	17.592
240.000	17.549
241.000	17.548
242.000	17.504
243.000	17.461
244.000	17.418
245.000	17.375
246.000	17.332
247.000	17.289
248.000	17.246
249.000	17.204
250.000	17.162
251.000	17.119
252.000	17.119
253.000	17.076
254.000	17.034
255.000	16.992
256.000	16.950
257.000	16.908
258.000	16.908
259.000	16.907
260.000	16.907
261.000	16.906
262.000	16.906
263.000	16.905
264.000	16.904
265.000	16.904
266.000	16.903
267.000	16.903
268.000	16.902
269.000	16.902
270.000	16.898
271.000	16.892
272.000	16.853
273.000	16.814
274.000	16.813
275.000	16.774
276.000	16.736
277.000	16.697
278.000	16.658
279.000	16.620
280.000	16.582
281.000	16.543
282.000	16.505
283.000	16.467
284.000	16.429
285.000	16.428
286.000	16.390
287.000	16.352
288.000	16.315
289.000	16.277
290.000	16.240
291.000	16.202
292.000	16.165
293.000	16.127
294.000	16.090
295.000	16.053
296.000	16.053
297.000	16.015
298.000	15.978
299.000	15.941
300.000	15.905
301.000	15.868
302.000	15.832
303.000	15.795
304.000	15.758
305.000	15.722
306.000	15.686
307.000	15.650
308.000	15.387
309.000	15.350
310.000	15.314
311.000	15.278
312.000	15.243
313.000	15.207
314.000	15.171
315.000	15.135
316.000	15.100
317.000	15.065
318.000	15.029
319.000	15.029
320.000	14.993
321.000	14.958
322.000	14.923
323.000	14.888
324.000	14.853
325.000	14.818
326.000	14.783
327.000	14.749
328.000	14.714
329.000	14.680
330.000	14.679
331.000	14.644
332.000	14.610
333.000	14.576
334.000	14.541
335.000	14.507
336.000	14.473
337.000	14.439
338.000	14.405
339.000	14.371
340.000	14.337
341.000	14.337
342.000	14.303
343.000	14.269
344.000	14.235
345.000	14.202
346.000	14.168
347.000	14.135
348.000	14.102
349.000	14.068
350.000	14.035
351.000	14.002
352.000	14.001
353.000	13.968
354.000	13.935
355.000	13.902
356.000	13.872
357.000	13.844
358.000	13.843
359.000	13.843
360.000	13.842
361.000	13.842
362.000	13.841
363.000	13.841
364.000	13.840
365.000	13.839
366.000	13.839
367.000	13.838
368.000	13.838
369.000	13.837
370.000	13.837
371.000	13.836
372.000	13.836
373.000	13.835
374.000	13.834
375.000	13.834
376.000	13.833
377.000	13.833
378.000	13.832
379.000	13.832
380.000	13.830
381.000	13.829
382.000	13.828
383.000	13.795
384.000	13.763
385.000	13.731
386.000	13.730
387.000	13.698
388.000	13.666
389.000	13.634
390.000	13.602
391.000	13.570
392.000	13.538
393.000	13.507
394.000	13.475
395.000	13.443
396.000	13.412
397.000	13.411
398.000	13.380
399.000	13.348
400.000	13.317
401.000	13.286
402.000	13.255
403.000	13.223
404.000	13.192
405.000	13.161
406.000	13.130
407.000	13.099
408.000	13.099
409.000	13.068
410.000	13.037
411.000	13.007
412.000	12.976
413.000	12.945
414.000	12.915
415.000	12.884
416.000	12.854
417.000	12.824
418.000	12.793
419.000	12.793
420.000	12.763
421.000	12.732
422.000	12.702
423.000	12.672
424.000	12.642
425.000	12.612
426.000	12.582
427.000	12.553
428.000	12.523
429.000	12.493
430.000	12.493
431.000	12.464
432.000	12.434
433.000	12.404
434.000	12.375
435.000	12.346
436.000	12.316
437.000	12.287
438.000	12.258
439.000	12.229
440.000	12.200
441.000	12.200
442.000	12.171
443.000	12.142
444.000	12.113
445.000	12.084
446.000	12.055
447.000	12.026
448.000	11.998
449.000	11.969
450.000	11.941
451.000	11.912
452.000	11.884
453.000	11.884
454.000	11.855
455.000	11.827
456.000	11.799
457.000	11.770
458.000	11.742
459.000	11.714
460.000	11.686
461.000	11.658
462.000	11.630
463.000	11.602
464.000	11.602
465.000	11.574
466.000	11.546
467.000	11.519
468.000	11.491
469.000	11.463
470.000	11.436
471.000	11.408
472.000	11.381
473.000	11.353
474.000	11.326
475.000	11.326
476.000	11.299
477.000	11.271
478.000	11.244
479.000	11.217
480.000	11.190
481.000	11.163
482.000	11.136
483.000	11.109
484.000	11.082
485.000	11.055
486.000	11.055
487.000	11.028
488.000	11.002
489.000	10.976
490.000	10.950
491.000	10.925
492.000	10.925
493.000	10.925
494.000	10.925
495.000	10.925
496.000	10.925
497.000	10.925
498.000	10.925
499.000	10.925
500.000	10.925
501.000	10.925
502.000	10.925
503.000	10.925
504.000	10.925
505.000	10.925
506.000	10.925
507.000	10.925
508.000	10.925
509.000	10.925
510.000	10.925
511.000	10.925
512.000	10.925
513.000	10.925
514.000	10.925
515.000	10.925
516.000	10.925
517.000	10.925
518.000	10.925
519.000	10.925
520.000	10.925
521.000	10.925
522.000	10.925
523.000	10.925
524.000	10.925
525.000	10.925
526.000	10.925
527.000	10.925
528.000	10.925
529.000	10.925
530.000	10.925
531.000	10.925
532.000	10.925
533.000	10.925
534.000	10.925
535.000	10.925
536.000	10.925
537.000	10.925
538.000	10.925
539.000	10.925
540.000	10.925
541.000	10.925
542.000	10.925
543.000	10.925
544.000	10.925
545.000	10.925
546.000	10.925
547.000	10.925
548.000	10.925
549.000	10.925
550.000	10.925
551.000	10.925
552.000	10.925
553.000	10.925
554.000	10.925
555.000	10.925
556.000	10.925
557.000	10.925
558.000	10.925
559.000	10.925
560.000	10.925
561.000	10.925
562.000	10.925
563.000	10.925
564.000	10.925
565.000	10.925
566.000	10.925
567.000	10.925
568.000	10.925
569.000	10.925
570.000	10.925
571.000	10.925
572.000	10.925
573.000	10.925
574.000	10.925
575.000	10.925
576.000	10.925
577.000	10.925
578.000	10.925
579.000	10.925
580.000	10.925
581.000	10.925
582.000	10.925
583.000	10.925
584.000	10.923
585.000	10.900
586.000	10.900
587.000	10.876
588.000	10.853
589.000	10.830
590.000	10.807
591.000	10.784
592.000	10.761
593.000	10.737
594.000	10.714
595.000	10.691
596.000	10.668
597.000	10.646
598.000	10.646
599.000	10.623
600.000	10.600
601.000	10.577
602.000	10.554
603.000	10.531
604.000	10.509
605.000	10.486
606.000	10.463
607.000	10.441
608.000	10.418
609.000	10.418
610.000	10.395
611.000	10.373
612.000	10.350
613.000	10.328
614.000	10.306
615.000	10.283
616.000	10.261
617.000	10.238
618.000	10.216
619.000	10.194
620.000	10.194
621.000	10.172
622.000	10.149
623.000	10.127
624.000	10.105
625.000	10.083
626.000	10.061
627.000	10.039
628.000	10.016
629.000	9.995
630.000	9.973
631.000	9.973
632.000	9.951
633.000	9.929
634.000	9.907
635.000	9.885
636.000	9.863
637.000	9.841
638.000	9.819
639.000	9.798
640.000	9.776
641.000	9.754
642.000	9.754
643.000	9.733
644.000	9.711
645.000	9.689
646.000	9.668
647.000	9.646
648.000	9.625
649.000	9.603
650.000	9.582
651.000	9.560
652.000	9.539
653.000	9.539
654.000	9.518
655.000	9.496
656.000	9.475
657.000	9.454
658.000	9.432
659.000	9.411
660.000	9.390
661.000	9.369
662.000	9.348
663.000	9.326
664.000	9.305
665.000	9.305
666.000	9.284
667.000	9.263
668.000	9.242
669.000	9.221
670.000	9.200
671.000	9.179
672.000	9.159
673.000	9.138
674.000	9.117
675.000	9.096
676.000	9.096
677.000	9.075
678.000	9.054
679.000	9.034
680.000	9.013
681.000	8.992
682.000	8.972
683.000	8.951
684.000	8.931
685.000	8.910
686.000	8.890
687.000	8.890
688.000	8.869
689.000	8.848
690.000	8.828
691.000	8.808
692.000	8.787
693.000	8.767
694.000	8.746
695.000	8.726
696.000	8.706
697.000	8.686
698.000	8.686
699.000	8.665
700.000	8.645
701.000	8.625
702.000	8.605
703.000	8.585
704.000	8.564
705.000	8.544
706.000	8.524
707.000	8.504
708.000	8.484
709.000	8.484
710.000	8.464
711.000	8.444
712.000	8.424
713.000	8.404
714.000	8.384
715.000	8.364
716.000	8.345
717.000	8.325
718.000	8.305
719.000	8.285
720.000	8.285
721.000	8.265
722.000	8.246
723.000	8.226
724.000	8.206
725.000	8.187
726.000	8.167
727.000	8.147
728.000	8.128
729.000	8.108
730.000	8.089
731.000	8.089
732.000	8.071
733.000	8.060
734.000	8.060
735.000	8.060
736.000	8.060
737.000	8.060
738.000	8.060
739.000	8.060
740.000	8.060
741.000	8.060
742.000	8.060
743.000	8.060
744.000	8.060
745.000	8.060
746.000	8.060
747.000	8.060
748.000	8.060
749.000	8.060
750.000	8.060
751.000	8.060
752.000	8.060
753.000	8.060
754.000	8.060
755.000	8.060
756.000	8.060
757.000	8.060
758.000	8.060
759.000	8.060
760.000	8.060
761.000	8.060
762.000	8.060
763.000	8.060
764.000	8.060
765.000	8.060
766.000	8.060
767.000	8.060
768.000	8.060
769.000	8.060
770.000	8.060
771.000	8.060
772.000	8.060
773.000	8.060
774.000	8.060
775.000	8.060
776.000	8.060
777.000	8.060
778.000	8.060
779.000	8.060
780.000	8.060
781.000	8.060
782.000	8.060
783.000	8.060
784.000	8.060
785.000	8.060
786.000	8.060
787.000	8.060
788.000	8.060
789.000	8.060
790.000	8.060
791.000	8.060
792.000	8.060
793.000	8.060
794.000	8.060
795.000	8.060
796.000	8.060
797.000	8.060
798.000	8.060
799.000	8.060
800.000	8.060
801.000	8.060
802.000	8.060
803.000	8.060
804.000	8.060
805.000	8.060
806.000	8.060
807.000	8.060
808.000	8.060
809.000	8.060
810.000	8.060
811.000	8.060
812.000	8.060
813.000	8.060
814.000	8.060
815.000	8.060
816.000	8.060
817.000	8.060
818.000	8.060
819.000	8.060
820.000	8.060
821.000	8.060
822.000	8.060
823.000	8.060
824.000	8.060
825.000	8.060
826.000	8.060
827.000	8.060
828.000	8.060
829.000	8.060
830.000	8.060
831.000	8.060
832.000	8.060
833.000	8.060
834.000	8.060
835.000	8.060
836.000	8.060
837.000	8.060
838.000	8.060
839.000	8.060
840.000	8.060
841.000	8.060
842.000	8.060
843.000	8.060
844.000	8.060
845.000	8.060
846.000	8.060
847.000	8.060
848.000	8.060
849.000	8.060
850.000	8.060
851.000	8.060
852.000	8.060
853.000	8.060
854.000	8.060
855.000	8.060
856.000	8.060
857.000	8.060
858.000	8.060
859.000	8.060
860.000	8.060
861.000	8.060
862.000	8.060
863.000	8.060
864.000	8.060
865.000	8.060
866.000	8.060
867.000	8.060
868.000	8.060
869.000	8.060
870.000	8.060
871.000	8.060
872.000	8.060
873.000	8.060
874.000	8.060
875.000	8.060
876.000	8.060
877.000	8.060
878.000	8.060
879.000	8.060
880.000	8.060
881.000	8.060
882.000	8.060
883.000	8.060
884.000	8.060
885.000	8.060
886.000	8.060
887.000	8.060
888.000	8.060
889.000	8.060
890.000	8.060
891.000	8.060
892.000	8.060
893.000	8.060
894.000	8.060
895.000	8.060
896.000	8.060
897.000	8.060
898.000	8.060
899.000	8.060
900.000	8.060
901.000	8.060
902.000	8.060
903.000	8.060
904.000	8.060
905.000	8.060
906.000	8.060
907.000	8.060
908.000	8.060
909.000	8.060
910.000	8.060
911.000	8.060
912.000	8.060
913.000	8.060
914.000	8.060
915.000	8.060
916.000	8.060
917.000	8.060
918.000	8.060
919.000	8.060
920.000	8.060
921.000	8.060
922.000	8.060
923.000	8.060
924.000	8.060
925.000	8.060
926.000	8.060
927.000	8.060
928.000	8.060
929.000	8.060
930.000	8.060
931.000	8.060
932.000	8.060
933.000	8.060
934.000	8.060
935.000	8.060
936.000	8.060
937.000	8.060
938.000	8.060
939.000	8.060
940.000	8.060
941.000	8.060
942.000	8.060
943.000	8.060
944.000	8.060
945.000	8.060
946.000	8.060
947.000	8.060
948.000	8.060
949.000	8.060
950.000	8.060
951.000	8.060
952.000	8.060
953.000	8.060
954.000	8.060
955.000	8.060
956.000	8.060
957.000	8.060
958.000	8.060
959.000	8.060
960.000	8.060
961.000	8.060
962.000	8.060
963.000	8.060
964.000	8.060
965.000	8.060
966.000	8.060
967.000	8.060
968.000	8.060
969.000	8.060
970.000	8.060
971.000	8.060
972.000	8.060
973.000	8.060
974.000	8.060
975.000	8.060
976.000	8.060
977.000	8.060
978.000	8.060
979.000	8.060
980.000	8.060
981.000	8.060
982.000	8.060
983.000	8.060
984.000	8.060
985.000	8.060
986.000	8.060
987.000	8.060
988.000	8.060
989.000	8.060
990.000	8.060
991.000	8.060
992.000	8.060
993.000	8.060
994.000	8.060
995.000	8.060
996.000	8.060
997.000	8.060
998.000	8.060
999.000	8.060
1000.000	8.060
1001.000	8.060
1002.000	8.060
1003.000	8.060
1004.000	8.060
1005.000	8.060
1006.000	8.060
1007.000	8.060
1008.000	8.060
1009.000	8.060
1010.000	8.060
1011.000	8.060
1012.000	8.060
1013.000	8.060
1014.000	8.060
1015.000	8.060
1016.000	8.060
1017.000	8.060
1018.000	8.060
1019.000	8.060
1020.000	8.060
1021.000	8.060
1022.000	8.060
1023.000	8.060
1024.000	8.060
1025.000	8.060
1026.000	8.060
1027.000	8.060
1028.000	8.060
1029.000	8.060
1030.000	8.060
1031.000	8.060
1032.000	8.060
1033.000	8.060
1034.000	8.060
1035.000	8.060
1036.000	8.060
1037.000	8.060
1038.000	8.060
1039.000	8.060
1040.000	8.060
1041.000	8.060
1042.000	8.060
1043.000	8.060
1044.000	8.060
1045.000	8.060
1046.000	8.060
1047.000	8.060
1048.000	8.060
1049.000	8.060
1050.000	8.060
1051.000	8.060
1052.000	8.060
1053.000	8.060
1054.000	8.060
1055.000	8.060
1056.000	8.060
1057.000	8.060
1058.000	8.060
1059.000	8.060
1060.000	8.060
1061.000	8.060
1062.000	8.060
1063.000	8.060
1064.000	8.060
1065.000	8.060
1066.000	8.060
1067.000	8.060
1068.000	8.060
1069.000	8.060
1070.000	8.060
1071.000	8.060
1072.000	8.060
1073.000	8.060
1074.000	8.060
1075.000	8.060
1076.000	8.060
1077.000	8.060
1078.000	8.060
1079.000	8.060
1080.000	8.060
1081.000	8.060
1082.000	8.060
1083.000	8.060
1084.000	8.060
1085.000	8.060
1086.000	8.060
1087.000	8.060
1088.000	8.060
1089.000	8.060
1090.000	8.060
1091.000	8.060
1092.000	8.060
1093.000	8.060
1094.000	8.060
1095.000	8.060
1096.000	8.060
1097.000	8.060
1098.000	8.060
1099.000	8.060
1100.000	8.060
1101.000	8.060
1102.000	8.060
1103.000	8.060
1104.000	8.060
1105.000	8.060
1106.000	8.060
1107.000	8.060
1108.000	8.060
1109.000	8.060
1110.000	8.060
1111.000	8.060
1112.000	8.060
1113.000	8.060
1114.000	8.060
1115.000	8.060
1116.000	8.060
1117.000	8.060
1118.000	8.060
1119.000	8.060
1120.000	8.060
1121.000	8.060
1122.000	8.060
1123.000	8.060
1124.000	8.060
1125.000	8.060
1126.000	8.060
1127.000	8.060
1128.000	8.060
1129.000	8.060
1130.000	8.060
1131.000	8.060
1132.000	8.060
1133.000	8.060
1134.000	8.060
1135.000	8.060
1136.000	8.060
1137.000	8.060
1138.000	8.060
1139.000	8.060
1140.000	8.060
1141.000	8.060
1142.000	8.060
1143.000	8.060
1144.000	8.060
1145.000	8.060
1146.000	8.060
1147.000	8.060
1148.000	8.060
1149.000	8.060
1150.000	8.060
1151.000	8.060
1152.000	8.060
1153.000	8.060
1154.000	8.060
1155.000	8.060
1156.000	8.060
1157.000	8.060
1158.000	8.060
1159.000	8.060
1160.000	8.060
1161.000	8.060
1162.000	8.060
1163.000	8.060
1164.000	8.060
1165.000	8.060
1166.000	8.060
1167.000	8.060
1168.000	8.060
1169.000	8.060
1170.000	8.060
1171.000	8.060
1172.000	8.060
1173.000	8.060
1174.000	8.060
1175.000	8.060
1176.000	8.060
1177.000	8.060
1178.000	8.060
1179.000	8.060
1180.000	8.060
1181.000	8.060
1182.000	8.060
1183.000	8.060
1184.000	8.060
1185.000	8.060
1186.000	8.060
1187.000	8.060
1188.000	8.060
1189.000	8.060
1190.000	8.060
1191.000	8.060
1192.000	8.060
1193.000	8.060
1194.000	8.060
1195.000	8.060
1196.000	8.060
1197.000	8.060
1198.000	8.060
1199.000	8.060
1200.000	8.060
1201.000	8.060
1202.000	8.060
1203.000	8.060
1204.000	8.060
1205.000	8.060
1206.000	8.060
1207.000	8.060
1208.000	8.060
1209.000	8.060
1210.000	8.060
1211.000	8.060
1212.000	8.060
1213.000	8.060
1214.000	8.060
1215.000	8.060
1216.000	8.060
1217.000	8.060
1218.000	8.060
1219.000	8.060
1220.000	8.060
1221.000	8.060
1222.000	8.060
1223.000	8.060
1224.000	8.060
1225.000	8.060
1226.000	8.060
1227.000	8.060
1228.000	8.060
1229.000	8.060
1230.000	8.060
1231.000	8.060
1232.000	8.060
1233.000	8.060
1234.000	8.060
1235.000	8.060
1236.000	8.060
1237.000	8.060
1238.000	8.060
1239.000	8.060
1240.000	8.060
1241.000	8.060
1242.000	8.060
1243.000	8.060
1244.000	8.060
1245.000	8.060
1246.000	8.060
1247.000	8.060
1248.000	8.060
1249.000	8.060
1250.000	8.060
1251.000	8.060
1252.000	8.060
1253.000	8.060
1254.000	8.060
1255.000	8.060
1256.000	8.060
1257.000	8.060
1258.000	8.060
1259.000	8.060
1260.000	8.060
1261.000	8.060
1262.000	8.060
1263.000	8.060
1264.000	8.060
1265.000	8.060
1266.000	8.060
1267.000	8.060
1268.000	8.060
1269.000	8.060
1270.000	8.060
1271.000	8.060
1272.000	8.060
1273.000	8.060
1274.000	8.060
1275.000	8.060
1276.000	8.060
1277.000	8.060
1278.000	8.060
1279.000	8.060
1280.000	8.060
1281.000	8.060
1282.000	8.060
1283.000	8.060
1284.000	8.060
1285.000	8.060
1286.000	8.060
1287.000	8.060
1288.000	8.060
1289.000	8.060
1290.000	8.060
1291.000	8.060
1292.000	8.060
1293.000	8.060
1294.000	8.060
1295.000	8.060
1296.000	8.060
1297.000	8.060
1298.000	8.060
1299.000	8.060
1300.000	8.060
1301.000	8.060
1302.000	8.060
1303.000	8.060
1304.000	8.060
1305.000	8.060
1306.000	8.060
1307.000	8.060
1308.000	8.060
1309.000	8.060
1310.000	8.060
1311.000	8.060
1312.000	8.060
1313.000	8.060
1314.000	8.060
1315.000	8.060
1316.000	8.060
1317.000	8.060
1318.000	8.060
1319.000	8.060
1320.000	8.060
1321.000	8.060
1322.000	8.060
1323.000	8.060
1324.000	8.060
1325.000	8.060
1326.000	8.060
1327.000	8.060
1328.000	8.060
1329.000	8.060
1330.000	8.060
1331.000	8.060
1332.000	8.060
1333.000	8.060
1334.000	8.060
1335.000	8.060
1336.000	8.060
1337.000	8.060
1338.000	8.060
1339.000	8.060
1340.000	8.060
1341.000	8.060
1342.000	8.060
1343.000	8.060
1344.000	8.060
1345.000	8.060
1346.000	8.060
1347.000	8.060
1348.000	8.060
1349.000	8.060
1350.000	8.060
1351.000	8.060
1352.000	8.060
1353.000	8.060
1354.000	8.060
1355.000	8.060
1356.000	8.060
1357.000	8.060
1358.000	8.060
1359.000	8.060
1360.000	8.060
1361.000	8.060
1362.000	8.060
1363.000	8.060
1364.000	8.060
1365.000	8.060
1366.000	8.060
1367.000	8.060
1368.000	8.060
1369.000	8.060
1370.000	8.060
1371.000	8.060
1372.000	8.060
1373.000	8.060
1374.000	8.060
1375.000	8.060
1376.000	8.060
1377.000	8.060
1378.000	8.060
1379.000	8.060
1380.000	8.060
1381.000	8.060
1382.000	8.060
1383.000	8.060
1384.000	8.060
1385.000	8.060
1386.000	8.060
1387.000	8.060
1388.000	8.048
1389.000	8.037
1390.000	8.037
1391.000	8.026
1392.000	8.015
1393.000	8.003
1394.000	7.992
1395.000	7.981
1396.000	7.970
1397.000	7.958
1398.000	7.947
1399.000	7.936
1400.000	7.925
1401.000	7.925
1402.000	7.913
1403.000	7.902
1404.000	7.891
1405.000	7.880
1406.000	7.869
1407.000	7.858
1408.000	7.846
1409.000	7.835
1410.000	7.824
1411.000	7.813
1412.000	7.813
1413.000	7.802
1414.000	7.790
1415.000	7.779
1416.000	7.768
1417.000	7.757
1418.000	7.746
1419.000	7.735
1420.000	7.724
1421.000	7.713
1422.000	7.701
1423.000	7.701
1424.000	7.690
1425.000	7.679
1426.000	7.668
1427.000	7.657
1428.000	7.646
1429.000	7.635
1430.000	7.624
1431.000	7.613
1432.000	7.602
1433.000	7.591
1434.000	7.591
1435.000	7.579
1436.000	7.568
1437.000	7.557
1438.000	7.546
1439.000	7.535
1440.000	7.524
1441.000	7.513
1442.000	7.502
1443.000	7.491
1444.000	7.480
1445.000	7.480
1446.000	7.469
1447.000	7.458
1448.000	7.447
1449.000	7.436
1450.000	7.425
1451.000	7.414
1452.000	7.403
1453.000	7.392
1454.000	7.381
1455.000	7.370
1456.000	7.359
1457.000	7.359
1458.000	7.348
1459.000	7.337
1460.000	7.326
1461.000	7.315
1462.000	7.304
1463.000	7.293
1464.000	7.282
1465.000	7.272
1466.000	7.261
1467.000	7.250
1468.000	7.250
1469.000	7.239
1470.000	7.228
1471.000	7.217
1472.000	7.206
1473.000	7.195
1474.000	7.184
1475.000	7.173
1476.000	7.162
1477.000	7.152
1478.000	7.141
1479.000	7.141
1480.000	7.130
1481.000	7.119
1482.000	7.108
1483.000	7.097
1484.000	7.086
1485.000	7.076
1486.000	7.065
1487.000	7.054
1488.000	7.043
1489.000	7.032
1490.000	7.032
1491.000	7.021
1492.000	7.011
1493.000	7.000
1494.000	6.989
1495.000	6.978
1496.000	6.967
1497.000	6.956
1498.000	6.946
1499.000	6.935
1500.000	6.924
1501.000	6.924
1502.000	6.913
1503.000	6.902
1504.000	6.892
1505.000	6.881
1506.000	6.870
1507.000	6.859
1508.000	6.849
1509.000	6.838
1510.000	6.827
1511.000	6.816
1512.000	6.816
1513.000	6.806
1514.000	6.795
1515.000	6.784
1516.000	6.773
1517.000	6.763
1518.000	6.752
1519.000	6.741
1520.000	6.731
1521.000	6.720
1522.000	6.709
1523.000	6.698
1524.000	6.698
1525.000	6.688
1526.000	6.677
1527.000	6.666
1528.000	6.656
1529.000	6.645
1530.000	6.634
1531.000	6.624
1532.000	6.613
1533.000	6.602
1534.000	6.592
1535.000	6.591
1536.000	6.580
1537.000	6.570
1538.000	6.559
1539.000	6.548
1540.000	6.538
1541.000	6.527
1542.000	6.517
1543.000	6.506
1544.000	6.495
1545.000	6.485
1546.000	6.484
1547.000	6.473
1548.000	6.463
1549.000	6.452
1550.000	6.442
1551.000	6.431
1552.000	6.420
1553.000	6.410
1554.000	6.399
1555.000	6.389
1556.000	6.378
1557.000	6.377
1558.000	6.367
1559.000	6.356
1560.000	6.346
1561.000	6.335
1562.000	6.325
1563.000	6.314
1564.000	6.304
1565.000	6.293
1566.000	6.282
1567.000	6.272
1568.000	6.271
1569.000	6.261
1570.000	6.250
1571.000	6.240
1572.000	6.229
1573.000	6.219
1574.000	6.208
1575.000	6.198
1576.000	6.187
1577.000	6.177
1578.000	6.166
1579.000	6.166
1580.000	6.155
1581.000	6.145
1582.000	6.134
1583.000	6.124
1584.000	6.113
1585.000	6.103
1586.000	6.092
1587.000	6.082
1588.000	6.071
1589.000	6.061
1590.000	6.060
1591.000	6.050
1592.000	6.039
1593.000	6.029
1594.000	6.018
1595.000	6.008
1596.000	5.998
1597.000	5.987
1598.000	5.977
1599.000	5.966
1600.000	5.956
1601.000	5.945
1602.000	5.945
1603.000	5.934
1604.000	5.924
1605.000	5.914
1606.000	5.903
1607.000	5.893
1608.000	5.882
1609.000	5.872
1610.000	5.862
1611.000	5.851
1612.000	5.841
1613.000	5.840
1614.000	5.830
1615.000	5.819
1616.000	5.809
1617.000	5.799
1618.000	5.788
1619.000	5.778
1620.000	5.768
1621.000	5.757
1622.000	5.747
1623.000	5.737
1624.000	5.736
1625.000	5.726
1626.000	5.715
1627.000	5.705
1628.000	5.695
1629.000	5.685
1630.000	5.674
1631.000	5.664
1632.000	5.654
1633.000	5.643
1634.000	5.633
1635.000	5.632
1636.000	5.622
1637.000	5.612
1638.000	5.601
1639.000	5.591
1640.000	5.581
1641.000	5.571
1642.000	5.560
1643.000	5.550
1644.000	5.540
1645.000	5.530
1646.000	5.529
1647.000	5.519
1648.000	5.508
1649.000	5.498
1650.000	5.488
1651.000	5.478
1652.000	5.467
1653.000	5.457
1654.000	5.447
1655.000	5.437
1656.000	5.427
1657.000	5.426
1658.000	5.416
1659.000	5.405
1660.000	5.395
1661.000	5.385
1662.000	5.375
1663.000	5.365
1664.000	5.354
1665.000	5.344
1666.000	5.334
1667.000	5.324
1668.000	5.314
1669.000	5.313
1670.000	5.303
1671.000	5.293
1672.000	5.283
1673.000	5.272
1674.000	5.262
1675.000	5.252
1676.000	5.242
1677.000	5.232
1678.000	5.222
1679.000	5.211
1680.000	5.211
1681.000	5.201
1682.000	5.191
1683.000	5.180
1684.000	5.170
1685.000	5.160
1686.000	5.150
1687.000	5.140
1688.000	5.130
1689.000	5.120
1690.000	5.110
1691.000	5.109
1692.000	5.099
1693.000	5.089
1694.000	5.073
1695.000	5.073
1696.000	5.072
1697.000	5.071
1698.000	5.071
1699.000	5.070
1700.000	5.069
1701.000	5.069
1702.000	5.068
1703.000	5.067
1704.000	5.067
1705.000	5.066
1706.000	5.065
1707.000	5.065
1708.000	5.064
1709.000	5.063
1710.000	5.063
1711.000	5.062
1712.000	5.061
1713.000	5.061
1714.000	5.060
1715.000	5.059
1716.000	5.059
1717.000	5.058
1718.000	5.057
1719.000	5.057
1720.000	5.056
1721.000	5.055
1722.000	5.055
1723.000	5.054
1724.000	5.053
1725.000	5.052
1726.000	5.052
1727.000	5.051
1728.000	5.050
1729.000	5.050
1730.000	5.049
1731.000	5.048
1732.000	5.048
1733.000	5.047
1734.000	5.046
1735.000	5.046
1736.000	5.045
1737.000	5.044
1738.000	5.044
1739.000	5.043
1740.000	5.042
1741.000	5.042
1742.000	5.041
1743.000	5.040
1744.000	5.040
1745.000	5.039
1746.000	5.038
1747.000	5.038
1748.000	5.037
1749.000	5.036
1750.000	5.036
1751.000	5.035
1752.000	5.034
1753.000	5.034
1754.000	5.033
1755.000	5.032
1756.000	5.032
1757.000	5.031
1758.000	5.030
1759.000	5.030
1760.000	5.029
1761.000	5.028
1762.000	5.027
1763.000	5.027
1764.000	5.026
1765.000	5.025
1766.000	5.025
1767.000	5.024
1768.000	5.023
1769.000	5.023
1770.000	5.022
1771.000	5.021
1772.000	5.021
1773.000	5.020
1774.000	5.019
1775.000	5.019
1776.000	5.018
1777.000	5.017
1778.000	5.017
1779.000	5.016
1780.000	5.015
1781.000	5.015
1782.000	5.014
1783.000	5.013
1784.000	5.013
1785.000	5.012
1786.000	5.011
1787.000	5.011
1788.000	5.010
1789.000	5.009
1790.000	5.009
1791.000	5.008
1792.000	5.007
1793.000	5.007
1794.000	5.006
1795.000	5.005
1796.000	5.004
1797.000	5.004
1798.000	5.003
1799.000	5.002
1800.000	5.002
1801.000	5.001
1802.000	5.000
1803.000	5.000
1804.000	4.999
1805.000	4.998
1806.000	4.998
1807.000	4.997
1808.000	4.996
1809.000	4.996
1810.000	4.995
1811.000	4.994
1812.000	4.994
1813.000	4.993
1814.000	4.992
1815.000	4.992
1816.000	4.991
1817.000	4.990
1818.000	4.990
1819.000	4.989
1820.000	4.988
1821.000	4.988
1822.000	4.987
1823.000	4.986
1824.000	4.986
1825.000	4.985
1826.000	4.984
1827.000	4.984
1828.000	4.983
1829.000	4.982
1830.000	4.982
1831.000	4.981
1832.000	4.980
1833.000	4.979
1834.000	4.979
1835.000	4.978
1836.000	4.977
1837.000	4.977
1838.000	4.976
1839.000	4.975
1840.000	4.975
1841.000	4.974
1842.000	4.973
1843.000	4.973
1844.000	4.972
1845.000	4.971
1846.000	4.971
1847.000	4.970
1848.000	4.969
1849.000	4.969
1850.000	4.968
1851.000	4.967
1852.000	4.967
1853.000	4.966
1854.000	4.965
1855.000	4.965
1856.000	4.964
1857.000	4.963
1858.000	4.963
1859.000	4.962
1860.000	4.961
1861.000	4.961
1862.000	4.960
1863.000	4.959
1864.000	4.959
1865.000	4.958
1866.000	4.957
1867.000	4.957
1868.000	4.956
1869.000	4.955
1870.000	4.954
1871.000	4.954
1872.000	4.953
1873.000	4.952
1874.000	4.952
1875.000	4.951
1876.000	4.950
1877.000	4.950
1878.000	4.949
1879.000	4.948
1880.000	4.948
1881.000	4.947
1882.000	4.946
1883.000	4.946
1884.000	4.945
1885.000	4.944
1886.000	4.944
1887.000	4.943
1888.000	4.942
1889.000	4.942
1890.000	4.941
1891.000	4.940
1892.000	4.940
1893.000	4.939
1894.000	4.938
1895.000	4.938
1896.000	4.937
1897.000	4.936
1898.000	4.936
1899.000	4.935
1900.000	4.934
1901.000	4.934
1902.000	4.933
1903.000	4.932
1904.000	4.932
1905.000	4.931
1906.000	4.930
1907.000	4.929
1908.000	4.929
1909.000	4.928
1910.000	4.927
1911.000	4.927
1912.000	4.926
1913.000	4.925
1914.000	4.925
1915.000	4.924
1916.000	4.923
1917.000	4.923
1918.000	4.922
1919.000	4.921
1920.000	4.921
1921.000	4.920
1922.000	4.919
1923.000	4.919
1924.000	4.918
1925.000	4.917
1926.000	4.917
1927.000	4.916
1928.000	4.915
1929.000	4.915
1930.000	4.914
1931.000	4.913
1932.000	4.913
1933.000	4.912
1934.000	4.911
1935.000	4.911
1936.000	4.910
1937.000	4.909
1938.000	4.909
1939.000	4.908
1940.000	4.907
1941.000	4.907
1942.000	4.906
1943.000	4.905
1944.000	4.904
1945.000	4.904
1946.000	4.903
1947.000	4.902
1948.000	4.902
1949.000	4.901
1950.000	4.900
1951.000	4.900
1952.000	4.899
1953.000	4.898
1954.000	4.898
1955.000	4.897
1956.000	4.896
1957.000	4.896
1958.000	4.895
1959.000	4.894
1960.000	4.894
1961.000	4.893
1962.000	4.892
1963.000	4.892
1964.000	4.891
1965.000	4.890
1966.000	4.890
1967.000	4.889
1968.000	4.888
1969.000	4.888
1970.000	4.887
1971.000	4.886
1972.000	4.886
1973.000	4.885
1974.000	4.884
1975.000	4.884
1976.000	4.883
1977.000	4.882
1978.000	4.882
1979.000	4.881
1980.000	4.880
1981.000	4.879
1982.000	4.879
1983.000	4.878
1984.000	4.877
1985.000	4.877
1986.000	4.876
1987.000	4.875
1988.000	4.875
1989.000	4.874
1990.000	4.873
1991.000	4.873
1992.000	4.872
1993.000	4.871
1994.000	4.871
1995.000	4.870
1996.000	4.869
1997.000	4.869
1998.000	4.868
1999.000	4.867
2000.000	4.867
2001.000	4.866
2002.000	4.865
2003.000	4.865
2004.000	4.864
2005.000	4.863
2006.000	4.863
2007.000	4.862
2008.000	4.861
2009.000	4.861
2010.000	4.860
2011.000	4.859
2012.000	4.859
2013.000	4.858
2014.000	4.857
2015.000	4.857
2016.000	4.856
2017.000	4.855
2018.000	4.854
2019.000	4.854
2020.000	4.853
2021.000	4.852
2022.000	4.852
2023.000	4.851
2024.000	4.850
2025.000	4.850
2026.000	4.849
2027.000	4.848
2028.000	4.848
2029.000	4.847
2030.000	4.846
2031.000	4.846
2032.000	4.845
2033.000	4.844
2034.000	4.844
2035.000	4.843
2036.000	4.842
2037.000	4.842
2038.000	4.841
2039.000	4.840
2040.000	4.840
2041.000	4.839
2042.000	4.838
2043.000	4.838
2044.000	4.837
2045.000	4.836
2046.000	4.836
2047.000	4.835
2048.000	4.834
2049.000	4.834
2050.000	4.833
2051.000	4.832
2052.000	4.832
2053.000	4.831
2054.000	4.830
2055.000	4.829
2056.000	4.829
2057.000	4.828
2058.000	4.827
2059.000	4.827
2060.000	4.826
2061.000	4.825
2062.000	4.825
2063.000	4.824
2064.000	4.823
2065.000	4.823
2066.000	4.822
2067.000	4.821
2068.000	4.821
2069.000	4.820
2070.000	4.819
2071.000	4.819
2072.000	4.818
2073.000	4.817
2074.000	4.817
2075.000	4.816
2076.000	4.815
2077.000	4.815
2078.000	4.814
2079.000	4.813
2080.000	4.813
2081.000	4.812
2082.000	4.811
2083.000	4.811
2084.000	4.810
2085.000	4.809
2086.000	4.809
2087.000	4.808
2088.000	4.807
2089.000	4.807
2090.000	4.806
2091.000	4.805
2092.000	4.804
2093.000	4.804
2094.000	4.803
2095.000	4.802
2096.000	4.802
2097.000	4.801
2098.000	4.800
2099.000	4.800
2100.000	4.799
2101.000	4.798
2102.000	4.798
2103.000	4.797
2104.000	4.796
2105.000	4.796
2106.000	4.795
2107.000	4.794
2108.000	4.794
2109.000	4.793
2110.000	4.792
2111.000	4.792
2112.000	4.791
2113.000	4.790
2114.000	4.790
2115.000	4.789
2116.000	4.788
2117.000	4.788
2118.000	4.787
2119.000	4.786
2120.000	4.786
2121.000	4.785
2122.000	4.784
2123.000	4.784
2124.000	4.783
2125.000	4.782
2126.000	4.782
2127.000	4.781
2128.000	4.780
2129.000	4.779
2130.000	4.779
2131.000	4.778
2132.000	4.777
2133.000	4.777
2134.000	4.776
2135.000	4.775
2136.000	4.775
2137.000	4.774
2138.000	4.773
2139.000	4.773
2140.000	4.772
2141.000	4.771
2142.000	4.771
2143.000	4.770
2144.000	4.769
2145.000	4.769
2146.000	4.768
2147.000	4.767
2148.000	4.767
2149.000	4.766
2150.000	4.765
2151.000	4.765
2152.000	4.764
2153.000	4.763
2154.000	4.763
2155.000	4.762
2156.000	4.761
2157.000	4.761
2158.000	4.760
2159.000	4.759
2160.000	4.759
2161.000	4.758
2162.000	4.757
2163.000	4.757
2164.000	4.756
2165.000	4.755
2166.000	4.754
2167.000	4.754
2168.000	4.753
2169.000	4.752
2170.000	4.752
2171.000	4.751
2172.000	4.750
2173.000	4.750
2174.000	4.749
2175.000	4.748
2176.000	4.748
2177.000	4.747
2178.000	4.746
2179.000	4.746
2180.000	4.745
2181.000	4.744
2182.000	4.744
2183.000	4.743
2184.000	4.742
2185.000	4.742
2186.000	4.741
2187.000	4.740
2188.000	4.740
2189.000	4.739
2190.000	4.738
2191.000	4.738
2192.000	4.737
2193.000	4.736
2194.000	4.736
2195.000	4.735
2196.000	4.734
2197.000	4.734
2198.000	4.733
2199.000	4.732
2200.000	4.731
2201.000	4.731
2202.000	4.730
2203.000	4.729
2204.000	4.729
2205.000	4.728
2206.000	4.727
2207.000	4.727
2208.000	4.726
2209.000	4.725
2210.000	4.725
2211.000	4.724
2212.000	4.723
2213.000	4.723
2214.000	4.722
2215.000	4.721
2216.000	4.721
2217.000	4.720
2218.000	4.719
2219.000	4.719
2220.000	4.718
2221.000	4.717
2222.000	4.717
2223.000	4.716
2224.000	4.715
2225.000	4.715
2226.000	4.714
2227.000	4.713
2228.000	4.713
2229.000	4.712
2230.000	4.711
2231.000	4.711
2232.000	4.710
2233.000	4.709
2234.000	4.709
2235.000	4.708
2236.000	4.707
2237.000	4.706
2238.000	4.706
2239.000	4.705
2240.000	4.704
2241.000	4.704
2242.000	4.703
2243.000	4.702
2244.000	4.702
2245.000	4.701
2246.000	4.700
2247.000	4.700
2248.000	4.699
2249.000	4.698
2250.000	4.698
2251.000	4.697
2252.000	4.696
2253.000	4.696
2254.000	4.695
2255.000	4.694
2256.000	4.694
2257.000	4.693
2258.000	4.692
2259.000	4.692
2260.000	4.691
2261.000	4.690
2262.000	4.690
2263.000	4.689
2264.000	4.688
2265.000	4.688
2266.000	4.687
2267.000	4.686
2268.000	4.686
2269.000	4.685
2270.000	4.684
2271.000	4.684
2272.000	4.683
2273.000	4.682
2274.000	4.681
2275.000	4.681
2276.000	4.680
2277.000	4.679
2278.000	4.679
2279.000	4.678
2280.000	4.677
2281.000	4.677
2282.000	4.676
2283.000	4.675
2284.000	4.675
2285.000	4.674
2286.000	4.673
2287.000	4.673
2288.000	4.672
2289.000	4.671
2290.000	4.671
2291.000	4.670
2292.000	4.669
2293.000	4.669
2294.000	4.668
2295.000	4.667
2296.000	4.667
2297.000	4.666
2298.000	4.665
2299.000	4.665
2300.000	4.664
2301.000	4.663
2302.000	4.663
2303.000	4.662
2304.000	4.661
2305.000	4.661
2306.000	4.660
2307.000	4.659
2308.000	4.659
2309.000	4.658
2310.000	4.657
2311.000	4.656
2312.000	4.656
2313.000	4.655
2314.000	4.654
2315.000	4.654
2316.000	4.653
2317.000	4.652
2318.000	4.652
2319.000	4.651
2320.000	4.650
2321.000	4.650
2322.000	4.649
2323.000	4.648
2324.000	4.648
2325.000	4.647
2326.000	4.646
2327.000	4.646
2328.000	4.645
2329.000	4.644
2330.000	4.644
2331.000	4.643
2332.000	4.642
2333.000	4.642
2334.000	4.641
2335.000	4.640
2336.000	4.640
2337.000	4.639
2338.000	4.638
2339.000	4.638
2340.000	4.637
2341.000	4.636
2342.000	4.636
2343.000	4.635
2344.000	4.634
2345.000	4.634
2346.000	4.633
2347.000	4.632
2348.000	4.631
2349.000	4.631
2350.000	4.630
2351.000	4.629
2352.000	4.629
2353.000	4.628
2354.000	4.627
2355.000	4.627
2356.000	4.626
2357.000	4.625
2358.000	4.625
2359.000	4.624
2360.000	4.623
2361.000	4.623
2362.000	4.622
2363.000	4.621
2364.000	4.621
2365.000	4.620
2366.000	4.619
2367.000	4.619
2368.000	4.618
2369.000	4.617
2370.000	4.617
2371.000	4.616
2372.000	4.615
2373.000	4.615
2374.000	4.614
2375.000	4.613
2376.000	4.613
2377.000	4.612
2378.000	4.611
2379.000	4.611
2380.000	4.610
2381.000	4.609
2382.000	4.609
2383.000	4.608
2384.000	4.607
2385.000	4.606
2386.000	4.606
2387.000	4.605
2388.000	4.604
2389.000	4.604
2390.000	4.603
2391.000	4.602
2392.000	4.602
2393.000	4.601
2394.000	4.600
2395.000	4.600
2396.000	4.599
2397.000	4.598
2398.000	4.598
2399.000	4.597
2400.000	4.596
2401.000	4.596
2402.000	4.595
2403.000	4.594
2404.000	4.594
2405.000	4.593
2406.000	4.592
2407.000	4.592
2408.000	4.591
2409.000	4.590
2410.000	4.590
2411.000	4.589
2412.000	4.588
2413.000	4.588
2414.000	4.587
2415.000	4.586
2416.000	4.586
2417.000	4.585
2418.000	4.584
2419.000	4.584
2420.000	4.583
2421.000	4.582
2422.000	4.581
2423.000	4.581
2424.000	4.580
2425.000	4.579
2426.000	4.579
2427.000	4.578
2428.000	4.577
2429.000	4.577
2430.000	4.576
2431.000	4.575
2432.000	4.575
2433.000	4.574
2434.000	4.573
2435.000	4.573
2436.000	4.572
2437.000	4.571
2438.000	4.571
2439.000	4.570
2440.000	4.569
2441.000	4.569
2442.000	4.568
2443.000	4.567
2444.000	4.567
2445.000	4.566
2446.000	4.565
2447.000	4.565
2448.000	4.564
2449.000	4.563
2450.000	4.563
2451.000	4.562
2452.000	4.561
2453.000	4.561
2454.000	4.560
2455.000	4.559
2456.000	4.559
2457.000	4.558
2458.000	4.557
2459.000	4.556
2460.000	4.556
2461.000	4.555
2462.000	4.554
2463.000	4.554
2464.000	4.553
2465.000	4.552
2466.000	4.552
2467.000	4.551
2468.000	4.550
2469.000	4.550
2470.000	4.549
2471.000	4.548
2472.000	4.548
2473.000	4.547
2474.000	4.546
2475.000	4.546
2476.000	4.545
2477.000	4.544
2478.000	4.544
2479.000	4.543
2480.000	4.542
2481.000	4.542
2482.000	4.541
2483.000	4.540
2484.000	4.540
2485.000	4.539
2486.000	4.538
2487.000	4.538
2488.000	4.537
2489.000	4.536
2490.000	4.536
2491.000	4.535
2492.000	4.534
2493.000	4.534
2494.000	4.533
2495.000	4.532
2496.000	4.531
2497.000	4.531
2498.000	4.530
2499.000	4.529
2500.000	4.529
2501.000	4.528
2502.000	4.527
2503.000	4.527
2504.000	4.526
2505.000	4.525
2506.000	4.525
2507.000	4.524
2508.000	4.523
2509.000	4.523
2510.000	4.522
2511.000	4.521
2512.000	4.521
2513.000	4.520
2514.000	4.519
2515.000	4.519
2516.000	4.518
2517.000	4.517
2518.000	4.517
2519.000	4.516
2520.000	4.515
2521.000	4.515
2522.000	4.514
2523.000	4.513
2524.000	4.513
2525.000	4.512
2526.000	4.511
2527.000	4.511
2528.000	4.510
2529.000	4.509
2530.000	4.509
2531.000	4.508
2532.000	4.507
2533.000	4.506
2534.000	4.506
2535.000	4.505
2536.000	4.504
2537.000	4.504
2538.000	4.503
2539.000	4.502
2540.000	4.502
2541.000	4.501
2542.000	4.500
2543.000	4.500
2544.000	4.499
2545.000	4.498
2546.000	4.498
2547.000	4.497
2548.000	4.496
2549.000	4.496
2550.000	4.495
2551.000	4.494
2552.000	4.494
2553.000	4.493
2554.000	4.492
2555.000	4.492
2556.000	4.491
2557.000	4.490
2558.000	4.490
2559.000	4.489
2560.000	4.488
2561.000	4.488
2562.000	4.487
2563.000	4.486
2564.000	4.486
2565.000	4.485
2566.000	4.484
2567.000	4.484
2568.000	4.483
2569.000	4.482
2570.000	4.481
2571.000	4.481
2572.000	4.480
2573.000	4.479
2574.000	4.479
2575.000	4.478
2576.000	4.477
2577.000	4.477
2578.000	4.476
2579.000	4.475
2580.000	4.475
2581.000	4.474
2582.000	4.473
2583.000	4.473
2584.000	4.472
2585.000	4.471
2586.000	4.471
2587.000	4.470
2588.000	4.469
2589.000	4.469
2590.000	4.468
2591.000	4.467
2592.000	4.467
2593.000	4.466
2594.000	4.465
2595.000	4.465
2596.000	4.464
2597.000	4.463
2598.000	4.463
2599.000	4.462
2600.000	4.461
2601.000	4.461
2602.000	4.460
2603.000	4.459
2604.000	4.458
2605.000	4.458
2606.000	4.457
2607.000	4.456
2608.000	4.456
2609.000	4.455
2610.000	4.454
2611.000	4.454
2612.000	4.453
2613.000	4.452
2614.000	4.452
2615.000	4.451
2616.000	4.450
2617.000	4.450
2618.000	4.449
2619.000	4.448
2620.000	4.448
2621.000	4.447
2622.000	4.446
2623.000	4.446
2624.000	4.445
2625.000	4.444
2626.000	4.444
2627.000	4.443
2628.000	4.442
2629.000	4.442
2630.000	4.441
2631.000	4.440
2632.000	4.440
2633.000	4.439
2634.000	4.438
2635.000	4.438
2636.000	4.437
2637.000	4.436
2638.000	4.436
2639.000	4.435
2640.000	4.434
2641.000	4.433
2642.000	4.433
2643.000	4.432
2644.000	4.431
2645.000	4.431
2646.000	4.430
2647.000	4.429
2648.000	4.429
2649.000	4.428
2650.000	4.427
2651.000	4.427
2652.000	4.426
2653.000	4.425
2654.000	4.425
2655.000	4.424
2656.000	4.423
2657.000	4.423
2658.000	4.422
2659.000	4.421
2660.000	4.421
2661.000	4.420
2662.000	4.419
2663.000	4.419
2664.000	4.418
2665.000	4.417
2666.000	4.417
2667.000	4.416
2668.000	4.415
2669.000	4.415
2670.000	4.414
2671.000	4.413
2672.000	4.413
2673.000	4.412
2674.000	4.411
2675.000	4.411
2676.000	4.410
2677.000	4.409
2678.000	4.408
2679.000	4.408
2680.000	4.407
2681.000	4.406
2682.000	4.406
2683.000	4.405
2684.000	4.404
2685.000	4.404
2686.000	4.403
2687.000	4.402
2688.000	4.402
2689.000	4.401
2690.000	4.400
2691.000	4.400
2692.000	4.399
2693.000	4.398
2694.000	4.398
2695.000	4.397
2696.000	4.396
2697.000	4.396
2698.000	4.395
2699.000	4.394
2700.000	4.394
2701.000	4.393
2702.000	4.392
2703.000	4.392
2704.000	4.391
2705.000	4.390
2706.000	4.390
2707.000	4.389
2708.000	4.388
2709.000	4.388
2710.000	4.387
2711.000	4.386
2712.000	4.386
2713.000	4.385
2714.000	4.384
2715.000	4.383
2716.000	4.383
2717.000	4.382
2718.000	4.381
2719.000	4.381
2720.000	4.380
2721.000	4.379
2722.000	4.379
2723.000	4.378
2724.000	4.377
2725.000	4.377
2726.000	4.376
2727.000	4.375
2728.000	4.375
2729.000	4.374
2730.000	4.373
2731.000	4.373
2732.000	4.372
2733.000	4.371
2734.000	4.371
2735.000	4.370
2736.000	4.369
2737.000	4.369
2738.000	4.368
2739.000	4.367
2740.000	4.367
2741.000	4.366
2742.000	4.365
2743.000	4.365
2744.000	4.364
2745.000	4.363
2746.000	4.363
2747.000	4.362
2748.000	4.361
2749.000	4.361
2750.000	4.360
2751.000	4.359
2752.000	4.358
2753.000	4.358
2754.000	4.357
2755.000	4.356
2756.000	4.356
2757.000	4.355
2758.000	4.354
2759.000	4.354
2760.000	4.353
2761.000	4.352
2762.000	4.352
2763.000	4.351
2764.000	4.350
2765.000	4.350
2766.000	4.349
2767.000	4.348
2768.000	4.348
2769.000	4.347
2770.000	4.346
2771.000	4.346
2772.000	4.345
2773.000	4.344
2774.000	4.344
2775.000	4.343
2776.000	4.342
2777.000	4.342
2778.000	4.341
2779.000	4.340
2780.000	4.340
2781.000	4.339
2782.000	4.338
2783.000	4.338
2784.000	4.337
2785.000	4.336
2786.000	4.336
2787.000	4.335
2788.000	4.334
2789.000	4.333
2790.000	4.333
2791.000	4.332
2792.000	4.331
2793.000	4.331
2794.000	4.330
2795.000	4.329
2796.000	4.329
2797.000	4.328
2798.000	4.327
2799.000	4.327
2800.000	4.326
2801.000	4.325
2802.000	4.325
2803.000	4.324
2804.000	4.323
2805.000	4.323
2806.000	4.322
2807.000	4.321
2808.000	4.321
2809.000	4.320
2810.000	4.319
2811.000	4.319
2812.000	4.318
2813.000	4.317
2814.000	4.317
2815.000	4.316
2816.000	4.315
2817.000	4.315
2818.000	4.314
2819.000	4.313
2820.000	4.313
2821.000	4.312
2822.000	4.311
2823.000	4.311
2824.000	4.310
2825.000	4.309
2826.000	4.308
2827.000	4.308
2828.000	4.307
2829.000	4.306
2830.000	4.306
2831.000	4.305
2832.000	4.304
2833.000	4.304
2834.000	4.303
2835.000	4.302
2836.000	4.302
2837.000	4.301
2838.000	4.300
2839.000	4.300
2840.000	4.299
2841.000	4.298
2842.000	4.298
2843.000	4.297
2844.000	4.296
2845.000	4.296
2846.000	4.295
2847.000	4.294
2848.000	4.294
2849.000	4.293
2850.000	4.292
2851.000	4.292
2852.000	4.291
2853.000	4.290
2854.000	4.290
2855.000	4.289
2856.000	4.288
2857.000	4.288
2858.000	4.287
2859.000	4.286
2860.000	4.286
2861.000	4.285
2862.000	4.284
2863.000	4.283
2864.000	4.283
2865.000	4.282
2866.000	4.281
2867.000	4.281
2868.000	4.280
2869.000	4.279
2870.000	4.279
2871.000	4.278
2872.000	4.277
2873.000	4.277
2874.000	4.276
2875.000	4.275
2876.000	4.275
2877.000	4.274
2878.000	4.273
2879.000	4.273
2880.000	4.272
2881.000	4.271
2882.000	4.271
2883.000	4.270
2884.000	4.269
2885.000	4.269
2886.000	4.268
2887.000	4.267
2888.000	4.267
2889.000	4.266
2890.000	4.265
2891.000	4.265
2892.000	4.264
2893.000	4.263
2894.000	4.263
2895.000	4.262
2896.000	4.261
2897.000	4.261
2898.000	4.260
2899.000	4.259
2900.000	4.258
2901.000	4.258
2902.000	4.257
2903.000	4.256
2904.000	4.256
2905.000	4.255
2906.000	4.254
2907.000	4.254
2908.000	4.253
2909.000	4.252
2910.000	4.252
2911.000	4.251
2912.000	4.250
2913.000	4.250
2914.000	4.249
2915.000	4.248
2916.000	4.248
2917.000	4.247
2918.000	4.246
2919.000	4.246
2920.000	4.245
2921.000	4.244
2922.000	4.244
2923.000	4.243
2924.000	4.242
2925.000	4.242
2926.000	4.241
2927.000	4.240
2928.000	4.240
2929.000	4.239
2930.000	4.238
2931.000	4.238
2932.000	4.237
2933.000	4.236
2934.000	4.236
2935.000	4.235
2936.000	4.234
2937.000	4.233
2938.000	4.233
2939.000	4.232
2940.000	4.231
2941.000	4.231
2942.000	4.230
2943.000	4.229
2944.000	4.229
2945.000	4.228
2946.000	4.227
2947.000	4.227
2948.000	4.226
2949.000	4.225
2950.000	4.225
2951.000	4.224
2952.000	4.223
2953.000	4.223
2954.000	4.222
2955.000	4.221
2956.000	4.221
2957.000	4.220
2958.000	4.219
2959.000	4.219
2960.000	4.218
2961.000	4.217
2962.000	4.217
2963.000	4.216
2964.000	4.215
2965.000	4.215
2966.000	4.214
2967.000	4.213
2968.000	4.213
2969.000	4.212
2970.000	4.211
2971.000	4.210
2972.000	4.210
2973.000	4.209
2974.000	4.208
2975.000	4.208
2976.000	4.207
2977.000	4.206
2978.000	4.206
2979.000	4.205
2980.000	4.204
2981.000	4.204
2982.000	4.203
2983.000	4.202
2984.000	4.202
2985.000	4.201
2986.000	4.200
2987.000	4.200
2988.000	4.199
2989.000	4.198
2990.000	4.198
2991.000	4.197
2992.000	4.196
2993.000	4.196
2994.000	4.195
2995.000	4.194
2996.000	4.194
2997.000	4.193
2998.000	4.192
2999.000	4.192
3000.000	4.191
3001.000	4.190
3002.000	4.190
3003.000	4.189
3004.000	4.188
3005.000	4.188
3006.000	4.187
3007.000	4.186
3008.000	4.185
3009.000	4.185
3010.000	4.184
3011.000	4.183
3012.000	4.183
3013.000	4.182
3014.000	4.181
3015.000	4.181
3016.000	4.180
3017.000	4.179
3018.000	4.179
3019.000	4.178
3020.000	4.177
3021.000	4.177
3022.000	4.176
3023.000	4.175
3024.000	4.175
3025.000	4.174
3026.000	4.173
3027.000	4.173
3028.000	4.172
3029.000	4.171
3030.000	4.171
3031.000	4.170
3032.000	4.169
3033.000	4.169
3034.000	4.168
3035.000	4.167
3036.000	4.167
3037.000	4.166
3038.000	4.165
3039.000	4.165
3040.000	4.164
3041.000	4.163
3042.000	4.163
3043.000	4.162
3044.000	4.161
3045.000	4.160
3046.000	4.160
3047.000	4.159
3048.000	4.158
3049.000	4.158
3050.000	4.157
3051.000	4.156
3052.000	4.156
3053.000	4.155
3054.000	4.154
3055.000	4.154
3056.000	4.153
3057.000	4.152
3058.000	4.152
3059.000	4.151
3060.000	4.150
3061.000	4.150
3062.000	4.149
3063.000	4.148
3064.000	4.148
3065.000	4.147
3066.000	4.146
3067.000	4.146
3068.000	4.145
3069.000	4.144
3070.000	4.144
3071.000	4.143
3072.000	4.142
3073.000	4.142
3074.000	4.141
3075.000	4.140
3076.000	4.140
3077.000	4.139
3078.000	4.138
3079.000	4.138
3080.000	4.137
3081.000	4.136
3082.000	4.135
3083.000	4.135
3084.000	4.134
3085.000	4.133
3086.000	4.133
3087.000	4.132
3088.000	4.131
3089.000	4.131
3090.000	4.130
3091.000	4.129
3092.000	4.129
3093.000	4.128
3094.000	4.127
3095.000	4.127
3096.000	4.126
3097.000	4.125
3098.000	4.125
3099.000	4.124
3100.000	4.123
3101.000	4.123
3102.000	4.122
3103.000	4.121
3104.000	4.121
3105.000	4.120
3106.000	4.119
3107.000	4.119
3108.000	4.118
3109.000	4.117
3110.000	4.117
3111.000	4.116
3112.000	4.115
3113.000	4.115
3114.000	4.114
3115.000	4.113
3116.000	4.113
3117.000	4.112
3118.000	4.111
3119.000	4.110
3120.000	4.110
3121.000	4.109
3122.000	4.108
3123.000	4.108
3124.000	4.107
3125.000	4.106
3126.000	4.106
3127.000	4.105
3128.000	4.104
3129.000	4.104
3130.000	4.103
3131.000	4.102
3132.000	4.102
3133.000	4.101
3134.000	4.100
3135.000	4.100
3136.000	4.099
3137.000	4.098
3138.000	4.098
3139.000	4.097
3140.000	4.096
3141.000	4.096
3142.000	4.095
3143.000	4.094
3144.000	4.094
3145.000	4.093
3146.000	4.092
3147.000	4.092
3148.000	4.091
3149.000	4.090
3150.000	4.090
3151.000	4.089
3152.000	4.088
3153.000	4.088
3154.000	4.087
3155.000	4.086
3156.000	4.085
3157.000	4.085
3158.000	4.084
3159.000	4.083
3160.000	4.083
3161.000	4.082
3162.000	4.081
3163.000	4.081
3164.000	4.080
3165.000	4.079
3166.000	4.079
3167.000	4.078
3168.000	4.077
3169.000	4.077
3170.000	4.076
3171.000	4.075
3172.000	4.075
3173.000	4.074
3174.000	4.073
3175.000	4.073
3176.000	4.072
3177.000	4.071
3178.000	4.071
3179.000	4.070
3180.000	4.069
3181.000	4.069
3182.000	4.068
3183.000	4.067
3184.000	4.067
3185.000	4.066
3186.000	4.065
3187.000	4.065
3188.000	4.064
3189.000	4.063
3190.000	4.063
3191.000	4.062
3192.000	4.061
3193.000	4.060
3194.000	4.060
3195.000	4.059
3196.000	4.058
3197.000	4.058
3198.000	4.057
3199.000	4.056
3200.000	4.056
3201.000	4.055
3202.000	4.054
3203.000	4.054
3204.000	4.053
3205.000	4.052
3206.000	4.052
3207.000	4.051
3208.000	4.050
3209.000	4.050
3210.000	4.049
3211.000	4.048
3212.000	4.048
3213.000	4.047
3214.000	4.046
3215.000	4.046
3216.000	4.045
3217.000	4.044
3218.000	4.044
3219.000	4.043
3220.000	4.042
3221.000	4.042
3222.000	4.041
3223.000	4.040
3224.000	4.040
3225.000	4.039
3226.000	4.038
3227.000	4.038
3228.000	4.037
3229.000	4.036
3230.000	4.035
3231.000	4.035
3232.000	4.034
3233.000	4.033
3234.000	4.033
3235.000	4.032
3236.000	4.031
3237.000	4.031
3238.000	4.030
3239.000	4.029
3240.000	4.029
3241.000	4.028
3242.000	4.027
3243.000	4.027
3244.000	4.026
3245.000	4.025
3246.000	4.025
3247.000	4.024
3248.000	4.023
3249.000	4.023
3250.000	4.022
3251.000	4.021
3252.000	4.021
3253.000	4.020
3254.000	4.019
3255.000	4.019
3256.000	4.018
3257.000	4.017
3258.000	4.017
3259.000	4.016
3260.000	4.015
3261.000	4.015
3262.000	4.014
3263.000	4.013
3264.000	4.013
3265.000	4.012
3266.000	4.011
3267.000	4.010
3268.000	4.010
3269.000	4.009
3270.000	4.008
3271.000	4.008
3272.000	4.007
3273.000	4.006
3274.000	4.006
3275.000	4.005
3276.000	4.004
3277.000	4.004
3278.000	4.003
3279.000	4.002
3280.000	4.002
3281.000	4.001
3282.000	4.000
3283.000	4.000
3284.000	3.999
3285.000	3.998
3286.000	3.998
3287.000	3.997
3288.000	3.996
3289.000	3.996
3290.000	3.995
3291.000	3.994
3292.000	3.994
3293.000	3.993
3294.000	3.992
3295.000	3.992
3296.000	3.991
3297.000	3.990
3298.000	3.990
3299.000	3.989
3300.000	3.988
3301.000	3.988
3302.000	3.987
3303.000	3.986
3304.000	3.985
3305.000	3.985
3306.000	3.984
3307.000	3.983
3308.000	3.983
3309.000	3.982
3310.000	3.981
3311.000	3.981
3312.000	3.980
3313.000	3.979
3314.000	3.979
3315.000	3.978
3316.000	3.977
3317.000	3.977
3318.000	3.976
3319.000	3.975
3320.000	3.975
3321.000	3.974
3322.000	3.973
3323.000	3.973
3324.000	3.972
3325.000	3.971
3326.000	3.971
3327.000	3.970
3328.000	3.969
3329.000	3.969
3330.000	3.968
3331.000	3.967
3332.000	3.967
3333.000	3.966
3334.000	3.965
3335.000	3.965
3336.000	3.964
3337.000	3.963
3338.000	3.963
3339.000	3.962
3340.000	3.961
3341.000	3.960
3342.000	3.960
3343.000	3.959
3344.000	3.958
3345.000	3.958
3346.000	3.957
3347.000	3.956
3348.000	3.956
3349.000	3.955
3350.000	3.954
3351.000	3.954
3352.000	3.953
3353.000	3.952
3354.000	3.952
3355.000	3.951
3356.000	3.950
3357.000	3.950
3358.000	3.949
3359.000	3.948
3360.000	3.948
3361.000	3.947
3362.000	3.946
3363.000	3.946
3364.000	3.945
3365.000	3.944
3366.000	3.944
3367.000	3.943
3368.000	3.942
3369.000	3.942
3370.000	3.941
3371.000	3.940
3372.000	3.940
3373.000	3.939
3374.000	3.938
3375.000	3.937
3376.000	3.937
3377.000	3.936
3378.000	3.935
3379.000	3.935
3380.000	3.934
3381.000	3.933
3382.000	3.933
3383.000	3.932
3384.000	3.931
3385.000	3.931
3386.000	3.930
3387.000	3.929
3388.000	3.929
3389.000	3.928
3390.000	3.927
3391.000	3.927
3392.000	3.926
3393.000	3.925
3394.000	3.925
3395.000	3.924
3396.000	3.923
3397.000	3.923
3398.000	3.922
3399.000	3.921
3400.000	3.921
3401.000	3.920
3402.000	3.919
3403.000	3.919
3404.000	3.918
3405.000	3.917
3406.000	3.917
3407.000	3.916
3408.000	3.915
3409.000	3.915
3410.000	3.914
3411.000	3.913
3412.000	3.912
3413.000	3.912
3414.000	3.911
3415.000	3.910
3416.000	3.910
3417.000	3.909
3418.000	3.908
3419.000	3.908
3420.000	3.907
3421.000	3.906
3422.000	3.906
3423.000	3.905
3424.000	3.904
3425.000	3.904
3426.000	3.903
3427.000	3.902
3428.000	3.902
3429.000	3.901
3430.000	3.900
3431.000	3.900
3432.000	3.899
3433.000	3.898
3434.000	3.898
3435.000	3.897
3436.000	3.896
3437.000	3.896
3438.000	3.895
3439.000	3.894
3440.000	3.894
3441.000	3.893
3442.000	3.892
3443.000	3.892
3444.000	3.891
3445.000	3.890
3446.000	3.890
3447.000	3.889
3448.000	3.888
3449.000	3.887
3450.000	3.887
3451.000	3.886
3452.000	3.885
3453.000	3.885
3454.000	3.884
3455.000	3.883
3456.000	3.883
3457.000	3.882
3458.000	3.881
3459.000	3.881
3460.000	3.880
3461.000	3.879
3462.000	3.879
3463.000	3.878
3464.000	3.877
3465.000	3.877
3466.000	3.876
3467.000	3.875
3468.000	3.875
3469.000	3.874
3470.000	3.873
3471.000	3.873
3472.000	3.872
3473.000	3.871
3474.000	3.871
3475.000	3.870
3476.000	3.869
3477.000	3.869
3478.000	3.868
3479.000	3.867
3480.000	3.867
3481.000	3.866
3482.000	3.865
3483.000	3.865
3484.000	3.864
3485.000	3.863
3486.000	3.862
3487.000	3.862
3488.000	3.861
3489.000	3.860
3490.000	3.860
3491.000	3.859
3492.000	3.858
3493.000	3.858
3494.000	3.857
3495.000	3.856
3496.000	3.856
3497.000	3.855
3498.000	3.854
3499.000	3.854
3500.000	3.853
3501.000	3.852
3502.000	3.852
3503.000	3.851
3504.000	3.850
3505.000	3.850
3506.000	3.849
3507.000	3.848
3508.000	3.848
3509.000	3.847
3510.000	3.846
3511.000	3.846
3512.000	3.845
3513.000	3.844
3514.000	3.844
3515.000	3.843
3516.000	3.842
3517.000	3.842
3518.000	3.841
3519.000	3.840
3520.000	3.840
3521.000	3.839
3522.000	3.838
3523.000	3.837
3524.000	3.837
3525.000	3.836
3526.000	3.835
3527.000	3.835
3528.000	3.834
3529.000	3.833
3530.000	3.833
3531.000	3.832
3532.000	3.831
3533.000	3.831
3534.000	3.830
3535.000	3.829
3536.000	3.829
3537.000	3.828
3538.000	3.827
3539.000	3.827
3540.000	3.826
3541.000	3.825
3542.000	3.825
3543.000	3.824
3544.000	3.823
3545.000	3.823
3546.000	3.822
3547.000	3.821
3548.000	3.821
3549.000	3.820
3550.000	3.819
3551.000	3.819
3552.000	3.818
3553.000	3.817
3554.000	3.817
3555.000	3.816
3556.000	3.815
3557.000	3.815
3558.000	3.814
3559.000	3.813
3560.000	3.812
3561.000	3.812
3562.000	3.811
3563.000	3.810
3564.000	3.810
3565.000	3.809
3566.000	3.808
3567.000	3.808
3568.000	3.807
3569.000	3.806
3570.000	3.806
3571.000	3.805
3572.000	3.804
3573.000	3.804
3574.000	3.803
3575.000	3.802
3576.000	3.802
3577.000	3.801
3578.000	3.800
3579.000	3.800
3580.000	3.799
3581.000	3.798
3582.000	3.798
3583.000	3.797
3584.000	3.796
3585.000	3.796
3586.000	3.795
3587.000	3.794
3588.000	3.794
3589.000	3.793
3590.000	3.792
3591.000	3.792
3592.000	3.791
3593.000	3.790
3594.000	3.790
3595.000	3.789
3596.000	3.788
3597.000	3.787
3598.000	3.787
3599.000	3.786
3600.000	3.785
3601.000	3.785
3602.000	3.784
3603.000	3.783
3604.000	3.783
3605.000	3.782
3606.000	3.781
3607.000	3.781
3608.000	3.780
3609.000	3.779
3610.000	3.779
3611.000	3.778
3612.000	3.777
3613.000	3.777
3614.000	3.776
3615.000	3.775
3616.000	3.775
3617.000	3.774
3618.000	3.773
3619.000	3.773
3620.000	3.772
3621.000	3.771
3622.000	3.771
3623.000	3.770
3624.000	3.769
3625.000	3.769
3626.000	3.768
3627.000	3.767
3628.000	3.767
3629.000	3.766
3630.000	3.765
3631.000	3.765
3632.000	3.764
3633.000	3.763
3634.000	3.762
3635.000	3.762
3636.000	3.761
3637.000	3.760
3638.000	3.760
3639.000	3.759
3640.000	3.758
3641.000	3.758
3642.000	3.757
3643.000	3.756
3644.000	3.756
3645.000	3.755
3646.000	3.754
3647.000	3.754
3648.000	3.753
3649.000	3.752
3650.000	3.751
3651.000	3.751
3652.000	3.750
3653.000	3.749
3654.000	3.749
3655.000	3.748
3656.000	3.747
3657.000	3.747
3658.000	3.746
3659.000	3.745
3660.000	3.744
3661.000	3.744
3662.000	3.743
3663.000	3.742
3664.000	3.742
3665.000	3.741
3666.000	3.740
3667.000	3.740
3668.000	3.739
3669.000	3.738
3670.000	3.737
3671.000	3.737
3672.000	3.736
3673.000	3.735
3674.000	3.735
3675.000	3.734
3676.000	3.733
3677.000	3.732
3678.000	3.732
3679.000	3.731
3680.000	3.730
3681.000	3.730
3682.000	3.729
3683.000	3.728
3684.000	3.728
3685.000	3.727
3686.000	3.726
3687.000	3.725
3688.000	3.725
3689.000	3.724
3690.000	3.723
3691.000	3.723
3692.000	3.722
3693.000	3.721
3694.000	3.720
3695.000	3.720
3696.000	3.719
3697.000	3.718
3698.000	3.718
3699.000	3.717
3700.000	3.716
3701.000	3.716
3702.000	3.715
3703.000	3.714
3704.000	3.713
3705.000	3.713
3706.000	3.712
3707.000	3.711
3708.000	3.711
3709.000	3.710
3710.000	3.709
3711.000	3.709
3712.000	3.708
3713.000	3.707
3714.000	3.706
3715.000	3.706
3716.000	3.705
3717.000	3.704
3718.000	3.704
3719.000	3.703
3720.000	3.702
3721.000	3.702
3722.000	3.701
3723.000	3.700
3724.000	3.699
3725.000	3.699
3726.000	3.698
3727.000	3.697
3728.000	3.697
3729.000	3.696
3730.000	3.695
3731.000	3.694
3732.000	3.694
3733.000	3.693
3734.000	3.692
3735.000	3.691
3736.000	3.691
3737.000	3.690
3738.000	3.689
3739.000	3.688
3740.000	3.687
3741.000	3.687
3742.000	3.686
3743.000	3.685
3744.000	3.684
3745.000	3.684
3746.000	3.683
3747.000	3.682
3748.000	3.682
3749.000	3.681
3750.000	3.680
3751.000	3.680
3752.000	3.679
3753.000	3.678
3754.000	3.677
3755.000	3.677
3756.000	3.676
3757.000	3.675
3758.000	3.675
3759.000	3.674
3760.000	3.673
3761.000	3.673
3762.000	3.672
3763.000	3.671
3764.000	3.671
3765.000	3.670
3766.000	3.669
3767.000	3.669
3768.000	3.668
3769.000	3.667
3770.000	3.667
3771.000	3.666
3772.000	3.665
3773.000	3.665
3774.000	3.664
3775.000	3.663
3776.000	3.663
3777.000	3.662
3778.000	3.661
3779.000	3.661
3780.000	3.660
3781.000	3.659
3782.000	3.659
3783.000	3.658
3784.000	3.657
3785.000	3.657
3786.000	3.656
3787.000	3.655
3788.000	3.655
3789.000	3.654
3790.000	3.653
3791.000	3.652
3792.000	3.652
3793.000	3.651
3794.000	3.650
3795.000	3.650
3796.000	3.649
3797.000	3.648
3798.000	3.648
3799.000	3.647
3800.000	3.646
3801.000	3.646
3802.000	3.645
3803.000	3.644
3804.000	3.644
3805.000	3.643
3806.000	3.642
3807.000	3.642
3808.000	3.641
3809.000	3.640
3810.000	3.640
3811.000	3.639
3812.000	3.638
3813.000	3.638
3814.000	3.637
3815.000	3.636
3816.000	3.636
3817.000	3.635
3818.000	3.634
3819.000	3.634
3820.000	3.633
3821.000	3.632
3822.000	3.632
3823.000	3.631
3824.000	3.630
3825.000	3.630
3826.000	3.629
3827.000	3.628
3828.000	3.627
3829.000	3.627
3830.000	3.626
3831.000	3.625
3832.000	3.625
3833.000	3.624
3834.000	3.623
3835.000	3.623
3836.000	3.622
3837.000	3.621
3838.000	3.621
3839.000	3.620
3840.000	3.619
3841.000	3.619
3842.000	3.618
3843.000	3.617
3844.000	3.617
3845.000	3.616
3846.000	3.615
3847.000	3.615
3848.000	3.614
3849.000	3.613
3850.000	3.613
3851.000	3.612
3852.000	3.611
3853.000	3.611
3854.000	3.610
3855.000	3.609
3856.000	3.609
3857.000	3.608
3858.000	3.607
3859.000	3.607
3860.000	3.606
3861.000	3.605
3862.000	3.605
3863.000	3.604
3864.000	3.603
3865.000	3.602
3866.000	3.602
3867.000	3.601
3868.000	3.600
3869.000	3.600
3870.000	3.599
3871.000	3.598
3872.000	3.598
3873.000	3.597
3874.000	3.596
3875.000	3.596
3876.000	3.595
3877.000	3.594
3878.000	3.594
3879.000	3.593
3880.000	3.592
3881.000	3.592
3882.000	3.591
3883.000	3.590
3884.000	3.590
3885.000	3.589
3886.000	3.588
3887.000	3.588
3888.000	3.587
3889.000	3.586
3890.000	3.586
3891.000	3.585
3892.000	3.584
3893.000	3.584
3894.000	3.583
3895.000	3.582
3896.000	3.582
3897.000	3.581
3898.000	3.580
3899.000	3.580
3900.000	3.579
3901.000	3.578
3902.000	3.577
3903.000	3.577
3904.000	3.576
3905.000	3.575
3906.000	3.575
3907.000	3.574
3908.000	3.573
3909.000	3.573
3910.000	3.572
3911.000	3.571
3912.000	3.571
3913.000	3.570
3914.000	3.569
3915.000	3.569
3916.000	3.568
3917.000	3.567
3918.000	3.567
3919.000	3.566
3920.000	3.565
3921.000	3.565
3922.000	3.564
3923.000	3.563
3924.000	3.563
3925.000	3.562
3926.000	3.561
3927.000	3.561
3928.000	3.560
3929.000	3.559
3930.000	3.559
3931.000	3.558
3932.000	3.557
3933.000	3.557
3934.000	3.556
3935.000	3.555
3936.000	3.554
3937.000	3.554
3938.000	3.553
3939.000	3.552
3940.000	3.552
3941.000	3.551
3942.000	3.550
3943.000	3.550
3944.000	3.549
3945.000	3.548
3946.000	3.548
3947.000	3.547
3948.000	3.546
3949.000	3.546
3950.000	3.545
3951.000	3.544
3952.000	3.544
3953.000	3.543
3954.000	3.542
3955.000	3.542
3956.000	3.541
3957.000	3.540
3958.000	3.540
3959.000	3.539
3960.000	3.538
3961.000	3.538
3962.000	3.537
3963.000	3.536
3964.000	3.536
3965.000	3.535
3966.000	3.534
3967.000	3.534
3968.000	3.533
3969.000	3.532
3970.000	3.532
3971.000	3.531
3972.000	3.530
3973.000	3.529
3974.000	3.529
3975.000	3.528
3976.000	3.527
3977.000	3.527
3978.000	3.526
3979.000	3.525
3980.000	3.525
3981.000	3.524
3982.000	3.523
3983.000	3.523
3984.000	3.501
3985.000	3.500
3986.000	3.500
3987.000	3.499
3988.000	3.498
3989.000	3.498
3990.000	3.497
3991.000	3.496
3992.000	3.496
3993.000	3.495
3994.000	3.494
3995.000	3.494
3996.000	3.493
3997.000	3.492
3998.000	3.492
3999.000	3.491
4000.000	3.490
4001.000	3.490
4002.000	3.489
4003.000	3.488
4004.000	3.488
4005.000	3.487
4006.000	3.486
4007.000	3.485
4008.000	3.485
4009.000	3.484
4010.000	3.483
4011.000	3.483
4012.000	3.482
4013.000	3.481
4014.000	3.481
4015.000	3.480
4016.000	3.479
4017.000	3.479
4018.000	3.478
4019.000	3.477
4020.000	3.477
4021.000	3.476
4022.000	3.475
4023.000	3.475
4024.000	3.474
4025.000	3.473
4026.000	3.473
4027.000	3.472
4028.000	3.471
4029.000	3.471
4030.000	3.470
4031.000	3.469
4032.000	3.469
4033.000	3.468
4034.000	3.467
4035.000	3.467
4036.000	3.466
4037.000	3.465
4038.000	3.465
4039.000	3.464
4040.000	3.463
4041.000	3.463
4042.000	3.462
4043.000	3.461
4044.000	3.460
4045.000	3.460
4046.000	3.459
4047.000	3.458
4048.000	3.458
4049.000	3.457
4050.000	3.456
4051.000	3.456
4052.000	3.455
4053.000	3.454
4054.000	3.454
4055.000	3.453
4056.000	3.452
4057.000	3.452
4058.000	3.451
4059.000	3.450
4060.000	3.450
4061.000	3.449
4062.000	3.448
4063.000	3.446
4064.000	3.445
4065.000	3.445
4066.000	3.444
4067.000	3.443
4068.000	3.443
4069.000	3.442
4070.000	3.441
4071.000	3.441
4072.000	3.440
4073.000	3.439
4074.000	3.439
4075.000	3.438
4076.000	3.437
4077.000	3.437
4078.000	3.436
4079.000	3.435
4080.000	3.415
4081.000	3.375
4082.000	3.374
4083.000	3.374
4084.000	3.373
4085.000	3.365
4086.000	3.364
4087.000	3.363
4088.000	3.362
4089.000	3.362
4090.000	3.360
4091.000	3.359
4092.000	3.358
4093.000	3.356
4094.000	3.345
4095.000	0.000
