0.000	21.762
1.000	21.762
2.000	21.762
3.000	21.762
4.000	21.762
5.000	21.704
6.000	21.704
7.000	21.704
8.000	18.850
9.000	18.850
10.000	18.850
11.000	18.850
12.000	18.850
13.000	18.850
14.000	18.850
15.000	18.850
16.000	18.850
17.000	18.761
18.000	18.761
19.000	18.673
20.000	18.585
21.000	18.499
22.000	18.414
23.000	18.330
24.000	18.246
25.000	18.165
26.000	18.165
27.000	18.165
28.000	18.165
29.000	18.165
30.000	18.165
31.000	18.165
32.000	18.165
33.000	18.165
34.000	18.165
35.000	18.165
36.000	18.165
37.000	18.165
38.000	18.165
39.000	18.165
40.000	18.165
41.000	18.165
42.000	18.165
43.000	18.165
44.000	18.165
45.000	18.165
46.000	18.165
47.000	18.165
48.000	18.165
49.000	18.165
50.000	18.165
51.000	18.165
52.000	18.165
53.000	18.165
54.000	18.165
55.000	18.165
56.000	18.165
57.000	18.165
58.000	18.165
59.000	18.165
60.000	18.165
61.000	18.165
62.000	18.165
63.000	18.165
64.000	18.165
65.000	18.165
66.000	18.165
67.000	18.165
68.000	18.165
69.000	18.165
70.000	18.165
71.000	18.165
72.000	18.165
73.000	18.165
74.000	18.165
75.000	18.165
76.000	18.165
77.000	18.165
78.000	18.165
79.000	18.165
80.000	18.165
81.000	18.165
82.000	18.165
83.000	18.165
84.000	18.165
85.000	18.165
86.000	18.165
87.000	18.165
88.000	18.165
89.000	18.165
90.000	18.165
91.000	18.165
92.000	18.165
93.000	18.165
94.000	18.165
95.000	18.165
96.000	18.165
97.000	18.165
98.000	18.165
99.000	18.165
100.000	18.165
101.000	18.165
102.000	18.165
103.000	18.165
104.000	18.165
105.000	18.165
106.000	18.165
107.000	18.165
108.000	18.165
109.000	18.165
110.000	18.165
111.000	18.165
112.000	18.165
113.000	18.165
114.000	18.165
115.000	18.165
116.000	18.165
117.000	18.165
118.000	18.165
119.000	18.165
120.000	18.165
121.000	18.165
122.000	18.165
123.000	18.165
124.000	18.165
125.000	18.165
126.000	18.165
127.000	18.165
128.000	18.165
129.000	18.165
130.000	18.165
131.000	18.165
132.000	18.165
133.000	18.165
134.000	18.165
135.000	18.165
136.000	18.165
137.000	18.165
138.000	18.165
139.000	18.165
140.000	18.165
141.000	18.165
142.000	18.165
143.000	18.165
144.000	18.165
145.000	18.165
146.000	18.165
147.000	18.165
148.000	18.165
149.000	18.165
150.000	18.165
151.000	18.165
152.000	18.165
153.000	18.165
154.000	18.165
155.000	18.165
156.000	18.165
157.000	18.165
158.000	18.165
159.000	18.165
160.000	18.165
161.000	18.165
162.000	18.165
163.000	18.165
164.000	18.165
165.000	18.165
166.000	18.165
167.000	18.165
168.000	18.165
169.000	18.165
170.000	18.165
171.000	18.165
172.000	18.165
173.000	18.165
174.000	18.165
175.000	18.165
176.000	18.165
177.000	18.165
178.000	18.165
179.000	18.165
180.000	18.165
181.000	18.165
182.000	18.165
183.000	18.165
184.000	18.165
185.000	18.165
186.000	18.165
187.000	18.165
188.000	18.165
189.000	18.165
190.000	18.116
191.000	18.067
192.000	18.017
193.000	17.969
194.000	17.921
195.000	17.872
196.000	17.872
197.000	17.824
198.000	17.775
199.000	17.727
200.000	17.679
201.000	17.631
202.000	17.583
203.000	17.536
204.000	17.488
205.000	17.441
206.000	17.394
207.000	17.394
208.000	17.346
209.000	17.299
210.000	17.252
211.000	17.206
212.000	17.159
213.000	17.113
214.000	17.066
215.000	17.020
216.000	16.974
217.000	16.928
218.000	16.928
219.000	16.882
220.000	16.836
221.000	16.790
222.000	16.745
223.000	16.699
224.000	16.654
225.000	16.609
226.000	16.563
227.000	16.518
228.000	16.474
229.000	16.473
230.000	16.428
231.000	16.383
232.000	16.338
233.000	16.294
234.000	16.250
235.000	16.206
236.000	16.162
237.000	16.117
238.000	16.074
239.000	16.030
240.000	15.986
241.000	15.985
242.000	15.942
243.000	15.898
244.000	15.855
245.000	15.812
246.000	15.769
247.000	15.725
248.000	15.682
249.000	15.640
250.000	15.597
251.000	15.554
252.000	15.553
253.000	15.511
254.000	15.468
255.000	15.426
256.000	15.384
257.000	15.341
258.000	15.299
259.000	15.255
260.000	15.254
261.000	15.253
262.000	15.252
263.000	15.251
264.000	15.250
265.000	15.249
266.000	15.249
267.000	15.248
268.000	15.247
269.000	15.246
270.000	15.245
271.000	15.244
272.000	15.243
273.000	15.243
274.000	15.242
275.000	15.241
276.000	15.240
277.000	15.239
278.000	15.201
279.000	15.164
280.000	15.126
281.000	15.088
282.000	15.051
283.000	15.013
284.000	14.976
285.000	14.975
286.000	14.938
287.000	14.901
288.000	14.864
289.000	14.827
290.000	14.790
291.000	14.753
292.000	14.716
293.000	14.680
294.000	14.643
295.000	14.607
296.000	14.606
297.000	14.570
298.000	14.533
299.000	14.497
300.000	14.461
301.000	14.425
302.000	14.389
303.000	14.353
304.000	14.317
305.000	14.282
306.000	14.246
307.000	14.211
308.000	14.210
309.000	14.174
310.000	14.139
311.000	14.104
312.000	14.068
313.000	14.033
314.000	13.998
315.000	13.963
316.000	13.928
317.000	13.894
318.000	13.859
319.000	13.858
320.000	13.823
321.000	13.789
322.000	13.754
323.000	13.720
324.000	13.685
325.000	13.651
326.000	13.617
327.000	13.583
328.000	13.549
329.000	13.515
330.000	13.514
331.000	13.480
332.000	13.446
333.000	13.412
334.000	13.379
335.000	13.345
336.000	13.312
337.000	13.278
338.000	13.245
339.000	13.212
340.000	13.178
341.000	13.177
342.000	13.144
343.000	13.111
344.000	13.078
345.000	13.045
346.000	13.012
347.000	12.979
348.000	12.946
349.000	12.913
350.000	12.881
351.000	12.848
352.000	12.847
353.000	12.815
354.000	12.782
355.000	12.750
356.000	12.717
357.000	12.685
358.000	12.653
359.000	12.621
360.000	12.589
361.000	12.557
362.000	12.525
363.000	12.524
364.000	12.492
365.000	12.461
366.000	12.460
367.000	12.459
368.000	12.458
369.000	12.457
370.000	12.457
371.000	12.456
372.000	12.455
373.000	12.454
374.000	12.453
375.000	12.452
376.000	12.451
377.000	12.451
378.000	12.450
379.000	12.449
380.000	12.448
381.000	12.447
382.000	12.446
383.000	12.445
384.000	12.445
385.000	12.444
386.000	12.443
387.000	12.442
388.000	12.441
389.000	12.440
390.000	12.439
391.000	12.439
392.000	12.438
393.000	12.437
394.000	12.436
395.000	12.435
396.000	12.434
397.000	12.433
398.000	12.433
399.000	12.432
400.000	12.400
401.000	12.369
402.000	12.337
403.000	12.305
404.000	12.274
405.000	12.242
406.000	12.211
407.000	12.180
408.000	12.179
409.000	12.148
410.000	12.117
411.000	12.086
412.000	12.055
413.000	12.024
414.000	11.993
415.000	11.962
416.000	11.931
417.000	11.900
418.000	11.870
419.000	11.869
420.000	11.838
421.000	11.808
422.000	11.777
423.000	11.747
424.000	11.717
425.000	11.686
426.000	11.656
427.000	11.626
428.000	11.596
429.000	11.566
430.000	11.565
431.000	11.535
432.000	11.505
433.000	11.475
434.000	11.446
435.000	11.416
436.000	11.387
437.000	11.357
438.000	11.327
439.000	11.298
440.000	11.269
441.000	11.268
442.000	11.239
443.000	11.209
444.000	11.180
445.000	11.151
446.000	11.122
447.000	11.093
448.000	11.064
449.000	11.035
450.000	11.006
451.000	10.978
452.000	10.949
453.000	10.949
454.000	10.920
455.000	10.892
456.000	10.863
457.000	10.835
458.000	10.806
459.000	10.778
460.000	10.750
461.000	10.721
462.000	10.693
463.000	10.665
464.000	10.665
465.000	10.637
466.000	10.609
467.000	10.581
468.000	10.553
469.000	10.526
470.000	10.498
471.000	10.470
472.000	10.442
473.000	10.415
474.000	10.387
475.000	10.387
476.000	10.360
477.000	10.332
478.000	10.305
479.000	10.278
480.000	10.250
481.000	10.223
482.000	10.196
483.000	10.169
484.000	10.142
485.000	10.115
486.000	10.115
487.000	10.088
488.000	10.061
489.000	10.034
490.000	10.007
491.000	9.980
492.000	9.953
493.000	9.927
494.000	9.900
495.000	9.873
496.000	9.847
497.000	9.847
498.000	9.820
499.000	9.794
500.000	9.768
501.000	9.741
502.000	9.715
503.000	9.689
504.000	9.663
505.000	9.636
506.000	9.610
507.000	9.585
508.000	9.585
509.000	9.559
510.000	9.533
511.000	9.507
512.000	9.507
513.000	9.507
514.000	9.507
515.000	9.507
516.000	9.507
517.000	9.507
518.000	9.507
519.000	9.507
520.000	9.507
521.000	9.507
522.000	9.507
523.000	9.507
524.000	9.507
525.000	9.507
526.000	9.507
527.000	9.507
528.000	9.507
529.000	9.507
530.000	9.507
531.000	9.507
532.000	9.507
533.000	9.507
534.000	9.507
535.000	9.507
536.000	9.507
537.000	9.507
538.000	9.507
539.000	9.507
540.000	9.507
541.000	9.507
542.000	9.507
543.000	9.507
544.000	9.507
545.000	9.507
546.000	9.507
547.000	9.507
548.000	9.507
549.000	9.507
550.000	9.507
551.000	9.507
552.000	9.507
553.000	9.507
554.000	9.507
555.000	9.507
556.000	9.507
557.000	9.507
558.000	9.507
559.000	9.507
560.000	9.507
561.000	9.507
562.000	9.507
563.000	9.507
564.000	9.507
565.000	9.507
566.000	9.507
567.000	9.507
568.000	9.507
569.000	9.507
570.000	9.507
571.000	9.507
572.000	9.507
573.000	9.507
574.000	9.507
575.000	9.507
576.000	9.507
577.000	9.507
578.000	9.507
579.000	9.507
580.000	9.507
581.000	9.507
582.000	9.507
583.000	9.507
584.000	9.507
585.000	9.507
586.000	9.507
587.000	9.507
588.000	9.507
589.000	9.507
590.000	9.507
591.000	9.507
592.000	9.507
593.000	9.507
594.000	9.507
595.000	9.507
596.000	9.507
597.000	9.507
598.000	9.507
599.000	9.507
600.000	9.507
601.000	9.507
602.000	9.507
603.000	9.507
604.000	9.507
605.000	9.507
606.000	9.507
607.000	9.507
608.000	9.507
609.000	9.507
610.000	9.507
611.000	9.507
612.000	9.507
613.000	9.507
614.000	9.507
615.000	9.507
616.000	9.507
617.000	9.507
618.000	9.507
619.000	9.507
620.000	9.507
621.000	9.507
622.000	9.507
623.000	9.507
624.000	9.507
625.000	9.507
626.000	9.507
627.000	9.507
628.000	9.507
629.000	9.507
630.000	9.507
631.000	9.507
632.000	9.507
633.000	9.507
634.000	9.507
635.000	9.507
636.000	9.507
637.000	9.507
638.000	9.507
639.000	9.507
640.000	9.507
641.000	9.507
642.000	9.507
643.000	9.507
644.000	9.485
645.000	9.463
646.000	9.442
647.000	9.420
648.000	9.399
649.000	9.377
650.000	9.356
651.000	9.334
652.000	9.313
653.000	9.313
654.000	9.292
655.000	9.270
656.000	9.249
657.000	9.228
658.000	9.206
659.000	9.185
660.000	9.164
661.000	9.143
662.000	9.122
663.000	9.101
664.000	9.079
665.000	9.079
666.000	9.058
667.000	9.037
668.000	9.016
669.000	8.995
670.000	8.974
671.000	8.954
672.000	8.933
673.000	8.912
674.000	8.891
675.000	8.870
676.000	8.870
677.000	8.849
678.000	8.829
679.000	8.808
680.000	8.787
681.000	8.767
682.000	8.746
683.000	8.725
684.000	8.705
685.000	8.684
686.000	8.664
687.000	8.664
688.000	8.643
689.000	8.623
690.000	8.602
691.000	8.582
692.000	8.561
693.000	8.541
694.000	8.521
695.000	8.500
696.000	8.480
697.000	8.460
698.000	8.460
699.000	8.439
700.000	8.419
701.000	8.399
702.000	8.379
703.000	8.359
704.000	8.339
705.000	8.318
706.000	8.298
707.000	8.278
708.000	8.258
709.000	8.258
710.000	8.238
711.000	8.218
712.000	8.198
713.000	8.178
714.000	8.158
715.000	8.139
716.000	8.119
717.000	8.099
718.000	8.079
719.000	8.059
720.000	8.059
721.000	8.040
722.000	8.020
723.000	8.000
724.000	7.980
725.000	7.961
726.000	7.941
727.000	7.921
728.000	7.902
729.000	7.882
730.000	7.863
731.000	7.863
732.000	7.843
733.000	7.824
734.000	7.804
735.000	7.785
736.000	7.765
737.000	7.746
738.000	7.727
739.000	7.707
740.000	7.688
741.000	7.669
742.000	7.649
743.000	7.649
744.000	7.630
745.000	7.611
746.000	7.592
747.000	7.573
748.000	7.553
749.000	7.534
750.000	7.515
751.000	7.496
752.000	7.477
753.000	7.458
754.000	7.458
755.000	7.439
756.000	7.420
757.000	7.401
758.000	7.382
759.000	7.363
760.000	7.344
761.000	7.325
762.000	7.306
763.000	7.288
764.000	7.269
765.000	7.269
766.000	7.250
767.000	7.231
768.000	7.213
769.000	7.194
770.000	7.175
771.000	7.156
772.000	7.138
773.000	7.119
774.000	7.100
775.000	7.082
776.000	7.082
777.000	7.063
778.000	7.045
779.000	7.026
780.000	7.008
781.000	6.989
782.000	6.971
783.000	6.952
784.000	6.934
785.000	6.915
786.000	6.897
787.000	6.897
788.000	6.879
789.000	6.860
790.000	6.842
791.000	6.824
792.000	6.805
793.000	6.787
794.000	6.769
795.000	6.751
796.000	6.732
797.000	6.714
798.000	6.714
799.000	6.696
800.000	6.678
801.000	6.660
802.000	6.642
803.000	6.642
804.000	6.642
805.000	6.642
806.000	6.642
807.000	6.642
808.000	6.642
809.000	6.642
810.000	6.642
811.000	6.642
812.000	6.642
813.000	6.642
814.000	6.642
815.000	6.642
816.000	6.642
817.000	6.642
818.000	6.642
819.000	6.642
820.000	6.642
821.000	6.642
822.000	6.642
823.000	6.642
824.000	6.642
825.000	6.642
826.000	6.642
827.000	6.642
828.000	6.642
829.000	6.642
830.000	6.642
831.000	6.642
832.000	6.642
833.000	6.642
834.000	6.642
835.000	6.642
836.000	6.642
837.000	6.642
838.000	6.642
839.000	6.642
840.000	6.642
841.000	6.642
842.000	6.642
843.000	6.642
844.000	6.642
845.000	6.642
846.000	6.642
847.000	6.642
848.000	6.642
849.000	6.642
850.000	6.642
851.000	6.642
852.000	6.642
853.000	6.642
854.000	6.642
855.000	6.642
856.000	6.642
857.000	6.642
858.000	6.642
859.000	6.642
860.000	6.642
861.000	6.642
862.000	6.642
863.000	6.642
864.000	6.642
865.000	6.642
866.000	6.642
867.000	6.642
868.000	6.642
869.000	6.642
870.000	6.642
871.000	6.642
872.000	6.642
873.000	6.642
874.000	6.642
875.000	6.642
876.000	6.642
877.000	6.642
878.000	6.642
879.000	6.642
880.000	6.642
881.000	6.642
882.000	6.642
883.000	6.642
884.000	6.642
885.000	6.642
886.000	6.642
887.000	6.642
888.000	6.642
889.000	6.642
890.000	6.642
891.000	6.642
892.000	6.642
893.000	6.642
894.000	6.642
895.000	6.642
896.000	6.642
897.000	6.642
898.000	6.642
899.000	6.642
900.000	6.642
901.000	6.642
902.000	6.642
903.000	6.642
904.000	6.642
905.000	6.642
906.000	6.642
907.000	6.642
908.000	6.642
909.000	6.642
910.000	6.642
911.000	6.642
912.000	6.642
913.000	6.642
914.000	6.642
915.000	6.642
916.000	6.642
917.000	6.642
918.000	6.642
919.000	6.642
920.000	6.642
921.000	6.642
922.000	6.642
923.000	6.642
924.000	6.642
925.000	6.642
926.000	6.642
927.000	6.642
928.000	6.642
929.000	6.642
930.000	6.642
931.000	6.642
932.000	6.642
933.000	6.642
934.000	6.642
935.000	6.642
936.000	6.642
937.000	6.642
938.000	6.642
939.000	6.642
940.000	6.642
941.000	6.642
942.000	6.642
943.000	6.642
944.000	6.642
945.000	6.642
946.000	6.642
947.000	6.642
948.000	6.642
949.000	6.642
950.000	6.642
951.000	6.642
952.000	6.642
953.000	6.642
954.000	6.642
955.000	6.642
956.000	6.642
957.000	6.642
958.000	6.642
959.000	6.642
960.000	6.642
961.000	6.642
962.000	6.642
963.000	6.642
964.000	6.642
965.000	6.642
966.000	6.642
967.000	6.642
968.000	6.642
969.000	6.642
970.000	6.642
971.000	6.642
972.000	6.642
973.000	6.642
974.000	6.642
975.000	6.642
976.000	6.642
977.000	6.642
978.000	6.642
979.000	6.642
980.000	6.642
981.000	6.642
982.000	6.642
983.000	6.642
984.000	6.642
985.000	6.642
986.000	6.642
987.000	6.642
988.000	6.642
989.000	6.642
990.000	6.642
991.000	6.642
992.000	6.642
993.000	6.642
994.000	6.642
995.000	6.642
996.000	6.642
997.000	6.642
998.000	6.642
999.000	6.642
1000.000	6.642
1001.000	6.642
1002.000	6.642
1003.000	6.642
1004.000	6.642
1005.000	6.642
1006.000	6.642
1007.000	6.642
1008.000	6.642
1009.000	6.642
1010.000	6.642
1011.000	6.642
1012.000	6.642
1013.000	6.642
1014.000	6.642
1015.000	6.642
1016.000	6.642
1017.000	6.642
1018.000	6.642
1019.000	6.642
1020.000	6.642
1021.000	6.642
1022.000	6.642
1023.000	6.642
1024.000	6.642
1025.000	6.642
1026.000	6.642
1027.000	6.642
1028.000	6.642
1029.000	6.642
1030.000	6.642
1031.000	6.642
1032.000	6.642
1033.000	6.642
1034.000	6.642
1035.000	6.642
1036.000	6.642
1037.000	6.642
1038.000	6.642
1039.000	6.642
1040.000	6.642
1041.000	6.642
1042.000	6.642
1043.000	6.642
1044.000	6.642
1045.000	6.642
1046.000	6.642
1047.000	6.642
1048.000	6.642
1049.000	6.642
1050.000	6.642
1051.000	6.642
1052.000	6.642
1053.000	6.642
1054.000	6.642
1055.000	6.642
1056.000	6.642
1057.000	6.642
1058.000	6.642
1059.000	6.642
1060.000	6.642
1061.000	6.642
1062.000	6.642
1063.000	6.642
1064.000	6.642
1065.000	6.642
1066.000	6.642
1067.000	6.642
1068.000	6.642
1069.000	6.642
1070.000	6.642
1071.000	6.642
1072.000	6.642
1073.000	6.642
1074.000	6.642
1075.000	6.642
1076.000	6.642
1077.000	6.642
1078.000	6.642
1079.000	6.642
1080.000	6.642
1081.000	6.642
1082.000	6.642
1083.000	6.642
1084.000	6.642
1085.000	6.642
1086.000	6.642
1087.000	6.642
1088.000	6.642
1089.000	6.642
1090.000	6.642
1091.000	6.642
1092.000	6.642
1093.000	6.642
1094.000	6.642
1095.000	6.642
1096.000	6.642
1097.000	6.642
1098.000	6.642
1099.000	6.642
1100.000	6.642
1101.000	6.642
1102.000	6.642
1103.000	6.642
1104.000	6.642
1105.000	6.642
1106.000	6.642
1107.000	6.642
1108.000	6.642
1109.000	6.642
1110.000	6.642
1111.000	6.642
1112.000	6.642
1113.000	6.642
1114.000	6.642
1115.000	6.642
1116.000	6.642
1117.000	6.642
1118.000	6.642
1119.000	6.642
1120.000	6.642
1121.000	6.642
1122.000	6.642
1123.000	6.642
1124.000	6.642
1125.000	6.642
1126.000	6.642
1127.000	6.642
1128.000	6.642
1129.000	6.642
1130.000	6.642
1131.000	6.642
1132.000	6.642
1133.000	6.642
1134.000	6.642
1135.000	6.642
1136.000	6.642
1137.000	6.642
1138.000	6.642
1139.000	6.642
1140.000	6.642
1141.000	6.642
1142.000	6.642
1143.000	6.642
1144.000	6.642
1145.000	6.642
1146.000	6.642
1147.000	6.642
1148.000	6.642
1149.000	6.642
1150.000	6.642
1151.000	6.642
1152.000	6.642
1153.000	6.642
1154.000	6.642
1155.000	6.642
1156.000	6.642
1157.000	6.642
1158.000	6.642
1159.000	6.642
1160.000	6.642
1161.000	6.642
1162.000	6.642
1163.000	6.642
1164.000	6.642
1165.000	6.642
1166.000	6.642
1167.000	6.642
1168.000	6.642
1169.000	6.642
1170.000	6.642
1171.000	6.642
1172.000	6.642
1173.000	6.642
1174.000	6.642
1175.000	6.642
1176.000	6.642
1177.000	6.642
1178.000	6.642
1179.000	6.642
1180.000	6.642
1181.000	6.642
1182.000	6.642
1183.000	6.642
1184.000	6.642
1185.000	6.642
1186.000	6.642
1187.000	6.642
1188.000	6.642
1189.000	6.642
1190.000	6.642
1191.000	6.642
1192.000	6.642
1193.000	6.642
1194.000	6.642
1195.000	6.642
1196.000	6.642
1197.000	6.642
1198.000	6.642
1199.000	6.642
1200.000	6.642
1201.000	6.642
1202.000	6.642
1203.000	6.642
1204.000	6.642
1205.000	6.642
1206.000	6.642
1207.000	6.642
1208.000	6.642
1209.000	6.642
1210.000	6.642
1211.000	6.642
1212.000	6.642
1213.000	6.642
1214.000	6.642
1215.000	6.642
1216.000	6.642
1217.000	6.642
1218.000	6.642
1219.000	6.642
1220.000	6.642
1221.000	6.642
1222.000	6.642
1223.000	6.642
1224.000	6.642
1225.000	6.642
1226.000	6.642
1227.000	6.642
1228.000	6.642
1229.000	6.642
1230.000	6.642
1231.000	6.642
1232.000	6.642
1233.000	6.642
1234.000	6.642
1235.000	6.642
1236.000	6.642
1237.000	6.642
1238.000	6.642
1239.000	6.642
1240.000	6.642
1241.000	6.642
1242.000	6.642
1243.000	6.642
1244.000	6.642
1245.000	6.642
1246.000	6.642
1247.000	6.642
1248.000	6.642
1249.000	6.642
1250.000	6.642
1251.000	6.642
1252.000	6.642
1253.000	6.642
1254.000	6.642
1255.000	6.642
1256.000	6.642
1257.000	6.642
1258.000	6.642
1259.000	6.642
1260.000	6.642
1261.000	6.642
1262.000	6.642
1263.000	6.642
1264.000	6.642
1265.000	6.642
1266.000	6.642
1267.000	6.642
1268.000	6.642
1269.000	6.642
1270.000	6.642
1271.000	6.642
1272.000	6.642
1273.000	6.642
1274.000	6.642
1275.000	6.642
1276.000	6.642
1277.000	6.642
1278.000	6.642
1279.000	6.642
1280.000	6.642
1281.000	6.642
1282.000	6.642
1283.000	6.642
1284.000	6.642
1285.000	6.642
1286.000	6.642
1287.000	6.642
1288.000	6.642
1289.000	6.642
1290.000	6.642
1291.000	6.642
1292.000	6.642
1293.000	6.642
1294.000	6.642
1295.000	6.642
1296.000	6.642
1297.000	6.642
1298.000	6.642
1299.000	6.642
1300.000	6.642
1301.000	6.642
1302.000	6.642
1303.000	6.642
1304.000	6.642
1305.000	6.642
1306.000	6.642
1307.000	6.642
1308.000	6.642
1309.000	6.642
1310.000	6.642
1311.000	6.642
1312.000	6.642
1313.000	6.642
1314.000	6.642
1315.000	6.642
1316.000	6.642
1317.000	6.642
1318.000	6.642
1319.000	6.642
1320.000	6.642
1321.000	6.642
1322.000	6.642
1323.000	6.642
1324.000	6.642
1325.000	6.642
1326.000	6.642
1327.000	6.642
1328.000	6.642
1329.000	6.642
1330.000	6.642
1331.000	6.642
1332.000	6.642
1333.000	6.642
1334.000	6.642
1335.000	6.642
1336.000	6.642
1337.000	6.642
1338.000	6.642
1339.000	6.642
1340.000	6.642
1341.000	6.642
1342.000	6.642
1343.000	6.642
1344.000	6.642
1345.000	6.642
1346.000	6.642
1347.000	6.642
1348.000	6.642
1349.000	6.642
1350.000	6.642
1351.000	6.642
1352.000	6.642
1353.000	6.642
1354.000	6.642
1355.000	6.642
1356.000	6.642
1357.000	6.642
1358.000	6.642
1359.000	6.642
1360.000	6.642
1361.000	6.642
1362.000	6.642
1363.000	6.642
1364.000	6.642
1365.000	6.642
1366.000	6.642
1367.000	6.642
1368.000	6.642
1369.000	6.642
1370.000	6.642
1371.000	6.642
1372.000	6.642
1373.000	6.642
1374.000	6.642
1375.000	6.642
1376.000	6.642
1377.000	6.642
1378.000	6.642
1379.000	6.642
1380.000	6.642
1381.000	6.642
1382.000	6.642
1383.000	6.642
1384.000	6.642
1385.000	6.642
1386.000	6.642
1387.000	6.642
1388.000	6.642
1389.000	6.642
1390.000	6.642
1391.000	6.642
1392.000	6.642
1393.000	6.642
1394.000	6.642
1395.000	6.642
1396.000	6.642
1397.000	6.642
1398.000	6.642
1399.000	6.642
1400.000	6.642
1401.000	6.642
1402.000	6.642
1403.000	6.642
1404.000	6.642
1405.000	6.642
1406.000	6.642
1407.000	6.642
1408.000	6.642
1409.000	6.642
1410.000	6.642
1411.000	6.642
1412.000	6.642
1413.000	6.642
1414.000	6.642
1415.000	6.642
1416.000	6.642
1417.000	6.642
1418.000	6.642
1419.000	6.642
1420.000	6.642
1421.000	6.642
1422.000	6.642
1423.000	6.642
1424.000	6.642
1425.000	6.642
1426.000	6.642
1427.000	6.642
1428.000	6.642
1429.000	6.642
1430.000	6.642
1431.000	6.642
1432.000	6.642
1433.000	6.642
1434.000	6.642
1435.000	6.642
1436.000	6.642
1437.000	6.642
1438.000	6.642
1439.000	6.642
1440.000	6.642
1441.000	6.642
1442.000	6.642
1443.000	6.642
1444.000	6.642
1445.000	6.642
1446.000	6.642
1447.000	6.642
1448.000	6.642
1449.000	6.642
1450.000	6.642
1451.000	6.642
1452.000	6.642
1453.000	6.642
1454.000	6.642
1455.000	6.642
1456.000	6.642
1457.000	6.642
1458.000	6.642
1459.000	6.642
1460.000	6.642
1461.000	6.642
1462.000	6.642
1463.000	6.642
1464.000	6.642
1465.000	6.642
1466.000	6.642
1467.000	6.642
1468.000	6.642
1469.000	6.642
1470.000	6.642
1471.000	6.642
1472.000	6.642
1473.000	6.642
1474.000	6.642
1475.000	6.642
1476.000	6.642
1477.000	6.642
1478.000	6.642
1479.000	6.642
1480.000	6.642
1481.000	6.642
1482.000	6.642
1483.000	6.642
1484.000	6.642
1485.000	6.642
1486.000	6.642
1487.000	6.642
1488.000	6.642
1489.000	6.642
1490.000	6.642
1491.000	6.642
1492.000	6.642
1493.000	6.642
1494.000	6.642
1495.000	6.642
1496.000	6.642
1497.000	6.642
1498.000	6.642
1499.000	6.642
1500.000	6.642
1501.000	6.642
1502.000	6.642
1503.000	6.642
1504.000	6.642
1505.000	6.642
1506.000	6.642
1507.000	6.642
1508.000	6.642
1509.000	6.642
1510.000	6.642
1511.000	6.642
1512.000	6.642
1513.000	6.642
1514.000	6.642
1515.000	6.642
1516.000	6.642
1517.000	6.642
1518.000	6.642
1519.000	6.642
1520.000	6.642
1521.000	6.642
1522.000	6.642
1523.000	6.642
1524.000	6.642
1525.000	6.642
1526.000	6.642
1527.000	6.642
1528.000	6.642
1529.000	6.642
1530.000	6.642
1531.000	6.642
1532.000	6.642
1533.000	6.642
1534.000	6.642
1535.000	6.642
1536.000	6.642
1537.000	6.642
1538.000	6.642
1539.000	6.642
1540.000	6.642
1541.000	6.642
1542.000	6.642
1543.000	6.642
1544.000	6.642
1545.000	6.642
1546.000	6.642
1547.000	6.642
1548.000	6.642
1549.000	6.642
1550.000	6.642
1551.000	6.642
1552.000	6.642
1553.000	6.642
1554.000	6.642
1555.000	6.642
1556.000	6.642
1557.000	6.642
1558.000	6.642
1559.000	6.642
1560.000	6.642
1561.000	6.642
1562.000	6.642
1563.000	6.642
1564.000	6.642
1565.000	6.642
1566.000	6.642
1567.000	6.642
1568.000	6.642
1569.000	6.642
1570.000	6.642
1571.000	6.642
1572.000	6.642
1573.000	6.642
1574.000	6.642
1575.000	6.642
1576.000	6.642
1577.000	6.642
1578.000	6.642
1579.000	6.642
1580.000	6.642
1581.000	6.642
1582.000	6.642
1583.000	6.642
1584.000	6.642
1585.000	6.642
1586.000	6.642
1587.000	6.642
1588.000	6.642
1589.000	6.642
1590.000	6.642
1591.000	6.642
1592.000	6.642
1593.000	6.642
1594.000	6.642
1595.000	6.642
1596.000	6.642
1597.000	6.642
1598.000	6.642
1599.000	6.642
1600.000	6.642
1601.000	6.642
1602.000	6.642
1603.000	6.642
1604.000	6.642
1605.000	6.642
1606.000	6.642
1607.000	6.642
1608.000	6.642
1609.000	6.642
1610.000	6.642
1611.000	6.642
1612.000	6.642
1613.000	6.642
1614.000	6.642
1615.000	6.642
1616.000	6.642
1617.000	6.642
1618.000	6.642
1619.000	6.642
1620.000	6.642
1621.000	6.642
1622.000	6.642
1623.000	6.642
1624.000	6.642
1625.000	6.642
1626.000	6.642
1627.000	6.642
1628.000	6.642
1629.000	6.642
1630.000	6.642
1631.000	6.642
1632.000	6.642
1633.000	6.642
1634.000	6.642
1635.000	6.642
1636.000	6.642
1637.000	6.642
1638.000	6.642
1639.000	6.642
1640.000	6.642
1641.000	6.642
1642.000	6.642
1643.000	6.642
1644.000	6.642
1645.000	6.642
1646.000	6.642
1647.000	6.642
1648.000	6.642
1649.000	6.642
1650.000	6.642
1651.000	6.642
1652.000	6.642
1653.000	6.642
1654.000	6.642
1655.000	6.642
1656.000	6.642
1657.000	6.642
1658.000	6.642
1659.000	6.642
1660.000	6.642
1661.000	6.642
1662.000	6.642
1663.000	6.642
1664.000	6.642
1665.000	6.642
1666.000	6.642
1667.000	6.642
1668.000	6.642
1669.000	6.642
1670.000	6.642
1671.000	6.642
1672.000	6.642
1673.000	6.642
1674.000	6.642
1675.000	6.642
1676.000	6.642
1677.000	6.642
1678.000	6.642
1679.000	6.642
1680.000	6.642
1681.000	6.642
1682.000	6.642
1683.000	6.642
1684.000	6.642
1685.000	6.642
1686.000	6.642
1687.000	6.642
1688.000	6.642
1689.000	6.642
1690.000	6.642
1691.000	6.642
1692.000	6.642
1693.000	6.642
1694.000	6.642
1695.000	6.642
1696.000	6.642
1697.000	6.642
1698.000	6.642
1699.000	6.642
1700.000	6.642
1701.000	6.642
1702.000	6.642
1703.000	6.642
1704.000	6.642
1705.000	6.642
1706.000	6.642
1707.000	6.642
1708.000	6.642
1709.000	6.642
1710.000	6.642
1711.000	6.642
1712.000	6.642
1713.000	6.642
1714.000	6.642
1715.000	6.642
1716.000	6.642
1717.000	6.642
1718.000	6.642
1719.000	6.642
1720.000	6.642
1721.000	6.642
1722.000	6.642
1723.000	6.642
1724.000	6.642
1725.000	6.642
1726.000	6.642
1727.000	6.642
1728.000	6.642
1729.000	6.642
1730.000	6.642
1731.000	6.642
1732.000	6.642
1733.000	6.642
1734.000	6.642
1735.000	6.642
1736.000	6.642
1737.000	6.642
1738.000	6.642
1739.000	6.642
1740.000	6.642
1741.000	6.642
1742.000	6.642
1743.000	6.642
1744.000	6.642
1745.000	6.642
1746.000	6.642
1747.000	6.642
1748.000	6.642
1749.000	6.642
1750.000	6.642
1751.000	6.642
1752.000	6.642
1753.000	6.642
1754.000	6.642
1755.000	6.642
1756.000	6.642
1757.000	6.642
1758.000	6.642
1759.000	6.642
1760.000	6.642
1761.000	6.642
1762.000	6.642
1763.000	6.642
1764.000	6.642
1765.000	6.642
1766.000	6.642
1767.000	6.642
1768.000	6.642
1769.000	6.642
1770.000	6.642
1771.000	6.642
1772.000	6.642
1773.000	6.642
1774.000	6.642
1775.000	6.642
1776.000	6.642
1777.000	6.642
1778.000	6.642
1779.000	6.642
1780.000	6.642
1781.000	6.642
1782.000	6.642
1783.000	6.642
1784.000	6.642
1785.000	6.642
1786.000	6.642
1787.000	6.642
1788.000	6.642
1789.000	6.642
1790.000	6.642
1791.000	6.642
1792.000	6.642
1793.000	6.642
1794.000	6.642
1795.000	6.642
1796.000	6.642
1797.000	6.642
1798.000	6.642
1799.000	6.642
1800.000	6.642
1801.000	6.642
1802.000	6.642
1803.000	6.642
1804.000	6.642
1805.000	6.642
1806.000	6.642
1807.000	6.642
1808.000	6.642
1809.000	6.642
1810.000	6.642
1811.000	6.642
1812.000	6.642
1813.000	6.642
1814.000	6.642
1815.000	6.642
1816.000	6.642
1817.000	6.642
1818.000	6.642
1819.000	6.642
1820.000	6.642
1821.000	6.642
1822.000	6.642
1823.000	6.642
1824.000	6.642
1825.000	6.642
1826.000	6.642
1827.000	6.642
1828.000	6.642
1829.000	6.642
1830.000	6.642
1831.000	6.642
1832.000	6.642
1833.000	6.642
1834.000	6.642
1835.000	6.642
1836.000	6.642
1837.000	6.642
1838.000	6.642
1839.000	6.642
1840.000	6.642
1841.000	6.642
1842.000	6.642
1843.000	6.642
1844.000	6.642
1845.000	6.642
1846.000	6.642
1847.000	6.642
1848.000	6.642
1849.000	6.642
1850.000	6.642
1851.000	6.642
1852.000	6.642
1853.000	6.642
1854.000	6.642
1855.000	6.642
1856.000	6.642
1857.000	6.642
1858.000	6.642
1859.000	6.642
1860.000	6.642
1861.000	6.642
1862.000	6.642
1863.000	6.642
1864.000	6.642
1865.000	6.642
1866.000	6.642
1867.000	6.636
1868.000	6.633
1869.000	6.633
1870.000	6.633
1871.000	6.624
1872.000	6.616
1873.000	6.607
1874.000	6.599
1875.000	6.590
1876.000	6.581
1877.000	6.573
1878.000	6.564
1879.000	6.556
1880.000	6.556
1881.000	6.547
1882.000	6.538
1883.000	6.530
1884.000	6.521
1885.000	6.513
1886.000	6.504
1887.000	6.495
1888.000	6.487
1889.000	6.478
1890.000	6.470
1891.000	6.461
1892.000	6.461
1893.000	6.453
1894.000	6.444
1895.000	6.435
1896.000	6.427
1897.000	6.418
1898.000	6.410
1899.000	6.401
1900.000	6.392
1901.000	6.384
1902.000	6.375
1903.000	6.375
1904.000	6.367
1905.000	6.358
1906.000	6.350
1907.000	6.341
1908.000	6.332
1909.000	6.324
1910.000	6.315
1911.000	6.307
1912.000	6.298
1913.000	6.290
1914.000	6.290
1915.000	6.281
1916.000	6.273
1917.000	6.264
1918.000	6.255
1919.000	6.247
1920.000	6.238
1921.000	6.230
1922.000	6.221
1923.000	6.213
1924.000	6.204
1925.000	6.204
1926.000	6.195
1927.000	6.187
1928.000	6.178
1929.000	6.170
1930.000	6.161
1931.000	6.153
1932.000	6.144
1933.000	6.136
1934.000	6.127
1935.000	6.118
1936.000	6.118
1937.000	6.110
1938.000	6.101
1939.000	6.093
1940.000	6.084
1941.000	6.076
1942.000	6.067
1943.000	6.059
1944.000	6.050
1945.000	6.042
1946.000	6.033
1947.000	6.033
1948.000	6.025
1949.000	6.016
1950.000	6.007
1951.000	5.999
1952.000	5.990
1953.000	5.982
1954.000	5.973
1955.000	5.965
1956.000	5.956
1957.000	5.948
1958.000	5.939
1959.000	5.939
1960.000	5.931
1961.000	5.922
1962.000	5.914
1963.000	5.905
1964.000	5.897
1965.000	5.888
1966.000	5.880
1967.000	5.871
1968.000	5.863
1969.000	5.854
1970.000	5.854
1971.000	5.845
1972.000	5.837
1973.000	5.828
1974.000	5.820
1975.000	5.811
1976.000	5.803
1977.000	5.794
1978.000	5.786
1979.000	5.777
1980.000	5.769
1981.000	5.769
1982.000	5.760
1983.000	5.752
1984.000	5.743
1985.000	5.735
1986.000	5.726
1987.000	5.718
1988.000	5.709
1989.000	5.701
1990.000	5.692
1991.000	5.684
1992.000	5.684
1993.000	5.675
1994.000	5.667
1995.000	5.658
1996.000	5.650
1997.000	5.641
1998.000	5.633
1999.000	5.624
2000.000	5.616
2001.000	5.607
2002.000	5.599
2003.000	5.599
2004.000	5.590
2005.000	5.582
2006.000	5.573
2007.000	5.565
2008.000	5.556
2009.000	5.548
2010.000	5.539
2011.000	5.531
2012.000	5.523
2013.000	5.514
2014.000	5.514
2015.000	5.506
2016.000	5.497
2017.000	5.489
2018.000	5.480
2019.000	5.472
2020.000	5.463
2021.000	5.455
2022.000	5.446
2023.000	5.438
2024.000	5.429
2025.000	5.421
2026.000	5.421
2027.000	5.412
2028.000	5.404
2029.000	5.395
2030.000	5.387
2031.000	5.378
2032.000	5.370
2033.000	5.362
2034.000	5.353
2035.000	5.345
2036.000	5.336
2037.000	5.336
2038.000	5.328
2039.000	5.319
2040.000	5.311
2041.000	5.302
2042.000	5.294
2043.000	5.285
2044.000	5.277
2045.000	5.268
2046.000	5.260
2047.000	5.252
2048.000	4.246
2049.000	4.237
2050.000	4.229
2051.000	4.220
2052.000	4.212
2053.000	4.203
2054.000	4.195
2055.000	4.187
2056.000	4.178
2057.000	4.170
2058.000	4.161
2059.000	4.160
2060.000	4.152
2061.000	4.143
2062.000	4.135
2063.000	4.126
2064.000	4.118
2065.000	4.109
2066.000	4.101
2067.000	4.093
2068.000	4.084
2069.000	4.076
2070.000	4.075
2071.000	4.066
2072.000	4.058
2073.000	4.049
2074.000	4.041
2075.000	4.032
2076.000	4.024
2077.000	4.016
2078.000	4.007
2079.000	3.999
2080.000	3.990
2081.000	3.989
2082.000	3.981
2083.000	3.972
2084.000	3.964
2085.000	3.955
2086.000	3.947
2087.000	3.939
2088.000	3.930
2089.000	3.922
2090.000	3.913
2091.000	3.905
2092.000	3.904
2093.000	3.895
2094.000	3.887
2095.000	3.879
2096.000	3.870
2097.000	3.862
2098.000	3.853
2099.000	3.845
2100.000	3.836
2101.000	3.828
2102.000	3.820
2103.000	3.811
2104.000	3.810
2105.000	3.802
2106.000	3.793
2107.000	3.785
2108.000	3.776
2109.000	3.768
2110.000	3.760
2111.000	3.751
2112.000	3.743
2113.000	3.734
2114.000	3.726
2115.000	3.725
2116.000	3.717
2117.000	3.708
2118.000	3.700
2119.000	3.691
2120.000	3.683
2121.000	3.675
2122.000	3.666
2123.000	3.658
2124.000	3.649
2125.000	3.641
2126.000	3.640
2127.000	3.631
2128.000	3.623
2129.000	3.615
2130.000	3.606
2131.000	3.598
2132.000	3.590
2133.000	3.581
2134.000	3.573
2135.000	3.564
2136.000	3.556
2137.000	3.555
2138.000	3.546
2139.000	3.538
2140.000	3.530
2141.000	3.521
2142.000	3.513
2143.000	3.505
2144.000	3.496
2145.000	3.488
2146.000	3.479
2147.000	3.471
2148.000	3.470
2149.000	3.462
2150.000	3.453
2151.000	3.445
2152.000	3.436
2153.000	3.428
2154.000	3.420
2155.000	3.411
2156.000	3.403
2157.000	3.395
2158.000	3.386
2159.000	3.385
2160.000	3.377
2161.000	3.368
2162.000	3.360
2163.000	3.352
2164.000	3.343
2165.000	3.335
2166.000	3.326
2167.000	3.318
2168.000	3.310
2169.000	3.301
2170.000	3.293
2171.000	3.292
2172.000	3.284
2173.000	3.275
2174.000	3.267
2175.000	3.258
2176.000	3.250
2177.000	3.242
2178.000	3.233
2179.000	3.225
2180.000	3.217
2181.000	3.208
2182.000	3.207
2183.000	3.199
2184.000	3.191
2185.000	3.182
2186.000	3.174
2187.000	3.165
2188.000	3.157
2189.000	3.149
2190.000	3.140
2191.000	3.132
2192.000	3.124
2193.000	3.123
2194.000	3.114
2195.000	3.106
2196.000	3.098
2197.000	3.089
2198.000	3.081
2199.000	3.073
2200.000	3.064
2201.000	3.056
2202.000	3.048
2203.000	3.039
2204.000	3.038
2205.000	3.030
2206.000	3.021
2207.000	3.013
2208.000	3.005
2209.000	2.996
2210.000	2.988
2211.000	2.980
2212.000	2.971
2213.000	2.963
2214.000	2.955
2215.000	2.954
2216.000	2.945
2217.000	2.937
2218.000	2.929
2219.000	2.920
2220.000	2.912
2221.000	2.904
2222.000	2.895
2223.000	2.887
2224.000	2.879
2225.000	2.870
2226.000	2.869
2227.000	2.861
2228.000	2.853
2229.000	2.844
2230.000	2.836
2231.000	2.828
2232.000	2.819
2233.000	2.811
2234.000	2.803
2235.000	2.794
2236.000	2.786
2237.000	2.785
2238.000	2.777
2239.000	2.768
2240.000	2.760
2241.000	2.752
2242.000	2.743
2243.000	2.735
2244.000	2.727
2245.000	2.718
2246.000	2.710
2247.000	2.702
2248.000	2.694
2249.000	2.692
2250.000	2.684
2251.000	2.676
2252.000	2.667
2253.000	2.659
2254.000	2.651
2255.000	2.643
2256.000	2.634
2257.000	2.626
2258.000	2.618
2259.000	2.609
2260.000	2.608
2261.000	2.600
2262.000	2.592
2263.000	2.583
2264.000	2.575
2265.000	2.567
2266.000	2.558
2267.000	2.552
2268.000	2.549
2269.000	2.548
2270.000	2.535
2271.000	2.534
2272.000	2.533
2273.000	2.531
2274.000	2.530
2275.000	2.529
2276.000	2.528
2277.000	2.527
2278.000	2.526
2279.000	2.525
2280.000	2.524
2281.000	2.523
2282.000	2.522
2283.000	2.520
2284.000	2.519
2285.000	2.518
2286.000	2.517
2287.000	2.516
2288.000	2.515
2289.000	2.514
2290.000	2.513
2291.000	2.512
2292.000	2.511
2293.000	2.509
2294.000	2.508
2295.000	2.507
2296.000	2.506
2297.000	2.505
2298.000	2.504
2299.000	2.503
2300.000	2.502
2301.000	2.501
2302.000	2.499
2303.000	2.498
2304.000	2.497
2305.000	2.496
2306.000	2.495
2307.000	2.494
2308.000	2.493
2309.000	2.492
2310.000	2.491
2311.000	2.490
2312.000	2.488
2313.000	2.487
2314.000	2.486
2315.000	2.485
2316.000	2.484
2317.000	2.483
2318.000	2.482
2319.000	2.481
2320.000	2.480
2321.000	2.478
2322.000	2.477
2323.000	2.476
2324.000	2.475
2325.000	2.474
2326.000	2.473
2327.000	2.472
2328.000	2.471
2329.000	2.470
2330.000	2.469
2331.000	2.467
2332.000	2.466
2333.000	2.465
2334.000	2.464
2335.000	2.463
2336.000	2.462
2337.000	2.461
2338.000	2.460
2339.000	2.459
2340.000	2.458
2341.000	2.456
2342.000	2.455
2343.000	2.454
2344.000	2.453
2345.000	2.452
2346.000	2.451
2347.000	2.450
2348.000	2.449
2349.000	2.448
2350.000	2.446
2351.000	2.445
2352.000	2.444
2353.000	2.443
2354.000	2.442
2355.000	2.441
2356.000	2.440
2357.000	2.439
2358.000	2.438
2359.000	2.437
2360.000	2.435
2361.000	2.434
2362.000	2.433
2363.000	2.432
2364.000	2.431
2365.000	2.430
2366.000	2.429
2367.000	2.428
2368.000	2.427
2369.000	2.425
2370.000	2.424
2371.000	2.423
2372.000	2.422
2373.000	2.421
2374.000	2.420
2375.000	2.419
2376.000	2.418
2377.000	2.417
2378.000	2.416
2379.000	2.414
2380.000	2.413
2381.000	2.412
2382.000	2.411
2383.000	2.410
2384.000	2.409
2385.000	2.408
2386.000	2.407
2387.000	2.406
2388.000	2.405
2389.000	2.403
2390.000	2.402
2391.000	2.401
2392.000	2.400
2393.000	2.399
2394.000	2.398
2395.000	2.397
2396.000	2.396
2397.000	2.395
2398.000	2.393
2399.000	2.392
2400.000	2.391
2401.000	2.390
2402.000	2.389
2403.000	2.388
2404.000	2.387
2405.000	2.386
2406.000	2.385
2407.000	2.384
2408.000	2.382
2409.000	2.381
2410.000	2.380
2411.000	2.379
2412.000	2.378
2413.000	2.377
2414.000	2.376
2415.000	2.375
2416.000	2.374
2417.000	2.372
2418.000	2.371
2419.000	2.370
2420.000	2.369
2421.000	2.368
2422.000	2.367
2423.000	2.366
2424.000	2.365
2425.000	2.364
2426.000	2.363
2427.000	2.361
2428.000	2.360
2429.000	2.359
2430.000	2.358
2431.000	2.357
2432.000	2.356
2433.000	2.355
2434.000	2.354
2435.000	2.353
2436.000	2.352
2437.000	2.350
2438.000	2.349
2439.000	2.348
2440.000	2.347
2441.000	2.346
2442.000	2.345
2443.000	2.344
2444.000	2.343
2445.000	2.342
2446.000	2.340
2447.000	2.339
2448.000	2.338
2449.000	2.337
2450.000	2.336
2451.000	2.335
2452.000	2.334
2453.000	2.333
2454.000	2.332
2455.000	2.331
2456.000	2.329
2457.000	2.328
2458.000	2.327
2459.000	2.326
2460.000	2.325
2461.000	2.324
2462.000	2.323
2463.000	2.322
2464.000	2.321
2465.000	2.319
2466.000	2.318
2467.000	2.317
2468.000	2.316
2469.000	2.315
2470.000	2.314
2471.000	2.313
2472.000	2.312
2473.000	2.311
2474.000	2.310
2475.000	2.308
2476.000	2.307
2477.000	2.306
2478.000	2.305
2479.000	2.304
2480.000	2.303
2481.000	2.302
2482.000	2.301
2483.000	2.300
2484.000	2.299
2485.000	2.297
2486.000	2.296
2487.000	2.295
2488.000	2.294
2489.000	2.293
2490.000	2.292
2491.000	2.291
2492.000	2.290
2493.000	2.289
2494.000	2.287
2495.000	2.286
2496.000	2.285
2497.000	2.284
2498.000	2.283
2499.000	2.282
2500.000	2.281
2501.000	2.280
2502.000	2.279
2503.000	2.278
2504.000	2.276
2505.000	2.275
2506.000	2.274
2507.000	2.273
2508.000	2.272
2509.000	2.271
2510.000	2.270
2511.000	2.269
2512.000	2.268
2513.000	2.266
2514.000	2.265
2515.000	2.264
2516.000	2.263
2517.000	2.262
2518.000	2.261
2519.000	2.260
2520.000	2.259
2521.000	2.258
2522.000	2.257
2523.000	2.255
2524.000	2.254
2525.000	2.253
2526.000	2.252
2527.000	2.251
2528.000	2.250
2529.000	2.249
2530.000	2.248
2531.000	2.247
2532.000	2.246
2533.000	2.244
2534.000	2.243
2535.000	2.242
2536.000	2.241
2537.000	2.240
2538.000	2.239
2539.000	2.238
2540.000	2.237
2541.000	2.236
2542.000	2.234
2543.000	2.233
2544.000	2.232
2545.000	2.231
2546.000	2.230
2547.000	2.229
2548.000	2.228
2549.000	2.227
2550.000	2.226
2551.000	2.225
2552.000	2.223
2553.000	2.222
2554.000	2.221
2555.000	2.220
2556.000	2.219
2557.000	2.218
2558.000	2.217
2559.000	2.216
2560.000	2.215
2561.000	2.213
2562.000	2.212
2563.000	2.211
2564.000	2.210
2565.000	2.209
2566.000	2.208
2567.000	2.207
2568.000	2.206
2569.000	2.205
2570.000	2.204
2571.000	2.202
2572.000	2.201
2573.000	2.200
2574.000	2.199
2575.000	2.198
2576.000	2.197
2577.000	2.196
2578.000	2.195
2579.000	2.194
2580.000	2.193
2581.000	2.191
2582.000	2.190
2583.000	2.189
2584.000	2.188
2585.000	2.187
2586.000	2.186
2587.000	2.185
2588.000	2.184
2589.000	2.183
2590.000	2.181
2591.000	2.180
2592.000	2.179
2593.000	2.178
2594.000	2.177
2595.000	2.176
2596.000	2.175
2597.000	2.174
2598.000	2.173
2599.000	2.172
2600.000	2.170
2601.000	2.169
2602.000	2.168
2603.000	2.167
2604.000	2.166
2605.000	2.165
2606.000	2.164
2607.000	2.163
2608.000	2.162
2609.000	2.160
2610.000	2.159
2611.000	2.158
2612.000	2.157
2613.000	2.156
2614.000	2.155
2615.000	2.154
2616.000	2.153
2617.000	2.152
2618.000	2.151
2619.000	2.149
2620.000	2.148
2621.000	2.147
2622.000	2.146
2623.000	2.145
2624.000	2.144
2625.000	2.143
2626.000	2.142
2627.000	2.141
2628.000	2.140
2629.000	2.138
2630.000	2.137
2631.000	2.136
2632.000	2.135
2633.000	2.134
2634.000	2.133
2635.000	2.132
2636.000	2.131
2637.000	2.130
2638.000	2.128
2639.000	2.127
2640.000	2.126
2641.000	2.125
2642.000	2.124
2643.000	2.123
2644.000	2.122
2645.000	2.121
2646.000	2.120
2647.000	2.119
2648.000	2.117
2649.000	2.116
2650.000	2.115
2651.000	2.114
2652.000	2.113
2653.000	2.112
2654.000	2.111
2655.000	2.110
2656.000	2.109
2657.000	2.107
2658.000	2.106
2659.000	2.105
2660.000	2.104
2661.000	2.103
2662.000	2.102
2663.000	2.101
2664.000	2.100
2665.000	2.099
2666.000	2.098
2667.000	2.096
2668.000	2.095
2669.000	2.094
2670.000	2.093
2671.000	2.092
2672.000	2.091
2673.000	2.090
2674.000	2.089
2675.000	2.088
2676.000	2.087
2677.000	2.085
2678.000	2.084
2679.000	2.083
2680.000	2.082
2681.000	2.081
2682.000	2.080
2683.000	2.079
2684.000	2.078
2685.000	2.077
2686.000	2.075
2687.000	2.074
2688.000	2.073
2689.000	2.072
2690.000	2.071
2691.000	2.070
2692.000	2.069
2693.000	2.068
2694.000	2.067
2695.000	2.066
2696.000	2.064
2697.000	2.063
2698.000	2.062
2699.000	2.061
2700.000	2.060
2701.000	2.059
2702.000	2.058
2703.000	2.057
2704.000	2.056
2705.000	2.054
2706.000	2.053
2707.000	2.052
2708.000	2.051
2709.000	2.050
2710.000	2.049
2711.000	2.048
2712.000	2.047
2713.000	2.046
2714.000	2.045
2715.000	2.043
2716.000	2.042
2717.000	2.041
2718.000	2.040
2719.000	2.039
2720.000	2.038
2721.000	2.037
2722.000	2.036
2723.000	2.035
2724.000	2.034
2725.000	2.032
2726.000	2.031
2727.000	2.030
2728.000	2.029
2729.000	2.028
2730.000	2.027
2731.000	2.026
2732.000	2.025
2733.000	2.024
2734.000	2.022
2735.000	2.021
2736.000	2.020
2737.000	2.019
2738.000	2.018
2739.000	2.017
2740.000	2.016
2741.000	2.015
2742.000	2.014
2743.000	2.013
2744.000	2.011
2745.000	2.010
2746.000	2.009
2747.000	2.008
2748.000	2.007
2749.000	2.006
2750.000	2.005
2751.000	2.004
2752.000	2.003
2753.000	2.001
2754.000	2.000
2755.000	1.999
2756.000	1.998
2757.000	1.997
2758.000	1.996
2759.000	1.995
2760.000	1.994
2761.000	1.993
2762.000	1.992
2763.000	1.990
2764.000	1.989
2765.000	1.988
2766.000	1.987
2767.000	1.986
2768.000	1.985
2769.000	1.984
2770.000	1.983
2771.000	1.982
2772.000	1.981
2773.000	1.979
2774.000	1.978
2775.000	1.977
2776.000	1.976
2777.000	1.975
2778.000	1.974
2779.000	1.973
2780.000	1.972
2781.000	1.971
2782.000	1.969
2783.000	1.968
2784.000	1.967
2785.000	1.966
2786.000	1.965
2787.000	1.964
2788.000	1.963
2789.000	1.962
2790.000	1.961
2791.000	1.960
2792.000	1.958
2793.000	1.957
2794.000	1.956
2795.000	1.955
2796.000	1.954
2797.000	1.953
2798.000	1.952
2799.000	1.951
2800.000	1.950
2801.000	1.948
2802.000	1.947
2803.000	1.946
2804.000	1.945
2805.000	1.944
2806.000	1.943
2807.000	1.942
2808.000	1.941
2809.000	1.940
2810.000	1.939
2811.000	1.937
2812.000	1.936
2813.000	1.935
2814.000	1.934
2815.000	1.933
2816.000	1.932
2817.000	1.931
2818.000	1.930
2819.000	1.929
2820.000	1.928
2821.000	1.926
2822.000	1.925
2823.000	1.924
2824.000	1.923
2825.000	1.922
2826.000	1.921
2827.000	1.920
2828.000	1.919
2829.000	1.918
2830.000	1.916
2831.000	1.915
2832.000	1.914
2833.000	1.913
2834.000	1.912
2835.000	1.911
2836.000	1.910
2837.000	1.909
2838.000	1.908
2839.000	1.907
2840.000	1.905
2841.000	1.904
2842.000	1.903
2843.000	1.902
2844.000	1.901
2845.000	1.900
2846.000	1.899
2847.000	1.898
2848.000	1.897
2849.000	1.895
2850.000	1.894
2851.000	1.893
2852.000	1.892
2853.000	1.891
2854.000	1.890
2855.000	1.889
2856.000	1.888
2857.000	1.887
2858.000	1.886
2859.000	1.884
2860.000	1.883
2861.000	1.882
2862.000	1.881
2863.000	1.880
2864.000	1.879
2865.000	1.878
2866.000	1.877
2867.000	1.876
2868.000	1.874
2869.000	1.873
2870.000	1.872
2871.000	1.871
2872.000	1.870
2873.000	1.869
2874.000	1.868
2875.000	1.867
2876.000	1.866
2877.000	1.865
2878.000	1.863
2879.000	1.862
2880.000	1.861
2881.000	1.860
2882.000	1.859
2883.000	1.858
2884.000	1.857
2885.000	1.856
2886.000	1.855
2887.000	1.854
2888.000	1.852
2889.000	1.851
2890.000	1.850
2891.000	1.849
2892.000	1.848
2893.000	1.847
2894.000	1.846
2895.000	1.845
2896.000	1.844
2897.000	1.842
2898.000	1.841
2899.000	1.840
2900.000	1.839
2901.000	1.838
2902.000	1.837
2903.000	1.836
2904.000	1.835
2905.000	1.834
2906.000	1.833
2907.000	1.831
2908.000	1.830
2909.000	1.829
2910.000	1.828
2911.000	1.827
2912.000	1.826
2913.000	1.825
2914.000	1.824
2915.000	1.823
2916.000	1.821
2917.000	1.820
2918.000	1.819
2919.000	1.818
2920.000	1.817
2921.000	1.816
2922.000	1.815
2923.000	1.814
2924.000	1.813
2925.000	1.812
2926.000	1.810
2927.000	1.809
2928.000	1.808
2929.000	1.807
2930.000	1.806
2931.000	1.805
2932.000	1.804
2933.000	1.803
2934.000	1.802
2935.000	1.801
2936.000	1.799
2937.000	1.798
2938.000	1.797
2939.000	1.796
2940.000	1.795
2941.000	1.794
2942.000	1.793
2943.000	1.792
2944.000	1.791
2945.000	1.789
2946.000	1.788
2947.000	1.787
2948.000	1.786
2949.000	1.785
2950.000	1.784
2951.000	1.783
2952.000	1.782
2953.000	1.781
2954.000	1.780
2955.000	1.778
2956.000	1.777
2957.000	1.776
2958.000	1.775
2959.000	1.774
2960.000	1.773
2961.000	1.772
2962.000	1.771
2963.000	1.770
2964.000	1.768
2965.000	1.767
2966.000	1.766
2967.000	1.765
2968.000	1.764
2969.000	1.763
2970.000	1.762
2971.000	1.761
2972.000	1.760
2973.000	1.759
2974.000	1.757
2975.000	1.756
2976.000	1.755
2977.000	1.754
2978.000	1.753
2979.000	1.752
2980.000	1.751
2981.000	1.750
2982.000	1.749
2983.000	1.748
2984.000	1.746
2985.000	1.745
2986.000	1.744
2987.000	1.743
2988.000	1.742
2989.000	1.741
2990.000	1.740
2991.000	1.739
2992.000	1.738
2993.000	1.736
2994.000	1.735
2995.000	1.734
2996.000	1.733
2997.000	1.732
2998.000	1.731
2999.000	1.730
3000.000	1.729
3001.000	1.728
3002.000	1.727
3003.000	1.725
3004.000	1.724
3005.000	1.723
3006.000	1.722
3007.000	1.721
3008.000	1.720
3009.000	1.719
3010.000	1.718
3011.000	1.717
3012.000	1.715
3013.000	1.714
3014.000	1.713
3015.000	1.712
3016.000	1.711
3017.000	1.710
3018.000	1.709
3019.000	1.708
3020.000	1.707
3021.000	1.706
3022.000	1.704
3023.000	1.703
3024.000	1.702
3025.000	1.701
3026.000	1.700
3027.000	1.699
3028.000	1.698
3029.000	1.697
3030.000	1.696
3031.000	1.695
3032.000	1.693
3033.000	1.692
3034.000	1.691
3035.000	1.690
3036.000	1.689
3037.000	1.688
3038.000	1.687
3039.000	1.686
3040.000	1.685
3041.000	1.683
3042.000	1.682
3043.000	1.681
3044.000	1.680
3045.000	1.679
3046.000	1.678
3047.000	1.677
3048.000	1.676
3049.000	1.675
3050.000	1.674
3051.000	1.672
3052.000	1.671
3053.000	1.670
3054.000	1.669
3055.000	1.668
3056.000	1.667
3057.000	1.666
3058.000	1.665
3059.000	1.664
3060.000	1.662
3061.000	1.661
3062.000	1.660
3063.000	1.659
3064.000	1.658
3065.000	1.657
3066.000	1.656
3067.000	1.655
3068.000	1.654
3069.000	1.653
3070.000	1.651
3071.000	1.650
3072.000	1.649
3073.000	1.648
3074.000	1.647
3075.000	1.646
3076.000	1.645
3077.000	1.644
3078.000	1.643
3079.000	1.642
3080.000	1.640
3081.000	1.639
3082.000	1.638
3083.000	1.637
3084.000	1.636
3085.000	1.635
3086.000	1.634
3087.000	1.633
3088.000	1.632
3089.000	1.630
3090.000	1.629
3091.000	1.628
3092.000	1.627
3093.000	1.626
3094.000	1.625
3095.000	1.624
3096.000	1.623
3097.000	1.622
3098.000	1.621
3099.000	1.619
3100.000	1.618
3101.000	1.617
3102.000	1.616
3103.000	1.615
3104.000	1.614
3105.000	1.613
3106.000	1.612
3107.000	1.611
3108.000	1.609
3109.000	1.608
3110.000	1.607
3111.000	1.606
3112.000	1.605
3113.000	1.604
3114.000	1.603
3115.000	1.602
3116.000	1.601
3117.000	1.600
3118.000	1.598
3119.000	1.597
3120.000	1.596
3121.000	1.595
3122.000	1.594
3123.000	1.593
3124.000	1.592
3125.000	1.591
3126.000	1.590
3127.000	1.589
3128.000	1.587
3129.000	1.586
3130.000	1.585
3131.000	1.584
3132.000	1.583
3133.000	1.582
3134.000	1.581
3135.000	1.580
3136.000	1.579
3137.000	1.577
3138.000	1.576
3139.000	1.575
3140.000	1.574
3141.000	1.573
3142.000	1.572
3143.000	1.571
3144.000	1.570
3145.000	1.569
3146.000	1.568
3147.000	1.566
3148.000	1.565
3149.000	1.564
3150.000	1.563
3151.000	1.562
3152.000	1.561
3153.000	1.560
3154.000	1.559
3155.000	1.558
3156.000	1.556
3157.000	1.555
3158.000	1.554
3159.000	1.553
3160.000	1.552
3161.000	1.551
3162.000	1.550
3163.000	1.549
3164.000	1.548
3165.000	1.547
3166.000	1.545
3167.000	1.544
3168.000	1.543
3169.000	1.542
3170.000	1.541
3171.000	1.540
3172.000	1.539
3173.000	1.538
3174.000	1.537
3175.000	1.536
3176.000	1.534
3177.000	1.533
3178.000	1.532
3179.000	1.531
3180.000	1.530
3181.000	1.529
3182.000	1.528
3183.000	1.527
3184.000	1.526
3185.000	1.524
3186.000	1.523
3187.000	1.522
3188.000	1.521
3189.000	1.520
3190.000	1.519
3191.000	1.518
3192.000	1.517
3193.000	1.516
3194.000	1.515
3195.000	1.513
3196.000	1.512
3197.000	1.511
3198.000	1.510
3199.000	1.509
3200.000	1.508
3201.000	1.507
3202.000	1.506
3203.000	1.505
3204.000	1.503
3205.000	1.502
3206.000	1.501
3207.000	1.500
3208.000	1.499
3209.000	1.498
3210.000	1.497
3211.000	1.496
3212.000	1.495
3213.000	1.494
3214.000	1.492
3215.000	1.491
3216.000	1.490
3217.000	1.489
3218.000	1.488
3219.000	1.487
3220.000	1.486
3221.000	1.485
3222.000	1.484
3223.000	1.483
3224.000	1.481
3225.000	1.480
3226.000	1.479
3227.000	1.478
3228.000	1.477
3229.000	1.476
3230.000	1.475
3231.000	1.474
3232.000	1.473
3233.000	1.471
3234.000	1.470
3235.000	1.469
3236.000	1.468
3237.000	1.467
3238.000	1.466
3239.000	1.465
3240.000	1.464
3241.000	1.463
3242.000	1.462
3243.000	1.460
3244.000	1.459
3245.000	1.458
3246.000	1.457
3247.000	1.456
3248.000	1.455
3249.000	1.454
3250.000	1.453
3251.000	1.452
3252.000	1.450
3253.000	1.449
3254.000	1.448
3255.000	1.447
3256.000	1.446
3257.000	1.445
3258.000	1.444
3259.000	1.443
3260.000	1.442
3261.000	1.441
3262.000	1.439
3263.000	1.438
3264.000	1.437
3265.000	1.436
3266.000	1.435
3267.000	1.434
3268.000	1.433
3269.000	1.432
3270.000	1.431
3271.000	1.430
3272.000	1.428
3273.000	1.427
3274.000	1.426
3275.000	1.425
3276.000	1.424
3277.000	1.423
3278.000	1.422
3279.000	1.421
3280.000	1.420
3281.000	1.418
3282.000	1.417
3283.000	1.416
3284.000	1.415
3285.000	1.414
3286.000	1.413
3287.000	1.412
3288.000	1.411
3289.000	1.410
3290.000	1.409
3291.000	1.407
3292.000	1.406
3293.000	1.405
3294.000	1.404
3295.000	1.403
3296.000	1.402
3297.000	1.401
3298.000	1.400
3299.000	1.399
3300.000	1.397
3301.000	1.396
3302.000	1.395
3303.000	1.394
3304.000	1.393
3305.000	1.392
3306.000	1.391
3307.000	1.390
3308.000	1.389
3309.000	1.388
3310.000	1.386
3311.000	1.385
3312.000	1.384
3313.000	1.383
3314.000	1.382
3315.000	1.381
3316.000	1.380
3317.000	1.379
3318.000	1.378
3319.000	1.377
3320.000	1.375
3321.000	1.374
3322.000	1.373
3323.000	1.372
3324.000	1.371
3325.000	1.370
3326.000	1.369
3327.000	1.368
3328.000	1.367
3329.000	1.365
3330.000	1.364
3331.000	1.363
3332.000	1.362
3333.000	1.361
3334.000	1.360
3335.000	1.359
3336.000	1.358
3337.000	1.357
3338.000	1.356
3339.000	1.354
3340.000	1.353
3341.000	1.352
3342.000	1.351
3343.000	1.350
3344.000	1.349
3345.000	1.348
3346.000	1.347
3347.000	1.346
3348.000	1.344
3349.000	1.343
3350.000	1.342
3351.000	1.341
3352.000	1.340
3353.000	1.339
3354.000	1.338
3355.000	1.337
3356.000	1.336
3357.000	1.335
3358.000	1.333
3359.000	1.332
3360.000	1.331
3361.000	1.330
3362.000	1.329
3363.000	1.328
3364.000	1.327
3365.000	1.326
3366.000	1.325
3367.000	1.324
3368.000	1.322
3369.000	1.321
3370.000	1.320
3371.000	1.319
3372.000	1.318
3373.000	1.317
3374.000	1.316
3375.000	1.315
3376.000	1.314
3377.000	1.312
3378.000	1.311
3379.000	1.310
3380.000	1.309
3381.000	1.308
3382.000	1.307
3383.000	1.306
3384.000	1.305
3385.000	1.304
3386.000	1.303
3387.000	1.301
3388.000	1.300
3389.000	1.299
3390.000	1.298
3391.000	1.297
3392.000	1.296
3393.000	1.295
3394.000	1.294
3395.000	1.293
3396.000	1.291
3397.000	1.290
3398.000	1.289
3399.000	1.288
3400.000	1.287
3401.000	1.286
3402.000	1.285
3403.000	1.284
3404.000	1.283
3405.000	1.282
3406.000	1.280
3407.000	1.279
3408.000	1.278
3409.000	1.277
3410.000	1.276
3411.000	1.275
3412.000	1.274
3413.000	1.273
3414.000	1.272
3415.000	1.271
3416.000	1.269
3417.000	1.268
3418.000	1.267
3419.000	1.266
3420.000	1.265
3421.000	1.264
3422.000	1.263
3423.000	1.262
3424.000	1.261
3425.000	1.259
3426.000	1.258
3427.000	1.257
3428.000	1.256
3429.000	1.255
3430.000	1.254
3431.000	1.253
3432.000	1.252
3433.000	1.251
3434.000	1.250
3435.000	1.248
3436.000	1.247
3437.000	1.246
3438.000	1.245
3439.000	1.244
3440.000	1.243
3441.000	1.242
3442.000	1.241
3443.000	1.240
3444.000	1.238
3445.000	1.237
3446.000	1.236
3447.000	1.235
3448.000	1.234
3449.000	1.233
3450.000	1.232
3451.000	1.231
3452.000	1.230
3453.000	1.229
3454.000	1.227
3455.000	1.226
3456.000	1.225
3457.000	1.224
3458.000	1.223
3459.000	1.222
3460.000	1.221
3461.000	1.220
3462.000	1.219
3463.000	1.218
3464.000	1.216
3465.000	1.215
3466.000	1.214
3467.000	1.213
3468.000	1.212
3469.000	1.211
3470.000	1.210
3471.000	1.209
3472.000	1.208
3473.000	1.206
3474.000	1.205
3475.000	1.204
3476.000	1.203
3477.000	1.202
3478.000	1.201
3479.000	1.200
3480.000	1.199
3481.000	1.198
3482.000	1.197
3483.000	1.195
3484.000	1.194
3485.000	1.193
3486.000	1.192
3487.000	1.191
3488.000	1.190
3489.000	1.189
3490.000	1.188
3491.000	1.187
3492.000	1.185
3493.000	1.184
3494.000	1.183
3495.000	1.182
3496.000	1.181
3497.000	1.180
3498.000	1.179
3499.000	1.178
3500.000	1.177
3501.000	1.176
3502.000	1.174
3503.000	1.173
3504.000	1.172
3505.000	1.171
3506.000	1.170
3507.000	1.169
3508.000	1.168
3509.000	1.167
3510.000	1.166
3511.000	1.165
3512.000	1.163
3513.000	1.162
3514.000	1.161
3515.000	1.160
3516.000	1.159
3517.000	1.158
3518.000	1.157
3519.000	1.156
3520.000	1.155
3521.000	1.153
3522.000	1.152
3523.000	1.151
3524.000	1.150
3525.000	1.149
3526.000	1.148
3527.000	1.147
3528.000	1.146
3529.000	1.145
3530.000	1.144
3531.000	1.142
3532.000	1.141
3533.000	1.140
3534.000	1.139
3535.000	1.138
3536.000	1.137
3537.000	1.136
3538.000	1.135
3539.000	1.134
3540.000	1.132
3541.000	1.131
3542.000	1.130
3543.000	1.129
3544.000	1.128
3545.000	1.127
3546.000	1.126
3547.000	1.125
3548.000	1.124
3549.000	1.123
3550.000	1.121
3551.000	1.120
3552.000	1.119
3553.000	1.118
3554.000	1.117
3555.000	1.116
3556.000	1.115
3557.000	1.114
3558.000	1.113
3559.000	1.112
3560.000	1.110
3561.000	1.109
3562.000	1.108
3563.000	1.107
3564.000	1.106
3565.000	1.105
3566.000	1.104
3567.000	1.103
3568.000	1.102
3569.000	1.100
3570.000	1.099
3571.000	1.098
3572.000	1.097
3573.000	1.096
3574.000	1.095
3575.000	1.094
3576.000	1.093
3577.000	1.092
3578.000	1.091
3579.000	1.089
3580.000	1.088
3581.000	1.087
3582.000	1.086
3583.000	1.085
3584.000	1.084
3585.000	1.083
3586.000	1.082
3587.000	1.081
3588.000	1.079
3589.000	1.078
3590.000	1.077
3591.000	1.076
3592.000	1.075
3593.000	1.074
3594.000	1.073
3595.000	1.072
3596.000	1.071
3597.000	1.070
3598.000	1.068
3599.000	1.067
3600.000	1.066
3601.000	1.065
3602.000	1.064
3603.000	1.063
3604.000	1.062
3605.000	1.061
3606.000	1.060
3607.000	1.059
3608.000	1.057
3609.000	1.056
3610.000	1.055
3611.000	1.054
3612.000	1.053
3613.000	1.052
3614.000	1.051
3615.000	1.050
3616.000	1.049
3617.000	1.047
3618.000	1.046
3619.000	1.045
3620.000	1.044
3621.000	1.043
3622.000	1.042
3623.000	1.041
3624.000	1.040
3625.000	1.039
3626.000	1.038
3627.000	1.036
3628.000	1.035
3629.000	1.034
3630.000	1.033
3631.000	1.032
3632.000	1.031
3633.000	1.030
3634.000	1.029
3635.000	1.028
3636.000	1.026
3637.000	1.025
3638.000	1.024
3639.000	1.023
3640.000	1.022
3641.000	1.021
3642.000	1.020
3643.000	1.019
3644.000	1.018
3645.000	1.016
3646.000	1.015
3647.000	1.014
3648.000	1.013
3649.000	1.012
3650.000	1.011
3651.000	1.010
3652.000	1.009
3653.000	1.008
3654.000	1.006
3655.000	1.005
3656.000	1.004
3657.000	1.003
3658.000	1.002
3659.000	1.001
3660.000	1.000
3661.000	0.999
3662.000	0.997
3663.000	0.996
3664.000	0.995
3665.000	0.994
3666.000	0.993
3667.000	0.992
3668.000	0.991
3669.000	0.990
3670.000	0.989
3671.000	0.987
3672.000	0.986
3673.000	0.985
3674.000	0.984
3675.000	0.983
3676.000	0.982
3677.000	0.981
3678.000	0.980
3679.000	0.979
3680.000	0.977
3681.000	0.976
3682.000	0.975
3683.000	0.974
3684.000	0.973
3685.000	0.972
3686.000	0.971
3687.000	0.970
3688.000	0.968
3689.000	0.967
3690.000	0.966
3691.000	0.965
3692.000	0.964
3693.000	0.963
3694.000	0.962
3695.000	0.961
3696.000	0.960
3697.000	0.958
3698.000	0.957
3699.000	0.956
3700.000	0.955
3701.000	0.954
3702.000	0.953
3703.000	0.952
3704.000	0.951
3705.000	0.949
3706.000	0.948
3707.000	0.947
3708.000	0.946
3709.000	0.945
3710.000	0.944
3711.000	0.943
3712.000	0.942
3713.000	0.940
3714.000	0.939
3715.000	0.938
3716.000	0.937
3717.000	0.936
3718.000	0.935
3719.000	0.934
3720.000	0.932
3721.000	0.931
3722.000	0.930
3723.000	0.929
3724.000	0.928
3725.000	0.927
3726.000	0.926
3727.000	0.924
3728.000	0.923
3729.000	0.922
3730.000	0.921
3731.000	0.920
3732.000	0.919
3733.000	0.917
3734.000	0.916
3735.000	0.915
3736.000	0.914
3737.000	0.913
3738.000	0.912
3739.000	0.910
3740.000	0.909
3741.000	0.908
3742.000	0.907
3743.000	0.906
3744.000	0.905
3745.000	0.903
3746.000	0.902
3747.000	0.901
3748.000	0.900
3749.000	0.899
3750.000	0.898
3751.000	0.897
3752.000	0.896
3753.000	0.895
3754.000	0.893
3755.000	0.892
3756.000	0.891
3757.000	0.890
3758.000	0.889
3759.000	0.888
3760.000	0.887
3761.000	0.886
3762.000	0.885
3763.000	0.884
3764.000	0.882
3765.000	0.881
3766.000	0.880
3767.000	0.879
3768.000	0.878
3769.000	0.877
3770.000	0.876
3771.000	0.875
3772.000	0.874
3773.000	0.873
3774.000	0.871
3775.000	0.870
3776.000	0.869
3777.000	0.868
3778.000	0.867
3779.000	0.866
3780.000	0.865
3781.000	0.864
3782.000	0.863
3783.000	0.861
3784.000	0.860
3785.000	0.859
3786.000	0.858
3787.000	0.857
3788.000	0.856
3789.000	0.855
3790.000	0.854
3791.000	0.853
3792.000	0.852
3793.000	0.850
3794.000	0.849
3795.000	0.848
3796.000	0.847
3797.000	0.846
3798.000	0.845
3799.000	0.844
3800.000	0.843
3801.000	0.842
3802.000	0.840
3803.000	0.839
3804.000	0.838
3805.000	0.837
3806.000	0.836
3807.000	0.835
3808.000	0.834
3809.000	0.833
3810.000	0.832
3811.000	0.831
3812.000	0.829
3813.000	0.828
3814.000	0.827
3815.000	0.826
3816.000	0.825
3817.000	0.824
3818.000	0.823
3819.000	0.822
3820.000	0.821
3821.000	0.820
3822.000	0.818
3823.000	0.817
3824.000	0.816
3825.000	0.815
3826.000	0.814
3827.000	0.813
3828.000	0.812
3829.000	0.811
3830.000	0.810
3831.000	0.808
3832.000	0.807
3833.000	0.806
3834.000	0.805
3835.000	0.804
3836.000	0.803
3837.000	0.802
3838.000	0.801
3839.000	0.800
3840.000	0.799
3841.000	0.797
3842.000	0.796
3843.000	0.795
3844.000	0.794
3845.000	0.793
3846.000	0.792
3847.000	0.791
3848.000	0.790
3849.000	0.789
3850.000	0.787
3851.000	0.786
3852.000	0.785
3853.000	0.784
3854.000	0.783
3855.000	0.782
3856.000	0.781
3857.000	0.780
3858.000	0.779
3859.000	0.778
3860.000	0.776
3861.000	0.775
3862.000	0.774
3863.000	0.773
3864.000	0.772
3865.000	0.771
3866.000	0.770
3867.000	0.769
3868.000	0.768
3869.000	0.767
3870.000	0.765
3871.000	0.764
3872.000	0.763
3873.000	0.762
3874.000	0.761
3875.000	0.760
3876.000	0.759
3877.000	0.758
3878.000	0.757
3879.000	0.755
3880.000	0.754
3881.000	0.753
3882.000	0.752
3883.000	0.751
3884.000	0.750
3885.000	0.749
3886.000	0.748
3887.000	0.747
3888.000	0.746
3889.000	0.744
3890.000	0.743
3891.000	0.742
3892.000	0.741
3893.000	0.740
3894.000	0.739
3895.000	0.738
3896.000	0.737
3897.000	0.736
3898.000	0.734
3899.000	0.733
3900.000	0.732
3901.000	0.731
3902.000	0.730
3903.000	0.729
3904.000	0.728
3905.000	0.727
3906.000	0.726
3907.000	0.725
3908.000	0.723
3909.000	0.722
3910.000	0.721
3911.000	0.720
3912.000	0.719
3913.000	0.718
3914.000	0.717
3915.000	0.716
3916.000	0.715
3917.000	0.714
3918.000	0.712
3919.000	0.711
3920.000	0.710
3921.000	0.709
3922.000	0.708
3923.000	0.707
3924.000	0.706
3925.000	0.705
3926.000	0.704
3927.000	0.702
3928.000	0.701
3929.000	0.700
3930.000	0.699
3931.000	0.698
3932.000	0.697
3933.000	0.696
3934.000	0.695
3935.000	0.694
3936.000	0.693
3937.000	0.691
3938.000	0.690
3939.000	0.689
3940.000	0.688
3941.000	0.687
3942.000	0.686
3943.000	0.685
3944.000	0.684
3945.000	0.683
3946.000	0.681
3947.000	0.680
3948.000	0.679
3949.000	0.678
3950.000	0.677
3951.000	0.676
3952.000	0.675
3953.000	0.674
3954.000	0.673
3955.000	0.672
3956.000	0.670
3957.000	0.669
3958.000	0.668
3959.000	0.667
3960.000	0.666
3961.000	0.665
3962.000	0.664
3963.000	0.663
3964.000	0.662
3965.000	0.661
3966.000	0.659
3967.000	0.658
3968.000	0.657
3969.000	0.656
3970.000	0.655
3971.000	0.654
3972.000	0.653
3973.000	0.652
3974.000	0.651
3975.000	0.649
3976.000	0.648
3977.000	0.647
3978.000	0.637
3979.000	0.636
3980.000	0.635
3981.000	0.634
3982.000	0.633
3983.000	0.632
3984.000	0.630
3985.000	0.629
3986.000	0.628
3987.000	0.627
3988.000	0.626
3989.000	0.625
3990.000	0.624
3991.000	0.623
3992.000	0.622
3993.000	0.621
3994.000	0.619
3995.000	0.618
3996.000	0.617
3997.000	0.616
3998.000	0.615
3999.000	0.614
4000.000	0.613
4001.000	0.612
4002.000	0.611
4003.000	0.609
4004.000	0.608
4005.000	0.607
4006.000	0.606
4007.000	0.605
4008.000	0.604
4009.000	0.603
4010.000	0.602
4011.000	0.601
4012.000	0.600
4013.000	0.598
4014.000	0.597
4015.000	0.596
4016.000	0.595
4017.000	0.594
4018.000	0.593
4019.000	0.592
4020.000	0.591
4021.000	0.590
4022.000	0.588
4023.000	0.587
4024.000	0.586
4025.000	0.585
4026.000	0.584
4027.000	0.583
4028.000	0.582
4029.000	0.581
4030.000	0.580
4031.000	0.579
4032.000	0.577
4033.000	0.576
4034.000	0.575
4035.000	0.574
4036.000	0.573
4037.000	0.572
4038.000	0.571
4039.000	0.570
4040.000	0.569
4041.000	0.568
4042.000	0.566
4043.000	0.565
4044.000	0.564
4045.000	0.563
4046.000	0.562
4047.000	0.561
4048.000	0.560
4049.000	0.559
4050.000	0.558
4051.000	0.556
4052.000	0.555
4053.000	0.554
4054.000	0.553
4055.000	0.552
4056.000	0.537
4057.000	0.536
4058.000	0.534
4059.000	0.533
4060.000	0.532
4061.000	0.531
4062.000	0.530
4063.000	0.529
4064.000	0.524
4065.000	0.512
4066.000	0.511
4067.000	0.509
4068.000	0.508
4069.000	0.507
4070.000	0.506
4071.000	0.505
4072.000	0.504
4073.000	0.498
4074.000	0.497
4075.000	0.496
4076.000	0.495
4077.000	0.494
4078.000	0.491
4079.000	0.490
4080.000	0.489
4081.000	0.488
4082.000	0.483
4083.000	0.482
4084.000	0.481
4085.000	0.480
4086.000	0.478
4087.000	0.477
4088.000	0.476
4089.000	0.475
4090.000	0.474
4091.000	0.473
4092.000	0.459
4093.000	0.448
4094.000	0.447
4095.000	0.000
