0.000	21.911
1.000	21.864
2.000	21.817
3.000	21.770
4.000	21.723
5.000	21.675
6.000	21.628
7.000	21.581
8.000	21.534
9.000	21.487
10.000	21.440
11.000	21.393
12.000	21.346
13.000	21.299
14.000	21.252
15.000	21.204
16.000	21.157
17.000	21.110
18.000	21.063
19.000	21.016
20.000	20.969
21.000	20.922
22.000	20.875
23.000	20.828
24.000	20.781
25.000	20.734
26.000	20.686
27.000	20.639
28.000	20.592
29.000	20.545
30.000	20.498
31.000	20.451
32.000	20.404
33.000	20.357
34.000	20.310
35.000	20.263
36.000	20.215
37.000	20.168
38.000	20.121
39.000	20.074
40.000	20.027
41.000	19.980
42.000	19.933
43.000	19.886
44.000	19.839
45.000	19.792
46.000	19.744
47.000	19.697
48.000	19.653
49.000	19.609
50.000	19.567
51.000	19.519
52.000	19.478
53.000	19.438
54.000	19.399
55.000	19.362
56.000	19.326
57.000	19.292
58.000	19.258
59.000	19.226
60.000	19.195
61.000	19.166
62.000	19.119
63.000	19.090
64.000	19.063
65.000	19.037
66.000	19.012
67.000	18.989
68.000	18.967
69.000	18.945
70.000	18.925
71.000	18.906
72.000	18.889
73.000	18.887
74.000	18.870
75.000	18.854
76.000	18.840
77.000	18.827
78.000	18.814
79.000	18.803
80.000	18.793
81.000	18.784
82.000	18.776
83.000	18.769
84.000	18.767
85.000	18.761
86.000	18.756
87.000	18.752
88.000	18.749
89.000	18.747
90.000	18.745
91.000	18.743
92.000	18.741
93.000	18.739
94.000	18.737
95.000	18.735
96.000	18.733
97.000	18.731
98.000	18.729
99.000	18.727
100.000	18.725
101.000	18.723
102.000	18.720
103.000	18.718
104.000	18.716
105.000	18.714
106.000	18.712
107.000	18.710
108.000	18.708
109.000	18.706
110.000	18.704
111.000	18.702
112.000	18.700
113.000	18.698
114.000	18.696
115.000	18.694
116.000	18.692
117.000	18.690
118.000	18.688
119.000	18.686
120.000	18.684
121.000	18.682
122.000	18.680
123.000	18.678
124.000	18.676
125.000	18.674
126.000	18.672
127.000	18.670
128.000	18.668
129.000	18.666
130.000	18.664
131.000	18.662
132.000	18.660
133.000	18.658
134.000	18.656
135.000	18.653
136.000	18.651
137.000	18.649
138.000	18.647
139.000	18.645
140.000	18.643
141.000	18.641
142.000	18.639
143.000	18.637
144.000	18.635
145.000	18.633
146.000	18.631
147.000	18.629
148.000	18.627
149.000	18.625
150.000	18.623
151.000	18.621
152.000	18.619
153.000	18.617
154.000	18.615
155.000	18.613
156.000	18.611
157.000	18.609
158.000	18.607
159.000	18.605
160.000	18.603
161.000	18.601
162.000	18.599
163.000	18.597
164.000	18.595
165.000	18.593
166.000	18.591
167.000	18.589
168.000	18.587
169.000	18.584
170.000	18.582
171.000	18.580
172.000	18.578
173.000	18.576
174.000	18.574
175.000	18.572
176.000	18.570
177.000	18.568
178.000	18.566
179.000	18.564
180.000	18.562
181.000	18.560
182.000	18.558
183.000	18.556
184.000	18.554
185.000	18.552
186.000	18.550
187.000	18.548
188.000	18.546
189.000	18.544
190.000	18.542
191.000	18.498
192.000	18.455
193.000	18.412
194.000	18.370
195.000	18.327
196.000	18.325
197.000	18.282
198.000	18.239
199.000	18.197
200.000	18.154
201.000	18.112
202.000	18.070
203.000	18.028
204.000	17.986
205.000	17.944
206.000	17.903
207.000	17.901
208.000	17.859
209.000	17.818
210.000	17.776
211.000	17.735
212.000	17.694
213.000	17.653
214.000	17.613
215.000	17.572
216.000	17.531
217.000	17.491
218.000	17.489
219.000	17.448
220.000	17.408
221.000	17.368
222.000	17.328
223.000	17.288
224.000	17.248
225.000	17.208
226.000	17.168
227.000	17.129
228.000	17.090
229.000	17.088
230.000	17.049
231.000	17.009
232.000	16.970
233.000	16.931
234.000	16.892
235.000	16.854
236.000	16.815
237.000	16.776
238.000	16.738
239.000	16.699
240.000	16.661
241.000	16.659
242.000	16.621
243.000	16.583
244.000	16.545
245.000	16.507
246.000	16.469
247.000	16.431
248.000	16.394
249.000	16.356
250.000	16.319
251.000	16.282
252.000	16.280
253.000	16.242
254.000	16.205
255.000	16.168
256.000	16.131
257.000	16.094
258.000	16.058
259.000	16.021
260.000	15.984
261.000	15.982
262.000	15.980
263.000	15.978
264.000	15.976
265.000	15.974
266.000	15.972
267.000	15.970
268.000	15.968
269.000	15.966
270.000	15.964
271.000	15.962
272.000	15.960
273.000	15.950
274.000	15.948
275.000	15.932
276.000	15.909
277.000	15.881
278.000	15.839
279.000	15.798
280.000	15.757
281.000	15.716
282.000	15.675
283.000	15.635
284.000	15.594
285.000	15.592
286.000	15.551
287.000	15.511
288.000	15.470
289.000	15.430
290.000	15.390
291.000	15.350
292.000	15.310
293.000	15.270
294.000	15.231
295.000	15.191
296.000	15.189
297.000	15.150
298.000	15.110
299.000	15.071
300.000	15.032
301.000	14.993
302.000	14.954
303.000	14.915
304.000	14.876
305.000	14.837
306.000	14.799
307.000	14.760
308.000	14.758
309.000	14.720
310.000	14.681
311.000	14.643
312.000	14.605
313.000	14.567
314.000	14.529
315.000	14.491
316.000	14.453
317.000	14.416
318.000	14.378
319.000	14.377
320.000	14.339
321.000	14.302
322.000	14.265
323.000	14.228
324.000	14.190
325.000	14.153
326.000	14.116
327.000	14.080
328.000	14.043
329.000	14.006
330.000	14.005
331.000	13.968
332.000	13.932
333.000	13.895
334.000	13.859
335.000	13.823
336.000	13.787
337.000	13.751
338.000	13.715
339.000	13.679
340.000	13.643
341.000	13.642
342.000	13.606
343.000	13.570
344.000	13.535
345.000	13.499
346.000	13.464
347.000	13.428
348.000	13.393
349.000	13.358
350.000	13.323
351.000	13.288
352.000	13.287
353.000	13.252
354.000	13.217
355.000	13.182
356.000	13.147
357.000	13.112
358.000	13.078
359.000	13.043
360.000	13.015
361.000	12.993
362.000	12.976
363.000	12.975
364.000	12.963
365.000	12.956
366.000	12.955
367.000	12.954
368.000	12.953
369.000	12.951
370.000	12.950
371.000	12.949
372.000	12.948
373.000	12.946
374.000	12.945
375.000	12.944
376.000	12.943
377.000	12.941
378.000	12.940
379.000	12.939
380.000	12.938
381.000	12.936
382.000	12.935
383.000	12.934
384.000	12.933
385.000	12.931
386.000	12.930
387.000	12.929
388.000	12.928
389.000	12.926
390.000	12.925
391.000	12.924
392.000	12.923
393.000	12.921
394.000	12.920
395.000	12.919
396.000	12.917
397.000	12.916
398.000	12.914
399.000	12.887
400.000	12.860
401.000	12.832
402.000	12.805
403.000	12.778
404.000	12.750
405.000	12.723
406.000	12.696
407.000	12.669
408.000	12.668
409.000	12.641
410.000	12.614
411.000	12.587
412.000	12.560
413.000	12.534
414.000	12.507
415.000	12.480
416.000	12.453
417.000	12.427
418.000	12.400
419.000	12.399
420.000	12.372
421.000	12.346
422.000	12.319
423.000	12.293
424.000	12.267
425.000	12.240
426.000	12.214
427.000	12.188
428.000	12.162
429.000	12.136
430.000	12.134
431.000	12.108
432.000	12.082
433.000	12.056
434.000	12.030
435.000	12.004
436.000	11.979
437.000	11.953
438.000	11.927
439.000	11.901
440.000	11.876
441.000	11.874
442.000	11.849
443.000	11.823
444.000	11.798
445.000	11.772
446.000	11.747
447.000	11.721
448.000	11.696
449.000	11.671
450.000	11.645
451.000	11.620
452.000	11.595
453.000	11.594
454.000	11.569
455.000	11.543
456.000	11.518
457.000	11.494
458.000	11.469
459.000	11.444
460.000	11.419
461.000	11.394
462.000	11.369
463.000	11.344
464.000	11.343
465.000	11.318
466.000	11.294
467.000	11.269
468.000	11.244
469.000	11.220
470.000	11.195
471.000	11.171
472.000	11.146
473.000	11.122
474.000	11.098
475.000	11.097
476.000	11.072
477.000	11.048
478.000	11.024
479.000	11.000
480.000	10.975
481.000	10.951
482.000	10.927
483.000	10.903
484.000	10.879
485.000	10.855
486.000	10.854
487.000	10.830
488.000	10.806
489.000	10.782
490.000	10.758
491.000	10.734
492.000	10.711
493.000	10.687
494.000	10.663
495.000	10.640
496.000	10.616
497.000	10.615
498.000	10.591
499.000	10.568
500.000	10.544
501.000	10.521
502.000	10.497
503.000	10.474
504.000	10.451
505.000	10.427
506.000	10.404
507.000	10.381
508.000	10.380
509.000	10.357
510.000	10.356
511.000	10.354
512.000	10.353
513.000	10.352
514.000	10.351
515.000	10.349
516.000	10.348
517.000	10.347
518.000	10.346
519.000	10.344
520.000	10.343
521.000	10.342
522.000	10.341
523.000	10.339
524.000	10.338
525.000	10.337
526.000	10.336
527.000	10.334
528.000	10.333
529.000	10.332
530.000	10.331
531.000	10.329
532.000	10.328
533.000	10.327
534.000	10.326
535.000	10.324
536.000	10.323
537.000	10.322
538.000	10.321
539.000	10.319
540.000	10.318
541.000	10.317
542.000	10.316
543.000	10.314
544.000	10.313
545.000	10.312
546.000	10.311
547.000	10.309
548.000	10.308
549.000	10.307
550.000	10.306
551.000	10.304
552.000	10.303
553.000	10.302
554.000	10.301
555.000	10.299
556.000	10.298
557.000	10.297
558.000	10.296
559.000	10.295
560.000	10.293
561.000	10.292
562.000	10.291
563.000	10.290
564.000	10.288
565.000	10.287
566.000	10.286
567.000	10.285
568.000	10.283
569.000	10.282
570.000	10.281
571.000	10.280
572.000	10.278
573.000	10.277
574.000	10.276
575.000	10.275
576.000	10.273
577.000	10.272
578.000	10.271
579.000	10.270
580.000	10.268
581.000	10.267
582.000	10.266
583.000	10.265
584.000	10.263
585.000	10.262
586.000	10.261
587.000	10.260
588.000	10.258
589.000	10.257
590.000	10.256
591.000	10.255
592.000	10.253
593.000	10.252
594.000	10.251
595.000	10.250
596.000	10.248
597.000	10.247
598.000	10.246
599.000	10.245
600.000	10.243
601.000	10.242
602.000	10.241
603.000	10.240
604.000	10.238
605.000	10.237
606.000	10.236
607.000	10.235
608.000	10.233
609.000	10.232
610.000	10.231
611.000	10.230
612.000	10.228
613.000	10.227
614.000	10.226
615.000	10.225
616.000	10.223
617.000	10.222
618.000	10.221
619.000	10.220
620.000	10.218
621.000	10.217
622.000	10.216
623.000	10.215
624.000	10.213
625.000	10.212
626.000	10.211
627.000	10.210
628.000	10.208
629.000	10.207
630.000	10.206
631.000	10.205
632.000	10.203
633.000	10.202
634.000	10.201
635.000	10.200
636.000	10.198
637.000	10.197
638.000	10.195
639.000	10.193
640.000	10.170
641.000	10.147
642.000	10.146
643.000	10.123
644.000	10.100
645.000	10.077
646.000	10.055
647.000	10.032
648.000	10.010
649.000	9.987
650.000	9.964
651.000	9.942
652.000	9.919
653.000	9.918
654.000	9.896
655.000	9.873
656.000	9.851
657.000	9.828
658.000	9.806
659.000	9.784
660.000	9.762
661.000	9.739
662.000	9.717
663.000	9.695
664.000	9.673
665.000	9.672
666.000	9.650
667.000	9.628
668.000	9.606
669.000	9.584
670.000	9.562
671.000	9.540
672.000	9.518
673.000	9.497
674.000	9.475
675.000	9.453
676.000	9.452
677.000	9.430
678.000	9.409
679.000	9.387
680.000	9.366
681.000	9.344
682.000	9.323
683.000	9.301
684.000	9.280
685.000	9.258
686.000	9.237
687.000	9.236
688.000	9.214
689.000	9.193
690.000	9.172
691.000	9.151
692.000	9.130
693.000	9.109
694.000	9.087
695.000	9.066
696.000	9.045
697.000	9.024
698.000	9.023
699.000	9.002
700.000	8.981
701.000	8.960
702.000	8.939
703.000	8.919
704.000	8.898
705.000	8.877
706.000	8.856
707.000	8.836
708.000	8.815
709.000	8.725
710.000	8.705
711.000	8.684
712.000	8.664
713.000	8.643
714.000	8.623
715.000	8.602
716.000	8.582
717.000	8.561
718.000	8.541
719.000	8.521
720.000	8.521
721.000	8.501
722.000	8.480
723.000	8.460
724.000	8.440
725.000	8.420
726.000	8.400
727.000	8.379
728.000	8.359
729.000	8.339
730.000	8.319
731.000	8.319
732.000	8.299
733.000	8.280
734.000	8.260
735.000	8.240
736.000	8.220
737.000	8.200
738.000	8.180
739.000	8.161
740.000	8.141
741.000	8.121
742.000	8.102
743.000	8.102
744.000	8.082
745.000	8.062
746.000	8.043
747.000	8.023
748.000	8.004
749.000	7.985
750.000	7.965
751.000	7.946
752.000	7.926
753.000	7.907
754.000	7.907
755.000	7.888
756.000	7.868
757.000	7.849
758.000	7.830
759.000	7.811
760.000	7.792
761.000	7.773
762.000	7.754
763.000	7.735
764.000	7.716
765.000	7.716
766.000	7.697
767.000	7.678
768.000	7.659
769.000	7.640
770.000	7.621
771.000	7.602
772.000	7.583
773.000	7.564
774.000	7.546
775.000	7.527
776.000	7.527
777.000	7.508
778.000	7.490
779.000	7.471
780.000	7.452
781.000	7.434
782.000	7.415
783.000	7.397
784.000	7.378
785.000	7.360
786.000	7.341
787.000	7.341
788.000	7.323
789.000	7.304
790.000	7.286
791.000	7.268
792.000	7.249
793.000	7.231
794.000	7.213
795.000	7.195
796.000	7.177
797.000	7.160
798.000	7.160
799.000	7.160
800.000	7.160
801.000	7.160
802.000	7.160
803.000	7.160
804.000	7.160
805.000	7.160
806.000	7.160
807.000	7.160
808.000	7.160
809.000	7.160
810.000	7.160
811.000	7.160
812.000	7.160
813.000	7.160
814.000	7.160
815.000	7.160
816.000	7.160
817.000	7.160
818.000	7.160
819.000	7.160
820.000	7.160
821.000	7.160
822.000	7.160
823.000	7.160
824.000	7.160
825.000	7.160
826.000	7.160
827.000	7.160
828.000	7.160
829.000	7.160
830.000	7.160
831.000	7.160
832.000	7.160
833.000	7.160
834.000	7.160
835.000	7.160
836.000	7.160
837.000	7.160
838.000	7.160
839.000	7.160
840.000	7.160
841.000	7.160
842.000	7.160
843.000	7.160
844.000	7.160
845.000	7.160
846.000	7.160
847.000	7.160
848.000	7.160
849.000	7.160
850.000	7.160
851.000	7.160
852.000	7.160
853.000	7.160
854.000	7.160
855.000	7.160
856.000	7.160
857.000	7.160
858.000	7.160
859.000	7.160
860.000	7.160
861.000	7.160
862.000	7.160
863.000	7.160
864.000	7.160
865.000	7.160
866.000	7.160
867.000	7.160
868.000	7.160
869.000	7.160
870.000	7.160
871.000	7.160
872.000	7.160
873.000	7.160
874.000	7.160
875.000	7.160
876.000	7.160
877.000	7.160
878.000	7.160
879.000	7.160
880.000	7.160
881.000	7.160
882.000	7.160
883.000	7.160
884.000	7.160
885.000	7.160
886.000	7.160
887.000	7.160
888.000	7.160
889.000	7.160
890.000	7.160
891.000	7.160
892.000	7.160
893.000	7.160
894.000	7.160
895.000	7.160
896.000	7.160
897.000	7.160
898.000	7.160
899.000	7.160
900.000	7.160
901.000	7.160
902.000	7.160
903.000	7.160
904.000	7.160
905.000	7.160
906.000	7.160
907.000	7.160
908.000	7.160
909.000	7.160
910.000	7.160
911.000	7.160
912.000	7.160
913.000	7.160
914.000	7.160
915.000	7.160
916.000	7.160
917.000	7.160
918.000	7.160
919.000	7.160
920.000	7.160
921.000	7.160
922.000	7.160
923.000	7.160
924.000	7.160
925.000	7.160
926.000	7.160
927.000	7.160
928.000	7.160
929.000	7.160
930.000	7.160
931.000	7.160
932.000	7.160
933.000	7.160
934.000	7.160
935.000	7.160
936.000	7.160
937.000	7.160
938.000	7.160
939.000	7.160
940.000	7.160
941.000	7.160
942.000	7.160
943.000	7.160
944.000	7.160
945.000	7.160
946.000	7.160
947.000	7.160
948.000	7.160
949.000	7.160
950.000	7.160
951.000	7.160
952.000	7.160
953.000	7.160
954.000	7.160
955.000	7.160
956.000	7.160
957.000	7.160
958.000	7.160
959.000	7.160
960.000	7.160
961.000	7.160
962.000	7.160
963.000	7.160
964.000	7.160
965.000	7.160
966.000	7.160
967.000	7.160
968.000	7.160
969.000	7.160
970.000	7.160
971.000	7.160
972.000	7.160
973.000	7.160
974.000	7.160
975.000	7.160
976.000	7.160
977.000	7.160
978.000	7.160
979.000	7.160
980.000	7.160
981.000	7.160
982.000	7.160
983.000	7.160
984.000	7.160
985.000	7.160
986.000	7.160
987.000	7.160
988.000	7.160
989.000	7.160
990.000	7.160
991.000	7.160
992.000	7.160
993.000	7.160
994.000	7.160
995.000	7.160
996.000	7.160
997.000	7.160
998.000	7.160
999.000	7.160
1000.000	7.160
1001.000	7.160
1002.000	7.160
1003.000	7.160
1004.000	7.160
1005.000	7.160
1006.000	7.160
1007.000	7.160
1008.000	7.160
1009.000	7.160
1010.000	7.160
1011.000	7.160
1012.000	7.160
1013.000	7.160
1014.000	7.160
1015.000	7.160
1016.000	7.160
1017.000	7.160
1018.000	7.160
1019.000	7.160
1020.000	7.160
1021.000	7.160
1022.000	7.160
1023.000	7.160
1024.000	7.160
1025.000	7.160
1026.000	7.160
1027.000	7.160
1028.000	7.160
1029.000	7.160
1030.000	7.160
1031.000	7.160
1032.000	7.160
1033.000	7.160
1034.000	7.160
1035.000	7.160
1036.000	7.160
1037.000	7.160
1038.000	7.160
1039.000	7.160
1040.000	7.160
1041.000	7.160
1042.000	7.160
1043.000	7.160
1044.000	7.160
1045.000	7.160
1046.000	7.160
1047.000	7.160
1048.000	7.160
1049.000	7.160
1050.000	7.160
1051.000	7.160
1052.000	7.160
1053.000	7.160
1054.000	7.160
1055.000	7.160
1056.000	7.160
1057.000	7.160
1058.000	7.160
1059.000	7.160
1060.000	7.160
1061.000	7.160
1062.000	7.160
1063.000	7.160
1064.000	7.160
1065.000	7.160
1066.000	7.160
1067.000	7.160
1068.000	7.160
1069.000	7.160
1070.000	7.160
1071.000	7.160
1072.000	7.160
1073.000	7.160
1074.000	7.160
1075.000	7.160
1076.000	7.160
1077.000	7.160
1078.000	7.160
1079.000	7.160
1080.000	7.160
1081.000	7.160
1082.000	7.160
1083.000	7.160
1084.000	7.160
1085.000	7.160
1086.000	7.160
1087.000	7.160
1088.000	7.160
1089.000	7.160
1090.000	7.160
1091.000	7.160
1092.000	7.160
1093.000	7.160
1094.000	7.160
1095.000	7.160
1096.000	7.160
1097.000	7.160
1098.000	7.160
1099.000	7.160
1100.000	7.160
1101.000	7.160
1102.000	7.160
1103.000	7.160
1104.000	7.160
1105.000	7.160
1106.000	7.160
1107.000	7.160
1108.000	7.160
1109.000	7.160
1110.000	7.160
1111.000	7.160
1112.000	7.160
1113.000	7.160
1114.000	7.160
1115.000	7.160
1116.000	7.160
1117.000	7.160
1118.000	7.160
1119.000	7.160
1120.000	7.160
1121.000	7.160
1122.000	7.160
1123.000	7.160
1124.000	7.160
1125.000	7.160
1126.000	7.160
1127.000	7.160
1128.000	7.160
1129.000	7.160
1130.000	7.160
1131.000	7.160
1132.000	7.160
1133.000	7.160
1134.000	7.160
1135.000	7.160
1136.000	7.160
1137.000	7.160
1138.000	7.160
1139.000	7.160
1140.000	7.160
1141.000	7.160
1142.000	7.160
1143.000	7.160
1144.000	7.160
1145.000	7.160
1146.000	7.160
1147.000	7.160
1148.000	7.160
1149.000	7.160
1150.000	7.160
1151.000	7.160
1152.000	7.160
1153.000	7.160
1154.000	7.160
1155.000	7.160
1156.000	7.160
1157.000	7.160
1158.000	7.160
1159.000	7.160
1160.000	7.160
1161.000	7.160
1162.000	7.160
1163.000	7.160
1164.000	7.160
1165.000	7.160
1166.000	7.160
1167.000	7.160
1168.000	7.160
1169.000	7.160
1170.000	7.160
1171.000	7.160
1172.000	7.160
1173.000	7.160
1174.000	7.160
1175.000	7.160
1176.000	7.160
1177.000	7.160
1178.000	7.160
1179.000	7.160
1180.000	7.160
1181.000	7.160
1182.000	7.160
1183.000	7.160
1184.000	7.160
1185.000	7.160
1186.000	7.160
1187.000	7.160
1188.000	7.160
1189.000	7.160
1190.000	7.160
1191.000	7.160
1192.000	7.160
1193.000	7.160
1194.000	7.160
1195.000	7.160
1196.000	7.160
1197.000	7.160
1198.000	7.160
1199.000	7.160
1200.000	7.160
1201.000	7.160
1202.000	7.160
1203.000	7.160
1204.000	7.160
1205.000	7.160
1206.000	7.160
1207.000	7.160
1208.000	7.160
1209.000	7.160
1210.000	7.160
1211.000	7.160
1212.000	7.160
1213.000	7.160
1214.000	7.160
1215.000	7.160
1216.000	7.160
1217.000	7.160
1218.000	7.160
1219.000	7.160
1220.000	7.160
1221.000	7.160
1222.000	7.160
1223.000	7.160
1224.000	7.160
1225.000	7.160
1226.000	7.160
1227.000	7.160
1228.000	7.160
1229.000	7.160
1230.000	7.160
1231.000	7.160
1232.000	7.160
1233.000	7.160
1234.000	7.160
1235.000	7.160
1236.000	7.160
1237.000	7.160
1238.000	7.160
1239.000	7.160
1240.000	7.160
1241.000	7.160
1242.000	7.160
1243.000	7.160
1244.000	7.160
1245.000	7.160
1246.000	7.160
1247.000	7.160
1248.000	7.160
1249.000	7.160
1250.000	7.160
1251.000	7.160
1252.000	7.160
1253.000	7.160
1254.000	7.160
1255.000	7.160
1256.000	7.160
1257.000	7.160
1258.000	7.160
1259.000	7.160
1260.000	7.160
1261.000	7.160
1262.000	7.160
1263.000	7.160
1264.000	7.160
1265.000	7.160
1266.000	7.160
1267.000	7.160
1268.000	7.160
1269.000	7.160
1270.000	7.160
1271.000	7.160
1272.000	7.160
1273.000	7.160
1274.000	7.160
1275.000	7.160
1276.000	7.160
1277.000	7.160
1278.000	7.160
1279.000	7.160
1280.000	7.160
1281.000	7.160
1282.000	7.160
1283.000	7.160
1284.000	7.160
1285.000	7.160
1286.000	7.160
1287.000	7.160
1288.000	7.160
1289.000	7.160
1290.000	7.160
1291.000	7.160
1292.000	7.160
1293.000	7.160
1294.000	7.160
1295.000	7.160
1296.000	7.160
1297.000	7.160
1298.000	7.160
1299.000	7.160
1300.000	7.160
1301.000	7.160
1302.000	7.160
1303.000	7.160
1304.000	7.160
1305.000	7.160
1306.000	7.160
1307.000	7.160
1308.000	7.160
1309.000	7.160
1310.000	7.160
1311.000	7.160
1312.000	7.160
1313.000	7.160
1314.000	7.160
1315.000	7.160
1316.000	7.160
1317.000	7.160
1318.000	7.160
1319.000	7.160
1320.000	7.160
1321.000	7.160
1322.000	7.160
1323.000	7.160
1324.000	7.160
1325.000	7.160
1326.000	7.160
1327.000	7.160
1328.000	7.160
1329.000	7.160
1330.000	7.160
1331.000	7.160
1332.000	7.160
1333.000	7.160
1334.000	7.160
1335.000	7.160
1336.000	7.160
1337.000	7.160
1338.000	7.160
1339.000	7.160
1340.000	7.160
1341.000	7.160
1342.000	7.160
1343.000	7.160
1344.000	7.160
1345.000	7.160
1346.000	7.160
1347.000	7.160
1348.000	7.160
1349.000	7.160
1350.000	7.160
1351.000	7.160
1352.000	7.160
1353.000	7.160
1354.000	7.160
1355.000	7.160
1356.000	7.160
1357.000	7.160
1358.000	7.160
1359.000	7.160
1360.000	7.160
1361.000	7.160
1362.000	7.160
1363.000	7.160
1364.000	7.160
1365.000	7.160
1366.000	7.160
1367.000	7.160
1368.000	7.160
1369.000	7.160
1370.000	7.160
1371.000	7.160
1372.000	7.160
1373.000	7.160
1374.000	7.160
1375.000	7.160
1376.000	7.160
1377.000	7.160
1378.000	7.160
1379.000	7.160
1380.000	7.160
1381.000	7.160
1382.000	7.160
1383.000	7.160
1384.000	7.160
1385.000	7.160
1386.000	7.160
1387.000	7.160
1388.000	7.160
1389.000	7.160
1390.000	7.160
1391.000	7.160
1392.000	7.160
1393.000	7.160
1394.000	7.160
1395.000	7.160
1396.000	7.160
1397.000	7.160
1398.000	7.160
1399.000	7.160
1400.000	7.160
1401.000	7.160
1402.000	7.160
1403.000	7.160
1404.000	7.160
1405.000	7.160
1406.000	7.160
1407.000	7.160
1408.000	7.160
1409.000	7.160
1410.000	7.160
1411.000	7.160
1412.000	7.160
1413.000	7.160
1414.000	7.160
1415.000	7.160
1416.000	7.160
1417.000	7.160
1418.000	7.160
1419.000	7.160
1420.000	7.160
1421.000	7.160
1422.000	7.160
1423.000	7.160
1424.000	7.160
1425.000	7.160
1426.000	7.160
1427.000	7.160
1428.000	7.160
1429.000	7.160
1430.000	7.160
1431.000	7.160
1432.000	7.160
1433.000	7.160
1434.000	7.160
1435.000	7.160
1436.000	7.160
1437.000	7.160
1438.000	7.160
1439.000	7.160
1440.000	7.160
1441.000	7.160
1442.000	7.160
1443.000	7.160
1444.000	7.160
1445.000	7.160
1446.000	7.160
1447.000	7.160
1448.000	7.160
1449.000	7.160
1450.000	7.160
1451.000	7.160
1452.000	7.160
1453.000	7.160
1454.000	7.160
1455.000	7.160
1456.000	7.160
1457.000	7.160
1458.000	7.160
1459.000	7.160
1460.000	7.160
1461.000	7.160
1462.000	7.160
1463.000	7.160
1464.000	7.160
1465.000	7.160
1466.000	7.160
1467.000	7.160
1468.000	7.160
1469.000	7.160
1470.000	7.160
1471.000	7.160
1472.000	7.160
1473.000	7.160
1474.000	7.160
1475.000	7.160
1476.000	7.160
1477.000	7.160
1478.000	7.160
1479.000	7.160
1480.000	7.160
1481.000	7.160
1482.000	7.160
1483.000	7.160
1484.000	7.160
1485.000	7.160
1486.000	7.160
1487.000	7.160
1488.000	7.160
1489.000	7.160
1490.000	7.160
1491.000	7.160
1492.000	7.160
1493.000	7.160
1494.000	7.160
1495.000	7.160
1496.000	7.160
1497.000	7.160
1498.000	7.160
1499.000	7.160
1500.000	7.160
1501.000	7.160
1502.000	7.160
1503.000	7.160
1504.000	7.160
1505.000	7.160
1506.000	7.160
1507.000	7.160
1508.000	7.160
1509.000	7.160
1510.000	7.160
1511.000	7.160
1512.000	7.160
1513.000	7.160
1514.000	7.160
1515.000	7.160
1516.000	7.160
1517.000	7.160
1518.000	7.160
1519.000	7.160
1520.000	7.160
1521.000	7.160
1522.000	7.160
1523.000	7.160
1524.000	7.160
1525.000	7.160
1526.000	7.160
1527.000	7.160
1528.000	7.160
1529.000	7.160
1530.000	7.160
1531.000	7.160
1532.000	7.160
1533.000	7.160
1534.000	7.160
1535.000	7.160
1536.000	7.160
1537.000	7.160
1538.000	7.160
1539.000	7.160
1540.000	7.160
1541.000	7.160
1542.000	7.160
1543.000	7.160
1544.000	7.160
1545.000	7.160
1546.000	7.160
1547.000	7.160
1548.000	7.160
1549.000	7.160
1550.000	7.160
1551.000	7.160
1552.000	7.160
1553.000	7.160
1554.000	7.160
1555.000	7.160
1556.000	7.160
1557.000	7.160
1558.000	7.160
1559.000	7.160
1560.000	7.160
1561.000	7.160
1562.000	7.160
1563.000	7.160
1564.000	7.160
1565.000	7.160
1566.000	7.160
1567.000	7.160
1568.000	7.160
1569.000	7.160
1570.000	7.160
1571.000	7.160
1572.000	7.160
1573.000	7.160
1574.000	7.160
1575.000	7.160
1576.000	7.160
1577.000	7.160
1578.000	7.160
1579.000	7.160
1580.000	7.160
1581.000	7.160
1582.000	7.160
1583.000	7.160
1584.000	7.160
1585.000	7.160
1586.000	7.160
1587.000	7.160
1588.000	7.160
1589.000	7.160
1590.000	7.160
1591.000	7.160
1592.000	7.160
1593.000	7.160
1594.000	7.160
1595.000	7.160
1596.000	7.160
1597.000	7.160
1598.000	7.160
1599.000	7.160
1600.000	7.160
1601.000	7.160
1602.000	7.160
1603.000	7.160
1604.000	7.160
1605.000	7.160
1606.000	7.160
1607.000	7.160
1608.000	7.160
1609.000	7.160
1610.000	7.160
1611.000	7.160
1612.000	7.160
1613.000	7.160
1614.000	7.160
1615.000	7.160
1616.000	7.160
1617.000	7.160
1618.000	7.160
1619.000	7.160
1620.000	7.160
1621.000	7.160
1622.000	7.160
1623.000	7.160
1624.000	7.160
1625.000	7.160
1626.000	7.160
1627.000	7.160
1628.000	7.160
1629.000	7.160
1630.000	7.160
1631.000	7.160
1632.000	7.160
1633.000	7.160
1634.000	7.160
1635.000	7.160
1636.000	7.160
1637.000	7.160
1638.000	7.160
1639.000	7.160
1640.000	7.160
1641.000	7.160
1642.000	7.160
1643.000	7.160
1644.000	7.160
1645.000	7.160
1646.000	7.160
1647.000	7.160
1648.000	7.160
1649.000	7.160
1650.000	7.160
1651.000	7.160
1652.000	7.160
1653.000	7.160
1654.000	7.160
1655.000	7.160
1656.000	7.160
1657.000	7.160
1658.000	7.160
1659.000	7.160
1660.000	7.160
1661.000	7.160
1662.000	7.160
1663.000	7.160
1664.000	7.160
1665.000	7.160
1666.000	7.160
1667.000	7.160
1668.000	7.160
1669.000	7.160
1670.000	7.160
1671.000	7.160
1672.000	7.160
1673.000	7.160
1674.000	7.160
1675.000	7.160
1676.000	7.160
1677.000	7.160
1678.000	7.160
1679.000	7.160
1680.000	7.160
1681.000	7.160
1682.000	7.160
1683.000	7.160
1684.000	7.160
1685.000	7.160
1686.000	7.160
1687.000	7.160
1688.000	7.160
1689.000	7.160
1690.000	7.160
1691.000	7.160
1692.000	7.160
1693.000	7.160
1694.000	7.160
1695.000	7.160
1696.000	7.160
1697.000	7.160
1698.000	7.160
1699.000	7.160
1700.000	7.160
1701.000	7.160
1702.000	7.160
1703.000	7.160
1704.000	7.160
1705.000	7.160
1706.000	7.160
1707.000	7.160
1708.000	7.160
1709.000	7.160
1710.000	7.160
1711.000	7.160
1712.000	7.160
1713.000	7.160
1714.000	7.160
1715.000	7.160
1716.000	7.160
1717.000	7.160
1718.000	7.160
1719.000	7.160
1720.000	7.160
1721.000	7.160
1722.000	7.160
1723.000	7.160
1724.000	7.160
1725.000	7.160
1726.000	7.160
1727.000	7.160
1728.000	7.160
1729.000	7.160
1730.000	7.160
1731.000	7.160
1732.000	7.160
1733.000	7.160
1734.000	7.160
1735.000	7.160
1736.000	7.160
1737.000	7.160
1738.000	7.160
1739.000	7.160
1740.000	7.160
1741.000	7.160
1742.000	7.160
1743.000	7.160
1744.000	7.160
1745.000	7.160
1746.000	7.160
1747.000	7.160
1748.000	7.160
1749.000	7.160
1750.000	7.160
1751.000	7.160
1752.000	7.160
1753.000	7.160
1754.000	7.160
1755.000	7.160
1756.000	7.160
1757.000	7.160
1758.000	7.160
1759.000	7.160
1760.000	7.160
1761.000	7.160
1762.000	7.160
1763.000	7.160
1764.000	7.160
1765.000	7.160
1766.000	7.160
1767.000	7.160
1768.000	7.160
1769.000	7.160
1770.000	7.160
1771.000	7.160
1772.000	7.160
1773.000	7.160
1774.000	7.160
1775.000	7.160
1776.000	7.160
1777.000	7.160
1778.000	7.160
1779.000	7.160
1780.000	7.160
1781.000	7.160
1782.000	7.160
1783.000	7.160
1784.000	7.160
1785.000	7.160
1786.000	7.160
1787.000	7.160
1788.000	7.160
1789.000	7.160
1790.000	7.160
1791.000	7.160
1792.000	7.160
1793.000	7.160
1794.000	7.160
1795.000	7.160
1796.000	7.160
1797.000	7.160
1798.000	7.160
1799.000	7.160
1800.000	7.160
1801.000	7.160
1802.000	7.160
1803.000	7.160
1804.000	7.160
1805.000	7.160
1806.000	7.160
1807.000	7.160
1808.000	7.160
1809.000	7.160
1810.000	7.160
1811.000	7.160
1812.000	7.160
1813.000	7.160
1814.000	7.160
1815.000	7.160
1816.000	7.160
1817.000	7.160
1818.000	7.160
1819.000	7.160
1820.000	7.160
1821.000	7.160
1822.000	7.160
1823.000	7.160
1824.000	7.160
1825.000	7.160
1826.000	7.160
1827.000	7.160
1828.000	7.160
1829.000	7.160
1830.000	7.160
1831.000	7.160
1832.000	7.160
1833.000	7.160
1834.000	7.160
1835.000	7.160
1836.000	7.160
1837.000	7.160
1838.000	7.160
1839.000	7.160
1840.000	7.160
1841.000	7.160
1842.000	7.160
1843.000	7.160
1844.000	7.160
1845.000	7.160
1846.000	7.160
1847.000	7.160
1848.000	7.160
1849.000	7.160
1850.000	7.160
1851.000	7.160
1852.000	7.160
1853.000	7.160
1854.000	7.160
1855.000	7.160
1856.000	7.160
1857.000	7.160
1858.000	7.160
1859.000	7.160
1860.000	7.160
1861.000	7.160
1862.000	7.160
1863.000	7.160
1864.000	7.160
1865.000	7.160
1866.000	7.160
1867.000	7.160
1868.000	7.160
1869.000	7.160
1870.000	7.160
1871.000	7.160
1872.000	7.160
1873.000	7.160
1874.000	7.160
1875.000	7.160
1876.000	7.160
1877.000	7.160
1878.000	7.160
1879.000	7.160
1880.000	7.160
1881.000	7.160
1882.000	7.160
1883.000	7.160
1884.000	7.160
1885.000	7.160
1886.000	7.160
1887.000	7.160
1888.000	7.160
1889.000	7.160
1890.000	7.160
1891.000	7.160
1892.000	7.160
1893.000	7.160
1894.000	7.160
1895.000	7.160
1896.000	7.160
1897.000	7.160
1898.000	7.160
1899.000	7.160
1900.000	7.160
1901.000	7.160
1902.000	7.160
1903.000	7.160
1904.000	7.160
1905.000	7.160
1906.000	7.160
1907.000	7.160
1908.000	7.160
1909.000	7.160
1910.000	7.160
1911.000	7.160
1912.000	7.160
1913.000	7.160
1914.000	7.160
1915.000	7.160
1916.000	7.160
1917.000	7.160
1918.000	7.160
1919.000	7.160
1920.000	7.160
1921.000	7.160
1922.000	7.160
1923.000	7.160
1924.000	7.160
1925.000	7.160
1926.000	7.160
1927.000	7.160
1928.000	7.160
1929.000	7.160
1930.000	7.160
1931.000	7.160
1932.000	7.160
1933.000	7.160
1934.000	7.160
1935.000	7.160
1936.000	7.160
1937.000	7.160
1938.000	7.160
1939.000	7.160
1940.000	7.160
1941.000	7.160
1942.000	7.160
1943.000	7.160
1944.000	7.160
1945.000	7.160
1946.000	7.160
1947.000	7.160
1948.000	7.160
1949.000	7.160
1950.000	7.160
1951.000	7.160
1952.000	7.160
1953.000	7.160
1954.000	7.160
1955.000	7.160
1956.000	7.160
1957.000	7.160
1958.000	7.160
1959.000	7.160
1960.000	7.160
1961.000	7.160
1962.000	7.160
1963.000	7.160
1964.000	7.160
1965.000	7.160
1966.000	7.160
1967.000	7.160
1968.000	7.160
1969.000	7.160
1970.000	7.160
1971.000	7.160
1972.000	7.160
1973.000	7.160
1974.000	7.160
1975.000	7.160
1976.000	7.160
1977.000	7.160
1978.000	7.160
1979.000	7.160
1980.000	7.160
1981.000	7.160
1982.000	7.160
1983.000	7.160
1984.000	7.160
1985.000	7.160
1986.000	7.160
1987.000	7.160
1988.000	7.160
1989.000	7.160
1990.000	7.160
1991.000	7.160
1992.000	7.160
1993.000	7.160
1994.000	7.160
1995.000	7.160
1996.000	7.160
1997.000	7.160
1998.000	7.160
1999.000	7.160
2000.000	7.160
2001.000	7.160
2002.000	7.160
2003.000	7.160
2004.000	7.160
2005.000	7.160
2006.000	7.160
2007.000	7.160
2008.000	7.160
2009.000	7.160
2010.000	7.160
2011.000	7.160
2012.000	7.160
2013.000	7.160
2014.000	7.160
2015.000	7.160
2016.000	7.160
2017.000	7.160
2018.000	7.160
2019.000	7.160
2020.000	7.160
2021.000	7.160
2022.000	7.160
2023.000	7.160
2024.000	7.160
2025.000	7.160
2026.000	7.160
2027.000	7.160
2028.000	7.160
2029.000	7.160
2030.000	7.160
2031.000	7.160
2032.000	7.160
2033.000	7.160
2034.000	7.160
2035.000	7.160
2036.000	7.160
2037.000	7.160
2038.000	7.160
2039.000	7.160
2040.000	7.160
2041.000	7.160
2042.000	7.160
2043.000	7.160
2044.000	7.160
2045.000	7.160
2046.000	7.160
2047.000	7.160
2048.000	7.160
2049.000	7.160
2050.000	7.160
2051.000	7.160
2052.000	7.160
2053.000	7.160
2054.000	7.160
2055.000	7.160
2056.000	7.160
2057.000	7.160
2058.000	7.160
2059.000	7.160
2060.000	7.160
2061.000	7.160
2062.000	7.160
2063.000	7.160
2064.000	7.160
2065.000	7.160
2066.000	7.160
2067.000	7.160
2068.000	7.160
2069.000	7.160
2070.000	7.160
2071.000	7.160
2072.000	7.160
2073.000	7.160
2074.000	7.160
2075.000	7.160
2076.000	7.160
2077.000	7.160
2078.000	7.160
2079.000	7.160
2080.000	7.160
2081.000	7.160
2082.000	7.160
2083.000	7.160
2084.000	7.160
2085.000	7.160
2086.000	7.160
2087.000	7.160
2088.000	7.160
2089.000	7.160
2090.000	7.160
2091.000	7.160
2092.000	7.160
2093.000	7.160
2094.000	7.160
2095.000	7.160
2096.000	7.160
2097.000	7.160
2098.000	7.160
2099.000	7.160
2100.000	7.160
2101.000	7.160
2102.000	7.160
2103.000	7.160
2104.000	7.160
2105.000	7.160
2106.000	7.160
2107.000	7.160
2108.000	7.160
2109.000	7.160
2110.000	7.160
2111.000	7.160
2112.000	7.160
2113.000	7.160
2114.000	7.160
2115.000	7.160
2116.000	7.160
2117.000	7.160
2118.000	7.160
2119.000	7.160
2120.000	7.160
2121.000	7.160
2122.000	7.160
2123.000	7.160
2124.000	7.160
2125.000	7.160
2126.000	7.160
2127.000	7.160
2128.000	7.160
2129.000	7.160
2130.000	7.160
2131.000	7.160
2132.000	7.160
2133.000	7.160
2134.000	7.160
2135.000	7.160
2136.000	7.160
2137.000	7.160
2138.000	7.160
2139.000	7.160
2140.000	7.160
2141.000	7.160
2142.000	7.160
2143.000	7.160
2144.000	7.160
2145.000	7.160
2146.000	7.160
2147.000	7.160
2148.000	7.160
2149.000	7.160
2150.000	7.160
2151.000	7.160
2152.000	7.160
2153.000	7.160
2154.000	7.160
2155.000	7.160
2156.000	7.160
2157.000	7.160
2158.000	7.160
2159.000	7.160
2160.000	7.160
2161.000	7.160
2162.000	7.160
2163.000	7.160
2164.000	7.160
2165.000	7.160
2166.000	7.160
2167.000	7.160
2168.000	7.160
2169.000	7.160
2170.000	7.160
2171.000	7.160
2172.000	7.160
2173.000	7.160
2174.000	7.160
2175.000	7.160
2176.000	7.160
2177.000	7.160
2178.000	7.160
2179.000	7.160
2180.000	7.160
2181.000	7.160
2182.000	7.160
2183.000	7.160
2184.000	7.160
2185.000	7.160
2186.000	7.160
2187.000	7.160
2188.000	7.160
2189.000	7.160
2190.000	7.160
2191.000	7.160
2192.000	7.160
2193.000	7.160
2194.000	7.160
2195.000	7.160
2196.000	7.160
2197.000	7.160
2198.000	7.160
2199.000	7.160
2200.000	7.160
2201.000	7.160
2202.000	7.160
2203.000	7.160
2204.000	7.160
2205.000	7.160
2206.000	7.160
2207.000	7.160
2208.000	7.160
2209.000	7.160
2210.000	7.160
2211.000	7.160
2212.000	7.160
2213.000	7.152
2214.000	7.145
2215.000	7.145
2216.000	7.138
2217.000	7.130
2218.000	7.123
2219.000	7.116
2220.000	7.108
2221.000	7.101
2222.000	7.093
2223.000	7.086
2224.000	7.079
2225.000	7.071
2226.000	7.071
2227.000	7.064
2228.000	7.057
2229.000	7.049
2230.000	7.042
2231.000	7.035
2232.000	7.027
2233.000	7.020
2234.000	7.012
2235.000	7.005
2236.000	6.998
2237.000	6.998
2238.000	6.990
2239.000	6.983
2240.000	6.976
2241.000	6.968
2242.000	6.961
2243.000	6.953
2244.000	6.946
2245.000	6.939
2246.000	6.931
2247.000	6.924
2248.000	6.916
2249.000	6.916
2250.000	6.909
2251.000	6.902
2252.000	6.894
2253.000	6.887
2254.000	6.880
2255.000	6.872
2256.000	6.865
2257.000	6.857
2258.000	6.850
2259.000	6.843
2260.000	6.843
2261.000	6.835
2262.000	6.828
2263.000	6.821
2264.000	6.813
2265.000	6.806
2266.000	6.798
2267.000	6.791
2268.000	6.784
2269.000	6.776
2270.000	6.769
2271.000	6.769
2272.000	6.761
2273.000	6.754
2274.000	6.747
2275.000	6.739
2276.000	6.732
2277.000	6.724
2278.000	6.717
2279.000	6.710
2280.000	6.702
2281.000	6.695
2282.000	6.695
2283.000	6.687
2284.000	6.680
2285.000	6.673
2286.000	6.665
2287.000	6.658
2288.000	6.651
2289.000	6.643
2290.000	6.636
2291.000	6.628
2292.000	6.621
2293.000	6.621
2294.000	6.614
2295.000	6.606
2296.000	6.599
2297.000	6.591
2298.000	6.584
2299.000	6.577
2300.000	6.569
2301.000	6.562
2302.000	6.554
2303.000	6.547
2304.000	6.547
2305.000	6.539
2306.000	6.532
2307.000	6.525
2308.000	6.517
2309.000	6.510
2310.000	6.502
2311.000	6.495
2312.000	6.488
2313.000	6.480
2314.000	6.473
2315.000	6.465
2316.000	6.465
2317.000	6.458
2318.000	6.451
2319.000	6.443
2320.000	6.436
2321.000	6.428
2322.000	6.421
2323.000	6.414
2324.000	6.406
2325.000	6.399
2326.000	6.391
2327.000	6.391
2328.000	6.384
2329.000	6.377
2330.000	6.369
2331.000	6.362
2332.000	6.354
2333.000	6.347
2334.000	6.339
2335.000	6.332
2336.000	6.325
2337.000	6.317
2338.000	6.317
2339.000	6.310
2340.000	6.302
2341.000	6.295
2342.000	6.288
2343.000	6.280
2344.000	6.273
2345.000	6.265
2346.000	6.258
2347.000	6.250
2348.000	6.243
2349.000	6.243
2350.000	6.236
2351.000	6.228
2352.000	6.221
2353.000	6.213
2354.000	6.206
2355.000	6.198
2356.000	6.191
2357.000	6.184
2358.000	6.176
2359.000	6.169
2360.000	6.169
2361.000	6.161
2362.000	6.154
2363.000	6.146
2364.000	6.139
2365.000	6.132
2366.000	6.124
2367.000	6.117
2368.000	6.109
2369.000	6.102
2370.000	6.094
2371.000	6.094
2372.000	6.087
2373.000	6.080
2374.000	6.072
2375.000	6.065
2376.000	6.057
2377.000	6.050
2378.000	6.042
2379.000	6.035
2380.000	6.028
2381.000	6.020
2382.000	6.013
2383.000	6.013
2384.000	6.005
2385.000	5.998
2386.000	5.990
2387.000	5.983
2388.000	5.976
2389.000	5.968
2390.000	5.961
2391.000	5.953
2392.000	5.946
2393.000	5.938
2394.000	5.938
2395.000	5.931
2396.000	5.923
2397.000	5.916
2398.000	5.909
2399.000	5.901
2400.000	5.894
2401.000	5.886
2402.000	5.879
2403.000	5.871
2404.000	5.864
2405.000	5.864
2406.000	5.857
2407.000	5.849
2408.000	5.842
2409.000	5.834
2410.000	5.827
2411.000	5.819
2412.000	5.812
2413.000	5.804
2414.000	5.797
2415.000	5.790
2416.000	5.790
2417.000	5.782
2418.000	5.775
2419.000	5.767
2420.000	5.760
2421.000	5.752
2422.000	5.745
2423.000	5.737
2424.000	5.730
2425.000	5.722
2426.000	5.715
2427.000	5.714
2428.000	5.706
2429.000	5.699
2430.000	5.691
2431.000	5.684
2432.000	5.676
2433.000	5.669
2434.000	5.661
2435.000	5.654
2436.000	5.647
2437.000	5.639
2438.000	5.638
2439.000	5.630
2440.000	5.623
2441.000	5.615
2442.000	5.608
2443.000	5.600
2444.000	5.593
2445.000	5.586
2446.000	5.578
2447.000	5.571
2448.000	5.563
2449.000	5.562
2450.000	5.554
2451.000	5.547
2452.000	5.539
2453.000	5.532
2454.000	5.524
2455.000	5.517
2456.000	5.510
2457.000	5.502
2458.000	5.495
2459.000	5.487
2460.000	5.480
2461.000	5.478
2462.000	5.471
2463.000	5.463
2464.000	5.456
2465.000	5.448
2466.000	5.441
2467.000	5.434
2468.000	5.426
2469.000	5.419
2470.000	5.411
2471.000	5.404
2472.000	5.402
2473.000	5.395
2474.000	5.387
2475.000	5.380
2476.000	5.372
2477.000	5.365
2478.000	5.357
2479.000	5.350
2480.000	5.343
2481.000	5.335
2482.000	5.328
2483.000	5.326
2484.000	5.319
2485.000	5.311
2486.000	5.304
2487.000	5.296
2488.000	5.289
2489.000	5.281
2490.000	5.274
2491.000	5.266
2492.000	5.259
2493.000	5.251
2494.000	5.250
2495.000	5.243
2496.000	5.235
2497.000	5.228
2498.000	5.220
2499.000	5.213
2500.000	5.205
2501.000	5.198
2502.000	5.190
2503.000	5.183
2504.000	5.175
2505.000	5.174
2506.000	5.166
2507.000	5.159
2508.000	5.151
2509.000	5.144
2510.000	5.137
2511.000	5.129
2512.000	5.122
2513.000	5.114
2514.000	5.107
2515.000	5.099
2516.000	5.098
2517.000	5.090
2518.000	5.083
2519.000	5.075
2520.000	5.068
2521.000	5.060
2522.000	5.053
2523.000	5.045
2524.000	5.038
2525.000	5.030
2526.000	5.023
2527.000	5.015
2528.000	5.014
2529.000	5.007
2530.000	4.999
2531.000	4.992
2532.000	4.984
2533.000	4.977
2534.000	4.969
2535.000	4.962
2536.000	4.954
2537.000	4.947
2538.000	4.939
2539.000	4.938
2540.000	4.930
2541.000	4.923
2542.000	4.915
2543.000	4.908
2544.000	4.900
2545.000	4.893
2546.000	4.885
2547.000	4.878
2548.000	4.870
2549.000	4.863
2550.000	4.861
2551.000	4.854
2552.000	4.846
2553.000	4.839
2554.000	4.831
2555.000	4.824
2556.000	4.816
2557.000	4.809
2558.000	4.802
2559.000	4.794
2560.000	4.787
2561.000	4.785
2562.000	4.778
2563.000	4.770
2564.000	4.763
2565.000	4.755
2566.000	4.748
2567.000	4.740
2568.000	4.733
2569.000	4.725
2570.000	4.718
2571.000	4.710
2572.000	4.709
2573.000	4.701
2574.000	4.694
2575.000	4.686
2576.000	4.679
2577.000	4.671
2578.000	4.664
2579.000	4.656
2580.000	4.649
2581.000	4.641
2582.000	4.634
2583.000	4.632
2584.000	4.625
2585.000	4.617
2586.000	4.610
2587.000	4.602
2588.000	4.595
2589.000	4.587
2590.000	4.580
2591.000	4.572
2592.000	4.565
2593.000	4.557
2594.000	4.556
2595.000	4.548
2596.000	4.541
2597.000	4.533
2598.000	4.526
2599.000	4.518
2600.000	4.511
2601.000	4.503
2602.000	4.496
2603.000	4.488
2604.000	4.481
2605.000	4.473
2606.000	4.472
2607.000	4.464
2608.000	4.457
2609.000	4.449
2610.000	4.442
2611.000	4.434
2612.000	4.427
2613.000	4.419
2614.000	4.412
2615.000	4.404
2616.000	4.397
2617.000	4.395
2618.000	4.388
2619.000	4.380
2620.000	4.373
2621.000	4.365
2622.000	4.358
2623.000	4.350
2624.000	4.343
2625.000	4.335
2626.000	4.328
2627.000	4.320
2628.000	4.319
2629.000	4.311
2630.000	4.304
2631.000	4.296
2632.000	4.289
2633.000	4.281
2634.000	4.274
2635.000	4.266
2636.000	4.259
2637.000	4.251
2638.000	4.244
2639.000	4.242
2640.000	4.235
2641.000	4.227
2642.000	4.220
2643.000	4.212
2644.000	4.205
2645.000	4.197
2646.000	4.190
2647.000	4.182
2648.000	4.174
2649.000	4.167
2650.000	4.166
2651.000	4.158
2652.000	4.150
2653.000	4.143
2654.000	4.135
2655.000	4.128
2656.000	4.120
2657.000	4.113
2658.000	4.105
2659.000	4.098
2660.000	4.090
2661.000	4.089
2662.000	4.081
2663.000	4.074
2664.000	4.066
2665.000	4.059
2666.000	4.051
2667.000	4.044
2668.000	4.036
2669.000	4.029
2670.000	4.021
2671.000	4.014
2672.000	4.006
2673.000	4.005
2674.000	3.997
2675.000	3.990
2676.000	3.982
2677.000	3.975
2678.000	3.967
2679.000	3.959
2680.000	3.952
2681.000	3.940
2682.000	3.938
2683.000	3.937
2684.000	3.936
2685.000	3.934
2686.000	3.933
2687.000	3.932
2688.000	3.930
2689.000	3.929
2690.000	3.927
2691.000	3.926
2692.000	3.925
2693.000	3.923
2694.000	3.922
2695.000	3.920
2696.000	3.919
2697.000	3.918
2698.000	3.916
2699.000	3.915
2700.000	3.914
2701.000	3.912
2702.000	3.911
2703.000	3.909
2704.000	3.908
2705.000	3.907
2706.000	3.905
2707.000	3.904
2708.000	3.903
2709.000	3.901
2710.000	3.900
2711.000	3.898
2712.000	3.897
2713.000	3.896
2714.000	3.894
2715.000	3.893
2716.000	3.891
2717.000	3.890
2718.000	3.889
2719.000	3.887
2720.000	3.886
2721.000	3.885
2722.000	3.883
2723.000	3.882
2724.000	3.880
2725.000	3.879
2726.000	3.878
2727.000	3.876
2728.000	3.875
2729.000	3.873
2730.000	3.872
2731.000	3.871
2732.000	3.869
2733.000	3.868
2734.000	3.867
2735.000	3.865
2736.000	3.864
2737.000	3.862
2738.000	3.861
2739.000	3.860
2740.000	3.858
2741.000	3.857
2742.000	3.855
2743.000	3.854
2744.000	3.853
2745.000	3.851
2746.000	3.850
2747.000	3.849
2748.000	3.847
2749.000	3.846
2750.000	3.844
2751.000	3.843
2752.000	3.842
2753.000	3.840
2754.000	3.839
2755.000	3.838
2756.000	3.836
2757.000	3.835
2758.000	3.833
2759.000	3.832
2760.000	3.831
2761.000	3.829
2762.000	3.828
2763.000	3.826
2764.000	3.825
2765.000	3.824
2766.000	3.822
2767.000	3.821
2768.000	3.820
2769.000	3.818
2770.000	3.817
2771.000	3.815
2772.000	3.814
2773.000	3.813
2774.000	3.811
2775.000	3.810
2776.000	3.808
2777.000	3.807
2778.000	3.806
2779.000	3.804
2780.000	3.803
2781.000	3.802
2782.000	3.800
2783.000	3.799
2784.000	3.797
2785.000	3.796
2786.000	3.795
2787.000	3.793
2788.000	3.792
2789.000	3.790
2790.000	3.789
2791.000	3.788
2792.000	3.786
2793.000	3.785
2794.000	3.784
2795.000	3.782
2796.000	3.781
2797.000	3.779
2798.000	3.778
2799.000	3.777
2800.000	3.775
2801.000	3.774
2802.000	3.773
2803.000	3.771
2804.000	3.770
2805.000	3.768
2806.000	3.767
2807.000	3.766
2808.000	3.764
2809.000	3.763
2810.000	3.761
2811.000	3.760
2812.000	3.759
2813.000	3.757
2814.000	3.756
2815.000	3.755
2816.000	3.753
2817.000	3.752
2818.000	3.750
2819.000	3.749
2820.000	3.748
2821.000	3.746
2822.000	3.745
2823.000	3.743
2824.000	3.742
2825.000	3.741
2826.000	3.739
2827.000	3.738
2828.000	3.737
2829.000	3.735
2830.000	3.734
2831.000	3.732
2832.000	3.731
2833.000	3.730
2834.000	3.728
2835.000	3.727
2836.000	3.726
2837.000	3.724
2838.000	3.723
2839.000	3.721
2840.000	3.720
2841.000	3.719
2842.000	3.717
2843.000	3.716
2844.000	3.714
2845.000	3.713
2846.000	3.712
2847.000	3.710
2848.000	3.709
2849.000	3.708
2850.000	3.706
2851.000	3.705
2852.000	3.703
2853.000	3.702
2854.000	3.701
2855.000	3.699
2856.000	3.698
2857.000	3.696
2858.000	3.695
2859.000	3.694
2860.000	3.692
2861.000	3.691
2862.000	3.690
2863.000	3.688
2864.000	3.687
2865.000	3.685
2866.000	3.684
2867.000	3.683
2868.000	3.681
2869.000	3.680
2870.000	3.678
2871.000	3.677
2872.000	3.676
2873.000	3.674
2874.000	3.673
2875.000	3.672
2876.000	3.670
2877.000	3.669
2878.000	3.667
2879.000	3.666
2880.000	3.665
2881.000	3.663
2882.000	3.662
2883.000	3.661
2884.000	3.659
2885.000	3.658
2886.000	3.656
2887.000	3.655
2888.000	3.654
2889.000	3.652
2890.000	3.651
2891.000	3.649
2892.000	3.648
2893.000	3.647
2894.000	3.645
2895.000	3.644
2896.000	3.643
2897.000	3.641
2898.000	3.640
2899.000	3.638
2900.000	3.637
2901.000	3.636
2902.000	3.634
2903.000	3.633
2904.000	3.631
2905.000	3.630
2906.000	3.629
2907.000	3.627
2908.000	3.626
2909.000	3.625
2910.000	3.623
2911.000	3.622
2912.000	3.620
2913.000	3.619
2914.000	3.618
2915.000	3.616
2916.000	3.615
2917.000	3.613
2918.000	3.612
2919.000	3.611
2920.000	3.609
2921.000	3.608
2922.000	3.607
2923.000	3.605
2924.000	3.604
2925.000	3.602
2926.000	3.601
2927.000	3.600
2928.000	3.598
2929.000	3.597
2930.000	3.596
2931.000	3.594
2932.000	3.593
2933.000	3.591
2934.000	3.590
2935.000	3.589
2936.000	3.587
2937.000	3.586
2938.000	3.584
2939.000	3.583
2940.000	3.582
2941.000	3.580
2942.000	3.579
2943.000	3.578
2944.000	3.576
2945.000	3.575
2946.000	3.573
2947.000	3.572
2948.000	3.571
2949.000	3.569
2950.000	3.568
2951.000	3.566
2952.000	3.565
2953.000	3.564
2954.000	3.562
2955.000	3.561
2956.000	3.560
2957.000	3.558
2958.000	3.557
2959.000	3.555
2960.000	3.554
2961.000	3.553
2962.000	3.551
2963.000	3.550
2964.000	3.548
2965.000	3.547
2966.000	3.546
2967.000	3.544
2968.000	3.543
2969.000	3.542
2970.000	3.540
2971.000	3.539
2972.000	3.537
2973.000	3.536
2974.000	3.535
2975.000	3.533
2976.000	3.532
2977.000	3.531
2978.000	3.529
2979.000	3.528
2980.000	3.526
2981.000	3.525
2982.000	3.524
2983.000	3.522
2984.000	3.521
2985.000	3.519
2986.000	3.518
2987.000	3.517
2988.000	3.515
2989.000	3.514
2990.000	3.513
2991.000	3.511
2992.000	3.510
2993.000	3.508
2994.000	3.507
2995.000	3.506
2996.000	3.504
2997.000	3.503
2998.000	3.501
2999.000	3.500
3000.000	3.499
3001.000	3.497
3002.000	3.496
3003.000	3.495
3004.000	3.493
3005.000	3.492
3006.000	3.490
3007.000	3.489
3008.000	3.488
3009.000	3.486
3010.000	3.485
3011.000	3.483
3012.000	3.482
3013.000	3.481
3014.000	3.479
3015.000	3.478
3016.000	3.477
3017.000	3.475
3018.000	3.474
3019.000	3.472
3020.000	3.471
3021.000	3.470
3022.000	3.468
3023.000	3.467
3024.000	3.466
3025.000	3.464
3026.000	3.463
3027.000	3.461
3028.000	3.460
3029.000	3.459
3030.000	3.457
3031.000	3.456
3032.000	3.454
3033.000	3.453
3034.000	3.452
3035.000	3.450
3036.000	3.449
3037.000	3.448
3038.000	3.446
3039.000	3.445
3040.000	3.443
3041.000	3.442
3042.000	3.441
3043.000	3.439
3044.000	3.438
3045.000	3.436
3046.000	3.435
3047.000	3.434
3048.000	3.432
3049.000	3.431
3050.000	3.430
3051.000	3.428
3052.000	3.427
3053.000	3.425
3054.000	3.424
3055.000	3.423
3056.000	3.421
3057.000	3.420
3058.000	3.418
3059.000	3.417
3060.000	3.416
3061.000	3.414
3062.000	3.413
3063.000	3.412
3064.000	3.410
3065.000	3.409
3066.000	3.407
3067.000	3.406
3068.000	3.405
3069.000	3.403
3070.000	3.402
3071.000	3.401
3072.000	3.399
3073.000	3.398
3074.000	3.396
3075.000	3.395
3076.000	3.394
3077.000	3.392
3078.000	3.391
3079.000	3.389
3080.000	3.388
3081.000	3.387
3082.000	3.385
3083.000	3.384
3084.000	3.383
3085.000	3.381
3086.000	3.380
3087.000	3.378
3088.000	3.377
3089.000	3.376
3090.000	3.374
3091.000	3.373
3092.000	3.371
3093.000	3.370
3094.000	3.369
3095.000	3.367
3096.000	3.366
3097.000	3.365
3098.000	3.363
3099.000	3.362
3100.000	3.360
3101.000	3.359
3102.000	3.358
3103.000	3.356
3104.000	3.355
3105.000	3.353
3106.000	3.352
3107.000	3.351
3108.000	3.349
3109.000	3.348
3110.000	3.347
3111.000	3.345
3112.000	3.344
3113.000	3.342
3114.000	3.341
3115.000	3.340
3116.000	3.338
3117.000	3.337
3118.000	3.336
3119.000	3.334
3120.000	3.333
3121.000	3.331
3122.000	3.330
3123.000	3.329
3124.000	3.327
3125.000	3.326
3126.000	3.324
3127.000	3.323
3128.000	3.322
3129.000	3.320
3130.000	3.319
3131.000	3.318
3132.000	3.316
3133.000	3.315
3134.000	3.313
3135.000	3.312
3136.000	3.311
3137.000	3.309
3138.000	3.308
3139.000	3.306
3140.000	3.305
3141.000	3.304
3142.000	3.302
3143.000	3.301
3144.000	3.300
3145.000	3.298
3146.000	3.297
3147.000	3.295
3148.000	3.294
3149.000	3.293
3150.000	3.291
3151.000	3.290
3152.000	3.288
3153.000	3.287
3154.000	3.286
3155.000	3.284
3156.000	3.283
3157.000	3.282
3158.000	3.280
3159.000	3.279
3160.000	3.277
3161.000	3.276
3162.000	3.275
3163.000	3.273
3164.000	3.272
3165.000	3.271
3166.000	3.269
3167.000	3.268
3168.000	3.266
3169.000	3.265
3170.000	3.264
3171.000	3.262
3172.000	3.261
3173.000	3.259
3174.000	3.258
3175.000	3.257
3176.000	3.255
3177.000	3.254
3178.000	3.253
3179.000	3.251
3180.000	3.250
3181.000	3.248
3182.000	3.247
3183.000	3.246
3184.000	3.244
3185.000	3.243
3186.000	3.241
3187.000	3.240
3188.000	3.239
3189.000	3.237
3190.000	3.236
3191.000	3.235
3192.000	3.233
3193.000	3.232
3194.000	3.230
3195.000	3.229
3196.000	3.228
3197.000	3.226
3198.000	3.225
3199.000	3.223
3200.000	3.222
3201.000	3.221
3202.000	3.219
3203.000	3.218
3204.000	3.217
3205.000	3.215
3206.000	3.214
3207.000	3.212
3208.000	3.211
3209.000	3.210
3210.000	3.208
3211.000	3.207
3212.000	3.206
3213.000	3.204
3214.000	3.203
3215.000	3.201
3216.000	3.200
3217.000	3.199
3218.000	3.197
3219.000	3.196
3220.000	3.194
3221.000	3.193
3222.000	3.192
3223.000	3.190
3224.000	3.189
3225.000	3.188
3226.000	3.186
3227.000	3.185
3228.000	3.183
3229.000	3.182
3230.000	3.181
3231.000	3.179
3232.000	3.178
3233.000	3.176
3234.000	3.175
3235.000	3.174
3236.000	3.172
3237.000	3.171
3238.000	3.170
3239.000	3.168
3240.000	3.167
3241.000	3.165
3242.000	3.164
3243.000	3.163
3244.000	3.161
3245.000	3.160
3246.000	3.158
3247.000	3.157
3248.000	3.156
3249.000	3.154
3250.000	3.153
3251.000	3.152
3252.000	3.150
3253.000	3.149
3254.000	3.147
3255.000	3.146
3256.000	3.145
3257.000	3.143
3258.000	3.142
3259.000	3.141
3260.000	3.139
3261.000	3.138
3262.000	3.136
3263.000	3.135
3264.000	3.134
3265.000	3.132
3266.000	3.131
3267.000	3.129
3268.000	3.128
3269.000	3.127
3270.000	3.125
3271.000	3.124
3272.000	3.123
3273.000	3.121
3274.000	3.120
3275.000	3.118
3276.000	3.117
3277.000	3.116
3278.000	3.114
3279.000	3.113
3280.000	3.111
3281.000	3.110
3282.000	3.109
3283.000	3.107
3284.000	3.106
3285.000	3.105
3286.000	3.103
3287.000	3.102
3288.000	3.100
3289.000	3.099
3290.000	3.098
3291.000	3.096
3292.000	3.095
3293.000	3.093
3294.000	3.092
3295.000	3.091
3296.000	3.089
3297.000	3.088
3298.000	3.087
3299.000	3.085
3300.000	3.084
3301.000	3.082
3302.000	3.081
3303.000	3.080
3304.000	3.078
3305.000	3.077
3306.000	3.076
3307.000	3.074
3308.000	3.073
3309.000	3.071
3310.000	3.070
3311.000	3.069
3312.000	3.067
3313.000	3.066
3314.000	3.064
3315.000	3.063
3316.000	3.062
3317.000	3.060
3318.000	3.059
3319.000	3.058
3320.000	3.056
3321.000	3.055
3322.000	3.053
3323.000	3.052
3324.000	3.051
3325.000	3.049
3326.000	3.048
3327.000	3.046
3328.000	3.045
3329.000	3.044
3330.000	3.042
3331.000	3.041
3332.000	3.040
3333.000	3.038
3334.000	3.037
3335.000	3.035
3336.000	3.034
3337.000	3.033
3338.000	3.031
3339.000	3.030
3340.000	3.028
3341.000	3.027
3342.000	3.026
3343.000	3.024
3344.000	3.023
3345.000	3.022
3346.000	3.020
3347.000	3.019
3348.000	3.017
3349.000	3.016
3350.000	3.015
3351.000	3.013
3352.000	3.012
3353.000	3.011
3354.000	3.009
3355.000	3.008
3356.000	3.006
3357.000	3.005
3358.000	3.004
3359.000	3.002
3360.000	3.001
3361.000	2.999
3362.000	2.998
3363.000	2.997
3364.000	2.995
3365.000	2.994
3366.000	2.993
3367.000	2.991
3368.000	2.990
3369.000	2.988
3370.000	2.987
3371.000	2.986
3372.000	2.984
3373.000	2.983
3374.000	2.981
3375.000	2.980
3376.000	2.979
3377.000	2.977
3378.000	2.976
3379.000	2.975
3380.000	2.973
3381.000	2.972
3382.000	2.970
3383.000	2.969
3384.000	2.968
3385.000	2.966
3386.000	2.965
3387.000	2.963
3388.000	2.962
3389.000	2.961
3390.000	2.959
3391.000	2.958
3392.000	2.957
3393.000	2.955
3394.000	2.954
3395.000	2.952
3396.000	2.951
3397.000	2.950
3398.000	2.948
3399.000	2.947
3400.000	2.946
3401.000	2.944
3402.000	2.943
3403.000	2.941
3404.000	2.940
3405.000	2.939
3406.000	2.937
3407.000	2.936
3408.000	2.934
3409.000	2.933
3410.000	2.932
3411.000	2.930
3412.000	2.929
3413.000	2.928
3414.000	2.926
3415.000	2.925
3416.000	2.923
3417.000	2.922
3418.000	2.921
3419.000	2.919
3420.000	2.918
3421.000	2.916
3422.000	2.915
3423.000	2.914
3424.000	2.912
3425.000	2.911
3426.000	2.910
3427.000	2.908
3428.000	2.907
3429.000	2.905
3430.000	2.904
3431.000	2.903
3432.000	2.901
3433.000	2.900
3434.000	2.898
3435.000	2.897
3436.000	2.896
3437.000	2.894
3438.000	2.893
3439.000	2.892
3440.000	2.890
3441.000	2.889
3442.000	2.887
3443.000	2.886
3444.000	2.885
3445.000	2.883
3446.000	2.882
3447.000	2.880
3448.000	2.879
3449.000	2.878
3450.000	2.876
3451.000	2.875
3452.000	2.873
3453.000	2.872
3454.000	2.871
3455.000	2.869
3456.000	2.868
3457.000	2.866
3458.000	2.865
3459.000	2.864
3460.000	2.862
3461.000	2.861
3462.000	2.859
3463.000	2.858
3464.000	2.857
3465.000	2.855
3466.000	2.854
3467.000	2.852
3468.000	2.851
3469.000	2.849
3470.000	2.848
3471.000	2.847
3472.000	2.845
3473.000	2.844
3474.000	2.842
3475.000	2.841
3476.000	2.839
3477.000	2.838
3478.000	2.837
3479.000	2.835
3480.000	2.834
3481.000	2.832
3482.000	2.831
3483.000	2.829
3484.000	2.828
3485.000	2.827
3486.000	2.825
3487.000	2.824
3488.000	2.822
3489.000	2.821
3490.000	2.819
3491.000	2.818
3492.000	2.816
3493.000	2.815
3494.000	2.814
3495.000	2.812
3496.000	2.811
3497.000	2.809
3498.000	2.808
3499.000	2.806
3500.000	2.805
3501.000	2.803
3502.000	2.802
3503.000	2.801
3504.000	2.799
3505.000	2.798
3506.000	2.796
3507.000	2.795
3508.000	2.793
3509.000	2.792
3510.000	2.790
3511.000	2.789
3512.000	2.788
3513.000	2.786
3514.000	2.785
3515.000	2.783
3516.000	2.782
3517.000	2.780
3518.000	2.779
3519.000	2.777
3520.000	2.776
3521.000	2.774
3522.000	2.773
3523.000	2.772
3524.000	2.770
3525.000	2.769
3526.000	2.767
3527.000	2.766
3528.000	2.764
3529.000	2.763
3530.000	2.761
3531.000	2.760
3532.000	2.758
3533.000	2.757
3534.000	2.756
3535.000	2.754
3536.000	2.753
3537.000	2.751
3538.000	2.750
3539.000	2.748
3540.000	2.747
3541.000	2.745
3542.000	2.744
3543.000	2.743
3544.000	2.741
3545.000	2.740
3546.000	2.738
3547.000	2.737
3548.000	2.735
3549.000	2.734
3550.000	2.732
3551.000	2.731
3552.000	2.729
3553.000	2.728
3554.000	2.727
3555.000	2.725
3556.000	2.724
3557.000	2.722
3558.000	2.721
3559.000	2.719
3560.000	2.718
3561.000	2.716
3562.000	2.715
3563.000	2.713
3564.000	2.712
3565.000	2.710
3566.000	2.709
3567.000	2.708
3568.000	2.706
3569.000	2.705
3570.000	2.703
3571.000	2.702
3572.000	2.700
3573.000	2.699
3574.000	2.697
3575.000	2.696
3576.000	2.694
3577.000	2.693
3578.000	2.691
3579.000	2.690
3580.000	2.688
3581.000	2.687
3582.000	2.685
3583.000	2.684
3584.000	2.682
3585.000	2.681
3586.000	2.679
3587.000	2.678
3588.000	2.677
3589.000	2.675
3590.000	2.674
3591.000	2.672
3592.000	2.671
3593.000	2.669
3594.000	2.668
3595.000	2.666
3596.000	2.665
3597.000	2.663
3598.000	2.662
3599.000	2.660
3600.000	2.659
3601.000	2.657
3602.000	2.656
3603.000	2.655
3604.000	2.653
3605.000	2.652
3606.000	2.650
3607.000	2.649
3608.000	2.647
3609.000	2.646
3610.000	2.644
3611.000	2.643
3612.000	2.641
3613.000	2.640
3614.000	2.638
3615.000	2.637
3616.000	2.635
3617.000	2.634
3618.000	2.632
3619.000	2.631
3620.000	2.629
3621.000	2.628
3622.000	2.627
3623.000	2.625
3624.000	2.624
3625.000	2.622
3626.000	2.621
3627.000	2.619
3628.000	2.618
3629.000	2.616
3630.000	2.615
3631.000	2.613
3632.000	2.612
3633.000	2.610
3634.000	2.609
3635.000	2.607
3636.000	2.606
3637.000	2.605
3638.000	2.603
3639.000	2.602
3640.000	2.600
3641.000	2.599
3642.000	2.597
3643.000	2.596
3644.000	2.594
3645.000	2.593
3646.000	2.591
3647.000	2.590
3648.000	2.588
3649.000	2.587
3650.000	2.585
3651.000	2.584
3652.000	2.582
3653.000	2.581
3654.000	2.580
3655.000	2.578
3656.000	2.577
3657.000	2.575
3658.000	2.574
3659.000	2.572
3660.000	2.571
3661.000	2.569
3662.000	2.568
3663.000	2.566
3664.000	2.565
3665.000	2.563
3666.000	2.562
3667.000	2.560
3668.000	2.559
3669.000	2.557
3670.000	2.556
3671.000	2.555
3672.000	2.553
3673.000	2.552
3674.000	2.550
3675.000	2.549
3676.000	2.547
3677.000	2.546
3678.000	2.544
3679.000	2.543
3680.000	2.541
3681.000	2.540
3682.000	2.538
3683.000	2.537
3684.000	2.535
3685.000	2.534
3686.000	2.532
3687.000	2.531
3688.000	2.530
3689.000	2.528
3690.000	2.527
3691.000	2.525
3692.000	2.524
3693.000	2.522
3694.000	2.521
3695.000	2.519
3696.000	2.518
3697.000	2.516
3698.000	2.515
3699.000	2.513
3700.000	2.512
3701.000	2.510
3702.000	2.509
3703.000	2.508
3704.000	2.506
3705.000	2.505
3706.000	2.503
3707.000	2.502
3708.000	2.500
3709.000	2.499
3710.000	2.497
3711.000	2.496
3712.000	2.494
3713.000	2.493
3714.000	2.491
3715.000	2.490
3716.000	2.488
3717.000	2.487
3718.000	2.485
3719.000	2.484
3720.000	2.483
3721.000	2.481
3722.000	2.480
3723.000	2.478
3724.000	2.477
3725.000	2.475
3726.000	2.474
3727.000	2.472
3728.000	2.471
3729.000	2.469
3730.000	2.468
3731.000	2.466
3732.000	2.465
3733.000	2.463
3734.000	2.462
3735.000	2.460
3736.000	2.459
3737.000	2.457
3738.000	2.456
3739.000	2.454
3740.000	2.453
3741.000	2.451
3742.000	2.450
3743.000	2.448
3744.000	2.447
3745.000	2.446
3746.000	2.444
3747.000	2.443
3748.000	2.441
3749.000	2.440
3750.000	2.439
3751.000	2.437
3752.000	2.436
3753.000	2.435
3754.000	2.433
3755.000	2.432
3756.000	2.430
3757.000	2.429
3758.000	2.428
3759.000	2.426
3760.000	2.425
3761.000	2.424
3762.000	2.422
3763.000	2.421
3764.000	2.410
3765.000	2.409
3766.000	2.407
3767.000	2.406
3768.000	2.405
3769.000	2.403
3770.000	2.402
3771.000	2.401
3772.000	2.399
3773.000	2.398
3774.000	2.396
3775.000	2.395
3776.000	2.394
3777.000	2.392
3778.000	2.391
3779.000	2.389
3780.000	2.388
3781.000	2.387
3782.000	2.385
3783.000	2.384
3784.000	2.383
3785.000	2.381
3786.000	2.363
3787.000	2.358
3788.000	2.356
3789.000	2.350
3790.000	2.348
3791.000	2.347
3792.000	2.346
3793.000	2.344
3794.000	2.343
3795.000	2.341
3796.000	2.340
3797.000	2.339
3798.000	2.337
3799.000	2.336
3800.000	2.335
3801.000	2.333
3802.000	2.332
3803.000	2.330
3804.000	2.329
3805.000	2.328
3806.000	2.326
3807.000	2.325
3808.000	2.322
3809.000	2.320
3810.000	2.319
3811.000	2.318
3812.000	2.316
3813.000	2.315
3814.000	2.309
3815.000	2.307
3816.000	2.306
3817.000	2.304
3818.000	2.303
3819.000	2.302
3820.000	2.300
3821.000	2.299
3822.000	2.297
3823.000	2.290
3824.000	2.289
3825.000	2.288
3826.000	2.286
3827.000	2.285
3828.000	2.284
3829.000	2.282
3830.000	2.281
3831.000	2.279
3832.000	2.278
3833.000	2.277
3834.000	2.275
3835.000	2.274
3836.000	2.272
3837.000	2.271
3838.000	2.270
3839.000	2.268
3840.000	2.267
3841.000	2.266
3842.000	2.264
3843.000	2.263
3844.000	2.257
3845.000	2.256
3846.000	2.255
3847.000	2.253
3848.000	2.252
3849.000	2.251
3850.000	2.249
3851.000	2.248
3852.000	2.246
3853.000	2.245
3854.000	2.244
3855.000	2.242
3856.000	2.241
3857.000	2.240
3858.000	2.238
3859.000	2.237
3860.000	2.235
3861.000	2.234
3862.000	2.233
3863.000	2.231
3864.000	2.230
3865.000	2.228
3866.000	2.227
3867.000	2.226
3868.000	2.224
3869.000	2.223
3870.000	2.222
3871.000	2.220
3872.000	2.219
3873.000	2.217
3874.000	2.216
3875.000	2.215
3876.000	2.213
3877.000	2.212
3878.000	2.210
3879.000	2.209
3880.000	2.208
3881.000	2.206
3882.000	2.205
3883.000	2.204
3884.000	2.202
3885.000	2.201
3886.000	2.199
3887.000	2.198
3888.000	2.197
3889.000	2.195
3890.000	2.194
3891.000	2.192
3892.000	2.191
3893.000	2.190
3894.000	2.188
3895.000	2.173
3896.000	2.171
3897.000	2.170
3898.000	2.169
3899.000	2.167
3900.000	2.166
3901.000	2.164
3902.000	2.163
3903.000	2.162
3904.000	2.160
3905.000	2.159
3906.000	2.158
3907.000	2.156
3908.000	2.155
3909.000	2.153
3910.000	2.152
3911.000	2.151
3912.000	2.149
3913.000	2.148
3914.000	2.146
3915.000	2.145
3916.000	2.144
3917.000	2.142
3918.000	2.141
3919.000	2.140
3920.000	2.138
3921.000	2.137
3922.000	2.135
3923.000	2.134
3924.000	2.133
3925.000	2.131
3926.000	2.130
3927.000	2.128
3928.000	2.127
3929.000	2.126
3930.000	2.124
3931.000	2.123
3932.000	2.122
3933.000	2.120
3934.000	2.119
3935.000	2.117
3936.000	2.116
3937.000	2.115
3938.000	2.113
3939.000	2.112
3940.000	2.110
3941.000	2.109
3942.000	2.108
3943.000	2.106
3944.000	2.105
3945.000	2.104
3946.000	2.102
3947.000	2.101
3948.000	2.099
3949.000	2.098
3950.000	2.097
3951.000	2.095
3952.000	2.094
3953.000	2.093
3954.000	2.091
3955.000	2.090
3956.000	2.088
3957.000	2.087
3958.000	2.086
3959.000	2.084
3960.000	2.083
3961.000	2.081
3962.000	2.080
3963.000	2.079
3964.000	2.077
3965.000	2.076
3966.000	2.075
3967.000	2.073
3968.000	2.072
3969.000	2.070
3970.000	2.069
3971.000	2.068
3972.000	2.066
3973.000	2.065
3974.000	2.063
3975.000	2.062
3976.000	2.061
3977.000	2.059
3978.000	2.058
3979.000	2.057
3980.000	2.055
3981.000	2.054
3982.000	2.052
3983.000	2.051
3984.000	2.050
3985.000	2.048
3986.000	2.047
3987.000	2.045
3988.000	2.044
3989.000	2.043
3990.000	2.041
3991.000	2.040
3992.000	2.039
3993.000	2.037
3994.000	2.036
3995.000	2.034
3996.000	2.033
3997.000	2.032
3998.000	2.030
3999.000	2.029
4000.000	2.028
4001.000	2.026
4002.000	2.025
4003.000	2.023
4004.000	2.022
4005.000	2.021
4006.000	2.019
4007.000	2.018
4008.000	2.016
4009.000	2.015
4010.000	2.014
4011.000	2.012
4012.000	2.011
4013.000	2.010
4014.000	2.008
4015.000	2.007
4016.000	2.005
4017.000	2.004
4018.000	2.003
4019.000	2.001
4020.000	2.000
4021.000	1.998
4022.000	1.997
4023.000	1.996
4024.000	1.994
4025.000	1.993
4026.000	1.992
4027.000	1.990
4028.000	1.989
4029.000	1.987
4030.000	1.986
4031.000	1.985
4032.000	1.983
4033.000	1.982
4034.000	1.980
4035.000	1.979
4036.000	1.978
4037.000	1.976
4038.000	1.975
4039.000	1.974
4040.000	1.972
4041.000	1.971
4042.000	1.969
4043.000	1.968
4044.000	1.967
4045.000	1.965
4046.000	1.964
4047.000	1.963
4048.000	1.961
4049.000	1.960
4050.000	1.958
4051.000	1.957
4052.000	1.956
4053.000	1.954
4054.000	1.953
4055.000	1.951
4056.000	1.950
4057.000	1.949
4058.000	1.947
4059.000	1.946
4060.000	1.945
4061.000	1.943
4062.000	1.942
4063.000	1.940
4064.000	1.939
4065.000	1.938
4066.000	1.936
4067.000	1.935
4068.000	1.933
4069.000	1.932
4070.000	1.931
4071.000	1.929
4072.000	1.928
4073.000	1.927
4074.000	1.925
4075.000	1.924
4076.000	1.922
4077.000	1.921
4078.000	1.910
4079.000	1.909
4080.000	1.908
4081.000	1.906
4082.000	1.905
4083.000	1.904
4084.000	1.888
4085.000	1.887
4086.000	1.885
4087.000	1.884
4088.000	1.883
4089.000	1.881
4090.000	1.880
4091.000	1.878
4092.000	1.877
4093.000	1.876
4094.000	1.874
4095.000	0.000
