0.000	43.982
1.000	43.982
2.000	43.982
3.000	43.982
4.000	43.982
5.000	43.982
6.000	43.982
7.000	43.982
8.000	43.982
9.000	43.982
10.000	43.982
11.000	43.982
12.000	43.982
13.000	43.982
14.000	43.982
15.000	43.982
16.000	43.982
17.000	43.982
18.000	43.982
19.000	43.982
20.000	43.982
21.000	43.982
22.000	43.982
23.000	43.982
24.000	43.982
25.000	43.982
26.000	43.982
27.000	43.982
28.000	43.982
29.000	43.982
30.000	43.982
31.000	43.982
32.000	43.982
33.000	43.982
34.000	43.982
35.000	43.982
36.000	43.982
37.000	43.982
38.000	43.982
39.000	43.982
40.000	43.982
41.000	43.982
42.000	43.982
43.000	43.982
44.000	43.982
45.000	43.982
46.000	43.982
47.000	43.982
48.000	43.982
49.000	43.982
50.000	43.982
51.000	43.982
52.000	43.982
53.000	43.982
54.000	43.982
55.000	43.982
56.000	43.982
57.000	43.982
58.000	43.982
59.000	43.982
60.000	43.982
61.000	43.982
62.000	43.982
63.000	43.982
64.000	43.982
65.000	43.982
66.000	43.982
67.000	43.982
68.000	43.982
69.000	43.982
70.000	43.982
71.000	43.982
72.000	43.982
73.000	43.982
74.000	43.982
75.000	43.982
76.000	43.982
77.000	43.982
78.000	43.982
79.000	43.982
80.000	43.982
81.000	43.982
82.000	43.982
83.000	43.982
84.000	43.982
85.000	43.982
86.000	43.982
87.000	43.982
88.000	43.982
89.000	43.982
90.000	43.982
91.000	43.982
92.000	43.982
93.000	43.982
94.000	43.982
95.000	43.982
96.000	43.982
97.000	43.982
98.000	43.982
99.000	43.982
100.000	43.982
101.000	43.982
102.000	43.982
103.000	43.982
104.000	43.982
105.000	43.982
106.000	43.982
107.000	43.982
108.000	43.982
109.000	43.982
110.000	43.982
111.000	43.982
112.000	43.982
113.000	43.982
114.000	43.982
115.000	43.982
116.000	43.982
117.000	43.982
118.000	43.982
119.000	43.982
120.000	43.982
121.000	43.982
122.000	43.982
123.000	43.982
124.000	43.982
125.000	43.982
126.000	43.982
127.000	43.982
128.000	43.982
129.000	43.982
130.000	43.982
131.000	43.982
132.000	43.982
133.000	43.982
134.000	43.982
135.000	43.982
136.000	43.982
137.000	43.982
138.000	43.982
139.000	43.982
140.000	43.982
141.000	43.982
142.000	43.982
143.000	43.982
144.000	43.982
145.000	43.982
146.000	43.982
147.000	43.982
148.000	43.982
149.000	43.982
150.000	43.982
151.000	43.982
152.000	43.982
153.000	43.982
154.000	43.982
155.000	43.982
156.000	43.982
157.000	43.982
158.000	43.982
159.000	43.982
160.000	43.982
161.000	43.982
162.000	43.982
163.000	43.982
164.000	43.982
165.000	43.982
166.000	43.982
167.000	43.982
168.000	43.982
169.000	43.982
170.000	43.982
171.000	43.982
172.000	43.982
173.000	43.982
174.000	43.982
175.000	43.982
176.000	43.982
177.000	43.982
178.000	43.982
179.000	43.982
180.000	43.982
181.000	43.982
182.000	43.982
183.000	43.982
184.000	43.982
185.000	43.982
186.000	43.982
187.000	43.982
188.000	43.982
189.000	43.982
190.000	43.982
191.000	43.982
192.000	43.982
193.000	43.982
194.000	43.982
195.000	43.982
196.000	43.982
197.000	43.982
198.000	43.982
199.000	43.982
200.000	43.982
201.000	43.982
202.000	43.982
203.000	43.982
204.000	43.982
205.000	43.982
206.000	43.982
207.000	43.982
208.000	43.982
209.000	43.982
210.000	43.982
211.000	43.982
212.000	43.982
213.000	43.982
214.000	43.982
215.000	43.982
216.000	43.982
217.000	43.982
218.000	43.982
219.000	43.982
220.000	43.982
221.000	43.982
222.000	43.982
223.000	43.982
224.000	43.982
225.000	43.982
226.000	43.982
227.000	43.982
228.000	43.982
229.000	43.982
230.000	43.982
231.000	43.982
232.000	43.982
233.000	43.982
234.000	43.982
235.000	43.982
236.000	43.982
237.000	43.982
238.000	43.982
239.000	43.982
240.000	43.982
241.000	43.982
242.000	43.982
243.000	43.982
244.000	43.982
245.000	43.982
246.000	43.982
247.000	43.982
248.000	43.982
249.000	43.982
250.000	43.982
251.000	43.982
252.000	43.982
253.000	43.982
254.000	43.982
255.000	43.982
256.000	43.982
257.000	43.982
258.000	43.982
259.000	43.982
260.000	43.982
261.000	43.982
262.000	43.982
263.000	43.982
264.000	43.982
265.000	43.982
266.000	43.982
267.000	43.982
268.000	43.982
269.000	43.982
270.000	43.982
271.000	43.982
272.000	43.982
273.000	43.982
274.000	43.982
275.000	43.982
276.000	43.982
277.000	43.982
278.000	43.982
279.000	43.982
280.000	43.982
281.000	43.982
282.000	43.982
283.000	43.982
284.000	43.982
285.000	43.982
286.000	43.982
287.000	43.982
288.000	43.982
289.000	43.982
290.000	43.982
291.000	43.982
292.000	43.982
293.000	43.982
294.000	43.982
295.000	43.982
296.000	43.982
297.000	43.982
298.000	43.982
299.000	43.982
300.000	43.982
301.000	43.982
302.000	43.982
303.000	43.982
304.000	43.982
305.000	43.982
306.000	43.982
307.000	43.982
308.000	43.982
309.000	43.982
310.000	43.982
311.000	43.982
312.000	43.982
313.000	43.982
314.000	43.982
315.000	43.982
316.000	43.982
317.000	43.982
318.000	43.982
319.000	43.982
320.000	43.982
321.000	43.982
322.000	43.982
323.000	43.982
324.000	43.982
325.000	43.982
326.000	43.982
327.000	43.982
328.000	43.982
329.000	43.982
330.000	43.982
331.000	43.982
332.000	43.982
333.000	43.982
334.000	43.982
335.000	43.982
336.000	43.982
337.000	43.982
338.000	43.982
339.000	43.982
340.000	43.982
341.000	43.982
342.000	43.982
343.000	43.982
344.000	43.982
345.000	43.982
346.000	43.982
347.000	43.982
348.000	43.982
349.000	43.982
350.000	43.982
351.000	43.982
352.000	43.982
353.000	43.982
354.000	43.982
355.000	43.982
356.000	43.982
357.000	43.982
358.000	43.982
359.000	43.982
360.000	43.982
361.000	43.982
362.000	43.982
363.000	43.982
364.000	43.982
365.000	43.982
366.000	43.982
367.000	43.982
368.000	43.982
369.000	43.982
370.000	43.982
371.000	43.982
372.000	43.982
373.000	43.982
374.000	43.982
375.000	43.982
376.000	43.982
377.000	43.982
378.000	43.982
379.000	43.982
380.000	43.982
381.000	43.982
382.000	43.982
383.000	43.982
384.000	43.982
385.000	43.982
386.000	43.982
387.000	43.982
388.000	43.982
389.000	43.982
390.000	43.982
391.000	43.982
392.000	43.982
393.000	43.982
394.000	43.982
395.000	43.982
396.000	43.982
397.000	43.982
398.000	43.982
399.000	43.982
400.000	43.982
401.000	43.982
402.000	43.982
403.000	43.982
404.000	43.982
405.000	43.982
406.000	43.982
407.000	43.982
408.000	43.982
409.000	43.982
410.000	43.982
411.000	43.982
412.000	43.982
413.000	43.982
414.000	43.982
415.000	43.982
416.000	43.982
417.000	43.982
418.000	43.982
419.000	43.982
420.000	43.982
421.000	43.982
422.000	43.982
423.000	43.982
424.000	43.982
425.000	43.982
426.000	43.982
427.000	43.982
428.000	43.982
429.000	43.982
430.000	43.982
431.000	43.982
432.000	43.982
433.000	43.982
434.000	43.982
435.000	43.982
436.000	43.982
437.000	43.982
438.000	43.982
439.000	43.982
440.000	43.982
441.000	43.982
442.000	43.982
443.000	43.982
444.000	43.982
445.000	43.982
446.000	43.982
447.000	43.982
448.000	43.982
449.000	43.982
450.000	43.982
451.000	43.982
452.000	43.982
453.000	43.982
454.000	43.982
455.000	43.982
456.000	43.982
457.000	43.982
458.000	43.982
459.000	43.982
460.000	43.982
461.000	43.982
462.000	43.982
463.000	43.982
464.000	43.982
465.000	43.982
466.000	43.982
467.000	43.982
468.000	43.982
469.000	43.982
470.000	43.982
471.000	43.982
472.000	43.982
473.000	43.982
474.000	43.982
475.000	43.982
476.000	43.982
477.000	43.982
478.000	43.982
479.000	43.982
480.000	43.982
481.000	43.982
482.000	43.982
483.000	43.982
484.000	43.982
485.000	43.982
486.000	43.982
487.000	43.982
488.000	43.982
489.000	43.982
490.000	43.982
491.000	43.982
492.000	43.982
493.000	43.982
494.000	43.982
495.000	43.982
496.000	43.982
497.000	43.982
498.000	43.982
499.000	43.982
500.000	43.982
501.000	43.982
502.000	43.982
503.000	43.982
504.000	43.982
505.000	43.982
506.000	43.982
507.000	43.982
508.000	43.982
509.000	43.982
510.000	43.982
511.000	43.982
512.000	43.982
513.000	43.982
514.000	43.982
515.000	43.982
516.000	43.982
517.000	43.982
518.000	43.982
519.000	43.982
520.000	43.982
521.000	43.982
522.000	43.982
523.000	43.982
524.000	43.982
525.000	43.982
526.000	43.982
527.000	43.982
528.000	43.982
529.000	43.982
530.000	43.982
531.000	43.982
532.000	43.982
533.000	43.982
534.000	43.982
535.000	43.982
536.000	43.982
537.000	43.982
538.000	43.982
539.000	43.982
540.000	43.982
541.000	43.982
542.000	43.982
543.000	43.982
544.000	43.982
545.000	43.982
546.000	43.982
547.000	43.982
548.000	43.982
549.000	43.982
550.000	43.982
551.000	43.982
552.000	43.982
553.000	43.982
554.000	43.982
555.000	43.982
556.000	43.982
557.000	43.982
558.000	43.982
559.000	43.982
560.000	43.982
561.000	43.982
562.000	43.982
563.000	43.982
564.000	43.982
565.000	43.982
566.000	43.982
567.000	43.982
568.000	43.982
569.000	43.982
570.000	43.982
571.000	43.982
572.000	43.982
573.000	43.982
574.000	43.982
575.000	43.982
576.000	43.982
577.000	43.982
578.000	43.982
579.000	43.982
580.000	43.982
581.000	43.982
582.000	43.982
583.000	43.982
584.000	43.982
585.000	43.982
586.000	43.982
587.000	43.982
588.000	43.982
589.000	43.982
590.000	43.982
591.000	43.982
592.000	43.982
593.000	43.982
594.000	43.982
595.000	43.982
596.000	43.982
597.000	43.982
598.000	43.982
599.000	43.982
600.000	43.982
601.000	43.982
602.000	43.982
603.000	43.982
604.000	43.982
605.000	43.982
606.000	43.982
607.000	43.982
608.000	43.982
609.000	43.982
610.000	43.982
611.000	43.982
612.000	43.982
613.000	43.982
614.000	43.982
615.000	43.982
616.000	43.982
617.000	43.982
618.000	43.982
619.000	43.982
620.000	43.982
621.000	43.982
622.000	43.982
623.000	43.982
624.000	43.982
625.000	43.982
626.000	43.982
627.000	43.982
628.000	43.982
629.000	43.982
630.000	43.982
631.000	43.982
632.000	43.982
633.000	43.982
634.000	43.982
635.000	43.982
636.000	43.982
637.000	43.982
638.000	43.982
639.000	43.982
640.000	43.982
641.000	43.982
642.000	43.982
643.000	43.982
644.000	43.982
645.000	43.982
646.000	43.982
647.000	43.982
648.000	43.982
649.000	43.982
650.000	43.982
651.000	43.982
652.000	43.982
653.000	43.982
654.000	43.982
655.000	43.982
656.000	43.982
657.000	43.982
658.000	43.982
659.000	43.982
660.000	43.982
661.000	43.982
662.000	43.982
663.000	43.982
664.000	43.982
665.000	43.982
666.000	43.982
667.000	43.982
668.000	43.982
669.000	43.982
670.000	43.982
671.000	43.982
672.000	43.982
673.000	43.982
674.000	43.982
675.000	43.982
676.000	43.982
677.000	43.982
678.000	43.982
679.000	43.982
680.000	43.982
681.000	43.982
682.000	43.982
683.000	43.982
684.000	43.982
685.000	43.982
686.000	43.982
687.000	43.982
688.000	43.982
689.000	43.982
690.000	43.982
691.000	43.982
692.000	43.982
693.000	43.982
694.000	43.982
695.000	43.982
696.000	43.982
697.000	43.982
698.000	43.982
699.000	43.982
700.000	43.982
701.000	43.982
702.000	43.982
703.000	43.982
704.000	43.982
705.000	43.982
706.000	43.982
707.000	43.982
708.000	43.982
709.000	43.982
710.000	43.982
711.000	43.982
712.000	43.982
713.000	43.982
714.000	43.982
715.000	43.982
716.000	43.982
717.000	43.982
718.000	43.982
719.000	43.982
720.000	43.982
721.000	43.982
722.000	43.982
723.000	43.982
724.000	43.982
725.000	43.982
726.000	43.982
727.000	43.982
728.000	43.982
729.000	43.982
730.000	43.982
731.000	43.982
732.000	43.982
733.000	43.982
734.000	43.982
735.000	43.982
736.000	43.982
737.000	43.982
738.000	43.982
739.000	43.982
740.000	43.982
741.000	43.982
742.000	43.982
743.000	43.982
744.000	43.982
745.000	43.982
746.000	43.982
747.000	43.982
748.000	43.982
749.000	43.982
750.000	43.982
751.000	43.982
752.000	43.982
753.000	43.982
754.000	43.982
755.000	43.982
756.000	43.982
757.000	43.982
758.000	43.982
759.000	43.982
760.000	43.982
761.000	43.982
762.000	43.982
763.000	43.982
764.000	43.982
765.000	43.982
766.000	43.982
767.000	43.982
768.000	43.982
769.000	43.982
770.000	43.982
771.000	43.982
772.000	43.982
773.000	43.982
774.000	43.982
775.000	43.982
776.000	43.982
777.000	43.982
778.000	43.982
779.000	43.982
780.000	43.982
781.000	43.982
782.000	43.982
783.000	43.982
784.000	43.982
785.000	43.982
786.000	43.982
787.000	43.982
788.000	43.982
789.000	43.982
790.000	43.982
791.000	43.982
792.000	43.982
793.000	43.982
794.000	43.982
795.000	43.982
796.000	43.982
797.000	43.982
798.000	43.982
799.000	43.982
800.000	43.982
801.000	43.982
802.000	43.982
803.000	43.982
804.000	43.982
805.000	43.982
806.000	43.982
807.000	43.982
808.000	43.982
809.000	43.982
810.000	43.982
811.000	43.982
812.000	43.982
813.000	43.982
814.000	43.982
815.000	43.982
816.000	43.982
817.000	43.982
818.000	43.982
819.000	43.982
820.000	43.982
821.000	43.982
822.000	43.982
823.000	43.982
824.000	43.982
825.000	43.982
826.000	43.982
827.000	43.982
828.000	43.982
829.000	43.982
830.000	43.982
831.000	43.982
832.000	43.982
833.000	43.982
834.000	43.982
835.000	43.982
836.000	43.982
837.000	43.982
838.000	43.982
839.000	43.982
840.000	43.982
841.000	43.982
842.000	43.982
843.000	43.982
844.000	43.982
845.000	43.982
846.000	43.982
847.000	43.982
848.000	43.982
849.000	43.982
850.000	43.982
851.000	43.982
852.000	43.982
853.000	43.982
854.000	43.982
855.000	43.982
856.000	43.982
857.000	43.982
858.000	43.982
859.000	43.982
860.000	43.982
861.000	43.982
862.000	43.982
863.000	43.982
864.000	43.982
865.000	43.982
866.000	43.982
867.000	43.982
868.000	43.982
869.000	43.982
870.000	43.982
871.000	43.982
872.000	43.982
873.000	43.982
874.000	43.982
875.000	43.982
876.000	43.982
877.000	43.982
878.000	43.982
879.000	43.982
880.000	43.982
881.000	43.982
882.000	43.982
883.000	43.982
884.000	43.982
885.000	43.982
886.000	43.982
887.000	43.982
888.000	43.982
889.000	43.982
890.000	43.982
891.000	43.982
892.000	43.982
893.000	43.982
894.000	43.982
895.000	43.982
896.000	43.982
897.000	43.982
898.000	43.982
899.000	43.982
900.000	43.982
901.000	43.982
902.000	43.982
903.000	43.982
904.000	43.982
905.000	43.982
906.000	43.982
907.000	43.982
908.000	43.982
909.000	43.982
910.000	43.982
911.000	43.982
912.000	43.982
913.000	43.982
914.000	43.982
915.000	43.982
916.000	43.982
917.000	43.982
918.000	43.982
919.000	43.982
920.000	43.982
921.000	43.982
922.000	43.982
923.000	43.982
924.000	43.982
925.000	43.982
926.000	43.982
927.000	43.982
928.000	43.982
929.000	43.982
930.000	43.982
931.000	43.982
932.000	43.982
933.000	43.982
934.000	43.982
935.000	43.982
936.000	43.982
937.000	43.982
938.000	43.982
939.000	43.982
940.000	43.982
941.000	43.982
942.000	43.982
943.000	43.982
944.000	43.982
945.000	43.982
946.000	43.982
947.000	43.982
948.000	43.982
949.000	43.982
950.000	43.982
951.000	43.982
952.000	43.982
953.000	43.982
954.000	43.982
955.000	43.982
956.000	43.982
957.000	43.982
958.000	43.982
959.000	43.982
960.000	43.982
961.000	43.982
962.000	43.982
963.000	43.982
964.000	43.982
965.000	43.982
966.000	43.982
967.000	43.982
968.000	43.982
969.000	43.982
970.000	43.982
971.000	43.982
972.000	43.982
973.000	43.982
974.000	43.982
975.000	43.982
976.000	43.982
977.000	43.982
978.000	43.982
979.000	43.982
980.000	43.982
981.000	43.982
982.000	43.982
983.000	43.982
984.000	43.982
985.000	43.982
986.000	43.982
987.000	43.982
988.000	43.982
989.000	43.982
990.000	43.982
991.000	43.982
992.000	43.982
993.000	43.982
994.000	43.982
995.000	43.982
996.000	43.982
997.000	43.982
998.000	43.982
999.000	43.982
1000.000	43.982
1001.000	43.982
1002.000	43.982
1003.000	43.982
1004.000	43.982
1005.000	43.982
1006.000	43.982
1007.000	43.982
1008.000	43.982
1009.000	43.982
1010.000	43.982
1011.000	43.982
1012.000	43.982
1013.000	43.982
1014.000	43.982
1015.000	43.982
1016.000	43.982
1017.000	43.982
1018.000	43.982
1019.000	43.982
1020.000	43.982
1021.000	43.982
1022.000	43.982
1023.000	43.982
1024.000	43.982
1025.000	43.982
1026.000	43.982
1027.000	43.982
1028.000	43.982
1029.000	43.982
1030.000	43.982
1031.000	43.982
1032.000	43.982
1033.000	43.982
1034.000	43.982
1035.000	43.982
1036.000	43.982
1037.000	43.982
1038.000	43.982
1039.000	43.982
1040.000	43.982
1041.000	43.982
1042.000	43.982
1043.000	43.982
1044.000	43.982
1045.000	43.982
1046.000	43.982
1047.000	43.982
1048.000	43.982
1049.000	43.982
1050.000	43.982
1051.000	43.982
1052.000	43.982
1053.000	43.982
1054.000	43.982
1055.000	43.982
1056.000	43.982
1057.000	43.982
1058.000	43.982
1059.000	43.982
1060.000	43.982
1061.000	43.982
1062.000	43.982
1063.000	43.982
1064.000	43.982
1065.000	43.982
1066.000	43.982
1067.000	43.982
1068.000	43.982
1069.000	43.982
1070.000	43.982
1071.000	43.982
1072.000	43.982
1073.000	43.982
1074.000	43.982
1075.000	43.982
1076.000	43.982
1077.000	43.982
1078.000	43.982
1079.000	43.982
1080.000	43.982
1081.000	43.982
1082.000	43.982
1083.000	43.982
1084.000	43.982
1085.000	43.982
1086.000	43.982
1087.000	43.982
1088.000	43.982
1089.000	43.982
1090.000	43.982
1091.000	43.982
1092.000	43.982
1093.000	43.982
1094.000	43.982
1095.000	43.982
1096.000	43.982
1097.000	43.982
1098.000	43.982
1099.000	43.982
1100.000	43.982
1101.000	43.982
1102.000	43.982
1103.000	43.982
1104.000	43.982
1105.000	43.982
1106.000	43.982
1107.000	43.982
1108.000	43.982
1109.000	43.982
1110.000	43.982
1111.000	43.982
1112.000	43.982
1113.000	43.982
1114.000	43.982
1115.000	43.982
1116.000	43.982
1117.000	43.982
1118.000	43.982
1119.000	43.982
1120.000	43.982
1121.000	43.982
1122.000	43.982
1123.000	43.982
1124.000	43.982
1125.000	43.982
1126.000	43.982
1127.000	43.982
1128.000	43.982
1129.000	43.982
1130.000	43.982
1131.000	43.982
1132.000	43.982
1133.000	43.982
1134.000	43.982
1135.000	43.982
1136.000	43.982
1137.000	43.982
1138.000	43.982
1139.000	43.982
1140.000	43.982
1141.000	43.982
1142.000	43.982
1143.000	43.982
1144.000	43.982
1145.000	43.982
1146.000	43.982
1147.000	43.982
1148.000	43.982
1149.000	43.982
1150.000	43.982
1151.000	43.982
1152.000	43.982
1153.000	43.982
1154.000	43.982
1155.000	43.982
1156.000	43.982
1157.000	43.982
1158.000	43.982
1159.000	43.982
1160.000	43.982
1161.000	43.982
1162.000	43.982
1163.000	43.982
1164.000	43.982
1165.000	43.982
1166.000	43.982
1167.000	43.982
1168.000	43.982
1169.000	43.982
1170.000	43.982
1171.000	43.982
1172.000	43.982
1173.000	43.982
1174.000	43.982
1175.000	43.982
1176.000	43.982
1177.000	43.982
1178.000	43.982
1179.000	43.982
1180.000	43.982
1181.000	43.982
1182.000	43.982
1183.000	43.982
1184.000	43.982
1185.000	43.982
1186.000	43.982
1187.000	43.982
1188.000	43.982
1189.000	43.982
1190.000	43.982
1191.000	43.982
1192.000	43.982
1193.000	43.982
1194.000	43.982
1195.000	43.982
1196.000	43.982
1197.000	43.982
1198.000	43.982
1199.000	43.982
1200.000	43.982
1201.000	43.982
1202.000	43.982
1203.000	43.982
1204.000	43.982
1205.000	43.982
1206.000	43.982
1207.000	43.982
1208.000	43.982
1209.000	43.982
1210.000	43.982
1211.000	43.982
1212.000	43.982
1213.000	43.982
1214.000	43.982
1215.000	43.982
1216.000	43.982
1217.000	43.982
1218.000	43.982
1219.000	43.982
1220.000	43.982
1221.000	43.982
1222.000	43.982
1223.000	43.982
1224.000	43.982
1225.000	43.982
1226.000	43.982
1227.000	43.982
1228.000	43.982
1229.000	43.982
1230.000	43.982
1231.000	43.982
1232.000	43.982
1233.000	43.982
1234.000	43.982
1235.000	43.982
1236.000	43.982
1237.000	43.982
1238.000	43.982
1239.000	43.982
1240.000	43.982
1241.000	43.982
1242.000	43.982
1243.000	43.982
1244.000	43.982
1245.000	43.982
1246.000	43.982
1247.000	43.982
1248.000	43.982
1249.000	43.982
1250.000	43.982
1251.000	43.982
1252.000	43.982
1253.000	43.982
1254.000	43.982
1255.000	43.982
1256.000	43.982
1257.000	43.982
1258.000	43.982
1259.000	43.982
1260.000	43.982
1261.000	43.982
1262.000	43.982
1263.000	43.982
1264.000	43.982
1265.000	43.982
1266.000	43.982
1267.000	43.982
1268.000	43.982
1269.000	43.982
1270.000	43.982
1271.000	43.982
1272.000	43.982
1273.000	43.982
1274.000	43.982
1275.000	43.982
1276.000	43.982
1277.000	43.982
1278.000	43.982
1279.000	43.982
1280.000	43.982
1281.000	43.982
1282.000	43.982
1283.000	43.982
1284.000	43.982
1285.000	43.982
1286.000	43.982
1287.000	43.982
1288.000	43.982
1289.000	43.982
1290.000	43.982
1291.000	43.982
1292.000	43.982
1293.000	43.982
1294.000	43.982
1295.000	43.982
1296.000	43.982
1297.000	43.982
1298.000	43.982
1299.000	43.982
1300.000	43.982
1301.000	43.982
1302.000	43.982
1303.000	43.982
1304.000	43.982
1305.000	43.982
1306.000	43.982
1307.000	43.982
1308.000	43.982
1309.000	43.982
1310.000	43.982
1311.000	43.982
1312.000	43.982
1313.000	43.982
1314.000	43.982
1315.000	43.982
1316.000	43.982
1317.000	43.982
1318.000	43.982
1319.000	43.982
1320.000	43.982
1321.000	43.982
1322.000	43.982
1323.000	43.982
1324.000	43.982
1325.000	43.982
1326.000	43.982
1327.000	43.982
1328.000	43.982
1329.000	43.982
1330.000	43.982
1331.000	43.982
1332.000	43.982
1333.000	43.982
1334.000	43.982
1335.000	43.982
1336.000	43.982
1337.000	43.982
1338.000	43.982
1339.000	43.982
1340.000	43.982
1341.000	43.982
1342.000	43.982
1343.000	43.982
1344.000	43.982
1345.000	43.982
1346.000	43.982
1347.000	43.982
1348.000	43.982
1349.000	43.982
1350.000	43.982
1351.000	43.982
1352.000	43.982
1353.000	43.982
1354.000	43.982
1355.000	43.982
1356.000	43.982
1357.000	43.982
1358.000	43.982
1359.000	43.982
1360.000	43.982
1361.000	43.982
1362.000	43.982
1363.000	43.982
1364.000	43.982
1365.000	43.982
1366.000	43.982
1367.000	43.982
1368.000	43.982
1369.000	43.982
1370.000	43.982
1371.000	43.982
1372.000	43.982
1373.000	43.982
1374.000	43.982
1375.000	43.982
1376.000	43.982
1377.000	43.982
1378.000	43.982
1379.000	43.982
1380.000	43.982
1381.000	43.982
1382.000	43.982
1383.000	43.982
1384.000	43.982
1385.000	43.982
1386.000	43.982
1387.000	43.982
1388.000	43.982
1389.000	43.982
1390.000	43.982
1391.000	43.982
1392.000	43.982
1393.000	43.982
1394.000	43.982
1395.000	43.982
1396.000	43.982
1397.000	43.982
1398.000	43.982
1399.000	43.982
1400.000	43.982
1401.000	43.982
1402.000	43.982
1403.000	43.982
1404.000	43.982
1405.000	43.982
1406.000	43.982
1407.000	43.982
1408.000	43.982
1409.000	43.982
1410.000	43.982
1411.000	43.982
1412.000	43.982
1413.000	43.982
1414.000	43.982
1415.000	43.982
1416.000	43.982
1417.000	43.982
1418.000	43.982
1419.000	43.982
1420.000	43.982
1421.000	43.982
1422.000	43.982
1423.000	43.982
1424.000	43.982
1425.000	43.982
1426.000	43.982
1427.000	43.982
1428.000	43.982
1429.000	43.982
1430.000	43.982
1431.000	43.982
1432.000	43.982
1433.000	43.982
1434.000	43.982
1435.000	43.982
1436.000	43.982
1437.000	43.982
1438.000	43.982
1439.000	43.982
1440.000	43.982
1441.000	43.982
1442.000	43.982
1443.000	43.982
1444.000	43.982
1445.000	43.982
1446.000	43.982
1447.000	43.982
1448.000	43.982
1449.000	43.982
1450.000	43.982
1451.000	43.982
1452.000	43.982
1453.000	43.982
1454.000	43.982
1455.000	43.982
1456.000	43.982
1457.000	43.982
1458.000	43.982
1459.000	43.982
1460.000	43.982
1461.000	43.982
1462.000	43.982
1463.000	43.982
1464.000	43.982
1465.000	43.982
1466.000	43.982
1467.000	43.982
1468.000	43.982
1469.000	43.982
1470.000	43.982
1471.000	43.982
1472.000	43.982
1473.000	43.982
1474.000	43.982
1475.000	43.982
1476.000	43.982
1477.000	43.982
1478.000	43.982
1479.000	43.982
1480.000	43.982
1481.000	43.982
1482.000	43.982
1483.000	43.982
1484.000	43.982
1485.000	43.982
1486.000	43.982
1487.000	43.982
1488.000	43.982
1489.000	43.982
1490.000	43.982
1491.000	43.982
1492.000	43.982
1493.000	43.982
1494.000	43.982
1495.000	43.982
1496.000	43.982
1497.000	43.982
1498.000	43.982
1499.000	43.982
1500.000	43.982
1501.000	43.982
1502.000	43.982
1503.000	43.982
1504.000	43.982
1505.000	43.982
1506.000	43.982
1507.000	43.982
1508.000	43.982
1509.000	43.982
1510.000	43.982
1511.000	43.982
1512.000	43.982
1513.000	43.982
1514.000	43.982
1515.000	43.982
1516.000	43.982
1517.000	43.982
1518.000	43.982
1519.000	43.982
1520.000	43.982
1521.000	43.982
1522.000	43.982
1523.000	43.982
1524.000	43.982
1525.000	43.982
1526.000	43.982
1527.000	43.982
1528.000	43.982
1529.000	43.982
1530.000	43.982
1531.000	43.982
1532.000	43.982
1533.000	43.982
1534.000	43.982
1535.000	43.982
1536.000	43.982
1537.000	43.982
1538.000	43.982
1539.000	43.982
1540.000	43.982
1541.000	43.982
1542.000	43.982
1543.000	43.982
1544.000	43.982
1545.000	43.982
1546.000	43.982
1547.000	43.982
1548.000	43.982
1549.000	43.982
1550.000	43.982
1551.000	43.982
1552.000	43.982
1553.000	43.982
1554.000	43.982
1555.000	43.982
1556.000	43.982
1557.000	43.982
1558.000	43.982
1559.000	43.982
1560.000	43.982
1561.000	43.982
1562.000	43.982
1563.000	43.982
1564.000	43.982
1565.000	43.982
1566.000	43.982
1567.000	43.982
1568.000	43.982
1569.000	43.982
1570.000	43.982
1571.000	43.982
1572.000	43.982
1573.000	43.982
1574.000	43.982
1575.000	43.982
1576.000	43.982
1577.000	43.982
1578.000	43.982
1579.000	43.982
1580.000	43.982
1581.000	43.982
1582.000	43.982
1583.000	43.982
1584.000	43.982
1585.000	43.982
1586.000	43.982
1587.000	43.982
1588.000	43.982
1589.000	43.982
1590.000	43.982
1591.000	43.982
1592.000	43.982
1593.000	43.982
1594.000	43.982
1595.000	43.982
1596.000	43.982
1597.000	43.982
1598.000	43.982
1599.000	43.982
1600.000	43.982
1601.000	43.982
1602.000	43.982
1603.000	43.982
1604.000	43.982
1605.000	43.982
1606.000	43.982
1607.000	43.982
1608.000	43.982
1609.000	43.982
1610.000	43.982
1611.000	43.982
1612.000	43.982
1613.000	43.982
1614.000	43.982
1615.000	43.982
1616.000	43.982
1617.000	43.982
1618.000	43.982
1619.000	43.982
1620.000	43.982
1621.000	43.982
1622.000	43.982
1623.000	43.982
1624.000	43.982
1625.000	43.982
1626.000	43.982
1627.000	43.982
1628.000	43.982
1629.000	43.982
1630.000	43.982
1631.000	43.982
1632.000	43.982
1633.000	43.982
1634.000	43.982
1635.000	43.982
1636.000	43.982
1637.000	43.982
1638.000	43.982
1639.000	43.982
1640.000	43.982
1641.000	43.982
1642.000	43.982
1643.000	43.982
1644.000	43.982
1645.000	43.982
1646.000	43.982
1647.000	43.982
1648.000	43.982
1649.000	43.982
1650.000	43.982
1651.000	43.982
1652.000	43.982
1653.000	43.982
1654.000	43.982
1655.000	43.982
1656.000	43.982
1657.000	43.982
1658.000	43.982
1659.000	43.982
1660.000	43.982
1661.000	43.982
1662.000	43.982
1663.000	43.982
1664.000	43.982
1665.000	43.982
1666.000	43.982
1667.000	43.982
1668.000	43.982
1669.000	43.982
1670.000	43.982
1671.000	43.982
1672.000	43.982
1673.000	43.982
1674.000	43.982
1675.000	43.982
1676.000	43.982
1677.000	43.982
1678.000	43.982
1679.000	43.982
1680.000	43.982
1681.000	43.982
1682.000	43.982
1683.000	43.982
1684.000	43.982
1685.000	43.982
1686.000	43.982
1687.000	43.982
1688.000	43.982
1689.000	43.982
1690.000	43.982
1691.000	43.982
1692.000	43.982
1693.000	43.982
1694.000	43.982
1695.000	43.982
1696.000	43.982
1697.000	43.982
1698.000	43.982
1699.000	43.982
1700.000	43.982
1701.000	43.982
1702.000	43.982
1703.000	43.982
1704.000	43.982
1705.000	43.982
1706.000	43.982
1707.000	43.982
1708.000	43.982
1709.000	43.982
1710.000	43.982
1711.000	43.982
1712.000	43.982
1713.000	43.982
1714.000	43.982
1715.000	43.982
1716.000	43.982
1717.000	43.982
1718.000	43.982
1719.000	43.982
1720.000	43.982
1721.000	43.982
1722.000	43.982
1723.000	43.982
1724.000	43.982
1725.000	43.982
1726.000	43.982
1727.000	43.982
1728.000	43.982
1729.000	43.982
1730.000	43.982
1731.000	43.982
1732.000	43.982
1733.000	43.982
1734.000	43.982
1735.000	43.982
1736.000	43.982
1737.000	43.982
1738.000	43.982
1739.000	43.982
1740.000	43.982
1741.000	43.982
1742.000	43.982
1743.000	43.982
1744.000	43.982
1745.000	43.982
1746.000	43.982
1747.000	43.982
1748.000	43.982
1749.000	43.982
1750.000	43.982
1751.000	43.982
1752.000	43.982
1753.000	43.982
1754.000	43.982
1755.000	43.982
1756.000	43.982
1757.000	43.982
1758.000	43.982
1759.000	43.982
1760.000	43.982
1761.000	43.982
1762.000	43.982
1763.000	43.982
1764.000	43.982
1765.000	43.982
1766.000	43.982
1767.000	43.982
1768.000	43.982
1769.000	43.982
1770.000	43.982
1771.000	43.982
1772.000	43.982
1773.000	43.982
1774.000	43.982
1775.000	43.982
1776.000	43.982
1777.000	43.982
1778.000	43.982
1779.000	43.982
1780.000	43.982
1781.000	43.982
1782.000	43.982
1783.000	43.982
1784.000	43.982
1785.000	43.982
1786.000	43.982
1787.000	43.982
1788.000	43.982
1789.000	43.982
1790.000	43.982
1791.000	43.982
1792.000	43.982
1793.000	43.982
1794.000	43.982
1795.000	43.982
1796.000	43.982
1797.000	43.982
1798.000	43.982
1799.000	43.982
1800.000	43.982
1801.000	43.982
1802.000	43.982
1803.000	43.982
1804.000	43.982
1805.000	43.982
1806.000	43.982
1807.000	43.982
1808.000	43.982
1809.000	43.982
1810.000	43.982
1811.000	43.982
1812.000	43.982
1813.000	43.982
1814.000	43.982
1815.000	43.982
1816.000	43.982
1817.000	43.982
1818.000	43.982
1819.000	43.982
1820.000	43.982
1821.000	43.982
1822.000	43.982
1823.000	43.982
1824.000	43.982
1825.000	43.982
1826.000	43.982
1827.000	43.982
1828.000	43.982
1829.000	43.982
1830.000	43.982
1831.000	43.982
1832.000	43.982
1833.000	43.982
1834.000	43.982
1835.000	43.982
1836.000	43.982
1837.000	43.982
1838.000	43.982
1839.000	43.982
1840.000	43.982
1841.000	43.982
1842.000	43.982
1843.000	43.982
1844.000	43.982
1845.000	43.982
1846.000	43.982
1847.000	43.982
1848.000	43.982
1849.000	43.982
1850.000	43.982
1851.000	43.982
1852.000	43.982
1853.000	43.982
1854.000	43.982
1855.000	43.982
1856.000	43.982
1857.000	43.982
1858.000	43.982
1859.000	43.982
1860.000	43.982
1861.000	43.982
1862.000	43.982
1863.000	43.982
1864.000	43.982
1865.000	43.982
1866.000	43.982
1867.000	43.982
1868.000	43.982
1869.000	43.982
1870.000	43.982
1871.000	43.982
1872.000	43.982
1873.000	43.982
1874.000	43.982
1875.000	43.982
1876.000	43.982
1877.000	43.982
1878.000	43.982
1879.000	43.982
1880.000	43.982
1881.000	43.982
1882.000	43.982
1883.000	43.982
1884.000	43.982
1885.000	43.982
1886.000	43.982
1887.000	43.982
1888.000	43.982
1889.000	43.982
1890.000	43.982
1891.000	43.982
1892.000	43.982
1893.000	43.982
1894.000	43.982
1895.000	43.982
1896.000	43.982
1897.000	43.982
1898.000	43.982
1899.000	43.982
1900.000	43.982
1901.000	43.982
1902.000	43.982
1903.000	43.982
1904.000	43.982
1905.000	43.982
1906.000	43.982
1907.000	43.982
1908.000	43.982
1909.000	43.982
1910.000	43.982
1911.000	43.982
1912.000	43.982
1913.000	43.982
1914.000	43.982
1915.000	43.982
1916.000	43.982
1917.000	43.982
1918.000	43.982
1919.000	43.982
1920.000	43.982
1921.000	43.982
1922.000	43.982
1923.000	43.982
1924.000	43.982
1925.000	43.982
1926.000	43.982
1927.000	43.982
1928.000	43.982
1929.000	43.982
1930.000	43.982
1931.000	43.982
1932.000	43.982
1933.000	43.982
1934.000	43.982
1935.000	43.982
1936.000	43.982
1937.000	43.982
1938.000	43.982
1939.000	43.982
1940.000	43.982
1941.000	43.982
1942.000	43.982
1943.000	43.982
1944.000	43.982
1945.000	43.982
1946.000	43.982
1947.000	43.982
1948.000	43.982
1949.000	43.982
1950.000	43.982
1951.000	43.982
1952.000	43.982
1953.000	43.982
1954.000	43.982
1955.000	43.982
1956.000	43.982
1957.000	43.982
1958.000	43.982
1959.000	43.982
1960.000	43.982
1961.000	43.982
1962.000	43.982
1963.000	43.982
1964.000	43.982
1965.000	43.982
1966.000	43.982
1967.000	43.982
1968.000	43.982
1969.000	43.982
1970.000	43.982
1971.000	43.982
1972.000	43.982
1973.000	43.982
1974.000	43.982
1975.000	43.982
1976.000	43.982
1977.000	43.982
1978.000	43.982
1979.000	43.982
1980.000	43.982
1981.000	43.982
1982.000	43.982
1983.000	43.982
1984.000	43.982
1985.000	43.982
1986.000	43.982
1987.000	43.982
1988.000	43.982
1989.000	43.982
1990.000	43.982
1991.000	43.982
1992.000	43.982
1993.000	43.982
1994.000	43.982
1995.000	43.982
1996.000	43.982
1997.000	43.982
1998.000	43.982
1999.000	43.982
2000.000	43.982
2001.000	43.982
2002.000	43.982
2003.000	43.982
2004.000	43.982
2005.000	43.982
2006.000	43.982
2007.000	43.982
2008.000	43.982
2009.000	43.982
2010.000	43.982
2011.000	43.982
2012.000	43.982
2013.000	43.982
2014.000	43.982
2015.000	43.982
2016.000	43.982
2017.000	43.982
2018.000	43.982
2019.000	43.982
2020.000	43.982
2021.000	43.982
2022.000	43.982
2023.000	43.982
2024.000	43.982
2025.000	43.982
2026.000	43.982
2027.000	43.982
2028.000	43.982
2029.000	43.982
2030.000	43.982
2031.000	43.982
2032.000	43.982
2033.000	43.982
2034.000	43.982
2035.000	43.982
2036.000	43.982
2037.000	43.982
2038.000	43.982
2039.000	43.982
2040.000	43.982
2041.000	43.982
2042.000	43.982
2043.000	43.982
2044.000	43.982
2045.000	43.982
2046.000	43.982
2047.000	43.982
2048.000	43.982
2049.000	43.982
2050.000	43.982
2051.000	43.982
2052.000	43.982
2053.000	43.982
2054.000	43.982
2055.000	43.982
2056.000	43.982
2057.000	43.982
2058.000	43.982
2059.000	43.982
2060.000	43.982
2061.000	43.982
2062.000	43.982
2063.000	43.982
2064.000	43.982
2065.000	43.982
2066.000	43.982
2067.000	43.982
2068.000	43.982
2069.000	43.982
2070.000	43.982
2071.000	43.982
2072.000	43.982
2073.000	43.982
2074.000	43.982
2075.000	43.982
2076.000	43.982
2077.000	43.982
2078.000	43.982
2079.000	43.982
2080.000	43.982
2081.000	43.982
2082.000	43.982
2083.000	43.982
2084.000	43.982
2085.000	43.982
2086.000	43.982
2087.000	43.982
2088.000	43.982
2089.000	43.982
2090.000	43.982
2091.000	43.982
2092.000	43.982
2093.000	43.982
2094.000	43.982
2095.000	43.982
2096.000	43.982
2097.000	43.982
2098.000	43.982
2099.000	43.982
2100.000	43.982
2101.000	43.982
2102.000	43.982
2103.000	43.982
2104.000	43.982
2105.000	43.982
2106.000	43.982
2107.000	43.982
2108.000	43.982
2109.000	43.982
2110.000	43.982
2111.000	43.982
2112.000	43.982
2113.000	43.982
2114.000	43.982
2115.000	43.982
2116.000	43.982
2117.000	43.982
2118.000	43.982
2119.000	43.982
2120.000	43.982
2121.000	43.982
2122.000	43.982
2123.000	43.982
2124.000	43.982
2125.000	43.982
2126.000	43.982
2127.000	43.982
2128.000	43.982
2129.000	43.982
2130.000	43.982
2131.000	43.982
2132.000	43.982
2133.000	43.982
2134.000	43.982
2135.000	43.982
2136.000	43.982
2137.000	43.982
2138.000	43.982
2139.000	43.982
2140.000	43.982
2141.000	43.982
2142.000	43.982
2143.000	43.982
2144.000	43.982
2145.000	43.982
2146.000	43.982
2147.000	43.982
2148.000	43.982
2149.000	43.982
2150.000	43.982
2151.000	43.982
2152.000	43.982
2153.000	43.982
2154.000	43.982
2155.000	43.982
2156.000	43.982
2157.000	43.982
2158.000	43.982
2159.000	43.982
2160.000	43.982
2161.000	43.982
2162.000	43.982
2163.000	43.982
2164.000	43.982
2165.000	43.982
2166.000	43.982
2167.000	43.982
2168.000	43.982
2169.000	43.982
2170.000	43.982
2171.000	43.982
2172.000	43.982
2173.000	43.982
2174.000	43.982
2175.000	43.982
2176.000	43.982
2177.000	43.982
2178.000	43.982
2179.000	43.982
2180.000	43.982
2181.000	43.982
2182.000	43.982
2183.000	43.982
2184.000	43.982
2185.000	43.982
2186.000	43.982
2187.000	43.982
2188.000	43.982
2189.000	43.982
2190.000	43.982
2191.000	43.982
2192.000	43.982
2193.000	43.982
2194.000	43.982
2195.000	43.982
2196.000	43.982
2197.000	43.982
2198.000	43.982
2199.000	43.982
2200.000	43.982
2201.000	43.982
2202.000	43.982
2203.000	43.982
2204.000	43.982
2205.000	43.982
2206.000	43.982
2207.000	43.982
2208.000	43.982
2209.000	43.982
2210.000	43.982
2211.000	43.982
2212.000	43.982
2213.000	43.982
2214.000	43.982
2215.000	43.982
2216.000	43.982
2217.000	43.982
2218.000	43.982
2219.000	43.982
2220.000	43.981
2221.000	43.981
2222.000	43.981
2223.000	43.981
2224.000	43.981
2225.000	43.980
2226.000	43.980
2227.000	43.980
2228.000	43.980
2229.000	43.979
2230.000	43.979
2231.000	43.978
2232.000	43.978
2233.000	43.977
2234.000	43.977
2235.000	43.976
2236.000	43.976
2237.000	43.976
2238.000	43.975
2239.000	43.975
2240.000	43.974
2241.000	43.974
2242.000	43.973
2243.000	43.973
2244.000	43.972
2245.000	43.971
2246.000	43.971
2247.000	43.970
2248.000	43.970
2249.000	43.970
2250.000	43.969
2251.000	43.968
2252.000	43.968
2253.000	43.967
2254.000	43.966
2255.000	43.966
2256.000	43.965
2257.000	43.964
2258.000	43.964
2259.000	43.963
2260.000	43.963
2261.000	43.963
2262.000	43.962
2263.000	43.961
2264.000	43.960
2265.000	43.960
2266.000	43.959
2267.000	43.958
2268.000	43.958
2269.000	43.957
2270.000	43.956
2271.000	43.956
2272.000	43.956
2273.000	43.955
2274.000	43.954
2275.000	43.954
2276.000	43.953
2277.000	43.952
2278.000	43.951
2279.000	43.951
2280.000	43.950
2281.000	43.949
2282.000	43.949
2283.000	43.948
2284.000	43.948
2285.000	43.947
2286.000	43.946
2287.000	43.945
2288.000	43.945
2289.000	43.944
2290.000	43.943
2291.000	43.942
2292.000	43.942
2293.000	43.942
2294.000	43.941
2295.000	43.940
2296.000	43.939
2297.000	43.938
2298.000	43.938
2299.000	43.937
2300.000	43.936
2301.000	43.935
2302.000	43.934
2303.000	43.934
2304.000	43.934
2305.000	43.933
2306.000	43.932
2307.000	43.931
2308.000	43.930
2309.000	43.930
2310.000	43.929
2311.000	43.928
2312.000	43.927
2313.000	43.926
2314.000	43.925
2315.000	43.925
2316.000	43.925
2317.000	43.924
2318.000	43.923
2319.000	43.922
2320.000	43.921
2321.000	43.920
2322.000	43.919
2323.000	43.918
2324.000	43.918
2325.000	43.917
2326.000	43.916
2327.000	43.916
2328.000	43.915
2329.000	43.914
2330.000	43.913
2331.000	43.912
2332.000	43.911
2333.000	43.910
2334.000	43.909
2335.000	43.908
2336.000	43.907
2337.000	43.906
2338.000	43.906
2339.000	43.905
2340.000	43.904
2341.000	43.903
2342.000	43.902
2343.000	43.901
2344.000	43.900
2345.000	43.899
2346.000	43.898
2347.000	43.897
2348.000	43.896
2349.000	43.896
2350.000	43.895
2351.000	43.894
2352.000	43.893
2353.000	43.892
2354.000	43.891
2355.000	43.890
2356.000	43.889
2357.000	43.888
2358.000	43.887
2359.000	43.886
2360.000	43.886
2361.000	43.885
2362.000	43.884
2363.000	43.883
2364.000	43.881
2365.000	43.880
2366.000	43.879
2367.000	43.878
2368.000	43.877
2369.000	43.876
2370.000	43.875
2371.000	43.875
2372.000	43.874
2373.000	43.873
2374.000	43.872
2375.000	43.871
2376.000	43.869
2377.000	43.868
2378.000	43.867
2379.000	43.866
2380.000	43.865
2381.000	43.864
2382.000	43.863
2383.000	43.863
2384.000	43.862
2385.000	43.860
2386.000	43.859
2387.000	43.858
2388.000	43.857
2389.000	43.856
2390.000	43.855
2391.000	43.854
2392.000	43.852
2393.000	43.851
2394.000	43.851
2395.000	43.850
2396.000	43.849
2397.000	43.848
2398.000	43.847
2399.000	43.845
2400.000	43.844
2401.000	43.843
2402.000	43.842
2403.000	43.841
2404.000	43.839
2405.000	43.839
2406.000	43.838
2407.000	43.837
2408.000	43.836
2409.000	43.835
2410.000	43.833
2411.000	43.832
2412.000	43.831
2413.000	43.830
2414.000	43.828
2415.000	43.827
2416.000	43.827
2417.000	43.826
2418.000	43.825
2419.000	43.824
2420.000	43.822
2421.000	43.821
2422.000	43.820
2423.000	43.819
2424.000	43.817
2425.000	43.816
2426.000	43.815
2427.000	43.759
2428.000	43.758
2429.000	43.757
2430.000	43.755
2431.000	43.754
2432.000	43.753
2433.000	43.751
2434.000	43.750
2435.000	43.749
2436.000	43.747
2437.000	43.746
2438.000	43.700
2439.000	43.699
2440.000	43.697
2441.000	43.696
2442.000	43.695
2443.000	43.693
2444.000	43.692
2445.000	43.691
2446.000	43.689
2447.000	43.688
2448.000	43.687
2449.000	43.685
2450.000	43.684
2451.000	43.682
2452.000	43.681
2453.000	43.680
2454.000	43.678
2455.000	43.677
2456.000	43.675
2457.000	43.674
2458.000	43.673
2459.000	43.671
2460.000	43.670
2461.000	43.668
2462.000	43.667
2463.000	43.666
2464.000	43.664
2465.000	43.663
2466.000	43.661
2467.000	43.660
2468.000	43.659
2469.000	43.657
2470.000	43.656
2471.000	43.654
2472.000	43.653
2473.000	43.651
2474.000	43.650
2475.000	43.648
2476.000	43.647
2477.000	43.646
2478.000	43.644
2479.000	43.643
2480.000	43.641
2481.000	43.640
2482.000	43.638
2483.000	43.637
2484.000	43.635
2485.000	43.634
2486.000	43.632
2487.000	43.631
2488.000	43.630
2489.000	43.628
2490.000	43.627
2491.000	43.625
2492.000	43.624
2493.000	43.622
2494.000	43.621
2495.000	43.619
2496.000	43.618
2497.000	43.616
2498.000	43.615
2499.000	43.613
2500.000	43.612
2501.000	43.610
2502.000	43.609
2503.000	43.607
2504.000	43.606
2505.000	43.604
2506.000	43.603
2507.000	43.601
2508.000	43.600
2509.000	43.598
2510.000	43.596
2511.000	43.595
2512.000	43.593
2513.000	43.592
2514.000	43.590
2515.000	43.589
2516.000	43.587
2517.000	43.586
2518.000	43.584
2519.000	43.583
2520.000	43.581
2521.000	43.579
2522.000	43.578
2523.000	43.576
2524.000	43.575
2525.000	43.573
2526.000	43.572
2527.000	43.570
2528.000	43.568
2529.000	43.567
2530.000	43.565
2531.000	43.564
2532.000	43.562
2533.000	43.561
2534.000	43.559
2535.000	43.557
2536.000	43.556
2537.000	43.554
2538.000	43.552
2539.000	43.551
2540.000	43.549
2541.000	43.548
2542.000	43.546
2543.000	43.545
2544.000	43.543
2545.000	43.541
2546.000	43.540
2547.000	43.538
2548.000	43.536
2549.000	43.535
2550.000	43.533
2551.000	43.532
2552.000	43.530
2553.000	43.528
2554.000	43.527
2555.000	43.525
2556.000	43.523
2557.000	43.522
2558.000	43.520
2559.000	43.518
2560.000	43.517
2561.000	43.515
2562.000	43.513
2563.000	43.512
2564.000	43.510
2565.000	43.508
2566.000	43.507
2567.000	43.505
2568.000	43.503
2569.000	43.502
2570.000	43.500
2571.000	43.498
2572.000	43.497
2573.000	43.495
2574.000	43.493
2575.000	43.492
2576.000	43.490
2577.000	43.488
2578.000	43.486
2579.000	43.485
2580.000	43.483
2581.000	43.481
2582.000	43.480
2583.000	43.478
2584.000	43.476
2585.000	43.475
2586.000	43.473
2587.000	43.471
2588.000	43.469
2589.000	43.468
2590.000	43.466
2591.000	43.464
2592.000	43.462
2593.000	43.461
2594.000	43.459
2595.000	43.457
2596.000	43.456
2597.000	43.454
2598.000	43.452
2599.000	43.450
2600.000	43.448
2601.000	43.447
2602.000	43.445
2603.000	43.443
2604.000	43.441
2605.000	43.440
2606.000	43.438
2607.000	43.436
2608.000	43.434
2609.000	43.433
2610.000	43.431
2611.000	43.429
2612.000	43.427
2613.000	43.425
2614.000	43.424
2615.000	43.422
2616.000	43.420
2617.000	43.418
2618.000	43.417
2619.000	43.415
2620.000	43.413
2621.000	43.411
2622.000	43.409
2623.000	43.407
2624.000	43.406
2625.000	43.404
2626.000	43.402
2627.000	43.400
2628.000	43.399
2629.000	43.397
2630.000	43.395
2631.000	43.393
2632.000	43.391
2633.000	43.389
2634.000	43.387
2635.000	43.386
2636.000	43.384
2637.000	43.382
2638.000	43.380
2639.000	43.378
2640.000	43.377
2641.000	43.375
2642.000	43.373
2643.000	43.371
2644.000	43.369
2645.000	43.367
2646.000	43.365
2647.000	43.363
2648.000	43.361
2649.000	43.360
2650.000	43.358
2651.000	43.356
2652.000	43.354
2653.000	43.352
2654.000	43.350
2655.000	43.349
2656.000	43.347
2657.000	43.345
2658.000	43.343
2659.000	43.341
2660.000	43.339
2661.000	43.337
2662.000	43.335
2663.000	43.334
2664.000	43.332
2665.000	43.330
2666.000	43.328
2667.000	43.326
2668.000	43.324
2669.000	43.322
2670.000	43.320
2671.000	43.318
2672.000	43.316
2673.000	43.314
2674.000	43.312
2675.000	43.311
2676.000	43.309
2677.000	43.307
2678.000	43.305
2679.000	43.303
2680.000	43.301
2681.000	43.299
2682.000	43.297
2683.000	43.295
2684.000	43.293
2685.000	43.291
2686.000	43.290
2687.000	43.288
2688.000	43.286
2689.000	43.284
2690.000	43.282
2691.000	43.280
2692.000	43.278
2693.000	43.276
2694.000	43.274
2695.000	43.273
2696.000	43.271
2697.000	43.269
2698.000	43.268
2699.000	43.266
2700.000	43.264
2701.000	43.263
2702.000	43.261
2703.000	43.259
2704.000	43.258
2705.000	43.256
2706.000	43.254
2707.000	43.253
2708.000	43.251
2709.000	43.250
2710.000	43.248
2711.000	43.246
2712.000	43.245
2713.000	43.243
2714.000	43.242
2715.000	43.240
2716.000	43.238
2717.000	43.237
2718.000	43.235
2719.000	43.234
2720.000	43.232
2721.000	43.230
2722.000	43.229
2723.000	43.227
2724.000	43.226
2725.000	43.224
2726.000	43.223
2727.000	43.221
2728.000	43.220
2729.000	43.218
2730.000	43.216
2731.000	43.215
2732.000	43.213
2733.000	43.212
2734.000	43.210
2735.000	43.208
2736.000	43.207
2737.000	43.205
2738.000	43.203
2739.000	43.202
2740.000	43.200
2741.000	43.199
2742.000	43.197
2743.000	43.195
2744.000	43.194
2745.000	43.192
2746.000	43.190
2747.000	43.189
2748.000	43.187
2749.000	43.186
2750.000	43.184
2751.000	43.182
2752.000	43.181
2753.000	43.179
2754.000	43.177
2755.000	43.176
2756.000	43.174
2757.000	43.172
2758.000	43.171
2759.000	43.169
2760.000	43.167
2761.000	43.166
2762.000	43.164
2763.000	43.162
2764.000	43.161
2765.000	43.159
2766.000	43.157
2767.000	43.156
2768.000	43.154
2769.000	43.152
2770.000	43.151
2771.000	43.149
2772.000	43.147
2773.000	43.146
2774.000	43.144
2775.000	43.142
2776.000	43.141
2777.000	43.139
2778.000	43.137
2779.000	43.136
2780.000	43.134
2781.000	43.132
2782.000	43.130
2783.000	43.129
2784.000	43.127
2785.000	43.126
2786.000	43.124
2787.000	43.122
2788.000	43.120
2789.000	43.119
2790.000	43.117
2791.000	43.115
2792.000	43.114
2793.000	43.112
2794.000	43.110
2795.000	43.109
2796.000	43.107
2797.000	43.105
2798.000	43.103
2799.000	43.102
2800.000	43.100
2801.000	43.098
2802.000	43.096
2803.000	43.095
2804.000	43.093
2805.000	43.091
2806.000	43.089
2807.000	43.088
2808.000	43.086
2809.000	43.084
2810.000	43.082
2811.000	43.081
2812.000	43.079
2813.000	43.077
2814.000	43.075
2815.000	43.074
2816.000	43.072
2817.000	43.070
2818.000	43.069
2819.000	43.067
2820.000	43.065
2821.000	43.063
2822.000	43.062
2823.000	43.060
2824.000	43.058
2825.000	43.056
2826.000	43.055
2827.000	43.053
2828.000	43.051
2829.000	43.050
2830.000	43.048
2831.000	43.046
2832.000	43.044
2833.000	43.042
2834.000	43.040
2835.000	43.039
2836.000	43.037
2837.000	43.035
2838.000	43.033
2839.000	43.031
2840.000	43.030
2841.000	43.028
2842.000	43.026
2843.000	43.024
2844.000	43.023
2845.000	43.021
2846.000	43.019
2847.000	43.017
2848.000	43.015
2849.000	43.013
2850.000	43.012
2851.000	43.010
2852.000	43.008
2853.000	43.006
2854.000	43.005
2855.000	43.003
2856.000	43.001
2857.000	42.999
2858.000	42.997
2859.000	42.996
2860.000	42.994
2861.000	42.992
2862.000	42.990
2863.000	42.989
2864.000	42.987
2865.000	42.985
2866.000	42.983
2867.000	42.981
2868.000	42.980
2869.000	42.978
2870.000	42.976
2871.000	42.974
2872.000	42.972
2873.000	42.971
2874.000	42.969
2875.000	42.967
2876.000	42.965
2877.000	42.963
2878.000	42.962
2879.000	42.960
2880.000	42.958
2881.000	42.956
2882.000	42.954
2883.000	42.952
2884.000	42.951
2885.000	42.949
2886.000	42.947
2887.000	42.945
2888.000	42.944
2889.000	42.942
2890.000	42.940
2891.000	42.938
2892.000	42.936
2893.000	42.934
2894.000	42.932
2895.000	42.931
2896.000	42.929
2897.000	42.927
2898.000	42.925
2899.000	42.924
2900.000	42.922
2901.000	42.920
2902.000	42.918
2903.000	42.916
2904.000	42.914
2905.000	42.912
2906.000	42.911
2907.000	42.909
2908.000	42.907
2909.000	42.905
2910.000	42.904
2911.000	42.902
2912.000	42.900
2913.000	42.898
2914.000	42.896
2915.000	42.894
2916.000	42.892
2917.000	42.891
2918.000	42.889
2919.000	42.887
2920.000	42.885
2921.000	42.884
2922.000	42.882
2923.000	42.880
2924.000	42.878
2925.000	42.876
2926.000	42.874
2927.000	42.873
2928.000	42.871
2929.000	42.869
2930.000	42.867
2931.000	42.866
2932.000	42.864
2933.000	42.862
2934.000	42.860
2935.000	42.858
2936.000	42.856
2937.000	42.855
2938.000	42.853
2939.000	42.851
2940.000	42.849
2941.000	42.848
2942.000	42.846
2943.000	42.844
2944.000	42.842
2945.000	42.840
2946.000	42.838
2947.000	42.837
2948.000	42.835
2949.000	42.833
2950.000	42.831
2951.000	42.830
2952.000	42.828
2953.000	42.826
2954.000	42.824
2955.000	42.822
2956.000	42.821
2957.000	42.819
2958.000	42.817
2959.000	42.815
2960.000	42.813
2961.000	42.812
2962.000	42.810
2963.000	42.808
2964.000	42.806
2965.000	42.805
2966.000	42.803
2967.000	42.801
2968.000	42.799
2969.000	42.797
2970.000	42.796
2971.000	42.794
2972.000	42.792
2973.000	42.790
2974.000	42.789
2975.000	42.787
2976.000	42.785
2977.000	42.783
2978.000	42.781
2979.000	42.780
2980.000	42.778
2981.000	42.776
2982.000	42.774
2983.000	42.772
2984.000	42.770
2985.000	42.769
2986.000	42.767
2987.000	42.765
2988.000	42.763
2989.000	42.762
2990.000	42.760
2991.000	42.758
2992.000	42.756
2993.000	42.754
2994.000	42.752
2995.000	42.750
2996.000	42.740
2997.000	42.738
2998.000	42.736
2999.000	42.734
3000.000	42.732
3001.000	42.730
3002.000	42.729
3003.000	42.727
3004.000	42.725
3005.000	42.723
3006.000	42.721
3007.000	42.719
3008.000	42.717
3009.000	42.715
3010.000	42.714
3011.000	42.712
3012.000	42.710
3013.000	42.708
3014.000	42.706
3015.000	42.704
3016.000	42.702
3017.000	42.700
3018.000	42.699
3019.000	42.697
3020.000	42.695
3021.000	42.693
3022.000	42.691
3023.000	42.689
3024.000	42.687
3025.000	42.685
3026.000	42.683
3027.000	42.681
3028.000	42.679
3029.000	42.677
3030.000	42.676
3031.000	42.674
3032.000	42.672
3033.000	42.670
3034.000	42.668
3035.000	42.666
3036.000	42.664
3037.000	42.663
3038.000	42.661
3039.000	42.659
3040.000	42.657
3041.000	42.655
3042.000	42.653
3043.000	42.651
3044.000	42.650
3045.000	42.648
3046.000	42.646
3047.000	42.644
3048.000	42.642
3049.000	42.640
3050.000	42.638
3051.000	42.636
3052.000	42.635
3053.000	42.633
3054.000	42.631
3055.000	42.629
3056.000	42.627
3057.000	42.625
3058.000	42.623
3059.000	42.621
3060.000	42.619
3061.000	42.617
3062.000	42.615
3063.000	42.614
3064.000	42.612
3065.000	42.610
3066.000	42.608
3067.000	42.606
3068.000	42.604
3069.000	42.602
3070.000	42.601
3071.000	42.599
3072.000	42.597
3073.000	42.595
3074.000	42.593
3075.000	42.591
3076.000	42.589
3077.000	42.587
3078.000	42.585
3079.000	42.583
3080.000	42.582
3081.000	42.580
3082.000	42.578
3083.000	42.576
3084.000	42.574
3085.000	42.572
3086.000	42.570
3087.000	42.568
3088.000	42.566
3089.000	42.565
3090.000	42.563
3091.000	42.561
3092.000	42.559
3093.000	42.557
3094.000	42.555
3095.000	42.553
3096.000	42.551
3097.000	42.549
3098.000	42.547
3099.000	42.546
3100.000	42.544
3101.000	42.542
3102.000	42.540
3103.000	42.538
3104.000	42.536
3105.000	42.534
3106.000	42.532
3107.000	42.530
3108.000	42.529
3109.000	42.527
3110.000	42.525
3111.000	42.523
3112.000	42.521
3113.000	42.519
3114.000	42.517
3115.000	42.515
3116.000	42.513
3117.000	42.511
3118.000	42.509
3119.000	42.508
3120.000	42.506
3121.000	42.504
3122.000	42.502
3123.000	42.500
3124.000	42.498
3125.000	42.496
3126.000	42.494
3127.000	42.492
3128.000	42.490
3129.000	42.488
3130.000	42.486
3131.000	42.484
3132.000	42.482
3133.000	42.480
3134.000	42.479
3135.000	42.477
3136.000	42.475
3137.000	42.473
3138.000	42.471
3139.000	42.469
3140.000	42.467
3141.000	42.465
3142.000	42.463
3143.000	42.461
3144.000	42.459
3145.000	42.457
3146.000	42.455
3147.000	42.453
3148.000	42.451
3149.000	42.449
3150.000	42.448
3151.000	42.446
3152.000	42.444
3153.000	42.442
3154.000	42.440
3155.000	42.438
3156.000	42.436
3157.000	42.434
3158.000	42.432
3159.000	42.430
3160.000	42.428
3161.000	42.426
3162.000	42.424
3163.000	42.423
3164.000	42.421
3165.000	42.419
3166.000	42.417
3167.000	42.415
3168.000	42.413
3169.000	42.411
3170.000	42.409
3171.000	42.407
3172.000	42.405
3173.000	42.403
3174.000	42.401
3175.000	42.400
3176.000	42.398
3177.000	42.396
3178.000	42.394
3179.000	42.392
3180.000	42.390
3181.000	42.388
3182.000	42.386
3183.000	42.384
3184.000	42.382
3185.000	42.380
3186.000	42.379
3187.000	42.377
3188.000	42.375
3189.000	42.373
3190.000	42.371
3191.000	42.369
3192.000	42.367
3193.000	42.365
3194.000	42.363
3195.000	42.361
3196.000	42.359
3197.000	42.358
3198.000	42.356
3199.000	42.354
3200.000	42.352
3201.000	42.350
3202.000	42.348
3203.000	42.346
3204.000	42.344
3205.000	42.342
3206.000	42.340
3207.000	42.338
3208.000	42.337
3209.000	42.335
3210.000	42.333
3211.000	42.331
3212.000	42.329
3213.000	42.327
3214.000	42.325
3215.000	42.323
3216.000	42.321
3217.000	42.319
3218.000	42.317
3219.000	42.316
3220.000	42.314
3221.000	42.312
3222.000	42.310
3223.000	42.308
3224.000	42.306
3225.000	42.304
3226.000	42.302
3227.000	42.300
3228.000	42.298
3229.000	42.296
3230.000	42.295
3231.000	42.293
3232.000	42.291
3233.000	42.289
3234.000	42.287
3235.000	42.285
3236.000	42.283
3237.000	42.281
3238.000	42.279
3239.000	42.277
3240.000	42.275
3241.000	42.274
3242.000	42.272
3243.000	42.270
3244.000	42.268
3245.000	42.266
3246.000	42.264
3247.000	42.262
3248.000	42.260
3249.000	42.258
3250.000	42.256
3251.000	42.254
3252.000	42.252
3253.000	42.251
3254.000	42.249
3255.000	42.247
3256.000	42.245
3257.000	42.243
3258.000	42.241
3259.000	42.239
3260.000	42.237
3261.000	42.235
3262.000	42.233
3263.000	42.231
3264.000	42.230
3265.000	42.228
3266.000	42.226
3267.000	42.224
3268.000	42.222
3269.000	42.220
3270.000	42.218
3271.000	42.216
3272.000	42.214
3273.000	42.212
3274.000	42.210
3275.000	42.209
3276.000	42.207
3277.000	42.205
3278.000	42.203
3279.000	42.201
3280.000	42.199
3281.000	42.197
3282.000	42.195
3283.000	42.193
3284.000	42.191
3285.000	42.189
3286.000	42.188
3287.000	42.186
3288.000	42.184
3289.000	42.182
3290.000	42.180
3291.000	42.178
3292.000	42.176
3293.000	42.174
3294.000	42.172
3295.000	42.170
3296.000	42.168
3297.000	42.167
3298.000	42.165
3299.000	42.163
3300.000	42.161
3301.000	42.159
3302.000	42.157
3303.000	42.155
3304.000	42.153
3305.000	42.151
3306.000	42.150
3307.000	42.148
3308.000	42.146
3309.000	42.144
3310.000	42.142
3311.000	42.141
3312.000	42.139
3313.000	42.137
3314.000	42.135
3315.000	42.133
3316.000	42.131
3317.000	42.129
3318.000	42.127
3319.000	42.126
3320.000	42.124
3321.000	42.122
3322.000	42.120
3323.000	42.118
3324.000	42.117
3325.000	42.115
3326.000	42.113
3327.000	42.111
3328.000	42.109
3329.000	42.107
3330.000	42.105
3331.000	42.104
3332.000	42.102
3333.000	42.100
3334.000	42.098
3335.000	42.096
3336.000	42.095
3337.000	42.093
3338.000	42.091
3339.000	42.089
3340.000	42.087
3341.000	42.085
3342.000	42.084
3343.000	42.082
3344.000	42.080
3345.000	42.078
3346.000	42.077
3347.000	42.075
3348.000	42.073
3349.000	42.071
3350.000	42.069
3351.000	42.067
3352.000	42.066
3353.000	42.064
3354.000	42.062
3355.000	42.061
3356.000	42.059
3357.000	42.057
3358.000	42.055
3359.000	42.053
3360.000	42.051
3361.000	42.050
3362.000	42.048
3363.000	42.046
3364.000	42.044
3365.000	42.043
3366.000	42.041
3367.000	42.039
3368.000	42.037
3369.000	42.035
3370.000	42.034
3371.000	42.032
3372.000	42.030
3373.000	42.028
3374.000	42.026
3375.000	42.025
3376.000	42.023
3377.000	42.021
3378.000	42.019
3379.000	42.018
3380.000	42.016
3381.000	42.014
3382.000	42.012
3383.000	42.011
3384.000	42.009
3385.000	42.007
3386.000	42.005
3387.000	42.004
3388.000	42.002
3389.000	42.000
3390.000	41.998
3391.000	41.997
3392.000	41.995
3393.000	41.993
3394.000	41.991
3395.000	41.990
3396.000	41.988
3397.000	41.986
3398.000	41.985
3399.000	41.983
3400.000	41.981
3401.000	41.979
3402.000	41.978
3403.000	41.976
3404.000	41.974
3405.000	41.972
3406.000	41.971
3407.000	41.969
3408.000	41.967
3409.000	41.966
3410.000	41.964
3411.000	41.962
3412.000	41.960
3413.000	41.959
3414.000	41.957
3415.000	41.955
3416.000	41.953
3417.000	41.952
3418.000	41.950
3419.000	41.948
3420.000	41.947
3421.000	41.945
3422.000	41.943
3423.000	41.942
3424.000	41.940
3425.000	41.938
3426.000	41.936
3427.000	41.935
3428.000	41.933
3429.000	41.931
3430.000	41.930
3431.000	41.928
3432.000	41.927
3433.000	41.925
3434.000	41.923
3435.000	41.921
3436.000	41.920
3437.000	41.918
3438.000	41.916
3439.000	41.915
3440.000	41.913
3441.000	41.911
3442.000	41.910
3443.000	41.908
3444.000	41.906
3445.000	41.905
3446.000	41.903
3447.000	41.901
3448.000	41.899
3449.000	41.898
3450.000	41.896
3451.000	41.894
3452.000	41.893
3453.000	41.891
3454.000	41.889
3455.000	41.888
3456.000	41.886
3457.000	41.884
3458.000	41.883
3459.000	41.881
3460.000	41.879
3461.000	41.877
3462.000	41.876
3463.000	41.874
3464.000	41.872
3465.000	41.871
3466.000	41.869
3467.000	41.867
3468.000	41.866
3469.000	41.864
3470.000	41.862
3471.000	41.861
3472.000	41.859
3473.000	41.857
3474.000	41.855
3475.000	41.854
3476.000	41.852
3477.000	41.850
3478.000	41.849
3479.000	41.847
3480.000	41.845
3481.000	41.844
3482.000	41.842
3483.000	41.840
3484.000	41.839
3485.000	41.837
3486.000	41.835
3487.000	41.834
3488.000	41.832
3489.000	41.830
3490.000	41.829
3491.000	41.827
3492.000	41.825
3493.000	41.824
3494.000	41.822
3495.000	41.820
3496.000	41.819
3497.000	41.817
3498.000	41.816
3499.000	41.814
3500.000	41.812
3501.000	41.810
3502.000	41.809
3503.000	41.807
3504.000	41.805
3505.000	41.804
3506.000	41.802
3507.000	41.800
3508.000	41.799
3509.000	41.797
3510.000	41.796
3511.000	41.794
3512.000	41.792
3513.000	41.790
3514.000	41.789
3515.000	41.787
3516.000	41.785
3517.000	41.783
3518.000	41.782
3519.000	41.780
3520.000	41.778
3521.000	41.777
3522.000	41.775
3523.000	41.773
3524.000	41.772
3525.000	41.770
3526.000	41.768
3527.000	41.766
3528.000	41.765
3529.000	41.763
3530.000	41.761
3531.000	41.759
3532.000	41.758
3533.000	41.756
3534.000	41.755
3535.000	41.753
3536.000	41.751
3537.000	41.749
3538.000	41.748
3539.000	41.746
3540.000	41.744
3541.000	41.742
3542.000	41.741
3543.000	41.739
3544.000	41.738
3545.000	41.736
3546.000	41.734
3547.000	41.732
3548.000	41.731
3549.000	41.729
3550.000	41.727
3551.000	41.725
3552.000	41.724
3553.000	41.722
3554.000	41.720
3555.000	41.719
3556.000	41.717
3557.000	41.715
3558.000	41.714
3559.000	41.712
3560.000	41.710
3561.000	41.708
3562.000	41.707
3563.000	41.705
3564.000	41.703
3565.000	41.702
3566.000	41.700
3567.000	41.698
3568.000	41.697
3569.000	41.695
3570.000	41.693
3571.000	41.691
3572.000	41.690
3573.000	41.688
3574.000	41.686
3575.000	41.684
3576.000	41.683
3577.000	41.681
3578.000	41.679
3579.000	41.678
3580.000	41.676
3581.000	41.674
3582.000	41.672
3583.000	41.671
3584.000	41.669
3585.000	41.667
3586.000	41.665
3587.000	41.664
3588.000	41.662
3589.000	41.660
3590.000	41.659
3591.000	41.657
3592.000	41.655
3593.000	41.653
3594.000	41.651
3595.000	41.650
3596.000	41.648
3597.000	41.646
3598.000	41.645
3599.000	41.643
3600.000	41.641
3601.000	41.639
3602.000	41.638
3603.000	41.636
3604.000	41.634
3605.000	41.632
3606.000	41.631
3607.000	41.629
3608.000	41.627
3609.000	41.625
3610.000	41.624
3611.000	41.622
3612.000	41.620
3613.000	41.619
3614.000	41.617
3615.000	41.615
3616.000	41.614
3617.000	41.612
3618.000	41.610
3619.000	41.609
3620.000	41.607
3621.000	41.605
3622.000	41.604
3623.000	41.602
3624.000	41.600
3625.000	41.599
3626.000	41.597
3627.000	41.595
3628.000	41.594
3629.000	41.592
3630.000	41.590
3631.000	41.589
3632.000	41.587
3633.000	41.586
3634.000	41.584
3635.000	41.582
3636.000	41.581
3637.000	41.579
3638.000	41.577
3639.000	41.576
3640.000	41.574
3641.000	41.572
3642.000	41.571
3643.000	41.569
3644.000	41.567
3645.000	41.566
3646.000	41.564
3647.000	41.562
3648.000	41.561
3649.000	41.559
3650.000	41.557
3651.000	41.556
3652.000	41.554
3653.000	41.552
3654.000	41.551
3655.000	41.549
3656.000	41.548
3657.000	41.546
3658.000	41.544
3659.000	41.543
3660.000	41.541
3661.000	41.539
3662.000	41.538
3663.000	41.536
3664.000	41.534
3665.000	41.533
3666.000	41.531
3667.000	41.529
3668.000	41.528
3669.000	41.526
3670.000	41.524
3671.000	41.523
3672.000	41.521
3673.000	41.519
3674.000	41.518
3675.000	41.516
3676.000	41.514
3677.000	41.513
3678.000	41.511
3679.000	41.509
3680.000	41.508
3681.000	41.506
3682.000	41.504
3683.000	41.503
3684.000	41.501
3685.000	41.499
3686.000	41.498
3687.000	41.496
3688.000	41.494
3689.000	41.493
3690.000	41.491
3691.000	41.489
3692.000	41.488
3693.000	41.486
3694.000	41.484
3695.000	41.483
3696.000	41.481
3697.000	41.479
3698.000	41.478
3699.000	41.476
3700.000	41.474
3701.000	41.473
3702.000	41.471
3703.000	41.469
3704.000	41.468
3705.000	41.466
3706.000	41.464
3707.000	41.463
3708.000	41.461
3709.000	41.459
3710.000	41.458
3711.000	41.456
3712.000	41.454
3713.000	41.453
3714.000	41.451
3715.000	41.450
3716.000	41.448
3717.000	41.446
3718.000	41.445
3719.000	41.443
3720.000	41.441
3721.000	41.440
3722.000	41.438
3723.000	41.436
3724.000	41.435
3725.000	41.433
3726.000	41.431
3727.000	41.430
3728.000	41.428
3729.000	41.426
3730.000	41.425
3731.000	41.423
3732.000	41.411
3733.000	41.409
3734.000	41.408
3735.000	41.406
3736.000	41.405
3737.000	41.403
3738.000	41.401
3739.000	41.400
3740.000	41.398
3741.000	41.396
3742.000	41.395
3743.000	41.393
3744.000	41.391
3745.000	41.390
3746.000	41.388
3747.000	41.387
3748.000	41.385
3749.000	41.384
3750.000	41.382
3751.000	41.381
3752.000	41.379
3753.000	41.378
3754.000	41.377
3755.000	41.375
3756.000	41.374
3757.000	41.372
3758.000	41.366
3759.000	41.364
3760.000	41.363
3761.000	41.361
3762.000	41.360
3763.000	41.359
3764.000	41.357
3765.000	41.356
3766.000	41.354
3767.000	41.349
3768.000	41.348
3769.000	41.347
3770.000	41.345
3771.000	41.344
3772.000	41.342
3773.000	41.341
3774.000	41.339
3775.000	41.338
3776.000	41.336
3777.000	41.335
3778.000	41.333
3779.000	41.332
3780.000	41.330
3781.000	41.329
3782.000	41.327
3783.000	41.326
3784.000	41.324
3785.000	41.323
3786.000	41.321
3787.000	41.320
3788.000	41.318
3789.000	41.317
3790.000	41.315
3791.000	41.314
3792.000	41.312
3793.000	41.311
3794.000	41.309
3795.000	41.308
3796.000	41.307
3797.000	41.305
3798.000	41.304
3799.000	41.302
3800.000	41.301
3801.000	41.299
3802.000	41.298
3803.000	41.296
3804.000	41.295
3805.000	41.293
3806.000	41.292
3807.000	41.290
3808.000	41.289
3809.000	41.287
3810.000	41.286
3811.000	41.284
3812.000	41.283
3813.000	41.281
3814.000	41.280
3815.000	41.278
3816.000	41.277
3817.000	41.275
3818.000	41.274
3819.000	41.272
3820.000	41.271
3821.000	41.270
3822.000	41.268
3823.000	41.267
3824.000	41.265
3825.000	41.264
3826.000	41.262
3827.000	41.261
3828.000	41.259
3829.000	41.258
3830.000	41.256
3831.000	41.255
3832.000	41.253
3833.000	41.252
3834.000	41.250
3835.000	41.249
3836.000	41.247
3837.000	41.246
3838.000	41.212
3839.000	41.210
3840.000	41.209
3841.000	41.207
3842.000	41.206
3843.000	41.204
3844.000	41.203
3845.000	41.201
3846.000	41.200
3847.000	41.198
3848.000	41.197
3849.000	41.195
3850.000	41.194
3851.000	41.192
3852.000	41.191
3853.000	41.189
3854.000	41.188
3855.000	41.187
3856.000	41.185
3857.000	41.184
3858.000	41.182
3859.000	41.181
3860.000	41.179
3861.000	41.178
3862.000	41.176
3863.000	41.175
3864.000	41.173
3865.000	41.172
3866.000	41.170
3867.000	41.169
3868.000	41.167
3869.000	41.166
3870.000	41.164
3871.000	41.163
3872.000	41.161
3873.000	41.160
3874.000	41.158
3875.000	41.157
3876.000	41.155
3877.000	41.154
3878.000	41.152
3879.000	41.151
3880.000	41.150
3881.000	41.148
3882.000	41.147
3883.000	41.145
3884.000	41.144
3885.000	41.142
3886.000	41.141
3887.000	41.139
3888.000	41.138
3889.000	41.136
3890.000	41.135
3891.000	41.133
3892.000	41.132
3893.000	41.130
3894.000	41.129
3895.000	41.127
3896.000	41.126
3897.000	41.124
3898.000	41.123
3899.000	41.121
3900.000	41.120
3901.000	41.102
3902.000	41.100
3903.000	41.099
3904.000	41.097
3905.000	41.096
3906.000	41.094
3907.000	41.093
3908.000	41.091
3909.000	41.090
3910.000	41.088
3911.000	41.087
3912.000	41.085
3913.000	41.084
3914.000	41.082
3915.000	41.081
3916.000	41.079
3917.000	41.078
3918.000	41.076
3919.000	41.062
3920.000	41.061
3921.000	41.059
3922.000	41.058
3923.000	41.056
3924.000	41.055
3925.000	41.053
3926.000	41.052
3927.000	41.050
3928.000	41.049
3929.000	41.047
3930.000	41.046
3931.000	41.044
3932.000	41.043
3933.000	41.041
3934.000	41.040
3935.000	41.038
3936.000	41.037
3937.000	41.035
3938.000	41.034
3939.000	41.032
3940.000	41.031
3941.000	41.029
3942.000	41.028
3943.000	41.026
3944.000	41.025
3945.000	41.024
3946.000	41.022
3947.000	41.021
3948.000	41.019
3949.000	41.018
3950.000	41.016
3951.000	41.015
3952.000	41.013
3953.000	41.012
3954.000	41.010
3955.000	41.009
3956.000	41.007
3957.000	41.006
3958.000	41.004
3959.000	41.003
3960.000	41.001
3961.000	41.000
3962.000	40.998
3963.000	40.997
3964.000	40.995
3965.000	40.994
3966.000	40.992
3967.000	40.991
3968.000	40.989
3969.000	40.988
3970.000	40.987
3971.000	40.985
3972.000	40.984
3973.000	40.982
3974.000	40.981
3975.000	40.979
3976.000	40.978
3977.000	40.976
3978.000	40.975
3979.000	40.973
3980.000	40.972
3981.000	40.970
3982.000	40.969
3983.000	40.967
3984.000	40.966
3985.000	40.964
3986.000	40.963
3987.000	40.961
3988.000	40.960
3989.000	40.958
3990.000	40.957
3991.000	40.955
3992.000	40.954
3993.000	40.952
3994.000	40.951
3995.000	40.950
3996.000	40.948
3997.000	40.947
3998.000	40.945
3999.000	40.944
4000.000	40.942
4001.000	40.941
4002.000	40.939
4003.000	40.938
4004.000	40.936
4005.000	40.935
4006.000	40.933
4007.000	40.932
4008.000	40.930
4009.000	40.929
4010.000	40.927
4011.000	40.926
4012.000	40.924
4013.000	40.923
4014.000	40.909
4015.000	40.907
4016.000	40.906
4017.000	40.904
4018.000	40.903
4019.000	40.901
4020.000	40.900
4021.000	40.898
4022.000	40.897
4023.000	40.895
4024.000	40.894
4025.000	40.892
4026.000	40.891
4027.000	40.889
4028.000	40.888
4029.000	40.886
4030.000	40.885
4031.000	40.884
4032.000	40.882
4033.000	40.881
4034.000	40.879
4035.000	40.878
4036.000	40.876
4037.000	40.875
4038.000	40.873
4039.000	40.872
4040.000	40.870
4041.000	40.869
4042.000	40.867
4043.000	40.866
4044.000	40.864
4045.000	40.863
4046.000	40.861
4047.000	40.860
4048.000	40.858
4049.000	40.857
4050.000	40.855
4051.000	40.854
4052.000	40.852
4053.000	40.851
4054.000	40.849
4055.000	40.848
4056.000	40.847
4057.000	40.845
4058.000	40.844
4059.000	40.842
4060.000	40.841
4061.000	40.839
4062.000	40.838
4063.000	40.836
4064.000	40.835
4065.000	40.833
4066.000	40.832
4067.000	40.830
4068.000	40.829
4069.000	40.827
4070.000	40.826
4071.000	40.824
4072.000	40.823
4073.000	40.821
4074.000	40.820
4075.000	40.818
4076.000	40.817
4077.000	40.815
4078.000	40.814
4079.000	40.812
4080.000	40.811
4081.000	40.809
4082.000	40.808
4083.000	40.807
4084.000	40.805
4085.000	40.804
4086.000	40.802
4087.000	40.801
4088.000	40.799
4089.000	40.798
4090.000	40.778
4091.000	40.776
4092.000	40.775
4093.000	40.773
4094.000	40.772
4095.000	0.000
