0.000	21.777
1.000	21.746
2.000	21.715
3.000	21.684
4.000	21.653
5.000	21.622
6.000	21.591
7.000	21.560
8.000	21.530
9.000	21.499
10.000	21.468
11.000	21.437
12.000	21.406
13.000	21.375
14.000	21.344
15.000	21.313
16.000	21.282
17.000	21.249
18.000	21.218
19.000	21.185
20.000	21.151
21.000	21.118
22.000	21.084
23.000	21.051
24.000	21.017
25.000	20.984
26.000	20.950
27.000	20.916
28.000	20.882
29.000	20.851
30.000	20.817
31.000	20.784
32.000	20.750
33.000	20.716
34.000	20.682
35.000	20.649
36.000	20.615
37.000	20.581
38.000	20.548
39.000	20.514
40.000	20.483
41.000	20.449
42.000	20.416
43.000	20.382
44.000	20.349
45.000	20.315
46.000	20.280
47.000	20.246
48.000	20.212
49.000	20.178
50.000	20.144
51.000	20.113
52.000	20.079
53.000	20.045
54.000	20.013
55.000	19.982
56.000	19.950
57.000	19.918
58.000	19.886
59.000	19.854
60.000	19.823
61.000	19.791
62.000	19.760
63.000	19.728
64.000	19.697
65.000	19.666
66.000	19.633
67.000	19.600
68.000	19.567
69.000	19.534
70.000	19.502
71.000	19.470
72.000	19.438
73.000	19.407
74.000	19.375
75.000	19.344
76.000	19.312
77.000	19.281
78.000	19.251
79.000	19.220
80.000	19.190
81.000	19.159
82.000	19.129
83.000	19.100
84.000	19.069
85.000	19.039
86.000	19.010
87.000	18.981
88.000	18.953
89.000	18.925
90.000	18.897
91.000	18.869
92.000	18.841
93.000	18.814
94.000	18.786
95.000	18.759
96.000	18.736
97.000	18.710
98.000	18.683
99.000	18.656
100.000	18.630
101.000	18.604
102.000	18.578
103.000	18.552
104.000	18.526
105.000	18.501
106.000	18.476
107.000	18.453
108.000	18.428
109.000	18.403
110.000	18.378
111.000	18.354
112.000	18.330
113.000	18.307
114.000	18.285
115.000	18.262
116.000	18.239
117.000	18.216
118.000	18.193
119.000	18.171
120.000	18.148
121.000	18.125
122.000	18.102
123.000	18.079
124.000	18.056
125.000	18.034
126.000	18.011
127.000	17.988
128.000	17.965
129.000	17.942
130.000	17.920
131.000	17.897
132.000	17.874
133.000	17.851
134.000	17.828
135.000	17.805
136.000	17.783
137.000	17.760
138.000	17.737
139.000	17.714
140.000	17.691
141.000	17.668
142.000	17.646
143.000	17.623
144.000	17.600
145.000	17.577
146.000	17.554
147.000	17.532
148.000	17.509
149.000	17.486
150.000	17.463
151.000	17.440
152.000	17.417
153.000	17.395
154.000	17.372
155.000	17.349
156.000	17.326
157.000	17.303
158.000	17.281
159.000	17.258
160.000	17.235
161.000	17.212
162.000	17.189
163.000	17.166
164.000	17.144
165.000	17.121
166.000	17.098
167.000	17.075
168.000	17.052
169.000	17.029
170.000	17.007
171.000	16.984
172.000	16.961
173.000	16.938
174.000	16.915
175.000	16.893
176.000	16.870
177.000	16.847
178.000	16.824
179.000	16.801
180.000	16.778
181.000	16.756
182.000	16.733
183.000	16.710
184.000	16.687
185.000	16.664
186.000	16.640
187.000	16.617
188.000	16.591
189.000	16.566
190.000	16.541
191.000	16.516
192.000	16.492
193.000	16.469
194.000	16.446
195.000	16.423
196.000	16.400
197.000	16.378
198.000	16.355
199.000	16.334
200.000	16.312
201.000	16.292
202.000	16.271
203.000	16.251
204.000	16.231
205.000	16.212
206.000	16.193
207.000	16.170
208.000	16.152
209.000	16.134
210.000	16.116
211.000	16.098
212.000	16.081
213.000	16.065
214.000	16.048
215.000	16.032
216.000	16.017
217.000	16.002
218.000	15.846
219.000	15.831
220.000	15.816
221.000	15.802
222.000	15.788
223.000	15.775
224.000	15.762
225.000	15.749
226.000	15.737
227.000	15.725
228.000	15.713
229.000	15.712
230.000	15.701
231.000	15.690
232.000	15.679
233.000	15.669
234.000	15.659
235.000	15.649
236.000	15.640
237.000	15.630
238.000	15.622
239.000	15.613
240.000	15.605
241.000	15.604
242.000	15.597
243.000	15.589
244.000	15.582
245.000	15.575
246.000	15.569
247.000	15.563
248.000	15.557
249.000	15.551
250.000	15.546
251.000	15.541
252.000	15.540
253.000	15.535
254.000	15.531
255.000	15.528
256.000	15.525
257.000	15.524
258.000	15.523
259.000	15.522
260.000	15.521
261.000	15.521
262.000	15.520
263.000	15.519
264.000	15.518
265.000	15.517
266.000	15.516
267.000	15.515
268.000	15.514
269.000	15.514
270.000	15.513
271.000	15.512
272.000	15.510
273.000	15.508
274.000	15.507
275.000	15.505
276.000	15.503
277.000	15.464
278.000	15.427
279.000	15.389
280.000	15.352
281.000	15.314
282.000	15.276
283.000	15.239
284.000	15.202
285.000	15.201
286.000	15.164
287.000	15.127
288.000	15.089
289.000	15.053
290.000	15.016
291.000	14.979
292.000	14.942
293.000	14.906
294.000	14.869
295.000	14.833
296.000	14.832
297.000	14.796
298.000	14.760
299.000	14.723
300.000	14.687
301.000	14.651
302.000	14.616
303.000	14.580
304.000	14.544
305.000	14.508
306.000	14.473
307.000	14.437
308.000	14.437
309.000	14.401
310.000	14.366
311.000	14.330
312.000	14.295
313.000	14.260
314.000	14.225
315.000	14.190
316.000	14.156
317.000	14.121
318.000	14.086
319.000	14.085
320.000	14.051
321.000	14.016
322.000	13.982
323.000	13.947
324.000	13.913
325.000	13.879
326.000	13.844
327.000	13.810
328.000	13.777
329.000	13.743
330.000	13.742
331.000	13.708
332.000	13.674
333.000	13.640
334.000	13.607
335.000	13.573
336.000	13.540
337.000	13.506
338.000	13.473
339.000	13.440
340.000	13.407
341.000	13.406
342.000	13.372
343.000	13.339
344.000	13.306
345.000	13.273
346.000	13.240
347.000	13.208
348.000	13.175
349.000	13.142
350.000	13.109
351.000	13.077
352.000	13.076
353.000	13.043
354.000	13.011
355.000	12.978
356.000	12.946
357.000	12.914
358.000	12.882
359.000	12.851
360.000	12.819
361.000	12.788
362.000	12.758
363.000	12.757
364.000	12.756
365.000	12.755
366.000	12.755
367.000	12.754
368.000	12.753
369.000	12.752
370.000	12.751
371.000	12.750
372.000	12.749
373.000	12.748
374.000	12.748
375.000	12.747
376.000	12.746
377.000	12.745
378.000	12.744
379.000	12.743
380.000	12.742
381.000	12.741
382.000	12.741
383.000	12.740
384.000	12.739
385.000	12.738
386.000	12.737
387.000	12.736
388.000	12.735
389.000	12.734
390.000	12.734
391.000	12.733
392.000	12.732
393.000	12.731
394.000	12.730
395.000	12.729
396.000	12.728
397.000	12.727
398.000	12.727
399.000	12.726
400.000	12.694
401.000	12.662
402.000	12.631
403.000	12.599
404.000	12.567
405.000	12.536
406.000	12.505
407.000	12.474
408.000	12.473
409.000	12.441
410.000	12.410
411.000	12.379
412.000	12.348
413.000	12.317
414.000	12.286
415.000	12.255
416.000	12.224
417.000	12.194
418.000	12.163
419.000	12.162
420.000	12.132
421.000	12.101
422.000	12.071
423.000	12.040
424.000	12.010
425.000	11.980
426.000	11.949
427.000	11.919
428.000	11.889
429.000	11.859
430.000	11.858
431.000	11.828
432.000	11.799
433.000	11.769
434.000	11.739
435.000	11.709
436.000	11.680
437.000	11.650
438.000	11.620
439.000	11.591
440.000	11.562
441.000	11.561
442.000	11.532
443.000	11.502
444.000	11.473
445.000	11.444
446.000	11.415
447.000	11.386
448.000	11.357
449.000	11.328
450.000	11.299
451.000	11.270
452.000	11.242
453.000	11.242
454.000	11.213
455.000	11.184
456.000	11.156
457.000	11.127
458.000	11.099
459.000	11.071
460.000	11.042
461.000	11.014
462.000	10.986
463.000	10.958
464.000	10.958
465.000	10.930
466.000	10.902
467.000	10.874
468.000	10.846
469.000	10.818
470.000	10.790
471.000	10.762
472.000	10.735
473.000	10.707
474.000	10.680
475.000	10.680
476.000	10.652
477.000	10.625
478.000	10.597
479.000	10.570
480.000	10.543
481.000	10.515
482.000	10.488
483.000	10.461
484.000	10.434
485.000	10.407
486.000	10.407
487.000	10.380
488.000	10.353
489.000	10.326
490.000	10.299
491.000	10.272
492.000	10.246
493.000	10.219
494.000	10.192
495.000	10.166
496.000	10.139
497.000	10.139
498.000	10.113
499.000	10.086
500.000	10.060
501.000	10.034
502.000	10.007
503.000	9.981
504.000	9.955
505.000	9.929
506.000	9.903
507.000	9.877
508.000	9.877
509.000	9.851
510.000	9.825
511.000	9.799
512.000	9.799
513.000	9.799
514.000	9.799
515.000	9.799
516.000	9.799
517.000	9.799
518.000	9.799
519.000	9.799
520.000	9.799
521.000	9.799
522.000	9.799
523.000	9.799
524.000	9.799
525.000	9.799
526.000	9.799
527.000	9.799
528.000	9.799
529.000	9.799
530.000	9.799
531.000	9.799
532.000	9.799
533.000	9.799
534.000	9.799
535.000	9.799
536.000	9.799
537.000	9.799
538.000	9.799
539.000	9.799
540.000	9.799
541.000	9.799
542.000	9.799
543.000	9.799
544.000	9.799
545.000	9.799
546.000	9.799
547.000	9.799
548.000	9.799
549.000	9.799
550.000	9.799
551.000	9.799
552.000	9.799
553.000	9.799
554.000	9.799
555.000	9.799
556.000	9.799
557.000	9.799
558.000	9.799
559.000	9.799
560.000	9.799
561.000	9.799
562.000	9.799
563.000	9.799
564.000	9.799
565.000	9.799
566.000	9.799
567.000	9.799
568.000	9.799
569.000	9.799
570.000	9.799
571.000	9.799
572.000	9.799
573.000	9.799
574.000	9.799
575.000	9.799
576.000	9.799
577.000	9.799
578.000	9.799
579.000	9.799
580.000	9.799
581.000	9.799
582.000	9.799
583.000	9.799
584.000	9.799
585.000	9.799
586.000	9.799
587.000	9.799
588.000	9.799
589.000	9.799
590.000	9.799
591.000	9.799
592.000	9.799
593.000	9.799
594.000	9.799
595.000	9.799
596.000	9.799
597.000	9.799
598.000	9.799
599.000	9.799
600.000	9.799
601.000	9.799
602.000	9.799
603.000	9.799
604.000	9.799
605.000	9.799
606.000	9.799
607.000	9.799
608.000	9.799
609.000	9.799
610.000	9.799
611.000	9.799
612.000	9.799
613.000	9.799
614.000	9.799
615.000	9.799
616.000	9.799
617.000	9.799
618.000	9.799
619.000	9.799
620.000	9.799
621.000	9.799
622.000	9.799
623.000	9.799
624.000	9.799
625.000	9.799
626.000	9.799
627.000	9.799
628.000	9.799
629.000	9.799
630.000	9.799
631.000	9.799
632.000	9.799
633.000	9.799
634.000	9.799
635.000	9.799
636.000	9.799
637.000	9.799
638.000	9.799
639.000	9.799
640.000	9.799
641.000	9.799
642.000	9.799
643.000	9.799
644.000	9.799
645.000	9.799
646.000	9.799
647.000	9.799
648.000	9.799
649.000	9.777
650.000	9.756
651.000	9.734
652.000	9.713
653.000	9.713
654.000	9.692
655.000	9.670
656.000	9.649
657.000	9.628
658.000	9.606
659.000	9.585
660.000	9.564
661.000	9.543
662.000	9.522
663.000	9.501
664.000	9.480
665.000	9.480
666.000	9.458
667.000	9.437
668.000	9.416
669.000	9.395
670.000	9.375
671.000	9.354
672.000	9.333
673.000	9.312
674.000	9.291
675.000	9.270
676.000	9.270
677.000	9.249
678.000	9.229
679.000	9.208
680.000	9.187
681.000	9.167
682.000	9.146
683.000	9.125
684.000	9.105
685.000	9.084
686.000	9.064
687.000	9.064
688.000	9.043
689.000	9.023
690.000	9.002
691.000	8.982
692.000	8.961
693.000	8.941
694.000	8.921
695.000	8.900
696.000	8.880
697.000	8.860
698.000	8.860
699.000	8.840
700.000	8.819
701.000	8.799
702.000	8.779
703.000	8.759
704.000	8.739
705.000	8.718
706.000	8.698
707.000	8.678
708.000	8.658
709.000	8.658
710.000	8.638
711.000	8.618
712.000	8.598
713.000	8.578
714.000	8.558
715.000	8.539
716.000	8.519
717.000	8.499
718.000	8.479
719.000	8.459
720.000	8.459
721.000	8.440
722.000	8.420
723.000	8.400
724.000	8.380
725.000	8.361
726.000	8.341
727.000	8.321
728.000	8.302
729.000	8.282
730.000	8.263
731.000	8.263
732.000	8.243
733.000	8.224
734.000	8.204
735.000	8.185
736.000	8.165
737.000	8.146
738.000	8.127
739.000	8.107
740.000	8.088
741.000	8.069
742.000	8.049
743.000	8.049
744.000	8.030
745.000	8.011
746.000	7.992
747.000	7.973
748.000	7.953
749.000	7.935
750.000	7.935
751.000	7.935
752.000	7.935
753.000	7.935
754.000	7.935
755.000	7.935
756.000	7.935
757.000	7.935
758.000	7.935
759.000	7.935
760.000	7.935
761.000	7.935
762.000	7.935
763.000	7.935
764.000	7.935
765.000	7.935
766.000	7.935
767.000	7.935
768.000	7.935
769.000	7.935
770.000	7.935
771.000	7.935
772.000	7.935
773.000	7.935
774.000	7.935
775.000	7.935
776.000	7.935
777.000	7.935
778.000	7.935
779.000	7.935
780.000	7.935
781.000	7.935
782.000	7.935
783.000	7.935
784.000	7.935
785.000	7.935
786.000	7.935
787.000	7.935
788.000	7.935
789.000	7.935
790.000	7.935
791.000	7.935
792.000	7.935
793.000	7.935
794.000	7.935
795.000	7.935
796.000	7.935
797.000	7.935
798.000	7.935
799.000	7.935
800.000	7.935
801.000	7.935
802.000	7.935
803.000	7.935
804.000	7.935
805.000	7.935
806.000	7.935
807.000	7.935
808.000	7.935
809.000	7.935
810.000	7.935
811.000	7.935
812.000	7.935
813.000	7.935
814.000	7.935
815.000	7.935
816.000	7.935
817.000	7.935
818.000	7.935
819.000	7.935
820.000	7.935
821.000	7.935
822.000	7.935
823.000	7.935
824.000	7.935
825.000	7.935
826.000	7.935
827.000	7.935
828.000	7.935
829.000	7.935
830.000	7.935
831.000	7.935
832.000	7.935
833.000	7.935
834.000	7.935
835.000	7.935
836.000	7.935
837.000	7.935
838.000	7.935
839.000	7.935
840.000	7.935
841.000	7.935
842.000	7.935
843.000	7.935
844.000	7.935
845.000	7.935
846.000	7.935
847.000	7.935
848.000	7.935
849.000	7.935
850.000	7.935
851.000	7.935
852.000	7.935
853.000	7.935
854.000	7.935
855.000	7.935
856.000	7.935
857.000	7.935
858.000	7.935
859.000	7.935
860.000	7.935
861.000	7.935
862.000	7.935
863.000	7.935
864.000	7.935
865.000	7.935
866.000	7.935
867.000	7.935
868.000	7.935
869.000	7.935
870.000	7.935
871.000	7.935
872.000	7.935
873.000	7.935
874.000	7.935
875.000	7.935
876.000	7.935
877.000	7.935
878.000	7.935
879.000	7.935
880.000	7.935
881.000	7.935
882.000	7.935
883.000	7.935
884.000	7.935
885.000	7.935
886.000	7.935
887.000	7.935
888.000	7.935
889.000	7.935
890.000	7.935
891.000	7.935
892.000	7.935
893.000	7.935
894.000	7.935
895.000	7.935
896.000	7.935
897.000	7.935
898.000	7.935
899.000	7.935
900.000	7.935
901.000	7.935
902.000	7.935
903.000	7.935
904.000	7.935
905.000	7.935
906.000	7.935
907.000	7.935
908.000	7.935
909.000	7.935
910.000	7.935
911.000	7.935
912.000	7.935
913.000	7.935
914.000	7.935
915.000	7.935
916.000	7.935
917.000	7.935
918.000	7.935
919.000	7.935
920.000	7.935
921.000	7.935
922.000	7.935
923.000	7.935
924.000	7.935
925.000	7.935
926.000	7.935
927.000	7.935
928.000	7.935
929.000	7.935
930.000	7.935
931.000	7.935
932.000	7.935
933.000	7.935
934.000	7.935
935.000	7.935
936.000	7.935
937.000	7.935
938.000	7.935
939.000	7.935
940.000	7.935
941.000	7.935
942.000	7.935
943.000	7.935
944.000	7.935
945.000	7.935
946.000	7.935
947.000	7.935
948.000	7.935
949.000	7.935
950.000	7.935
951.000	7.935
952.000	7.935
953.000	7.935
954.000	7.935
955.000	7.935
956.000	7.935
957.000	7.935
958.000	7.935
959.000	7.935
960.000	7.935
961.000	7.935
962.000	7.935
963.000	7.935
964.000	7.935
965.000	7.935
966.000	7.935
967.000	7.935
968.000	7.935
969.000	7.935
970.000	7.935
971.000	7.935
972.000	7.935
973.000	7.935
974.000	7.935
975.000	7.935
976.000	7.935
977.000	7.935
978.000	7.935
979.000	7.935
980.000	7.935
981.000	7.935
982.000	7.935
983.000	7.935
984.000	7.935
985.000	7.935
986.000	7.935
987.000	7.935
988.000	7.935
989.000	7.935
990.000	7.935
991.000	7.935
992.000	7.935
993.000	7.935
994.000	7.935
995.000	7.935
996.000	7.935
997.000	7.935
998.000	7.935
999.000	7.935
1000.000	7.935
1001.000	7.935
1002.000	7.935
1003.000	7.935
1004.000	7.935
1005.000	7.935
1006.000	7.935
1007.000	7.935
1008.000	7.935
1009.000	7.935
1010.000	7.935
1011.000	7.935
1012.000	7.935
1013.000	7.935
1014.000	7.935
1015.000	7.935
1016.000	7.935
1017.000	7.935
1018.000	7.935
1019.000	7.935
1020.000	7.935
1021.000	7.935
1022.000	7.935
1023.000	7.935
1024.000	7.935
1025.000	7.935
1026.000	7.935
1027.000	7.935
1028.000	7.935
1029.000	7.935
1030.000	7.935
1031.000	7.935
1032.000	7.935
1033.000	7.935
1034.000	7.935
1035.000	7.935
1036.000	7.935
1037.000	7.935
1038.000	7.935
1039.000	7.935
1040.000	7.935
1041.000	7.935
1042.000	7.935
1043.000	7.935
1044.000	7.935
1045.000	7.935
1046.000	7.935
1047.000	7.935
1048.000	7.935
1049.000	7.935
1050.000	7.935
1051.000	7.935
1052.000	7.935
1053.000	7.935
1054.000	7.935
1055.000	7.935
1056.000	7.935
1057.000	7.935
1058.000	7.935
1059.000	7.935
1060.000	7.935
1061.000	7.935
1062.000	7.935
1063.000	7.935
1064.000	7.935
1065.000	7.935
1066.000	7.935
1067.000	7.935
1068.000	7.935
1069.000	7.935
1070.000	7.935
1071.000	7.935
1072.000	7.935
1073.000	7.935
1074.000	7.935
1075.000	7.935
1076.000	7.935
1077.000	7.935
1078.000	7.935
1079.000	7.935
1080.000	7.935
1081.000	7.935
1082.000	7.935
1083.000	7.935
1084.000	7.935
1085.000	7.935
1086.000	7.935
1087.000	7.935
1088.000	7.935
1089.000	7.935
1090.000	7.935
1091.000	7.935
1092.000	7.935
1093.000	7.935
1094.000	7.935
1095.000	7.935
1096.000	7.935
1097.000	7.935
1098.000	7.935
1099.000	7.935
1100.000	7.935
1101.000	7.935
1102.000	7.935
1103.000	7.935
1104.000	7.935
1105.000	7.935
1106.000	7.935
1107.000	7.935
1108.000	7.935
1109.000	7.935
1110.000	7.935
1111.000	7.935
1112.000	7.935
1113.000	7.935
1114.000	7.935
1115.000	7.935
1116.000	7.935
1117.000	7.935
1118.000	7.935
1119.000	7.935
1120.000	7.935
1121.000	7.935
1122.000	7.935
1123.000	7.935
1124.000	7.935
1125.000	7.935
1126.000	7.935
1127.000	7.935
1128.000	7.935
1129.000	7.935
1130.000	7.935
1131.000	7.935
1132.000	7.935
1133.000	7.935
1134.000	7.935
1135.000	7.935
1136.000	7.935
1137.000	7.935
1138.000	7.935
1139.000	7.935
1140.000	7.935
1141.000	7.935
1142.000	7.935
1143.000	7.935
1144.000	7.935
1145.000	7.935
1146.000	7.935
1147.000	7.935
1148.000	7.935
1149.000	7.935
1150.000	7.935
1151.000	7.935
1152.000	7.935
1153.000	7.935
1154.000	7.935
1155.000	7.935
1156.000	7.935
1157.000	7.935
1158.000	7.935
1159.000	7.935
1160.000	7.935
1161.000	7.935
1162.000	7.935
1163.000	7.935
1164.000	7.935
1165.000	7.935
1166.000	7.935
1167.000	7.935
1168.000	7.935
1169.000	7.935
1170.000	7.935
1171.000	7.935
1172.000	7.935
1173.000	7.935
1174.000	7.935
1175.000	7.935
1176.000	7.935
1177.000	7.935
1178.000	7.935
1179.000	7.935
1180.000	7.935
1181.000	7.935
1182.000	7.935
1183.000	7.935
1184.000	7.935
1185.000	7.935
1186.000	7.935
1187.000	7.935
1188.000	7.935
1189.000	7.935
1190.000	7.935
1191.000	7.935
1192.000	7.935
1193.000	7.935
1194.000	7.935
1195.000	7.935
1196.000	7.935
1197.000	7.935
1198.000	7.935
1199.000	7.935
1200.000	7.935
1201.000	7.935
1202.000	7.935
1203.000	7.935
1204.000	7.935
1205.000	7.935
1206.000	7.935
1207.000	7.935
1208.000	7.935
1209.000	7.935
1210.000	7.935
1211.000	7.935
1212.000	7.935
1213.000	7.935
1214.000	7.935
1215.000	7.935
1216.000	7.935
1217.000	7.935
1218.000	7.935
1219.000	7.935
1220.000	7.935
1221.000	7.935
1222.000	7.935
1223.000	7.935
1224.000	7.935
1225.000	7.935
1226.000	7.935
1227.000	7.935
1228.000	7.935
1229.000	7.935
1230.000	7.935
1231.000	7.935
1232.000	7.935
1233.000	7.935
1234.000	7.935
1235.000	7.935
1236.000	7.935
1237.000	7.935
1238.000	7.935
1239.000	7.935
1240.000	7.935
1241.000	7.935
1242.000	7.935
1243.000	7.935
1244.000	7.935
1245.000	7.935
1246.000	7.935
1247.000	7.935
1248.000	7.935
1249.000	7.935
1250.000	7.935
1251.000	7.935
1252.000	7.935
1253.000	7.935
1254.000	7.935
1255.000	7.935
1256.000	7.935
1257.000	7.935
1258.000	7.935
1259.000	7.935
1260.000	7.935
1261.000	7.935
1262.000	7.935
1263.000	7.935
1264.000	7.935
1265.000	7.935
1266.000	7.935
1267.000	7.935
1268.000	7.935
1269.000	7.935
1270.000	7.935
1271.000	7.935
1272.000	7.935
1273.000	7.935
1274.000	7.935
1275.000	7.935
1276.000	7.935
1277.000	7.935
1278.000	7.935
1279.000	7.935
1280.000	7.935
1281.000	7.935
1282.000	7.935
1283.000	7.935
1284.000	7.935
1285.000	7.935
1286.000	7.935
1287.000	7.935
1288.000	7.935
1289.000	7.935
1290.000	7.935
1291.000	7.935
1292.000	7.935
1293.000	7.935
1294.000	7.935
1295.000	7.935
1296.000	7.935
1297.000	7.935
1298.000	7.935
1299.000	7.935
1300.000	7.935
1301.000	7.935
1302.000	7.935
1303.000	7.935
1304.000	7.935
1305.000	7.935
1306.000	7.935
1307.000	7.935
1308.000	7.935
1309.000	7.935
1310.000	7.935
1311.000	7.935
1312.000	7.935
1313.000	7.935
1314.000	7.935
1315.000	7.935
1316.000	7.935
1317.000	7.935
1318.000	7.935
1319.000	7.935
1320.000	7.935
1321.000	7.935
1322.000	7.935
1323.000	7.935
1324.000	7.935
1325.000	7.935
1326.000	7.935
1327.000	7.935
1328.000	7.935
1329.000	7.935
1330.000	7.935
1331.000	7.935
1332.000	7.935
1333.000	7.935
1334.000	7.935
1335.000	7.935
1336.000	7.935
1337.000	7.935
1338.000	7.935
1339.000	7.935
1340.000	7.935
1341.000	7.935
1342.000	7.935
1343.000	7.935
1344.000	7.935
1345.000	7.935
1346.000	7.935
1347.000	7.935
1348.000	7.935
1349.000	7.935
1350.000	7.935
1351.000	7.935
1352.000	7.935
1353.000	7.935
1354.000	7.935
1355.000	7.935
1356.000	7.935
1357.000	7.935
1358.000	7.935
1359.000	7.935
1360.000	7.935
1361.000	7.935
1362.000	7.935
1363.000	7.935
1364.000	7.935
1365.000	7.935
1366.000	7.935
1367.000	7.935
1368.000	7.935
1369.000	7.935
1370.000	7.935
1371.000	7.935
1372.000	7.935
1373.000	7.935
1374.000	7.935
1375.000	7.935
1376.000	7.935
1377.000	7.935
1378.000	7.935
1379.000	7.935
1380.000	7.935
1381.000	7.935
1382.000	7.935
1383.000	7.935
1384.000	7.935
1385.000	7.935
1386.000	7.935
1387.000	7.935
1388.000	7.935
1389.000	7.935
1390.000	7.935
1391.000	7.935
1392.000	7.935
1393.000	7.935
1394.000	7.935
1395.000	7.935
1396.000	7.935
1397.000	7.935
1398.000	7.935
1399.000	7.935
1400.000	7.935
1401.000	7.935
1402.000	7.935
1403.000	7.935
1404.000	7.935
1405.000	7.935
1406.000	7.935
1407.000	7.935
1408.000	7.935
1409.000	7.935
1410.000	7.935
1411.000	7.935
1412.000	7.935
1413.000	7.935
1414.000	7.935
1415.000	7.935
1416.000	7.935
1417.000	7.935
1418.000	7.935
1419.000	7.935
1420.000	7.935
1421.000	7.935
1422.000	7.935
1423.000	7.935
1424.000	7.935
1425.000	7.935
1426.000	7.935
1427.000	7.935
1428.000	7.935
1429.000	7.935
1430.000	7.935
1431.000	7.935
1432.000	7.935
1433.000	7.935
1434.000	7.935
1435.000	7.935
1436.000	7.935
1437.000	7.935
1438.000	7.935
1439.000	7.935
1440.000	7.935
1441.000	7.935
1442.000	7.935
1443.000	7.935
1444.000	7.935
1445.000	7.935
1446.000	7.935
1447.000	7.935
1448.000	7.935
1449.000	7.935
1450.000	7.935
1451.000	7.935
1452.000	7.935
1453.000	7.935
1454.000	7.935
1455.000	7.935
1456.000	7.935
1457.000	7.935
1458.000	7.935
1459.000	7.935
1460.000	7.935
1461.000	7.935
1462.000	7.935
1463.000	7.935
1464.000	7.935
1465.000	7.935
1466.000	7.935
1467.000	7.935
1468.000	7.935
1469.000	7.935
1470.000	7.935
1471.000	7.935
1472.000	7.935
1473.000	7.935
1474.000	7.935
1475.000	7.935
1476.000	7.935
1477.000	7.935
1478.000	7.935
1479.000	7.935
1480.000	7.935
1481.000	7.935
1482.000	7.935
1483.000	7.935
1484.000	7.935
1485.000	7.935
1486.000	7.935
1487.000	7.935
1488.000	7.935
1489.000	7.935
1490.000	7.935
1491.000	7.935
1492.000	7.935
1493.000	7.935
1494.000	7.935
1495.000	7.935
1496.000	7.935
1497.000	7.935
1498.000	7.935
1499.000	7.935
1500.000	7.935
1501.000	7.935
1502.000	7.935
1503.000	7.935
1504.000	7.935
1505.000	7.935
1506.000	7.935
1507.000	7.935
1508.000	7.935
1509.000	7.935
1510.000	7.935
1511.000	7.935
1512.000	7.935
1513.000	7.935
1514.000	7.935
1515.000	7.935
1516.000	7.935
1517.000	7.935
1518.000	7.935
1519.000	7.935
1520.000	7.935
1521.000	7.935
1522.000	7.935
1523.000	7.935
1524.000	7.935
1525.000	7.935
1526.000	7.935
1527.000	7.935
1528.000	7.935
1529.000	7.935
1530.000	7.935
1531.000	7.935
1532.000	7.935
1533.000	7.935
1534.000	7.935
1535.000	7.935
1536.000	7.935
1537.000	7.935
1538.000	7.935
1539.000	7.935
1540.000	7.935
1541.000	7.935
1542.000	7.935
1543.000	7.935
1544.000	7.935
1545.000	7.935
1546.000	7.935
1547.000	7.935
1548.000	7.935
1549.000	7.935
1550.000	7.935
1551.000	7.935
1552.000	7.935
1553.000	7.935
1554.000	7.935
1555.000	7.935
1556.000	7.935
1557.000	7.935
1558.000	7.935
1559.000	7.935
1560.000	7.935
1561.000	7.935
1562.000	7.935
1563.000	7.935
1564.000	7.935
1565.000	7.935
1566.000	7.935
1567.000	7.935
1568.000	7.935
1569.000	7.935
1570.000	7.935
1571.000	7.935
1572.000	7.935
1573.000	7.935
1574.000	7.935
1575.000	7.935
1576.000	7.935
1577.000	7.935
1578.000	7.935
1579.000	7.935
1580.000	7.935
1581.000	7.935
1582.000	7.935
1583.000	7.935
1584.000	7.935
1585.000	7.935
1586.000	7.935
1587.000	7.935
1588.000	7.935
1589.000	7.935
1590.000	7.935
1591.000	7.935
1592.000	7.935
1593.000	7.935
1594.000	7.935
1595.000	7.935
1596.000	7.935
1597.000	7.935
1598.000	7.935
1599.000	7.935
1600.000	7.935
1601.000	7.935
1602.000	7.935
1603.000	7.935
1604.000	7.935
1605.000	7.935
1606.000	7.935
1607.000	7.935
1608.000	7.935
1609.000	7.935
1610.000	7.935
1611.000	7.935
1612.000	7.935
1613.000	7.935
1614.000	7.935
1615.000	7.935
1616.000	7.935
1617.000	7.935
1618.000	7.935
1619.000	7.935
1620.000	7.935
1621.000	7.935
1622.000	7.935
1623.000	7.935
1624.000	7.935
1625.000	7.935
1626.000	7.935
1627.000	7.935
1628.000	7.935
1629.000	7.935
1630.000	7.935
1631.000	7.935
1632.000	7.935
1633.000	7.935
1634.000	7.935
1635.000	7.935
1636.000	7.935
1637.000	7.935
1638.000	7.935
1639.000	7.935
1640.000	7.935
1641.000	7.935
1642.000	7.935
1643.000	7.935
1644.000	7.935
1645.000	7.935
1646.000	7.935
1647.000	7.935
1648.000	7.935
1649.000	7.935
1650.000	7.935
1651.000	7.935
1652.000	7.935
1653.000	7.935
1654.000	7.935
1655.000	7.935
1656.000	7.935
1657.000	7.935
1658.000	7.935
1659.000	7.935
1660.000	7.935
1661.000	7.935
1662.000	7.935
1663.000	7.935
1664.000	7.935
1665.000	7.935
1666.000	7.935
1667.000	7.935
1668.000	7.935
1669.000	7.935
1670.000	7.935
1671.000	7.935
1672.000	7.935
1673.000	7.935
1674.000	7.935
1675.000	7.935
1676.000	7.935
1677.000	7.935
1678.000	7.935
1679.000	7.935
1680.000	7.935
1681.000	7.935
1682.000	7.935
1683.000	7.935
1684.000	7.935
1685.000	7.935
1686.000	7.935
1687.000	7.935
1688.000	7.935
1689.000	7.935
1690.000	7.935
1691.000	7.935
1692.000	7.935
1693.000	7.935
1694.000	7.935
1695.000	7.935
1696.000	7.935
1697.000	7.935
1698.000	7.935
1699.000	7.935
1700.000	7.935
1701.000	7.935
1702.000	7.935
1703.000	7.935
1704.000	7.935
1705.000	7.935
1706.000	7.935
1707.000	7.935
1708.000	7.935
1709.000	7.935
1710.000	7.935
1711.000	7.935
1712.000	7.935
1713.000	7.935
1714.000	7.935
1715.000	7.935
1716.000	7.935
1717.000	7.935
1718.000	7.935
1719.000	7.935
1720.000	7.935
1721.000	7.935
1722.000	7.935
1723.000	7.935
1724.000	7.935
1725.000	7.935
1726.000	7.935
1727.000	7.935
1728.000	7.935
1729.000	7.935
1730.000	7.935
1731.000	7.935
1732.000	7.935
1733.000	7.935
1734.000	7.935
1735.000	7.935
1736.000	7.935
1737.000	7.935
1738.000	7.935
1739.000	7.935
1740.000	7.935
1741.000	7.935
1742.000	7.935
1743.000	7.935
1744.000	7.935
1745.000	7.935
1746.000	7.935
1747.000	7.935
1748.000	7.935
1749.000	7.935
1750.000	7.935
1751.000	7.935
1752.000	7.935
1753.000	7.935
1754.000	7.935
1755.000	7.935
1756.000	7.935
1757.000	7.935
1758.000	7.935
1759.000	7.935
1760.000	7.935
1761.000	7.935
1762.000	7.935
1763.000	7.935
1764.000	7.935
1765.000	7.935
1766.000	7.935
1767.000	7.935
1768.000	7.935
1769.000	7.935
1770.000	7.935
1771.000	7.935
1772.000	7.935
1773.000	7.935
1774.000	7.935
1775.000	7.935
1776.000	7.935
1777.000	7.935
1778.000	7.935
1779.000	7.935
1780.000	7.935
1781.000	7.935
1782.000	7.935
1783.000	7.935
1784.000	7.935
1785.000	7.935
1786.000	7.935
1787.000	7.935
1788.000	7.935
1789.000	7.935
1790.000	7.935
1791.000	7.935
1792.000	7.935
1793.000	7.935
1794.000	7.935
1795.000	7.935
1796.000	7.935
1797.000	7.935
1798.000	7.935
1799.000	7.935
1800.000	7.935
1801.000	7.935
1802.000	7.935
1803.000	7.935
1804.000	7.935
1805.000	7.935
1806.000	7.935
1807.000	7.935
1808.000	7.935
1809.000	7.935
1810.000	7.935
1811.000	7.935
1812.000	7.935
1813.000	7.935
1814.000	7.935
1815.000	7.935
1816.000	7.935
1817.000	7.935
1818.000	7.935
1819.000	7.935
1820.000	7.935
1821.000	7.935
1822.000	7.935
1823.000	7.935
1824.000	7.935
1825.000	7.935
1826.000	7.935
1827.000	7.935
1828.000	7.935
1829.000	7.935
1830.000	7.935
1831.000	7.935
1832.000	7.935
1833.000	7.935
1834.000	7.935
1835.000	7.935
1836.000	7.935
1837.000	7.935
1838.000	7.935
1839.000	7.935
1840.000	7.935
1841.000	7.935
1842.000	7.935
1843.000	7.935
1844.000	7.935
1845.000	7.935
1846.000	7.935
1847.000	7.935
1848.000	7.935
1849.000	7.935
1850.000	7.935
1851.000	7.935
1852.000	7.935
1853.000	7.935
1854.000	7.935
1855.000	7.935
1856.000	7.935
1857.000	7.935
1858.000	7.935
1859.000	7.935
1860.000	7.935
1861.000	7.935
1862.000	7.935
1863.000	7.935
1864.000	7.935
1865.000	7.935
1866.000	7.935
1867.000	7.935
1868.000	7.935
1869.000	7.935
1870.000	7.935
1871.000	7.935
1872.000	7.935
1873.000	7.935
1874.000	7.935
1875.000	7.935
1876.000	7.935
1877.000	7.935
1878.000	7.935
1879.000	7.935
1880.000	7.935
1881.000	7.935
1882.000	7.935
1883.000	7.935
1884.000	7.935
1885.000	7.935
1886.000	7.935
1887.000	7.935
1888.000	7.935
1889.000	7.935
1890.000	7.935
1891.000	7.935
1892.000	7.935
1893.000	7.935
1894.000	7.935
1895.000	7.935
1896.000	7.935
1897.000	7.935
1898.000	7.935
1899.000	7.935
1900.000	7.935
1901.000	7.935
1902.000	7.935
1903.000	7.935
1904.000	7.935
1905.000	7.935
1906.000	7.935
1907.000	7.935
1908.000	7.935
1909.000	7.935
1910.000	7.935
1911.000	7.935
1912.000	7.935
1913.000	7.935
1914.000	7.935
1915.000	7.935
1916.000	7.935
1917.000	7.935
1918.000	7.935
1919.000	7.935
1920.000	7.935
1921.000	7.935
1922.000	7.935
1923.000	7.935
1924.000	7.935
1925.000	7.935
1926.000	7.935
1927.000	7.935
1928.000	7.935
1929.000	7.935
1930.000	7.935
1931.000	7.935
1932.000	7.935
1933.000	7.935
1934.000	7.935
1935.000	7.935
1936.000	7.935
1937.000	7.935
1938.000	7.935
1939.000	7.935
1940.000	7.935
1941.000	7.935
1942.000	7.935
1943.000	7.935
1944.000	7.935
1945.000	7.935
1946.000	7.935
1947.000	7.935
1948.000	7.935
1949.000	7.935
1950.000	7.935
1951.000	7.935
1952.000	7.935
1953.000	7.935
1954.000	7.935
1955.000	7.935
1956.000	7.935
1957.000	7.935
1958.000	7.935
1959.000	7.935
1960.000	7.935
1961.000	7.935
1962.000	7.935
1963.000	7.935
1964.000	7.935
1965.000	7.935
1966.000	7.935
1967.000	7.935
1968.000	7.935
1969.000	7.935
1970.000	7.935
1971.000	7.935
1972.000	7.935
1973.000	7.935
1974.000	7.935
1975.000	7.935
1976.000	7.935
1977.000	7.935
1978.000	7.935
1979.000	7.935
1980.000	7.935
1981.000	7.935
1982.000	7.935
1983.000	7.935
1984.000	7.935
1985.000	7.935
1986.000	7.935
1987.000	7.935
1988.000	7.935
1989.000	7.935
1990.000	7.935
1991.000	7.935
1992.000	7.935
1993.000	7.935
1994.000	7.935
1995.000	7.935
1996.000	7.935
1997.000	7.935
1998.000	7.935
1999.000	7.935
2000.000	7.935
2001.000	7.935
2002.000	7.935
2003.000	7.935
2004.000	7.935
2005.000	7.935
2006.000	7.935
2007.000	7.935
2008.000	7.935
2009.000	7.935
2010.000	7.935
2011.000	7.935
2012.000	7.935
2013.000	7.935
2014.000	7.935
2015.000	7.935
2016.000	7.935
2017.000	7.935
2018.000	7.935
2019.000	7.935
2020.000	7.935
2021.000	7.935
2022.000	7.935
2023.000	7.935
2024.000	7.935
2025.000	7.935
2026.000	7.935
2027.000	7.935
2028.000	7.935
2029.000	7.935
2030.000	7.935
2031.000	7.935
2032.000	7.935
2033.000	7.935
2034.000	7.935
2035.000	7.935
2036.000	7.935
2037.000	7.935
2038.000	7.935
2039.000	7.935
2040.000	7.935
2041.000	7.935
2042.000	7.935
2043.000	7.935
2044.000	7.935
2045.000	7.935
2046.000	7.935
2047.000	7.935
2048.000	7.935
2049.000	7.935
2050.000	7.935
2051.000	7.935
2052.000	7.935
2053.000	7.935
2054.000	7.935
2055.000	7.935
2056.000	7.935
2057.000	7.935
2058.000	7.935
2059.000	7.935
2060.000	7.935
2061.000	7.935
2062.000	7.935
2063.000	7.935
2064.000	7.935
2065.000	7.935
2066.000	7.935
2067.000	7.935
2068.000	7.935
2069.000	7.935
2070.000	7.935
2071.000	7.935
2072.000	7.935
2073.000	7.935
2074.000	7.935
2075.000	7.935
2076.000	7.935
2077.000	7.935
2078.000	7.935
2079.000	7.935
2080.000	7.935
2081.000	7.935
2082.000	7.935
2083.000	7.935
2084.000	7.935
2085.000	7.935
2086.000	7.935
2087.000	7.935
2088.000	7.935
2089.000	7.935
2090.000	7.935
2091.000	7.935
2092.000	7.935
2093.000	7.935
2094.000	7.935
2095.000	7.935
2096.000	7.935
2097.000	7.935
2098.000	7.935
2099.000	7.935
2100.000	7.935
2101.000	7.935
2102.000	7.935
2103.000	7.935
2104.000	7.935
2105.000	7.935
2106.000	7.935
2107.000	7.935
2108.000	7.935
2109.000	7.935
2110.000	7.935
2111.000	7.935
2112.000	7.935
2113.000	7.935
2114.000	7.935
2115.000	7.935
2116.000	7.935
2117.000	7.935
2118.000	7.935
2119.000	7.935
2120.000	7.935
2121.000	7.935
2122.000	7.935
2123.000	7.935
2124.000	7.935
2125.000	7.935
2126.000	7.935
2127.000	7.935
2128.000	7.935
2129.000	7.935
2130.000	7.935
2131.000	7.935
2132.000	7.935
2133.000	7.935
2134.000	7.935
2135.000	7.935
2136.000	7.935
2137.000	7.935
2138.000	7.935
2139.000	7.935
2140.000	7.935
2141.000	7.935
2142.000	7.935
2143.000	7.935
2144.000	7.935
2145.000	7.935
2146.000	7.935
2147.000	7.935
2148.000	7.935
2149.000	7.935
2150.000	7.935
2151.000	7.935
2152.000	7.935
2153.000	7.935
2154.000	7.935
2155.000	7.935
2156.000	7.935
2157.000	7.935
2158.000	7.935
2159.000	7.935
2160.000	7.935
2161.000	7.935
2162.000	7.935
2163.000	7.935
2164.000	7.935
2165.000	7.935
2166.000	7.935
2167.000	7.935
2168.000	7.935
2169.000	7.935
2170.000	7.935
2171.000	7.935
2172.000	7.935
2173.000	7.935
2174.000	7.935
2175.000	7.935
2176.000	7.935
2177.000	7.935
2178.000	7.935
2179.000	7.935
2180.000	7.935
2181.000	7.935
2182.000	7.935
2183.000	7.935
2184.000	7.935
2185.000	7.935
2186.000	7.935
2187.000	7.935
2188.000	7.935
2189.000	7.935
2190.000	7.935
2191.000	7.935
2192.000	7.935
2193.000	7.935
2194.000	7.927
2195.000	7.919
2196.000	7.911
2197.000	7.903
2198.000	7.895
2199.000	7.887
2200.000	7.879
2201.000	7.871
2202.000	7.863
2203.000	7.855
2204.000	7.854
2205.000	7.846
2206.000	7.837
2207.000	7.829
2208.000	7.821
2209.000	7.813
2210.000	7.805
2211.000	7.797
2212.000	7.789
2213.000	7.781
2214.000	7.773
2215.000	7.772
2216.000	7.764
2217.000	7.756
2218.000	7.748
2219.000	7.740
2220.000	7.732
2221.000	7.723
2222.000	7.715
2223.000	7.707
2224.000	7.699
2225.000	7.691
2226.000	7.690
2227.000	7.682
2228.000	7.674
2229.000	7.666
2230.000	7.658
2231.000	7.650
2232.000	7.642
2233.000	7.634
2234.000	7.626
2235.000	7.618
2236.000	7.609
2237.000	7.608
2238.000	7.600
2239.000	7.592
2240.000	7.584
2241.000	7.576
2242.000	7.568
2243.000	7.560
2244.000	7.552
2245.000	7.544
2246.000	7.536
2247.000	7.528
2248.000	7.520
2249.000	7.518
2250.000	7.510
2251.000	7.502
2252.000	7.494
2253.000	7.486
2254.000	7.478
2255.000	7.470
2256.000	7.462
2257.000	7.454
2258.000	7.446
2259.000	7.438
2260.000	7.437
2261.000	7.429
2262.000	7.421
2263.000	7.413
2264.000	7.404
2265.000	7.396
2266.000	7.388
2267.000	7.380
2268.000	7.372
2269.000	7.364
2270.000	7.356
2271.000	7.355
2272.000	7.347
2273.000	7.339
2274.000	7.331
2275.000	7.323
2276.000	7.315
2277.000	7.307
2278.000	7.299
2279.000	7.291
2280.000	7.283
2281.000	7.274
2282.000	7.273
2283.000	7.265
2284.000	7.257
2285.000	7.249
2286.000	7.241
2287.000	7.233
2288.000	7.225
2289.000	7.217
2290.000	7.209
2291.000	7.201
2292.000	7.193
2293.000	7.192
2294.000	7.183
2295.000	7.175
2296.000	7.167
2297.000	7.159
2298.000	7.151
2299.000	7.143
2300.000	7.135
2301.000	7.127
2302.000	7.119
2303.000	7.111
2304.000	7.110
2305.000	7.102
2306.000	7.094
2307.000	7.086
2308.000	7.078
2309.000	7.070
2310.000	7.062
2311.000	7.054
2312.000	7.045
2313.000	7.037
2314.000	7.029
2315.000	7.021
2316.000	7.020
2317.000	7.012
2318.000	7.004
2319.000	6.996
2320.000	6.988
2321.000	6.980
2322.000	6.972
2323.000	6.964
2324.000	6.956
2325.000	6.948
2326.000	6.940
2327.000	6.938
2328.000	6.930
2329.000	6.922
2330.000	6.914
2331.000	6.906
2332.000	6.898
2333.000	6.890
2334.000	6.882
2335.000	6.874
2336.000	6.866
2337.000	6.858
2338.000	6.857
2339.000	6.849
2340.000	6.841
2341.000	6.833
2342.000	6.825
2343.000	6.817
2344.000	6.809
2345.000	6.801
2346.000	6.793
2347.000	6.785
2348.000	6.776
2349.000	6.775
2350.000	6.767
2351.000	6.759
2352.000	6.751
2353.000	6.743
2354.000	6.735
2355.000	6.727
2356.000	6.719
2357.000	6.711
2358.000	6.703
2359.000	6.695
2360.000	6.694
2361.000	6.686
2362.000	6.678
2363.000	6.669
2364.000	6.661
2365.000	6.653
2366.000	6.645
2367.000	6.637
2368.000	6.629
2369.000	6.621
2370.000	6.613
2371.000	6.612
2372.000	6.604
2373.000	6.596
2374.000	6.588
2375.000	6.580
2376.000	6.572
2377.000	6.564
2378.000	6.556
2379.000	6.548
2380.000	6.540
2381.000	6.532
2382.000	6.524
2383.000	6.522
2384.000	6.514
2385.000	6.506
2386.000	6.498
2387.000	6.490
2388.000	6.482
2389.000	6.474
2390.000	6.466
2391.000	6.458
2392.000	6.450
2393.000	6.442
2394.000	6.441
2395.000	6.433
2396.000	6.425
2397.000	6.417
2398.000	6.409
2399.000	6.401
2400.000	6.393
2401.000	6.385
2402.000	6.377
2403.000	6.369
2404.000	6.361
2405.000	6.359
2406.000	6.351
2407.000	6.343
2408.000	6.335
2409.000	6.327
2410.000	6.319
2411.000	6.311
2412.000	6.303
2413.000	6.295
2414.000	6.287
2415.000	6.279
2416.000	6.278
2417.000	6.270
2418.000	6.262
2419.000	6.254
2420.000	6.246
2421.000	6.238
2422.000	6.230
2423.000	6.222
2424.000	6.214
2425.000	6.206
2426.000	6.192
2427.000	6.191
2428.000	6.190
2429.000	6.189
2430.000	6.187
2431.000	6.186
2432.000	6.185
2433.000	6.183
2434.000	6.182
2435.000	6.181
2436.000	6.180
2437.000	6.178
2438.000	6.177
2439.000	6.176
2440.000	6.175
2441.000	6.173
2442.000	6.172
2443.000	6.171
2444.000	6.170
2445.000	6.168
2446.000	6.167
2447.000	6.166
2448.000	6.164
2449.000	6.163
2450.000	6.162
2451.000	6.161
2452.000	6.159
2453.000	6.158
2454.000	6.157
2455.000	6.156
2456.000	6.154
2457.000	6.153
2458.000	6.152
2459.000	6.151
2460.000	6.149
2461.000	6.148
2462.000	6.147
2463.000	6.145
2464.000	6.144
2465.000	6.143
2466.000	6.142
2467.000	6.140
2468.000	6.139
2469.000	6.138
2470.000	6.137
2471.000	6.135
2472.000	6.134
2473.000	6.133
2474.000	6.132
2475.000	6.130
2476.000	6.129
2477.000	6.128
2478.000	6.126
2479.000	6.125
2480.000	6.124
2481.000	6.123
2482.000	6.121
2483.000	6.120
2484.000	6.119
2485.000	6.118
2486.000	6.116
2487.000	6.115
2488.000	6.114
2489.000	6.113
2490.000	6.111
2491.000	6.110
2492.000	6.109
2493.000	6.107
2494.000	6.106
2495.000	6.105
2496.000	6.104
2497.000	6.102
2498.000	6.101
2499.000	6.100
2500.000	6.099
2501.000	6.097
2502.000	6.096
2503.000	6.095
2504.000	6.094
2505.000	6.092
2506.000	6.091
2507.000	6.090
2508.000	6.088
2509.000	6.087
2510.000	6.086
2511.000	6.085
2512.000	6.083
2513.000	6.082
2514.000	6.081
2515.000	6.080
2516.000	6.078
2517.000	6.077
2518.000	6.076
2519.000	6.074
2520.000	6.073
2521.000	6.072
2522.000	6.071
2523.000	6.069
2524.000	6.068
2525.000	6.067
2526.000	6.066
2527.000	6.064
2528.000	6.063
2529.000	6.062
2530.000	6.061
2531.000	6.059
2532.000	6.058
2533.000	6.057
2534.000	6.055
2535.000	6.054
2536.000	6.053
2537.000	6.052
2538.000	6.050
2539.000	6.049
2540.000	6.048
2541.000	6.047
2542.000	6.045
2543.000	6.044
2544.000	6.043
2545.000	6.042
2546.000	6.040
2547.000	6.039
2548.000	6.038
2549.000	6.036
2550.000	6.035
2551.000	6.034
2552.000	6.033
2553.000	6.031
2554.000	6.030
2555.000	6.029
2556.000	6.028
2557.000	6.026
2558.000	6.025
2559.000	6.024
2560.000	6.023
2561.000	6.021
2562.000	6.020
2563.000	6.019
2564.000	6.017
2565.000	6.016
2566.000	6.015
2567.000	6.014
2568.000	6.012
2569.000	6.011
2570.000	6.010
2571.000	6.009
2572.000	6.007
2573.000	6.006
2574.000	6.005
2575.000	6.004
2576.000	6.002
2577.000	6.001
2578.000	6.000
2579.000	5.998
2580.000	5.997
2581.000	5.996
2582.000	5.995
2583.000	5.993
2584.000	5.992
2585.000	5.991
2586.000	5.990
2587.000	5.988
2588.000	5.987
2589.000	5.986
2590.000	5.985
2591.000	5.983
2592.000	5.982
2593.000	5.981
2594.000	5.979
2595.000	5.978
2596.000	5.977
2597.000	5.976
2598.000	5.974
2599.000	5.973
2600.000	5.972
2601.000	5.971
2602.000	5.969
2603.000	5.968
2604.000	5.967
2605.000	5.966
2606.000	5.964
2607.000	5.963
2608.000	5.962
2609.000	5.960
2610.000	5.959
2611.000	5.958
2612.000	5.957
2613.000	5.955
2614.000	5.954
2615.000	5.953
2616.000	5.952
2617.000	5.950
2618.000	5.949
2619.000	5.948
2620.000	5.947
2621.000	5.945
2622.000	5.944
2623.000	5.943
2624.000	5.941
2625.000	5.940
2626.000	5.939
2627.000	5.938
2628.000	5.936
2629.000	5.935
2630.000	5.934
2631.000	5.933
2632.000	5.931
2633.000	5.930
2634.000	5.929
2635.000	5.928
2636.000	5.926
2637.000	5.925
2638.000	5.924
2639.000	5.922
2640.000	5.921
2641.000	5.920
2642.000	5.919
2643.000	5.917
2644.000	5.916
2645.000	5.915
2646.000	5.914
2647.000	5.912
2648.000	5.911
2649.000	5.910
2650.000	5.909
2651.000	5.907
2652.000	5.906
2653.000	5.905
2654.000	5.903
2655.000	5.902
2656.000	5.901
2657.000	5.900
2658.000	5.898
2659.000	5.897
2660.000	5.896
2661.000	5.895
2662.000	5.893
2663.000	5.892
2664.000	5.891
2665.000	5.890
2666.000	5.888
2667.000	5.887
2668.000	5.886
2669.000	5.884
2670.000	5.883
2671.000	5.882
2672.000	5.881
2673.000	5.879
2674.000	5.878
2675.000	5.877
2676.000	5.876
2677.000	5.874
2678.000	5.873
2679.000	5.872
2680.000	5.871
2681.000	5.869
2682.000	5.868
2683.000	5.867
2684.000	5.865
2685.000	5.864
2686.000	5.863
2687.000	5.862
2688.000	5.860
2689.000	5.859
2690.000	5.858
2691.000	5.857
2692.000	5.855
2693.000	5.854
2694.000	5.853
2695.000	5.852
2696.000	5.850
2697.000	5.849
2698.000	5.848
2699.000	5.846
2700.000	5.845
2701.000	5.844
2702.000	5.843
2703.000	5.841
2704.000	5.840
2705.000	5.839
2706.000	5.838
2707.000	5.836
2708.000	5.835
2709.000	5.834
2710.000	5.833
2711.000	5.831
2712.000	5.830
2713.000	5.829
2714.000	5.827
2715.000	5.826
2716.000	5.825
2717.000	5.824
2718.000	5.822
2719.000	5.821
2720.000	5.820
2721.000	5.819
2722.000	5.817
2723.000	5.816
2724.000	5.815
2725.000	5.814
2726.000	5.812
2727.000	5.811
2728.000	5.810
2729.000	5.808
2730.000	5.807
2731.000	5.806
2732.000	5.805
2733.000	5.803
2734.000	5.802
2735.000	5.801
2736.000	5.800
2737.000	5.798
2738.000	5.797
2739.000	5.796
2740.000	5.795
2741.000	5.793
2742.000	5.792
2743.000	5.791
2744.000	5.789
2745.000	5.788
2746.000	5.787
2747.000	5.786
2748.000	5.784
2749.000	5.783
2750.000	5.782
2751.000	5.781
2752.000	5.779
2753.000	5.778
2754.000	5.777
2755.000	5.776
2756.000	5.774
2757.000	5.773
2758.000	5.772
2759.000	5.770
2760.000	5.769
2761.000	5.768
2762.000	5.767
2763.000	5.765
2764.000	5.764
2765.000	5.763
2766.000	5.762
2767.000	5.760
2768.000	5.759
2769.000	5.758
2770.000	5.757
2771.000	5.755
2772.000	5.754
2773.000	5.753
2774.000	5.751
2775.000	5.750
2776.000	5.749
2777.000	5.748
2778.000	5.746
2779.000	5.745
2780.000	5.744
2781.000	5.743
2782.000	5.741
2783.000	5.740
2784.000	5.739
2785.000	5.738
2786.000	5.736
2787.000	5.735
2788.000	5.734
2789.000	5.732
2790.000	5.731
2791.000	5.730
2792.000	5.729
2793.000	5.727
2794.000	5.726
2795.000	5.725
2796.000	5.724
2797.000	5.722
2798.000	5.721
2799.000	5.720
2800.000	5.719
2801.000	5.717
2802.000	5.716
2803.000	5.715
2804.000	5.713
2805.000	5.712
2806.000	5.711
2807.000	5.710
2808.000	5.708
2809.000	5.707
2810.000	5.706
2811.000	5.705
2812.000	5.703
2813.000	5.702
2814.000	5.701
2815.000	5.700
2816.000	5.698
2817.000	5.697
2818.000	5.696
2819.000	5.694
2820.000	5.693
2821.000	5.692
2822.000	5.691
2823.000	5.689
2824.000	5.688
2825.000	5.687
2826.000	5.686
2827.000	5.684
2828.000	5.683
2829.000	5.682
2830.000	5.681
2831.000	5.679
2832.000	5.678
2833.000	5.677
2834.000	5.675
2835.000	5.674
2836.000	5.673
2837.000	5.672
2838.000	5.670
2839.000	5.669
2840.000	5.668
2841.000	5.667
2842.000	5.665
2843.000	5.664
2844.000	5.663
2845.000	5.662
2846.000	5.660
2847.000	5.659
2848.000	5.658
2849.000	5.656
2850.000	5.655
2851.000	5.654
2852.000	5.653
2853.000	5.651
2854.000	5.650
2855.000	5.649
2856.000	5.648
2857.000	5.646
2858.000	5.645
2859.000	5.644
2860.000	5.643
2861.000	5.641
2862.000	5.640
2863.000	5.639
2864.000	5.637
2865.000	5.636
2866.000	5.635
2867.000	5.634
2868.000	5.632
2869.000	5.631
2870.000	5.630
2871.000	5.629
2872.000	5.627
2873.000	5.626
2874.000	5.625
2875.000	5.623
2876.000	5.622
2877.000	5.621
2878.000	5.620
2879.000	5.618
2880.000	5.617
2881.000	5.616
2882.000	5.615
2883.000	5.613
2884.000	5.612
2885.000	5.611
2886.000	5.610
2887.000	5.608
2888.000	5.607
2889.000	5.606
2890.000	5.604
2891.000	5.603
2892.000	5.602
2893.000	5.601
2894.000	5.599
2895.000	5.598
2896.000	5.597
2897.000	5.596
2898.000	5.594
2899.000	5.593
2900.000	5.592
2901.000	5.591
2902.000	5.589
2903.000	5.588
2904.000	5.587
2905.000	5.585
2906.000	5.584
2907.000	5.583
2908.000	5.582
2909.000	5.580
2910.000	5.579
2911.000	5.578
2912.000	5.577
2913.000	5.575
2914.000	5.574
2915.000	5.573
2916.000	5.572
2917.000	5.570
2918.000	5.569
2919.000	5.568
2920.000	5.566
2921.000	5.565
2922.000	5.564
2923.000	5.563
2924.000	5.561
2925.000	5.560
2926.000	5.559
2927.000	5.558
2928.000	5.556
2929.000	5.555
2930.000	5.554
2931.000	5.553
2932.000	5.551
2933.000	5.550
2934.000	5.549
2935.000	5.547
2936.000	5.546
2937.000	5.545
2938.000	5.544
2939.000	5.542
2940.000	5.541
2941.000	5.540
2942.000	5.539
2943.000	5.537
2944.000	5.536
2945.000	5.535
2946.000	5.534
2947.000	5.532
2948.000	5.531
2949.000	5.530
2950.000	5.528
2951.000	5.527
2952.000	5.526
2953.000	5.525
2954.000	5.523
2955.000	5.522
2956.000	5.521
2957.000	5.520
2958.000	5.518
2959.000	5.517
2960.000	5.516
2961.000	5.515
2962.000	5.513
2963.000	5.512
2964.000	5.511
2965.000	5.509
2966.000	5.508
2967.000	5.507
2968.000	5.506
2969.000	5.504
2970.000	5.503
2971.000	5.502
2972.000	5.501
2973.000	5.499
2974.000	5.498
2975.000	5.497
2976.000	5.496
2977.000	5.494
2978.000	5.493
2979.000	5.492
2980.000	5.490
2981.000	5.489
2982.000	5.488
2983.000	5.487
2984.000	5.485
2985.000	5.484
2986.000	5.483
2987.000	5.482
2988.000	5.480
2989.000	5.479
2990.000	5.478
2991.000	5.477
2992.000	5.475
2993.000	5.474
2994.000	5.473
2995.000	5.471
2996.000	5.470
2997.000	5.469
2998.000	5.468
2999.000	5.466
3000.000	5.465
3001.000	5.464
3002.000	5.463
3003.000	5.461
3004.000	5.460
3005.000	5.459
3006.000	5.458
3007.000	5.456
3008.000	5.455
3009.000	5.454
3010.000	5.452
3011.000	5.451
3012.000	5.450
3013.000	5.449
3014.000	5.447
3015.000	5.446
3016.000	5.445
3017.000	5.444
3018.000	5.442
3019.000	5.441
3020.000	5.440
3021.000	5.439
3022.000	5.437
3023.000	5.436
3024.000	5.435
3025.000	5.433
3026.000	5.432
3027.000	5.431
3028.000	5.430
3029.000	5.428
3030.000	5.427
3031.000	5.426
3032.000	5.425
3033.000	5.423
3034.000	5.422
3035.000	5.421
3036.000	5.420
3037.000	5.418
3038.000	5.417
3039.000	5.416
3040.000	5.414
3041.000	5.413
3042.000	5.412
3043.000	5.411
3044.000	5.409
3045.000	5.408
3046.000	5.407
3047.000	5.406
3048.000	5.404
3049.000	5.403
3050.000	5.402
3051.000	5.401
3052.000	5.399
3053.000	5.398
3054.000	5.397
3055.000	5.395
3056.000	5.394
3057.000	5.393
3058.000	5.392
3059.000	5.390
3060.000	5.389
3061.000	5.388
3062.000	5.387
3063.000	5.385
3064.000	5.384
3065.000	5.383
3066.000	5.382
3067.000	5.380
3068.000	5.379
3069.000	5.378
3070.000	5.376
3071.000	5.375
3072.000	5.374
3073.000	5.373
3074.000	5.371
3075.000	5.370
3076.000	5.369
3077.000	5.368
3078.000	5.366
3079.000	5.365
3080.000	5.364
3081.000	5.363
3082.000	5.361
3083.000	5.360
3084.000	5.359
3085.000	5.357
3086.000	5.356
3087.000	5.355
3088.000	5.354
3089.000	5.352
3090.000	5.351
3091.000	5.350
3092.000	5.349
3093.000	5.347
3094.000	5.346
3095.000	5.345
3096.000	5.344
3097.000	5.342
3098.000	5.341
3099.000	5.340
3100.000	5.338
3101.000	5.337
3102.000	5.336
3103.000	5.335
3104.000	5.333
3105.000	5.332
3106.000	5.331
3107.000	5.330
3108.000	5.328
3109.000	5.327
3110.000	5.326
3111.000	5.325
3112.000	5.323
3113.000	5.322
3114.000	5.321
3115.000	5.319
3116.000	5.318
3117.000	5.317
3118.000	5.316
3119.000	5.314
3120.000	5.313
3121.000	5.312
3122.000	5.311
3123.000	5.309
3124.000	5.308
3125.000	5.307
3126.000	5.306
3127.000	5.304
3128.000	5.303
3129.000	5.302
3130.000	5.300
3131.000	5.299
3132.000	5.298
3133.000	5.297
3134.000	5.295
3135.000	5.294
3136.000	5.293
3137.000	5.292
3138.000	5.290
3139.000	5.289
3140.000	5.288
3141.000	5.287
3142.000	5.285
3143.000	5.284
3144.000	5.283
3145.000	5.281
3146.000	5.280
3147.000	5.279
3148.000	5.278
3149.000	5.276
3150.000	5.275
3151.000	5.274
3152.000	5.273
3153.000	5.271
3154.000	5.270
3155.000	5.269
3156.000	5.268
3157.000	5.266
3158.000	5.265
3159.000	5.264
3160.000	5.262
3161.000	5.261
3162.000	5.260
3163.000	5.259
3164.000	5.257
3165.000	5.256
3166.000	5.255
3167.000	5.254
3168.000	5.252
3169.000	5.251
3170.000	5.250
3171.000	5.249
3172.000	5.247
3173.000	5.246
3174.000	5.245
3175.000	5.243
3176.000	5.242
3177.000	5.241
3178.000	5.240
3179.000	5.238
3180.000	5.237
3181.000	5.236
3182.000	5.235
3183.000	5.233
3184.000	5.232
3185.000	5.231
3186.000	5.230
3187.000	5.228
3188.000	5.227
3189.000	5.226
3190.000	5.224
3191.000	5.223
3192.000	5.222
3193.000	5.221
3194.000	5.219
3195.000	5.218
3196.000	5.217
3197.000	5.216
3198.000	5.214
3199.000	5.213
3200.000	5.212
3201.000	5.211
3202.000	5.209
3203.000	5.208
3204.000	5.207
3205.000	5.205
3206.000	5.204
3207.000	5.203
3208.000	5.202
3209.000	5.200
3210.000	5.199
3211.000	5.198
3212.000	5.197
3213.000	5.195
3214.000	5.194
3215.000	5.193
3216.000	5.192
3217.000	5.190
3218.000	5.189
3219.000	5.188
3220.000	5.186
3221.000	5.185
3222.000	5.184
3223.000	5.183
3224.000	5.181
3225.000	5.180
3226.000	5.179
3227.000	5.178
3228.000	5.176
3229.000	5.175
3230.000	5.174
3231.000	5.173
3232.000	5.171
3233.000	5.170
3234.000	5.169
3235.000	5.167
3236.000	5.166
3237.000	5.165
3238.000	5.164
3239.000	5.162
3240.000	5.161
3241.000	5.160
3242.000	5.159
3243.000	5.157
3244.000	5.156
3245.000	5.155
3246.000	5.153
3247.000	5.152
3248.000	5.151
3249.000	5.150
3250.000	5.148
3251.000	5.147
3252.000	5.146
3253.000	5.145
3254.000	5.143
3255.000	5.142
3256.000	5.141
3257.000	5.140
3258.000	5.138
3259.000	5.137
3260.000	5.136
3261.000	5.134
3262.000	5.133
3263.000	5.132
3264.000	5.131
3265.000	5.129
3266.000	5.128
3267.000	5.127
3268.000	5.126
3269.000	5.124
3270.000	5.123
3271.000	5.122
3272.000	5.121
3273.000	5.119
3274.000	5.118
3275.000	5.117
3276.000	5.115
3277.000	5.114
3278.000	5.113
3279.000	5.112
3280.000	5.110
3281.000	5.109
3282.000	5.108
3283.000	5.107
3284.000	5.105
3285.000	5.104
3286.000	5.103
3287.000	5.102
3288.000	5.100
3289.000	5.099
3290.000	5.098
3291.000	5.096
3292.000	5.095
3293.000	5.094
3294.000	5.093
3295.000	5.091
3296.000	5.090
3297.000	5.089
3298.000	5.088
3299.000	5.086
3300.000	5.085
3301.000	5.084
3302.000	5.083
3303.000	5.081
3304.000	5.080
3305.000	5.079
3306.000	5.077
3307.000	5.076
3308.000	5.075
3309.000	5.074
3310.000	5.072
3311.000	5.071
3312.000	5.070
3313.000	5.069
3314.000	5.067
3315.000	5.066
3316.000	5.065
3317.000	5.064
3318.000	5.062
3319.000	5.061
3320.000	5.060
3321.000	5.058
3322.000	5.057
3323.000	5.056
3324.000	5.055
3325.000	5.053
3326.000	5.052
3327.000	5.051
3328.000	5.050
3329.000	5.048
3330.000	5.047
3331.000	5.046
3332.000	5.045
3333.000	5.043
3334.000	5.042
3335.000	5.041
3336.000	5.039
3337.000	5.038
3338.000	5.037
3339.000	5.036
3340.000	5.034
3341.000	5.033
3342.000	5.032
3343.000	5.031
3344.000	5.029
3345.000	5.028
3346.000	5.027
3347.000	5.026
3348.000	5.024
3349.000	5.023
3350.000	5.022
3351.000	5.020
3352.000	5.019
3353.000	5.018
3354.000	5.017
3355.000	5.015
3356.000	5.014
3357.000	5.013
3358.000	5.012
3359.000	5.010
3360.000	5.009
3361.000	5.008
3362.000	5.007
3363.000	5.005
3364.000	5.004
3365.000	5.003
3366.000	5.001
3367.000	5.000
3368.000	4.999
3369.000	4.998
3370.000	4.996
3371.000	4.995
3372.000	4.994
3373.000	4.993
3374.000	4.991
3375.000	4.990
3376.000	4.989
3377.000	4.988
3378.000	4.986
3379.000	4.985
3380.000	4.984
3381.000	4.982
3382.000	4.981
3383.000	4.980
3384.000	4.979
3385.000	4.977
3386.000	4.976
3387.000	4.975
3388.000	4.974
3389.000	4.972
3390.000	4.971
3391.000	4.970
3392.000	4.969
3393.000	4.967
3394.000	4.966
3395.000	4.965
3396.000	4.963
3397.000	4.962
3398.000	4.961
3399.000	4.960
3400.000	4.958
3401.000	4.957
3402.000	4.956
3403.000	4.955
3404.000	4.953
3405.000	4.952
3406.000	4.951
3407.000	4.950
3408.000	4.948
3409.000	4.947
3410.000	4.946
3411.000	4.944
3412.000	4.943
3413.000	4.942
3414.000	4.941
3415.000	4.939
3416.000	4.938
3417.000	4.937
3418.000	4.936
3419.000	4.934
3420.000	4.933
3421.000	4.932
3422.000	4.931
3423.000	4.929
3424.000	4.928
3425.000	4.927
3426.000	4.925
3427.000	4.924
3428.000	4.923
3429.000	4.922
3430.000	4.920
3431.000	4.919
3432.000	4.918
3433.000	4.917
3434.000	4.915
3435.000	4.914
3436.000	4.913
3437.000	4.912
3438.000	4.910
3439.000	4.909
3440.000	4.908
3441.000	4.906
3442.000	4.905
3443.000	4.904
3444.000	4.903
3445.000	4.901
3446.000	4.900
3447.000	4.899
3448.000	4.898
3449.000	4.896
3450.000	4.895
3451.000	4.894
3452.000	4.893
3453.000	4.891
3454.000	4.890
3455.000	4.889
3456.000	4.887
3457.000	4.886
3458.000	4.885
3459.000	4.884
3460.000	4.882
3461.000	4.881
3462.000	4.880
3463.000	4.879
3464.000	4.877
3465.000	4.876
3466.000	4.875
3467.000	4.874
3468.000	4.872
3469.000	4.871
3470.000	4.870
3471.000	4.868
3472.000	4.867
3473.000	4.866
3474.000	4.865
3475.000	4.863
3476.000	4.862
3477.000	4.861
3478.000	4.860
3479.000	4.858
3480.000	4.857
3481.000	4.856
3482.000	4.855
3483.000	4.853
3484.000	4.852
3485.000	4.851
3486.000	4.849
3487.000	4.848
3488.000	4.847
3489.000	4.846
3490.000	4.844
3491.000	4.843
3492.000	4.842
3493.000	4.841
3494.000	4.839
3495.000	4.838
3496.000	4.837
3497.000	4.836
3498.000	4.834
3499.000	4.833
3500.000	4.832
3501.000	4.830
3502.000	4.829
3503.000	4.828
3504.000	4.827
3505.000	4.825
3506.000	4.824
3507.000	4.823
3508.000	4.822
3509.000	4.820
3510.000	4.819
3511.000	4.818
3512.000	4.817
3513.000	4.815
3514.000	4.814
3515.000	4.813
3516.000	4.811
3517.000	4.810
3518.000	4.809
3519.000	4.808
3520.000	4.806
3521.000	4.805
3522.000	4.804
3523.000	4.803
3524.000	4.801
3525.000	4.800
3526.000	4.799
3527.000	4.798
3528.000	4.796
3529.000	4.795
3530.000	4.794
3531.000	4.792
3532.000	4.791
3533.000	4.790
3534.000	4.789
3535.000	4.787
3536.000	4.786
3537.000	4.785
3538.000	4.784
3539.000	4.782
3540.000	4.781
3541.000	4.780
3542.000	4.779
3543.000	4.777
3544.000	4.776
3545.000	4.775
3546.000	4.773
3547.000	4.772
3548.000	4.771
3549.000	4.770
3550.000	4.768
3551.000	4.767
3552.000	4.766
3553.000	4.765
3554.000	4.763
3555.000	4.762
3556.000	4.761
3557.000	4.760
3558.000	4.758
3559.000	4.757
3560.000	4.756
3561.000	4.754
3562.000	4.753
3563.000	4.752
3564.000	4.751
3565.000	4.749
3566.000	4.748
3567.000	4.747
3568.000	4.746
3569.000	4.744
3570.000	4.743
3571.000	4.742
3572.000	4.741
3573.000	4.739
3574.000	4.738
3575.000	4.737
3576.000	4.735
3577.000	4.734
3578.000	4.733
3579.000	4.732
3580.000	4.730
3581.000	4.729
3582.000	4.728
3583.000	4.727
3584.000	4.725
3585.000	4.724
3586.000	4.723
3587.000	4.722
3588.000	4.720
3589.000	4.719
3590.000	4.718
3591.000	4.716
3592.000	4.715
3593.000	4.714
3594.000	4.713
3595.000	4.711
3596.000	4.710
3597.000	4.709
3598.000	4.708
3599.000	4.706
3600.000	4.705
3601.000	4.704
3602.000	4.702
3603.000	4.701
3604.000	4.700
3605.000	4.699
3606.000	4.697
3607.000	4.696
3608.000	4.695
3609.000	4.694
3610.000	4.692
3611.000	4.691
3612.000	4.690
3613.000	4.689
3614.000	4.687
3615.000	4.686
3616.000	4.685
3617.000	4.683
3618.000	4.682
3619.000	4.681
3620.000	4.680
3621.000	4.678
3622.000	4.677
3623.000	4.676
3624.000	4.675
3625.000	4.673
3626.000	4.672
3627.000	4.671
3628.000	4.670
3629.000	4.668
3630.000	4.667
3631.000	4.666
3632.000	4.664
3633.000	4.663
3634.000	4.662
3635.000	4.661
3636.000	4.659
3637.000	4.658
3638.000	4.657
3639.000	4.656
3640.000	4.654
3641.000	4.653
3642.000	4.652
3643.000	4.651
3644.000	4.649
3645.000	4.648
3646.000	4.647
3647.000	4.645
3648.000	4.644
3649.000	4.643
3650.000	4.642
3651.000	4.640
3652.000	4.639
3653.000	4.638
3654.000	4.637
3655.000	4.635
3656.000	4.634
3657.000	4.633
3658.000	4.632
3659.000	4.630
3660.000	4.629
3661.000	4.628
3662.000	4.626
3663.000	4.625
3664.000	4.624
3665.000	4.623
3666.000	4.621
3667.000	4.620
3668.000	4.619
3669.000	4.618
3670.000	4.616
3671.000	4.615
3672.000	4.614
3673.000	4.613
3674.000	4.611
3675.000	4.610
3676.000	4.609
3677.000	4.607
3678.000	4.606
3679.000	4.605
3680.000	4.604
3681.000	4.602
3682.000	4.601
3683.000	4.600
3684.000	4.599
3685.000	4.597
3686.000	4.596
3687.000	4.595
3688.000	4.594
3689.000	4.592
3690.000	4.591
3691.000	4.590
3692.000	4.588
3693.000	4.587
3694.000	4.586
3695.000	4.585
3696.000	4.583
3697.000	4.582
3698.000	4.581
3699.000	4.580
3700.000	4.578
3701.000	4.577
3702.000	4.576
3703.000	4.575
3704.000	4.573
3705.000	4.572
3706.000	4.571
3707.000	4.569
3708.000	4.568
3709.000	4.567
3710.000	4.566
3711.000	4.564
3712.000	4.563
3713.000	4.562
3714.000	4.561
3715.000	4.559
3716.000	4.558
3717.000	4.557
3718.000	4.555
3719.000	4.554
3720.000	4.553
3721.000	4.552
3722.000	4.550
3723.000	4.549
3724.000	4.548
3725.000	4.547
3726.000	4.545
3727.000	4.544
3728.000	4.543
3729.000	4.541
3730.000	4.540
3731.000	4.539
3732.000	4.538
3733.000	4.536
3734.000	4.535
3735.000	4.534
3736.000	4.533
3737.000	4.531
3738.000	4.530
3739.000	4.529
3740.000	4.527
3741.000	4.526
3742.000	4.525
3743.000	4.523
3744.000	4.522
3745.000	4.521
3746.000	4.520
3747.000	4.518
3748.000	4.517
3749.000	4.516
3750.000	4.515
3751.000	4.513
3752.000	4.512
3753.000	4.511
3754.000	4.509
3755.000	4.508
3756.000	4.507
3757.000	4.506
3758.000	4.504
3759.000	4.503
3760.000	4.502
3761.000	4.501
3762.000	4.499
3763.000	4.498
3764.000	4.497
3765.000	4.496
3766.000	4.494
3767.000	4.493
3768.000	4.492
3769.000	4.490
3770.000	4.489
3771.000	4.488
3772.000	4.487
3773.000	4.485
3774.000	4.484
3775.000	4.483
3776.000	4.482
3777.000	4.480
3778.000	4.479
3779.000	4.478
3780.000	4.477
3781.000	4.475
3782.000	4.474
3783.000	4.473
3784.000	4.471
3785.000	4.470
3786.000	4.469
3787.000	4.468
3788.000	4.466
3789.000	4.465
3790.000	4.464
3791.000	4.463
3792.000	4.461
3793.000	4.460
3794.000	4.459
3795.000	4.458
3796.000	4.456
3797.000	4.455
3798.000	4.454
3799.000	4.452
3800.000	4.451
3801.000	4.450
3802.000	4.449
3803.000	4.447
3804.000	4.446
3805.000	4.445
3806.000	4.444
3807.000	4.442
3808.000	4.441
3809.000	4.440
3810.000	4.439
3811.000	4.437
3812.000	4.436
3813.000	4.435
3814.000	4.433
3815.000	4.432
3816.000	4.431
3817.000	4.430
3818.000	4.428
3819.000	4.427
3820.000	4.426
3821.000	4.425
3822.000	4.423
3823.000	4.422
3824.000	4.421
3825.000	4.420
3826.000	4.418
3827.000	4.417
3828.000	4.416
3829.000	4.414
3830.000	4.413
3831.000	4.412
3832.000	4.411
3833.000	4.409
3834.000	4.408
3835.000	4.407
3836.000	4.406
3837.000	4.404
3838.000	4.403
3839.000	4.402
3840.000	4.401
3841.000	4.399
3842.000	4.398
3843.000	4.397
3844.000	4.395
3845.000	4.394
3846.000	4.393
3847.000	4.392
3848.000	4.390
3849.000	4.389
3850.000	4.388
3851.000	4.387
3852.000	4.385
3853.000	4.384
3854.000	4.383
3855.000	4.382
3856.000	4.380
3857.000	4.379
3858.000	4.378
3859.000	4.376
3860.000	4.375
3861.000	4.374
3862.000	4.373
3863.000	4.371
3864.000	4.370
3865.000	4.369
3866.000	4.368
3867.000	4.366
3868.000	4.365
3869.000	4.364
3870.000	4.363
3871.000	4.361
3872.000	4.360
3873.000	4.359
3874.000	4.357
3875.000	4.356
3876.000	4.355
3877.000	4.354
3878.000	4.352
3879.000	4.351
3880.000	4.350
3881.000	4.349
3882.000	4.347
3883.000	4.346
3884.000	4.345
3885.000	4.344
3886.000	4.342
3887.000	4.341
3888.000	4.340
3889.000	4.338
3890.000	4.337
3891.000	4.336
3892.000	4.335
3893.000	4.333
3894.000	4.332
3895.000	4.331
3896.000	4.330
3897.000	4.328
3898.000	4.327
3899.000	4.326
3900.000	4.325
3901.000	4.323
3902.000	4.322
3903.000	4.321
3904.000	4.319
3905.000	4.318
3906.000	4.317
3907.000	4.316
3908.000	4.314
3909.000	4.313
3910.000	4.312
3911.000	4.311
3912.000	4.309
3913.000	4.308
3914.000	4.307
3915.000	4.306
3916.000	4.304
3917.000	4.303
3918.000	4.302
3919.000	4.300
3920.000	4.299
3921.000	4.298
3922.000	4.297
3923.000	4.295
3924.000	4.294
3925.000	4.293
3926.000	4.292
3927.000	4.290
3928.000	4.289
3929.000	4.288
3930.000	4.287
3931.000	4.285
3932.000	4.284
3933.000	4.283
3934.000	4.281
3935.000	4.280
3936.000	4.279
3937.000	4.278
3938.000	4.276
3939.000	4.275
3940.000	4.274
3941.000	4.273
3942.000	4.271
3943.000	4.270
3944.000	4.269
3945.000	4.268
3946.000	4.266
3947.000	4.265
3948.000	4.264
3949.000	4.262
3950.000	4.261
3951.000	4.260
3952.000	4.259
3953.000	4.257
3954.000	4.256
3955.000	4.255
3956.000	4.254
3957.000	4.252
3958.000	4.251
3959.000	4.250
3960.000	4.249
3961.000	4.247
3962.000	4.246
3963.000	4.245
3964.000	4.243
3965.000	4.242
3966.000	4.241
3967.000	4.240
3968.000	4.238
3969.000	4.237
3970.000	4.236
3971.000	4.235
3972.000	4.233
3973.000	4.232
3974.000	4.231
3975.000	4.230
3976.000	4.228
3977.000	4.227
3978.000	4.226
3979.000	4.224
3980.000	4.223
3981.000	4.222
3982.000	4.221
3983.000	4.219
3984.000	4.218
3985.000	4.217
3986.000	4.216
3987.000	4.214
3988.000	4.213
3989.000	4.212
3990.000	4.211
3991.000	4.209
3992.000	4.208
3993.000	4.207
3994.000	4.205
3995.000	4.204
3996.000	4.203
3997.000	4.202
3998.000	4.200
3999.000	4.199
4000.000	4.198
4001.000	4.197
4002.000	4.195
4003.000	4.194
4004.000	4.193
4005.000	4.192
4006.000	4.190
4007.000	4.189
4008.000	4.188
4009.000	4.186
4010.000	4.185
4011.000	4.184
4012.000	4.183
4013.000	4.181
4014.000	4.180
4015.000	4.179
4016.000	4.178
4017.000	4.176
4018.000	4.175
4019.000	4.174
4020.000	4.173
4021.000	4.171
4022.000	4.170
4023.000	4.169
4024.000	4.167
4025.000	4.166
4026.000	4.165
4027.000	4.164
4028.000	4.162
4029.000	4.161
4030.000	4.160
4031.000	4.159
4032.000	4.157
4033.000	4.156
4034.000	4.155
4035.000	4.153
4036.000	4.152
4037.000	4.151
4038.000	4.150
4039.000	4.148
4040.000	4.147
4041.000	4.146
4042.000	4.144
4043.000	4.143
4044.000	4.141
4045.000	4.140
4046.000	4.139
4047.000	4.138
4048.000	4.136
4049.000	4.135
4050.000	4.134
4051.000	4.129
4052.000	4.128
4053.000	4.126
4054.000	4.125
4055.000	4.124
4056.000	4.123
4057.000	4.121
4058.000	4.120
4059.000	4.119
4060.000	4.117
4061.000	4.116
4062.000	4.115
4063.000	4.114
4064.000	4.112
4065.000	4.111
4066.000	4.109
4067.000	4.108
4068.000	4.107
4069.000	4.105
4070.000	4.104
4071.000	4.103
4072.000	4.102
4073.000	4.100
4074.000	4.099
4075.000	4.098
4076.000	4.097
4077.000	4.095
4078.000	4.094
4079.000	4.093
4080.000	4.092
4081.000	4.090
4082.000	4.089
4083.000	4.088
4084.000	4.070
4085.000	4.068
4086.000	4.067
4087.000	4.066
4088.000	4.064
4089.000	4.063
4090.000	4.061
4091.000	4.060
4092.000	4.059
4093.000	4.057
4094.000	4.056
4095.000	0.000
